0	2
1	2
2	2
3	2
4	2
5	2
6	2
7	3
8	3
9	3
10	3
11	3
12	3
13	3
14	3
15	3
16	3
17	3
18	3
19	3
20	3
21	8
22	8
23	8
24	8
25	8
26	8
27	8
28	8
29	5
30	3
31	5
32	5
33	3
34	5
35	5
36	3
37	5
38	5
39	3
40	5
41	3
42	5
43	3
44	3
45	5
46	5
47	3
48	5
49	5
50	5
51	5
52	5
53	4
54	4
55	4
56	4
57	4
58	5
59	5
60	5
61	5
62	5
63	5
64	5
65	4
66	4
67	4
68	4
69	4
70	4
71	8
72	8
73	8
74	8
75	5
76	5
77	5
78	5
79	5
80	5
81	5
82	5
83	10
84	10
85	10
86	10
87	10
88	10
89	10
90	10
91	10
92	10
93	10
94	10
95	10
96	3
97	3
98	3
99	3
100	3
101	3
102	3
103	3
104	3
105	3
106	3
107	3
108	3
109	3
110	3
111	3
112	3
113	3
114	3
115	3
116	3
117	3
118	3
119	3
120	3
121	3
122	3
123	3
124	3
125	3
126	3
127	3
128	3
129	1
130	1
131	1
132	1
133	10
134	1
135	1
136	1
137	1
138	1
139	1
140	1
141	10
142	10
143	1
144	1
145	1
146	1
147	10
148	1
149	1
150	10
151	1
152	1
153	1
154	1
155	1
156	1
157	10
158	10
159	10
160	10
161	10
162	10
163	10
164	1
165	10
166	1
167	1
168	1
169	1
170	1
171	1
172	1
173	1
174	1
175	1
176	1
177	1
178	1
179	1
180	1
181	1
182	1
183	5
184	5
185	5
186	5
187	5
188	5
189	5
190	5
191	5
192	5
193	5
194	5
195	5
196	5
197	5
198	5
199	5
200	5
201	5
202	5
203	5
204	5
205	5
206	5
207	5
208	8
209	8
210	8
211	8
212	8
213	8
214	8
215	8
216	8
217	8
218	8
219	8
220	8
221	8
222	8
223	8
224	8
225	8
226	8
227	8
228	8
229	8
230	8
231	8
232	8
233	8
234	8
235	8
236	8
237	8
238	8
239	8
240	8
241	8
242	8
243	8
244	8
245	8
246	8
247	8
248	5
249	5
250	5
251	5
252	5
253	5
254	5
255	5
256	5
257	5
258	5
259	5
260	5
261	11
262	11
263	11
264	11
265	11
266	11
267	11
268	11
269	11
270	11
271	11
272	11
273	11
274	11
275	11
276	11
277	11
278	11
279	11
280	11
281	11
282	11
283	11
284	11
285	11
286	11
287	11
288	11
289	11
290	11
291	11
292	11
293	11
294	11
295	11
296	11
297	11
298	11
299	11
300	11
301	11
302	5
303	5
304	5
305	5
306	13
307	13
308	13
309	13
310	13
311	13
312	13
313	13
314	13
316	3
317	3
318	3
319	3
320	3
321	3
322	3
323	3
324	3
325	3
326	3
327	3
328	3
329	3
330	3
331	13
332	13
333	13
334	13
335	13
336	13
337	3
338	3
339	3
340	13
341	13
342	13
343	13
344	13
345	13
346	13
347	13
348	13
349	13
350	13
351	13
352	13
353	13
354	13
355	13
356	10
357	10
358	10
359	10
360	10
361	10
362	10
363	10
364	10
365	10
366	10
367	10
368	10
369	13
370	13
371	13
372	13
373	13
374	13
375	13
376	13
377	13
378	13
379	13
380	13
381	13
382	13
383	13
384	13
385	13
386	13
387	13
388	13
389	3
390	3
391	3
392	3
393	3
394	13
395	13
396	13
397	13
398	3
399	3
400	3
401	3
402	3
403	8
404	8
405	8
406	8
407	8
408	8
409	2
410	2
411	2
412	2
413	2
414	2
415	2
416	2
417	2
418	2
419	2
420	2
421	2
422	2
423	2
424	2
425	1
426	1
427	1
428	1
429	1
430	1
431	1
432	1
433	2
434	2
435	2
436	2
437	2
438	2
439	2
440	2
441	2
442	2
443	2
444	2
445	2
446	1
447	1
448	1
449	1
450	1
451	2
452	2
453	2
454	1
455	1
456	1
457	2
458	2
459	2
460	2
461	2
462	2
463	1
464	1
465	1
466	1
467	1
468	1
469	1
470	1
471	1
472	1
473	2
474	2
475	11
476	11
477	1
478	1
479	1
480	1
481	1
482	1
483	1
484	8
485	8
486	1
487	1
488	1
489	11
490	11
491	11
492	11
493	11
494	11
495	1
496	1
497	1
498	8
499	1
500	1
501	1
502	8
503	1
504	1
505	1
506	8
507	8
508	8
509	8
510	8
511	8
512	8
513	8
514	8
515	8
516	8
517	8
518	8
519	8
520	8
521	8
522	7
523	7
524	7
525	7
526	2
527	2
528	7
529	7
530	7
531	7
532	7
533	7
534	7
535	7
536	7
537	7
538	2
539	2
540	2
541	2
542	2
543	2
544	2
545	2
546	2
547	2
548	2
549	2
550	2
551	2
552	2
553	2
554	2
555	2
556	2
557	2
558	2
559	8
560	8
561	8
562	8
563	8
564	8
565	2
566	2
567	2
568	2
569	2
570	7
571	7
572	7
573	7
574	7
575	7
576	7
577	7
578	7
579	7
580	7
581	2
582	2
583	2
584	2
585	2
586	2
587	11
588	8
589	8
590	8
591	8
592	8
593	8
594	8
595	8
596	11
597	8
598	11
599	8
600	8
601	8
602	8
603	5
604	5
605	5
606	5
607	5
608	5
609	5
610	5
611	5
612	5
613	5
614	5
615	5
616	5
617	8
618	8
619	8
620	11
621	11
622	11
623	11
624	11
625	11
626	11
627	11
628	8
629	8
630	8
631	8
632	8
633	8
634	11
635	8
636	8
637	8
638	11
639	2
640	2
641	2
642	2
643	2
644	2
645	2
646	2
647	2
648	2
649	2
650	2
651	2
652	2
653	2
654	2
655	2
656	2
657	11
658	1
659	11
660	11
661	2
662	2
663	2
664	2
665	2
666	2
667	2
668	2
669	2
670	8
671	8
672	1
673	1
674	8
675	8
676	1
677	1
678	1
679	1
680	2
681	2
682	2
683	2
684	2
685	2
686	2
687	2
688	2
689	2
690	2
691	2
692	2
693	2
694	2
695	2
696	2
697	8
698	1
699	1
700	8
701	8
702	1
703	8
704	1
705	1
706	1
707	8
708	8
709	1
710	8
711	8
712	8
713	8
714	2
715	2
716	11
717	11
718	8
719	8
720	1
721	11
722	11
723	11
724	11
725	11
726	11
727	11
728	11
729	11
730	11
731	11
732	3
733	3
734	3
735	3
736	3
737	1
738	1
739	1
740	1
741	1
742	1
743	11
744	11
745	3
746	3
747	3
748	3
749	3
750	3
751	3
752	3
753	3
754	3
755	3
756	3
757	3
758	3
759	3
760	3
761	3
762	3
763	3
764	3
765	3
766	11
767	1
768	1
769	1
770	3
771	3
772	1
773	1
774	1
775	1
776	11
777	11
778	1
779	11
780	11
781	11
782	11
783	1
784	1
785	8
786	11
787	11
788	11
789	11
790	11
791	8
792	8
793	8
794	8
795	8
796	8
797	8
798	8
799	8
800	8
801	11
802	11
803	11
804	11
805	8
806	8
807	8
808	11
809	11
810	1
811	4
812	12
813	12
814	4
815	12
816	12
817	12
818	4
819	12
820	12
821	4
822	12
823	12
824	12
825	12
826	12
827	12
828	12
829	4
830	4
831	4
832	12
833	12
834	4
835	4
836	4
837	4
838	4
839	12
840	4
841	12
842	4
843	4
844	12
845	12
846	12
847	4
848	12
849	12
850	12
851	12
852	4
853	4
854	4
855	12
856	4
857	12
858	5
859	5
860	5
861	5
862	5
863	5
864	5
865	5
866	5
867	5
868	5
869	5
870	5
871	4
872	4
873	12
874	12
875	4
876	12
877	12
878	12
879	12
880	12
881	4
882	4
883	4
884	12
885	4
886	12
887	12
888	4
889	12
890	12
891	12
892	12
893	4
894	4
895	4
896	4
897	12
898	12
899	12
900	12
901	12
902	4
903	4
904	12
905	4
906	12
907	12
908	4
909	12
910	12
911	12
912	12
913	12
914	4
915	4
916	12
917	12
918	12
919	12
920	12
921	12
922	12
923	12
924	12
925	4
926	12
927	12
928	4
929	12
930	4
931	4
932	12
933	12
934	12
935	12
936	12
937	12
938	12
939	12
940	12
941	12
942	4
943	12
944	12
945	12
946	12
947	4
948	4
949	4
950	12
951	12
952	12
953	12
954	12
955	12
956	12
957	4
958	4
959	12
960	12
961	12
962	4
963	12
964	4
965	12
966	12
967	12
968	12
969	12
970	12
971	12
972	4
973	4
974	12
975	4
976	4
977	4
978	12
979	12
980	12
981	12
982	4
983	4
984	4
985	1
986	1
987	1
988	1
989	1
990	1
991	1
992	1
993	1
994	1
995	1
996	1
997	1
998	1
999	1
1000	1
1001	1
1002	1
1003	1
1004	1
1005	1
1006	1
1007	4
1008	4
1009	1
1010	4
1011	4
1012	4
1013	4
1014	4
1015	4
1016	4
1017	4
1018	4
1019	4
1020	4
1021	4
1022	4
1023	4
1024	4
1025	4
1026	4
1027	4
1028	4
1029	4
1030	4
1031	4
1032	4
1033	4
1034	4
1035	4
1036	4
1037	4
1038	4
1039	4
1040	4
1041	4
1042	4
1043	4
1044	4
1045	4
1046	4
1047	4
1048	4
1049	4
1050	4
1051	4
1052	4
1053	4
1054	4
1055	4
1056	4
1057	4
1058	4
1059	4
1060	4
1061	4
1062	4
1063	4
1064	4
1065	4
1066	4
1067	4
1068	4
1069	4
1070	4
1071	4
1072	4
1073	4
1074	4
1075	5
1076	5
1077	5
1078	5
1079	5
1080	5
1081	5
1082	5
1083	5
1084	5
1085	5
1086	5
1087	11
1088	11
1089	11
1090	11
1091	11
1092	11
1093	11
1094	8
1095	8
1096	8
1097	8
1098	8
1099	8
1100	8
1101	8
1102	8
1103	8
1104	8
1105	8
1106	8
1107	12
1108	12
1109	12
1110	12
1111	12
1112	12
1113	12
1114	12
1115	12
1116	12
1117	12
1118	12
1119	12
1120	12
1121	12
1122	12
1123	12
1124	12
1125	12
1126	12
1127	12
1128	12
1129	12
1130	12
1131	12
1132	12
1133	12
1134	12
1135	12
1136	12
1137	12
1138	12
1139	12
1140	12
1141	12
1142	12
1143	12
1144	12
1145	12
1146	12
1147	12
1148	12
1149	12
1150	12
1151	12
1152	12
1153	12
1154	13
1155	13
1156	13
1157	13
1158	13
1159	13
1160	13
1161	13
1162	13
1163	13
1164	13
1165	13
1166	13
1167	13
1168	13
1169	4
1170	4
1171	4
1172	4
1173	4
1174	4
1175	4
1176	4
1177	4
1178	4
1179	4
1180	4
1181	4
1182	4
1183	4
1184	4
1185	4
1186	4
1187	4
1188	4
1189	4
1190	4
1191	4
1192	4
1193	4
1194	4
1195	4
1196	4
1197	4
1198	4
1199	4
1200	12
1201	12
1202	12
1203	12
1204	12
1205	12
1206	12
1207	12
1208	12
1209	12
1210	12
1211	12
1212	12
1213	12
1214	12
1215	12
1216	12
1217	12
1218	12
1219	12
1220	12
1221	12
1222	12
1223	12
1224	12
1225	12
1226	12
1227	12
1228	12
1229	12
1230	12
1231	12
1232	12
1233	12
1234	12
1235	12
1236	12
1237	12
1238	12
1239	12
1240	11
1241	11
1242	8
1243	8
1244	8
1245	11
1246	8
1247	8
1248	8
1249	8
1250	8
1251	8
1252	8
1253	5
1254	5
1255	5
1256	5
1257	5
1258	8
1259	8
1260	8
1261	8
1262	8
1263	11
1264	5
1265	5
1266	5
1267	5
1268	5
1269	5
1270	5
1271	5
1272	5
1273	5
1274	5
1275	5
1276	5
1277	5
1278	13
1279	8
1280	8
1281	8
1282	11
1283	11
1284	5
1285	5
1286	5
1287	5
1288	13
1289	13
1290	13
1291	8
1292	8
1293	8
1294	13
1295	8
1296	8
1297	8
1298	8
1299	13
1300	8
1301	8
1302	13
1303	5
1304	5
1305	5
1306	5
1307	5
1308	5
1309	5
1310	5
1311	5
1312	5
1313	5
1314	12
1315	12
1316	12
1317	12
1318	12
1319	12
1320	12
1321	12
1322	12
1323	12
1324	12
1325	12
1326	12
1327	12
1328	12
1329	12
1330	12
1331	12
1332	12
1333	12
1334	12
1335	12
1336	12
1337	12
1338	12
1339	12
1340	12
1341	12
1342	12
1343	12
1344	12
1345	12
1346	5
1347	5
1348	5
1349	5
1350	5
1351	5
1352	5
1353	5
1354	5
1355	5
1356	5
1357	5
1358	5
1359	5
1360	5
1361	5
1362	5
1363	6
1364	6
1365	6
1366	6
1367	6
1368	6
1369	6
1370	6
1371	6
1372	6
1373	6
1374	6
1375	6
1376	6
1377	6
1378	6
1379	6
1380	6
1381	13
1382	13
1383	13
1384	13
1385	13
1386	13
1387	13
1388	13
1389	13
1390	13
1391	13
1392	13
1393	13
1394	13
1395	13
1396	13
1397	2
1398	5
1399	5
1400	5
1401	5
1402	5
1403	5
1404	2
1405	5
1406	5
1407	5
1408	5
1409	5
1410	5
1411	5
1412	5
1413	5
1414	5
1415	5
1416	5
1417	5
1418	2
1419	5
1420	5
1421	5
1422	2
1423	5
1424	5
1425	2
1426	2
1427	5
1428	7
1429	7
1430	7
1431	7
1432	7
1433	7
1434	7
1435	7
1436	7
1437	7
1438	7
1439	7
1440	7
1441	3
1442	3
1443	3
1444	3
1445	4
1446	3
1447	3
1448	4
1449	3
1450	4
1451	4
1452	4
1453	4
1454	4
1455	7
1456	7
1457	7
1458	7
1459	7
1460	7
1461	7
1462	7
1463	7
1464	7
1465	8
1466	8
1467	8
1468	8
1469	8
1470	8
1471	8
1472	8
1473	8
1474	8
1475	8
1476	8
1477	8
1478	8
1479	8
1480	8
1481	8
1482	8
1483	8
1484	8
1485	8
1486	8
1487	8
1488	8
1489	3
1490	3
1491	3
1492	3
1493	3
1494	3
1495	3
1496	3
1497	3
1498	3
1499	3
1500	3
1501	2
1502	2
1503	2
1504	2
1505	2
1506	2
1507	2
1508	2
1509	2
1510	2
1511	2
1512	2
1513	2
1514	2
1515	2
1516	2
1517	2
1518	2
1519	2
1520	2
1521	2
1522	2
1523	2
1524	2
1525	2
1526	2
1527	2
1528	2
1529	1
1530	1
1531	1
1532	1
1533	1
1534	1
1535	1
1536	1
1537	1
1538	1
1539	1
1540	1
1541	1
1542	1
1543	1
1544	1
1545	1
1546	1
1547	1
1548	1
1549	1
1550	1
1551	1
1552	10
1553	10
1554	10
1555	10
1556	10
1557	10
1558	10
1559	10
1560	10
1561	10
1562	10
1563	10
1564	10
1565	10
1566	10
1567	10
1568	10
1569	10
1570	10
1571	10
1572	10
1573	10
1574	10
1575	10
1576	3
1577	3
1578	3
1579	3
1580	3
1581	3
1582	3
1583	3
1584	3
1585	3
1586	3
1587	3
1588	3
1589	3
1590	3
1591	3
1592	3
1593	5
1594	5
1595	5
1596	5
1597	5
1598	5
1599	5
1600	5
1601	5
1602	10
1603	10
1604	7
1605	10
1606	10
1607	10
1608	7
1609	10
1610	7
1611	7
1612	7
1613	10
1614	10
1615	10
1616	10
1617	10
1618	8
1619	8
1620	8
1621	8
1622	8
1623	8
1624	8
1625	8
1626	8
1627	8
1628	8
1629	4
1630	3
1631	3
1632	3
1633	3
1634	3
1635	3
1636	3
1637	3
1638	3
1639	4
1640	3
1641	3
1642	3
1643	3
1644	8
1645	8
1646	8
1647	8
1648	8
1649	3
1650	4
1651	3
1652	3
1653	3
1654	3
1655	3
1656	3
1658	3
1659	3
1660	3
1661	3
1662	3
1663	3
1664	3
1665	3
1666	3
1667	3
1668	3
1669	3
1670	3
1671	3
1672	3
1673	8
1674	3
1675	3
1676	3
1677	8
1678	11
1679	11
1680	11
1681	11
1682	11
1683	11
1684	11
1685	3
1686	3
1687	3
1688	3
1689	3
1690	3
1691	3
1692	3
1693	3
1694	3
1695	3
1696	3
1697	3
1698	3
1699	3
1700	3
1701	3
1702	3
1703	7
1704	7
1705	3
1706	3
1707	3
1708	3
1709	3
1710	3
1711	3
1712	3
1713	8
1714	8
1715	8
1716	8
1717	8
1718	8
1719	8
1720	8
1721	8
1722	8
1723	8
1724	8
1725	3
1726	3
1727	3
1728	8
1729	3
1730	3
1731	3
1732	3
1733	3
1734	3
1735	3
1736	3
1737	3
1738	3
1739	3
1740	3
1741	3
1742	2
1743	2
1744	7
1745	2
1746	2
1747	7
1748	2
1749	7
1750	2
1751	2
1752	2
1753	2
1754	2
1755	2
1756	7
1757	8
1758	8
1759	8
1760	8
1761	2
1762	2
1763	2
1764	7
1765	2
1766	2
1767	7
1768	2
1769	2
1770	2
1771	2
1772	2
1773	2
1774	8
1775	8
1776	8
1777	8
1778	8
1779	8
1780	8
1781	8
1782	8
1783	8
1784	8
1785	8
1786	8
1787	7
1788	2
1789	2
1790	2
1791	2
1792	2
1793	2
1794	2
1795	8
1796	8
1797	8
1798	8
1799	2
1800	2
1801	2
1802	2
1803	7
1804	7
1805	2
1806	7
1807	2
1808	7
1809	7
1810	7
1811	7
1812	7
1813	7
1814	7
1815	7
1816	7
1817	7
1818	7
1819	7
1820	7
1821	7
1822	7
1823	7
1824	7
1825	7
1826	7
1827	7
1828	7
1829	7
1830	8
1831	8
1832	8
1833	8
1834	8
1835	7
1836	7
1837	8
1838	7
1839	7
1840	6
1841	6
1842	6
1843	6
1844	6
1845	7
1846	7
1847	7
1848	7
1849	7
1850	7
1851	7
1852	7
1853	7
1854	7
1855	7
1856	7
1857	8
1858	8
1859	8
1860	8
1861	8
1862	8
1863	7
1864	7
1865	7
1866	7
1867	7
1868	7
1869	7
1870	7
1871	7
1872	11
1873	11
1874	11
1875	11
1876	11
1877	11
1878	11
1879	11
1880	11
1881	11
1882	11
1883	11
1884	11
1885	11
1886	11
1887	11
1888	11
1889	11
1890	11
1891	11
1892	11
1893	11
1894	11
1895	5
1896	5
1897	5
1898	13
1899	13
1900	13
1901	13
1902	13
1903	13
1904	5
1905	5
1906	5
1907	5
1908	5
1909	5
1910	5
1911	5
1912	5
1913	5
1914	5
1915	5
1916	13
1917	13
1918	13
1919	13
1920	13
1921	13
1922	13
1923	13
1924	5
1925	5
1926	5
1927	5
1928	5
1929	5
1930	5
1931	5
1932	5
1933	5
1934	5
1935	5
1936	5
1937	5
1938	5
1939	5
1940	5
1941	5
1942	5
1943	5
1944	5
1945	5
1946	5
1947	5
1948	5
1949	5
1950	5
1951	5
1952	5
1953	5
1954	5
1955	5
1956	5
1957	5
1958	5
1959	5
1960	5
1961	5
1962	5
1963	5
1964	5
1965	5
1966	5
1967	5
1968	5
1969	5
1970	5
1971	5
1972	5
1973	5
1974	5
1975	5
1976	1
1977	1
1978	10
1979	1
1980	1
1981	1
1982	1
1983	1
1984	1
1985	1
1986	1
1987	10
1988	1
1989	10
1990	10
1991	1
1992	1
1993	1
1994	1
1995	1
1996	10
1997	10
1998	10
1999	1
2000	1
2001	1
2002	10
2003	1
2004	1
2005	1
2006	1
2007	1
2008	1
2009	1
2010	1
2011	1
2012	1
2013	1
2014	1
2015	1
2016	10
2017	11
2018	11
2019	11
2020	11
2021	11
2022	11
2023	11
2024	1
2025	11
2026	11
2027	11
2028	11
2029	11
2030	1
2031	1
2032	1
2033	1
2034	1
2035	1
2036	1
2037	11
2038	11
2039	11
2040	11
2041	11
2042	11
2043	11
2044	11
2045	11
2046	1
2047	1
2048	11
2049	11
2050	11
2051	1
2052	1
2053	11
2054	11
2055	1
2056	11
2057	1
2058	10
2059	10
2060	10
2061	10
2062	10
2063	10
2064	10
2065	10
2066	10
2067	10
2068	11
2069	11
2070	11
2071	8
2072	11
2073	8
2074	11
2075	11
2076	11
2077	8
2078	8
2079	11
2080	8
2081	11
2082	8
2083	11
2084	11
2085	11
2086	11
2087	11
2088	11
2089	3
2090	3
2091	3
2092	3
2093	3
2094	3
2095	3
2096	2
2097	2
2098	2
2099	2
2100	2
2101	2
2102	2
2103	2
2104	2
2105	2
2106	2
2107	2
2108	2
2109	2
2110	2
2111	2
2112	2
2113	9
2114	9
2115	9
2116	9
2117	9
2118	9
2119	9
2120	9
2121	9
2122	9
2123	9
2124	11
2125	9
2126	9
2127	9
2128	9
2129	9
2130	9
2131	9
2132	9
2133	9
2134	7
2135	9
2136	9
2137	9
2138	9
2139	9
2140	7
2141	9
2142	9
2143	9
2144	9
2145	9
2146	9
2147	9
2148	9
2149	9
2150	9
2151	7
2152	7
2153	7
2154	9
2155	9
2156	9
2157	9
2158	9
2159	9
2160	9
2161	9
2162	7
2163	7
2164	7
2165	7
2166	7
2167	9
2168	9
2169	9
2170	9
2171	9
2172	9
2173	9
2174	9
2175	9
2176	9
2177	9
2178	9
2179	9
2180	7
2181	7
2182	9
2183	9
2184	9
2185	9
2186	9
2187	9
2188	9
2189	9
2190	9
2191	9
2192	9
2193	9
2194	9
2195	9
2196	9
2197	9
2198	9
2199	9
2200	9
2201	9
2202	9
2203	9
2204	9
2205	9
2206	9
2207	9
2208	9
2209	9
2210	7
2211	9
2212	9
2213	9
2214	9
2215	9
2216	9
2217	9
2218	9
2219	9
2220	9
2221	9
2222	9
2223	9
2224	9
2225	9
2226	9
2227	9
2228	9
2229	9
2230	7
2231	7
2232	9
2233	9
2234	9
2235	9
2236	9
2237	9
2238	9
2239	9
2240	9
2241	9
2242	9
2243	9
2244	9
2245	9
2246	7
2247	7
2248	7
2249	9
2250	9
2251	9
2252	9
2253	9
2254	9
2255	9
2256	7
2257	9
2258	7
2259	9
2260	9
2261	7
2262	7
2263	9
2264	7
2265	7
2266	9
2267	9
2268	9
2269	9
2270	9
2271	9
2272	9
2273	9
2274	9
2275	9
2276	7
2277	9
2278	9
2279	9
2280	9
2281	9
2282	9
2283	9
2284	11
2285	11
2286	9
2287	9
2288	9
2289	9
2290	9
2291	9
2292	9
2293	9
2294	9
2295	9
2296	9
2297	9
2298	9
2299	9
2300	9
2301	9
2302	9
2303	7
2304	7
2305	9
2306	9
2307	7
2308	9
2309	11
2310	11
2311	11
2312	4
2313	4
2314	4
2315	4
2316	4
2317	4
2318	4
2319	4
2320	4
2321	4
2322	4
2323	4
2324	4
2325	4
2326	4
2327	4
2328	4
2329	4
2330	5
2331	5
2332	5
2333	5
2334	5
2335	5
2336	5
2337	5
2338	5
2339	5
2340	5
2341	5
2342	5
2343	5
2344	5
2345	5
2346	4
2347	4
2348	4
2349	4
2350	4
2351	4
2352	4
2353	4
2354	4
2355	4
2356	4
2357	4
2358	4
2359	4
2360	4
2361	4
2362	4
2363	4
2364	4
2365	4
2366	7
2367	9
2368	7
2369	9
2370	7
2371	7
2372	7
2373	7
2374	7
2375	7
2376	7
2377	7
2378	7
2379	7
2380	9
2381	7
2382	7
2383	7
2384	7
2385	7
2386	7
2387	7
2388	7
2389	7
2390	7
2391	7
2392	7
2393	7
2394	7
2395	7
2396	7
2397	7
2398	7
2399	7
2400	7
2401	7
2402	7
2403	7
2404	7
2405	7
2406	7
2407	7
2408	7
2409	7
2410	7
2411	7
2412	7
2413	7
2414	7
2415	6
2416	13
2417	6
2418	6
2419	13
2420	13
2421	6
2422	6
2423	6
2424	6
2425	6
2426	6
2427	13
2428	6
2429	13
2430	13
2431	6
2432	6
2433	6
2434	6
2435	6
2436	6
2437	6
2438	6
2439	6
2440	6
2441	6
2442	6
2443	6
2444	6
2445	6
2446	6
2447	6
2448	6
2449	6
2450	6
2451	6
2452	6
2453	6
2454	6
2455	6
2456	6
2457	6
2458	6
2459	6
2460	6
2461	6
2462	6
2463	6
2464	6
2465	6
2466	6
2467	6
2468	6
2469	6
2470	6
2471	6
2472	6
2473	6
2474	6
2475	6
2476	6
2477	6
2478	6
2479	6
2480	6
2481	6
2482	6
2483	6
2484	6
2485	6
2486	6
2487	6
2488	6
2489	6
2490	6
2491	6
2492	6
2493	6
2494	6
2495	6
2496	13
2497	13
2498	13
2499	13
2500	6
2501	6
2502	6
2503	6
2504	6
2505	13
2506	13
2507	6
2508	13
2509	13
2510	13
2511	13
2512	13
2513	13
2514	13
2515	6
2516	6
2517	6
2518	6
2519	6
2520	6
2521	6
2522	6
2523	13
2524	6
2525	13
2526	6
2527	6
2528	6
2529	13
2530	13
2531	13
2532	13
2533	13
2534	13
2535	13
2536	13
2537	13
2538	13
2539	6
2540	13
2541	6
2542	13
2543	6
2544	6
2545	6
2546	6
2547	6
2548	6
2549	6
2550	6
2551	6
2552	13
2553	13
2554	6
2555	6
2556	6
2557	6
2558	13
2559	13
2560	6
2561	6
2562	13
2563	13
2564	6
2565	13
2566	6
2567	6
2568	13
2569	13
2570	13
2571	6
2572	13
2573	6
2574	13
2575	6
2576	6
2577	6
2578	6
2579	6
2580	6
2581	13
2582	6
2583	6
2584	6
2585	6
2586	6
2587	13
2588	13
2589	13
2590	13
2591	13
2592	13
2593	13
2594	6
2595	6
2596	6
2597	6
2598	6
2599	6
2600	6
2601	6
2602	6
2603	6
2604	13
2605	6
2606	11
2607	11
2608	11
2609	11
2610	11
2611	11
2612	11
2613	11
2614	11
2615	11
2616	11
2617	11
2618	11
2619	11
2620	11
2621	11
2622	11
2623	11
2624	11
2625	11
2626	11
2627	11
2628	11
2629	11
2630	11
2631	11
2632	11
2633	11
2634	11
2635	11
2636	11
2637	11
2638	11
2639	11
2640	10
2641	10
2642	10
2643	10
2644	10
2645	10
2646	10
2647	10
2648	10
2649	10
2650	10
2651	10
2652	10
2653	10
2654	10
2655	10
2656	10
2657	1
2658	10
2659	10
2660	10
2661	10
2662	10
2663	10
2664	10
2665	10
2666	10
2667	10
2668	10
2669	10
2670	10
2671	10
2672	10
2673	10
2674	10
2675	10
2676	10
2677	10
2678	10
2679	10
2680	10
2681	10
2682	10
2683	10
2684	10
2685	10
2686	10
2687	10
2688	5
2689	5
2690	5
2691	5
315	3
1657	3
