0	2
1	2
2	2
3	2
4	2
5	2
6	2
7	4
8	4
9	4
10	4
11	4
12	4
13	4
14	4
15	4
16	4
17	4
18	4
19	4
20	4
21	10
22	10
23	10
24	10
25	10
26	10
27	10
28	10
29	6
30	6
31	6
32	6
33	6
34	6
35	6
36	6
37	6
38	6
39	6
40	6
41	6
42	6
43	6
44	6
45	6
46	6
47	6
48	6
49	6
50	6
51	6
52	6
53	12
54	12
55	12
56	12
57	12
58	6
59	6
60	6
61	6
62	6
63	6
64	6
65	12
66	12
67	12
68	12
69	12
70	12
71	10
72	10
73	10
74	10
75	6
76	6
77	6
78	6
79	6
80	6
81	6
82	6
83	5
84	5
85	5
86	5
87	5
88	5
89	5
90	5
91	5
92	5
93	5
94	5
95	5
96	4
97	4
98	4
99	4
100	4
101	4
102	4
103	4
104	4
105	4
106	4
107	4
108	4
109	4
110	4
111	4
112	4
113	4
114	4
115	4
116	4
117	4
118	4
119	4
120	4
121	4
122	4
123	4
124	4
125	4
126	4
127	4
128	4
129	13
130	13
131	13
132	13
133	13
134	13
135	13
136	13
137	13
138	13
139	13
140	13
141	13
142	13
143	13
144	13
145	13
146	13
147	13
148	13
149	13
150	13
151	13
152	13
153	13
154	13
155	13
156	13
157	13
158	13
159	13
160	13
161	13
162	13
163	13
164	13
165	13
166	13
167	13
168	13
169	13
170	13
171	13
172	13
173	13
174	13
175	13
176	13
177	13
178	13
179	13
180	13
181	13
182	13
183	2
184	2
185	2
186	2
187	2
188	2
189	2
190	2
191	2
192	2
193	2
194	2
195	2
196	2
197	2
198	2
199	2
200	2
201	2
202	2
203	2
204	2
205	2
206	2
207	2
208	10
209	10
210	10
211	10
212	10
213	10
214	10
215	10
216	10
217	10
218	10
219	10
220	10
221	10
222	10
223	10
224	10
225	10
226	10
227	10
228	10
229	10
230	10
231	10
232	10
233	10
234	10
235	10
236	10
237	10
238	10
239	10
240	10
241	10
242	10
243	10
244	10
245	10
246	10
247	10
248	2
249	2
250	2
251	2
252	2
253	2
254	2
255	2
256	2
257	2
258	2
259	2
260	2
261	11
262	11
263	11
264	11
265	11
266	11
267	11
268	10
269	11
270	11
271	11
272	11
273	11
274	11
275	11
276	11
277	11
278	10
279	10
280	10
281	10
282	11
283	10
284	11
285	11
286	11
287	11
288	11
289	11
290	11
291	10
292	11
293	11
294	11
295	11
296	11
297	11
298	11
299	11
300	11
301	11
302	2
303	2
304	2
305	2
306	8
307	8
308	8
309	8
310	8
311	8
312	8
313	8
314	8
316	7
317	7
318	7
319	7
320	7
321	7
322	7
323	7
324	7
325	7
326	7
327	7
328	7
329	7
330	7
331	8
332	8
333	8
334	8
335	8
336	8
337	7
338	7
339	7
340	8
341	8
342	8
343	8
344	8
345	8
346	8
347	8
348	8
349	8
350	8
351	8
352	8
353	8
354	8
355	8
356	1
357	13
358	1
359	13
360	13
361	1
362	1
363	13
364	1
365	1
366	1
367	1
368	1
369	8
370	8
371	8
372	8
373	8
374	8
375	8
376	8
377	8
378	8
379	8
380	8
381	8
382	8
383	8
384	8
385	8
386	8
387	8
388	8
389	7
390	7
391	7
392	7
393	7
394	8
395	8
396	8
397	8
398	7
399	7
400	7
401	7
402	7
403	10
404	10
405	10
406	10
407	10
408	10
409	4
410	6
411	6
412	6
413	6
414	6
415	6
416	6
417	6
418	6
419	6
420	6
421	6
422	6
423	6
424	6
425	13
426	13
427	13
428	13
429	13
430	13
431	13
432	13
433	6
434	6
435	6
436	6
437	6
438	6
439	6
440	6
441	6
442	6
443	6
444	6
445	4
446	13
447	13
448	13
449	13
450	13
451	6
452	4
453	6
454	13
455	13
456	13
457	6
458	4
459	6
460	6
461	6
462	6
463	13
464	13
465	13
466	13
467	13
468	13
469	13
470	13
471	13
472	13
473	6
474	4
475	11
476	11
477	11
478	11
479	11
480	11
481	11
482	11
483	11
484	10
485	10
486	11
487	11
488	11
489	11
490	11
491	11
492	11
493	11
494	11
495	11
496	11
497	11
498	10
499	11
500	11
501	11
502	10
503	11
504	11
505	11
506	10
507	10
508	10
509	10
510	10
511	10
512	10
513	10
514	10
515	10
516	10
517	10
518	10
519	10
520	10
521	10
522	5
523	5
524	5
525	5
526	2
527	2
528	5
529	5
530	5
531	5
532	5
533	5
534	5
535	5
536	5
537	5
538	2
539	2
540	2
541	2
542	2
543	2
544	2
545	2
546	2
547	2
548	2
549	2
550	2
551	2
552	2
553	2
554	2
555	2
556	2
557	2
558	2
559	10
560	10
561	10
562	10
563	10
564	10
565	2
566	2
567	2
568	2
569	2
570	5
571	5
572	5
573	5
574	5
575	5
576	5
577	5
578	5
579	5
580	5
581	2
582	2
583	2
584	2
585	2
586	2
587	10
588	10
589	10
590	10
591	10
592	10
593	10
594	10
595	10
596	10
597	10
598	10
599	10
600	10
601	10
602	10
603	2
604	2
605	2
606	2
607	2
608	2
609	2
610	2
611	2
612	2
613	2
614	2
615	2
616	2
617	10
618	10
619	10
620	10
621	10
622	10
623	10
624	10
625	10
626	10
627	10
628	10
629	10
630	10
631	10
632	10
633	10
634	10
635	10
636	10
637	10
638	10
639	2
640	2
641	2
642	2
643	2
644	2
645	2
646	2
647	2
648	2
649	2
650	2
651	2
652	2
653	2
654	2
655	2
656	2
657	11
658	11
659	11
660	11
661	6
662	6
663	6
664	4
665	4
666	6
667	6
668	4
669	4
670	13
671	13
672	13
673	13
674	13
675	13
676	13
677	13
678	13
679	13
680	6
681	6
682	4
683	6
684	4
685	6
686	6
687	4
688	6
689	6
690	6
691	6
692	6
693	6
694	6
695	6
696	6
697	13
698	13
699	13
700	13
701	13
702	13
703	13
704	13
705	13
706	13
707	13
708	13
709	13
710	13
711	13
712	13
713	13
714	6
715	6
716	11
717	11
718	13
719	13
720	13
721	11
722	11
723	11
724	11
725	11
726	11
727	11
728	11
729	11
730	11
731	11
732	6
733	6
734	6
735	6
736	6
737	11
738	13
739	13
740	13
741	13
742	13
743	11
744	11
745	6
746	6
747	6
748	6
749	6
750	6
751	6
752	6
753	6
754	6
755	6
756	6
757	6
758	6
759	6
760	6
761	6
762	6
763	6
764	6
765	6
766	11
767	13
768	11
769	13
770	6
771	6
772	11
773	11
774	11
775	13
776	11
777	11
778	13
779	13
780	11
781	13
782	11
783	13
784	13
785	12
786	11
787	11
788	11
789	11
790	11
791	12
792	12
793	12
794	12
795	12
796	12
797	12
798	12
799	12
800	12
801	11
802	11
803	11
804	11
805	12
806	12
807	12
808	11
809	11
810	11
811	12
812	7
813	12
814	7
815	12
816	12
817	12
818	7
819	7
820	7
821	12
822	12
823	7
824	12
825	12
826	12
827	7
828	7
829	7
830	12
831	12
832	12
833	12
834	7
835	7
836	12
837	7
838	12
839	12
840	7
841	12
842	7
843	7
844	7
845	12
846	12
847	7
848	7
849	7
850	7
851	7
852	12
853	12
854	7
855	12
856	7
857	7
858	2
859	2
860	2
861	2
862	2
863	2
864	2
865	2
866	2
867	2
868	2
869	2
870	2
871	12
872	12
873	12
874	12
875	7
876	12
877	12
878	12
879	12
880	7
881	12
882	12
883	7
884	12
885	7
886	12
887	7
888	7
889	12
890	12
891	7
892	7
893	7
894	7
895	7
896	12
897	12
898	7
899	7
900	7
901	7
902	12
903	12
904	12
905	7
906	12
907	7
908	7
909	12
910	7
911	7
912	7
913	7
914	12
915	12
916	12
917	12
918	12
919	12
920	7
921	7
922	7
923	7
924	7
925	7
926	12
927	12
928	7
929	12
930	7
931	7
932	7
933	7
934	7
935	12
936	12
937	12
938	12
939	7
940	7
941	7
942	7
943	7
944	7
945	7
946	12
947	7
948	7
949	7
950	7
951	7
952	7
953	7
954	7
955	7
956	7
957	7
958	7
959	12
960	7
961	7
962	7
963	12
964	7
965	12
966	7
967	7
968	7
969	12
970	12
971	12
972	7
973	7
974	7
975	7
976	7
977	7
978	7
979	7
980	7
981	7
982	7
983	7
984	4
985	13
986	13
987	13
988	13
989	13
990	13
991	13
992	13
993	13
994	13
995	13
996	13
997	13
998	13
999	13
1000	13
1001	13
1002	13
1003	13
1004	13
1005	13
1006	13
1007	4
1008	4
1009	13
1010	4
1011	7
1012	4
1013	4
1014	7
1015	7
1016	7
1017	4
1018	4
1019	7
1020	4
1021	4
1022	4
1023	4
1024	4
1025	7
1026	7
1027	4
1028	7
1029	7
1030	7
1031	7
1032	7
1033	7
1034	7
1035	4
1036	4
1037	4
1038	7
1039	4
1040	7
1041	4
1042	4
1043	7
1044	7
1045	7
1046	7
1047	4
1048	4
1049	7
1050	4
1051	4
1052	4
1053	7
1054	4
1055	7
1056	4
1057	4
1058	4
1059	7
1060	4
1061	4
1062	7
1063	4
1064	7
1065	4
1066	4
1067	4
1068	4
1069	7
1070	4
1071	7
1072	7
1073	7
1074	7
1075	2
1076	2
1077	2
1078	2
1079	2
1080	2
1081	2
1082	2
1083	2
1084	2
1085	2
1086	2
1087	11
1088	11
1089	11
1090	11
1091	11
1092	11
1093	11
1094	10
1095	10
1096	10
1097	10
1098	10
1099	10
1100	10
1101	10
1102	10
1103	10
1104	10
1105	10
1106	10
1107	8
1108	8
1109	8
1110	8
1111	8
1112	8
1113	8
1114	8
1115	8
1116	8
1117	8
1118	8
1119	8
1120	8
1121	8
1122	8
1123	8
1124	8
1125	8
1126	8
1127	8
1128	8
1129	8
1130	8
1131	8
1132	8
1133	8
1134	8
1135	8
1136	8
1137	8
1138	8
1139	8
1140	8
1141	8
1142	8
1143	8
1144	8
1145	8
1146	8
1147	8
1148	8
1149	8
1150	8
1151	8
1152	8
1153	8
1154	12
1155	12
1156	12
1157	12
1158	8
1159	12
1160	12
1161	12
1162	12
1163	8
1164	8
1165	12
1166	8
1167	12
1168	12
1169	7
1170	4
1171	4
1172	7
1173	4
1174	4
1175	4
1176	7
1177	7
1178	7
1179	7
1180	4
1181	7
1182	7
1183	4
1184	4
1185	4
1186	4
1187	7
1188	7
1189	4
1190	4
1191	4
1192	4
1193	4
1194	4
1195	7
1196	4
1197	7
1198	4
1199	7
1200	5
1201	5
1202	5
1203	7
1204	7
1205	7
1206	7
1207	7
1208	5
1209	7
1210	7
1211	5
1212	5
1213	7
1214	7
1215	7
1216	7
1217	7
1218	7
1219	7
1220	7
1221	7
1222	7
1223	7
1224	7
1225	7
1226	7
1227	7
1228	7
1229	7
1230	7
1231	7
1232	5
1233	7
1234	5
1235	7
1236	7
1237	7
1238	7
1239	7
1240	10
1241	10
1242	10
1243	10
1244	10
1245	10
1246	10
1247	10
1248	10
1249	10
1250	10
1251	10
1252	10
1253	6
1254	6
1255	6
1256	6
1257	6
1258	10
1259	10
1260	10
1261	10
1262	10
1263	10
1264	6
1265	6
1266	6
1267	6
1268	6
1269	6
1270	6
1271	6
1272	6
1273	6
1274	6
1275	6
1276	6
1277	6
1278	12
1279	12
1280	12
1281	10
1282	11
1283	11
1284	6
1285	6
1286	6
1287	6
1288	12
1289	12
1290	12
1291	12
1292	12
1293	12
1294	12
1295	12
1296	12
1297	12
1298	12
1299	12
1300	12
1301	12
1302	12
1303	6
1304	2
1305	2
1306	2
1307	2
1308	6
1309	2
1310	6
1311	6
1312	6
1313	6
1314	8
1315	8
1316	8
1317	8
1318	8
1319	8
1320	8
1321	8
1322	8
1323	8
1324	8
1325	8
1326	8
1327	8
1328	8
1329	8
1330	8
1331	8
1332	8
1333	8
1334	8
1335	8
1336	8
1337	8
1338	8
1339	8
1340	8
1341	8
1342	8
1343	8
1344	8
1345	8
1346	6
1347	2
1348	2
1349	2
1350	2
1351	2
1352	2
1353	2
1354	2
1355	2
1356	2
1357	2
1358	2
1359	2
1360	2
1361	2
1362	2
1363	8
1364	8
1365	8
1366	8
1367	8
1368	8
1369	8
1370	8
1371	8
1372	8
1373	8
1374	8
1375	8
1376	8
1377	8
1378	8
1379	8
1380	8
1381	12
1382	12
1383	12
1384	12
1385	12
1386	12
1387	12
1388	12
1389	12
1390	12
1391	12
1392	12
1393	12
1394	12
1395	12
1396	12
1397	6
1398	6
1399	6
1400	6
1401	6
1402	6
1403	6
1404	6
1405	6
1406	6
1407	6
1408	6
1409	6
1410	6
1411	6
1412	6
1413	6
1414	6
1415	6
1416	6
1417	6
1418	6
1419	6
1420	6
1421	6
1422	6
1423	6
1424	6
1425	6
1426	6
1427	6
1428	5
1429	5
1430	5
1431	5
1432	5
1433	5
1434	5
1435	5
1436	5
1437	5
1438	5
1439	5
1440	5
1441	4
1442	4
1443	4
1444	4
1445	4
1446	4
1447	4
1448	4
1449	4
1450	4
1451	4
1452	4
1453	4
1454	4
1455	5
1456	5
1457	5
1458	5
1459	5
1460	5
1461	5
1462	5
1463	5
1464	5
1465	10
1466	10
1467	10
1468	10
1469	10
1470	10
1471	10
1472	10
1473	10
1474	10
1475	10
1476	10
1477	10
1478	10
1479	10
1480	10
1481	10
1482	10
1483	10
1484	10
1485	10
1486	10
1487	10
1488	10
1489	7
1490	7
1491	7
1492	7
1493	7
1494	7
1495	7
1496	7
1497	7
1498	7
1499	7
1500	7
1501	3
1502	6
1503	6
1504	3
1505	6
1506	3
1507	3
1508	6
1509	3
1510	3
1511	3
1512	3
1513	3
1514	3
1515	3
1516	6
1517	3
1518	3
1519	3
1520	3
1521	3
1522	3
1523	3
1524	3
1525	3
1526	3
1527	3
1528	3
1529	13
1530	13
1531	13
1532	13
1533	13
1534	13
1535	13
1536	13
1537	13
1538	13
1539	13
1540	13
1541	13
1542	13
1543	13
1544	13
1545	13
1546	13
1547	13
1548	13
1549	13
1550	13
1551	13
1552	5
1553	5
1554	5
1555	5
1556	5
1557	5
1558	5
1559	5
1560	5
1561	5
1562	5
1563	5
1564	5
1565	5
1566	5
1567	5
1568	5
1569	5
1570	5
1571	5
1572	5
1573	5
1574	5
1575	5
1576	6
1577	6
1578	6
1579	6
1580	6
1581	6
1582	6
1583	6
1584	6
1585	6
1586	6
1587	6
1588	6
1589	6
1590	6
1591	6
1592	6
1593	6
1594	6
1595	6
1596	6
1597	6
1598	6
1599	6
1600	6
1601	6
1602	5
1603	5
1604	5
1605	5
1606	5
1607	5
1608	5
1609	5
1610	5
1611	5
1612	5
1613	5
1614	5
1615	5
1616	5
1617	5
1618	10
1619	10
1620	10
1621	10
1622	10
1623	10
1624	10
1625	10
1626	10
1627	10
1628	10
1629	4
1630	4
1631	4
1632	4
1633	4
1634	4
1635	4
1636	4
1637	4
1638	4
1639	4
1640	4
1641	4
1642	4
1643	4
1644	10
1645	10
1646	10
1647	10
1648	10
1649	4
1650	4
1651	4
1652	4
1653	4
1654	4
1655	4
1656	4
1658	4
1659	4
1660	4
1661	4
1662	4
1663	4
1664	4
1665	4
1666	4
1667	4
1668	4
1669	4
1670	4
1671	4
1672	4
1673	10
1674	4
1675	4
1676	4
1677	10
1678	11
1679	11
1680	11
1681	11
1682	11
1683	11
1684	11
1685	6
1686	6
1687	6
1688	6
1689	6
1690	6
1691	6
1692	6
1693	6
1694	6
1695	6
1696	6
1697	6
1698	6
1699	6
1700	6
1701	4
1702	4
1703	3
1704	3
1705	4
1706	4
1707	4
1708	4
1709	4
1710	4
1711	4
1712	4
1713	10
1714	10
1715	10
1716	10
1717	10
1718	10
1719	10
1720	10
1721	10
1722	10
1723	10
1724	10
1725	4
1726	4
1727	4
1728	10
1729	4
1730	4
1731	4
1732	4
1733	4
1734	4
1735	4
1736	4
1737	4
1738	4
1739	4
1740	4
1741	4
1742	3
1743	6
1744	3
1745	3
1746	6
1747	6
1748	3
1749	6
1750	6
1751	6
1752	6
1753	3
1754	6
1755	6
1756	6
1757	10
1758	10
1759	10
1760	10
1761	6
1762	6
1763	6
1764	3
1765	6
1766	6
1767	3
1768	3
1769	6
1770	3
1771	3
1772	6
1773	6
1774	10
1775	10
1776	10
1777	10
1778	10
1779	10
1780	10
1781	10
1782	10
1783	10
1784	10
1785	10
1786	10
1787	6
1788	3
1789	3
1790	6
1791	6
1792	6
1793	3
1794	6
1795	10
1796	10
1797	10
1798	10
1799	6
1800	6
1801	6
1802	3
1803	3
1804	3
1805	6
1806	3
1807	6
1808	3
1809	3
1810	3
1811	3
1812	3
1813	3
1814	3
1815	3
1816	3
1817	3
1818	3
1819	9
1820	3
1821	9
1822	3
1823	9
1824	9
1825	3
1826	3
1827	3
1828	3
1829	3
1830	10
1831	10
1832	10
1833	10
1834	10
1835	9
1836	9
1837	10
1838	3
1839	3
1840	8
1841	8
1842	8
1843	8
1844	8
1845	3
1846	9
1847	3
1848	3
1849	3
1850	9
1851	3
1852	3
1853	9
1854	3
1855	9
1856	3
1857	10
1858	10
1859	10
1860	10
1861	10
1862	10
1863	9
1864	9
1865	9
1866	9
1867	9
1868	3
1869	9
1870	9
1871	3
1872	11
1873	11
1874	11
1875	11
1876	11
1877	11
1878	11
1879	11
1880	11
1881	11
1882	11
1883	11
1884	11
1885	11
1886	11
1887	11
1888	11
1889	11
1890	11
1891	11
1892	11
1893	11
1894	11
1895	2
1896	2
1897	2
1898	12
1899	8
1900	12
1901	12
1902	8
1903	8
1904	2
1905	2
1906	2
1907	2
1908	2
1909	2
1910	2
1911	2
1912	2
1913	2
1914	2
1915	2
1916	8
1917	8
1918	8
1919	8
1920	8
1921	8
1922	8
1923	8
1924	2
1925	2
1926	2
1927	2
1928	2
1929	2
1930	2
1931	2
1932	2
1933	2
1934	2
1935	2
1936	2
1937	2
1938	2
1939	2
1940	2
1941	2
1942	2
1943	2
1944	2
1945	2
1946	2
1947	2
1948	2
1949	2
1950	2
1951	2
1952	2
1953	2
1954	2
1955	2
1956	2
1957	2
1958	2
1959	2
1960	2
1961	2
1962	2
1963	2
1964	2
1965	2
1966	2
1967	2
1968	2
1969	2
1970	2
1971	2
1972	2
1973	2
1974	2
1975	2
1976	5
1977	13
1978	5
1979	13
1980	5
1981	13
1982	13
1983	5
1984	13
1985	13
1986	13
1987	5
1988	5
1989	5
1990	5
1991	13
1992	5
1993	5
1994	5
1995	13
1996	5
1997	5
1998	5
1999	5
2000	5
2001	5
2002	5
2003	5
2004	5
2005	5
2006	5
2007	5
2008	5
2009	13
2010	5
2011	13
2012	13
2013	5
2014	5
2015	5
2016	5
2017	11
2018	11
2019	11
2020	11
2021	11
2022	11
2023	11
2024	11
2025	11
2026	11
2027	11
2028	11
2029	11
2030	13
2031	13
2032	13
2033	13
2034	13
2035	11
2036	11
2037	11
2038	10
2039	10
2040	10
2041	10
2042	10
2043	11
2044	11
2045	11
2046	11
2047	11
2048	10
2049	10
2050	11
2051	11
2052	11
2053	11
2054	11
2055	11
2056	11
2057	11
2058	5
2059	5
2060	5
2061	5
2062	5
2063	5
2064	5
2065	5
2066	5
2067	5
2068	10
2069	11
2070	11
2071	10
2072	10
2073	10
2074	10
2075	11
2076	10
2077	10
2078	10
2079	10
2080	10
2081	11
2082	10
2083	10
2084	11
2085	11
2086	11
2087	10
2088	10
2089	6
2090	6
2091	6
2092	6
2093	6
2094	6
2095	6
2096	2
2097	2
2098	2
2099	2
2100	2
2101	2
2102	2
2103	2
2104	2
2105	2
2106	2
2107	2
2108	2
2109	2
2110	2
2111	2
2112	2
2113	9
2114	9
2115	9
2116	9
2117	9
2118	9
2119	9
2120	9
2121	9
2122	9
2123	9
2124	11
2125	9
2126	9
2127	9
2128	9
2129	9
2130	9
2131	9
2132	3
2133	9
2134	3
2135	3
2136	9
2137	9
2138	9
2139	9
2140	9
2141	9
2142	3
2143	9
2144	9
2145	9
2146	9
2147	9
2148	9
2149	9
2150	9
2151	3
2152	3
2153	3
2154	9
2155	3
2156	3
2157	3
2158	3
2159	9
2160	3
2161	3
2162	3
2163	3
2164	3
2165	3
2166	3
2167	9
2168	9
2169	3
2170	3
2171	3
2172	3
2173	9
2174	9
2175	9
2176	9
2177	9
2178	9
2179	9
2180	3
2181	3
2182	9
2183	9
2184	9
2185	3
2186	3
2187	3
2188	9
2189	9
2190	9
2191	9
2192	9
2193	3
2194	9
2195	3
2196	9
2197	9
2198	3
2199	9
2200	9
2201	9
2202	9
2203	3
2204	9
2205	9
2206	9
2207	9
2208	9
2209	3
2210	3
2211	3
2212	3
2213	9
2214	9
2215	9
2216	9
2217	9
2218	3
2219	3
2220	3
2221	9
2222	9
2223	9
2224	9
2225	3
2226	3
2227	3
2228	9
2229	9
2230	3
2231	3
2232	3
2233	9
2234	9
2235	3
2236	9
2237	9
2238	9
2239	3
2240	3
2241	9
2242	9
2243	9
2244	9
2245	9
2246	3
2247	3
2248	3
2249	9
2250	9
2251	9
2252	3
2253	9
2254	9
2255	9
2256	3
2257	3
2258	9
2259	9
2260	9
2261	3
2262	3
2263	3
2264	3
2265	3
2266	9
2267	9
2268	9
2269	9
2270	9
2271	3
2272	3
2273	3
2274	3
2275	3
2276	3
2277	9
2278	9
2279	9
2280	3
2281	3
2282	9
2283	9
2284	11
2285	11
2286	3
2287	3
2288	3
2289	3
2290	3
2291	3
2292	3
2293	9
2294	9
2295	9
2296	9
2297	9
2298	9
2299	9
2300	9
2301	3
2302	9
2303	9
2304	9
2305	3
2306	3
2307	3
2308	3
2309	11
2310	11
2311	11
2312	12
2313	12
2314	12
2315	12
2316	12
2317	12
2318	12
2319	12
2320	12
2321	12
2322	12
2323	12
2324	12
2325	12
2326	12
2327	12
2328	12
2329	12
2330	2
2331	2
2332	2
2333	2
2334	2
2335	2
2336	2
2337	2
2338	2
2339	2
2340	2
2341	2
2342	2
2343	2
2344	2
2345	2
2346	7
2347	7
2348	7
2349	7
2350	7
2351	7
2352	7
2353	7
2354	7
2355	7
2356	7
2357	7
2358	7
2359	7
2360	7
2361	7
2362	7
2363	7
2364	7
2365	7
2366	9
2367	9
2368	9
2369	9
2370	9
2371	9
2372	9
2373	9
2374	9
2375	9
2376	9
2377	9
2378	9
2379	9
2380	9
2381	9
2382	9
2383	9
2384	9
2385	9
2386	9
2387	9
2388	9
2389	9
2390	9
2391	9
2392	9
2393	9
2394	9
2395	9
2396	9
2397	9
2398	9
2399	9
2400	9
2401	9
2402	9
2403	9
2404	9
2405	9
2406	9
2407	9
2408	9
2409	9
2410	9
2411	9
2412	9
2413	9
2414	9
2415	1
2416	1
2417	1
2418	1
2419	12
2420	12
2421	1
2422	1
2423	1
2424	1
2425	1
2426	1
2427	12
2428	12
2429	12
2430	12
2431	1
2432	1
2433	1
2434	1
2435	1
2436	1
2437	1
2438	1
2439	1
2440	1
2441	1
2442	1
2443	1
2444	1
2445	1
2446	1
2447	1
2448	1
2449	1
2450	1
2451	1
2452	1
2453	1
2454	1
2455	1
2456	1
2457	1
2458	1
2459	1
2460	1
2461	1
2462	1
2463	1
2464	1
2465	1
2466	1
2467	1
2468	1
2469	1
2470	1
2471	1
2472	1
2473	1
2474	1
2475	1
2476	1
2477	1
2478	1
2479	1
2480	1
2481	1
2482	1
2483	1
2484	1
2485	1
2486	1
2487	1
2488	1
2489	1
2490	1
2491	1
2492	1
2493	1
2494	1
2495	1
2496	12
2497	12
2498	12
2499	1
2500	1
2501	1
2502	1
2503	1
2504	1
2505	1
2506	1
2507	1
2508	12
2509	12
2510	12
2511	1
2512	1
2513	12
2514	12
2515	1
2516	1
2517	1
2518	1
2519	1
2520	1
2521	1
2522	1
2523	12
2524	1
2525	12
2526	1
2527	1
2528	1
2529	12
2530	12
2531	12
2532	12
2533	12
2534	12
2535	12
2536	12
2537	12
2538	12
2539	1
2540	12
2541	1
2542	12
2543	1
2544	1
2545	1
2546	1
2547	1
2548	1
2549	1
2550	1
2551	1
2552	12
2553	12
2554	1
2555	1
2556	1
2557	1
2558	1
2559	1
2560	1
2561	1
2562	12
2563	12
2564	1
2565	12
2566	1
2567	1
2568	12
2569	12
2570	12
2571	1
2572	1
2573	1
2574	12
2575	1
2576	1
2577	1
2578	1
2579	1
2580	1
2581	1
2582	1
2583	1
2584	1
2585	1
2586	1
2587	12
2588	12
2589	12
2590	12
2591	12
2592	12
2593	12
2594	1
2595	1
2596	1
2597	1
2598	1
2599	1
2600	1
2601	1
2602	1
2603	1
2604	12
2605	12
2606	11
2607	11
2608	11
2609	11
2610	11
2611	11
2612	11
2613	11
2614	11
2615	11
2616	11
2617	11
2618	11
2619	11
2620	11
2621	11
2622	11
2623	11
2624	11
2625	11
2626	11
2627	11
2628	11
2629	11
2630	11
2631	11
2632	11
2633	11
2634	11
2635	11
2636	11
2637	11
2638	11
2639	11
2640	5
2641	5
2642	5
2643	5
2644	5
2645	5
2646	5
2647	5
2648	5
2649	5
2650	5
2651	5
2652	5
2653	5
2654	5
2655	13
2656	5
2657	13
2658	13
2659	5
2660	5
2661	13
2662	13
2663	5
2664	5
2665	5
2666	5
2667	5
2668	5
2669	5
2670	13
2671	5
2672	5
2673	5
2674	13
2675	13
2676	5
2677	5
2678	13
2679	5
2680	5
2681	5
2682	5
2683	5
2684	5
2685	5
2686	5
2687	5
2688	2
2689	2
2690	2
2691	2
315	7
1657	4
