0	4
1	4
2	4
3	4
4	4
5	4
6	4
7	9
8	9
9	9
10	9
11	9
12	9
13	9
14	9
15	9
16	9
17	9
18	4
19	4
20	4
21	11
22	11
23	11
24	11
25	11
26	11
27	11
28	11
29	3
30	3
31	2
32	3
33	2
34	2
35	2
36	2
37	3
38	3
39	2
40	3
41	2
42	3
43	2
44	2
45	3
46	3
47	2
48	2
49	3
50	3
51	3
52	3
53	8
54	8
55	8
56	8
57	8
58	3
59	3
60	3
61	3
62	3
63	3
64	3
65	8
66	8
67	8
68	8
69	8
70	8
71	11
72	11
73	11
74	11
75	3
76	3
77	3
78	3
79	3
80	3
81	3
82	3
83	13
84	13
85	13
86	13
87	13
88	13
89	13
90	13
91	13
92	13
93	13
94	13
95	13
96	9
97	9
98	9
99	9
100	9
101	9
102	9
103	9
104	9
105	9
106	9
107	9
108	9
109	9
110	9
111	9
112	9
113	9
114	9
115	9
116	9
117	9
118	9
119	9
120	9
121	9
122	9
123	9
124	9
125	9
126	9
127	9
128	9
129	6
130	6
131	6
132	6
133	6
134	6
135	6
136	6
137	6
138	6
139	6
140	6
141	6
142	6
143	6
144	6
145	6
146	6
147	6
148	6
149	6
150	6
151	6
152	6
153	6
154	6
155	6
156	6
157	6
158	6
159	6
160	6
161	6
162	6
163	6
164	6
165	6
166	7
167	7
168	7
169	7
170	7
171	7
172	7
173	7
174	7
175	7
176	7
177	7
178	7
179	7
180	7
181	7
182	7
183	3
184	3
185	3
186	3
187	3
188	3
189	3
190	3
191	3
192	3
193	3
194	3
195	3
196	3
197	3
198	3
199	3
200	3
201	3
202	3
203	3
204	3
205	3
206	3
207	3
208	11
209	11
210	11
211	11
212	11
213	11
214	11
215	11
216	11
217	11
218	11
219	11
220	11
221	11
222	11
223	11
224	11
225	11
226	11
227	11
228	11
229	11
230	11
231	11
232	11
233	11
234	11
235	11
236	11
237	11
238	11
239	11
240	11
241	11
242	11
243	11
244	11
245	11
246	11
247	11
248	3
249	3
250	3
251	3
252	3
253	3
254	3
255	3
256	3
257	3
258	3
259	3
260	3
261	12
262	12
263	12
264	12
265	12
266	12
267	12
268	12
269	12
270	12
271	12
272	12
273	12
274	12
275	12
276	12
277	12
278	12
279	12
280	12
281	12
282	12
283	12
284	12
285	12
286	12
287	12
288	12
289	12
290	12
291	12
292	12
293	12
294	12
295	12
296	12
297	12
298	12
299	12
300	12
301	12
302	3
303	3
304	3
305	3
306	13
307	13
308	8
309	13
310	13
311	13
312	8
313	8
314	13
316	2
317	2
318	2
319	2
320	2
321	2
322	2
323	2
324	2
325	2
326	2
327	2
328	2
329	2
330	2
331	8
332	8
333	8
334	13
335	8
336	13
337	2
338	2
339	2
340	8
341	8
342	13
343	13
344	13
345	13
346	8
347	13
348	8
349	13
350	13
351	13
352	13
353	13
354	13
355	13
356	6
357	6
358	6
359	6
360	6
361	6
362	6
363	6
364	6
365	13
366	6
367	13
368	6
369	13
370	13
371	13
372	13
373	13
374	13
375	13
376	13
377	13
378	13
379	13
380	13
381	13
382	13
383	13
384	13
385	8
386	13
387	13
388	13
389	2
390	2
391	2
392	2
393	2
394	13
395	13
396	8
397	13
398	2
399	2
400	2
401	2
402	2
403	11
404	11
405	11
406	11
407	11
408	11
409	4
410	4
411	4
412	4
413	4
414	4
415	4
416	4
417	4
418	4
419	4
420	4
421	4
422	4
423	4
424	4
425	7
426	7
427	7
428	7
429	7
430	7
431	7
432	7
433	4
434	4
435	4
436	4
437	4
438	4
439	4
440	4
441	4
442	4
443	4
444	4
445	4
446	7
447	7
448	7
449	7
450	7
451	4
452	4
453	4
454	7
455	7
456	7
457	4
458	4
459	4
460	4
461	4
462	4
463	7
464	7
465	7
466	7
467	7
468	7
469	7
470	7
471	7
472	7
473	4
474	4
475	12
476	12
477	12
478	12
479	12
480	12
481	12
482	12
483	12
484	11
485	11
486	12
487	12
488	12
489	12
490	12
491	12
492	12
493	12
494	12
495	12
496	12
497	12
498	11
499	12
500	12
501	12
502	11
503	12
504	12
505	12
506	11
507	11
508	11
509	11
510	11
511	11
512	11
513	11
514	11
515	11
516	11
517	11
518	11
519	11
520	11
521	11
522	9
523	9
524	9
525	9
526	4
527	4
528	9
529	9
530	9
531	9
532	9
533	9
534	9
535	9
536	9
537	9
538	4
539	4
540	4
541	4
542	4
543	4
544	4
545	4
546	4
547	4
548	4
549	4
550	4
551	4
552	4
553	4
554	4
555	4
556	4
557	4
558	4
559	11
560	11
561	11
562	11
563	11
564	11
565	4
566	4
567	4
568	4
569	4
570	13
571	13
572	13
573	13
574	13
575	13
576	13
577	13
578	13
579	13
580	13
581	4
582	4
583	4
584	4
585	4
586	4
587	12
588	12
589	12
590	12
591	12
592	11
593	11
594	12
595	11
596	12
597	11
598	12
599	11
600	11
601	11
602	11
603	3
604	3
605	3
606	3
607	3
608	3
609	3
610	3
611	3
612	3
613	3
614	3
615	3
616	3
617	12
618	11
619	11
620	12
621	12
622	12
623	12
624	12
625	12
626	12
627	12
628	11
629	11
630	11
631	11
632	12
633	11
634	12
635	11
636	12
637	12
638	12
639	3
640	4
641	3
642	4
643	3
644	4
645	4
646	4
647	4
648	4
649	4
650	4
651	4
652	4
653	3
654	3
655	3
656	4
657	7
658	7
659	12
660	12
661	4
662	4
663	4
664	4
665	4
666	4
667	4
668	4
669	4
670	11
671	11
672	11
673	11
674	11
675	11
676	11
677	11
678	11
679	11
680	4
681	4
682	4
683	4
684	4
685	4
686	4
687	4
688	4
689	4
690	4
691	4
692	4
693	4
694	4
695	4
696	4
697	11
698	11
699	11
700	11
701	11
702	11
703	11
704	11
705	11
706	6
707	11
708	11
709	11
710	11
711	11
712	11
713	11
714	4
715	4
716	11
717	11
718	11
719	11
720	11
721	11
722	11
723	11
724	11
725	11
726	11
727	11
728	11
729	11
730	11
731	11
732	2
733	2
734	2
735	2
736	2
737	12
738	7
739	7
740	7
741	7
742	7
743	7
744	12
745	2
746	2
747	2
748	2
749	2
750	2
751	2
752	2
753	2
754	2
755	2
756	2
757	2
758	2
759	2
760	2
761	2
762	2
763	2
764	2
765	2
766	7
767	7
768	7
769	7
770	2
771	2
772	7
773	7
774	7
775	7
776	7
777	7
778	7
779	7
780	7
781	7
782	7
783	7
784	7
785	1
786	7
787	7
788	7
789	7
790	7
791	1
792	1
793	1
794	1
795	1
796	1
797	1
798	1
799	1
800	1
801	7
802	7
803	7
804	7
805	1
806	1
807	1
808	7
809	7
810	7
811	2
812	9
813	2
814	2
815	2
816	9
817	2
818	9
819	9
820	9
821	2
822	9
823	2
824	9
825	9
826	9
827	9
828	9
829	9
830	2
831	2
832	9
833	9
834	2
835	2
836	2
837	2
838	2
839	9
840	2
841	9
842	2
843	2
844	2
845	9
846	2
847	9
848	9
849	9
850	9
851	9
852	2
853	2
854	2
855	9
856	9
857	9
858	3
859	3
860	3
861	3
862	3
863	3
864	3
865	3
866	3
867	3
868	3
869	3
870	3
871	2
872	2
873	9
874	9
875	2
876	2
877	2
878	9
879	9
880	9
881	2
882	2
883	2
884	2
885	2
886	2
887	2
888	9
889	9
890	9
891	9
892	9
893	2
894	2
895	2
896	2
897	9
898	9
899	9
900	9
901	9
902	2
903	2
904	2
905	2
906	9
907	9
908	9
909	9
910	9
911	9
912	9
913	9
914	2
915	2
916	9
917	2
918	9
919	9
920	9
921	9
922	9
923	9
924	9
925	2
926	9
927	2
928	2
929	2
930	9
931	2
932	9
933	9
934	9
935	2
936	2
937	2
938	9
939	9
940	9
941	9
942	9
943	9
944	9
945	9
946	9
947	2
948	2
949	2
950	9
951	9
952	9
953	9
954	9
955	9
956	9
957	2
958	2
959	2
960	9
961	9
962	9
963	2
964	2
965	2
966	9
967	9
968	9
969	2
970	9
971	9
972	2
973	2
974	9
975	9
976	2
977	2
978	9
979	9
980	9
981	9
982	8
983	2
984	8
985	6
986	6
987	6
988	6
989	6
990	6
991	6
992	6
993	6
994	6
995	6
996	6
997	6
998	6
999	6
1000	12
1001	6
1002	6
1003	6
1004	6
1005	6
1006	6
1007	2
1008	2
1009	6
1010	2
1011	2
1012	2
1013	2
1014	8
1015	8
1016	8
1017	2
1018	2
1019	2
1020	8
1021	8
1022	2
1023	8
1024	8
1025	8
1026	8
1027	2
1028	8
1029	8
1030	8
1031	2
1032	8
1033	8
1034	2
1035	2
1036	2
1037	2
1038	8
1039	2
1040	8
1041	2
1042	2
1043	8
1044	8
1045	8
1046	2
1047	2
1048	2
1049	2
1050	2
1051	2
1052	8
1053	2
1054	2
1055	2
1056	2
1057	2
1058	2
1059	8
1060	2
1061	2
1062	2
1063	2
1064	2
1065	2
1066	2
1067	2
1068	2
1069	8
1070	2
1071	8
1072	8
1073	8
1074	2
1075	3
1076	3
1077	3
1078	3
1079	3
1080	3
1081	3
1082	3
1083	3
1084	3
1085	3
1086	3
1087	12
1088	12
1089	12
1090	12
1091	12
1092	12
1093	12
1094	11
1095	11
1096	11
1097	11
1098	11
1099	11
1100	11
1101	11
1102	11
1103	11
1104	11
1105	11
1106	11
1107	8
1108	8
1109	8
1110	8
1111	8
1112	8
1113	8
1114	8
1115	8
1116	8
1117	8
1118	8
1119	8
1120	8
1121	8
1122	8
1123	8
1124	8
1125	8
1126	8
1127	8
1128	8
1129	8
1130	8
1131	8
1132	8
1133	8
1134	8
1135	8
1136	8
1137	8
1138	8
1139	8
1140	8
1141	8
1142	8
1143	8
1144	8
1145	8
1146	8
1147	8
1148	8
1149	8
1150	8
1151	8
1152	8
1153	8
1154	8
1155	8
1156	8
1157	8
1158	8
1159	8
1160	8
1161	8
1162	8
1163	8
1164	8
1165	8
1166	8
1167	8
1168	8
1169	8
1170	2
1171	2
1172	2
1173	8
1174	2
1175	2
1176	8
1177	2
1178	2
1179	2
1180	2
1181	2
1182	2
1183	2
1184	2
1185	8
1186	8
1187	8
1188	8
1189	8
1190	2
1191	2
1192	2
1193	8
1194	2
1195	8
1196	2
1197	2
1198	2
1199	8
1200	13
1201	13
1202	13
1203	13
1204	13
1205	13
1206	13
1207	13
1208	13
1209	13
1210	13
1211	13
1212	13
1213	13
1214	13
1215	13
1216	13
1217	13
1218	13
1219	13
1220	13
1221	13
1222	13
1223	13
1224	13
1225	13
1226	13
1227	13
1228	13
1229	13
1230	13
1231	13
1232	13
1233	13
1234	13
1235	13
1236	13
1237	13
1238	13
1239	13
1240	12
1241	12
1242	11
1243	11
1244	11
1245	12
1246	11
1247	11
1248	11
1249	11
1250	11
1251	11
1252	11
1253	3
1254	3
1255	3
1256	3
1257	3
1258	11
1259	11
1260	11
1261	11
1262	11
1263	12
1264	3
1265	3
1266	3
1267	3
1268	3
1269	3
1270	3
1271	3
1272	3
1273	3
1274	3
1275	3
1276	3
1277	3
1278	1
1279	1
1280	1
1281	11
1282	12
1283	12
1284	3
1285	3
1286	3
1287	3
1288	1
1289	1
1290	1
1291	1
1292	1
1293	1
1294	1
1295	1
1296	1
1297	1
1298	1
1299	1
1300	1
1301	1
1302	1
1303	3
1304	3
1305	3
1306	3
1307	3
1308	3
1309	3
1310	3
1311	3
1312	3
1313	3
1314	8
1315	8
1316	8
1317	8
1318	8
1319	8
1320	8
1321	8
1322	8
1323	8
1324	8
1325	8
1326	8
1327	8
1328	8
1329	8
1330	8
1331	8
1332	8
1333	8
1334	8
1335	8
1336	8
1337	8
1338	8
1339	8
1340	8
1341	8
1342	8
1343	8
1344	8
1345	8
1346	3
1347	3
1348	3
1349	3
1350	3
1351	3
1352	3
1353	3
1354	3
1355	3
1356	3
1357	3
1358	3
1359	3
1360	3
1361	3
1362	3
1363	13
1364	13
1365	13
1366	13
1367	13
1368	13
1369	13
1370	13
1371	13
1372	13
1373	13
1374	13
1375	13
1376	13
1377	13
1378	13
1379	13
1380	13
1381	1
1382	1
1383	1
1384	1
1385	1
1386	1
1387	1
1388	1
1389	1
1390	1
1391	1
1392	1
1393	1
1394	1
1395	1
1396	1
1397	4
1398	3
1399	3
1400	3
1401	3
1402	3
1403	3
1404	4
1405	3
1406	3
1407	3
1408	3
1409	3
1410	3
1411	3
1412	3
1413	3
1414	3
1415	3
1416	3
1417	3
1418	4
1419	3
1420	3
1421	3
1422	4
1423	3
1424	3
1425	4
1426	4
1427	3
1428	9
1429	9
1430	9
1431	10
1432	9
1433	9
1434	9
1435	9
1436	9
1437	9
1438	9
1439	9
1440	10
1441	9
1442	9
1443	9
1444	9
1445	9
1446	9
1447	9
1448	9
1449	9
1450	9
1451	9
1452	9
1453	9
1454	9
1455	9
1456	9
1457	9
1458	9
1459	9
1460	10
1461	9
1462	9
1463	9
1464	10
1465	11
1466	11
1467	11
1468	11
1469	11
1470	11
1471	11
1472	11
1473	11
1474	11
1475	11
1476	11
1477	11
1478	11
1479	11
1480	11
1481	11
1482	11
1483	11
1484	11
1485	11
1486	11
1487	11
1488	11
1489	2
1490	2
1491	2
1492	2
1493	2
1494	2
1495	2
1496	2
1497	2
1498	2
1499	2
1500	2
1501	4
1502	4
1503	4
1504	4
1505	4
1506	4
1507	4
1508	4
1509	4
1510	4
1511	4
1512	4
1513	4
1514	4
1515	4
1516	4
1517	4
1518	4
1519	4
1520	4
1521	4
1522	4
1523	4
1524	4
1525	4
1526	4
1527	4
1528	4
1529	7
1530	7
1531	7
1532	7
1533	7
1534	7
1535	7
1536	7
1537	7
1538	7
1539	7
1540	7
1541	7
1542	7
1543	7
1544	7
1545	7
1546	7
1547	7
1548	7
1549	7
1550	7
1551	7
1552	13
1553	13
1554	13
1555	13
1556	13
1557	13
1558	13
1559	13
1560	13
1561	13
1562	13
1563	13
1564	13
1565	13
1566	13
1567	13
1568	13
1569	13
1570	13
1571	13
1572	13
1573	13
1574	13
1575	13
1576	2
1577	2
1578	2
1579	2
1580	2
1581	2
1582	2
1583	2
1584	2
1585	2
1586	2
1587	2
1588	2
1589	2
1590	2
1591	2
1592	2
1593	3
1594	3
1595	3
1596	3
1597	3
1598	3
1599	3
1600	3
1601	3
1602	13
1603	13
1604	13
1605	13
1606	13
1607	13
1608	13
1609	13
1610	13
1611	13
1612	13
1613	13
1614	13
1615	13
1616	13
1617	13
1618	11
1619	11
1620	11
1621	11
1622	11
1623	11
1624	11
1625	11
1626	11
1627	11
1628	11
1629	9
1630	9
1631	9
1632	9
1633	9
1634	9
1635	9
1636	9
1637	9
1638	9
1639	9
1640	9
1641	9
1642	9
1643	9
1644	11
1645	11
1646	11
1647	11
1648	11
1649	9
1650	9
1651	9
1652	9
1653	9
1654	9
1655	9
1656	9
1658	9
1659	9
1660	9
1661	9
1662	9
1663	9
1664	9
1665	9
1666	9
1667	9
1668	9
1669	9
1670	9
1671	9
1672	9
1673	11
1674	9
1675	9
1676	9
1677	11
1678	12
1679	12
1680	12
1681	12
1682	12
1683	12
1684	12
1685	2
1686	2
1687	2
1688	2
1689	2
1690	2
1691	2
1692	2
1693	2
1694	2
1695	2
1696	2
1697	2
1698	2
1699	2
1700	2
1701	4
1702	4
1703	10
1704	10
1705	4
1706	4
1707	4
1708	4
1709	4
1710	2
1711	4
1712	2
1713	11
1714	11
1715	11
1716	11
1717	11
1718	11
1719	11
1720	11
1721	11
1722	11
1723	11
1724	11
1725	2
1726	4
1727	4
1728	11
1729	4
1730	4
1731	4
1732	4
1733	4
1734	4
1735	4
1736	4
1737	4
1738	4
1739	4
1740	4
1741	4
1742	5
1743	5
1744	5
1745	5
1746	5
1747	5
1748	5
1749	5
1750	5
1751	5
1752	5
1753	5
1754	5
1755	4
1756	5
1757	11
1758	11
1759	11
1760	11
1761	5
1762	5
1763	5
1764	5
1765	5
1766	5
1767	5
1768	5
1769	5
1770	5
1771	5
1772	5
1773	5
1774	11
1775	11
1776	11
1777	11
1778	11
1779	11
1780	11
1781	11
1782	11
1783	11
1784	11
1785	11
1786	11
1787	5
1788	5
1789	5
1790	5
1791	5
1792	5
1793	5
1794	5
1795	11
1796	11
1797	11
1798	11
1799	5
1800	4
1801	4
1802	5
1803	5
1804	5
1805	5
1806	5
1807	5
1808	5
1809	9
1810	10
1811	10
1812	10
1813	10
1814	10
1815	10
1816	9
1817	10
1818	10
1819	9
1820	9
1821	10
1822	10
1823	10
1824	10
1825	10
1826	10
1827	10
1828	9
1829	10
1830	11
1831	11
1832	11
1833	11
1834	11
1835	10
1836	10
1837	11
1838	9
1839	10
1840	13
1841	13
1842	13
1843	13
1844	13
1845	9
1846	10
1847	10
1848	10
1849	10
1850	10
1851	10
1852	10
1853	10
1854	10
1855	10
1856	10
1857	11
1858	11
1859	11
1860	11
1861	11
1862	11
1863	10
1864	9
1865	9
1866	9
1867	10
1868	9
1869	10
1870	9
1871	10
1872	12
1873	12
1874	12
1875	12
1876	12
1877	12
1878	12
1879	12
1880	12
1881	12
1882	12
1883	12
1884	12
1885	12
1886	12
1887	12
1888	12
1889	12
1890	12
1891	12
1892	12
1893	12
1894	12
1895	3
1896	3
1897	3
1898	8
1899	8
1900	8
1901	8
1902	8
1903	8
1904	3
1905	3
1906	3
1907	3
1908	3
1909	3
1910	3
1911	3
1912	3
1913	3
1914	3
1915	3
1916	8
1917	8
1918	8
1919	8
1920	8
1921	8
1922	8
1923	8
1924	3
1925	3
1926	3
1927	3
1928	3
1929	3
1930	3
1931	3
1932	3
1933	3
1934	3
1935	3
1936	3
1937	3
1938	3
1939	3
1940	3
1941	3
1942	3
1943	3
1944	3
1945	3
1946	3
1947	3
1948	3
1949	3
1950	3
1951	3
1952	3
1953	3
1954	3
1955	3
1956	3
1957	3
1958	3
1959	3
1960	3
1961	3
1962	3
1963	3
1964	3
1965	3
1966	3
1967	3
1968	3
1969	3
1970	3
1971	3
1972	3
1973	3
1974	3
1975	3
1976	7
1977	7
1978	7
1979	7
1980	7
1981	7
1982	7
1983	7
1984	7
1985	7
1986	7
1987	7
1988	7
1989	7
1990	7
1991	7
1992	7
1993	7
1994	7
1995	7
1996	7
1997	7
1998	7
1999	7
2000	7
2001	7
2002	7
2003	7
2004	7
2005	7
2006	7
2007	7
2008	7
2009	7
2010	7
2011	7
2012	7
2013	7
2014	7
2015	7
2016	7
2017	12
2018	12
2019	12
2020	12
2021	12
2022	12
2023	12
2024	12
2025	12
2026	12
2027	12
2028	12
2029	12
2030	12
2031	7
2032	7
2033	12
2034	12
2035	12
2036	12
2037	12
2038	11
2039	11
2040	11
2041	11
2042	11
2043	12
2044	12
2045	12
2046	12
2047	12
2048	11
2049	11
2050	12
2051	12
2052	12
2053	12
2054	12
2055	12
2056	12
2057	12
2058	13
2059	13
2060	13
2061	13
2062	13
2063	13
2064	13
2065	13
2066	13
2067	13
2068	12
2069	12
2070	12
2071	12
2072	12
2073	12
2074	12
2075	12
2076	12
2077	12
2078	12
2079	12
2080	12
2081	12
2082	12
2083	12
2084	12
2085	12
2086	12
2087	12
2088	12
2089	2
2090	2
2091	2
2092	2
2093	2
2094	2
2095	2
2096	4
2097	4
2098	4
2099	4
2100	4
2101	4
2102	4
2103	4
2104	4
2105	4
2106	4
2107	4
2108	4
2109	4
2110	4
2111	4
2112	4
2113	10
2114	5
2115	5
2116	5
2117	5
2118	10
2119	10
2120	10
2121	5
2122	10
2123	10
2124	12
2125	5
2126	5
2127	5
2128	5
2129	5
2130	10
2131	5
2132	5
2133	10
2134	5
2135	5
2136	10
2137	10
2138	10
2139	10
2140	10
2141	10
2142	10
2143	10
2144	10
2145	10
2146	10
2147	10
2148	10
2149	10
2150	5
2151	5
2152	5
2153	5
2154	5
2155	5
2156	10
2157	5
2158	5
2159	10
2160	5
2161	5
2162	5
2163	5
2164	10
2165	10
2166	5
2167	10
2168	10
2169	5
2170	5
2171	5
2172	5
2173	5
2174	10
2175	10
2176	10
2177	10
2178	5
2179	5
2180	10
2181	10
2182	5
2183	5
2184	5
2185	5
2186	5
2187	5
2188	10
2189	10
2190	5
2191	5
2192	5
2193	5
2194	10
2195	5
2196	10
2197	10
2198	5
2199	10
2200	5
2201	10
2202	10
2203	5
2204	5
2205	5
2206	5
2207	5
2208	10
2209	5
2210	5
2211	5
2212	5
2213	5
2214	5
2215	10
2216	10
2217	5
2218	5
2219	5
2220	5
2221	5
2222	10
2223	10
2224	5
2225	5
2226	5
2227	5
2228	10
2229	10
2230	10
2231	10
2232	5
2233	10
2234	10
2235	5
2236	10
2237	10
2238	10
2239	5
2240	5
2241	10
2242	10
2243	10
2244	10
2245	10
2246	5
2247	10
2248	10
2249	5
2250	5
2251	5
2252	5
2253	10
2254	10
2255	10
2256	10
2257	5
2258	10
2259	5
2260	5
2261	10
2262	5
2263	5
2264	5
2265	5
2266	10
2267	5
2268	5
2269	10
2270	10
2271	5
2272	5
2273	10
2274	5
2275	5
2276	5
2277	10
2278	10
2279	10
2280	5
2281	5
2282	10
2283	10
2284	12
2285	12
2286	5
2287	5
2288	5
2289	5
2290	5
2291	5
2292	5
2293	5
2294	10
2295	5
2296	5
2297	10
2298	10
2299	10
2300	10
2301	5
2302	10
2303	10
2304	10
2305	5
2306	5
2307	5
2308	5
2309	12
2310	12
2311	12
2312	8
2313	8
2314	8
2315	8
2316	8
2317	8
2318	8
2319	8
2320	8
2321	8
2322	8
2323	8
2324	8
2325	8
2326	8
2327	8
2328	8
2329	8
2330	3
2331	3
2332	3
2333	3
2334	3
2335	3
2336	3
2337	3
2338	3
2339	3
2340	3
2341	3
2342	3
2343	3
2344	3
2345	3
2346	8
2347	8
2348	8
2349	8
2350	8
2351	8
2352	8
2353	8
2354	8
2355	8
2356	8
2357	8
2358	8
2359	8
2360	8
2361	8
2362	8
2363	8
2364	8
2365	8
2366	10
2367	10
2368	10
2369	10
2370	10
2371	10
2372	10
2373	10
2374	10
2375	10
2376	10
2377	10
2378	10
2379	10
2380	10
2381	10
2382	10
2383	10
2384	10
2385	10
2386	10
2387	10
2388	10
2389	10
2390	10
2391	10
2392	10
2393	10
2394	10
2395	10
2396	10
2397	10
2398	10
2399	10
2400	10
2401	10
2402	10
2403	10
2404	10
2405	10
2406	10
2407	10
2408	10
2409	10
2410	10
2411	10
2412	10
2413	10
2414	10
2415	1
2416	1
2417	1
2418	1
2419	6
2420	6
2421	1
2422	1
2423	1
2424	1
2425	1
2426	1
2427	6
2428	6
2429	1
2430	1
2431	1
2432	1
2433	1
2434	1
2435	1
2436	1
2437	1
2438	1
2439	1
2440	1
2441	1
2442	1
2443	1
2444	1
2445	1
2446	1
2447	1
2448	1
2449	6
2450	6
2451	6
2452	6
2453	6
2454	1
2455	1
2456	1
2457	1
2458	1
2459	1
2460	1
2461	1
2462	1
2463	1
2464	1
2465	1
2466	1
2467	1
2468	1
2469	1
2470	1
2471	1
2472	6
2473	1
2474	1
2475	1
2476	1
2477	1
2478	1
2479	1
2480	1
2481	1
2482	1
2483	1
2484	1
2485	6
2486	6
2487	1
2488	1
2489	1
2490	6
2491	6
2492	1
2493	1
2494	1
2495	6
2496	1
2497	1
2498	1
2499	1
2500	1
2501	6
2502	1
2503	1
2504	1
2505	1
2506	1
2507	1
2508	1
2509	1
2510	1
2511	1
2512	1
2513	1
2514	1
2515	6
2516	6
2517	6
2518	6
2519	6
2520	6
2521	6
2522	6
2523	1
2524	1
2525	6
2526	1
2527	6
2528	1
2529	1
2530	6
2531	1
2532	1
2533	6
2534	1
2535	1
2536	1
2537	1
2538	1
2539	6
2540	6
2541	6
2542	1
2543	1
2544	6
2545	6
2546	6
2547	1
2548	1
2549	1
2550	6
2551	6
2552	6
2553	6
2554	6
2555	6
2556	6
2557	6
2558	1
2559	1
2560	1
2561	1
2562	1
2563	1
2564	1
2565	1
2566	1
2567	1
2568	6
2569	1
2570	1
2571	1
2572	1
2573	1
2574	1
2575	6
2576	6
2577	6
2578	6
2579	6
2580	6
2581	1
2582	1
2583	6
2584	6
2585	1
2586	1
2587	6
2588	1
2589	1
2590	1
2591	1
2592	1
2593	1
2594	1
2595	1
2596	1
2597	1
2598	1
2599	1
2600	6
2601	6
2602	1
2603	1
2604	1
2605	6
2606	12
2607	12
2608	12
2609	12
2610	12
2611	12
2612	12
2613	12
2614	12
2615	12
2616	12
2617	12
2618	12
2619	12
2620	12
2621	12
2622	12
2623	12
2624	12
2625	12
2626	12
2627	12
2628	12
2629	12
2630	12
2631	12
2632	12
2633	12
2634	12
2635	12
2636	12
2637	12
2638	12
2639	12
2640	7
2641	7
2642	7
2643	7
2644	7
2645	6
2646	6
2647	6
2648	7
2649	7
2650	7
2651	6
2652	7
2653	6
2654	6
2655	6
2656	7
2657	7
2658	7
2659	7
2660	7
2661	6
2662	7
2663	7
2664	6
2665	7
2666	7
2667	6
2668	7
2669	6
2670	6
2671	7
2672	7
2673	7
2674	7
2675	7
2676	6
2677	6
2678	6
2679	7
2680	6
2681	6
2682	6
2683	7
2684	7
2685	7
2686	7
2687	7
2688	3
2689	3
2690	3
2691	3
315	2
1657	9
