0	1
1	1
2	1
3	1
4	1
5	1
6	1
7	13
8	13
9	13
10	13
11	5
12	13
13	13
14	13
15	13
16	5
17	5
18	1
19	1
20	1
21	8
22	8
23	8
24	8
25	8
26	8
27	8
28	8
29	6
30	6
31	6
32	6
33	6
34	6
35	6
36	6
37	6
38	6
39	6
40	6
41	6
42	6
43	6
44	6
45	6
46	6
47	6
48	6
49	11
50	11
51	11
52	11
53	13
54	13
55	13
56	13
57	13
58	11
59	11
60	11
61	11
62	11
63	11
64	11
65	13
66	13
67	13
68	13
69	13
70	13
71	8
72	8
73	8
74	8
75	11
76	11
77	11
78	11
79	11
80	11
81	11
82	11
83	12
84	12
85	12
86	12
87	12
88	12
89	12
90	12
91	12
92	12
93	12
94	12
95	12
96	5
97	13
98	5
99	5
100	13
101	13
102	13
103	5
104	13
105	5
106	13
107	13
108	5
109	13
110	13
111	13
112	13
113	13
114	13
115	13
116	13
117	13
118	13
119	13
120	13
121	13
122	5
123	13
124	5
125	5
126	13
127	13
128	13
129	10
130	10
131	10
132	10
133	10
134	10
135	10
136	10
137	10
138	10
139	10
140	10
141	10
142	10
143	10
144	10
145	10
146	10
147	10
148	10
149	10
150	10
151	10
152	10
153	10
154	10
155	10
156	10
157	10
158	10
159	10
160	10
161	10
162	10
163	10
164	10
165	10
166	2
167	2
168	2
169	2
170	2
171	2
172	2
173	2
174	2
175	2
176	2
177	2
178	2
179	2
180	2
181	2
182	2
183	11
184	11
185	11
186	11
187	11
188	11
189	11
190	11
191	11
192	11
193	11
194	11
195	11
196	11
197	11
198	11
199	11
200	11
201	11
202	11
203	11
204	11
205	11
206	11
207	11
208	8
209	8
210	8
211	8
212	8
213	8
214	8
215	8
216	8
217	8
218	8
219	8
220	8
221	8
222	8
223	8
224	8
225	8
226	10
227	10
228	10
229	10
230	10
231	10
232	10
233	10
234	10
235	10
236	8
237	8
238	8
239	8
240	8
241	8
242	8
243	8
244	8
245	8
246	8
247	8
248	11
249	11
250	11
251	11
252	11
253	11
254	11
255	11
256	11
257	11
258	11
259	11
260	11
261	10
262	10
263	10
264	10
265	10
266	10
267	10
268	10
269	10
270	10
271	10
272	10
273	10
274	10
275	10
276	10
277	10
278	10
279	10
280	10
281	10
282	10
283	10
284	10
285	10
286	10
287	10
288	10
289	10
290	10
291	10
292	10
293	10
294	10
295	10
296	10
297	10
298	10
299	10
300	10
301	10
302	11
303	11
304	11
305	11
306	3
307	3
308	3
309	3
310	3
311	3
312	3
313	3
314	3
316	6
317	6
318	6
319	6
320	6
321	6
322	6
323	6
324	6
325	6
326	6
327	6
328	6
329	6
330	6
331	3
332	3
333	3
334	3
335	3
336	3
337	6
338	6
339	6
340	3
341	3
342	3
343	3
344	3
345	3
346	3
347	3
348	3
349	3
350	3
351	3
352	3
353	3
354	3
355	3
356	12
357	12
358	3
359	12
360	12
361	12
362	3
363	12
364	12
365	12
366	12
367	3
368	3
369	3
370	3
371	3
372	3
373	3
374	3
375	3
376	3
377	3
378	3
379	3
380	3
381	3
382	3
383	3
384	3
385	3
386	3
387	3
388	3
389	6
390	6
391	6
392	6
393	6
394	3
395	3
396	3
397	3
398	6
399	6
400	6
401	6
402	6
403	8
404	8
405	8
406	8
407	8
408	8
409	1
410	1
411	1
412	1
413	1
414	1
415	1
416	1
417	1
418	1
419	1
420	1
421	1
422	1
423	1
424	1
425	2
426	2
427	2
428	2
429	2
430	2
431	2
432	2
433	1
434	1
435	1
436	1
437	1
438	1
439	1
440	1
441	1
442	1
443	1
444	1
445	1
446	2
447	2
448	2
449	2
450	2
451	1
452	1
453	1
454	2
455	2
456	2
457	1
458	1
459	1
460	1
461	1
462	1
463	2
464	2
465	2
466	2
467	2
468	2
469	2
470	2
471	2
472	2
473	1
474	1
475	10
476	10
477	2
478	2
479	2
480	2
481	2
482	2
483	2
484	8
485	8
486	2
487	2
488	2
489	10
490	10
491	10
492	10
493	10
494	10
495	2
496	2
497	2
498	8
499	2
500	2
501	2
502	8
503	2
504	2
505	2
506	8
507	8
508	8
509	8
510	8
511	8
512	8
513	8
514	8
515	8
516	8
517	8
518	8
519	8
520	8
521	8
522	13
523	13
524	13
525	13
526	1
527	1
528	13
529	13
530	13
531	13
532	13
533	13
534	13
535	13
536	13
537	13
538	1
539	1
540	1
541	1
542	1
543	1
544	1
545	1
546	1
547	1
548	1
549	1
550	1
551	1
552	1
553	1
554	1
555	1
556	11
557	1
558	1
559	8
560	8
561	8
562	8
563	8
564	8
565	11
566	1
567	1
568	1
569	1
570	7
571	7
572	7
573	7
574	12
575	7
576	7
577	7
578	12
579	7
580	7
581	1
582	1
583	1
584	1
585	1
586	1
587	8
588	10
589	8
590	10
591	10
592	8
593	8
594	8
595	8
596	10
597	8
598	10
599	8
600	8
601	8
602	8
603	11
604	11
605	11
606	11
607	11
608	11
609	11
610	11
611	11
612	11
613	11
614	11
615	11
616	11
617	8
618	8
619	8
620	10
621	10
622	10
623	10
624	10
625	8
626	8
627	10
628	8
629	8
630	8
631	8
632	8
633	8
634	10
635	8
636	8
637	8
638	10
639	11
640	11
641	11
642	11
643	11
644	11
645	11
646	11
647	11
648	11
649	11
650	11
651	11
652	11
653	11
654	11
655	11
656	11
657	2
658	2
659	2
660	2
661	1
662	1
663	1
664	1
665	1
666	1
667	1
668	1
669	1
670	10
671	10
672	10
673	10
674	10
675	10
676	10
677	10
678	10
679	10
680	1
681	1
682	1
683	1
684	1
685	1
686	1
687	1
688	1
689	1
690	1
691	1
692	1
693	1
694	1
695	1
696	1
697	10
698	10
699	10
700	10
701	10
702	10
703	10
704	10
705	10
706	10
707	10
708	10
709	10
710	10
711	10
712	10
713	10
714	1
715	1
716	8
717	8
718	10
719	10
720	10
721	8
722	8
723	8
724	8
725	8
726	8
727	8
728	8
729	8
730	8
731	8
732	6
733	6
734	6
735	6
736	6
737	2
738	2
739	2
740	2
741	2
742	2
743	2
744	2
745	6
746	6
747	6
748	6
749	6
750	6
751	6
752	6
753	6
754	6
755	6
756	6
757	6
758	6
759	6
760	6
761	6
762	6
763	6
764	6
765	6
766	2
767	2
768	2
769	2
770	6
771	6
772	2
773	2
774	2
775	2
776	2
777	2
778	2
779	2
780	2
781	2
782	2
783	2
784	2
785	8
786	2
787	2
788	2
789	2
790	2
791	8
792	8
793	8
794	8
795	8
796	8
797	8
798	8
799	8
800	8
801	2
802	2
803	2
804	2
805	8
806	8
807	8
808	2
809	2
810	2
811	5
812	6
813	5
814	5
815	5
816	5
817	5
818	6
819	5
820	6
821	5
822	5
823	5
824	5
825	5
826	5
827	5
828	5
829	6
830	5
831	5
832	5
833	5
834	5
835	5
836	5
837	5
838	5
839	5
840	5
841	5
842	5
843	5
844	5
845	5
846	5
847	6
848	5
849	5
850	6
851	6
852	5
853	5
854	5
855	5
856	6
857	6
858	11
859	11
860	11
861	11
862	11
863	11
864	11
865	11
866	11
867	11
868	11
869	11
870	11
871	5
872	5
873	5
874	5
875	5
876	5
877	5
878	5
879	5
880	5
881	5
882	5
883	5
884	5
885	5
886	5
887	5
888	6
889	5
890	5
891	5
892	6
893	5
894	5
895	5
896	5
897	5
898	5
899	5
900	5
901	6
902	5
903	5
904	5
905	5
906	5
907	5
908	5
909	5
910	5
911	6
912	6
913	5
914	5
915	5
916	5
917	5
918	5
919	5
920	5
921	5
922	6
923	6
924	5
925	5
926	5
927	5
928	5
929	5
930	6
931	6
932	5
933	5
934	5
935	5
936	5
937	5
938	5
939	5
940	5
941	5
942	6
943	5
944	6
945	5
946	5
947	5
948	5
949	6
950	5
951	5
952	5
953	5
954	5
955	5
956	5
957	5
958	5
959	5
960	5
961	5
962	6
963	5
964	5
965	5
966	5
967	5
968	5
969	5
970	5
971	5
972	5
973	5
974	5
975	6
976	5
977	5
978	5
979	5
980	5
981	5
982	6
983	6
984	6
985	12
986	12
987	12
988	2
989	12
990	12
991	12
992	2
993	12
994	12
995	12
996	12
997	12
998	12
999	12
1000	2
1001	2
1002	2
1003	12
1004	12
1005	12
1006	12
1007	6
1008	6
1009	12
1010	6
1011	6
1012	6
1013	6
1014	6
1015	6
1016	6
1017	6
1018	6
1019	6
1020	6
1021	6
1022	6
1023	6
1024	6
1025	6
1026	6
1027	6
1028	6
1029	6
1030	6
1031	6
1032	6
1033	6
1034	6
1035	6
1036	6
1037	6
1038	6
1039	6
1040	6
1041	6
1042	6
1043	6
1044	6
1045	6
1046	6
1047	6
1048	6
1049	6
1050	6
1051	6
1052	6
1053	6
1054	6
1055	6
1056	6
1057	6
1058	6
1059	6
1060	6
1061	6
1062	6
1063	6
1064	6
1065	6
1066	6
1067	6
1068	6
1069	6
1070	6
1071	6
1072	6
1073	6
1074	6
1075	11
1076	11
1077	11
1078	11
1079	11
1080	11
1081	11
1082	11
1083	11
1084	11
1085	11
1086	11
1087	10
1088	10
1089	10
1090	10
1091	10
1092	10
1093	10
1094	8
1095	8
1096	8
1097	8
1098	8
1099	8
1100	8
1101	8
1102	8
1103	8
1104	8
1105	8
1106	8
1107	3
1108	3
1109	3
1110	13
1111	3
1112	13
1113	13
1114	3
1115	3
1116	13
1117	13
1118	3
1119	3
1120	3
1121	13
1122	3
1123	3
1124	3
1125	3
1126	3
1127	13
1128	3
1129	13
1130	3
1131	3
1132	13
1133	3
1134	3
1135	3
1136	13
1137	13
1138	13
1139	13
1140	13
1141	13
1142	3
1143	13
1144	3
1145	3
1146	13
1147	13
1148	13
1149	13
1150	13
1151	3
1152	13
1153	3
1154	3
1155	3
1156	3
1157	3
1158	3
1159	3
1160	3
1161	3
1162	3
1163	3
1164	3
1165	3
1166	3
1167	3
1168	3
1169	6
1170	6
1171	6
1172	6
1173	6
1174	6
1175	6
1176	6
1177	6
1178	6
1179	6
1180	6
1181	6
1182	6
1183	6
1184	6
1185	6
1186	6
1187	6
1188	6
1189	6
1190	6
1191	6
1192	6
1193	6
1194	6
1195	6
1196	6
1197	6
1198	6
1199	6
1200	13
1201	13
1202	13
1203	13
1204	13
1205	13
1206	13
1207	13
1208	13
1209	13
1210	13
1211	13
1212	13
1213	13
1214	13
1215	13
1216	13
1217	13
1218	13
1219	13
1220	13
1221	13
1222	13
1223	13
1224	13
1225	13
1226	13
1227	13
1228	13
1229	13
1230	13
1231	13
1232	13
1233	13
1234	13
1235	13
1236	13
1237	13
1238	13
1239	13
1240	10
1241	10
1242	10
1243	10
1244	10
1245	10
1246	10
1247	10
1248	10
1249	10
1250	10
1251	10
1252	10
1253	11
1254	11
1255	11
1256	11
1257	11
1258	10
1259	10
1260	10
1261	10
1262	10
1263	10
1264	11
1265	11
1266	11
1267	11
1268	11
1269	11
1270	11
1271	11
1272	11
1273	11
1274	11
1275	11
1276	11
1277	11
1278	8
1279	8
1280	8
1281	10
1282	10
1283	10
1284	11
1285	11
1286	11
1287	11
1288	8
1289	8
1290	8
1291	8
1292	8
1293	8
1294	8
1295	8
1296	8
1297	8
1298	8
1299	8
1300	8
1301	8
1302	8
1303	11
1304	11
1305	11
1306	11
1307	11
1308	11
1309	11
1310	11
1311	11
1312	11
1313	11
1314	13
1315	13
1316	13
1317	13
1318	13
1319	13
1320	13
1321	13
1322	13
1323	13
1324	13
1325	13
1326	13
1327	13
1328	13
1329	13
1330	13
1331	13
1332	13
1333	13
1334	13
1335	13
1336	13
1337	13
1338	13
1339	13
1340	13
1341	13
1342	13
1343	13
1344	13
1345	13
1346	11
1347	11
1348	11
1349	11
1350	11
1351	11
1352	11
1353	11
1354	11
1355	11
1356	11
1357	11
1358	11
1359	11
1360	11
1361	11
1362	11
1363	13
1364	13
1365	13
1366	3
1367	3
1368	13
1369	13
1370	3
1371	3
1372	13
1373	13
1374	13
1375	13
1376	13
1377	13
1378	13
1379	3
1380	3
1381	8
1382	8
1383	8
1384	8
1385	8
1386	8
1387	8
1388	8
1389	8
1390	8
1391	8
1392	8
1393	8
1394	8
1395	8
1396	8
1397	1
1398	11
1399	11
1400	11
1401	1
1402	11
1403	11
1404	1
1405	11
1406	11
1407	11
1408	11
1409	11
1410	1
1411	11
1412	11
1413	11
1414	11
1415	11
1416	11
1417	1
1418	1
1419	11
1420	1
1421	11
1422	1
1423	11
1424	11
1425	1
1426	1
1427	11
1428	13
1429	13
1430	13
1431	7
1432	13
1433	13
1434	13
1435	13
1436	13
1437	13
1438	13
1439	13
1440	7
1441	5
1442	5
1443	5
1444	5
1445	5
1446	5
1447	5
1448	5
1449	5
1450	5
1451	5
1452	5
1453	5
1454	5
1455	13
1456	13
1457	13
1458	13
1459	13
1460	7
1461	13
1462	13
1463	13
1464	7
1465	8
1466	8
1467	8
1468	8
1469	8
1470	8
1471	8
1472	8
1473	8
1474	8
1475	8
1476	8
1477	8
1478	8
1479	8
1480	8
1481	8
1482	8
1483	8
1484	8
1485	8
1486	8
1487	8
1488	8
1489	6
1490	6
1491	6
1492	6
1493	6
1494	6
1495	6
1496	6
1497	6
1498	6
1499	6
1500	6
1501	1
1502	1
1503	1
1504	1
1505	1
1506	1
1507	1
1508	1
1509	1
1510	1
1511	1
1512	1
1513	1
1514	1
1515	1
1516	1
1517	1
1518	1
1519	1
1520	1
1521	1
1522	1
1523	1
1524	1
1525	1
1526	1
1527	1
1528	1
1529	2
1530	2
1531	2
1532	2
1533	2
1534	2
1535	2
1536	2
1537	2
1538	2
1539	2
1540	2
1541	2
1542	2
1543	2
1544	2
1545	2
1546	2
1547	2
1548	2
1549	2
1550	2
1551	2
1552	12
1553	12
1554	13
1555	13
1556	13
1557	13
1558	13
1559	12
1560	12
1561	12
1562	13
1563	12
1564	13
1565	13
1566	12
1567	12
1568	12
1569	13
1570	12
1571	12
1572	12
1573	12
1574	13
1575	12
1576	6
1577	6
1578	6
1579	6
1580	6
1581	6
1582	6
1583	6
1584	6
1585	6
1586	6
1587	6
1588	6
1589	6
1590	6
1591	6
1592	6
1593	11
1594	11
1595	11
1596	11
1597	11
1598	11
1599	11
1600	11
1601	11
1602	12
1603	12
1604	12
1605	12
1606	12
1607	12
1608	12
1609	12
1610	12
1611	12
1612	12
1613	12
1614	12
1615	12
1616	12
1617	12
1618	8
1619	8
1620	8
1621	8
1622	8
1623	8
1624	8
1625	8
1626	8
1627	8
1628	8
1629	5
1630	5
1631	13
1632	5
1633	5
1634	13
1635	13
1636	5
1637	5
1638	13
1639	5
1640	13
1641	5
1642	5
1643	13
1644	8
1645	8
1646	8
1647	8
1648	8
1649	5
1650	5
1651	5
1652	5
1653	5
1654	5
1655	13
1656	13
1658	13
1659	5
1660	13
1661	13
1662	5
1663	13
1664	13
1665	13
1666	5
1667	5
1668	5
1669	5
1670	5
1671	5
1672	13
1673	8
1674	5
1675	5
1676	13
1677	8
1678	10
1679	10
1680	10
1681	10
1682	10
1683	10
1684	10
1685	6
1686	6
1687	6
1688	6
1689	6
1690	6
1691	6
1692	6
1693	6
1694	6
1695	6
1696	6
1697	6
1698	6
1699	6
1700	6
1701	1
1702	1
1703	7
1704	7
1705	1
1706	1
1707	1
1708	1
1709	1
1710	6
1711	1
1712	6
1713	8
1714	8
1715	8
1716	8
1717	8
1718	8
1719	8
1720	8
1721	8
1722	8
1723	8
1724	8
1725	6
1726	1
1727	1
1728	8
1729	1
1730	1
1731	1
1732	1
1733	1
1734	1
1735	1
1736	1
1737	1
1738	1
1739	1
1740	1
1741	1
1742	9
1743	9
1744	9
1745	9
1746	1
1747	9
1748	9
1749	9
1750	9
1751	9
1752	9
1753	1
1754	9
1755	1
1756	9
1757	8
1758	8
1759	8
1760	8
1761	1
1762	9
1763	9
1764	9
1765	9
1766	9
1767	9
1768	9
1769	9
1770	1
1771	9
1772	9
1773	1
1774	8
1775	8
1776	8
1777	8
1778	8
1779	8
1780	8
1781	8
1782	8
1783	8
1784	8
1785	8
1786	8
1787	9
1788	9
1789	9
1790	9
1791	9
1792	9
1793	9
1794	9
1795	8
1796	8
1797	8
1798	8
1799	9
1800	1
1801	1
1802	9
1803	9
1804	9
1805	9
1806	9
1807	9
1808	9
1809	13
1810	7
1811	7
1812	7
1813	7
1814	7
1815	7
1816	13
1817	7
1818	7
1819	13
1820	13
1821	7
1822	7
1823	7
1824	7
1825	7
1826	7
1827	7
1828	7
1829	7
1830	8
1831	8
1832	8
1833	8
1834	8
1835	7
1836	7
1837	8
1838	13
1839	7
1840	3
1841	3
1842	3
1843	3
1844	3
1845	13
1846	7
1847	7
1848	13
1849	7
1850	7
1851	7
1852	7
1853	7
1854	7
1855	7
1856	7
1857	8
1858	8
1859	8
1860	8
1861	8
1862	8
1863	7
1864	13
1865	13
1866	13
1867	7
1868	13
1869	7
1870	13
1871	7
1872	2
1873	2
1874	2
1875	2
1876	2
1877	2
1878	2
1879	2
1880	2
1881	2
1882	2
1883	2
1884	10
1885	10
1886	2
1887	2
1888	2
1889	2
1890	2
1891	2
1892	2
1893	2
1894	2
1895	11
1896	11
1897	11
1898	3
1899	3
1900	3
1901	3
1902	3
1903	3
1904	11
1905	11
1906	11
1907	11
1908	11
1909	11
1910	11
1911	11
1912	11
1913	11
1914	11
1915	11
1916	3
1917	3
1918	3
1919	3
1920	3
1921	3
1922	3
1923	3
1924	11
1925	11
1926	11
1927	11
1928	11
1929	11
1930	11
1931	11
1932	11
1933	11
1934	11
1935	11
1936	11
1937	11
1938	11
1939	11
1940	11
1941	11
1942	11
1943	11
1944	11
1945	11
1946	11
1947	11
1948	11
1949	11
1950	11
1951	11
1952	11
1953	11
1954	11
1955	11
1956	11
1957	11
1958	11
1959	11
1960	11
1961	11
1962	11
1963	11
1964	11
1965	11
1966	11
1967	11
1968	11
1969	11
1970	11
1971	11
1972	11
1973	11
1974	11
1975	11
1976	12
1977	2
1978	12
1979	2
1980	12
1981	2
1982	2
1983	12
1984	2
1985	2
1986	2
1987	12
1988	12
1989	12
1990	12
1991	2
1992	12
1993	12
1994	12
1995	2
1996	12
1997	12
1998	12
1999	12
2000	12
2001	12
2002	12
2003	12
2004	12
2005	12
2006	12
2007	12
2008	12
2009	2
2010	12
2011	2
2012	2
2013	12
2014	12
2015	12
2016	12
2017	10
2018	10
2019	10
2020	10
2021	10
2022	10
2023	10
2024	2
2025	10
2026	10
2027	10
2028	10
2029	10
2030	2
2031	2
2032	2
2033	2
2034	2
2035	2
2036	2
2037	2
2038	8
2039	8
2040	8
2041	8
2042	8
2043	10
2044	10
2045	10
2046	2
2047	2
2048	8
2049	8
2050	10
2051	2
2052	2
2053	2
2054	2
2055	2
2056	2
2057	2
2058	12
2059	12
2060	12
2061	12
2062	12
2063	12
2064	12
2065	12
2066	12
2067	12
2068	10
2069	10
2070	10
2071	10
2072	10
2073	8
2074	10
2075	10
2076	10
2077	8
2078	8
2079	10
2080	8
2081	10
2082	8
2083	10
2084	10
2085	10
2086	10
2087	10
2088	10
2089	6
2090	6
2091	6
2092	6
2093	6
2094	6
2095	6
2096	1
2097	1
2098	1
2099	1
2100	1
2101	1
2102	1
2103	1
2104	1
2105	1
2106	1
2107	1
2108	1
2109	1
2110	1
2111	1
2112	1
2113	9
2114	9
2115	9
2116	9
2117	9
2118	7
2119	7
2120	9
2121	9
2122	7
2123	7
2124	10
2125	9
2126	9
2127	9
2128	9
2129	9
2130	7
2131	7
2132	9
2133	7
2134	9
2135	9
2136	7
2137	7
2138	7
2139	7
2140	7
2141	9
2142	9
2143	9
2144	7
2145	7
2146	7
2147	7
2148	7
2149	7
2150	9
2151	9
2152	9
2153	9
2154	9
2155	9
2156	7
2157	7
2158	9
2159	9
2160	9
2161	9
2162	9
2163	9
2164	7
2165	7
2166	9
2167	7
2168	7
2169	9
2170	9
2171	9
2172	9
2173	9
2174	7
2175	7
2176	7
2177	7
2178	9
2179	9
2180	7
2181	7
2182	9
2183	9
2184	9
2185	9
2186	9
2187	9
2188	7
2189	9
2190	9
2191	9
2192	9
2193	9
2194	7
2195	7
2196	7
2197	7
2198	7
2199	7
2200	9
2201	9
2202	7
2203	7
2204	9
2205	9
2206	9
2207	9
2208	9
2209	9
2210	9
2211	9
2212	9
2213	9
2214	9
2215	7
2216	7
2217	9
2218	9
2219	9
2220	9
2221	9
2222	7
2223	7
2224	9
2225	9
2226	9
2227	9
2228	9
2229	7
2230	7
2231	7
2232	9
2233	7
2234	7
2235	9
2236	7
2237	7
2238	7
2239	9
2240	9
2241	7
2242	7
2243	7
2244	7
2245	7
2246	9
2247	7
2248	7
2249	9
2250	9
2251	9
2252	9
2253	7
2254	7
2255	7
2256	7
2257	9
2258	7
2259	9
2260	9
2261	7
2262	9
2263	9
2264	9
2265	9
2266	7
2267	9
2268	9
2269	7
2270	7
2271	9
2272	9
2273	7
2274	9
2275	9
2276	9
2277	7
2278	9
2279	9
2280	9
2281	9
2282	7
2283	7
2284	10
2285	10
2286	9
2287	9
2288	9
2289	9
2290	9
2291	9
2292	9
2293	9
2294	9
2295	9
2296	9
2297	7
2298	7
2299	7
2300	7
2301	9
2302	7
2303	7
2304	7
2305	9
2306	9
2307	9
2308	9
2309	10
2310	10
2311	10
2312	5
2313	5
2314	5
2315	5
2316	5
2317	5
2318	5
2319	5
2320	5
2321	5
2322	5
2323	5
2324	5
2325	5
2326	5
2327	5
2328	5
2329	5
2330	11
2331	11
2332	11
2333	11
2334	11
2335	11
2336	11
2337	11
2338	11
2339	11
2340	11
2341	11
2342	11
2343	11
2344	11
2345	11
2346	5
2347	5
2348	5
2349	5
2350	5
2351	5
2352	5
2353	5
2354	5
2355	5
2356	5
2357	5
2358	5
2359	5
2360	5
2361	5
2362	5
2363	5
2364	5
2365	5
2366	7
2367	7
2368	7
2369	7
2370	7
2371	7
2372	7
2373	7
2374	7
2375	7
2376	7
2377	7
2378	7
2379	7
2380	7
2381	7
2382	7
2383	7
2384	7
2385	7
2386	7
2387	7
2388	7
2389	7
2390	7
2391	7
2392	7
2393	7
2394	7
2395	7
2396	7
2397	7
2398	7
2399	7
2400	7
2401	7
2402	7
2403	7
2404	7
2405	7
2406	7
2407	7
2408	7
2409	7
2410	7
2411	7
2412	7
2413	7
2414	7
2415	4
2416	3
2417	4
2418	4
2419	4
2420	4
2421	4
2422	4
2423	4
2424	4
2425	4
2426	4
2427	4
2428	4
2429	4
2430	4
2431	4
2432	4
2433	4
2434	4
2435	4
2436	4
2437	4
2438	4
2439	4
2440	4
2441	4
2442	4
2443	4
2444	4
2445	4
2446	4
2447	4
2448	4
2449	3
2450	4
2451	3
2452	3
2453	3
2454	4
2455	4
2456	4
2457	4
2458	4
2459	4
2460	4
2461	4
2462	4
2463	4
2464	4
2465	4
2466	4
2467	4
2468	4
2469	4
2470	4
2471	4
2472	4
2473	4
2474	4
2475	4
2476	4
2477	4
2478	4
2479	4
2480	4
2481	4
2482	4
2483	4
2484	4
2485	3
2486	3
2487	4
2488	4
2489	4
2490	3
2491	4
2492	4
2493	4
2494	3
2495	4
2496	4
2497	4
2498	4
2499	3
2500	4
2501	3
2502	3
2503	3
2504	3
2505	3
2506	3
2507	3
2508	4
2509	4
2510	4
2511	3
2512	3
2513	4
2514	3
2515	4
2516	4
2517	4
2518	4
2519	4
2520	4
2521	4
2522	4
2523	4
2524	4
2525	4
2526	4
2527	4
2528	4
2529	4
2530	4
2531	4
2532	4
2533	4
2534	4
2535	4
2536	4
2537	4
2538	4
2539	4
2540	4
2541	4
2542	4
2543	4
2544	4
2545	4
2546	4
2547	4
2548	4
2549	4
2550	4
2551	4
2552	4
2553	4
2554	4
2555	4
2556	4
2557	4
2558	3
2559	3
2560	3
2561	3
2562	4
2563	4
2564	4
2565	4
2566	4
2567	4
2568	4
2569	4
2570	4
2571	4
2572	4
2573	3
2574	4
2575	3
2576	3
2577	4
2578	3
2579	4
2580	4
2581	4
2582	4
2583	3
2584	4
2585	4
2586	4
2587	4
2588	4
2589	4
2590	4
2591	4
2592	4
2593	4
2594	4
2595	4
2596	4
2597	3
2598	3
2599	4
2600	4
2601	4
2602	4
2603	4
2604	4
2605	4
2606	10
2607	10
2608	10
2609	10
2610	10
2611	10
2612	10
2613	10
2614	10
2615	10
2616	10
2617	10
2618	10
2619	10
2620	10
2621	10
2622	10
2623	10
2624	10
2625	10
2626	10
2627	10
2628	10
2629	10
2630	10
2631	10
2632	10
2633	10
2634	10
2635	10
2636	10
2637	10
2638	10
2639	10
2640	12
2641	12
2642	12
2643	12
2644	12
2645	12
2646	12
2647	12
2648	12
2649	12
2650	12
2651	12
2652	12
2653	12
2654	12
2655	12
2656	12
2657	12
2658	12
2659	12
2660	12
2661	12
2662	12
2663	12
2664	12
2665	12
2666	12
2667	12
2668	12
2669	12
2670	12
2671	12
2672	12
2673	12
2674	12
2675	12
2676	12
2677	12
2678	12
2679	12
2680	12
2681	12
2682	12
2683	12
2684	12
2685	12
2686	12
2687	12
2688	11
2689	11
2690	11
2691	11
315	6
1657	13
