0	3
1	3
2	3
3	3
4	3
5	3
6	3
7	2
8	2
9	2
10	2
11	2
12	2
13	2
14	2
15	2
16	2
17	2
18	2
19	2
20	2
21	5
22	5
23	5
24	5
25	5
26	5
27	5
28	5
29	12
30	2
31	12
32	12
33	2
34	12
35	12
36	2
37	12
38	12
39	2
40	12
41	2
42	12
43	2
44	2
45	12
46	12
47	2
48	12
49	12
50	12
51	12
52	12
53	13
54	13
55	13
56	13
57	13
58	12
59	12
60	12
61	12
62	12
63	12
64	12
65	13
66	13
67	13
68	13
69	13
70	13
71	5
72	5
73	5
74	5
75	12
76	12
77	12
78	12
79	12
80	12
81	12
82	12
83	4
84	4
85	4
86	7
87	7
88	7
89	4
90	7
91	4
92	4
93	4
94	4
95	7
96	2
97	2
98	2
99	2
100	2
101	2
102	2
103	2
104	2
105	2
106	2
107	2
108	2
109	2
110	2
111	2
112	2
113	2
114	2
115	2
116	2
117	2
118	2
119	2
120	2
121	2
122	2
123	2
124	2
125	2
126	2
127	2
128	2
129	8
130	8
131	8
132	8
133	8
134	8
135	8
136	8
137	8
138	8
139	8
140	8
141	8
142	8
143	8
144	8
145	8
146	8
147	8
148	8
149	8
150	8
151	8
152	8
153	8
154	8
155	8
156	8
157	8
158	8
159	8
160	8
161	8
162	8
163	8
164	8
165	8
166	7
167	7
168	7
169	7
170	7
171	7
172	7
173	7
174	7
175	7
176	7
177	7
178	7
179	7
180	7
181	7
182	7
183	12
184	12
185	12
186	12
187	12
188	12
189	12
190	12
191	12
192	12
193	12
194	12
195	12
196	12
197	12
198	12
199	12
200	12
201	12
202	12
203	12
204	12
205	12
206	12
207	12
208	5
209	5
210	5
211	5
212	5
213	5
214	5
215	5
216	5
217	5
218	5
219	5
220	5
221	5
222	5
223	5
224	5
225	5
226	5
227	5
228	5
229	5
230	5
231	5
232	5
233	5
234	5
235	5
236	5
237	5
238	5
239	5
240	5
241	5
242	5
243	5
244	5
245	5
246	5
247	5
248	12
249	12
250	12
251	12
252	12
253	12
254	12
255	12
256	12
257	12
258	12
259	12
260	12
261	1
262	1
263	1
264	1
265	1
266	1
267	1
268	1
269	1
270	1
271	1
272	1
273	1
274	1
275	1
276	1
277	1
278	1
279	1
280	1
281	1
282	1
283	1
284	1
285	1
286	1
287	1
288	1
289	1
290	1
291	1
292	1
293	1
294	1
295	1
296	1
297	1
298	1
299	1
300	1
301	1
302	12
303	12
304	12
305	12
306	13
307	13
308	13
309	13
310	13
311	13
312	13
313	13
314	13
316	10
317	10
318	10
319	10
320	10
321	10
322	10
323	10
324	10
325	10
326	10
327	10
328	10
329	10
330	10
331	13
332	13
333	13
334	13
335	13
336	13
337	10
338	10
339	10
340	13
341	13
342	13
343	13
344	6
345	6
346	13
347	13
348	13
349	13
350	13
351	13
352	13
353	6
354	6
355	6
356	8
357	8
358	8
359	8
360	8
361	8
362	8
363	8
364	8
365	9
366	8
367	9
368	8
369	13
370	6
371	6
372	13
373	13
374	13
375	6
376	13
377	13
378	6
379	13
380	13
381	13
382	13
383	13
384	13
385	13
386	13
387	13
388	13
389	10
390	10
391	10
392	10
393	10
394	13
395	6
396	13
397	13
398	10
399	10
400	10
401	10
402	10
403	5
404	5
405	5
406	5
407	5
408	5
409	3
410	3
411	3
412	3
413	3
414	3
415	3
416	3
417	3
418	3
419	3
420	3
421	3
422	3
423	3
424	3
425	7
426	7
427	7
428	7
429	7
430	7
431	7
432	7
433	3
434	3
435	3
436	3
437	3
438	3
439	3
440	3
441	3
442	3
443	3
444	3
445	3
446	7
447	7
448	7
449	7
450	7
451	3
452	3
453	3
454	7
455	7
456	7
457	3
458	3
459	3
460	3
461	3
462	3
463	7
464	7
465	7
466	7
467	7
468	7
469	7
470	7
471	7
472	7
473	3
474	3
475	1
476	1
477	1
478	1
479	1
480	1
481	1
482	7
483	1
484	5
485	5
486	7
487	7
488	1
489	1
490	1
491	1
492	1
493	1
494	1
495	1
496	7
497	1
498	5
499	1
500	7
501	7
502	5
503	1
504	1
505	7
506	5
507	5
508	5
509	5
510	5
511	5
512	5
513	5
514	5
515	5
516	5
517	5
518	5
519	5
520	5
521	5
522	4
523	4
524	4
525	4
526	3
527	3
528	4
529	4
530	4
531	4
532	4
533	4
534	4
535	4
536	4
537	4
538	3
539	3
540	3
541	3
542	3
543	3
544	3
545	3
546	3
547	3
548	3
549	3
550	3
551	3
552	3
553	3
554	3
555	3
556	12
557	3
558	12
559	1
560	1
561	1
562	1
563	1
564	1
565	12
566	3
567	3
568	12
569	3
570	4
571	4
572	4
573	4
574	4
575	4
576	4
577	4
578	4
579	4
580	4
581	3
582	3
583	3
584	3
585	12
586	3
587	5
588	5
589	5
590	5
591	5
592	5
593	5
594	1
595	5
596	1
597	5
598	1
599	5
600	5
601	5
602	5
603	12
604	12
605	12
606	12
607	12
608	12
609	12
610	12
611	12
612	12
613	12
614	12
615	12
616	12
617	1
618	5
619	5
620	1
621	1
622	1
623	1
624	1
625	1
626	1
627	1
628	5
629	5
630	5
631	5
632	5
633	5
634	1
635	5
636	1
637	1
638	1
639	12
640	12
641	12
642	12
643	12
644	12
645	12
646	12
647	12
648	12
649	12
650	12
651	12
652	12
653	12
654	12
655	12
656	12
657	7
658	7
659	1
660	1
661	3
662	3
663	3
664	3
665	3
666	3
667	3
668	3
669	3
670	5
671	5
672	5
673	5
674	5
675	5
676	5
677	5
678	5
679	5
680	3
681	3
682	3
683	3
684	3
685	3
686	3
687	3
688	3
689	3
690	3
691	3
692	3
693	3
694	3
695	3
696	3
697	5
698	5
699	5
700	5
701	5
702	5
703	5
704	5
705	5
706	7
707	5
708	5
709	7
710	5
711	5
712	5
713	5
714	3
715	3
716	1
717	1
718	5
719	5
720	5
721	1
722	1
723	1
724	1
725	1
726	1
727	1
728	1
729	1
730	1
731	1
732	2
733	2
734	2
735	2
736	2
737	7
738	7
739	7
740	7
741	7
742	7
743	7
744	7
745	2
746	2
747	2
748	2
749	2
750	2
751	2
752	2
753	2
754	2
755	2
756	2
757	2
758	2
759	2
760	2
761	2
762	2
763	2
764	2
765	2
766	7
767	7
768	7
769	7
770	2
771	2
772	7
773	7
774	7
775	7
776	7
777	7
778	7
779	7
780	7
781	7
782	7
783	7
784	7
785	5
786	7
787	7
788	7
789	7
790	7
791	5
792	5
793	5
794	5
795	5
796	5
797	5
798	5
799	5
800	5
801	7
802	7
803	7
804	7
805	5
806	5
807	5
808	7
809	7
810	7
811	10
812	10
813	10
814	10
815	10
816	10
817	10
818	10
819	10
820	10
821	10
822	10
823	10
824	10
825	10
826	10
827	10
828	10
829	10
830	10
831	10
832	10
833	10
834	10
835	10
836	10
837	10
838	10
839	10
840	10
841	10
842	10
843	10
844	10
845	10
846	10
847	10
848	10
849	10
850	10
851	10
852	10
853	10
854	10
855	10
856	10
857	10
858	12
859	12
860	12
861	12
862	12
863	12
864	12
865	12
866	12
867	12
868	12
869	12
870	12
871	10
872	10
873	10
874	10
875	10
876	10
877	10
878	10
879	10
880	10
881	10
882	10
883	10
884	10
885	10
886	10
887	10
888	10
889	10
890	10
891	10
892	10
893	10
894	10
895	10
896	10
897	10
898	10
899	10
900	10
901	10
902	10
903	10
904	10
905	10
906	10
907	10
908	10
909	10
910	10
911	10
912	10
913	10
914	10
915	10
916	10
917	10
918	10
919	10
920	10
921	10
922	10
923	10
924	10
925	10
926	10
927	10
928	10
929	10
930	10
931	10
932	10
933	10
934	10
935	10
936	10
937	10
938	10
939	10
940	10
941	10
942	10
943	10
944	10
945	10
946	10
947	10
948	10
949	10
950	10
951	10
952	10
953	10
954	10
955	10
956	10
957	10
958	10
959	10
960	10
961	10
962	10
963	10
964	10
965	10
966	10
967	10
968	10
969	10
970	10
971	10
972	10
973	10
974	10
975	10
976	10
977	10
978	10
979	10
980	10
981	10
982	10
983	10
984	9
985	7
986	7
987	7
988	7
989	7
990	7
991	7
992	7
993	7
994	7
995	7
996	7
997	7
998	7
999	7
1000	7
1001	7
1002	7
1003	7
1004	7
1005	7
1006	7
1007	9
1008	9
1009	7
1010	9
1011	10
1012	9
1013	9
1014	10
1015	10
1016	10
1017	9
1018	9
1019	10
1020	9
1021	9
1022	9
1023	9
1024	9
1025	9
1026	9
1027	9
1028	10
1029	10
1030	10
1031	10
1032	10
1033	10
1034	9
1035	9
1036	9
1037	9
1038	9
1039	9
1040	9
1041	9
1042	9
1043	9
1044	10
1045	10
1046	9
1047	9
1048	9
1049	10
1050	9
1051	9
1052	9
1053	9
1054	9
1055	9
1056	9
1057	9
1058	9
1059	10
1060	9
1061	9
1062	10
1063	9
1064	9
1065	9
1066	9
1067	9
1068	9
1069	10
1070	9
1071	10
1072	10
1073	10
1074	10
1075	12
1076	12
1077	12
1078	12
1079	12
1080	12
1081	12
1082	12
1083	12
1084	12
1085	12
1086	12
1087	1
1088	1
1089	1
1090	1
1091	1
1092	1
1093	1
1094	5
1095	5
1096	5
1097	5
1098	5
1099	5
1100	5
1101	5
1102	5
1103	5
1104	5
1105	5
1106	5
1107	13
1108	13
1109	13
1110	13
1111	13
1112	13
1113	13
1114	13
1115	13
1116	13
1117	13
1118	13
1119	13
1120	13
1121	13
1122	13
1123	13
1124	13
1125	13
1126	13
1127	13
1128	13
1129	13
1130	13
1131	13
1132	13
1133	13
1134	13
1135	13
1136	13
1137	13
1138	13
1139	13
1140	13
1141	13
1142	13
1143	13
1144	13
1145	13
1146	13
1147	13
1148	13
1149	13
1150	13
1151	13
1152	13
1153	13
1154	13
1155	13
1156	13
1157	13
1158	13
1159	13
1160	13
1161	13
1162	13
1163	13
1164	13
1165	13
1166	13
1167	13
1168	13
1169	9
1170	9
1171	9
1172	10
1173	9
1174	9
1175	9
1176	10
1177	10
1178	10
1179	10
1180	9
1181	10
1182	10
1183	9
1184	9
1185	9
1186	9
1187	10
1188	10
1189	9
1190	9
1191	9
1192	9
1193	9
1194	9
1195	10
1196	9
1197	10
1198	9
1199	10
1200	9
1201	9
1202	9
1203	9
1204	9
1205	9
1206	9
1207	9
1208	9
1209	9
1210	9
1211	9
1212	9
1213	9
1214	9
1215	9
1216	9
1217	9
1218	9
1219	9
1220	9
1221	9
1222	9
1223	9
1224	9
1225	9
1226	9
1227	9
1228	9
1229	9
1230	9
1231	9
1232	9
1233	9
1234	9
1235	9
1236	9
1237	9
1238	9
1239	9
1240	1
1241	1
1242	1
1243	5
1244	5
1245	1
1246	1
1247	5
1248	5
1249	5
1250	5
1251	5
1252	5
1253	12
1254	2
1255	12
1256	2
1257	2
1258	5
1259	5
1260	5
1261	5
1262	1
1263	1
1264	2
1265	2
1266	12
1267	12
1268	2
1269	2
1270	12
1271	12
1272	12
1273	12
1274	2
1275	2
1276	12
1277	2
1278	5
1279	5
1280	5
1281	5
1282	1
1283	1
1284	2
1285	2
1286	12
1287	2
1288	6
1289	5
1290	5
1291	5
1292	6
1293	5
1294	6
1295	6
1296	6
1297	6
1298	5
1299	6
1300	5
1301	6
1302	6
1303	12
1304	12
1305	12
1306	12
1307	12
1308	12
1309	12
1310	12
1311	12
1312	12
1313	12
1314	13
1315	13
1316	13
1317	13
1318	13
1319	13
1320	13
1321	13
1322	13
1323	13
1324	13
1325	13
1326	13
1327	13
1328	13
1329	13
1330	13
1331	13
1332	13
1333	13
1334	13
1335	13
1336	13
1337	13
1338	13
1339	13
1340	13
1341	13
1342	13
1343	13
1344	13
1345	13
1346	12
1347	12
1348	12
1349	12
1350	12
1351	12
1352	12
1353	12
1354	12
1355	12
1356	12
1357	12
1358	12
1359	12
1360	12
1361	12
1362	12
1363	9
1364	9
1365	9
1366	9
1367	9
1368	9
1369	9
1370	9
1371	9
1372	9
1373	9
1374	9
1375	9
1376	9
1377	9
1378	9
1379	9
1380	9
1381	13
1382	13
1383	13
1384	13
1385	5
1386	13
1387	13
1388	13
1389	5
1390	13
1391	5
1392	13
1393	5
1394	5
1395	13
1396	13
1397	3
1398	12
1399	12
1400	12
1401	12
1402	12
1403	12
1404	3
1405	12
1406	12
1407	12
1408	12
1409	12
1410	3
1411	12
1412	12
1413	12
1414	12
1415	12
1416	12
1417	3
1418	3
1419	12
1420	3
1421	12
1422	12
1423	12
1424	12
1425	3
1426	3
1427	12
1428	4
1429	4
1430	4
1431	4
1432	4
1433	4
1434	4
1435	4
1436	4
1437	4
1438	4
1439	4
1440	4
1441	2
1442	2
1443	9
1444	2
1445	9
1446	2
1447	2
1448	9
1449	2
1450	9
1451	9
1452	9
1453	9
1454	9
1455	4
1456	4
1457	4
1458	4
1459	4
1460	4
1461	4
1462	4
1463	4
1464	4
1465	5
1466	5
1467	5
1468	5
1469	5
1470	5
1471	5
1472	5
1473	5
1474	5
1475	5
1476	5
1477	5
1478	5
1479	5
1480	5
1481	5
1482	5
1483	5
1484	5
1485	5
1486	5
1487	5
1488	5
1489	9
1490	9
1491	9
1492	9
1493	9
1494	9
1495	9
1496	9
1497	9
1498	9
1499	9
1500	9
1501	3
1502	3
1503	3
1504	3
1505	3
1506	3
1507	3
1508	3
1509	3
1510	3
1511	3
1512	3
1513	3
1514	3
1515	3
1516	3
1517	3
1518	3
1519	3
1520	3
1521	3
1522	3
1523	3
1524	3
1525	3
1526	3
1527	3
1528	3
1529	7
1530	7
1531	7
1532	7
1533	7
1534	7
1535	7
1536	7
1537	7
1538	7
1539	7
1540	7
1541	7
1542	7
1543	7
1544	7
1545	7
1546	7
1547	7
1548	7
1549	7
1550	7
1551	7
1552	7
1553	7
1554	9
1555	9
1556	9
1557	9
1558	7
1559	7
1560	7
1561	7
1562	9
1563	7
1564	7
1565	7
1566	9
1567	7
1568	7
1569	7
1570	7
1571	7
1572	7
1573	7
1574	7
1575	7
1576	2
1577	2
1578	2
1579	2
1580	2
1581	2
1582	2
1583	2
1584	2
1585	2
1586	2
1587	2
1588	2
1589	2
1590	2
1591	2
1592	2
1593	12
1594	12
1595	12
1596	12
1597	12
1598	12
1599	12
1600	12
1601	12
1602	4
1603	4
1604	4
1605	4
1606	4
1607	4
1608	4
1609	4
1610	4
1611	4
1612	4
1613	4
1614	4
1615	4
1616	4
1617	4
1618	5
1619	5
1620	5
1621	5
1622	5
1623	5
1624	5
1625	5
1626	5
1627	5
1628	5
1629	9
1630	9
1631	2
1632	2
1633	9
1634	9
1635	9
1636	2
1637	9
1638	9
1639	9
1640	9
1641	9
1642	9
1643	9
1644	5
1645	5
1646	5
1647	5
1648	5
1649	9
1650	9
1651	9
1652	9
1653	9
1654	9
1655	2
1656	9
1658	9
1659	9
1660	2
1661	9
1662	9
1663	9
1664	9
1665	9
1666	9
1667	2
1668	2
1669	9
1670	9
1671	2
1672	9
1673	5
1674	9
1675	9
1676	9
1677	5
1678	1
1679	1
1680	1
1681	1
1682	1
1683	1
1684	1
1685	2
1686	2
1687	2
1688	2
1689	2
1690	2
1691	2
1692	2
1693	2
1694	2
1695	2
1696	2
1697	2
1698	2
1699	2
1700	2
1701	2
1702	2
1703	11
1704	11
1705	2
1706	2
1707	2
1708	2
1709	2
1710	2
1711	2
1712	2
1713	5
1714	5
1715	5
1716	5
1717	5
1718	5
1719	5
1720	5
1721	5
1722	5
1723	5
1724	5
1725	2
1726	2
1727	2
1728	5
1729	2
1730	2
1731	2
1732	2
1733	2
1734	2
1735	2
1736	2
1737	2
1738	2
1739	2
1740	2
1741	2
1742	3
1743	3
1744	3
1745	3
1746	3
1747	3
1748	3
1749	3
1750	3
1751	3
1752	3
1753	3
1754	3
1755	3
1756	3
1757	5
1758	5
1759	5
1760	5
1761	3
1762	3
1763	3
1764	11
1765	3
1766	3
1767	11
1768	3
1769	3
1770	3
1771	3
1772	3
1773	3
1774	5
1775	5
1776	5
1777	5
1778	5
1779	5
1780	5
1781	5
1782	5
1783	5
1784	5
1785	5
1786	5
1787	3
1788	3
1789	3
1790	3
1791	3
1792	3
1793	3
1794	3
1795	5
1796	5
1797	5
1798	5
1799	3
1800	3
1801	3
1802	3
1803	3
1804	3
1805	3
1806	3
1807	3
1808	3
1809	2
1810	2
1811	2
1812	2
1813	2
1814	2
1815	2
1816	2
1817	2
1818	2
1819	2
1820	2
1821	2
1822	2
1823	2
1824	2
1825	2
1826	2
1827	2
1828	2
1829	2
1830	1
1831	1
1832	1
1833	1
1834	1
1835	2
1836	2
1837	1
1838	2
1839	2
1840	9
1841	9
1842	9
1843	9
1844	9
1845	2
1846	2
1847	2
1848	2
1849	2
1850	2
1851	2
1852	2
1853	2
1854	2
1855	2
1856	2
1857	5
1858	5
1859	5
1860	5
1861	5
1862	5
1863	2
1864	2
1865	2
1866	2
1867	2
1868	2
1869	2
1870	2
1871	2
1872	1
1873	1
1874	1
1875	1
1876	1
1877	1
1878	1
1879	1
1880	1
1881	1
1882	1
1883	1
1884	1
1885	1
1886	1
1887	1
1888	1
1889	1
1890	1
1891	1
1892	1
1893	1
1894	1
1895	12
1896	12
1897	12
1898	13
1899	13
1900	13
1901	13
1902	13
1903	13
1904	12
1905	12
1906	12
1907	12
1908	12
1909	12
1910	12
1911	12
1912	12
1913	12
1914	12
1915	12
1916	13
1917	13
1918	13
1919	13
1920	13
1921	13
1922	13
1923	13
1924	12
1925	12
1926	12
1927	12
1928	12
1929	12
1930	12
1931	12
1932	12
1933	12
1934	12
1935	12
1936	12
1937	12
1938	12
1939	12
1940	12
1941	12
1942	12
1943	12
1944	12
1945	12
1946	12
1947	12
1948	12
1949	12
1950	12
1951	12
1952	12
1953	12
1954	12
1955	12
1956	12
1957	12
1958	12
1959	12
1960	12
1961	12
1962	12
1963	12
1964	12
1965	12
1966	12
1967	12
1968	12
1969	12
1970	12
1971	12
1972	12
1973	12
1974	12
1975	12
1976	4
1977	4
1978	4
1979	4
1980	4
1981	4
1982	7
1983	4
1984	4
1985	7
1986	4
1987	4
1988	4
1989	4
1990	4
1991	7
1992	4
1993	4
1994	4
1995	7
1996	4
1997	4
1998	4
1999	4
2000	4
2001	4
2002	4
2003	4
2004	4
2005	4
2006	4
2007	4
2008	4
2009	4
2010	4
2011	4
2012	7
2013	4
2014	4
2015	4
2016	4
2017	1
2018	1
2019	1
2020	1
2021	1
2022	1
2023	1
2024	7
2025	1
2026	1
2027	1
2028	1
2029	1
2030	7
2031	7
2032	7
2033	7
2034	7
2035	1
2036	1
2037	1
2038	1
2039	1
2040	1
2041	1
2042	1
2043	1
2044	1
2045	1
2046	1
2047	1
2048	1
2049	1
2050	1
2051	1
2052	1
2053	1
2054	1
2055	1
2056	1
2057	1
2058	4
2059	4
2060	4
2061	4
2062	4
2063	4
2064	4
2065	4
2066	4
2067	4
2068	1
2069	1
2070	1
2071	1
2072	1
2073	5
2074	1
2075	1
2076	1
2077	5
2078	5
2079	1
2080	5
2081	1
2082	1
2083	1
2084	1
2085	1
2086	1
2087	1
2088	1
2089	2
2090	2
2091	2
2092	2
2093	2
2094	2
2095	2
2096	3
2097	3
2098	3
2099	3
2100	3
2101	3
2102	3
2103	3
2104	3
2105	3
2106	3
2107	3
2108	3
2109	3
2110	3
2111	3
2112	3
2113	11
2114	11
2115	11
2116	11
2117	11
2118	4
2119	4
2120	11
2121	11
2122	11
2123	4
2124	1
2125	11
2126	11
2127	11
2128	11
2129	11
2130	4
2131	11
2132	11
2133	4
2134	11
2135	11
2136	4
2137	4
2138	4
2139	11
2140	4
2141	11
2142	11
2143	11
2144	4
2145	11
2146	4
2147	4
2148	11
2149	4
2150	11
2151	11
2152	11
2153	11
2154	11
2155	11
2156	11
2157	11
2158	11
2159	11
2160	11
2161	11
2162	11
2163	11
2164	11
2165	11
2166	11
2167	11
2168	11
2169	11
2170	11
2171	11
2172	11
2173	11
2174	4
2175	4
2176	4
2177	4
2178	11
2179	11
2180	11
2181	11
2182	11
2183	11
2184	11
2185	11
2186	11
2187	11
2188	4
2189	11
2190	11
2191	11
2192	11
2193	11
2194	4
2195	11
2196	4
2197	4
2198	11
2199	4
2200	11
2201	11
2202	4
2203	11
2204	11
2205	11
2206	11
2207	11
2208	11
2209	11
2210	11
2211	11
2212	11
2213	11
2214	11
2215	4
2216	4
2217	11
2218	11
2219	11
2220	11
2221	11
2222	11
2223	4
2224	11
2225	11
2226	11
2227	11
2228	11
2229	11
2230	11
2231	11
2232	11
2233	4
2234	4
2235	11
2236	4
2237	4
2238	4
2239	11
2240	11
2241	11
2242	4
2243	4
2244	4
2245	4
2246	11
2247	11
2248	11
2249	11
2250	11
2251	11
2252	11
2253	4
2254	4
2255	4
2256	11
2257	11
2258	11
2259	11
2260	11
2261	11
2262	11
2263	11
2264	11
2265	11
2266	11
2267	11
2268	11
2269	4
2270	11
2271	11
2272	11
2273	4
2274	11
2275	11
2276	11
2277	4
2278	11
2279	11
2280	11
2281	11
2282	11
2283	4
2284	1
2285	1
2286	11
2287	11
2288	11
2289	11
2290	11
2291	11
2292	11
2293	11
2294	11
2295	11
2296	11
2297	11
2298	4
2299	4
2300	4
2301	11
2302	4
2303	11
2304	4
2305	11
2306	11
2307	11
2308	11
2309	1
2310	1
2311	1
2312	13
2313	13
2314	13
2315	13
2316	13
2317	13
2318	13
2319	13
2320	13
2321	13
2322	13
2323	13
2324	13
2325	13
2326	13
2327	13
2328	13
2329	13
2330	12
2331	12
2332	12
2333	12
2334	12
2335	12
2336	12
2337	12
2338	12
2339	12
2340	12
2341	12
2342	12
2343	12
2344	12
2345	12
2346	10
2347	10
2348	10
2349	10
2350	10
2351	10
2352	10
2353	10
2354	10
2355	10
2356	10
2357	10
2358	10
2359	10
2360	10
2361	10
2362	10
2363	10
2364	10
2365	10
2366	4
2367	4
2368	4
2369	4
2370	4
2371	4
2372	4
2373	4
2374	4
2375	4
2376	4
2377	4
2378	4
2379	4
2380	4
2381	4
2382	4
2383	4
2384	4
2385	4
2386	4
2387	4
2388	4
2389	4
2390	4
2391	4
2392	4
2393	4
2394	4
2395	4
2396	4
2397	4
2398	4
2399	4
2400	4
2401	4
2402	4
2403	4
2404	4
2405	4
2406	4
2407	4
2408	4
2409	4
2410	4
2411	4
2412	4
2413	4
2414	4
2415	6
2416	6
2417	6
2418	6
2419	8
2420	8
2421	6
2422	6
2423	6
2424	6
2425	6
2426	6
2427	8
2428	8
2429	6
2430	6
2431	6
2432	6
2433	6
2434	6
2435	6
2436	6
2437	6
2438	6
2439	6
2440	6
2441	6
2442	6
2443	6
2444	6
2445	6
2446	6
2447	6
2448	6
2449	8
2450	8
2451	8
2452	8
2453	8
2454	6
2455	6
2456	6
2457	6
2458	6
2459	6
2460	6
2461	6
2462	6
2463	6
2464	6
2465	6
2466	6
2467	6
2468	6
2469	6
2470	6
2471	6
2472	8
2473	6
2474	6
2475	6
2476	6
2477	6
2478	6
2479	6
2480	6
2481	6
2482	6
2483	6
2484	6
2485	8
2486	8
2487	6
2488	6
2489	6
2490	8
2491	8
2492	6
2493	6
2494	6
2495	8
2496	6
2497	6
2498	6
2499	6
2500	6
2501	8
2502	6
2503	6
2504	6
2505	6
2506	6
2507	6
2508	6
2509	6
2510	6
2511	6
2512	6
2513	6
2514	6
2515	8
2516	8
2517	8
2518	8
2519	8
2520	8
2521	8
2522	8
2523	6
2524	6
2525	8
2526	6
2527	8
2528	6
2529	6
2530	6
2531	6
2532	6
2533	6
2534	6
2535	6
2536	6
2537	6
2538	6
2539	8
2540	8
2541	8
2542	6
2543	6
2544	8
2545	8
2546	8
2547	6
2548	6
2549	6
2550	8
2551	8
2552	8
2553	8
2554	8
2555	8
2556	8
2557	8
2558	6
2559	6
2560	6
2561	6
2562	6
2563	6
2564	6
2565	6
2566	6
2567	6
2568	8
2569	6
2570	6
2571	6
2572	6
2573	6
2574	6
2575	8
2576	8
2577	8
2578	8
2579	8
2580	8
2581	6
2582	6
2583	8
2584	8
2585	6
2586	6
2587	6
2588	6
2589	6
2590	6
2591	6
2592	6
2593	6
2594	6
2595	6
2596	6
2597	6
2598	6
2599	6
2600	8
2601	6
2602	6
2603	6
2604	6
2605	8
2606	1
2607	1
2608	1
2609	1
2610	1
2611	1
2612	1
2613	1
2614	1
2615	1
2616	1
2617	1
2618	1
2619	1
2620	1
2621	1
2622	1
2623	1
2624	1
2625	1
2626	1
2627	1
2628	1
2629	1
2630	1
2631	1
2632	1
2633	1
2634	1
2635	1
2636	1
2637	1
2638	1
2639	1
2640	8
2641	8
2642	8
2643	7
2644	7
2645	8
2646	8
2647	8
2648	8
2649	8
2650	8
2651	8
2652	8
2653	8
2654	8
2655	8
2656	7
2657	7
2658	7
2659	8
2660	7
2661	7
2662	7
2663	8
2664	8
2665	8
2666	8
2667	8
2668	8
2669	8
2670	8
2671	8
2672	7
2673	8
2674	7
2675	7
2676	8
2677	8
2678	7
2679	8
2680	8
2681	8
2682	8
2683	8
2684	8
2685	8
2686	8
2687	8
2688	12
2689	12
2690	12
2691	12
315	10
1657	9
