0	3
1	3
2	3
3	3
4	3
5	3
6	3
7	13
8	13
9	13
10	13
11	13
12	13
13	13
14	13
15	13
16	9
17	9
18	9
19	9
20	13
21	7
22	7
23	7
24	7
25	7
26	7
27	7
28	7
29	5
30	5
31	5
32	5
33	5
34	5
35	5
36	5
37	5
38	5
39	5
40	5
41	5
42	5
43	5
44	5
45	5
46	5
47	5
48	5
49	9
50	9
51	5
52	5
53	1
54	1
55	1
56	1
57	1
58	5
59	9
60	9
61	9
62	9
63	5
64	9
65	1
66	1
67	1
68	1
69	1
70	1
71	7
72	7
73	7
74	7
75	5
76	5
77	5
78	5
79	9
80	9
81	9
82	5
83	8
84	8
85	8
86	8
87	8
88	8
89	8
90	8
91	8
92	8
93	8
94	8
95	8
96	9
97	13
98	9
99	9
100	13
101	13
102	13
103	9
104	13
105	9
106	13
107	13
108	9
109	13
110	13
111	13
112	13
113	13
114	13
115	13
116	13
117	13
118	13
119	13
120	13
121	13
122	9
123	13
124	13
125	9
126	13
127	13
128	13
129	11
130	11
131	11
132	11
133	11
134	11
135	11
136	11
137	11
138	11
139	11
140	11
141	11
142	11
143	11
144	11
145	11
146	11
147	11
148	11
149	11
150	11
151	11
152	11
153	11
154	11
155	11
156	11
157	11
158	11
159	11
160	11
161	11
162	11
163	11
164	11
165	11
166	8
167	8
168	8
169	11
170	11
171	11
172	11
173	8
174	11
175	8
176	11
177	8
178	11
179	8
180	11
181	11
182	11
183	3
184	3
185	3
186	3
187	3
188	3
189	3
190	3
191	3
192	3
193	3
194	3
195	3
196	3
197	3
198	3
199	3
200	3
201	3
202	3
203	3
204	3
205	3
206	3
207	3
208	7
209	7
210	7
211	7
212	7
213	7
214	7
215	7
216	7
217	7
218	7
219	7
220	7
221	7
222	7
223	7
224	7
225	7
226	4
227	4
228	4
229	4
230	4
231	4
232	4
233	4
234	4
235	4
236	7
237	7
238	7
239	7
240	7
241	7
242	7
243	7
244	7
245	7
246	7
247	7
248	3
249	3
250	3
251	3
252	3
253	3
254	3
255	3
256	3
257	3
258	3
259	3
260	3
261	4
262	4
263	4
264	4
265	4
266	4
267	4
268	4
269	4
270	4
271	4
272	4
273	4
274	4
275	4
276	4
277	4
278	4
279	4
280	4
281	4
282	4
283	4
284	4
285	4
286	4
287	4
288	4
289	4
290	4
291	4
292	4
293	4
294	4
295	4
296	4
297	4
298	4
299	4
300	4
301	4
302	3
303	3
304	3
305	3
306	2
307	2
308	2
309	2
310	2
311	2
312	2
313	2
314	2
316	5
317	5
318	5
319	5
320	5
321	5
322	5
323	5
324	5
325	5
326	5
327	5
328	5
329	5
330	5
331	2
332	2
333	2
334	2
335	2
336	2
337	5
338	5
339	5
340	2
341	2
342	2
343	2
344	2
345	2
346	2
347	2
348	2
349	2
350	2
351	2
352	2
353	2
354	2
355	2
356	12
357	12
358	12
359	12
360	12
361	12
362	12
363	12
364	12
365	12
366	12
367	12
368	12
369	2
370	2
371	2
372	2
373	2
374	2
375	2
376	2
377	2
378	2
379	2
380	2
381	2
382	2
383	2
384	2
385	2
386	2
387	2
388	2
389	5
390	5
391	5
392	5
393	5
394	2
395	2
396	2
397	2
398	5
399	5
400	5
401	5
402	5
403	7
404	7
405	7
406	7
407	7
408	7
409	9
410	9
411	9
412	9
413	9
414	9
415	9
416	9
417	9
418	9
419	9
420	9
421	9
422	9
423	9
424	9
425	11
426	11
427	11
428	11
429	11
430	11
431	11
432	11
433	9
434	9
435	9
436	9
437	9
438	9
439	9
440	9
441	9
442	9
443	9
444	9
445	9
446	11
447	11
448	11
449	11
450	11
451	9
452	9
453	9
454	11
455	11
456	11
457	9
458	9
459	9
460	9
461	9
462	9
463	11
464	11
465	11
466	11
467	11
468	11
469	11
470	11
471	11
472	11
473	9
474	9
475	4
476	4
477	11
478	11
479	11
480	11
481	11
482	11
483	11
484	7
485	7
486	11
487	11
488	11
489	4
490	4
491	4
492	4
493	4
494	4
495	11
496	11
497	11
498	7
499	11
500	11
501	11
502	7
503	11
504	11
505	11
506	7
507	7
508	7
509	7
510	7
511	7
512	7
513	7
514	7
515	7
516	7
517	7
518	7
519	7
520	7
521	7
522	8
523	8
524	8
525	8
526	3
527	3
528	8
529	8
530	8
531	8
532	8
533	8
534	8
535	8
536	8
537	8
538	3
539	3
540	3
541	3
542	3
543	3
544	3
545	3
546	3
547	3
548	3
549	3
550	3
551	3
552	3
553	3
554	3
555	3
556	3
557	3
558	3
559	7
560	7
561	7
562	7
563	7
564	7
565	3
566	3
567	3
568	3
569	3
570	8
571	8
572	8
573	8
574	8
575	8
576	8
577	8
578	8
579	8
580	8
581	3
582	3
583	3
584	3
585	3
586	3
587	7
588	4
589	7
590	4
591	4
592	7
593	7
594	7
595	7
596	4
597	7
598	7
599	7
600	7
601	7
602	7
603	3
604	3
605	3
606	3
607	3
608	3
609	3
610	3
611	3
612	3
613	3
614	3
615	3
616	3
617	7
618	7
619	7
620	7
621	7
622	7
623	4
624	7
625	7
626	7
627	4
628	7
629	7
630	7
631	7
632	7
633	7
634	7
635	7
636	7
637	7
638	7
639	3
640	3
641	3
642	3
643	3
644	3
645	3
646	3
647	3
648	3
649	3
650	3
651	3
652	3
653	3
654	3
655	3
656	3
657	11
658	11
659	4
660	4
661	3
662	3
663	3
664	3
665	3
666	3
667	3
668	3
669	3
670	11
671	11
672	11
673	11
674	11
675	11
676	11
677	11
678	11
679	11
680	3
681	3
682	3
683	3
684	3
685	3
686	3
687	3
688	3
689	3
690	3
691	3
692	3
693	3
694	3
695	3
696	3
697	11
698	11
699	11
700	11
701	11
702	11
703	11
704	11
705	11
706	11
707	11
708	11
709	11
710	11
711	11
712	11
713	11
714	3
715	3
716	4
717	4
718	11
719	11
720	11
721	4
722	4
723	4
724	4
725	4
726	4
727	4
728	4
729	4
730	4
731	4
732	5
733	5
734	5
735	5
736	5
737	11
738	11
739	11
740	11
741	11
742	11
743	4
744	4
745	5
746	5
747	5
748	5
749	5
750	5
751	5
752	5
753	5
754	5
755	5
756	5
757	5
758	5
759	5
760	5
761	5
762	5
763	5
764	5
765	5
766	4
767	11
768	11
769	11
770	5
771	5
772	11
773	11
774	11
775	11
776	4
777	4
778	11
779	11
780	4
781	11
782	11
783	11
784	11
785	7
786	11
787	4
788	11
789	11
790	4
791	7
792	7
793	7
794	7
795	7
796	7
797	7
798	7
799	7
800	7
801	4
802	4
803	4
804	4
805	7
806	7
807	7
808	11
809	11
810	11
811	1
812	1
813	1
814	1
815	1
816	1
817	1
818	1
819	1
820	1
821	1
822	1
823	1
824	1
825	1
826	1
827	12
828	12
829	1
830	1
831	1
832	1
833	1
834	1
835	1
836	1
837	1
838	1
839	1
840	1
841	1
842	1
843	1
844	1
845	1
846	1
847	1
848	12
849	12
850	1
851	1
852	1
853	1
854	1
855	1
856	1
857	1
858	3
859	3
860	3
861	3
862	3
863	3
864	3
865	3
866	3
867	3
868	3
869	3
870	3
871	1
872	1
873	1
874	1
875	1
876	1
877	1
878	1
879	1
880	12
881	1
882	1
883	1
884	1
885	1
886	1
887	1
888	1
889	1
890	1
891	12
892	1
893	1
894	1
895	1
896	1
897	1
898	1
899	1
900	12
901	1
902	1
903	1
904	1
905	1
906	1
907	1
908	1
909	12
910	12
911	1
912	1
913	12
914	1
915	1
916	1
917	1
918	1
919	12
920	1
921	1
922	1
923	1
924	12
925	1
926	1
927	1
928	1
929	1
930	1
931	1
932	1
933	1
934	12
935	1
936	1
937	1
938	1
939	12
940	12
941	12
942	1
943	12
944	1
945	1
946	1
947	1
948	1
949	1
950	12
951	1
952	1
953	12
954	1
955	12
956	12
957	1
958	1
959	1
960	12
961	12
962	1
963	1
964	1
965	1
966	12
967	12
968	12
969	1
970	1
971	1
972	1
973	1
974	1
975	1
976	1
977	1
978	12
979	12
980	12
981	12
982	5
983	1
984	5
985	11
986	12
987	12
988	11
989	12
990	11
991	12
992	11
993	11
994	11
995	11
996	12
997	11
998	11
999	11
1000	11
1001	11
1002	11
1003	11
1004	11
1005	12
1006	12
1007	5
1008	5
1009	12
1010	5
1011	1
1012	1
1013	5
1014	5
1015	5
1016	5
1017	5
1018	1
1019	1
1020	5
1021	5
1022	5
1023	5
1024	5
1025	5
1026	5
1027	5
1028	1
1029	1
1030	5
1031	1
1032	5
1033	1
1034	5
1035	5
1036	5
1037	5
1038	5
1039	1
1040	5
1041	5
1042	5
1043	5
1044	1
1045	1
1046	5
1047	5
1048	5
1049	1
1050	5
1051	1
1052	5
1053	5
1054	5
1055	5
1056	5
1057	5
1058	5
1059	5
1060	5
1061	5
1062	1
1063	5
1064	5
1065	5
1066	5
1067	5
1068	5
1069	5
1070	5
1071	1
1072	5
1073	5
1074	5
1075	9
1076	9
1077	9
1078	9
1079	9
1080	9
1081	9
1082	9
1083	9
1084	9
1085	9
1086	9
1087	4
1088	4
1089	4
1090	4
1091	4
1092	4
1093	4
1094	7
1095	7
1096	7
1097	7
1098	7
1099	7
1100	7
1101	7
1102	7
1103	7
1104	7
1105	7
1106	7
1107	2
1108	2
1109	2
1110	2
1111	2
1112	2
1113	2
1114	2
1115	2
1116	2
1117	2
1118	2
1119	2
1120	2
1121	2
1122	2
1123	2
1124	2
1125	2
1126	2
1127	2
1128	2
1129	2
1130	2
1131	2
1132	2
1133	2
1134	2
1135	2
1136	2
1137	2
1138	2
1139	2
1140	2
1141	2
1142	2
1143	2
1144	2
1145	2
1146	2
1147	2
1148	2
1149	2
1150	2
1151	2
1152	2
1153	2
1154	7
1155	7
1156	7
1157	7
1158	2
1159	7
1160	7
1161	7
1162	2
1163	2
1164	2
1165	2
1166	7
1167	7
1168	7
1169	5
1170	5
1171	1
1172	1
1173	5
1174	5
1175	5
1176	5
1177	1
1178	1
1179	1
1180	1
1181	1
1182	1
1183	1
1184	5
1185	5
1186	5
1187	5
1188	5
1189	5
1190	5
1191	5
1192	1
1193	5
1194	5
1195	5
1196	5
1197	1
1198	5
1199	1
1200	12
1201	12
1202	12
1203	12
1204	12
1205	12
1206	12
1207	12
1208	12
1209	12
1210	12
1211	12
1212	12
1213	12
1214	12
1215	12
1216	12
1217	12
1218	12
1219	12
1220	12
1221	12
1222	12
1223	12
1224	12
1225	12
1226	12
1227	12
1228	12
1229	12
1230	12
1231	12
1232	12
1233	12
1234	12
1235	12
1236	12
1237	12
1238	12
1239	12
1240	4
1241	4
1242	4
1243	4
1244	4
1245	4
1246	4
1247	4
1248	4
1249	4
1250	4
1251	4
1252	4
1253	5
1254	5
1255	9
1256	5
1257	9
1258	4
1259	4
1260	4
1261	4
1262	4
1263	4
1264	5
1265	5
1266	9
1267	9
1268	9
1269	9
1270	9
1271	9
1272	9
1273	9
1274	9
1275	9
1276	9
1277	9
1278	7
1279	7
1280	7
1281	4
1282	4
1283	4
1284	9
1285	5
1286	9
1287	9
1288	7
1289	7
1290	7
1291	7
1292	7
1293	7
1294	7
1295	7
1296	7
1297	7
1298	7
1299	7
1300	7
1301	7
1302	7
1303	9
1304	9
1305	9
1306	9
1307	9
1308	9
1309	9
1310	9
1311	9
1312	9
1313	9
1314	2
1315	2
1316	2
1317	2
1318	2
1319	2
1320	2
1321	2
1322	1
1323	2
1324	2
1325	2
1326	2
1327	2
1328	2
1329	2
1330	2
1331	2
1332	2
1333	2
1334	2
1335	1
1336	2
1337	2
1338	2
1339	1
1340	2
1341	2
1342	1
1343	1
1344	2
1345	2
1346	9
1347	9
1348	9
1349	9
1350	9
1351	9
1352	9
1353	9
1354	9
1355	9
1356	9
1357	9
1358	9
1359	9
1360	9
1361	9
1362	9
1363	12
1364	12
1365	12
1366	12
1367	12
1368	12
1369	12
1370	12
1371	12
1372	12
1373	12
1374	12
1375	12
1376	12
1377	12
1378	12
1379	12
1380	12
1381	7
1382	7
1383	7
1384	7
1385	7
1386	7
1387	7
1388	7
1389	7
1390	7
1391	7
1392	7
1393	7
1394	7
1395	7
1396	7
1397	9
1398	9
1399	9
1400	9
1401	9
1402	9
1403	9
1404	9
1405	9
1406	9
1407	9
1408	9
1409	9
1410	9
1411	9
1412	9
1413	9
1414	9
1415	9
1416	9
1417	9
1418	9
1419	9
1420	9
1421	9
1422	9
1423	9
1424	9
1425	9
1426	9
1427	9
1428	8
1429	8
1430	8
1431	13
1432	8
1433	13
1434	8
1435	13
1436	13
1437	8
1438	13
1439	13
1440	13
1441	5
1442	5
1443	5
1444	5
1445	5
1446	5
1447	5
1448	5
1449	5
1450	5
1451	5
1452	5
1453	5
1454	5
1455	8
1456	8
1457	13
1458	8
1459	8
1460	13
1461	8
1462	8
1463	8
1464	13
1465	7
1466	7
1467	7
1468	7
1469	7
1470	7
1471	7
1472	7
1473	7
1474	7
1475	7
1476	7
1477	7
1478	7
1479	7
1480	7
1481	7
1482	7
1483	7
1484	7
1485	7
1486	7
1487	7
1488	7
1489	5
1490	5
1491	5
1492	5
1493	5
1494	5
1495	5
1496	5
1497	5
1498	5
1499	5
1500	5
1501	3
1502	3
1503	3
1504	3
1505	3
1506	3
1507	3
1508	3
1509	3
1510	3
1511	3
1512	3
1513	3
1514	3
1515	3
1516	3
1517	3
1518	3
1519	3
1520	3
1521	3
1522	3
1523	3
1524	3
1525	3
1526	3
1527	3
1528	3
1529	11
1530	11
1531	11
1532	11
1533	11
1534	11
1535	11
1536	11
1537	11
1538	11
1539	11
1540	11
1541	11
1542	11
1543	11
1544	11
1545	11
1546	11
1547	11
1548	11
1549	11
1550	11
1551	11
1552	8
1553	8
1554	12
1555	12
1556	12
1557	12
1558	8
1559	8
1560	8
1561	8
1562	8
1563	8
1564	8
1565	8
1566	12
1567	8
1568	8
1569	8
1570	8
1571	8
1572	8
1573	8
1574	8
1575	8
1576	5
1577	5
1578	5
1579	5
1580	5
1581	5
1582	5
1583	5
1584	5
1585	5
1586	5
1587	5
1588	5
1589	5
1590	5
1591	5
1592	5
1593	9
1594	9
1595	9
1596	9
1597	9
1598	9
1599	9
1600	9
1601	9
1602	8
1603	8
1604	8
1605	8
1606	8
1607	8
1608	8
1609	8
1610	8
1611	8
1612	8
1613	8
1614	8
1615	8
1616	8
1617	8
1618	7
1619	7
1620	7
1621	7
1622	7
1623	7
1624	7
1625	7
1626	7
1627	7
1628	7
1629	5
1630	5
1631	5
1632	5
1633	5
1634	5
1635	5
1636	5
1637	5
1638	5
1639	5
1640	5
1641	5
1642	5
1643	5
1644	7
1645	7
1646	7
1647	7
1648	7
1649	5
1650	5
1651	5
1652	5
1653	5
1654	5
1655	5
1656	5
1658	5
1659	5
1660	5
1661	5
1662	5
1663	5
1664	5
1665	5
1666	5
1667	5
1668	5
1669	5
1670	5
1671	5
1672	5
1673	7
1674	5
1675	5
1676	5
1677	7
1678	4
1679	4
1680	4
1681	4
1682	4
1683	4
1684	4
1685	9
1686	9
1687	9
1688	9
1689	9
1690	9
1691	9
1692	9
1693	9
1694	9
1695	9
1696	9
1697	9
1698	9
1699	9
1700	9
1701	13
1702	9
1703	13
1704	13
1705	9
1706	9
1707	9
1708	9
1709	13
1710	9
1711	9
1712	9
1713	7
1714	7
1715	7
1716	7
1717	7
1718	7
1719	7
1720	7
1721	7
1722	7
1723	7
1724	7
1725	9
1726	9
1727	9
1728	7
1729	9
1730	9
1731	9
1732	9
1733	9
1734	9
1735	9
1736	13
1737	13
1738	13
1739	13
1740	13
1741	9
1742	6
1743	6
1744	6
1745	6
1746	3
1747	6
1748	6
1749	6
1750	6
1751	6
1752	6
1753	3
1754	6
1755	3
1756	6
1757	7
1758	7
1759	7
1760	7
1761	3
1762	6
1763	6
1764	6
1765	6
1766	3
1767	6
1768	6
1769	3
1770	3
1771	6
1772	6
1773	3
1774	7
1775	7
1776	7
1777	7
1778	7
1779	7
1780	7
1781	7
1782	7
1783	7
1784	7
1785	7
1786	7
1787	6
1788	6
1789	6
1790	3
1791	6
1792	3
1793	6
1794	6
1795	7
1796	7
1797	7
1798	7
1799	6
1800	3
1801	3
1802	6
1803	6
1804	6
1805	6
1806	6
1807	6
1808	6
1809	13
1810	13
1811	13
1812	13
1813	13
1814	13
1815	13
1816	13
1817	13
1818	13
1819	13
1820	13
1821	13
1822	13
1823	13
1824	13
1825	13
1826	13
1827	13
1828	13
1829	13
1830	7
1831	7
1832	7
1833	7
1834	7
1835	13
1836	13
1837	7
1838	13
1839	13
1840	12
1841	12
1842	12
1843	12
1844	12
1845	13
1846	13
1847	13
1848	13
1849	13
1850	13
1851	13
1852	13
1853	13
1854	13
1855	13
1856	13
1857	7
1858	7
1859	7
1860	7
1861	7
1862	7
1863	13
1864	13
1865	13
1866	13
1867	13
1868	13
1869	13
1870	13
1871	13
1872	4
1873	4
1874	4
1875	4
1876	4
1877	4
1878	4
1879	4
1880	4
1881	4
1882	4
1883	4
1884	4
1885	4
1886	4
1887	4
1888	4
1889	4
1890	4
1891	4
1892	4
1893	4
1894	4
1895	9
1896	3
1897	3
1898	1
1899	1
1900	1
1901	1
1902	1
1903	1
1904	9
1905	9
1906	9
1907	9
1908	9
1909	3
1910	9
1911	9
1912	9
1913	9
1914	9
1915	9
1916	1
1917	1
1918	1
1919	1
1920	1
1921	1
1922	1
1923	1
1924	3
1925	3
1926	9
1927	9
1928	9
1929	9
1930	3
1931	9
1932	9
1933	9
1934	9
1935	9
1936	9
1937	3
1938	9
1939	9
1940	3
1941	3
1942	9
1943	9
1944	9
1945	9
1946	9
1947	9
1948	9
1949	9
1950	9
1951	9
1952	3
1953	9
1954	9
1955	9
1956	9
1957	3
1958	9
1959	3
1960	9
1961	9
1962	3
1963	9
1964	3
1965	3
1966	9
1967	9
1968	9
1969	9
1970	3
1971	9
1972	3
1973	9
1974	3
1975	9
1976	8
1977	8
1978	8
1979	8
1980	8
1981	8
1982	8
1983	8
1984	8
1985	8
1986	8
1987	8
1988	8
1989	8
1990	8
1991	8
1992	8
1993	8
1994	8
1995	8
1996	8
1997	8
1998	8
1999	8
2000	8
2001	8
2002	8
2003	8
2004	8
2005	8
2006	8
2007	8
2008	8
2009	8
2010	8
2011	8
2012	8
2013	8
2014	8
2015	8
2016	8
2017	4
2018	4
2019	4
2020	4
2021	4
2022	4
2023	4
2024	11
2025	4
2026	4
2027	4
2028	4
2029	4
2030	11
2031	11
2032	11
2033	11
2034	11
2035	11
2036	11
2037	4
2038	4
2039	4
2040	4
2041	4
2042	4
2043	4
2044	4
2045	4
2046	11
2047	11
2048	4
2049	4
2050	4
2051	11
2052	11
2053	4
2054	4
2055	11
2056	4
2057	11
2058	8
2059	8
2060	8
2061	8
2062	8
2063	8
2064	8
2065	8
2066	8
2067	8
2068	4
2069	4
2070	4
2071	4
2072	4
2073	7
2074	4
2075	4
2076	4
2077	7
2078	7
2079	4
2080	7
2081	4
2082	7
2083	4
2084	4
2085	4
2086	4
2087	4
2088	4
2089	5
2090	5
2091	5
2092	5
2093	5
2094	5
2095	5
2096	3
2097	3
2098	3
2099	3
2100	3
2101	3
2102	3
2103	3
2104	3
2105	3
2106	3
2107	3
2108	3
2109	3
2110	3
2111	3
2112	3
2113	6
2114	6
2115	6
2116	6
2117	6
2118	13
2119	13
2120	13
2121	6
2122	13
2123	13
2124	4
2125	6
2126	6
2127	6
2128	6
2129	6
2130	13
2131	6
2132	6
2133	13
2134	6
2135	6
2136	13
2137	13
2138	13
2139	13
2140	13
2141	6
2142	6
2143	6
2144	6
2145	13
2146	13
2147	13
2148	13
2149	13
2150	6
2151	6
2152	6
2153	6
2154	6
2155	6
2156	6
2157	6
2158	6
2159	13
2160	6
2161	6
2162	6
2163	6
2164	13
2165	13
2166	6
2167	13
2168	13
2169	6
2170	6
2171	6
2172	6
2173	6
2174	13
2175	13
2176	13
2177	13
2178	6
2179	6
2180	13
2181	13
2182	6
2183	6
2184	6
2185	6
2186	6
2187	6
2188	13
2189	13
2190	6
2191	13
2192	6
2193	6
2194	6
2195	6
2196	13
2197	13
2198	6
2199	13
2200	6
2201	6
2202	6
2203	6
2204	6
2205	6
2206	6
2207	6
2208	13
2209	6
2210	6
2211	6
2212	6
2213	6
2214	6
2215	13
2216	13
2217	6
2218	6
2219	6
2220	6
2221	13
2222	13
2223	13
2224	6
2225	6
2226	6
2227	6
2228	13
2229	13
2230	13
2231	13
2232	6
2233	13
2234	13
2235	6
2236	13
2237	13
2238	13
2239	6
2240	6
2241	13
2242	13
2243	13
2244	13
2245	13
2246	6
2247	13
2248	13
2249	6
2250	6
2251	6
2252	6
2253	13
2254	13
2255	6
2256	13
2257	6
2258	6
2259	6
2260	6
2261	13
2262	6
2263	6
2264	6
2265	6
2266	6
2267	6
2268	6
2269	13
2270	6
2271	6
2272	6
2273	6
2274	6
2275	6
2276	6
2277	13
2278	6
2279	13
2280	6
2281	6
2282	13
2283	13
2284	4
2285	4
2286	6
2287	6
2288	6
2289	6
2290	6
2291	6
2292	6
2293	6
2294	13
2295	6
2296	6
2297	13
2298	13
2299	13
2300	13
2301	6
2302	13
2303	13
2304	13
2305	6
2306	6
2307	6
2308	6
2309	4
2310	4
2311	4
2312	1
2313	1
2314	1
2315	1
2316	1
2317	1
2318	1
2319	1
2320	1
2321	1
2322	1
2323	1
2324	1
2325	1
2326	1
2327	1
2328	1
2329	1
2330	3
2331	3
2332	3
2333	3
2334	3
2335	3
2336	3
2337	3
2338	3
2339	3
2340	3
2341	3
2342	3
2343	3
2344	3
2345	3
2346	1
2347	1
2348	1
2349	1
2350	1
2351	1
2352	1
2353	1
2354	1
2355	1
2356	1
2357	1
2358	1
2359	1
2360	1
2361	1
2362	1
2363	1
2364	1
2365	1
2366	8
2367	8
2368	8
2369	8
2370	8
2371	8
2372	8
2373	8
2374	8
2375	8
2376	8
2377	8
2378	8
2379	8
2380	8
2381	8
2382	8
2383	8
2384	8
2385	8
2386	8
2387	8
2388	8
2389	8
2390	8
2391	8
2392	8
2393	8
2394	8
2395	8
2396	8
2397	8
2398	8
2399	8
2400	13
2401	8
2402	8
2403	8
2404	8
2405	8
2406	13
2407	8
2408	8
2409	8
2410	8
2411	8
2412	8
2413	8
2414	8
2415	2
2416	2
2417	2
2418	2
2419	10
2420	10
2421	10
2422	2
2423	2
2424	2
2425	2
2426	10
2427	10
2428	10
2429	10
2430	10
2431	10
2432	10
2433	10
2434	10
2435	2
2436	2
2437	2
2438	10
2439	10
2440	10
2441	10
2442	2
2443	2
2444	2
2445	10
2446	10
2447	10
2448	2
2449	10
2450	10
2451	10
2452	10
2453	10
2454	2
2455	2
2456	2
2457	10
2458	10
2459	10
2460	10
2461	10
2462	10
2463	10
2464	10
2465	10
2466	10
2467	10
2468	10
2469	10
2470	10
2471	10
2472	10
2473	10
2474	10
2475	10
2476	10
2477	10
2478	10
2479	10
2480	10
2481	10
2482	10
2483	10
2484	10
2485	10
2486	10
2487	2
2488	10
2489	10
2490	10
2491	10
2492	10
2493	10
2494	2
2495	10
2496	10
2497	10
2498	10
2499	10
2500	10
2501	10
2502	2
2503	2
2504	2
2505	2
2506	2
2507	2
2508	10
2509	10
2510	10
2511	10
2512	10
2513	10
2514	10
2515	10
2516	10
2517	10
2518	10
2519	10
2520	10
2521	10
2522	10
2523	10
2524	10
2525	10
2526	10
2527	10
2528	10
2529	10
2530	10
2531	10
2532	10
2533	10
2534	10
2535	10
2536	10
2537	10
2538	10
2539	10
2540	10
2541	10
2542	10
2543	10
2544	10
2545	10
2546	10
2547	10
2548	10
2549	10
2550	10
2551	10
2552	10
2553	10
2554	10
2555	10
2556	10
2557	10
2558	2
2559	2
2560	10
2561	10
2562	10
2563	10
2564	2
2565	10
2566	10
2567	10
2568	10
2569	10
2570	10
2571	10
2572	10
2573	10
2574	10
2575	10
2576	10
2577	10
2578	10
2579	10
2580	10
2581	10
2582	10
2583	10
2584	10
2585	10
2586	10
2587	10
2588	10
2589	10
2590	10
2591	10
2592	10
2593	10
2594	2
2595	2
2596	2
2597	2
2598	2
2599	2
2600	10
2601	10
2602	10
2603	10
2604	10
2605	10
2606	4
2607	4
2608	4
2609	4
2610	4
2611	4
2612	4
2613	4
2614	4
2615	4
2616	4
2617	4
2618	4
2619	4
2620	4
2621	4
2622	4
2623	4
2624	4
2625	4
2626	4
2627	4
2628	4
2629	4
2630	4
2631	4
2632	4
2633	4
2634	4
2635	4
2636	4
2637	4
2638	4
2639	4
2640	12
2641	12
2642	12
2643	12
2644	8
2645	12
2646	12
2647	12
2648	12
2649	12
2650	12
2651	12
2652	12
2653	12
2654	12
2655	12
2656	8
2657	12
2658	8
2659	8
2660	8
2661	12
2662	12
2663	12
2664	12
2665	12
2666	12
2667	12
2668	12
2669	12
2670	12
2671	12
2672	8
2673	12
2674	8
2675	12
2676	12
2677	12
2678	12
2679	12
2680	12
2681	12
2682	12
2683	12
2684	12
2685	12
2686	12
2687	8
2688	3
2689	3
2690	3
2691	3
315	5
1657	5
