0	8
1	8
2	8
3	8
4	8
5	8
6	8
7	12
8	12
9	12
10	12
11	12
12	12
13	12
14	12
15	12
16	12
17	12
18	12
19	12
20	12
21	5
22	5
23	5
24	5
25	5
26	5
27	5
28	5
29	2
30	2
31	2
32	2
33	6
34	2
35	2
36	2
37	2
38	2
39	2
40	2
41	6
42	2
43	2
44	6
45	2
46	2
47	6
48	2
49	2
50	2
51	2
52	2
53	9
54	9
55	9
56	9
57	9
58	2
59	2
60	2
61	2
62	2
63	2
64	2
65	9
66	9
67	9
68	9
69	9
70	9
71	5
72	5
73	5
74	5
75	2
76	2
77	2
78	2
79	2
80	2
81	2
82	2
83	7
84	7
85	7
86	7
87	7
88	7
89	7
90	7
91	7
92	7
93	7
94	7
95	7
96	12
97	12
98	12
99	12
100	12
101	12
102	12
103	12
104	12
105	12
106	12
107	12
108	12
109	12
110	12
111	12
112	12
113	12
114	12
115	12
116	12
117	12
118	12
119	12
120	12
121	12
122	12
123	12
124	12
125	12
126	12
127	12
128	12
129	11
130	11
131	11
132	11
133	11
134	11
135	11
136	11
137	11
138	11
139	11
140	11
141	11
142	11
143	11
144	11
145	11
146	11
147	11
148	11
149	11
150	11
151	11
152	11
153	11
154	11
155	11
156	11
157	11
158	11
159	11
160	11
161	11
162	11
163	11
164	11
165	11
166	7
167	7
168	7
169	7
170	7
171	7
172	7
173	7
174	7
175	7
176	7
177	7
178	7
179	7
180	7
181	7
182	7
183	2
184	2
185	2
186	2
187	2
188	2
189	2
190	2
191	2
192	2
193	2
194	2
195	2
196	2
197	2
198	2
199	2
200	2
201	2
202	2
203	2
204	2
205	2
206	2
207	2
208	5
209	5
210	5
211	5
212	5
213	5
214	5
215	5
216	5
217	5
218	5
219	5
220	5
221	5
222	5
223	5
224	5
225	5
226	5
227	5
228	5
229	5
230	5
231	5
232	5
233	5
234	5
235	5
236	5
237	5
238	5
239	5
240	5
241	5
242	5
243	5
244	5
245	5
246	5
247	5
248	2
249	2
250	2
251	2
252	2
253	2
254	2
255	2
256	2
257	2
258	2
259	2
260	2
261	1
262	1
263	1
264	1
265	1
266	1
267	1
268	5
269	1
270	1
271	1
272	1
273	1
274	1
275	1
276	1
277	1
278	5
279	1
280	1
281	1
282	5
283	5
284	5
285	1
286	1
287	1
288	5
289	1
290	1
291	5
292	1
293	5
294	1
295	5
296	1
297	1
298	1
299	1
300	1
301	1
302	2
303	2
304	2
305	2
306	10
307	13
308	13
309	10
310	10
311	10
312	13
313	13
314	10
316	6
317	6
318	6
319	6
320	6
321	6
322	6
323	6
324	6
325	6
326	6
327	6
328	6
329	6
330	6
331	13
332	10
333	13
334	13
335	10
336	10
337	6
338	6
339	6
340	10
341	10
342	13
343	13
344	13
345	10
346	10
347	10
348	10
349	13
350	10
351	13
352	13
353	10
354	13
355	13
356	11
357	11
358	11
359	11
360	11
361	11
362	11
363	11
364	11
365	11
366	11
367	11
368	11
369	10
370	13
371	13
372	10
373	10
374	13
375	13
376	10
377	13
378	13
379	13
380	13
381	13
382	13
383	13
384	13
385	13
386	13
387	10
388	10
389	6
390	6
391	6
392	6
393	6
394	13
395	13
396	10
397	13
398	6
399	6
400	6
401	6
402	6
403	5
404	5
405	5
406	5
407	5
408	11
409	8
410	8
411	8
412	8
413	8
414	8
415	8
416	8
417	8
418	8
419	8
420	8
421	8
422	8
423	8
424	8
425	7
426	7
427	7
428	7
429	7
430	7
431	7
432	7
433	8
434	8
435	8
436	8
437	8
438	8
439	8
440	8
441	8
442	8
443	8
444	8
445	8
446	7
447	7
448	7
449	7
450	7
451	8
452	8
453	8
454	7
455	7
456	7
457	8
458	8
459	8
460	8
461	8
462	8
463	7
464	7
465	7
466	7
467	7
468	7
469	7
470	7
471	7
472	7
473	8
474	8
475	1
476	1
477	11
478	11
479	11
480	11
481	11
482	11
483	11
484	5
485	5
486	11
487	11
488	11
489	1
490	1
491	1
492	1
493	1
494	1
495	11
496	11
497	11
498	5
499	11
500	11
501	11
502	5
503	11
504	11
505	11
506	11
507	5
508	5
509	5
510	5
511	5
512	5
513	5
514	5
515	5
516	5
517	5
518	5
519	5
520	5
521	5
522	4
523	4
524	4
525	4
526	2
527	2
528	4
529	4
530	4
531	4
532	4
533	4
534	4
535	4
536	4
537	4
538	2
539	2
540	2
541	2
542	2
543	2
544	2
545	2
546	2
547	2
548	2
549	2
550	2
551	2
552	2
553	2
554	2
555	2
556	2
557	2
558	2
559	5
560	5
561	5
562	5
563	5
564	5
565	2
566	2
567	2
568	2
569	2
570	4
571	4
572	4
573	4
574	4
575	4
576	4
577	4
578	4
579	4
580	4
581	2
582	2
583	2
584	2
585	2
586	2
587	1
588	5
589	5
590	5
591	5
592	5
593	5
594	1
595	5
596	1
597	5
598	1
599	5
600	5
601	5
602	5
603	2
604	2
605	2
606	2
607	2
608	2
609	2
610	2
611	2
612	2
613	2
614	2
615	2
616	2
617	5
618	5
619	5
620	1
621	1
622	1
623	1
624	1
625	1
626	1
627	1
628	5
629	5
630	5
631	5
632	5
633	5
634	1
635	5
636	1
637	1
638	1
639	2
640	2
641	2
642	2
643	2
644	2
645	2
646	2
647	2
648	2
649	2
650	2
651	2
652	2
653	2
654	2
655	2
656	2
657	1
658	1
659	1
660	1
661	8
662	8
663	8
664	8
665	8
666	8
667	8
668	8
669	8
670	5
671	5
672	11
673	11
674	11
675	5
676	11
677	11
678	11
679	11
680	8
681	8
682	8
683	8
684	8
685	8
686	8
687	8
688	8
689	8
690	8
691	8
692	8
693	8
694	8
695	8
696	8
697	5
698	11
699	11
700	5
701	5
702	11
703	5
704	11
705	11
706	11
707	5
708	5
709	11
710	5
711	5
712	5
713	5
714	8
715	8
716	5
717	5
718	5
719	5
720	11
721	5
722	5
723	5
724	5
725	5
726	5
727	5
728	5
729	5
730	5
731	5
732	6
733	6
734	6
735	6
736	6
737	1
738	7
739	7
740	1
741	7
742	7
743	1
744	1
745	6
746	6
747	6
748	6
749	6
750	6
751	6
752	6
753	6
754	6
755	6
756	6
757	6
758	6
759	6
760	6
761	6
762	6
763	6
764	6
765	6
766	1
767	7
768	1
769	7
770	6
771	6
772	1
773	1
774	1
775	7
776	1
777	1
778	1
779	1
780	1
781	1
782	1
783	7
784	7
785	13
786	1
787	1
788	1
789	1
790	1
791	13
792	13
793	13
794	13
795	13
796	13
797	13
798	13
799	13
800	13
801	1
802	1
803	1
804	1
805	13
806	13
807	13
808	1
809	1
810	7
811	9
812	6
813	9
814	6
815	9
816	9
817	9
818	6
819	6
820	6
821	6
822	9
823	6
824	9
825	9
826	9
827	9
828	9
829	6
830	9
831	9
832	9
833	9
834	6
835	6
836	9
837	6
838	9
839	9
840	6
841	9
842	6
843	6
844	6
845	9
846	9
847	6
848	9
849	9
850	6
851	6
852	9
853	9
854	6
855	9
856	6
857	6
858	2
859	2
860	2
861	2
862	2
863	2
864	2
865	2
866	2
867	2
868	2
869	2
870	2
871	9
872	9
873	9
874	9
875	6
876	9
877	9
878	9
879	9
880	9
881	9
882	9
883	6
884	9
885	6
886	9
887	9
888	6
889	9
890	9
891	9
892	6
893	6
894	6
895	6
896	9
897	9
898	9
899	6
900	6
901	6
902	9
903	6
904	9
905	6
906	9
907	6
908	6
909	9
910	6
911	6
912	6
913	9
914	9
915	9
916	9
917	9
918	9
919	9
920	6
921	6
922	6
923	6
924	9
925	6
926	9
927	9
928	6
929	9
930	6
931	6
932	9
933	6
934	9
935	9
936	9
937	9
938	9
939	9
940	9
941	9
942	6
943	9
944	6
945	6
946	9
947	6
948	6
949	6
950	9
951	6
952	6
953	9
954	6
955	9
956	6
957	6
958	6
959	9
960	9
961	9
962	6
963	9
964	6
965	9
966	9
967	9
968	9
969	6
970	9
971	9
972	6
973	6
974	6
975	6
976	6
977	6
978	9
979	9
980	9
981	9
982	6
983	6
984	12
985	11
986	11
987	11
988	11
989	11
990	11
991	11
992	11
993	11
994	11
995	11
996	11
997	11
998	11
999	11
1000	11
1001	11
1002	11
1003	11
1004	11
1005	11
1006	11
1007	6
1008	12
1009	11
1010	12
1011	6
1012	12
1013	12
1014	6
1015	6
1016	6
1017	12
1018	6
1019	6
1020	6
1021	6
1022	6
1023	6
1024	6
1025	6
1026	6
1027	12
1028	6
1029	6
1030	6
1031	6
1032	6
1033	6
1034	6
1035	6
1036	6
1037	12
1038	6
1039	6
1040	6
1041	6
1042	12
1043	6
1044	6
1045	6
1046	6
1047	6
1048	12
1049	6
1050	6
1051	6
1052	6
1053	6
1054	6
1055	6
1056	12
1057	12
1058	12
1059	6
1060	6
1061	12
1062	6
1063	6
1064	6
1065	12
1066	12
1067	12
1068	12
1069	6
1070	12
1071	6
1072	6
1073	6
1074	6
1075	2
1076	2
1077	2
1078	2
1079	2
1080	2
1081	2
1082	2
1083	2
1084	2
1085	2
1086	2
1087	1
1088	1
1089	1
1090	1
1091	1
1092	1
1093	1
1094	5
1095	5
1096	5
1097	5
1098	5
1099	5
1100	5
1101	5
1102	5
1103	5
1104	5
1105	5
1106	5
1107	10
1108	10
1109	10
1110	10
1111	10
1112	10
1113	10
1114	10
1115	10
1116	10
1117	10
1118	10
1119	10
1120	10
1121	10
1122	10
1123	10
1124	10
1125	10
1126	10
1127	10
1128	10
1129	10
1130	10
1131	10
1132	10
1133	10
1134	10
1135	10
1136	9
1137	9
1138	9
1139	9
1140	10
1141	10
1142	10
1143	10
1144	10
1145	10
1146	10
1147	10
1148	10
1149	10
1150	10
1151	10
1152	10
1153	10
1154	13
1155	13
1156	13
1157	13
1158	9
1159	13
1160	9
1161	13
1162	9
1163	9
1164	9
1165	9
1166	9
1167	9
1168	13
1169	6
1170	12
1171	12
1172	6
1173	12
1174	6
1175	12
1176	6
1177	6
1178	6
1179	6
1180	6
1181	6
1182	6
1183	6
1184	12
1185	6
1186	6
1187	6
1188	6
1189	6
1190	12
1191	12
1192	6
1193	6
1194	12
1195	6
1196	12
1197	6
1198	12
1199	6
1200	9
1201	9
1202	9
1203	9
1204	12
1205	9
1206	9
1207	9
1208	12
1209	9
1210	9
1211	9
1212	9
1213	12
1214	9
1215	9
1216	9
1217	12
1218	9
1219	9
1220	9
1221	9
1222	9
1223	9
1224	12
1225	9
1226	9
1227	12
1228	12
1229	9
1230	9
1231	9
1232	9
1233	9
1234	9
1235	12
1236	9
1237	9
1238	9
1239	12
1240	5
1241	5
1242	5
1243	5
1244	5
1245	5
1246	5
1247	5
1248	5
1249	5
1250	5
1251	5
1252	5
1253	8
1254	8
1255	8
1256	8
1257	8
1258	5
1259	5
1260	5
1261	5
1262	5
1263	5
1264	8
1265	8
1266	8
1267	8
1268	8
1269	8
1270	8
1271	8
1272	8
1273	8
1274	8
1275	8
1276	8
1277	8
1278	13
1279	13
1280	13
1281	5
1282	5
1283	5
1284	8
1285	8
1286	8
1287	8
1288	13
1289	13
1290	13
1291	13
1292	13
1293	13
1294	13
1295	13
1296	13
1297	13
1298	13
1299	13
1300	13
1301	13
1302	13
1303	2
1304	2
1305	2
1306	2
1307	2
1308	2
1309	2
1310	2
1311	2
1312	2
1313	2
1314	9
1315	9
1316	9
1317	9
1318	9
1319	9
1320	9
1321	9
1322	9
1323	9
1324	9
1325	9
1326	9
1327	9
1328	9
1329	9
1330	9
1331	9
1332	9
1333	9
1334	9
1335	9
1336	9
1337	9
1338	9
1339	9
1340	9
1341	9
1342	9
1343	9
1344	9
1345	9
1346	2
1347	2
1348	2
1349	2
1350	2
1351	2
1352	2
1353	2
1354	2
1355	2
1356	2
1357	2
1358	2
1359	2
1360	2
1361	2
1362	2
1363	4
1364	10
1365	4
1366	10
1367	10
1368	4
1369	4
1370	4
1371	10
1372	10
1373	4
1374	4
1375	4
1376	4
1377	4
1378	4
1379	10
1380	10
1381	13
1382	13
1383	13
1384	13
1385	13
1386	13
1387	13
1388	13
1389	13
1390	13
1391	13
1392	13
1393	13
1394	13
1395	13
1396	13
1397	8
1398	8
1399	8
1400	8
1401	8
1402	8
1403	8
1404	8
1405	8
1406	8
1407	8
1408	8
1409	8
1410	8
1411	8
1412	8
1413	8
1414	8
1415	8
1416	8
1417	8
1418	8
1419	8
1420	8
1421	8
1422	8
1423	8
1424	8
1425	8
1426	8
1427	8
1428	4
1429	4
1430	4
1431	4
1432	4
1433	4
1434	4
1435	4
1436	4
1437	4
1438	4
1439	4
1440	4
1441	12
1442	12
1443	12
1444	12
1445	12
1446	12
1447	12
1448	12
1449	12
1450	12
1451	12
1452	12
1453	12
1454	12
1455	4
1456	4
1457	4
1458	4
1459	4
1460	4
1461	4
1462	4
1463	4
1464	4
1465	5
1466	5
1467	5
1468	5
1469	11
1470	5
1471	5
1472	5
1473	11
1474	5
1475	5
1476	5
1477	5
1478	5
1479	5
1480	5
1481	5
1482	5
1483	5
1484	5
1485	5
1486	5
1487	11
1488	5
1489	6
1490	6
1491	6
1492	6
1493	6
1494	6
1495	6
1496	6
1497	6
1498	6
1499	6
1500	6
1501	8
1502	8
1503	8
1504	8
1505	8
1506	8
1507	8
1508	8
1509	8
1510	8
1511	8
1512	8
1513	8
1514	8
1515	8
1516	8
1517	8
1518	8
1519	8
1520	8
1521	8
1522	8
1523	8
1524	8
1525	8
1526	8
1527	8
1528	8
1529	7
1530	7
1531	7
1532	7
1533	7
1534	7
1535	7
1536	7
1537	7
1538	7
1539	7
1540	7
1541	7
1542	7
1543	7
1544	7
1545	7
1546	7
1547	7
1548	7
1549	7
1550	7
1551	7
1552	11
1553	11
1554	4
1555	4
1556	4
1557	11
1558	11
1559	11
1560	11
1561	11
1562	4
1563	11
1564	11
1565	11
1566	11
1567	11
1568	11
1569	11
1570	11
1571	11
1572	11
1573	11
1574	11
1575	11
1576	6
1577	6
1578	6
1579	6
1580	6
1581	6
1582	6
1583	6
1584	6
1585	6
1586	6
1587	6
1588	6
1589	6
1590	6
1591	6
1592	6
1593	2
1594	2
1595	2
1596	2
1597	2
1598	2
1599	2
1600	2
1601	2
1602	7
1603	7
1604	4
1605	7
1606	7
1607	7
1608	4
1609	7
1610	4
1611	4
1612	4
1613	7
1614	7
1615	7
1616	7
1617	7
1618	5
1619	5
1620	5
1621	5
1622	5
1623	5
1624	5
1625	5
1626	5
1627	5
1628	5
1629	12
1630	12
1631	12
1632	12
1633	12
1634	12
1635	12
1636	12
1637	12
1638	12
1639	12
1640	12
1641	12
1642	12
1643	12
1644	5
1645	5
1646	5
1647	5
1648	5
1649	12
1650	12
1651	12
1652	12
1653	12
1654	12
1655	12
1656	12
1658	12
1659	12
1660	12
1661	12
1662	12
1663	12
1664	12
1665	12
1666	12
1667	12
1668	12
1669	12
1670	12
1671	12
1672	12
1673	5
1674	12
1675	12
1676	12
1677	5
1678	5
1679	5
1680	1
1681	1
1682	5
1683	5
1684	5
1685	8
1686	8
1687	8
1688	8
1689	8
1690	8
1691	8
1692	8
1693	8
1694	8
1695	8
1696	8
1697	8
1698	8
1699	8
1700	8
1701	12
1702	12
1703	3
1704	3
1705	12
1706	12
1707	12
1708	12
1709	12
1710	12
1711	12
1712	12
1713	5
1714	5
1715	5
1716	5
1717	5
1718	5
1719	5
1720	5
1721	5
1722	5
1723	5
1724	5
1725	12
1726	12
1727	12
1728	5
1729	12
1730	12
1731	12
1732	12
1733	12
1734	12
1735	12
1736	12
1737	12
1738	12
1739	12
1740	12
1741	12
1742	8
1743	8
1744	3
1745	3
1746	8
1747	3
1748	8
1749	3
1750	3
1751	8
1752	8
1753	8
1754	3
1755	8
1756	3
1757	5
1758	5
1759	5
1760	5
1761	8
1762	3
1763	3
1764	3
1765	3
1766	8
1767	3
1768	3
1769	8
1770	8
1771	8
1772	3
1773	8
1774	5
1775	5
1776	5
1777	5
1778	5
1779	5
1780	5
1781	5
1782	5
1783	5
1784	5
1785	5
1786	5
1787	3
1788	3
1789	8
1790	8
1791	3
1792	8
1793	8
1794	3
1795	5
1796	5
1797	5
1798	5
1799	8
1800	8
1801	8
1802	8
1803	3
1804	3
1805	3
1806	3
1807	8
1808	3
1809	12
1810	3
1811	3
1812	3
1813	3
1814	3
1815	3
1816	12
1817	3
1818	12
1819	12
1820	12
1821	12
1822	12
1823	12
1824	3
1825	12
1826	12
1827	3
1828	12
1829	3
1830	5
1831	5
1832	5
1833	5
1834	5
1835	3
1836	3
1837	5
1838	12
1839	12
1840	11
1841	11
1842	11
1843	11
1844	11
1845	12
1846	12
1847	12
1848	12
1849	3
1850	12
1851	12
1852	12
1853	12
1854	3
1855	3
1856	3
1857	5
1858	5
1859	5
1860	5
1861	5
1862	5
1863	3
1864	12
1865	12
1866	12
1867	12
1868	12
1869	12
1870	12
1871	12
1872	1
1873	1
1874	1
1875	1
1876	1
1877	1
1878	1
1879	1
1880	1
1881	1
1882	1
1883	1
1884	1
1885	1
1886	1
1887	1
1888	1
1889	1
1890	1
1891	1
1892	1
1893	1
1894	1
1895	2
1896	2
1897	2
1898	9
1899	9
1900	9
1901	9
1902	9
1903	9
1904	2
1905	2
1906	2
1907	2
1908	2
1909	2
1910	2
1911	2
1912	2
1913	2
1914	2
1915	2
1916	9
1917	9
1918	9
1919	9
1920	9
1921	9
1922	9
1923	9
1924	2
1925	2
1926	2
1927	2
1928	2
1929	2
1930	2
1931	2
1932	2
1933	2
1934	2
1935	2
1936	2
1937	2
1938	2
1939	2
1940	2
1941	2
1942	2
1943	2
1944	2
1945	2
1946	2
1947	2
1948	2
1949	2
1950	2
1951	2
1952	2
1953	2
1954	2
1955	2
1956	2
1957	2
1958	2
1959	2
1960	2
1961	2
1962	2
1963	2
1964	2
1965	2
1966	2
1967	2
1968	2
1969	2
1970	2
1971	2
1972	2
1973	2
1974	2
1975	2
1976	7
1977	7
1978	7
1979	7
1980	7
1981	7
1982	7
1983	7
1984	7
1985	7
1986	7
1987	7
1988	7
1989	7
1990	7
1991	7
1992	7
1993	7
1994	7
1995	7
1996	7
1997	7
1998	7
1999	7
2000	7
2001	7
2002	7
2003	7
2004	7
2005	7
2006	7
2007	7
2008	7
2009	7
2010	7
2011	7
2012	7
2013	7
2014	7
2015	7
2016	7
2017	1
2018	1
2019	1
2020	1
2021	1
2022	1
2023	1
2024	1
2025	1
2026	1
2027	1
2028	1
2029	1
2030	1
2031	7
2032	7
2033	1
2034	1
2035	1
2036	1
2037	1
2038	5
2039	5
2040	5
2041	5
2042	5
2043	1
2044	1
2045	1
2046	1
2047	1
2048	5
2049	5
2050	1
2051	1
2052	1
2053	1
2054	1
2055	1
2056	1
2057	1
2058	7
2059	7
2060	7
2061	7
2062	7
2063	7
2064	7
2065	7
2066	7
2067	7
2068	1
2069	1
2070	1
2071	1
2072	1
2073	5
2074	1
2075	1
2076	1
2077	5
2078	5
2079	1
2080	5
2081	1
2082	5
2083	1
2084	1
2085	1
2086	1
2087	1
2088	1
2089	6
2090	6
2091	6
2092	6
2093	6
2094	6
2095	6
2096	8
2097	8
2098	8
2099	8
2100	8
2101	8
2102	8
2103	8
2104	8
2105	8
2106	8
2107	8
2108	8
2109	8
2110	8
2111	8
2112	8
2113	4
2114	3
2115	3
2116	3
2117	3
2118	4
2119	4
2120	4
2121	3
2122	4
2123	4
2124	1
2125	3
2126	3
2127	3
2128	3
2129	3
2130	4
2131	4
2132	4
2133	4
2134	3
2135	3
2136	4
2137	4
2138	4
2139	4
2140	4
2141	4
2142	4
2143	4
2144	4
2145	4
2146	4
2147	4
2148	4
2149	4
2150	3
2151	3
2152	3
2153	3
2154	3
2155	3
2156	4
2157	4
2158	3
2159	4
2160	3
2161	3
2162	3
2163	3
2164	3
2165	3
2166	3
2167	4
2168	4
2169	3
2170	3
2171	4
2172	3
2173	3
2174	4
2175	4
2176	4
2177	4
2178	3
2179	3
2180	3
2181	3
2182	3
2183	3
2184	3
2185	3
2186	3
2187	3
2188	4
2189	4
2190	3
2191	4
2192	4
2193	3
2194	4
2195	4
2196	4
2197	4
2198	4
2199	4
2200	4
2201	4
2202	4
2203	4
2204	3
2205	3
2206	3
2207	3
2208	4
2209	3
2210	3
2211	4
2212	4
2213	4
2214	4
2215	4
2216	4
2217	4
2218	3
2219	3
2220	3
2221	4
2222	4
2223	4
2224	3
2225	3
2226	3
2227	3
2228	4
2229	4
2230	3
2231	3
2232	3
2233	4
2234	4
2235	3
2236	4
2237	4
2238	4
2239	3
2240	3
2241	4
2242	4
2243	4
2244	4
2245	4
2246	3
2247	3
2248	3
2249	3
2250	3
2251	3
2252	3
2253	4
2254	4
2255	4
2256	3
2257	3
2258	3
2259	3
2260	3
2261	3
2262	3
2263	3
2264	3
2265	3
2266	4
2267	3
2268	4
2269	4
2270	4
2271	3
2272	4
2273	4
2274	3
2275	3
2276	3
2277	4
2278	4
2279	4
2280	3
2281	3
2282	4
2283	4
2284	1
2285	1
2286	4
2287	4
2288	3
2289	3
2290	3
2291	3
2292	3
2293	3
2294	4
2295	3
2296	3
2297	4
2298	4
2299	4
2300	4
2301	3
2302	4
2303	4
2304	4
2305	3
2306	3
2307	3
2308	3
2309	1
2310	1
2311	1
2312	9
2313	9
2314	9
2315	9
2316	9
2317	9
2318	9
2319	9
2320	9
2321	9
2322	9
2323	9
2324	9
2325	9
2326	9
2327	9
2328	9
2329	9
2330	2
2331	2
2332	2
2333	2
2334	2
2335	2
2336	2
2337	2
2338	2
2339	2
2340	2
2341	2
2342	2
2343	2
2344	2
2345	2
2346	6
2347	6
2348	6
2349	6
2350	6
2351	6
2352	6
2353	6
2354	6
2355	6
2356	6
2357	6
2358	6
2359	6
2360	6
2361	6
2362	6
2363	6
2364	6
2365	6
2366	4
2367	4
2368	4
2369	4
2370	4
2371	4
2372	4
2373	4
2374	4
2375	4
2376	4
2377	4
2378	4
2379	4
2380	4
2381	4
2382	4
2383	4
2384	4
2385	4
2386	4
2387	4
2388	4
2389	4
2390	4
2391	4
2392	4
2393	4
2394	4
2395	4
2396	4
2397	4
2398	4
2399	4
2400	4
2401	4
2402	4
2403	4
2404	4
2405	4
2406	4
2407	4
2408	4
2409	4
2410	4
2411	4
2412	4
2413	4
2414	4
2415	10
2416	10
2417	10
2418	10
2419	13
2420	13
2421	13
2422	10
2423	13
2424	13
2425	13
2426	13
2427	13
2428	13
2429	13
2430	13
2431	13
2432	13
2433	13
2434	13
2435	10
2436	10
2437	10
2438	13
2439	13
2440	13
2441	13
2442	13
2443	13
2444	13
2445	13
2446	13
2447	13
2448	13
2449	10
2450	10
2451	10
2452	10
2453	10
2454	10
2455	13
2456	10
2457	10
2458	10
2459	10
2460	13
2461	13
2462	10
2463	10
2464	10
2465	13
2466	13
2467	10
2468	10
2469	10
2470	10
2471	10
2472	10
2473	13
2474	13
2475	10
2476	10
2477	10
2478	10
2479	10
2480	10
2481	10
2482	10
2483	10
2484	10
2485	10
2486	10
2487	10
2488	10
2489	10
2490	10
2491	10
2492	10
2493	10
2494	10
2495	10
2496	13
2497	13
2498	13
2499	13
2500	10
2501	10
2502	10
2503	10
2504	10
2505	10
2506	10
2507	10
2508	13
2509	13
2510	13
2511	13
2512	13
2513	13
2514	13
2515	10
2516	10
2517	10
2518	10
2519	10
2520	10
2521	10
2522	10
2523	13
2524	13
2525	13
2526	10
2527	10
2528	10
2529	13
2530	13
2531	13
2532	13
2533	13
2534	13
2535	13
2536	13
2537	13
2538	13
2539	10
2540	13
2541	10
2542	13
2543	13
2544	10
2545	10
2546	10
2547	13
2548	13
2549	13
2550	10
2551	10
2552	13
2553	13
2554	10
2555	10
2556	10
2557	10
2558	10
2559	10
2560	10
2561	13
2562	13
2563	13
2564	13
2565	13
2566	13
2567	13
2568	13
2569	13
2570	13
2571	13
2572	13
2573	13
2574	13
2575	10
2576	10
2577	10
2578	10
2579	10
2580	10
2581	13
2582	13
2583	10
2584	10
2585	13
2586	10
2587	13
2588	13
2589	13
2590	13
2591	13
2592	13
2593	13
2594	13
2595	13
2596	13
2597	10
2598	10
2599	10
2600	10
2601	10
2602	13
2603	13
2604	13
2605	13
2606	1
2607	1
2608	1
2609	1
2610	1
2611	1
2612	1
2613	1
2614	1
2615	1
2616	1
2617	1
2618	1
2619	1
2620	1
2621	1
2622	1
2623	1
2624	1
2625	1
2626	1
2627	1
2628	1
2629	1
2630	1
2631	1
2632	1
2633	1
2634	1
2635	1
2636	1
2637	1
2638	1
2639	1
2640	7
2641	7
2642	7
2643	7
2644	7
2645	11
2646	11
2647	11
2648	7
2649	7
2650	7
2651	11
2652	7
2653	11
2654	11
2655	11
2656	7
2657	11
2658	7
2659	7
2660	7
2661	11
2662	11
2663	7
2664	11
2665	7
2666	7
2667	11
2668	7
2669	7
2670	11
2671	7
2672	7
2673	7
2674	7
2675	11
2676	11
2677	11
2678	11
2679	7
2680	7
2681	7
2682	7
2683	7
2684	7
2685	7
2686	7
2687	7
2688	2
2689	2
2690	2
2691	2
315	6
1657	12
