0	10
1	10
2	10
3	10
4	10
5	10
6	10
7	2
8	2
9	9
10	9
11	9
12	2
13	2
14	2
15	2
16	9
17	9
18	9
19	9
20	9
21	6
22	6
23	6
24	6
25	6
26	6
27	6
28	6
29	11
30	11
31	11
32	11
33	11
34	11
35	11
36	11
37	11
38	11
39	11
40	11
41	11
42	11
43	11
44	11
45	11
46	11
47	11
48	11
49	11
50	11
51	11
52	11
53	13
54	13
55	13
56	13
57	13
58	11
59	11
60	11
61	11
62	11
63	11
64	11
65	13
66	13
67	13
68	13
69	13
70	13
71	6
72	6
73	6
74	6
75	11
76	11
77	11
78	11
79	11
80	11
81	11
82	11
83	7
84	7
85	7
86	7
87	7
88	7
89	7
90	7
91	7
92	7
93	7
94	7
95	7
96	9
97	2
98	9
99	9
100	2
101	2
102	2
103	9
104	2
105	9
106	2
107	9
108	9
109	2
110	2
111	9
112	2
113	2
114	2
115	2
116	2
117	9
118	2
119	2
120	2
121	2
122	9
123	2
124	9
125	9
126	9
127	9
128	9
129	8
130	1
131	1
132	1
133	8
134	1
135	1
136	1
137	1
138	8
139	1
140	1
141	1
142	8
143	1
144	1
145	8
146	1
147	8
148	8
149	8
150	8
151	8
152	8
153	8
154	1
155	1
156	1
157	1
158	1
159	1
160	1
161	1
162	8
163	8
164	8
165	1
166	8
167	8
168	8
169	8
170	8
171	8
172	8
173	8
174	8
175	8
176	8
177	8
178	8
179	8
180	8
181	8
182	8
183	11
184	11
185	11
186	11
187	11
188	11
189	11
190	11
191	11
192	11
193	11
194	11
195	11
196	11
197	11
198	11
199	11
200	11
201	11
202	11
203	11
204	11
205	11
206	11
207	11
208	6
209	6
210	6
211	6
212	6
213	6
214	6
215	6
216	6
217	6
218	6
219	6
220	6
221	6
222	6
223	6
224	6
225	6
226	1
227	1
228	1
229	1
230	1
231	1
232	1
233	1
234	1
235	1
236	6
237	6
238	6
239	6
240	6
241	6
242	6
243	6
244	6
245	6
246	6
247	6
248	11
249	11
250	11
251	11
252	11
253	11
254	11
255	11
256	11
257	11
258	11
259	11
260	11
261	1
262	1
263	1
264	1
265	1
266	1
267	1
268	4
269	1
270	4
271	1
272	1
273	1
274	1
275	1
276	1
277	1
278	4
279	1
280	1
281	1
282	4
283	4
284	4
285	4
286	1
287	4
288	4
289	4
290	4
291	4
292	4
293	4
294	4
295	4
296	1
297	4
298	1
299	4
300	4
301	4
302	11
303	11
304	11
305	11
306	13
307	6
308	13
309	13
310	13
311	13
312	13
313	13
314	13
316	9
317	9
318	9
319	9
320	9
321	9
322	9
323	9
324	9
325	9
326	9
327	9
328	9
329	9
330	9
331	13
332	13
333	13
334	6
335	13
336	13
337	9
338	9
339	9
340	13
341	13
342	13
343	6
344	6
345	6
346	13
347	13
348	13
349	13
350	13
351	6
352	6
353	13
354	6
355	6
356	8
357	8
358	8
359	8
360	8
361	8
362	8
363	8
364	8
365	8
366	8
367	8
368	8
369	13
370	6
371	6
372	13
373	13
374	13
375	13
376	13
377	6
378	6
379	13
380	6
381	6
382	6
383	13
384	13
385	13
386	6
387	13
388	13
389	9
390	9
391	9
392	9
393	9
394	13
395	13
396	13
397	13
398	9
399	9
400	9
401	9
402	9
403	6
404	6
405	6
406	6
407	1
408	1
409	9
410	10
411	9
412	9
413	10
414	10
415	10
416	9
417	10
418	9
419	9
420	10
421	10
422	10
423	9
424	10
425	4
426	4
427	4
428	4
429	4
430	4
431	4
432	4
433	9
434	10
435	10
436	9
437	10
438	10
439	9
440	10
441	10
442	9
443	10
444	10
445	9
446	4
447	4
448	4
449	4
450	4
451	10
452	9
453	9
454	4
455	4
456	4
457	10
458	9
459	10
460	10
461	10
462	10
463	4
464	4
465	4
466	4
467	4
468	4
469	4
470	4
471	4
472	4
473	10
474	9
475	1
476	1
477	8
478	8
479	8
480	8
481	8
482	8
483	8
484	6
485	6
486	8
487	8
488	8
489	1
490	1
491	1
492	1
493	1
494	1
495	8
496	8
497	8
498	6
499	8
500	8
501	8
502	6
503	8
504	8
505	8
506	1
507	6
508	6
509	6
510	6
511	6
512	6
513	6
514	6
515	6
516	6
517	6
518	6
519	1
520	6
521	6
522	7
523	7
524	7
525	7
526	10
527	10
528	7
529	7
530	7
531	7
532	7
533	7
534	7
535	7
536	7
537	7
538	10
539	10
540	10
541	10
542	10
543	10
544	10
545	10
546	10
547	10
548	10
549	10
550	10
551	10
552	10
553	10
554	10
555	10
556	10
557	10
558	10
559	1
560	1
561	1
562	1
563	1
564	1
565	10
566	10
567	10
568	10
569	10
570	2
571	2
572	2
573	2
574	2
575	2
576	2
577	2
578	2
579	2
580	2
581	10
582	10
583	10
584	10
585	10
586	10
587	1
588	1
589	1
590	1
591	1
592	6
593	6
594	1
595	6
596	1
597	1
598	1
599	6
600	6
601	1
602	6
603	11
604	11
605	11
606	11
607	11
608	11
609	11
610	11
611	11
612	11
613	11
614	11
615	11
616	11
617	1
618	6
619	6
620	1
621	1
622	1
623	1
624	1
625	1
626	1
627	1
628	6
629	6
630	6
631	1
632	1
633	1
634	1
635	1
636	1
637	1
638	1
639	10
640	10
641	10
642	10
643	10
644	10
645	10
646	10
647	10
648	10
649	10
650	10
651	10
652	10
653	10
654	10
655	10
656	10
657	4
658	4
659	4
660	4
661	10
662	10
663	10
664	10
665	10
666	10
667	10
668	10
669	10
670	8
671	8
672	8
673	8
674	8
675	8
676	8
677	8
678	8
679	8
680	10
681	10
682	10
683	10
684	10
685	10
686	10
687	10
688	10
689	10
690	10
691	10
692	10
693	10
694	10
695	10
696	10
697	8
698	8
699	1
700	1
701	8
702	1
703	1
704	8
705	1
706	8
707	1
708	8
709	8
710	8
711	8
712	8
713	8
714	10
715	10
716	1
717	1
718	8
719	8
720	8
721	1
722	1
723	1
724	1
725	1
726	1
727	1
728	1
729	1
730	1
731	1
732	9
733	9
734	9
735	9
736	9
737	4
738	4
739	4
740	4
741	4
742	4
743	4
744	4
745	9
746	9
747	9
748	9
749	9
750	9
751	9
752	9
753	9
754	9
755	9
756	9
757	9
758	9
759	9
760	9
761	9
762	9
763	9
764	9
765	9
766	4
767	4
768	4
769	4
770	9
771	9
772	4
773	4
774	4
775	4
776	4
777	4
778	4
779	4
780	4
781	4
782	4
783	4
784	4
785	6
786	4
787	4
788	4
789	4
790	4
791	6
792	6
793	6
794	6
795	6
796	6
797	6
798	6
799	6
800	6
801	4
802	4
803	4
804	4
805	6
806	6
807	6
808	4
809	4
810	4
811	3
812	7
813	3
814	3
815	3
816	7
817	3
818	7
819	7
820	7
821	3
822	3
823	3
824	7
825	7
826	3
827	7
828	7
829	7
830	3
831	3
832	3
833	3
834	3
835	3
836	3
837	3
838	3
839	3
840	3
841	3
842	3
843	3
844	3
845	7
846	3
847	7
848	7
849	7
850	7
851	7
852	3
853	3
854	3
855	7
856	7
857	7
858	11
859	11
860	11
861	11
862	11
863	11
864	11
865	11
866	11
867	11
868	11
869	11
870	11
871	3
872	3
873	3
874	3
875	3
876	3
877	3
878	7
879	7
880	7
881	3
882	3
883	3
884	3
885	3
886	3
887	3
888	7
889	7
890	7
891	7
892	7
893	3
894	3
895	3
896	3
897	7
898	7
899	7
900	7
901	7
902	3
903	3
904	3
905	3
906	7
907	7
908	7
909	7
910	7
911	7
912	7
913	7
914	3
915	3
916	7
917	3
918	7
919	7
920	7
921	7
922	7
923	7
924	7
925	3
926	3
927	3
928	3
929	3
930	7
931	3
932	7
933	7
934	7
935	3
936	3
937	3
938	7
939	7
940	7
941	7
942	7
943	7
944	7
945	7
946	3
947	3
948	3
949	3
950	7
951	7
952	7
953	7
954	7
955	7
956	7
957	3
958	3
959	3
960	7
961	7
962	7
963	3
964	3
965	3
966	7
967	7
968	7
969	3
970	7
971	3
972	3
973	3
974	7
975	7
976	3
977	3
978	7
979	7
980	7
981	7
982	3
983	3
984	3
985	8
986	8
987	8
988	8
989	8
990	8
991	8
992	8
993	8
994	8
995	8
996	8
997	8
998	8
999	8
1000	8
1001	8
1002	8
1003	8
1004	8
1005	8
1006	8
1007	3
1008	3
1009	8
1010	3
1011	3
1012	3
1013	3
1014	3
1015	3
1016	3
1017	3
1018	3
1019	3
1020	3
1021	3
1022	3
1023	3
1024	3
1025	3
1026	3
1027	3
1028	3
1029	3
1030	3
1031	3
1032	3
1033	3
1034	3
1035	3
1036	3
1037	9
1038	3
1039	3
1040	3
1041	3
1042	3
1043	3
1044	3
1045	3
1046	3
1047	9
1048	3
1049	3
1050	3
1051	3
1052	3
1053	3
1054	3
1055	9
1056	9
1057	3
1058	3
1059	3
1060	3
1061	3
1062	3
1063	9
1064	3
1065	9
1066	9
1067	9
1068	3
1069	3
1070	3
1071	3
1072	3
1073	3
1074	3
1075	11
1076	11
1077	11
1078	11
1079	11
1080	11
1081	11
1082	11
1083	11
1084	11
1085	11
1086	11
1087	1
1088	1
1089	1
1090	1
1091	1
1092	1
1093	1
1094	6
1095	6
1096	6
1097	6
1098	6
1099	6
1100	6
1101	6
1102	6
1103	6
1104	6
1105	6
1106	6
1107	13
1108	13
1109	13
1110	13
1111	13
1112	13
1113	13
1114	13
1115	13
1116	13
1117	13
1118	13
1119	13
1120	13
1121	13
1122	13
1123	13
1124	13
1125	13
1126	13
1127	13
1128	13
1129	13
1130	13
1131	13
1132	13
1133	13
1134	13
1135	13
1136	13
1137	13
1138	13
1139	13
1140	13
1141	13
1142	13
1143	13
1144	13
1145	13
1146	13
1147	13
1148	13
1149	13
1150	13
1151	13
1152	13
1153	13
1154	6
1155	6
1156	6
1157	6
1158	13
1159	6
1160	6
1161	6
1162	6
1163	13
1164	13
1165	6
1166	13
1167	13
1168	6
1169	3
1170	3
1171	3
1172	3
1173	3
1174	3
1175	3
1176	3
1177	3
1178	3
1179	3
1180	3
1181	3
1182	3
1183	3
1184	3
1185	3
1186	3
1187	3
1188	3
1189	3
1190	3
1191	3
1192	3
1193	3
1194	3
1195	3
1196	3
1197	3
1198	3
1199	3
1200	7
1201	7
1202	7
1203	7
1204	7
1205	7
1206	7
1207	7
1208	7
1209	7
1210	7
1211	7
1212	7
1213	7
1214	7
1215	7
1216	7
1217	7
1218	7
1219	7
1220	7
1221	7
1222	7
1223	7
1224	7
1225	7
1226	7
1227	7
1228	7
1229	7
1230	7
1231	7
1232	7
1233	7
1234	7
1235	7
1236	7
1237	7
1238	7
1239	7
1240	4
1241	4
1242	4
1243	4
1244	1
1245	4
1246	1
1247	1
1248	4
1249	1
1250	4
1251	1
1252	1
1253	11
1254	11
1255	11
1256	11
1257	11
1258	4
1259	1
1260	1
1261	1
1262	1
1263	4
1264	11
1265	11
1266	11
1267	11
1268	11
1269	11
1270	11
1271	11
1272	11
1273	11
1274	11
1275	11
1276	11
1277	11
1278	6
1279	6
1280	6
1281	1
1282	4
1283	4
1284	11
1285	11
1286	11
1287	11
1288	6
1289	6
1290	6
1291	6
1292	6
1293	6
1294	6
1295	6
1296	6
1297	6
1298	6
1299	6
1300	6
1301	6
1302	6
1303	11
1304	11
1305	11
1306	11
1307	11
1308	11
1309	11
1310	11
1311	11
1312	11
1313	11
1314	13
1315	13
1316	13
1317	13
1318	13
1319	13
1320	13
1321	13
1322	13
1323	13
1324	13
1325	13
1326	13
1327	13
1328	13
1329	13
1330	13
1331	13
1332	13
1333	13
1334	13
1335	13
1336	13
1337	13
1338	13
1339	13
1340	13
1341	13
1342	13
1343	13
1344	13
1345	13
1346	11
1347	11
1348	11
1349	11
1350	11
1351	11
1352	11
1353	11
1354	11
1355	11
1356	11
1357	11
1358	11
1359	11
1360	11
1361	11
1362	11
1363	13
1364	13
1365	13
1366	13
1367	13
1368	13
1369	13
1370	13
1371	13
1372	13
1373	13
1374	13
1375	13
1376	13
1377	13
1378	13
1379	13
1380	13
1381	6
1382	6
1383	6
1384	6
1385	6
1386	6
1387	6
1388	6
1389	6
1390	6
1391	6
1392	6
1393	6
1394	6
1395	6
1396	6
1397	10
1398	11
1399	11
1400	11
1401	10
1402	11
1403	11
1404	10
1405	11
1406	11
1407	11
1408	11
1409	11
1410	10
1411	11
1412	11
1413	10
1414	11
1415	11
1416	11
1417	10
1418	10
1419	11
1420	10
1421	11
1422	10
1423	11
1424	10
1425	10
1426	10
1427	10
1428	2
1429	2
1430	2
1431	2
1432	2
1433	2
1434	2
1435	2
1436	2
1437	2
1438	2
1439	2
1440	2
1441	9
1442	9
1443	9
1444	9
1445	9
1446	9
1447	9
1448	9
1449	9
1450	9
1451	9
1452	9
1453	9
1454	9
1455	2
1456	2
1457	2
1458	2
1459	2
1460	2
1461	2
1462	2
1463	2
1464	2
1465	1
1466	1
1467	1
1468	1
1469	1
1470	1
1471	1
1472	1
1473	1
1474	1
1475	1
1476	1
1477	1
1478	1
1479	1
1480	1
1481	1
1482	1
1483	1
1484	1
1485	1
1486	1
1487	1
1488	1
1489	9
1490	9
1491	9
1492	9
1493	9
1494	9
1495	9
1496	9
1497	9
1498	9
1499	9
1500	9
1501	10
1502	10
1503	10
1504	10
1505	10
1506	10
1507	10
1508	10
1509	10
1510	10
1511	10
1512	10
1513	10
1514	10
1515	10
1516	10
1517	10
1518	10
1519	10
1520	10
1521	10
1522	10
1523	10
1524	10
1525	10
1526	10
1527	10
1528	10
1529	4
1530	4
1531	4
1532	4
1533	4
1534	4
1535	4
1536	4
1537	4
1538	4
1539	4
1540	4
1541	4
1542	4
1543	4
1544	4
1545	4
1546	4
1547	4
1548	4
1549	4
1550	4
1551	4
1552	7
1553	7
1554	7
1555	13
1556	7
1557	13
1558	7
1559	7
1560	13
1561	7
1562	7
1563	13
1564	7
1565	7
1566	13
1567	7
1568	13
1569	7
1570	13
1571	13
1572	7
1573	13
1574	13
1575	13
1576	9
1577	9
1578	9
1579	9
1580	9
1581	9
1582	9
1583	9
1584	9
1585	9
1586	9
1587	9
1588	9
1589	9
1590	9
1591	9
1592	9
1593	11
1594	11
1595	11
1596	11
1597	11
1598	11
1599	11
1600	11
1601	11
1602	7
1603	7
1604	7
1605	7
1606	7
1607	7
1608	7
1609	7
1610	7
1611	7
1612	7
1613	7
1614	7
1615	7
1616	7
1617	7
1618	6
1619	6
1620	6
1621	6
1622	6
1623	6
1624	6
1625	6
1626	6
1627	6
1628	6
1629	3
1630	9
1631	9
1632	9
1633	3
1634	9
1635	9
1636	9
1637	9
1638	9
1639	3
1640	9
1641	3
1642	9
1643	9
1644	6
1645	6
1646	6
1647	6
1648	6
1649	9
1650	3
1651	9
1652	9
1653	9
1654	9
1655	9
1656	9
1658	9
1659	9
1660	9
1661	9
1662	9
1663	9
1664	9
1665	9
1666	9
1667	9
1668	9
1669	3
1670	9
1671	9
1672	9
1673	6
1674	9
1675	9
1676	9
1677	6
1678	4
1679	4
1680	4
1681	4
1682	4
1683	4
1684	4
1685	9
1686	9
1687	9
1688	9
1689	9
1690	9
1691	9
1692	9
1693	9
1694	9
1695	9
1696	9
1697	9
1698	9
1699	9
1700	9
1701	9
1702	9
1703	5
1704	5
1705	9
1706	9
1707	9
1708	9
1709	9
1710	9
1711	9
1712	9
1713	6
1714	6
1715	6
1716	6
1717	6
1718	6
1719	6
1720	6
1721	6
1722	6
1723	6
1724	6
1725	9
1726	9
1727	9
1728	6
1729	9
1730	9
1731	9
1732	9
1733	9
1734	9
1735	9
1736	9
1737	9
1738	9
1739	9
1740	9
1741	9
1742	10
1743	10
1744	10
1745	10
1746	10
1747	10
1748	10
1749	10
1750	10
1751	10
1752	10
1753	10
1754	10
1755	10
1756	10
1757	6
1758	6
1759	6
1760	6
1761	10
1762	10
1763	10
1764	10
1765	10
1766	10
1767	10
1768	10
1769	10
1770	10
1771	10
1772	10
1773	10
1774	6
1775	6
1776	6
1777	6
1778	6
1779	6
1780	6
1781	6
1782	6
1783	6
1784	6
1785	6
1786	6
1787	10
1788	10
1789	10
1790	10
1791	10
1792	10
1793	10
1794	10
1795	6
1796	6
1797	6
1798	6
1799	10
1800	10
1801	10
1802	10
1803	10
1804	10
1805	10
1806	10
1807	10
1808	10
1809	5
1810	5
1811	5
1812	5
1813	2
1814	5
1815	5
1816	5
1817	5
1818	5
1819	2
1820	5
1821	2
1822	5
1823	2
1824	2
1825	5
1826	5
1827	5
1828	5
1829	5
1830	1
1831	1
1832	1
1833	1
1834	1
1835	5
1836	5
1837	1
1838	5
1839	5
1840	13
1841	13
1842	13
1843	13
1844	13
1845	5
1846	2
1847	5
1848	5
1849	5
1850	2
1851	5
1852	5
1853	2
1854	5
1855	2
1856	5
1857	1
1858	1
1859	1
1860	1
1861	1
1862	1
1863	5
1864	2
1865	2
1866	2
1867	2
1868	5
1869	2
1870	2
1871	5
1872	4
1873	4
1874	4
1875	4
1876	4
1877	4
1878	4
1879	4
1880	4
1881	4
1882	4
1883	4
1884	4
1885	4
1886	4
1887	4
1888	4
1889	4
1890	4
1891	4
1892	4
1893	4
1894	4
1895	11
1896	11
1897	11
1898	13
1899	13
1900	13
1901	13
1902	13
1903	13
1904	11
1905	11
1906	11
1907	11
1908	11
1909	11
1910	11
1911	11
1912	11
1913	11
1914	11
1915	11
1916	13
1917	13
1918	13
1919	13
1920	13
1921	13
1922	13
1923	13
1924	11
1925	11
1926	11
1927	11
1928	11
1929	11
1930	11
1931	11
1932	11
1933	11
1934	11
1935	11
1936	11
1937	11
1938	11
1939	11
1940	11
1941	11
1942	11
1943	11
1944	11
1945	11
1946	11
1947	11
1948	11
1949	11
1950	11
1951	11
1952	11
1953	11
1954	11
1955	11
1956	11
1957	11
1958	11
1959	11
1960	11
1961	11
1962	11
1963	11
1964	11
1965	11
1966	11
1967	11
1968	11
1969	11
1970	11
1971	11
1972	11
1973	11
1974	11
1975	11
1976	7
1977	7
1978	7
1979	7
1980	7
1981	7
1982	7
1983	7
1984	7
1985	7
1986	7
1987	7
1988	7
1989	7
1990	7
1991	7
1992	7
1993	7
1994	7
1995	7
1996	7
1997	7
1998	7
1999	7
2000	7
2001	7
2002	7
2003	7
2004	7
2005	7
2006	7
2007	7
2008	7
2009	7
2010	7
2011	7
2012	7
2013	7
2014	7
2015	7
2016	7
2017	1
2018	1
2019	1
2020	1
2021	1
2022	1
2023	1
2024	4
2025	1
2026	1
2027	1
2028	1
2029	1
2030	4
2031	4
2032	4
2033	4
2034	4
2035	4
2036	4
2037	4
2038	1
2039	1
2040	1
2041	1
2042	1
2043	1
2044	1
2045	1
2046	4
2047	4
2048	1
2049	1
2050	1
2051	4
2052	4
2053	4
2054	4
2055	4
2056	4
2057	4
2058	7
2059	7
2060	7
2061	7
2062	7
2063	7
2064	7
2065	7
2066	7
2067	7
2068	1
2069	1
2070	1
2071	1
2072	1
2073	1
2074	1
2075	1
2076	1
2077	1
2078	1
2079	1
2080	1
2081	1
2082	1
2083	1
2084	1
2085	1
2086	1
2087	1
2088	1
2089	9
2090	9
2091	9
2092	9
2093	9
2094	9
2095	9
2096	10
2097	10
2098	10
2099	10
2100	10
2101	10
2102	10
2103	10
2104	10
2105	10
2106	10
2107	10
2108	10
2109	10
2110	10
2111	10
2112	10
2113	2
2114	2
2115	5
2116	5
2117	5
2118	2
2119	2
2120	5
2121	5
2122	2
2123	2
2124	1
2125	5
2126	5
2127	5
2128	5
2129	5
2130	2
2131	5
2132	5
2133	2
2134	5
2135	5
2136	2
2137	2
2138	2
2139	5
2140	2
2141	2
2142	2
2143	2
2144	2
2145	2
2146	2
2147	2
2148	2
2149	2
2150	5
2151	5
2152	5
2153	5
2154	2
2155	2
2156	2
2157	2
2158	5
2159	2
2160	5
2161	5
2162	5
2163	5
2164	5
2165	5
2166	5
2167	2
2168	5
2169	5
2170	5
2171	2
2172	5
2173	5
2174	2
2175	2
2176	2
2177	2
2178	5
2179	5
2180	5
2181	5
2182	5
2183	5
2184	5
2185	5
2186	5
2187	5
2188	2
2189	5
2190	5
2191	2
2192	5
2193	5
2194	2
2195	2
2196	2
2197	2
2198	5
2199	2
2200	5
2201	2
2202	2
2203	2
2204	5
2205	5
2206	5
2207	5
2208	2
2209	5
2210	5
2211	2
2212	2
2213	5
2214	2
2215	2
2216	2
2217	5
2218	5
2219	5
2220	5
2221	2
2222	2
2223	2
2224	5
2225	5
2226	5
2227	5
2228	2
2229	2
2230	5
2231	5
2232	5
2233	2
2234	2
2235	5
2236	2
2237	2
2238	2
2239	5
2240	5
2241	2
2242	2
2243	2
2244	2
2245	2
2246	5
2247	5
2248	5
2249	5
2250	5
2251	5
2252	5
2253	2
2254	2
2255	2
2256	5
2257	5
2258	5
2259	5
2260	5
2261	5
2262	5
2263	5
2264	5
2265	5
2266	2
2267	5
2268	5
2269	2
2270	2
2271	5
2272	5
2273	2
2274	5
2275	5
2276	5
2277	2
2278	2
2279	2
2280	5
2281	5
2282	2
2283	2
2284	1
2285	1
2286	2
2287	2
2288	5
2289	5
2290	5
2291	5
2292	5
2293	5
2294	5
2295	5
2296	5
2297	2
2298	2
2299	2
2300	2
2301	5
2302	2
2303	5
2304	2
2305	5
2306	5
2307	5
2308	5
2309	1
2310	1
2311	1
2312	3
2313	3
2314	3
2315	3
2316	3
2317	3
2318	3
2319	3
2320	3
2321	3
2322	3
2323	3
2324	3
2325	3
2326	3
2327	3
2328	3
2329	3
2330	11
2331	11
2332	11
2333	11
2334	11
2335	11
2336	11
2337	11
2338	11
2339	11
2340	11
2341	11
2342	11
2343	11
2344	11
2345	11
2346	3
2347	3
2348	3
2349	3
2350	3
2351	3
2352	3
2353	3
2354	3
2355	3
2356	3
2357	3
2358	3
2359	3
2360	3
2361	3
2362	3
2363	3
2364	3
2365	3
2366	2
2367	2
2368	2
2369	2
2370	2
2371	2
2372	2
2373	2
2374	2
2375	2
2376	2
2377	2
2378	2
2379	2
2380	2
2381	2
2382	2
2383	2
2384	2
2385	2
2386	2
2387	2
2388	2
2389	2
2390	2
2391	2
2392	2
2393	2
2394	2
2395	2
2396	2
2397	2
2398	2
2399	2
2400	2
2401	2
2402	2
2403	2
2404	2
2405	2
2406	2
2407	2
2408	2
2409	2
2410	2
2411	2
2412	2
2413	2
2414	2
2415	12
2416	12
2417	12
2418	12
2419	12
2420	12
2421	12
2422	12
2423	12
2424	12
2425	12
2426	12
2427	12
2428	12
2429	12
2430	12
2431	12
2432	12
2433	12
2434	12
2435	12
2436	12
2437	12
2438	12
2439	12
2440	12
2441	12
2442	12
2443	12
2444	12
2445	12
2446	12
2447	12
2448	12
2449	12
2450	12
2451	12
2452	12
2453	12
2454	12
2455	12
2456	12
2457	12
2458	12
2459	12
2460	12
2461	12
2462	12
2463	12
2464	12
2465	12
2466	12
2467	12
2468	12
2469	12
2470	12
2471	12
2472	12
2473	12
2474	12
2475	12
2476	12
2477	12
2478	12
2479	12
2480	12
2481	12
2482	12
2483	12
2484	12
2485	12
2486	12
2487	12
2488	12
2489	12
2490	12
2491	12
2492	12
2493	12
2494	12
2495	12
2496	6
2497	6
2498	6
2499	6
2500	12
2501	12
2502	12
2503	12
2504	6
2505	6
2506	6
2507	12
2508	6
2509	6
2510	6
2511	6
2512	6
2513	6
2514	6
2515	12
2516	12
2517	12
2518	12
2519	12
2520	12
2521	12
2522	12
2523	6
2524	12
2525	12
2526	12
2527	12
2528	12
2529	12
2530	12
2531	12
2532	12
2533	12
2534	12
2535	12
2536	12
2537	12
2538	12
2539	12
2540	12
2541	12
2542	6
2543	12
2544	12
2545	12
2546	12
2547	12
2548	12
2549	12
2550	12
2551	12
2552	12
2553	12
2554	12
2555	12
2556	12
2557	12
2558	6
2559	6
2560	6
2561	6
2562	6
2563	12
2564	12
2565	12
2566	12
2567	12
2568	12
2569	6
2570	6
2571	6
2572	6
2573	12
2574	6
2575	12
2576	12
2577	12
2578	12
2579	12
2580	12
2581	12
2582	12
2583	12
2584	12
2585	12
2586	12
2587	12
2588	6
2589	6
2590	12
2591	6
2592	6
2593	6
2594	12
2595	12
2596	12
2597	12
2598	12
2599	12
2600	12
2601	12
2602	12
2603	12
2604	12
2605	12
2606	1
2607	1
2608	4
2609	1
2610	1
2611	1
2612	1
2613	1
2614	4
2615	4
2616	1
2617	1
2618	1
2619	4
2620	1
2621	1
2622	1
2623	4
2624	4
2625	1
2626	1
2627	1
2628	1
2629	1
2630	1
2631	1
2632	1
2633	1
2634	1
2635	1
2636	4
2637	1
2638	1
2639	1
2640	8
2641	8
2642	8
2643	8
2644	8
2645	8
2646	8
2647	8
2648	8
2649	8
2650	8
2651	8
2652	8
2653	8
2654	8
2655	8
2656	8
2657	8
2658	8
2659	8
2660	8
2661	8
2662	8
2663	8
2664	8
2665	8
2666	8
2667	8
2668	8
2669	8
2670	8
2671	8
2672	8
2673	8
2674	8
2675	8
2676	8
2677	8
2678	8
2679	8
2680	8
2681	8
2682	8
2683	8
2684	8
2685	8
2686	8
2687	8
2688	11
2689	11
2690	11
2691	11
315	9
1657	9
