0	5
1	5
2	5
3	5
4	5
5	5
6	5
7	2
8	2
9	2
10	2
11	1
12	1
13	1
14	1
15	1
16	2
17	1
18	2
19	2
20	2
21	10
22	10
23	10
24	10
25	10
26	10
27	10
28	10
29	9
30	9
31	9
32	9
33	9
34	9
35	9
36	9
37	9
38	9
39	9
40	9
41	9
42	9
43	9
44	9
45	9
46	9
47	9
48	9
49	9
50	13
51	9
52	9
53	4
54	4
55	4
56	4
57	4
58	9
59	13
60	13
61	13
62	13
63	13
64	13
65	4
66	4
67	4
68	4
69	4
70	4
71	10
72	10
73	10
74	10
75	9
76	9
77	9
78	9
79	13
80	9
81	13
82	13
83	3
84	3
85	3
86	3
87	3
88	3
89	3
90	3
91	3
92	3
93	3
94	3
95	3
96	2
97	1
98	2
99	1
100	1
101	2
102	2
103	1
104	2
105	2
106	1
107	2
108	2
109	1
110	1
111	1
112	1
113	1
114	2
115	2
116	1
117	1
118	1
119	1
120	1
121	1
122	1
123	2
124	1
125	1
126	1
127	1
128	1
129	7
130	7
131	7
132	7
133	8
134	7
135	7
136	7
137	7
138	7
139	7
140	7
141	8
142	8
143	7
144	7
145	7
146	7
147	8
148	7
149	7
150	8
151	7
152	7
153	7
154	7
155	7
156	7
157	8
158	8
159	8
160	8
161	8
162	8
163	8
164	7
165	8
166	6
167	6
168	6
169	6
170	6
171	6
172	6
173	6
174	6
175	6
176	6
177	6
178	6
179	6
180	6
181	6
182	6
183	5
184	5
185	5
186	5
187	5
188	5
189	5
190	5
191	5
192	5
193	5
194	5
195	5
196	5
197	5
198	5
199	5
200	5
201	5
202	5
203	5
204	5
205	5
206	5
207	5
208	10
209	10
210	10
211	10
212	10
213	10
214	10
215	10
216	10
217	10
218	10
219	10
220	10
221	10
222	10
223	10
224	10
225	10
226	10
227	10
228	10
229	10
230	10
231	10
232	10
233	10
234	10
235	10
236	10
237	10
238	10
239	10
240	10
241	10
242	10
243	10
244	10
245	10
246	10
247	10
248	5
249	5
250	5
251	5
252	5
253	5
254	5
255	5
256	5
257	5
258	5
259	5
260	5
261	10
262	10
263	10
264	10
265	10
266	10
267	10
268	7
269	7
270	7
271	10
272	10
273	10
274	10
275	10
276	10
277	10
278	7
279	7
280	7
281	7
282	7
283	7
284	7
285	7
286	7
287	7
288	7
289	7
290	7
291	7
292	7
293	7
294	7
295	7
296	7
297	7
298	7
299	7
300	7
301	7
302	5
303	5
304	5
305	5
306	12
307	12
308	12
309	12
310	12
311	12
312	12
313	12
314	12
316	9
317	9
318	9
319	9
320	9
321	9
322	9
323	9
324	9
325	9
326	9
327	9
328	9
329	9
330	9
331	12
332	12
333	12
334	12
335	12
336	12
337	9
338	9
339	9
340	12
341	4
342	12
343	12
344	4
345	4
346	4
347	12
348	4
349	12
350	12
351	4
352	4
353	4
354	12
355	4
356	8
357	8
358	8
359	8
360	8
361	8
362	8
363	8
364	8
365	6
366	8
367	8
368	8
369	12
370	4
371	4
372	12
373	12
374	12
375	12
376	12
377	12
378	12
379	12
380	12
381	4
382	4
383	12
384	12
385	12
386	12
387	12
388	12
389	9
390	9
391	9
392	9
393	9
394	12
395	12
396	4
397	12
398	9
399	9
400	9
401	9
402	9
403	10
404	10
405	10
406	10
407	10
408	10
409	13
410	13
411	13
412	13
413	13
414	13
415	13
416	13
417	13
418	13
419	13
420	13
421	13
422	13
423	13
424	13
425	6
426	6
427	6
428	6
429	6
430	6
431	6
432	6
433	13
434	13
435	13
436	13
437	13
438	13
439	13
440	13
441	13
442	13
443	13
444	13
445	13
446	6
447	6
448	6
449	6
450	6
451	13
452	13
453	13
454	6
455	6
456	6
457	13
458	13
459	13
460	13
461	13
462	13
463	6
464	6
465	6
466	6
467	6
468	6
469	6
470	6
471	6
472	6
473	13
474	13
475	7
476	7
477	7
478	7
479	7
480	7
481	7
482	7
483	7
484	10
485	10
486	7
487	7
488	7
489	7
490	7
491	7
492	7
493	7
494	7
495	7
496	7
497	7
498	10
499	7
500	7
501	7
502	10
503	7
504	7
505	7
506	10
507	10
508	10
509	10
510	10
511	10
512	10
513	10
514	10
515	10
516	10
517	10
518	10
519	10
520	10
521	10
522	1
523	1
524	1
525	1
526	5
527	5
528	1
529	1
530	1
531	1
532	1
533	1
534	1
535	1
536	1
537	3
538	5
539	5
540	5
541	5
542	5
543	5
544	5
545	5
546	5
547	5
548	5
549	5
550	5
551	5
552	5
553	5
554	5
555	5
556	5
557	5
558	5
559	10
560	10
561	10
562	10
563	10
564	10
565	5
566	5
567	5
568	5
569	5
570	3
571	3
572	3
573	3
574	3
575	3
576	3
577	3
578	3
579	3
580	3
581	5
582	5
583	5
584	5
585	5
586	5
587	10
588	10
589	10
590	10
591	10
592	10
593	10
594	10
595	10
596	10
597	10
598	10
599	10
600	10
601	10
602	10
603	5
604	5
605	5
606	5
607	5
608	5
609	5
610	5
611	5
612	5
613	5
614	5
615	5
616	5
617	10
618	10
619	10
620	10
621	10
622	10
623	10
624	10
625	10
626	10
627	10
628	10
629	10
630	10
631	10
632	10
633	10
634	10
635	10
636	10
637	10
638	10
639	5
640	5
641	5
642	5
643	5
644	5
645	5
646	5
647	5
648	5
649	5
650	5
651	5
652	5
653	5
654	5
655	5
656	5
657	6
658	6
659	6
660	6
661	13
662	13
663	13
664	13
665	13
666	13
667	13
668	13
669	13
670	7
671	7
672	7
673	7
674	7
675	7
676	7
677	7
678	7
679	7
680	13
681	13
682	13
683	13
684	13
685	13
686	13
687	13
688	13
689	13
690	13
691	13
692	13
693	13
694	13
695	13
696	13
697	7
698	7
699	7
700	7
701	7
702	7
703	7
704	7
705	7
706	7
707	7
708	7
709	7
710	7
711	7
712	7
713	7
714	13
715	13
716	10
717	10
718	7
719	7
720	7
721	10
722	10
723	10
724	10
725	10
726	10
727	10
728	10
729	10
730	10
731	10
732	9
733	9
734	9
735	9
736	9
737	6
738	6
739	6
740	6
741	6
742	6
743	6
744	6
745	9
746	9
747	9
748	9
749	9
750	9
751	9
752	9
753	9
754	9
755	9
756	9
757	9
758	9
759	9
760	9
761	9
762	9
763	9
764	9
765	9
766	6
767	6
768	6
769	6
770	9
771	9
772	6
773	6
774	6
775	6
776	6
777	6
778	6
779	6
780	6
781	6
782	6
783	6
784	6
785	4
786	6
787	6
788	6
789	6
790	6
791	4
792	4
793	4
794	4
795	4
796	4
797	4
798	4
799	4
800	4
801	6
802	6
803	6
804	6
805	4
806	4
807	4
808	6
809	6
810	6
811	9
812	9
813	1
814	9
815	1
816	1
817	9
818	9
819	1
820	9
821	9
822	1
823	9
824	1
825	1
826	1
827	1
828	1
829	9
830	9
831	1
832	1
833	1
834	9
835	9
836	9
837	9
838	1
839	1
840	9
841	1
842	9
843	9
844	9
845	1
846	9
847	9
848	1
849	1
850	9
851	9
852	9
853	9
854	9
855	1
856	9
857	9
858	5
859	5
860	5
861	5
862	5
863	5
864	5
865	5
866	5
867	5
868	5
869	5
870	5
871	9
872	9
873	1
874	1
875	9
876	9
877	1
878	1
879	1
880	1
881	9
882	9
883	9
884	1
885	9
886	1
887	9
888	9
889	1
890	1
891	1
892	9
893	9
894	9
895	9
896	9
897	1
898	1
899	1
900	1
901	1
902	9
903	9
904	9
905	9
906	1
907	1
908	1
909	1
910	1
911	9
912	9
913	1
914	9
915	9
916	1
917	9
918	1
919	1
920	1
921	1
922	1
923	9
924	1
925	9
926	1
927	9
928	9
929	1
930	9
931	9
932	1
933	1
934	1
935	9
936	9
937	1
938	1
939	1
940	1
941	1
942	9
943	1
944	1
945	1
946	1
947	9
948	9
949	9
950	1
951	1
952	1
953	1
954	1
955	1
956	1
957	9
958	9
959	1
960	1
961	1
962	9
963	1
964	9
965	1
966	1
967	1
968	1
969	9
970	1
971	1
972	9
973	9
974	1
975	9
976	9
977	9
978	1
979	1
980	1
981	1
982	12
983	12
984	9
985	7
986	6
987	6
988	7
989	6
990	7
991	6
992	6
993	6
994	7
995	7
996	7
997	6
998	6
999	7
1000	6
1001	6
1002	6
1003	7
1004	7
1005	6
1006	6
1007	9
1008	9
1009	6
1010	9
1011	9
1012	9
1013	9
1014	12
1015	12
1016	12
1017	9
1018	9
1019	9
1020	9
1021	9
1022	9
1023	9
1024	12
1025	12
1026	9
1027	9
1028	12
1029	12
1030	12
1031	9
1032	12
1033	12
1034	9
1035	9
1036	9
1037	9
1038	12
1039	9
1040	12
1041	9
1042	9
1043	12
1044	12
1045	12
1046	12
1047	9
1048	9
1049	9
1050	9
1051	9
1052	12
1053	12
1054	9
1055	9
1056	9
1057	9
1058	9
1059	12
1060	9
1061	9
1062	9
1063	9
1064	9
1065	9
1066	9
1067	9
1068	9
1069	12
1070	9
1071	12
1072	12
1073	12
1074	12
1075	13
1076	13
1077	13
1078	13
1079	13
1080	13
1081	13
1082	13
1083	13
1084	13
1085	13
1086	13
1087	7
1088	7
1089	7
1090	7
1091	7
1092	7
1093	7
1094	10
1095	10
1096	10
1097	10
1098	10
1099	10
1100	10
1101	10
1102	10
1103	10
1104	10
1105	10
1106	10
1107	12
1108	12
1109	12
1110	12
1111	12
1112	12
1113	12
1114	12
1115	12
1116	12
1117	12
1118	12
1119	12
1120	12
1121	12
1122	12
1123	12
1124	12
1125	12
1126	12
1127	12
1128	12
1129	12
1130	12
1131	12
1132	12
1133	12
1134	12
1135	12
1136	12
1137	12
1138	12
1139	12
1140	12
1141	12
1142	12
1143	12
1144	12
1145	12
1146	12
1147	12
1148	12
1149	12
1150	12
1151	12
1152	12
1153	12
1154	4
1155	4
1156	4
1157	4
1158	4
1159	4
1160	4
1161	4
1162	4
1163	4
1164	4
1165	4
1166	4
1167	4
1168	4
1169	12
1170	9
1171	9
1172	9
1173	9
1174	9
1175	9
1176	12
1177	9
1178	9
1179	9
1180	9
1181	9
1182	12
1183	9
1184	9
1185	12
1186	9
1187	12
1188	12
1189	12
1190	9
1191	9
1192	9
1193	12
1194	9
1195	12
1196	9
1197	9
1198	9
1199	12
1200	1
1201	1
1202	1
1203	1
1204	1
1205	1
1206	1
1207	1
1208	1
1209	1
1210	1
1211	1
1212	1
1213	1
1214	1
1215	1
1216	1
1217	1
1218	1
1219	1
1220	1
1221	1
1222	1
1223	1
1224	1
1225	1
1226	1
1227	1
1228	1
1229	1
1230	1
1231	1
1232	1
1233	1
1234	1
1235	1
1236	1
1237	1
1238	1
1239	1
1240	7
1241	7
1242	7
1243	10
1244	7
1245	7
1246	7
1247	7
1248	10
1249	10
1250	10
1251	10
1252	10
1253	13
1254	13
1255	13
1256	13
1257	13
1258	10
1259	10
1260	10
1261	10
1262	7
1263	7
1264	13
1265	13
1266	13
1267	13
1268	13
1269	13
1270	13
1271	13
1272	13
1273	13
1274	13
1275	13
1276	13
1277	13
1278	4
1279	4
1280	4
1281	10
1282	7
1283	7
1284	13
1285	13
1286	13
1287	13
1288	4
1289	4
1290	4
1291	4
1292	4
1293	4
1294	4
1295	4
1296	4
1297	4
1298	4
1299	4
1300	4
1301	4
1302	4
1303	13
1304	13
1305	13
1306	13
1307	13
1308	13
1309	13
1310	13
1311	13
1312	13
1313	13
1314	12
1315	12
1316	12
1317	12
1318	12
1319	12
1320	12
1321	12
1322	12
1323	12
1324	12
1325	12
1326	12
1327	12
1328	12
1329	12
1330	12
1331	12
1332	12
1333	12
1334	12
1335	12
1336	12
1337	12
1338	12
1339	12
1340	12
1341	12
1342	12
1343	12
1344	12
1345	12
1346	13
1347	13
1348	13
1349	13
1350	13
1351	13
1352	13
1353	13
1354	13
1355	13
1356	13
1357	13
1358	13
1359	13
1360	13
1361	13
1362	13
1363	4
1364	4
1365	4
1366	4
1367	4
1368	4
1369	4
1370	4
1371	4
1372	4
1373	4
1374	4
1375	4
1376	4
1377	4
1378	4
1379	4
1380	4
1381	4
1382	4
1383	4
1384	4
1385	4
1386	4
1387	4
1388	4
1389	4
1390	4
1391	4
1392	4
1393	4
1394	4
1395	4
1396	4
1397	13
1398	13
1399	13
1400	13
1401	13
1402	13
1403	13
1404	13
1405	13
1406	13
1407	13
1408	13
1409	13
1410	13
1411	13
1412	13
1413	13
1414	13
1415	13
1416	13
1417	13
1418	13
1419	13
1420	13
1421	13
1422	13
1423	13
1424	13
1425	13
1426	13
1427	13
1428	1
1429	1
1430	1
1431	3
1432	3
1433	1
1434	1
1435	1
1436	1
1437	1
1438	1
1439	3
1440	3
1441	2
1442	2
1443	2
1444	2
1445	2
1446	1
1447	1
1448	2
1449	2
1450	1
1451	1
1452	2
1453	2
1454	2
1455	1
1456	3
1457	3
1458	1
1459	1
1460	3
1461	1
1462	1
1463	1
1464	3
1465	10
1466	10
1467	10
1468	10
1469	10
1470	10
1471	10
1472	10
1473	10
1474	10
1475	10
1476	10
1477	10
1478	10
1479	10
1480	10
1481	10
1482	10
1483	10
1484	10
1485	10
1486	10
1487	10
1488	10
1489	9
1490	9
1491	9
1492	9
1493	9
1494	9
1495	9
1496	9
1497	9
1498	9
1499	9
1500	9
1501	5
1502	5
1503	5
1504	5
1505	5
1506	5
1507	5
1508	5
1509	5
1510	5
1511	5
1512	5
1513	5
1514	5
1515	5
1516	5
1517	5
1518	5
1519	5
1520	5
1521	5
1522	5
1523	5
1524	5
1525	5
1526	5
1527	5
1528	5
1529	6
1530	6
1531	6
1532	6
1533	6
1534	6
1535	6
1536	6
1537	6
1538	6
1539	6
1540	6
1541	6
1542	6
1543	6
1544	6
1545	6
1546	6
1547	6
1548	6
1549	6
1550	6
1551	6
1552	3
1553	3
1554	3
1555	3
1556	3
1557	3
1558	3
1559	3
1560	3
1561	3
1562	3
1563	3
1564	3
1565	3
1566	3
1567	3
1568	3
1569	3
1570	3
1571	3
1572	3
1573	3
1574	3
1575	3
1576	9
1577	9
1578	9
1579	9
1580	9
1581	9
1582	9
1583	9
1584	9
1585	9
1586	9
1587	9
1588	9
1589	9
1590	9
1591	9
1592	9
1593	13
1594	13
1595	13
1596	13
1597	13
1598	13
1599	13
1600	13
1601	13
1602	3
1603	3
1604	3
1605	3
1606	3
1607	3
1608	3
1609	3
1610	3
1611	3
1612	3
1613	3
1614	3
1615	3
1616	3
1617	3
1618	10
1619	10
1620	10
1621	10
1622	10
1623	10
1624	10
1625	10
1626	10
1627	10
1628	10
1629	9
1630	1
1631	1
1632	1
1633	1
1634	1
1635	1
1636	1
1637	1
1638	1
1639	1
1640	1
1641	1
1642	1
1643	1
1644	10
1645	10
1646	10
1647	10
1648	10
1649	1
1650	1
1651	1
1652	1
1653	1
1654	1
1655	1
1656	1
1658	1
1659	1
1660	1
1661	1
1662	1
1663	1
1664	1
1665	1
1666	1
1667	1
1668	1
1669	1
1670	1
1671	1
1672	1
1673	10
1674	1
1675	1
1676	1
1677	10
1678	7
1679	7
1680	7
1681	7
1682	7
1683	7
1684	7
1685	2
1686	2
1687	2
1688	2
1689	2
1690	2
1691	2
1692	2
1693	2
1694	2
1695	2
1696	2
1697	2
1698	2
1699	2
1700	2
1701	2
1702	2
1703	2
1704	2
1705	2
1706	2
1707	2
1708	2
1709	2
1710	2
1711	2
1712	2
1713	10
1714	10
1715	10
1716	10
1717	10
1718	10
1719	10
1720	10
1721	10
1722	10
1723	10
1724	10
1725	2
1726	2
1727	2
1728	10
1729	2
1730	2
1731	2
1732	2
1733	2
1734	2
1735	2
1736	2
1737	2
1738	2
1739	2
1740	2
1741	2
1742	13
1743	13
1744	13
1745	13
1746	13
1747	13
1748	13
1749	13
1750	13
1751	13
1752	13
1753	13
1754	13
1755	13
1756	13
1757	10
1758	10
1759	10
1760	10
1761	13
1762	13
1763	13
1764	11
1765	13
1766	13
1767	11
1768	13
1769	13
1770	13
1771	13
1772	13
1773	13
1774	10
1775	10
1776	10
1777	10
1778	10
1779	10
1780	10
1781	10
1782	10
1783	10
1784	10
1785	10
1786	10
1787	13
1788	13
1789	13
1790	13
1791	13
1792	13
1793	13
1794	13
1795	10
1796	10
1797	10
1798	10
1799	13
1800	13
1801	13
1802	13
1803	13
1804	13
1805	13
1806	13
1807	13
1808	13
1809	2
1810	2
1811	2
1812	2
1813	2
1814	2
1815	2
1816	2
1817	2
1818	2
1819	2
1820	2
1821	2
1822	2
1823	2
1824	2
1825	2
1826	2
1827	2
1828	2
1829	2
1830	10
1831	10
1832	10
1833	10
1834	10
1835	2
1836	2
1837	10
1838	2
1839	2
1840	6
1841	6
1842	6
1843	6
1844	6
1845	2
1846	2
1847	2
1848	2
1849	2
1850	2
1851	2
1852	2
1853	2
1854	2
1855	2
1856	2
1857	10
1858	10
1859	10
1860	10
1861	10
1862	10
1863	2
1864	2
1865	2
1866	2
1867	2
1868	2
1869	2
1870	2
1871	2
1872	6
1873	6
1874	7
1875	7
1876	6
1877	7
1878	7
1879	7
1880	7
1881	7
1882	6
1883	7
1884	7
1885	7
1886	7
1887	7
1888	6
1889	7
1890	6
1891	7
1892	7
1893	6
1894	6
1895	5
1896	5
1897	5
1898	4
1899	4
1900	4
1901	4
1902	4
1903	4
1904	5
1905	5
1906	5
1907	5
1908	5
1909	5
1910	5
1911	5
1912	5
1913	13
1914	13
1915	13
1916	4
1917	4
1918	4
1919	4
1920	4
1921	4
1922	4
1923	4
1924	5
1925	5
1926	5
1927	5
1928	5
1929	5
1930	5
1931	13
1932	5
1933	5
1934	5
1935	13
1936	5
1937	5
1938	5
1939	5
1940	5
1941	5
1942	13
1943	5
1944	5
1945	5
1946	13
1947	5
1948	13
1949	5
1950	5
1951	5
1952	5
1953	5
1954	5
1955	5
1956	5
1957	5
1958	5
1959	5
1960	5
1961	5
1962	5
1963	5
1964	5
1965	5
1966	5
1967	5
1968	5
1969	5
1970	5
1971	5
1972	5
1973	5
1974	5
1975	5
1976	3
1977	3
1978	3
1979	3
1980	3
1981	3
1982	3
1983	3
1984	3
1985	3
1986	3
1987	3
1988	3
1989	3
1990	3
1991	3
1992	3
1993	3
1994	3
1995	3
1996	3
1997	3
1998	3
1999	3
2000	3
2001	3
2002	3
2003	3
2004	3
2005	3
2006	3
2007	3
2008	3
2009	3
2010	3
2011	3
2012	3
2013	3
2014	3
2015	3
2016	3
2017	7
2018	7
2019	7
2020	7
2021	7
2022	7
2023	7
2024	6
2025	7
2026	7
2027	7
2028	7
2029	7
2030	6
2031	6
2032	6
2033	6
2034	6
2035	6
2036	6
2037	6
2038	10
2039	10
2040	10
2041	10
2042	10
2043	7
2044	7
2045	7
2046	6
2047	6
2048	10
2049	10
2050	7
2051	6
2052	6
2053	6
2054	6
2055	6
2056	6
2057	6
2058	3
2059	3
2060	3
2061	3
2062	3
2063	3
2064	3
2065	3
2066	3
2067	3
2068	7
2069	7
2070	7
2071	7
2072	7
2073	10
2074	7
2075	7
2076	7
2077	10
2078	7
2079	7
2080	10
2081	7
2082	7
2083	7
2084	7
2085	7
2086	7
2087	7
2088	7
2089	9
2090	9
2091	9
2092	9
2093	9
2094	9
2095	9
2096	5
2097	5
2098	5
2099	5
2100	5
2101	5
2102	5
2103	5
2104	5
2105	5
2106	5
2107	5
2108	5
2109	5
2110	5
2111	5
2112	5
2113	11
2114	11
2115	11
2116	11
2117	11
2118	2
2119	11
2120	11
2121	11
2122	11
2123	2
2124	7
2125	11
2126	11
2127	11
2128	11
2129	11
2130	11
2131	11
2132	11
2133	2
2134	11
2135	11
2136	11
2137	2
2138	2
2139	11
2140	2
2141	11
2142	11
2143	11
2144	11
2145	11
2146	2
2147	11
2148	11
2149	11
2150	11
2151	11
2152	11
2153	11
2154	11
2155	11
2156	11
2157	11
2158	11
2159	11
2160	11
2161	11
2162	11
2163	11
2164	2
2165	2
2166	11
2167	11
2168	11
2169	11
2170	11
2171	11
2172	11
2173	11
2174	11
2175	11
2176	2
2177	2
2178	11
2179	11
2180	2
2181	2
2182	11
2183	11
2184	11
2185	11
2186	11
2187	11
2188	11
2189	11
2190	11
2191	11
2192	11
2193	11
2194	11
2195	11
2196	2
2197	11
2198	11
2199	2
2200	11
2201	11
2202	11
2203	11
2204	11
2205	11
2206	11
2207	11
2208	11
2209	11
2210	11
2211	11
2212	11
2213	11
2214	11
2215	11
2216	11
2217	11
2218	11
2219	11
2220	11
2221	11
2222	11
2223	2
2224	11
2225	11
2226	11
2227	11
2228	11
2229	11
2230	2
2231	2
2232	11
2233	2
2234	2
2235	11
2236	2
2237	2
2238	2
2239	11
2240	11
2241	11
2242	11
2243	11
2244	11
2245	2
2246	11
2247	2
2248	2
2249	11
2250	11
2251	11
2252	11
2253	11
2254	11
2255	11
2256	2
2257	11
2258	11
2259	11
2260	11
2261	2
2262	11
2263	11
2264	11
2265	11
2266	11
2267	11
2268	11
2269	11
2270	11
2271	11
2272	11
2273	11
2274	11
2275	11
2276	11
2277	2
2278	11
2279	11
2280	11
2281	11
2282	11
2283	2
2284	7
2285	7
2286	11
2287	11
2288	11
2289	11
2290	11
2291	11
2292	11
2293	11
2294	11
2295	11
2296	11
2297	11
2298	11
2299	11
2300	11
2301	11
2302	2
2303	11
2304	2
2305	11
2306	11
2307	11
2308	11
2309	7
2310	7
2311	7
2312	12
2313	12
2314	12
2315	12
2316	12
2317	12
2318	12
2319	12
2320	12
2321	12
2322	12
2323	12
2324	12
2325	12
2326	12
2327	12
2328	12
2329	12
2330	5
2331	5
2332	5
2333	5
2334	5
2335	5
2336	5
2337	5
2338	5
2339	5
2340	5
2341	5
2342	5
2343	5
2344	5
2345	5
2346	12
2347	12
2348	12
2349	12
2350	12
2351	12
2352	12
2353	12
2354	12
2355	12
2356	12
2357	12
2358	12
2359	12
2360	12
2361	12
2362	12
2363	12
2364	12
2365	12
2366	3
2367	2
2368	3
2369	2
2370	2
2371	2
2372	2
2373	2
2374	3
2375	3
2376	2
2377	3
2378	3
2379	3
2380	2
2381	3
2382	2
2383	2
2384	3
2385	3
2386	3
2387	3
2388	3
2389	3
2390	3
2391	3
2392	3
2393	3
2394	3
2395	3
2396	3
2397	3
2398	3
2399	3
2400	3
2401	2
2402	2
2403	3
2404	3
2405	2
2406	3
2407	3
2408	3
2409	2
2410	2
2411	2
2412	3
2413	3
2414	2
2415	8
2416	4
2417	8
2418	8
2419	8
2420	8
2421	8
2422	8
2423	8
2424	8
2425	8
2426	8
2427	8
2428	8
2429	8
2430	8
2431	8
2432	8
2433	8
2434	8
2435	8
2436	8
2437	8
2438	8
2439	8
2440	8
2441	8
2442	8
2443	8
2444	8
2445	8
2446	8
2447	8
2448	8
2449	8
2450	8
2451	8
2452	8
2453	8
2454	4
2455	8
2456	4
2457	8
2458	8
2459	8
2460	8
2461	8
2462	8
2463	8
2464	8
2465	8
2466	8
2467	8
2468	8
2469	8
2470	8
2471	8
2472	8
2473	8
2474	8
2475	8
2476	8
2477	8
2478	8
2479	8
2480	8
2481	8
2482	8
2483	8
2484	8
2485	4
2486	4
2487	4
2488	8
2489	4
2490	4
2491	8
2492	4
2493	8
2494	4
2495	8
2496	4
2497	4
2498	4
2499	4
2500	8
2501	4
2502	4
2503	4
2504	4
2505	4
2506	4
2507	4
2508	4
2509	4
2510	4
2511	4
2512	4
2513	4
2514	4
2515	8
2516	8
2517	8
2518	8
2519	8
2520	8
2521	8
2522	8
2523	4
2524	8
2525	8
2526	8
2527	8
2528	4
2529	4
2530	8
2531	4
2532	4
2533	4
2534	4
2535	4
2536	4
2537	4
2538	4
2539	8
2540	8
2541	8
2542	8
2543	8
2544	8
2545	8
2546	8
2547	4
2548	8
2549	4
2550	8
2551	8
2552	8
2553	8
2554	8
2555	8
2556	8
2557	8
2558	4
2559	4
2560	4
2561	4
2562	4
2563	8
2564	8
2565	4
2566	8
2567	8
2568	8
2569	4
2570	4
2571	4
2572	4
2573	4
2574	4
2575	8
2576	8
2577	8
2578	8
2579	8
2580	8
2581	8
2582	8
2583	8
2584	8
2585	8
2586	8
2587	4
2588	4
2589	4
2590	4
2591	4
2592	4
2593	4
2594	8
2595	8
2596	8
2597	4
2598	8
2599	8
2600	8
2601	8
2602	8
2603	8
2604	8
2605	8
2606	7
2607	7
2608	7
2609	7
2610	7
2611	7
2612	7
2613	7
2614	7
2615	7
2616	7
2617	7
2618	7
2619	7
2620	7
2621	7
2622	7
2623	7
2624	7
2625	7
2626	7
2627	7
2628	7
2629	7
2630	7
2631	7
2632	7
2633	7
2634	7
2635	7
2636	7
2637	7
2638	7
2639	7
2640	3
2641	3
2642	3
2643	3
2644	3
2645	3
2646	3
2647	6
2648	3
2649	3
2650	3
2651	3
2652	3
2653	3
2654	6
2655	6
2656	3
2657	6
2658	3
2659	3
2660	3
2661	6
2662	6
2663	3
2664	6
2665	3
2666	3
2667	3
2668	3
2669	6
2670	6
2671	3
2672	3
2673	3
2674	3
2675	6
2676	3
2677	3
2678	6
2679	3
2680	3
2681	3
2682	3
2683	3
2684	3
2685	3
2686	3
2687	3
2688	5
2689	5
2690	5
2691	5
315	9
1657	1
