0	11
1	11
2	11
3	11
4	11
5	11
6	11
7	6
8	6
9	6
10	6
11	6
12	6
13	6
14	6
15	6
16	6
17	6
18	12
19	12
20	12
21	7
22	7
23	7
24	7
25	7
26	7
27	7
28	7
29	9
30	9
31	9
32	9
33	9
34	9
35	9
36	9
37	9
38	9
39	9
40	9
41	9
42	9
43	9
44	9
45	9
46	9
47	9
48	9
49	9
50	9
51	9
52	9
53	3
54	3
55	3
56	3
57	3
58	9
59	9
60	9
61	9
62	9
63	9
64	9
65	3
66	3
67	3
68	3
69	3
70	3
71	7
72	7
73	7
74	7
75	9
76	9
77	9
78	9
79	9
80	9
81	9
82	9
83	1
84	1
85	1
86	1
87	1
88	1
89	1
90	1
91	1
92	1
93	1
94	1
95	1
96	6
97	6
98	6
99	6
100	6
101	6
102	6
103	6
104	6
105	6
106	6
107	6
108	6
109	6
110	6
111	6
112	6
113	8
114	6
115	6
116	6
117	6
118	6
119	8
120	6
121	6
122	6
123	6
124	6
125	6
126	6
127	6
128	6
129	13
130	13
131	10
132	13
133	13
134	13
135	10
136	13
137	13
138	13
139	10
140	13
141	13
142	13
143	13
144	13
145	13
146	13
147	13
148	13
149	13
150	13
151	13
152	13
153	13
154	10
155	10
156	10
157	13
158	13
159	13
160	13
161	13
162	13
163	13
164	13
165	13
166	13
167	13
168	13
169	13
170	13
171	13
172	13
173	13
174	13
175	13
176	13
177	13
178	13
179	13
180	13
181	13
182	13
183	11
184	11
185	11
186	11
187	11
188	11
189	11
190	11
191	11
192	11
193	11
194	11
195	11
196	11
197	11
198	11
199	11
200	11
201	11
202	11
203	11
204	11
205	11
206	11
207	11
208	7
209	7
210	7
211	7
212	7
213	7
214	7
215	7
216	7
217	7
218	7
219	7
220	7
221	7
222	7
223	7
224	7
225	7
226	7
227	7
228	7
229	7
230	7
231	7
232	7
233	7
234	7
235	7
236	7
237	7
238	7
239	7
240	7
241	7
242	7
243	7
244	7
245	7
246	7
247	7
248	11
249	11
250	11
251	11
252	11
253	11
254	11
255	11
256	11
257	11
258	11
259	11
260	11
261	7
262	2
263	2
264	2
265	2
266	2
267	2
268	2
269	2
270	2
271	2
272	2
273	2
274	2
275	2
276	2
277	2
278	2
279	2
280	2
281	2
282	2
283	2
284	2
285	2
286	2
287	2
288	2
289	2
290	2
291	2
292	2
293	2
294	2
295	2
296	2
297	2
298	2
299	2
300	2
301	2
302	11
303	11
304	11
305	11
306	10
307	10
308	10
309	10
310	10
311	10
312	10
313	10
314	10
316	9
317	9
318	9
319	9
320	9
321	9
322	9
323	9
324	9
325	9
326	9
327	9
328	9
329	9
330	9
331	10
332	10
333	10
334	10
335	10
336	10
337	9
338	9
339	9
340	10
341	10
342	10
343	10
344	10
345	4
346	10
347	10
348	10
349	10
350	10
351	10
352	10
353	10
354	10
355	10
356	1
357	1
358	1
359	1
360	1
361	1
362	1
363	1
364	1
365	1
366	1
367	1
368	1
369	10
370	10
371	10
372	10
373	10
374	10
375	10
376	10
377	10
378	10
379	10
380	10
381	10
382	10
383	10
384	10
385	10
386	10
387	10
388	10
389	9
390	9
391	9
392	9
393	9
394	10
395	10
396	10
397	10
398	9
399	9
400	9
401	9
402	9
403	7
404	7
405	7
406	7
407	7
408	7
409	12
410	12
411	12
412	12
413	12
414	12
415	12
416	12
417	12
418	12
419	12
420	12
421	12
422	12
423	12
424	12
425	13
426	13
427	13
428	13
429	13
430	13
431	13
432	13
433	12
434	12
435	12
436	12
437	12
438	12
439	12
440	12
441	12
442	12
443	12
444	12
445	12
446	13
447	13
448	13
449	13
450	13
451	12
452	12
453	12
454	13
455	13
456	13
457	12
458	12
459	12
460	12
461	12
462	12
463	13
464	13
465	13
466	13
467	13
468	13
469	13
470	13
471	13
472	13
473	12
474	12
475	2
476	2
477	13
478	13
479	13
480	13
481	13
482	13
483	13
484	7
485	7
486	13
487	13
488	13
489	2
490	2
491	2
492	2
493	2
494	2
495	13
496	13
497	13
498	7
499	13
500	13
501	13
502	7
503	13
504	13
505	13
506	7
507	7
508	7
509	7
510	7
511	7
512	7
513	7
514	7
515	7
516	7
517	7
518	7
519	7
520	7
521	7
522	8
523	8
524	8
525	8
526	11
527	11
528	8
529	8
530	8
531	8
532	8
533	8
534	8
535	8
536	8
537	8
538	11
539	11
540	11
541	11
542	11
543	11
544	11
545	11
546	11
547	11
548	11
549	11
550	11
551	11
552	11
553	11
554	11
555	11
556	11
557	11
558	11
559	7
560	7
561	7
562	7
563	7
564	7
565	11
566	11
567	11
568	11
569	11
570	8
571	8
572	8
573	8
574	8
575	8
576	8
577	8
578	8
579	8
580	8
581	11
582	11
583	11
584	11
585	11
586	11
587	7
588	7
589	7
590	7
591	7
592	7
593	7
594	7
595	7
596	7
597	7
598	7
599	7
600	7
601	7
602	7
603	11
604	11
605	11
606	11
607	11
608	11
609	11
610	11
611	11
612	11
613	11
614	11
615	11
616	11
617	7
618	7
619	7
620	7
621	7
622	7
623	7
624	7
625	7
626	7
627	7
628	7
629	7
630	7
631	7
632	7
633	7
634	7
635	7
636	7
637	7
638	7
639	11
640	11
641	11
642	11
643	11
644	11
645	11
646	11
647	11
648	11
649	11
650	11
651	11
652	11
653	11
654	11
655	11
656	11
657	2
658	2
659	2
660	2
661	12
662	12
663	12
664	12
665	12
666	12
667	12
668	12
669	12
670	13
671	13
672	13
673	13
674	13
675	13
676	13
677	13
678	13
679	13
680	12
681	12
682	12
683	12
684	12
685	12
686	12
687	12
688	12
689	12
690	12
691	12
692	12
693	12
694	12
695	12
696	12
697	13
698	13
699	13
700	13
701	13
702	13
703	13
704	13
705	13
706	13
707	13
708	13
709	13
710	13
711	13
712	13
713	13
714	12
715	12
716	7
717	7
718	13
719	13
720	13
721	7
722	7
723	7
724	7
725	7
726	7
727	7
728	7
729	7
730	7
731	7
732	9
733	9
734	9
735	9
736	9
737	2
738	2
739	2
740	2
741	2
742	2
743	2
744	2
745	9
746	9
747	9
748	9
749	9
750	9
751	9
752	9
753	9
754	9
755	9
756	9
757	9
758	9
759	9
760	9
761	9
762	9
763	9
764	9
765	9
766	2
767	2
768	2
769	2
770	9
771	9
772	2
773	2
774	2
775	2
776	2
777	2
778	2
779	2
780	2
781	2
782	2
783	2
784	2
785	10
786	2
787	2
788	2
789	2
790	2
791	10
792	10
793	10
794	10
795	10
796	10
797	10
798	10
799	10
800	10
801	2
802	2
803	2
804	2
805	10
806	10
807	10
808	2
809	2
810	2
811	3
812	8
813	3
814	3
815	3
816	3
817	3
818	8
819	8
820	8
821	3
822	3
823	3
824	3
825	3
826	3
827	8
828	3
829	8
830	3
831	3
832	3
833	3
834	3
835	3
836	3
837	3
838	3
839	3
840	3
841	3
842	3
843	3
844	3
845	3
846	3
847	8
848	8
849	8
850	8
851	8
852	3
853	3
854	3
855	3
856	8
857	8
858	11
859	11
860	11
861	11
862	11
863	11
864	11
865	11
866	11
867	11
868	11
869	11
870	11
871	3
872	3
873	3
874	3
875	3
876	3
877	3
878	3
879	3
880	8
881	3
882	3
883	3
884	3
885	3
886	3
887	3
888	3
889	3
890	3
891	8
892	8
893	3
894	3
895	3
896	3
897	3
898	3
899	8
900	8
901	8
902	3
903	3
904	3
905	3
906	3
907	3
908	3
909	3
910	8
911	8
912	8
913	8
914	3
915	3
916	3
917	3
918	3
919	3
920	3
921	3
922	8
923	8
924	8
925	3
926	3
927	3
928	3
929	3
930	3
931	3
932	3
933	8
934	3
935	3
936	3
937	3
938	3
939	3
940	3
941	3
942	8
943	8
944	8
945	8
946	3
947	3
948	3
949	3
950	8
951	3
952	3
953	8
954	8
955	8
956	8
957	3
958	3
959	3
960	8
961	3
962	3
963	3
964	3
965	3
966	8
967	3
968	8
969	3
970	3
971	3
972	3
973	3
974	3
975	8
976	3
977	3
978	3
979	8
980	3
981	3
982	9
983	9
984	9
985	13
986	13
987	13
988	13
989	13
990	13
991	13
992	13
993	13
994	13
995	13
996	13
997	13
998	13
999	13
1000	13
1001	13
1002	13
1003	13
1004	13
1005	13
1006	13
1007	9
1008	9
1009	13
1010	9
1011	9
1012	9
1013	9
1014	9
1015	9
1016	9
1017	9
1018	9
1019	9
1020	9
1021	9
1022	9
1023	9
1024	9
1025	9
1026	9
1027	9
1028	9
1029	9
1030	9
1031	9
1032	9
1033	9
1034	9
1035	9
1036	9
1037	9
1038	9
1039	9
1040	9
1041	9
1042	9
1043	9
1044	9
1045	9
1046	9
1047	9
1048	9
1049	9
1050	9
1051	9
1052	9
1053	9
1054	9
1055	9
1056	9
1057	9
1058	9
1059	9
1060	9
1061	9
1062	9
1063	9
1064	9
1065	9
1066	9
1067	9
1068	9
1069	9
1070	9
1071	9
1072	9
1073	9
1074	9
1075	11
1076	11
1077	11
1078	11
1079	11
1080	11
1081	11
1082	11
1083	11
1084	11
1085	11
1086	11
1087	2
1088	2
1089	2
1090	2
1091	2
1092	2
1093	2
1094	7
1095	7
1096	7
1097	7
1098	7
1099	7
1100	7
1101	7
1102	7
1103	7
1104	7
1105	7
1106	7
1107	3
1108	3
1109	3
1110	3
1111	3
1112	3
1113	3
1114	10
1115	3
1116	3
1117	3
1118	10
1119	3
1120	3
1121	3
1122	10
1123	3
1124	10
1125	10
1126	10
1127	3
1128	3
1129	3
1130	3
1131	10
1132	3
1133	10
1134	10
1135	10
1136	3
1137	3
1138	3
1139	3
1140	3
1141	3
1142	3
1143	3
1144	3
1145	10
1146	3
1147	3
1148	3
1149	3
1150	3
1151	3
1152	3
1153	10
1154	10
1155	10
1156	10
1157	10
1158	10
1159	10
1160	10
1161	10
1162	10
1163	10
1164	10
1165	10
1166	10
1167	10
1168	10
1169	9
1170	9
1171	9
1172	9
1173	9
1174	9
1175	9
1176	9
1177	9
1178	9
1179	9
1180	9
1181	9
1182	9
1183	9
1184	9
1185	9
1186	9
1187	9
1188	9
1189	9
1190	9
1191	9
1192	9
1193	9
1194	9
1195	9
1196	9
1197	9
1198	9
1199	9
1200	8
1201	8
1202	8
1203	8
1204	8
1205	8
1206	8
1207	8
1208	8
1209	8
1210	8
1211	8
1212	8
1213	8
1214	8
1215	8
1216	8
1217	8
1218	8
1219	8
1220	8
1221	8
1222	8
1223	8
1224	8
1225	8
1226	8
1227	8
1228	8
1229	8
1230	8
1231	8
1232	8
1233	8
1234	8
1235	8
1236	8
1237	8
1238	8
1239	8
1240	2
1241	2
1242	7
1243	7
1244	7
1245	2
1246	7
1247	7
1248	7
1249	7
1250	7
1251	7
1252	7
1253	9
1254	9
1255	9
1256	9
1257	9
1258	7
1259	7
1260	7
1261	7
1262	7
1263	2
1264	9
1265	9
1266	12
1267	9
1268	9
1269	12
1270	9
1271	12
1272	9
1273	12
1274	12
1275	12
1276	9
1277	12
1278	10
1279	10
1280	10
1281	7
1282	2
1283	2
1284	12
1285	9
1286	9
1287	12
1288	10
1289	10
1290	10
1291	10
1292	10
1293	10
1294	10
1295	10
1296	10
1297	10
1298	10
1299	10
1300	10
1301	10
1302	10
1303	11
1304	11
1305	11
1306	11
1307	11
1308	11
1309	11
1310	11
1311	11
1312	11
1313	11
1314	3
1315	3
1316	3
1317	3
1318	3
1319	3
1320	3
1321	3
1322	3
1323	3
1324	3
1325	3
1326	3
1327	3
1328	3
1329	3
1330	3
1331	3
1332	3
1333	3
1334	3
1335	3
1336	3
1337	3
1338	3
1339	3
1340	3
1341	3
1342	3
1343	3
1344	3
1345	3
1346	11
1347	11
1348	11
1349	11
1350	11
1351	11
1352	11
1353	11
1354	11
1355	11
1356	11
1357	11
1358	11
1359	11
1360	11
1361	11
1362	11
1363	1
1364	1
1365	1
1366	1
1367	1
1368	1
1369	1
1370	1
1371	1
1372	1
1373	1
1374	1
1375	1
1376	1
1377	1
1378	1
1379	1
1380	1
1381	10
1382	10
1383	10
1384	10
1385	10
1386	10
1387	10
1388	10
1389	10
1390	10
1391	10
1392	10
1393	10
1394	10
1395	10
1396	10
1397	12
1398	9
1399	12
1400	12
1401	12
1402	12
1403	12
1404	12
1405	12
1406	12
1407	12
1408	12
1409	12
1410	12
1411	12
1412	12
1413	12
1414	12
1415	12
1416	12
1417	12
1418	12
1419	12
1420	12
1421	12
1422	12
1423	12
1424	12
1425	12
1426	12
1427	12
1428	8
1429	8
1430	8
1431	8
1432	8
1433	8
1434	8
1435	8
1436	8
1437	8
1438	8
1439	8
1440	8
1441	6
1442	6
1443	6
1444	6
1445	6
1446	6
1447	6
1448	6
1449	6
1450	6
1451	6
1452	6
1453	6
1454	6
1455	8
1456	8
1457	8
1458	8
1459	8
1460	8
1461	8
1462	8
1463	8
1464	8
1465	7
1466	7
1467	7
1468	7
1469	7
1470	7
1471	7
1472	7
1473	7
1474	7
1475	7
1476	7
1477	7
1478	7
1479	7
1480	7
1481	7
1482	7
1483	7
1484	7
1485	7
1486	7
1487	7
1488	7
1489	9
1490	9
1491	9
1492	9
1493	9
1494	9
1495	9
1496	9
1497	9
1498	9
1499	9
1500	9
1501	12
1502	12
1503	12
1504	12
1505	12
1506	12
1507	12
1508	12
1509	12
1510	12
1511	12
1512	12
1513	12
1514	12
1515	12
1516	12
1517	12
1518	12
1519	12
1520	12
1521	12
1522	12
1523	12
1524	12
1525	12
1526	12
1527	12
1528	12
1529	13
1530	13
1531	13
1532	13
1533	13
1534	13
1535	13
1536	13
1537	13
1538	13
1539	13
1540	13
1541	13
1542	13
1543	13
1544	13
1545	13
1546	13
1547	13
1548	13
1549	13
1550	13
1551	13
1552	1
1553	1
1554	1
1555	1
1556	1
1557	1
1558	1
1559	1
1560	1
1561	1
1562	1
1563	1
1564	1
1565	1
1566	1
1567	1
1568	1
1569	1
1570	1
1571	1
1572	1
1573	1
1574	1
1575	1
1576	9
1577	9
1578	9
1579	9
1580	9
1581	9
1582	9
1583	9
1584	9
1585	9
1586	9
1587	9
1588	9
1589	9
1590	9
1591	9
1592	9
1593	11
1594	11
1595	11
1596	11
1597	11
1598	11
1599	11
1600	11
1601	11
1602	8
1603	1
1604	8
1605	8
1606	8
1607	1
1608	8
1609	8
1610	8
1611	8
1612	8
1613	1
1614	1
1615	8
1616	8
1617	8
1618	7
1619	7
1620	7
1621	7
1622	7
1623	7
1624	7
1625	7
1626	7
1627	7
1628	7
1629	8
1630	8
1631	8
1632	6
1633	8
1634	8
1635	8
1636	8
1637	8
1638	8
1639	8
1640	8
1641	8
1642	8
1643	8
1644	7
1645	7
1646	7
1647	7
1648	7
1649	8
1650	8
1651	8
1652	8
1653	8
1654	8
1655	8
1656	8
1658	8
1659	8
1660	8
1661	8
1662	8
1663	8
1664	8
1665	8
1666	8
1667	6
1668	6
1669	8
1670	8
1671	8
1672	8
1673	7
1674	8
1675	8
1676	8
1677	7
1678	2
1679	2
1680	2
1681	2
1682	2
1683	2
1684	2
1685	12
1686	12
1687	12
1688	12
1689	12
1690	12
1691	12
1692	12
1693	12
1694	12
1695	12
1696	12
1697	12
1698	12
1699	12
1700	12
1701	12
1702	12
1703	5
1704	5
1705	12
1706	12
1707	12
1708	12
1709	12
1710	12
1711	12
1712	12
1713	7
1714	7
1715	7
1716	7
1717	7
1718	7
1719	7
1720	7
1721	7
1722	7
1723	7
1724	7
1725	12
1726	12
1727	12
1728	7
1729	12
1730	12
1731	12
1732	12
1733	12
1734	12
1735	12
1736	12
1737	12
1738	12
1739	12
1740	12
1741	12
1742	5
1743	5
1744	5
1745	5
1746	12
1747	5
1748	5
1749	5
1750	5
1751	5
1752	12
1753	12
1754	5
1755	12
1756	5
1757	7
1758	7
1759	7
1760	7
1761	12
1762	5
1763	5
1764	5
1765	5
1766	5
1767	5
1768	5
1769	5
1770	12
1771	12
1772	5
1773	12
1774	7
1775	7
1776	7
1777	7
1778	7
1779	7
1780	7
1781	7
1782	7
1783	7
1784	7
1785	7
1786	7
1787	5
1788	5
1789	5
1790	5
1791	5
1792	5
1793	5
1794	5
1795	7
1796	7
1797	7
1798	7
1799	5
1800	12
1801	12
1802	12
1803	5
1804	5
1805	5
1806	5
1807	5
1808	5
1809	6
1810	6
1811	6
1812	6
1813	6
1814	6
1815	6
1816	6
1817	6
1818	6
1819	6
1820	6
1821	6
1822	6
1823	6
1824	6
1825	6
1826	6
1827	6
1828	6
1829	6
1830	7
1831	7
1832	7
1833	7
1834	7
1835	6
1836	6
1837	7
1838	6
1839	6
1840	1
1841	1
1842	1
1843	1
1844	1
1845	6
1846	6
1847	6
1848	6
1849	6
1850	6
1851	6
1852	6
1853	6
1854	6
1855	6
1856	6
1857	7
1858	7
1859	7
1860	7
1861	7
1862	7
1863	6
1864	6
1865	6
1866	6
1867	6
1868	6
1869	6
1870	6
1871	6
1872	2
1873	2
1874	2
1875	2
1876	2
1877	2
1878	2
1879	2
1880	2
1881	2
1882	2
1883	2
1884	2
1885	2
1886	2
1887	2
1888	2
1889	2
1890	2
1891	2
1892	2
1893	2
1894	2
1895	11
1896	11
1897	11
1898	10
1899	10
1900	10
1901	10
1902	10
1903	10
1904	11
1905	11
1906	11
1907	11
1908	11
1909	11
1910	11
1911	11
1912	11
1913	11
1914	11
1915	11
1916	10
1917	10
1918	10
1919	10
1920	10
1921	10
1922	10
1923	10
1924	11
1925	11
1926	11
1927	11
1928	11
1929	11
1930	11
1931	11
1932	11
1933	11
1934	11
1935	11
1936	11
1937	11
1938	11
1939	11
1940	11
1941	11
1942	11
1943	11
1944	11
1945	11
1946	11
1947	11
1948	11
1949	11
1950	11
1951	11
1952	11
1953	11
1954	11
1955	11
1956	11
1957	11
1958	11
1959	11
1960	11
1961	11
1962	11
1963	11
1964	11
1965	11
1966	11
1967	11
1968	11
1969	11
1970	11
1971	11
1972	11
1973	11
1974	11
1975	11
1976	13
1977	13
1978	13
1979	13
1980	13
1981	13
1982	13
1983	13
1984	13
1985	13
1986	13
1987	13
1988	13
1989	13
1990	13
1991	13
1992	13
1993	13
1994	13
1995	13
1996	13
1997	13
1998	13
1999	13
2000	13
2001	13
2002	13
2003	13
2004	13
2005	13
2006	13
2007	13
2008	13
2009	13
2010	13
2011	13
2012	13
2013	13
2014	13
2015	13
2016	13
2017	2
2018	2
2019	2
2020	2
2021	2
2022	2
2023	2
2024	2
2025	2
2026	2
2027	2
2028	2
2029	2
2030	13
2031	13
2032	13
2033	13
2034	2
2035	2
2036	2
2037	2
2038	7
2039	7
2040	7
2041	7
2042	7
2043	2
2044	2
2045	2
2046	2
2047	13
2048	7
2049	7
2050	2
2051	2
2052	2
2053	2
2054	2
2055	2
2056	2
2057	13
2058	1
2059	1
2060	1
2061	1
2062	1
2063	1
2064	1
2065	1
2066	1
2067	1
2068	2
2069	2
2070	2
2071	2
2072	2
2073	7
2074	2
2075	2
2076	2
2077	7
2078	7
2079	2
2080	7
2081	2
2082	7
2083	2
2084	2
2085	2
2086	2
2087	2
2088	2
2089	9
2090	9
2091	9
2092	9
2093	9
2094	9
2095	9
2096	11
2097	11
2098	11
2099	11
2100	11
2101	11
2102	11
2103	12
2104	12
2105	12
2106	12
2107	11
2108	11
2109	11
2110	12
2111	12
2112	12
2113	6
2114	6
2115	6
2116	6
2117	6
2118	6
2119	5
2120	6
2121	6
2122	6
2123	5
2124	2
2125	6
2126	6
2127	6
2128	6
2129	6
2130	6
2131	5
2132	5
2133	6
2134	5
2135	5
2136	5
2137	5
2138	6
2139	6
2140	6
2141	6
2142	6
2143	6
2144	6
2145	6
2146	5
2147	5
2148	6
2149	6
2150	6
2151	6
2152	5
2153	5
2154	6
2155	6
2156	6
2157	5
2158	6
2159	6
2160	5
2161	5
2162	5
2163	5
2164	5
2165	5
2166	5
2167	6
2168	6
2169	5
2170	5
2171	5
2172	5
2173	6
2174	5
2175	5
2176	5
2177	6
2178	6
2179	6
2180	5
2181	5
2182	6
2183	6
2184	6
2185	5
2186	5
2187	5
2188	5
2189	6
2190	6
2191	6
2192	6
2193	5
2194	5
2195	5
2196	6
2197	6
2198	5
2199	5
2200	6
2201	6
2202	6
2203	5
2204	6
2205	6
2206	6
2207	6
2208	6
2209	5
2210	5
2211	6
2212	5
2213	6
2214	6
2215	5
2216	5
2217	6
2218	5
2219	5
2220	5
2221	6
2222	6
2223	5
2224	6
2225	5
2226	5
2227	5
2228	6
2229	6
2230	5
2231	5
2232	5
2233	6
2234	5
2235	5
2236	5
2237	5
2238	5
2239	5
2240	5
2241	6
2242	5
2243	5
2244	5
2245	5
2246	6
2247	5
2248	5
2249	6
2250	6
2251	6
2252	5
2253	5
2254	5
2255	6
2256	5
2257	5
2258	6
2259	6
2260	6
2261	5
2262	5
2263	5
2264	5
2265	5
2266	6
2267	6
2268	6
2269	5
2270	5
2271	5
2272	5
2273	5
2274	5
2275	5
2276	5
2277	6
2278	6
2279	6
2280	5
2281	5
2282	6
2283	6
2284	2
2285	2
2286	5
2287	5
2288	5
2289	5
2290	5
2291	5
2292	5
2293	6
2294	6
2295	6
2296	6
2297	6
2298	5
2299	5
2300	5
2301	5
2302	5
2303	6
2304	6
2305	5
2306	5
2307	5
2308	5
2309	2
2310	2
2311	2
2312	3
2313	3
2314	3
2315	3
2316	3
2317	3
2318	3
2319	3
2320	3
2321	3
2322	3
2323	3
2324	3
2325	3
2326	3
2327	3
2328	3
2329	3
2330	11
2331	11
2332	11
2333	11
2334	11
2335	11
2336	11
2337	11
2338	11
2339	11
2340	11
2341	11
2342	11
2343	11
2344	11
2345	11
2346	9
2347	9
2348	9
2349	9
2350	9
2351	9
2352	9
2353	9
2354	9
2355	9
2356	9
2357	9
2358	9
2359	9
2360	9
2361	9
2362	9
2363	9
2364	9
2365	9
2366	8
2367	5
2368	8
2369	5
2370	8
2371	8
2372	8
2373	8
2374	8
2375	8
2376	8
2377	8
2378	8
2379	8
2380	8
2381	8
2382	8
2383	8
2384	8
2385	8
2386	8
2387	8
2388	8
2389	8
2390	8
2391	8
2392	8
2393	8
2394	8
2395	8
2396	8
2397	8
2398	8
2399	8
2400	8
2401	8
2402	8
2403	8
2404	8
2405	8
2406	8
2407	8
2408	8
2409	8
2410	8
2411	8
2412	8
2413	8
2414	8
2415	4
2416	4
2417	4
2418	4
2419	10
2420	10
2421	4
2422	4
2423	4
2424	4
2425	4
2426	4
2427	10
2428	10
2429	10
2430	10
2431	4
2432	4
2433	4
2434	4
2435	4
2436	4
2437	4
2438	4
2439	4
2440	4
2441	4
2442	4
2443	4
2444	4
2445	4
2446	4
2447	4
2448	4
2449	4
2450	4
2451	4
2452	4
2453	4
2454	4
2455	4
2456	4
2457	4
2458	4
2459	4
2460	4
2461	4
2462	4
2463	4
2464	4
2465	4
2466	4
2467	4
2468	4
2469	4
2470	4
2471	4
2472	4
2473	4
2474	4
2475	4
2476	4
2477	4
2478	4
2479	4
2480	4
2481	4
2482	4
2483	4
2484	4
2485	4
2486	4
2487	4
2488	4
2489	4
2490	4
2491	4
2492	4
2493	4
2494	4
2495	4
2496	10
2497	10
2498	4
2499	4
2500	4
2501	4
2502	4
2503	4
2504	4
2505	4
2506	4
2507	4
2508	4
2509	10
2510	4
2511	4
2512	4
2513	4
2514	4
2515	4
2516	4
2517	4
2518	4
2519	4
2520	4
2521	4
2522	4
2523	4
2524	4
2525	10
2526	4
2527	4
2528	4
2529	4
2530	10
2531	10
2532	10
2533	10
2534	10
2535	10
2536	10
2537	10
2538	4
2539	4
2540	10
2541	4
2542	4
2543	4
2544	4
2545	4
2546	4
2547	4
2548	4
2549	4
2550	4
2551	4
2552	10
2553	10
2554	4
2555	4
2556	4
2557	4
2558	4
2559	4
2560	4
2561	4
2562	4
2563	10
2564	4
2565	4
2566	4
2567	4
2568	10
2569	4
2570	4
2571	4
2572	4
2573	4
2574	4
2575	4
2576	4
2577	4
2578	4
2579	4
2580	4
2581	10
2582	4
2583	4
2584	4
2585	4
2586	4
2587	10
2588	10
2589	10
2590	10
2591	10
2592	10
2593	10
2594	4
2595	4
2596	4
2597	4
2598	4
2599	4
2600	4
2601	4
2602	4
2603	4
2604	4
2605	10
2606	2
2607	2
2608	2
2609	2
2610	2
2611	2
2612	2
2613	2
2614	2
2615	2
2616	2
2617	2
2618	2
2619	2
2620	2
2621	2
2622	2
2623	2
2624	2
2625	2
2626	2
2627	2
2628	2
2629	2
2630	2
2631	2
2632	2
2633	2
2634	2
2635	2
2636	2
2637	2
2638	2
2639	2
2640	1
2641	1
2642	1
2643	1
2644	1
2645	1
2646	1
2647	1
2648	1
2649	1
2650	1
2651	1
2652	1
2653	1
2654	1
2655	1
2656	1
2657	13
2658	1
2659	1
2660	1
2661	1
2662	1
2663	1
2664	1
2665	1
2666	1
2667	1
2668	1
2669	1
2670	1
2671	1
2672	1
2673	1
2674	1
2675	1
2676	1
2677	1
2678	1
2679	1
2680	1
2681	1
2682	1
2683	1
2684	1
2685	1
2686	1
2687	1
2688	11
2689	11
2690	11
2691	11
315	9
1657	8
