0	13
1	13
2	13
3	13
4	13
5	13
6	13
7	7
8	7
9	7
10	7
11	7
12	7
13	7
14	7
15	7
16	7
17	7
18	7
19	7
20	7
21	5
22	5
23	5
24	5
25	5
26	5
27	5
28	5
29	2
30	2
31	2
32	2
33	2
34	2
35	2
36	2
37	2
38	2
39	2
40	2
41	2
42	2
43	2
44	2
45	2
46	2
47	2
48	2
49	2
50	2
51	2
52	2
53	6
54	6
55	6
56	6
57	6
58	2
59	2
60	2
61	2
62	2
63	2
64	2
65	6
66	6
67	6
68	6
69	6
70	6
71	5
72	5
73	5
74	5
75	2
76	2
77	2
78	2
79	2
80	2
81	2
82	2
83	3
84	3
85	3
86	3
87	3
88	3
89	3
90	3
91	3
92	3
93	3
94	3
95	3
96	7
97	7
98	7
99	7
100	7
101	7
102	7
103	7
104	7
105	7
106	7
107	7
108	7
109	7
110	7
111	7
112	7
113	7
114	7
115	7
116	7
117	7
118	7
119	7
120	7
121	7
122	7
123	7
124	7
125	7
126	7
127	7
128	7
129	10
130	10
131	10
132	10
133	10
134	10
135	10
136	10
137	10
138	10
139	10
140	10
141	10
142	10
143	10
144	10
145	10
146	10
147	10
148	10
149	10
150	10
151	10
152	10
153	10
154	10
155	10
156	10
157	10
158	10
159	10
160	10
161	10
162	10
163	10
164	10
165	10
166	10
167	10
168	10
169	10
170	10
171	10
172	10
173	10
174	10
175	10
176	10
177	10
178	10
179	10
180	10
181	10
182	10
183	13
184	13
185	13
186	13
187	13
188	13
189	13
190	13
191	13
192	13
193	13
194	13
195	13
196	13
197	13
198	13
199	13
200	13
201	13
202	13
203	13
204	13
205	13
206	13
207	13
208	5
209	5
210	5
211	5
212	5
213	5
214	5
215	5
216	5
217	5
218	5
219	5
220	5
221	5
222	5
223	5
224	5
225	5
226	5
227	5
228	5
229	5
230	5
231	5
232	5
233	5
234	5
235	5
236	5
237	5
238	5
239	5
240	5
241	5
242	5
243	5
244	5
245	5
246	5
247	5
248	13
249	13
250	13
251	13
252	13
253	13
254	13
255	13
256	13
257	13
258	13
259	13
260	13
261	9
262	9
263	9
264	9
265	9
266	9
267	9
268	9
269	9
270	9
271	9
272	9
273	9
274	9
275	9
276	9
277	9
278	9
279	9
280	9
281	9
282	9
283	9
284	9
285	9
286	9
287	9
288	9
289	9
290	9
291	9
292	9
293	9
294	9
295	9
296	9
297	9
298	9
299	9
300	9
301	9
302	13
303	13
304	13
305	13
306	11
307	11
308	11
309	11
310	11
311	11
312	11
313	11
314	11
316	2
317	2
318	2
319	2
320	2
321	2
322	2
323	2
324	2
325	2
326	2
327	2
328	2
329	2
330	2
331	11
332	11
333	11
334	11
335	11
336	11
337	2
338	2
339	2
340	11
341	11
342	11
343	11
344	11
345	11
346	11
347	11
348	11
349	11
350	11
351	11
352	11
353	11
354	11
355	11
356	4
357	4
358	4
359	4
360	4
361	4
362	4
363	4
364	4
365	4
366	4
367	4
368	4
369	11
370	11
371	11
372	11
373	11
374	11
375	11
376	11
377	11
378	11
379	11
380	11
381	11
382	11
383	11
384	11
385	11
386	11
387	11
388	11
389	2
390	2
391	2
392	2
393	2
394	11
395	11
396	11
397	11
398	2
399	2
400	2
401	2
402	2
403	5
404	5
405	5
406	5
407	5
408	5
409	12
410	12
411	12
412	12
413	2
414	2
415	12
416	2
417	2
418	2
419	2
420	12
421	2
422	12
423	2
424	12
425	10
426	10
427	10
428	10
429	10
430	10
431	10
432	10
433	2
434	12
435	12
436	2
437	2
438	12
439	12
440	12
441	12
442	12
443	2
444	2
445	12
446	10
447	10
448	10
449	10
450	10
451	2
452	12
453	12
454	10
455	10
456	10
457	2
458	12
459	12
460	12
461	2
462	2
463	10
464	10
465	10
466	10
467	10
468	10
469	10
470	10
471	10
472	10
473	2
474	12
475	9
476	9
477	9
478	9
479	9
480	9
481	9
482	9
483	9
484	5
485	5
486	9
487	9
488	9
489	9
490	9
491	9
492	9
493	9
494	9
495	9
496	9
497	9
498	5
499	9
500	9
501	9
502	5
503	9
504	9
505	9
506	5
507	5
508	5
509	5
510	5
511	5
512	5
513	5
514	5
515	5
516	5
517	5
518	5
519	5
520	5
521	5
522	3
523	3
524	3
525	3
526	13
527	13
528	3
529	3
530	3
531	3
532	3
533	3
534	3
535	3
536	3
537	3
538	13
539	13
540	13
541	13
542	13
543	13
544	13
545	13
546	13
547	13
548	13
549	13
550	13
551	13
552	13
553	13
554	13
555	13
556	13
557	13
558	13
559	5
560	5
561	5
562	5
563	5
564	5
565	13
566	13
567	13
568	13
569	13
570	3
571	3
572	3
573	3
574	3
575	3
576	3
577	3
578	3
579	3
580	3
581	13
582	13
583	13
584	13
585	13
586	13
587	5
588	5
589	5
590	5
591	5
592	5
593	5
594	9
595	5
596	9
597	5
598	9
599	5
600	5
601	5
602	5
603	13
604	13
605	13
606	13
607	13
608	13
609	13
610	13
611	13
612	13
613	13
614	13
615	13
616	13
617	5
618	5
619	5
620	9
621	9
622	9
623	9
624	9
625	9
626	5
627	9
628	5
629	5
630	5
631	5
632	5
633	5
634	9
635	5
636	5
637	5
638	9
639	13
640	13
641	13
642	13
643	13
644	13
645	13
646	13
647	13
648	13
649	13
650	13
651	13
652	13
653	13
654	13
655	13
656	13
657	10
658	10
659	9
660	9
661	12
662	12
663	12
664	12
665	12
666	12
667	12
668	12
669	12
670	5
671	5
672	5
673	5
674	5
675	5
676	5
677	5
678	5
679	5
680	12
681	12
682	12
683	12
684	12
685	12
686	12
687	12
688	12
689	12
690	12
691	12
692	12
693	12
694	12
695	12
696	12
697	5
698	5
699	5
700	5
701	5
702	5
703	5
704	5
705	5
706	10
707	5
708	5
709	5
710	5
711	5
712	5
713	5
714	12
715	12
716	9
717	9
718	5
719	5
720	5
721	9
722	9
723	9
724	9
725	9
726	9
727	9
728	9
729	9
730	9
731	9
732	2
733	2
734	2
735	2
736	2
737	10
738	10
739	10
740	10
741	10
742	10
743	10
744	9
745	2
746	2
747	2
748	2
749	2
750	2
751	2
752	2
753	2
754	2
755	2
756	2
757	2
758	2
759	2
760	2
761	2
762	2
763	2
764	2
765	2
766	9
767	10
768	10
769	10
770	2
771	2
772	10
773	10
774	10
775	10
776	10
777	10
778	10
779	10
780	10
781	10
782	10
783	10
784	10
785	6
786	10
787	10
788	10
789	10
790	9
791	6
792	6
793	6
794	6
795	6
796	6
797	6
798	6
799	6
800	6
801	10
802	9
803	10
804	10
805	6
806	6
807	6
808	10
809	10
810	10
811	8
812	8
813	8
814	8
815	8
816	8
817	8
818	8
819	8
820	8
821	8
822	8
823	8
824	8
825	8
826	8
827	8
828	4
829	8
830	8
831	8
832	8
833	4
834	8
835	8
836	8
837	8
838	8
839	4
840	8
841	8
842	8
843	8
844	8
845	8
846	8
847	8
848	8
849	8
850	8
851	8
852	8
853	8
854	8
855	8
856	8
857	8
858	13
859	13
860	13
861	13
862	13
863	13
864	13
865	13
866	13
867	13
868	13
869	13
870	13
871	8
872	8
873	8
874	8
875	8
876	8
877	8
878	8
879	8
880	8
881	8
882	8
883	8
884	8
885	8
886	8
887	8
888	8
889	8
890	8
891	8
892	8
893	8
894	8
895	8
896	8
897	8
898	8
899	8
900	8
901	8
902	8
903	8
904	8
905	8
906	4
907	8
908	8
909	8
910	8
911	8
912	8
913	8
914	8
915	8
916	4
917	8
918	8
919	8
920	8
921	8
922	8
923	8
924	8
925	8
926	8
927	8
928	8
929	8
930	8
931	8
932	8
933	8
934	8
935	8
936	8
937	8
938	8
939	8
940	8
941	8
942	8
943	8
944	8
945	8
946	8
947	8
948	8
949	8
950	8
951	8
952	8
953	8
954	8
955	8
956	8
957	8
958	8
959	8
960	8
961	8
962	8
963	8
964	8
965	8
966	8
967	8
968	8
969	8
970	4
971	8
972	8
973	8
974	8
975	8
976	8
977	8
978	8
979	8
980	8
981	8
982	7
983	8
984	7
985	10
986	10
987	10
988	10
989	10
990	10
991	10
992	10
993	10
994	10
995	10
996	10
997	10
998	10
999	10
1000	10
1001	10
1002	10
1003	10
1004	10
1005	10
1006	10
1007	7
1008	7
1009	10
1010	7
1011	8
1012	7
1013	7
1014	7
1015	8
1016	7
1017	7
1018	8
1019	8
1020	7
1021	7
1022	7
1023	7
1024	7
1025	7
1026	7
1027	7
1028	8
1029	8
1030	7
1031	8
1032	7
1033	8
1034	7
1035	7
1036	7
1037	7
1038	7
1039	8
1040	7
1041	7
1042	7
1043	7
1044	8
1045	8
1046	7
1047	7
1048	7
1049	8
1050	7
1051	8
1052	7
1053	7
1054	7
1055	7
1056	7
1057	7
1058	7
1059	8
1060	7
1061	7
1062	8
1063	7
1064	7
1065	7
1066	7
1067	7
1068	7
1069	7
1070	7
1071	8
1072	8
1073	8
1074	8
1075	2
1076	2
1077	2
1078	2
1079	2
1080	2
1081	2
1082	2
1083	2
1084	2
1085	2
1086	2
1087	9
1088	9
1089	9
1090	9
1091	9
1092	9
1093	9
1094	5
1095	5
1096	5
1097	5
1098	5
1099	5
1100	5
1101	5
1102	5
1103	5
1104	5
1105	5
1106	5
1107	4
1108	11
1109	4
1110	4
1111	4
1112	4
1113	4
1114	11
1115	4
1116	4
1117	4
1118	11
1119	4
1120	11
1121	4
1122	11
1123	4
1124	11
1125	11
1126	11
1127	4
1128	11
1129	4
1130	11
1131	11
1132	4
1133	11
1134	4
1135	4
1136	4
1137	4
1138	4
1139	4
1140	4
1141	4
1142	4
1143	4
1144	4
1145	11
1146	4
1147	4
1148	4
1149	4
1150	4
1151	4
1152	4
1153	11
1154	6
1155	6
1156	6
1157	6
1158	6
1159	6
1160	6
1161	6
1162	6
1163	6
1164	6
1165	6
1166	6
1167	6
1168	6
1169	7
1170	7
1171	8
1172	8
1173	7
1174	7
1175	7
1176	7
1177	8
1178	8
1179	8
1180	8
1181	8
1182	8
1183	8
1184	7
1185	7
1186	7
1187	7
1188	7
1189	7
1190	7
1191	7
1192	8
1193	7
1194	7
1195	7
1196	7
1197	8
1198	7
1199	8
1200	3
1201	3
1202	3
1203	3
1204	3
1205	3
1206	3
1207	3
1208	3
1209	3
1210	3
1211	3
1212	3
1213	3
1214	3
1215	3
1216	3
1217	3
1218	3
1219	3
1220	3
1221	3
1222	3
1223	3
1224	3
1225	3
1226	3
1227	3
1228	3
1229	3
1230	3
1231	3
1232	3
1233	3
1234	3
1235	3
1236	3
1237	3
1238	3
1239	3
1240	9
1241	9
1242	9
1243	5
1244	5
1245	9
1246	5
1247	5
1248	5
1249	5
1250	5
1251	5
1252	5
1253	2
1254	2
1255	2
1256	2
1257	2
1258	5
1259	5
1260	5
1261	5
1262	9
1263	9
1264	2
1265	2
1266	2
1267	2
1268	2
1269	2
1270	2
1271	2
1272	2
1273	2
1274	2
1275	2
1276	2
1277	2
1278	6
1279	6
1280	6
1281	5
1282	9
1283	9
1284	2
1285	2
1286	2
1287	2
1288	6
1289	6
1290	6
1291	6
1292	6
1293	6
1294	6
1295	6
1296	6
1297	6
1298	6
1299	6
1300	6
1301	6
1302	6
1303	2
1304	2
1305	2
1306	2
1307	2
1308	2
1309	2
1310	2
1311	2
1312	2
1313	2
1314	4
1315	4
1316	4
1317	4
1318	4
1319	4
1320	4
1321	4
1322	4
1323	4
1324	4
1325	4
1326	4
1327	4
1328	4
1329	4
1330	4
1331	4
1332	4
1333	4
1334	4
1335	4
1336	4
1337	4
1338	4
1339	4
1340	4
1341	4
1342	4
1343	4
1344	4
1345	4
1346	2
1347	2
1348	2
1349	2
1350	2
1351	2
1352	2
1353	2
1354	2
1355	2
1356	2
1357	2
1358	2
1359	2
1360	2
1361	2
1362	2
1363	4
1364	4
1365	4
1366	4
1367	4
1368	4
1369	4
1370	4
1371	4
1372	4
1373	4
1374	4
1375	4
1376	4
1377	4
1378	4
1379	4
1380	4
1381	6
1382	6
1383	6
1384	6
1385	6
1386	6
1387	6
1388	6
1389	6
1390	6
1391	6
1392	6
1393	6
1394	6
1395	6
1396	6
1397	2
1398	2
1399	2
1400	2
1401	2
1402	2
1403	2
1404	2
1405	2
1406	2
1407	2
1408	2
1409	2
1410	2
1411	2
1412	2
1413	2
1414	2
1415	2
1416	2
1417	2
1418	2
1419	2
1420	2
1421	2
1422	2
1423	2
1424	2
1425	2
1426	2
1427	2
1428	3
1429	3
1430	3
1431	3
1432	3
1433	3
1434	3
1435	3
1436	3
1437	3
1438	3
1439	3
1440	3
1441	7
1442	7
1443	7
1444	7
1445	7
1446	7
1447	7
1448	7
1449	7
1450	7
1451	7
1452	7
1453	7
1454	7
1455	3
1456	3
1457	3
1458	3
1459	3
1460	3
1461	3
1462	3
1463	3
1464	3
1465	5
1466	5
1467	5
1468	5
1469	5
1470	5
1471	5
1472	5
1473	5
1474	5
1475	5
1476	5
1477	5
1478	5
1479	5
1480	5
1481	5
1482	5
1483	5
1484	5
1485	5
1486	5
1487	5
1488	5
1489	2
1490	2
1491	2
1492	2
1493	2
1494	2
1495	2
1496	2
1497	2
1498	2
1499	2
1500	2
1501	13
1502	13
1503	13
1504	13
1505	13
1506	13
1507	13
1508	13
1509	13
1510	13
1511	13
1512	13
1513	13
1514	13
1515	13
1516	13
1517	13
1518	13
1519	13
1520	13
1521	13
1522	13
1523	13
1524	13
1525	13
1526	13
1527	13
1528	13
1529	10
1530	10
1531	10
1532	10
1533	10
1534	10
1535	10
1536	10
1537	10
1538	10
1539	10
1540	10
1541	10
1542	10
1543	10
1544	10
1545	10
1546	10
1547	10
1548	10
1549	10
1550	10
1551	10
1552	3
1553	3
1554	3
1555	3
1556	3
1557	3
1558	3
1559	3
1560	3
1561	3
1562	3
1563	3
1564	3
1565	3
1566	3
1567	3
1568	3
1569	3
1570	3
1571	3
1572	3
1573	3
1574	3
1575	3
1576	2
1577	2
1578	2
1579	2
1580	2
1581	2
1582	2
1583	2
1584	2
1585	2
1586	2
1587	2
1588	2
1589	2
1590	2
1591	2
1592	2
1593	2
1594	2
1595	2
1596	2
1597	2
1598	2
1599	2
1600	2
1601	2
1602	3
1603	3
1604	3
1605	3
1606	3
1607	3
1608	3
1609	3
1610	3
1611	3
1612	3
1613	3
1614	3
1615	3
1616	3
1617	3
1618	5
1619	5
1620	5
1621	5
1622	5
1623	5
1624	5
1625	5
1626	5
1627	5
1628	5
1629	3
1630	3
1631	3
1632	7
1633	3
1634	3
1635	3
1636	3
1637	3
1638	3
1639	3
1640	3
1641	3
1642	3
1643	3
1644	5
1645	5
1646	5
1647	5
1648	5
1649	3
1650	3
1651	3
1652	3
1653	3
1654	3
1655	3
1656	3
1658	3
1659	3
1660	3
1661	3
1662	3
1663	3
1664	3
1665	3
1666	3
1667	7
1668	7
1669	3
1670	3
1671	3
1672	3
1673	5
1674	3
1675	3
1676	3
1677	5
1678	9
1679	9
1680	9
1681	9
1682	9
1683	9
1684	9
1685	2
1686	2
1687	2
1688	2
1689	2
1690	2
1691	2
1692	2
1693	2
1694	2
1695	2
1696	2
1697	2
1698	2
1699	2
1700	2
1701	7
1702	7
1703	12
1704	12
1705	7
1706	7
1707	7
1708	7
1709	12
1710	7
1711	7
1712	7
1713	5
1714	5
1715	5
1716	5
1717	5
1718	5
1719	5
1720	5
1721	5
1722	5
1723	5
1724	5
1725	7
1726	7
1727	7
1728	5
1729	7
1730	7
1731	7
1732	7
1733	7
1734	7
1735	7
1736	12
1737	12
1738	7
1739	7
1740	7
1741	7
1742	13
1743	12
1744	12
1745	12
1746	12
1747	12
1748	13
1749	12
1750	12
1751	12
1752	12
1753	13
1754	12
1755	12
1756	12
1757	5
1758	5
1759	5
1760	5
1761	12
1762	12
1763	12
1764	12
1765	12
1766	12
1767	12
1768	12
1769	12
1770	13
1771	13
1772	12
1773	12
1774	5
1775	5
1776	5
1777	5
1778	5
1779	5
1780	5
1781	5
1782	5
1783	5
1784	5
1785	5
1786	5
1787	12
1788	12
1789	13
1790	12
1791	12
1792	12
1793	13
1794	12
1795	5
1796	5
1797	5
1798	5
1799	12
1800	12
1801	12
1802	13
1803	12
1804	12
1805	12
1806	12
1807	12
1808	12
1809	7
1810	7
1811	7
1812	7
1813	7
1814	7
1815	7
1816	7
1817	7
1818	7
1819	7
1820	7
1821	7
1822	7
1823	7
1824	7
1825	7
1826	7
1827	7
1828	7
1829	7
1830	5
1831	5
1832	5
1833	5
1834	5
1835	7
1836	7
1837	5
1838	7
1839	7
1840	4
1841	4
1842	4
1843	4
1844	4
1845	7
1846	7
1847	7
1848	7
1849	7
1850	7
1851	7
1852	7
1853	7
1854	7
1855	7
1856	7
1857	5
1858	5
1859	5
1860	5
1861	5
1862	5
1863	7
1864	7
1865	7
1866	7
1867	7
1868	7
1869	7
1870	7
1871	7
1872	9
1873	9
1874	9
1875	9
1876	9
1877	9
1878	9
1879	9
1880	9
1881	9
1882	9
1883	9
1884	9
1885	9
1886	9
1887	9
1888	9
1889	9
1890	9
1891	9
1892	9
1893	9
1894	9
1895	13
1896	13
1897	13
1898	6
1899	6
1900	6
1901	6
1902	6
1903	6
1904	2
1905	13
1906	2
1907	2
1908	13
1909	13
1910	13
1911	13
1912	2
1913	2
1914	2
1915	2
1916	6
1917	6
1918	6
1919	6
1920	6
1921	6
1922	6
1923	6
1924	13
1925	13
1926	13
1927	13
1928	13
1929	13
1930	13
1931	2
1932	13
1933	13
1934	2
1935	2
1936	2
1937	13
1938	13
1939	2
1940	13
1941	13
1942	2
1943	13
1944	13
1945	13
1946	2
1947	2
1948	2
1949	13
1950	2
1951	13
1952	13
1953	13
1954	2
1955	2
1956	13
1957	13
1958	13
1959	13
1960	13
1961	2
1962	13
1963	13
1964	13
1965	13
1966	13
1967	13
1968	2
1969	13
1970	13
1971	13
1972	13
1973	13
1974	13
1975	13
1976	3
1977	10
1978	3
1979	10
1980	3
1981	10
1982	10
1983	3
1984	3
1985	10
1986	10
1987	3
1988	3
1989	3
1990	3
1991	10
1992	3
1993	3
1994	3
1995	10
1996	3
1997	3
1998	3
1999	3
2000	3
2001	3
2002	3
2003	3
2004	3
2005	3
2006	3
2007	3
2008	3
2009	3
2010	3
2011	10
2012	10
2013	3
2014	3
2015	3
2016	3
2017	9
2018	9
2019	9
2020	9
2021	9
2022	9
2023	9
2024	9
2025	9
2026	9
2027	9
2028	9
2029	9
2030	10
2031	10
2032	10
2033	10
2034	10
2035	9
2036	9
2037	9
2038	9
2039	9
2040	9
2041	9
2042	9
2043	9
2044	9
2045	9
2046	9
2047	9
2048	9
2049	9
2050	9
2051	9
2052	9
2053	9
2054	9
2055	9
2056	9
2057	9
2058	3
2059	3
2060	3
2061	3
2062	3
2063	3
2064	3
2065	3
2066	3
2067	3
2068	9
2069	9
2070	9
2071	9
2072	9
2073	5
2074	9
2075	9
2076	9
2077	5
2078	5
2079	9
2080	5
2081	9
2082	9
2083	9
2084	9
2085	9
2086	9
2087	9
2088	9
2089	2
2090	2
2091	2
2092	2
2093	2
2094	2
2095	2
2096	13
2097	13
2098	13
2099	13
2100	13
2101	13
2102	13
2103	13
2104	13
2105	13
2106	13
2107	13
2108	13
2109	13
2110	13
2111	13
2112	13
2113	1
2114	1
2115	1
2116	1
2117	1
2118	12
2119	12
2120	1
2121	1
2122	1
2123	12
2124	9
2125	1
2126	1
2127	1
2128	1
2129	1
2130	1
2131	1
2132	1
2133	12
2134	12
2135	1
2136	12
2137	12
2138	12
2139	1
2140	1
2141	1
2142	1
2143	1
2144	1
2145	1
2146	12
2147	12
2148	1
2149	1
2150	1
2151	1
2152	1
2153	1
2154	1
2155	1
2156	1
2157	1
2158	1
2159	1
2160	1
2161	1
2162	1
2163	1
2164	12
2165	12
2166	12
2167	1
2168	1
2169	1
2170	1
2171	1
2172	1
2173	1
2174	12
2175	12
2176	12
2177	12
2178	1
2179	1
2180	12
2181	12
2182	1
2183	1
2184	1
2185	1
2186	1
2187	1
2188	12
2189	1
2190	1
2191	1
2192	1
2193	1
2194	12
2195	1
2196	12
2197	12
2198	1
2199	12
2200	1
2201	1
2202	1
2203	1
2204	1
2205	1
2206	1
2207	1
2208	1
2209	1
2210	1
2211	1
2212	1
2213	1
2214	1
2215	12
2216	12
2217	1
2218	1
2219	1
2220	1
2221	1
2222	1
2223	12
2224	1
2225	1
2226	1
2227	1
2228	1
2229	1
2230	12
2231	12
2232	1
2233	12
2234	12
2235	1
2236	12
2237	12
2238	12
2239	1
2240	1
2241	1
2242	12
2243	12
2244	12
2245	12
2246	1
2247	12
2248	12
2249	1
2250	1
2251	1
2252	1
2253	12
2254	12
2255	1
2256	12
2257	1
2258	1
2259	1
2260	1
2261	12
2262	12
2263	1
2264	1
2265	1
2266	1
2267	1
2268	1
2269	12
2270	12
2271	12
2272	1
2273	12
2274	1
2275	1
2276	1
2277	12
2278	1
2279	1
2280	1
2281	1
2282	1
2283	1
2284	9
2285	9
2286	1
2287	1
2288	1
2289	1
2290	1
2291	1
2292	1
2293	1
2294	1
2295	1
2296	1
2297	1
2298	12
2299	12
2300	12
2301	1
2302	12
2303	1
2304	1
2305	1
2306	1
2307	1
2308	1
2309	9
2310	9
2311	9
2312	8
2313	8
2314	8
2315	8
2316	8
2317	8
2318	8
2319	8
2320	8
2321	8
2322	8
2323	8
2324	8
2325	8
2326	8
2327	8
2328	8
2329	8
2330	13
2331	13
2332	13
2333	13
2334	13
2335	13
2336	13
2337	13
2338	13
2339	13
2340	13
2341	13
2342	13
2343	13
2344	13
2345	13
2346	8
2347	8
2348	8
2349	8
2350	8
2351	8
2352	8
2353	8
2354	8
2355	8
2356	8
2357	8
2358	8
2359	8
2360	8
2361	8
2362	8
2363	8
2364	8
2365	8
2366	12
2367	12
2368	12
2369	12
2370	12
2371	12
2372	12
2373	12
2374	1
2375	1
2376	12
2377	12
2378	12
2379	1
2380	12
2381	1
2382	12
2383	12
2384	1
2385	1
2386	1
2387	1
2388	1
2389	1
2390	1
2391	1
2392	1
2393	1
2394	1
2395	1
2396	1
2397	1
2398	1
2399	1
2400	1
2401	12
2402	12
2403	1
2404	1
2405	12
2406	1
2407	1
2408	1
2409	12
2410	12
2411	12
2412	1
2413	1
2414	12
2415	11
2416	11
2417	11
2418	11
2419	6
2420	6
2421	11
2422	11
2423	11
2424	11
2425	11
2426	11
2427	6
2428	6
2429	11
2430	11
2431	11
2432	11
2433	11
2434	11
2435	11
2436	11
2437	11
2438	11
2439	11
2440	11
2441	11
2442	11
2443	11
2444	11
2445	11
2446	11
2447	11
2448	11
2449	6
2450	6
2451	6
2452	6
2453	6
2454	11
2455	11
2456	11
2457	11
2458	11
2459	11
2460	11
2461	11
2462	11
2463	11
2464	11
2465	11
2466	11
2467	11
2468	6
2469	11
2470	11
2471	11
2472	6
2473	11
2474	11
2475	11
2476	11
2477	11
2478	11
2479	6
2480	6
2481	11
2482	6
2483	11
2484	11
2485	11
2486	6
2487	11
2488	6
2489	11
2490	6
2491	6
2492	11
2493	11
2494	11
2495	6
2496	6
2497	6
2498	6
2499	6
2500	11
2501	6
2502	11
2503	11
2504	11
2505	11
2506	11
2507	11
2508	6
2509	6
2510	6
2511	6
2512	6
2513	6
2514	6
2515	6
2516	6
2517	6
2518	6
2519	6
2520	6
2521	6
2522	6
2523	6
2524	11
2525	6
2526	11
2527	6
2528	11
2529	6
2530	6
2531	6
2532	6
2533	6
2534	6
2535	6
2536	6
2537	6
2538	6
2539	6
2540	6
2541	6
2542	6
2543	11
2544	6
2545	6
2546	6
2547	11
2548	11
2549	11
2550	6
2551	6
2552	6
2553	6
2554	6
2555	6
2556	6
2557	6
2558	11
2559	11
2560	11
2561	11
2562	6
2563	11
2564	11
2565	6
2566	11
2567	11
2568	6
2569	6
2570	6
2571	11
2572	11
2573	11
2574	6
2575	6
2576	6
2577	6
2578	6
2579	6
2580	6
2581	11
2582	11
2583	6
2584	6
2585	11
2586	11
2587	6
2588	6
2589	6
2590	6
2591	6
2592	6
2593	6
2594	11
2595	11
2596	11
2597	11
2598	11
2599	11
2600	6
2601	11
2602	11
2603	11
2604	11
2605	6
2606	9
2607	9
2608	9
2609	9
2610	9
2611	9
2612	9
2613	9
2614	9
2615	9
2616	9
2617	9
2618	9
2619	9
2620	9
2621	9
2622	9
2623	9
2624	9
2625	9
2626	9
2627	9
2628	9
2629	9
2630	9
2631	9
2632	9
2633	9
2634	9
2635	9
2636	9
2637	9
2638	9
2639	9
2640	4
2641	4
2642	4
2643	4
2644	4
2645	4
2646	4
2647	4
2648	4
2649	4
2650	4
2651	4
2652	4
2653	4
2654	10
2655	10
2656	10
2657	10
2658	10
2659	4
2660	4
2661	10
2662	10
2663	4
2664	4
2665	4
2666	10
2667	4
2668	4
2669	4
2670	4
2671	4
2672	10
2673	4
2674	10
2675	10
2676	4
2677	4
2678	10
2679	4
2680	4
2681	4
2682	4
2683	4
2684	4
2685	4
2686	4
2687	4
2688	13
2689	13
2690	13
2691	13
315	2
1657	3
