0	3
1	3
2	3
3	3
4	3
5	3
6	3
7	9
8	9
9	9
10	9
11	9
12	9
13	9
14	9
15	9
16	9
17	9
18	9
19	9
20	9
21	12
22	12
23	12
24	12
25	12
26	12
27	12
28	12
29	1
30	1
31	1
32	1
33	1
34	1
35	1
36	1
37	1
38	1
39	1
40	1
41	1
42	1
43	1
44	1
45	1
46	1
47	1
48	1
49	1
50	1
51	1
52	1
53	8
54	8
55	8
56	8
57	8
58	1
59	1
60	1
61	1
62	1
63	1
64	1
65	8
66	8
67	8
68	8
69	8
70	8
71	12
72	12
73	12
74	12
75	1
76	1
77	1
78	1
79	1
80	1
81	1
82	1
83	5
84	5
85	5
86	5
87	5
88	5
89	5
90	5
91	5
92	5
93	5
94	5
95	5
96	9
97	6
98	9
99	9
100	9
101	9
102	9
103	9
104	9
105	9
106	9
107	9
108	9
109	9
110	9
111	6
112	6
113	6
114	9
115	9
116	9
117	6
118	6
119	6
120	6
121	6
122	9
123	9
124	9
125	9
126	6
127	9
128	9
129	2
130	2
131	12
132	2
133	2
134	2
135	12
136	2
137	2
138	2
139	2
140	2
141	2
142	2
143	2
144	2
145	2
146	2
147	2
148	2
149	2
150	2
151	2
152	2
153	2
154	2
155	12
156	2
157	2
158	2
159	2
160	2
161	2
162	2
163	2
164	2
165	2
166	10
167	10
168	10
169	10
170	10
171	10
172	10
173	5
174	10
175	5
176	5
177	5
178	10
179	10
180	10
181	10
182	10
183	3
184	3
185	3
186	3
187	3
188	3
189	3
190	3
191	3
192	3
193	3
194	3
195	3
196	3
197	3
198	3
199	3
200	3
201	3
202	3
203	3
204	3
205	3
206	3
207	3
208	12
209	12
210	12
211	12
212	12
213	12
214	12
215	12
216	12
217	12
218	12
219	12
220	12
221	12
222	12
223	12
224	12
225	12
226	10
227	10
228	10
229	10
230	10
231	10
232	10
233	10
234	10
235	10
236	12
237	12
238	12
239	12
240	12
241	12
242	12
243	12
244	12
245	12
246	12
247	12
248	3
249	3
250	3
251	3
252	3
253	3
254	3
255	3
256	3
257	3
258	3
259	3
260	3
261	13
262	13
263	13
264	13
265	13
266	13
267	13
268	13
269	13
270	13
271	13
272	13
273	13
274	13
275	13
276	13
277	13
278	13
279	13
280	13
281	13
282	13
283	13
284	13
285	13
286	13
287	13
288	13
289	13
290	13
291	13
292	13
293	13
294	13
295	13
296	13
297	13
298	13
299	13
300	13
301	13
302	3
303	3
304	3
305	3
306	7
307	11
308	7
309	7
310	7
311	7
312	7
313	7
314	7
316	9
317	9
318	9
319	9
320	9
321	9
322	9
323	9
324	9
325	9
326	9
327	9
328	9
329	9
330	9
331	7
332	7
333	7
334	7
335	7
336	7
337	9
338	9
339	9
340	7
341	7
342	7
343	7
344	11
345	11
346	7
347	7
348	7
349	7
350	7
351	11
352	7
353	11
354	11
355	11
356	2
357	2
358	2
359	2
360	2
361	2
362	2
363	2
364	2
365	2
366	2
367	2
368	2
369	7
370	11
371	11
372	7
373	7
374	7
375	11
376	7
377	7
378	11
379	7
380	7
381	11
382	11
383	7
384	7
385	7
386	7
387	7
388	7
389	9
390	9
391	9
392	9
393	9
394	7
395	11
396	7
397	7
398	9
399	9
400	9
401	9
402	9
403	12
404	12
405	12
406	12
407	12
408	12
409	9
410	1
411	9
412	9
413	1
414	1
415	1
416	1
417	1
418	1
419	1
420	1
421	1
422	1
423	9
424	1
425	10
426	10
427	10
428	10
429	10
430	10
431	10
432	10
433	1
434	1
435	1
436	1
437	1
438	1
439	1
440	1
441	1
442	1
443	1
444	1
445	9
446	10
447	10
448	10
449	10
450	10
451	1
452	9
453	1
454	10
455	10
456	10
457	1
458	9
459	1
460	9
461	1
462	1
463	10
464	10
465	10
466	10
467	10
468	10
469	10
470	10
471	10
472	10
473	1
474	9
475	13
476	13
477	10
478	10
479	10
480	10
481	10
482	10
483	10
484	12
485	12
486	10
487	10
488	10
489	13
490	13
491	13
492	13
493	13
494	13
495	10
496	10
497	10
498	12
499	10
500	10
501	10
502	12
503	10
504	10
505	10
506	12
507	12
508	12
509	12
510	12
511	12
512	12
513	12
514	12
515	12
516	12
517	12
518	12
519	12
520	12
521	12
522	6
523	6
524	6
525	6
526	3
527	3
528	6
529	6
530	6
531	6
532	6
533	6
534	6
535	6
536	6
537	6
538	3
539	3
540	3
541	3
542	3
543	3
544	3
545	3
546	3
547	3
548	3
549	3
550	3
551	3
552	3
553	3
554	3
555	3
556	3
557	3
558	3
559	12
560	12
561	13
562	12
563	12
564	12
565	3
566	3
567	3
568	3
569	3
570	5
571	5
572	5
573	5
574	5
575	5
576	5
577	5
578	5
579	5
580	5
581	3
582	3
583	3
584	3
585	3
586	3
587	13
588	13
589	13
590	13
591	13
592	13
593	13
594	13
595	13
596	13
597	13
598	13
599	13
600	13
601	13
602	13
603	3
604	3
605	3
606	3
607	3
608	3
609	3
610	3
611	3
612	3
613	3
614	3
615	3
616	3
617	13
618	13
619	13
620	13
621	13
622	13
623	13
624	13
625	13
626	13
627	13
628	13
629	13
630	13
631	13
632	13
633	13
634	13
635	13
636	13
637	13
638	13
639	3
640	3
641	3
642	3
643	3
644	3
645	3
646	3
647	3
648	3
649	3
650	3
651	3
652	3
653	3
654	3
655	3
656	3
657	10
658	10
659	10
660	10
661	9
662	9
663	9
664	9
665	9
666	9
667	9
668	9
669	9
670	10
671	10
672	10
673	10
674	10
675	10
676	10
677	10
678	10
679	10
680	9
681	9
682	9
683	3
684	9
685	9
686	9
687	9
688	3
689	9
690	9
691	9
692	9
693	9
694	9
695	9
696	9
697	10
698	10
699	10
700	10
701	10
702	10
703	10
704	10
705	10
706	10
707	10
708	10
709	10
710	10
711	10
712	10
713	10
714	9
715	9
716	13
717	13
718	10
719	10
720	10
721	13
722	13
723	13
724	13
725	13
726	13
727	13
728	13
729	13
730	13
731	13
732	9
733	1
734	9
735	1
736	9
737	10
738	10
739	10
740	10
741	10
742	10
743	10
744	10
745	9
746	9
747	9
748	9
749	9
750	9
751	9
752	9
753	9
754	9
755	9
756	1
757	1
758	9
759	9
760	9
761	9
762	9
763	9
764	9
765	9
766	10
767	10
768	10
769	10
770	9
771	1
772	10
773	10
774	10
775	10
776	10
777	10
778	10
779	10
780	10
781	10
782	10
783	10
784	10
785	7
786	10
787	10
788	10
789	10
790	10
791	7
792	7
793	7
794	7
795	7
796	7
797	7
798	7
799	7
800	7
801	10
802	10
803	10
804	10
805	7
806	7
807	7
808	10
809	10
810	10
811	8
812	8
813	7
814	8
815	7
816	7
817	7
818	8
819	7
820	8
821	8
822	7
823	8
824	7
825	7
826	7
827	7
828	7
829	8
830	8
831	7
832	7
833	7
834	8
835	8
836	8
837	8
838	7
839	7
840	8
841	7
842	8
843	8
844	7
845	7
846	7
847	8
848	7
849	7
850	8
851	8
852	8
853	8
854	7
855	7
856	8
857	8
858	3
859	3
860	3
861	3
862	3
863	3
864	3
865	3
866	3
867	3
868	3
869	3
870	3
871	8
872	8
873	7
874	7
875	8
876	7
877	7
878	7
879	7
880	7
881	8
882	7
883	8
884	7
885	8
886	7
887	7
888	8
889	7
890	7
891	7
892	8
893	8
894	8
895	8
896	8
897	7
898	7
899	7
900	7
901	7
902	8
903	8
904	7
905	8
906	7
907	7
908	7
909	7
910	7
911	7
912	8
913	7
914	8
915	7
916	7
917	7
918	7
919	7
920	7
921	7
922	7
923	7
924	7
925	8
926	7
927	7
928	8
929	7
930	8
931	8
932	7
933	7
934	7
935	7
936	7
937	7
938	7
939	7
940	7
941	7
942	8
943	7
944	7
945	7
946	7
947	8
948	8
949	8
950	7
951	7
952	7
953	7
954	7
955	7
956	7
957	8
958	8
959	7
960	7
961	7
962	8
963	7
964	8
965	7
966	7
967	7
968	7
969	7
970	7
971	7
972	8
973	8
974	7
975	8
976	8
977	8
978	7
979	7
980	7
981	7
982	8
983	8
984	8
985	10
986	5
987	5
988	10
989	5
990	5
991	5
992	10
993	10
994	5
995	10
996	5
997	10
998	5
999	5
1000	10
1001	10
1002	10
1003	5
1004	5
1005	5
1006	5
1007	8
1008	8
1009	5
1010	8
1011	8
1012	8
1013	8
1014	8
1015	8
1016	8
1017	8
1018	8
1019	8
1020	8
1021	8
1022	8
1023	8
1024	8
1025	8
1026	8
1027	8
1028	8
1029	8
1030	8
1031	8
1032	8
1033	8
1034	8
1035	8
1036	8
1037	8
1038	8
1039	8
1040	8
1041	8
1042	8
1043	8
1044	8
1045	8
1046	8
1047	8
1048	8
1049	8
1050	8
1051	8
1052	8
1053	8
1054	8
1055	8
1056	8
1057	8
1058	8
1059	8
1060	8
1061	8
1062	8
1063	8
1064	8
1065	8
1066	8
1067	8
1068	8
1069	8
1070	8
1071	8
1072	8
1073	8
1074	8
1075	1
1076	1
1077	1
1078	1
1079	1
1080	1
1081	1
1082	1
1083	1
1084	1
1085	1
1086	1
1087	13
1088	13
1089	13
1090	13
1091	13
1092	13
1093	13
1094	12
1095	12
1096	12
1097	12
1098	12
1099	12
1100	12
1101	12
1102	12
1103	12
1104	12
1105	12
1106	12
1107	2
1108	2
1109	2
1110	2
1111	2
1112	2
1113	2
1114	7
1115	2
1116	2
1117	2
1118	2
1119	2
1120	2
1121	2
1122	7
1123	2
1124	2
1125	7
1126	2
1127	2
1128	2
1129	2
1130	2
1131	7
1132	2
1133	2
1134	2
1135	2
1136	7
1137	2
1138	2
1139	2
1140	2
1141	2
1142	2
1143	2
1144	2
1145	2
1146	7
1147	7
1148	2
1149	2
1150	2
1151	2
1152	2
1153	2
1154	7
1155	7
1156	7
1157	7
1158	7
1159	7
1160	7
1161	7
1162	11
1163	11
1164	7
1165	11
1166	7
1167	7
1168	7
1169	8
1170	8
1171	8
1172	8
1173	8
1174	8
1175	8
1176	8
1177	8
1178	8
1179	8
1180	8
1181	8
1182	8
1183	8
1184	8
1185	8
1186	8
1187	8
1188	8
1189	8
1190	8
1191	8
1192	8
1193	8
1194	8
1195	8
1196	8
1197	8
1198	8
1199	8
1200	2
1201	2
1202	2
1203	2
1204	6
1205	2
1206	2
1207	2
1208	6
1209	2
1210	2
1211	2
1212	2
1213	6
1214	2
1215	2
1216	2
1217	6
1218	2
1219	2
1220	2
1221	2
1222	2
1223	2
1224	6
1225	2
1226	2
1227	6
1228	6
1229	2
1230	2
1231	2
1232	2
1233	2
1234	2
1235	6
1236	2
1237	2
1238	2
1239	6
1240	10
1241	10
1242	10
1243	10
1244	10
1245	10
1246	10
1247	10
1248	10
1249	10
1250	10
1251	10
1252	10
1253	1
1254	1
1255	1
1256	1
1257	1
1258	10
1259	10
1260	10
1261	10
1262	10
1263	10
1264	1
1265	1
1266	1
1267	1
1268	1
1269	1
1270	1
1271	1
1272	1
1273	1
1274	1
1275	1
1276	1
1277	1
1278	7
1279	7
1280	7
1281	10
1282	10
1283	10
1284	1
1285	1
1286	1
1287	1
1288	11
1289	11
1290	11
1291	7
1292	11
1293	7
1294	11
1295	11
1296	11
1297	11
1298	7
1299	11
1300	7
1301	11
1302	11
1303	1
1304	1
1305	1
1306	1
1307	1
1308	1
1309	1
1310	1
1311	1
1312	1
1313	1
1314	2
1315	2
1316	2
1317	2
1318	7
1319	2
1320	7
1321	2
1322	7
1323	2
1324	2
1325	2
1326	7
1327	2
1328	2
1329	2
1330	2
1331	2
1332	2
1333	2
1334	2
1335	7
1336	2
1337	2
1338	2
1339	7
1340	7
1341	2
1342	7
1343	7
1344	2
1345	7
1346	1
1347	1
1348	1
1349	1
1350	1
1351	1
1352	1
1353	1
1354	1
1355	1
1356	1
1357	1
1358	1
1359	1
1360	1
1361	1
1362	1
1363	2
1364	2
1365	2
1366	2
1367	2
1368	2
1369	2
1370	2
1371	2
1372	2
1373	2
1374	2
1375	2
1376	2
1377	2
1378	2
1379	2
1380	2
1381	7
1382	7
1383	7
1384	7
1385	7
1386	7
1387	7
1388	7
1389	7
1390	7
1391	7
1392	7
1393	7
1394	7
1395	7
1396	7
1397	1
1398	1
1399	1
1400	1
1401	1
1402	1
1403	1
1404	1
1405	1
1406	1
1407	1
1408	1
1409	1
1410	1
1411	1
1412	1
1413	1
1414	1
1415	1
1416	1
1417	1
1418	1
1419	1
1420	1
1421	1
1422	1
1423	1
1424	1
1425	1
1426	1
1427	1
1428	6
1429	6
1430	6
1431	6
1432	6
1433	6
1434	6
1435	6
1436	6
1437	6
1438	6
1439	6
1440	6
1441	9
1442	9
1443	9
1444	9
1445	9
1446	9
1447	9
1448	9
1449	9
1450	9
1451	9
1452	9
1453	9
1454	9
1455	6
1456	6
1457	6
1458	6
1459	6
1460	6
1461	6
1462	6
1463	6
1464	6
1465	12
1466	12
1467	12
1468	12
1469	12
1470	12
1471	12
1472	12
1473	12
1474	12
1475	12
1476	12
1477	12
1478	12
1479	12
1480	12
1481	12
1482	12
1483	12
1484	12
1485	12
1486	12
1487	12
1488	12
1489	9
1490	9
1491	9
1492	9
1493	9
1494	9
1495	9
1496	9
1497	9
1498	9
1499	9
1500	9
1501	3
1502	3
1503	3
1504	3
1505	3
1506	3
1507	3
1508	3
1509	3
1510	3
1511	3
1512	3
1513	3
1514	3
1515	3
1516	3
1517	3
1518	3
1519	3
1520	3
1521	3
1522	3
1523	3
1524	3
1525	3
1526	3
1527	3
1528	3
1529	10
1530	10
1531	10
1532	10
1533	10
1534	10
1535	10
1536	10
1537	10
1538	10
1539	10
1540	10
1541	10
1542	10
1543	10
1544	10
1545	10
1546	10
1547	10
1548	10
1549	10
1550	10
1551	10
1552	5
1553	5
1554	5
1555	2
1556	5
1557	2
1558	5
1559	5
1560	5
1561	5
1562	5
1563	5
1564	5
1565	5
1566	2
1567	5
1568	5
1569	5
1570	5
1571	5
1572	5
1573	5
1574	5
1575	5
1576	1
1577	1
1578	1
1579	1
1580	1
1581	1
1582	1
1583	1
1584	1
1585	1
1586	1
1587	1
1588	1
1589	1
1590	1
1591	1
1592	1
1593	1
1594	1
1595	1
1596	1
1597	1
1598	1
1599	1
1600	1
1601	1
1602	5
1603	5
1604	5
1605	5
1606	5
1607	5
1608	5
1609	5
1610	5
1611	5
1612	5
1613	5
1614	5
1615	5
1616	5
1617	5
1618	12
1619	12
1620	12
1621	12
1622	12
1623	12
1624	12
1625	12
1626	12
1627	12
1628	12
1629	8
1630	6
1631	6
1632	6
1633	8
1634	6
1635	6
1636	6
1637	6
1638	6
1639	8
1640	6
1641	8
1642	6
1643	6
1644	12
1645	12
1646	12
1647	12
1648	12
1649	6
1650	8
1651	6
1652	8
1653	6
1654	6
1655	6
1656	6
1658	6
1659	6
1660	6
1661	6
1662	6
1663	6
1664	6
1665	6
1666	8
1667	6
1668	6
1669	8
1670	6
1671	6
1672	6
1673	12
1674	6
1675	6
1676	6
1677	12
1678	13
1679	13
1680	13
1681	13
1682	13
1683	13
1684	13
1685	9
1686	9
1687	9
1688	9
1689	9
1690	9
1691	9
1692	9
1693	9
1694	9
1695	9
1696	9
1697	9
1698	9
1699	9
1700	9
1701	9
1702	9
1703	6
1704	6
1705	9
1706	9
1707	9
1708	9
1709	9
1710	9
1711	9
1712	9
1713	12
1714	12
1715	12
1716	12
1717	12
1718	12
1719	12
1720	12
1721	12
1722	12
1723	12
1724	12
1725	9
1726	9
1727	9
1728	12
1729	9
1730	9
1731	9
1732	9
1733	9
1734	9
1735	9
1736	9
1737	9
1738	9
1739	9
1740	9
1741	9
1742	3
1743	3
1744	3
1745	3
1746	3
1747	3
1748	3
1749	3
1750	3
1751	3
1752	3
1753	3
1754	3
1755	3
1756	3
1757	12
1758	12
1759	12
1760	12
1761	3
1762	3
1763	3
1764	3
1765	3
1766	3
1767	3
1768	3
1769	3
1770	3
1771	3
1772	3
1773	3
1774	12
1775	12
1776	12
1777	12
1778	12
1779	12
1780	12
1781	12
1782	12
1783	12
1784	12
1785	12
1786	12
1787	3
1788	3
1789	3
1790	3
1791	3
1792	3
1793	3
1794	3
1795	12
1796	12
1797	12
1798	12
1799	3
1800	3
1801	3
1802	3
1803	3
1804	3
1805	3
1806	3
1807	3
1808	3
1809	9
1810	9
1811	6
1812	6
1813	6
1814	6
1815	9
1816	9
1817	6
1818	9
1819	9
1820	9
1821	6
1822	9
1823	6
1824	6
1825	9
1826	9
1827	9
1828	9
1829	9
1830	13
1831	13
1832	13
1833	13
1834	13
1835	6
1836	6
1837	13
1838	9
1839	9
1840	2
1841	2
1842	2
1843	2
1844	2
1845	9
1846	9
1847	9
1848	9
1849	9
1850	9
1851	9
1852	9
1853	6
1854	6
1855	6
1856	6
1857	12
1858	12
1859	12
1860	12
1861	12
1862	12
1863	6
1864	6
1865	6
1866	6
1867	6
1868	9
1869	9
1870	9
1871	9
1872	13
1873	13
1874	13
1875	13
1876	13
1877	13
1878	13
1879	13
1880	13
1881	13
1882	13
1883	13
1884	13
1885	13
1886	13
1887	13
1888	13
1889	13
1890	13
1891	13
1892	13
1893	13
1894	13
1895	1
1896	1
1897	1
1898	7
1899	7
1900	7
1901	7
1902	7
1903	7
1904	1
1905	1
1906	1
1907	1
1908	1
1909	1
1910	1
1911	1
1912	1
1913	1
1914	1
1915	1
1916	7
1917	7
1918	7
1919	7
1920	7
1921	7
1922	7
1923	7
1924	1
1925	1
1926	1
1927	1
1928	1
1929	1
1930	1
1931	1
1932	1
1933	1
1934	1
1935	1
1936	1
1937	1
1938	1
1939	1
1940	1
1941	1
1942	1
1943	1
1944	1
1945	1
1946	1
1947	1
1948	1
1949	1
1950	1
1951	1
1952	1
1953	1
1954	1
1955	1
1956	1
1957	1
1958	1
1959	1
1960	1
1961	1
1962	1
1963	1
1964	1
1965	1
1966	1
1967	1
1968	1
1969	1
1970	1
1971	1
1972	1
1973	1
1974	1
1975	1
1976	5
1977	5
1978	5
1979	5
1980	5
1981	5
1982	5
1983	5
1984	5
1985	5
1986	5
1987	5
1988	5
1989	5
1990	5
1991	5
1992	5
1993	5
1994	5
1995	5
1996	5
1997	5
1998	5
1999	5
2000	5
2001	5
2002	5
2003	5
2004	5
2005	5
2006	5
2007	5
2008	5
2009	5
2010	5
2011	5
2012	5
2013	5
2014	5
2015	5
2016	5
2017	13
2018	13
2019	13
2020	13
2021	13
2022	13
2023	13
2024	10
2025	13
2026	13
2027	13
2028	13
2029	13
2030	10
2031	10
2032	10
2033	10
2034	10
2035	10
2036	10
2037	10
2038	13
2039	13
2040	13
2041	13
2042	13
2043	13
2044	13
2045	13
2046	10
2047	10
2048	13
2049	13
2050	13
2051	10
2052	10
2053	10
2054	10
2055	10
2056	10
2057	10
2058	5
2059	5
2060	5
2061	5
2062	5
2063	5
2064	5
2065	5
2066	5
2067	5
2068	13
2069	13
2070	13
2071	13
2072	13
2073	13
2074	13
2075	13
2076	13
2077	13
2078	13
2079	13
2080	13
2081	13
2082	13
2083	13
2084	13
2085	13
2086	13
2087	13
2088	13
2089	9
2090	9
2091	9
2092	9
2093	9
2094	9
2095	9
2096	3
2097	3
2098	3
2099	3
2100	3
2101	3
2102	3
2103	3
2104	3
2105	3
2106	3
2107	3
2108	3
2109	3
2110	3
2111	3
2112	3
2113	4
2114	4
2115	4
2116	4
2117	4
2118	4
2119	4
2120	6
2121	6
2122	4
2123	4
2124	13
2125	4
2126	6
2127	4
2128	4
2129	4
2130	4
2131	4
2132	4
2133	4
2134	4
2135	4
2136	4
2137	4
2138	4
2139	6
2140	6
2141	4
2142	4
2143	4
2144	4
2145	4
2146	4
2147	4
2148	4
2149	4
2150	4
2151	6
2152	4
2153	4
2154	4
2155	4
2156	4
2157	4
2158	6
2159	4
2160	4
2161	4
2162	4
2163	4
2164	6
2165	6
2166	4
2167	6
2168	6
2169	4
2170	4
2171	4
2172	4
2173	4
2174	4
2175	4
2176	4
2177	4
2178	6
2179	6
2180	6
2181	6
2182	4
2183	4
2184	4
2185	4
2186	4
2187	4
2188	4
2189	6
2190	6
2191	4
2192	4
2193	4
2194	4
2195	4
2196	4
2197	4
2198	4
2199	4
2200	4
2201	4
2202	4
2203	4
2204	4
2205	4
2206	6
2207	6
2208	4
2209	4
2210	4
2211	4
2212	4
2213	4
2214	4
2215	4
2216	4
2217	4
2218	4
2219	4
2220	4
2221	4
2222	4
2223	4
2224	4
2225	4
2226	4
2227	4
2228	4
2229	4
2230	6
2231	6
2232	4
2233	4
2234	4
2235	4
2236	4
2237	4
2238	4
2239	4
2240	4
2241	4
2242	4
2243	4
2244	4
2245	4
2246	6
2247	6
2248	6
2249	4
2250	4
2251	4
2252	4
2253	4
2254	4
2255	4
2256	6
2257	4
2258	6
2259	6
2260	6
2261	6
2262	6
2263	4
2264	4
2265	4
2266	4
2267	4
2268	4
2269	4
2270	4
2271	4
2272	4
2273	4
2274	4
2275	4
2276	4
2277	4
2278	4
2279	4
2280	4
2281	4
2282	4
2283	6
2284	13
2285	13
2286	4
2287	4
2288	4
2289	4
2290	4
2291	4
2292	4
2293	4
2294	6
2295	6
2296	6
2297	4
2298	4
2299	4
2300	4
2301	4
2302	4
2303	6
2304	6
2305	4
2306	4
2307	4
2308	4
2309	13
2310	13
2311	13
2312	8
2313	8
2314	8
2315	8
2316	8
2317	8
2318	8
2319	8
2320	8
2321	8
2322	8
2323	8
2324	8
2325	8
2326	8
2327	8
2328	8
2329	8
2330	3
2331	3
2332	3
2333	3
2334	3
2335	3
2336	3
2337	3
2338	3
2339	3
2340	3
2341	3
2342	3
2343	3
2344	3
2345	3
2346	8
2347	8
2348	8
2349	8
2350	8
2351	8
2352	8
2353	8
2354	8
2355	8
2356	8
2357	8
2358	8
2359	8
2360	8
2361	8
2362	8
2363	8
2364	8
2365	8
2366	6
2367	4
2368	6
2369	4
2370	6
2371	6
2372	6
2373	6
2374	6
2375	6
2376	6
2377	6
2378	6
2379	6
2380	4
2381	6
2382	6
2383	6
2384	6
2385	6
2386	6
2387	6
2388	6
2389	6
2390	6
2391	6
2392	6
2393	6
2394	6
2395	6
2396	6
2397	6
2398	6
2399	6
2400	6
2401	6
2402	6
2403	6
2404	6
2405	6
2406	6
2407	6
2408	6
2409	6
2410	6
2411	6
2412	6
2413	6
2414	6
2415	11
2416	11
2417	11
2418	11
2419	12
2420	12
2421	12
2422	11
2423	11
2424	11
2425	11
2426	11
2427	12
2428	12
2429	12
2430	12
2431	12
2432	11
2433	11
2434	11
2435	11
2436	11
2437	11
2438	12
2439	12
2440	12
2441	11
2442	11
2443	11
2444	11
2445	11
2446	12
2447	12
2448	11
2449	11
2450	11
2451	11
2452	11
2453	11
2454	11
2455	11
2456	11
2457	11
2458	11
2459	11
2460	12
2461	11
2462	11
2463	11
2464	11
2465	11
2466	11
2467	11
2468	11
2469	11
2470	11
2471	11
2472	11
2473	11
2474	11
2475	11
2476	11
2477	11
2478	11
2479	11
2480	11
2481	11
2482	11
2483	11
2484	11
2485	11
2486	11
2487	11
2488	11
2489	11
2490	11
2491	11
2492	11
2493	11
2494	11
2495	11
2496	12
2497	12
2498	11
2499	11
2500	11
2501	11
2502	11
2503	11
2504	11
2505	11
2506	11
2507	11
2508	11
2509	11
2510	11
2511	11
2512	11
2513	11
2514	11
2515	11
2516	11
2517	11
2518	11
2519	11
2520	11
2521	11
2522	11
2523	12
2524	11
2525	12
2526	11
2527	11
2528	11
2529	12
2530	12
2531	12
2532	12
2533	12
2534	12
2535	12
2536	12
2537	12
2538	12
2539	12
2540	12
2541	12
2542	12
2543	11
2544	12
2545	12
2546	12
2547	12
2548	12
2549	12
2550	11
2551	12
2552	12
2553	12
2554	12
2555	12
2556	12
2557	12
2558	11
2559	11
2560	11
2561	11
2562	12
2563	12
2564	11
2565	12
2566	12
2567	11
2568	12
2569	12
2570	12
2571	11
2572	12
2573	11
2574	12
2575	11
2576	11
2577	11
2578	11
2579	11
2580	11
2581	12
2582	11
2583	11
2584	11
2585	11
2586	11
2587	12
2588	12
2589	12
2590	12
2591	11
2592	12
2593	11
2594	11
2595	11
2596	11
2597	11
2598	11
2599	11
2600	11
2601	11
2602	11
2603	11
2604	12
2605	12
2606	13
2607	13
2608	13
2609	13
2610	13
2611	13
2612	13
2613	13
2614	13
2615	13
2616	13
2617	13
2618	13
2619	13
2620	13
2621	13
2622	13
2623	13
2624	13
2625	13
2626	13
2627	13
2628	13
2629	13
2630	13
2631	13
2632	13
2633	13
2634	13
2635	13
2636	13
2637	13
2638	13
2639	13
2640	5
2641	5
2642	5
2643	5
2644	5
2645	5
2646	5
2647	5
2648	5
2649	5
2650	5
2651	5
2652	5
2653	5
2654	5
2655	5
2656	5
2657	5
2658	5
2659	5
2660	5
2661	5
2662	5
2663	5
2664	5
2665	5
2666	5
2667	5
2668	5
2669	5
2670	5
2671	5
2672	5
2673	5
2674	5
2675	5
2676	5
2677	5
2678	5
2679	5
2680	5
2681	5
2682	5
2683	5
2684	5
2685	5
2686	5
2687	5
2688	3
2689	3
2690	3
2691	3
315	9
1657	6
