0	5
1	5
2	5
3	5
4	5
5	5
6	5
7	11
8	11
9	11
10	11
11	4
12	11
13	11
14	11
15	11
16	4
17	4
18	4
19	4
20	4
21	1
22	1
23	1
24	1
25	1
26	1
27	1
28	1
29	9
30	9
31	9
32	9
33	9
34	9
35	9
36	9
37	9
38	9
39	9
40	9
41	9
42	9
43	9
44	9
45	9
46	9
47	9
48	9
49	9
50	9
51	9
52	9
53	13
54	13
55	13
56	13
57	13
58	9
59	9
60	9
61	9
62	9
63	9
64	9
65	13
66	13
67	13
68	13
69	13
70	13
71	1
72	1
73	1
74	1
75	9
76	9
77	9
78	9
79	9
80	9
81	9
82	9
83	2
84	2
85	2
86	2
87	2
88	2
89	2
90	2
91	2
92	2
93	2
94	2
95	2
96	4
97	11
98	4
99	4
100	11
101	11
102	11
103	4
104	11
105	4
106	11
107	4
108	4
109	11
110	4
111	11
112	11
113	11
114	11
115	11
116	11
117	11
118	11
119	11
120	11
121	11
122	4
123	11
124	4
125	4
126	11
127	4
128	11
129	6
130	6
131	6
132	6
133	6
134	6
135	6
136	6
137	6
138	6
139	6
140	6
141	6
142	6
143	6
144	6
145	6
146	6
147	6
148	6
149	6
150	6
151	6
152	6
153	6
154	6
155	6
156	6
157	6
158	6
159	6
160	6
161	6
162	6
163	6
164	6
165	6
166	10
167	10
168	10
169	10
170	10
171	10
172	10
173	10
174	10
175	10
176	10
177	10
178	10
179	10
180	10
181	10
182	10
183	9
184	9
185	9
186	9
187	9
188	9
189	9
190	9
191	9
192	9
193	9
194	9
195	9
196	9
197	9
198	9
199	9
200	9
201	9
202	9
203	9
204	9
205	9
206	9
207	9
208	1
209	1
210	1
211	1
212	1
213	1
214	1
215	1
216	1
217	1
218	1
219	1
220	1
221	1
222	1
223	1
224	1
225	1
226	1
227	1
228	1
229	1
230	1
231	1
232	1
233	1
234	1
235	1
236	1
237	1
238	1
239	1
240	1
241	1
242	1
243	1
244	1
245	1
246	1
247	1
248	9
249	9
250	9
251	9
252	9
253	9
254	9
255	9
256	9
257	9
258	9
259	9
260	9
261	3
262	3
263	3
264	3
265	3
266	3
267	3
268	3
269	3
270	3
271	3
272	3
273	3
274	3
275	3
276	3
277	3
278	3
279	3
280	3
281	3
282	3
283	3
284	3
285	3
286	3
287	3
288	3
289	3
290	3
291	3
292	3
293	3
294	3
295	3
296	3
297	3
298	3
299	3
300	3
301	3
302	9
303	9
304	9
305	9
306	13
307	8
308	8
309	13
310	8
311	13
312	8
313	8
314	8
316	4
317	4
318	4
319	4
320	4
321	4
322	4
323	4
324	4
325	4
326	4
327	4
328	4
329	4
330	4
331	8
332	13
333	8
334	8
335	13
336	13
337	4
338	4
339	4
340	13
341	13
342	8
343	8
344	8
345	8
346	8
347	8
348	13
349	8
350	8
351	8
352	8
353	8
354	8
355	8
356	2
357	2
358	2
359	2
360	2
361	2
362	13
363	2
364	2
365	2
366	2
367	2
368	13
369	8
370	8
371	8
372	8
373	13
374	8
375	8
376	8
377	8
378	8
379	8
380	8
381	8
382	8
383	8
384	8
385	8
386	8
387	8
388	8
389	4
390	4
391	4
392	4
393	4
394	8
395	8
396	13
397	8
398	4
399	4
400	4
401	4
402	4
403	1
404	1
405	1
406	1
407	1
408	1
409	4
410	5
411	4
412	4
413	5
414	5
415	5
416	4
417	5
418	4
419	4
420	5
421	5
422	5
423	4
424	5
425	10
426	10
427	10
428	10
429	10
430	10
431	10
432	10
433	4
434	5
435	5
436	4
437	5
438	5
439	4
440	5
441	5
442	4
443	5
444	5
445	4
446	10
447	10
448	10
449	10
450	10
451	5
452	4
453	5
454	10
455	10
456	10
457	5
458	4
459	5
460	5
461	5
462	5
463	10
464	10
465	10
466	10
467	10
468	10
469	10
470	10
471	10
472	10
473	5
474	4
475	3
476	3
477	10
478	10
479	10
480	10
481	10
482	10
483	10
484	1
485	1
486	10
487	10
488	10
489	3
490	3
491	3
492	3
493	3
494	3
495	10
496	10
497	10
498	1
499	10
500	10
501	10
502	1
503	10
504	10
505	10
506	1
507	1
508	1
509	1
510	1
511	1
512	1
513	1
514	1
515	1
516	1
517	1
518	1
519	1
520	1
521	1
522	11
523	11
524	11
525	11
526	5
527	5
528	13
529	13
530	11
531	13
532	13
533	11
534	11
535	13
536	13
537	13
538	9
539	5
540	9
541	9
542	5
543	9
544	9
545	9
546	9
547	5
548	9
549	9
550	9
551	9
552	9
553	9
554	9
555	9
556	9
557	9
558	9
559	3
560	3
561	3
562	3
563	3
564	3
565	9
566	5
567	9
568	9
569	9
570	2
571	2
572	2
573	2
574	2
575	2
576	2
577	2
578	2
579	2
580	2
581	9
582	9
583	5
584	5
585	5
586	9
587	1
588	1
589	1
590	1
591	1
592	1
593	1
594	1
595	1
596	1
597	1
598	1
599	1
600	1
601	1
602	1
603	9
604	9
605	9
606	9
607	9
608	9
609	9
610	9
611	9
612	9
613	9
614	9
615	9
616	9
617	1
618	1
619	1
620	1
621	1
622	1
623	1
624	1
625	1
626	1
627	1
628	1
629	1
630	1
631	1
632	1
633	1
634	1
635	1
636	1
637	1
638	1
639	9
640	9
641	9
642	9
643	9
644	9
645	9
646	9
647	9
648	9
649	9
650	9
651	9
652	9
653	9
654	9
655	9
656	9
657	3
658	3
659	3
660	3
661	5
662	5
663	5
664	5
665	5
666	5
667	5
668	5
669	5
670	1
671	1
672	1
673	10
674	1
675	1
676	10
677	1
678	1
679	1
680	5
681	5
682	5
683	5
684	5
685	5
686	5
687	5
688	5
689	5
690	5
691	5
692	5
693	5
694	5
695	5
696	5
697	1
698	10
699	1
700	1
701	1
702	1
703	1
704	1
705	1
706	10
707	1
708	1
709	10
710	1
711	1
712	1
713	1
714	5
715	5
716	3
717	3
718	1
719	1
720	10
721	3
722	3
723	3
724	3
725	3
726	3
727	3
728	3
729	3
730	3
731	3
732	4
733	4
734	4
735	4
736	4
737	10
738	10
739	10
740	10
741	10
742	10
743	3
744	3
745	4
746	4
747	4
748	4
749	4
750	4
751	4
752	4
753	4
754	4
755	4
756	4
757	4
758	4
759	4
760	4
761	4
762	4
763	4
764	4
765	4
766	3
767	10
768	3
769	10
770	4
771	4
772	3
773	3
774	3
775	10
776	3
777	3
778	10
779	10
780	3
781	10
782	3
783	10
784	10
785	6
786	3
787	3
788	3
789	3
790	3
791	6
792	6
793	6
794	6
795	6
796	6
797	6
798	6
799	6
800	6
801	3
802	3
803	3
804	3
805	6
806	6
807	6
808	3
809	3
810	10
811	7
812	7
813	7
814	7
815	7
816	13
817	7
818	7
819	7
820	7
821	7
822	7
823	7
824	7
825	13
826	7
827	13
828	13
829	7
830	7
831	7
832	7
833	13
834	7
835	7
836	7
837	7
838	7
839	13
840	7
841	7
842	7
843	7
844	7
845	7
846	7
847	7
848	13
849	13
850	7
851	7
852	7
853	7
854	7
855	7
856	7
857	7
858	9
859	9
860	9
861	9
862	9
863	9
864	9
865	9
866	9
867	9
868	9
869	9
870	9
871	7
872	7
873	13
874	7
875	7
876	7
877	7
878	7
879	7
880	13
881	7
882	7
883	7
884	7
885	7
886	7
887	7
888	7
889	7
890	7
891	13
892	7
893	7
894	7
895	7
896	7
897	7
898	7
899	7
900	7
901	7
902	7
903	7
904	7
905	7
906	13
907	7
908	7
909	13
910	7
911	7
912	7
913	13
914	7
915	7
916	13
917	7
918	7
919	13
920	7
921	7
922	7
923	7
924	13
925	7
926	7
927	7
928	7
929	7
930	7
931	7
932	7
933	7
934	13
935	7
936	7
937	7
938	7
939	13
940	13
941	13
942	7
943	13
944	7
945	7
946	7
947	7
948	7
949	7
950	13
951	7
952	7
953	13
954	7
955	13
956	7
957	7
958	7
959	7
960	13
961	7
962	7
963	7
964	7
965	7
966	13
967	13
968	13
969	7
970	13
971	7
972	7
973	7
974	7
975	7
976	7
977	7
978	13
979	13
980	13
981	13
982	7
983	7
984	7
985	10
986	10
987	10
988	10
989	10
990	10
991	10
992	10
993	10
994	10
995	10
996	10
997	10
998	10
999	10
1000	10
1001	10
1002	10
1003	10
1004	10
1005	10
1006	10
1007	4
1008	7
1009	10
1010	7
1011	7
1012	7
1013	7
1014	7
1015	7
1016	7
1017	4
1018	7
1019	7
1020	4
1021	4
1022	4
1023	7
1024	7
1025	4
1026	4
1027	4
1028	7
1029	7
1030	7
1031	7
1032	4
1033	7
1034	4
1035	4
1036	4
1037	4
1038	4
1039	7
1040	4
1041	4
1042	4
1043	4
1044	7
1045	7
1046	4
1047	4
1048	7
1049	7
1050	4
1051	7
1052	7
1053	4
1054	4
1055	4
1056	4
1057	4
1058	4
1059	7
1060	4
1061	7
1062	7
1063	4
1064	4
1065	4
1066	4
1067	4
1068	4
1069	7
1070	4
1071	7
1072	7
1073	7
1074	7
1075	9
1076	9
1077	9
1078	9
1079	9
1080	9
1081	9
1082	9
1083	9
1084	9
1085	9
1086	9
1087	3
1088	3
1089	3
1090	3
1091	3
1092	3
1093	3
1094	1
1095	1
1096	1
1097	1
1098	1
1099	1
1100	1
1101	1
1102	1
1103	1
1104	1
1105	1
1106	1
1107	13
1108	13
1109	13
1110	13
1111	13
1112	13
1113	13
1114	13
1115	13
1116	13
1117	13
1118	13
1119	13
1120	13
1121	13
1122	13
1123	13
1124	13
1125	13
1126	13
1127	13
1128	13
1129	13
1130	13
1131	13
1132	13
1133	13
1134	13
1135	13
1136	13
1137	13
1138	13
1139	13
1140	13
1141	13
1142	13
1143	13
1144	13
1145	13
1146	13
1147	13
1148	13
1149	13
1150	13
1151	13
1152	13
1153	13
1154	6
1155	6
1156	6
1157	6
1158	6
1159	6
1160	6
1161	6
1162	6
1163	6
1164	6
1165	6
1166	6
1167	6
1168	6
1169	7
1170	4
1171	7
1172	7
1173	7
1174	4
1175	4
1176	7
1177	7
1178	7
1179	7
1180	7
1181	7
1182	7
1183	7
1184	7
1185	7
1186	7
1187	7
1188	7
1189	7
1190	7
1191	4
1192	7
1193	7
1194	7
1195	7
1196	4
1197	7
1198	4
1199	7
1200	13
1201	13
1202	13
1203	13
1204	11
1205	13
1206	13
1207	13
1208	11
1209	13
1210	13
1211	13
1212	13
1213	11
1214	13
1215	13
1216	13
1217	11
1218	13
1219	13
1220	13
1221	13
1222	13
1223	13
1224	11
1225	13
1226	13
1227	11
1228	11
1229	13
1230	13
1231	13
1232	13
1233	13
1234	13
1235	11
1236	13
1237	13
1238	13
1239	11
1240	1
1241	1
1242	1
1243	1
1244	1
1245	1
1246	1
1247	1
1248	1
1249	1
1250	1
1251	1
1252	1
1253	9
1254	9
1255	9
1256	9
1257	9
1258	1
1259	1
1260	1
1261	1
1262	1
1263	1
1264	9
1265	9
1266	9
1267	9
1268	9
1269	9
1270	9
1271	9
1272	9
1273	9
1274	9
1275	9
1276	9
1277	9
1278	6
1279	6
1280	6
1281	1
1282	1
1283	1
1284	9
1285	9
1286	9
1287	9
1288	6
1289	6
1290	6
1291	6
1292	6
1293	6
1294	6
1295	6
1296	6
1297	6
1298	6
1299	6
1300	6
1301	6
1302	6
1303	9
1304	9
1305	9
1306	9
1307	9
1308	9
1309	9
1310	9
1311	9
1312	9
1313	9
1314	13
1315	13
1316	13
1317	13
1318	13
1319	13
1320	13
1321	13
1322	13
1323	13
1324	13
1325	13
1326	13
1327	13
1328	13
1329	13
1330	13
1331	13
1332	13
1333	13
1334	13
1335	13
1336	13
1337	13
1338	13
1339	13
1340	13
1341	13
1342	13
1343	13
1344	13
1345	13
1346	9
1347	5
1348	5
1349	5
1350	9
1351	9
1352	9
1353	9
1354	9
1355	5
1356	9
1357	5
1358	5
1359	5
1360	9
1361	9
1362	9
1363	13
1364	13
1365	13
1366	13
1367	13
1368	13
1369	13
1370	13
1371	13
1372	13
1373	13
1374	13
1375	13
1376	13
1377	13
1378	13
1379	13
1380	13
1381	6
1382	6
1383	6
1384	6
1385	6
1386	6
1387	6
1388	6
1389	6
1390	6
1391	6
1392	6
1393	6
1394	6
1395	6
1396	6
1397	5
1398	9
1399	5
1400	5
1401	5
1402	5
1403	9
1404	5
1405	9
1406	9
1407	5
1408	9
1409	5
1410	5
1411	9
1412	9
1413	5
1414	5
1415	5
1416	5
1417	5
1418	5
1419	5
1420	5
1421	5
1422	5
1423	5
1424	5
1425	5
1426	5
1427	5
1428	11
1429	11
1430	11
1431	11
1432	11
1433	11
1434	11
1435	11
1436	11
1437	11
1438	11
1439	11
1440	11
1441	4
1442	4
1443	4
1444	4
1445	4
1446	4
1447	4
1448	4
1449	4
1450	4
1451	4
1452	4
1453	4
1454	4
1455	11
1456	11
1457	11
1458	11
1459	11
1460	11
1461	11
1462	11
1463	11
1464	11
1465	1
1466	1
1467	1
1468	1
1469	1
1470	1
1471	1
1472	1
1473	1
1474	1
1475	1
1476	1
1477	1
1478	1
1479	1
1480	1
1481	1
1482	1
1483	1
1484	1
1485	1
1486	1
1487	1
1488	1
1489	4
1490	4
1491	4
1492	4
1493	4
1494	4
1495	4
1496	4
1497	4
1498	4
1499	4
1500	4
1501	5
1502	5
1503	5
1504	5
1505	5
1506	5
1507	5
1508	5
1509	5
1510	5
1511	5
1512	5
1513	5
1514	5
1515	5
1516	5
1517	5
1518	5
1519	5
1520	5
1521	5
1522	5
1523	5
1524	5
1525	5
1526	5
1527	5
1528	5
1529	10
1530	10
1531	10
1532	10
1533	10
1534	10
1535	10
1536	10
1537	10
1538	10
1539	10
1540	10
1541	10
1542	10
1543	10
1544	10
1545	10
1546	10
1547	10
1548	10
1549	10
1550	10
1551	10
1552	2
1553	2
1554	13
1555	13
1556	13
1557	2
1558	2
1559	2
1560	2
1561	2
1562	13
1563	2
1564	2
1565	2
1566	2
1567	2
1568	2
1569	2
1570	2
1571	2
1572	2
1573	2
1574	2
1575	2
1576	4
1577	4
1578	4
1579	4
1580	4
1581	4
1582	4
1583	4
1584	4
1585	4
1586	4
1587	4
1588	4
1589	4
1590	4
1591	4
1592	4
1593	9
1594	9
1595	9
1596	9
1597	9
1598	9
1599	9
1600	9
1601	9
1602	2
1603	2
1604	2
1605	2
1606	2
1607	2
1608	2
1609	2
1610	2
1611	2
1612	2
1613	2
1614	2
1615	2
1616	2
1617	2
1618	1
1619	1
1620	1
1621	1
1622	1
1623	1
1624	1
1625	1
1626	1
1627	1
1628	1
1629	11
1630	4
1631	11
1632	4
1633	11
1634	11
1635	11
1636	11
1637	11
1638	11
1639	11
1640	11
1641	11
1642	11
1643	11
1644	1
1645	1
1646	1
1647	1
1648	1
1649	11
1650	11
1651	11
1652	11
1653	11
1654	11
1655	11
1656	11
1658	11
1659	11
1660	11
1661	11
1662	11
1663	11
1664	11
1665	11
1666	4
1667	4
1668	4
1669	11
1670	11
1671	11
1672	11
1673	1
1674	11
1675	11
1676	11
1677	1
1678	3
1679	3
1680	3
1681	3
1682	3
1683	3
1684	3
1685	4
1686	4
1687	4
1688	4
1689	4
1690	4
1691	4
1692	4
1693	4
1694	4
1695	4
1696	4
1697	4
1698	4
1699	4
1700	4
1701	4
1702	4
1703	11
1704	11
1705	4
1706	4
1707	4
1708	4
1709	4
1710	4
1711	4
1712	4
1713	1
1714	1
1715	1
1716	1
1717	1
1718	1
1719	1
1720	1
1721	1
1722	1
1723	1
1724	1
1725	4
1726	4
1727	4
1728	1
1729	4
1730	4
1731	4
1732	4
1733	4
1734	4
1735	4
1736	4
1737	4
1738	4
1739	4
1740	4
1741	4
1742	5
1743	5
1744	5
1745	5
1746	5
1747	5
1748	5
1749	5
1750	5
1751	5
1752	5
1753	5
1754	5
1755	5
1756	5
1757	1
1758	1
1759	1
1760	1
1761	5
1762	5
1763	5
1764	12
1765	5
1766	5
1767	12
1768	5
1769	5
1770	5
1771	5
1772	5
1773	5
1774	1
1775	1
1776	1
1777	1
1778	1
1779	1
1780	1
1781	1
1782	1
1783	1
1784	1
1785	1
1786	1
1787	5
1788	5
1789	5
1790	5
1791	5
1792	5
1793	5
1794	5
1795	1
1796	1
1797	1
1798	1
1799	5
1800	5
1801	5
1802	5
1803	5
1804	5
1805	5
1806	5
1807	5
1808	5
1809	11
1810	11
1811	11
1812	11
1813	11
1814	11
1815	11
1816	11
1817	11
1818	11
1819	11
1820	11
1821	11
1822	11
1823	11
1824	11
1825	11
1826	11
1827	11
1828	11
1829	11
1830	3
1831	3
1832	3
1833	3
1834	3
1835	11
1836	11
1837	3
1838	11
1839	11
1840	2
1841	2
1842	2
1843	2
1844	2
1845	11
1846	11
1847	11
1848	11
1849	11
1850	11
1851	11
1852	11
1853	11
1854	11
1855	11
1856	11
1857	3
1858	3
1859	3
1860	3
1861	3
1862	3
1863	11
1864	11
1865	11
1866	11
1867	11
1868	11
1869	11
1870	11
1871	11
1872	3
1873	3
1874	3
1875	3
1876	3
1877	3
1878	3
1879	3
1880	3
1881	3
1882	3
1883	3
1884	3
1885	3
1886	3
1887	3
1888	3
1889	3
1890	3
1891	3
1892	3
1893	3
1894	3
1895	9
1896	9
1897	5
1898	13
1899	13
1900	13
1901	13
1902	13
1903	13
1904	9
1905	9
1906	9
1907	9
1908	9
1909	9
1910	9
1911	9
1912	9
1913	9
1914	9
1915	9
1916	13
1917	13
1918	13
1919	13
1920	13
1921	13
1922	13
1923	13
1924	5
1925	5
1926	9
1927	9
1928	5
1929	9
1930	5
1931	9
1932	9
1933	9
1934	9
1935	9
1936	9
1937	5
1938	9
1939	9
1940	5
1941	9
1942	9
1943	9
1944	9
1945	9
1946	9
1947	9
1948	9
1949	9
1950	9
1951	5
1952	5
1953	9
1954	9
1955	9
1956	9
1957	9
1958	9
1959	5
1960	9
1961	9
1962	9
1963	9
1964	9
1965	5
1966	9
1967	9
1968	9
1969	9
1970	9
1971	9
1972	9
1973	9
1974	9
1975	9
1976	2
1977	2
1978	2
1979	10
1980	2
1981	10
1982	10
1983	2
1984	10
1985	10
1986	10
1987	2
1988	2
1989	2
1990	2
1991	10
1992	2
1993	2
1994	2
1995	10
1996	2
1997	2
1998	2
1999	2
2000	2
2001	2
2002	2
2003	2
2004	2
2005	2
2006	2
2007	2
2008	2
2009	10
2010	2
2011	10
2012	10
2013	2
2014	2
2015	2
2016	2
2017	3
2018	3
2019	3
2020	3
2021	3
2022	3
2023	3
2024	10
2025	3
2026	3
2027	3
2028	3
2029	3
2030	10
2031	10
2032	10
2033	10
2034	10
2035	10
2036	10
2037	3
2038	3
2039	3
2040	3
2041	3
2042	3
2043	3
2044	3
2045	3
2046	10
2047	10
2048	3
2049	3
2050	3
2051	10
2052	10
2053	3
2054	3
2055	10
2056	3
2057	10
2058	2
2059	2
2060	2
2061	2
2062	2
2063	2
2064	2
2065	2
2066	2
2067	2
2068	3
2069	3
2070	3
2071	3
2072	3
2073	1
2074	3
2075	3
2076	3
2077	1
2078	1
2079	3
2080	1
2081	3
2082	3
2083	3
2084	3
2085	3
2086	3
2087	3
2088	3
2089	4
2090	4
2091	4
2092	4
2093	4
2094	4
2095	4
2096	5
2097	5
2098	5
2099	5
2100	5
2101	5
2102	5
2103	5
2104	5
2105	5
2106	5
2107	5
2108	5
2109	5
2110	5
2111	5
2112	5
2113	12
2114	12
2115	12
2116	12
2117	12
2118	11
2119	11
2120	12
2121	12
2122	12
2123	11
2124	3
2125	12
2126	12
2127	12
2128	12
2129	12
2130	12
2131	12
2132	12
2133	11
2134	12
2135	12
2136	12
2137	11
2138	11
2139	12
2140	11
2141	12
2142	12
2143	12
2144	12
2145	12
2146	11
2147	11
2148	12
2149	12
2150	12
2151	12
2152	12
2153	12
2154	12
2155	12
2156	12
2157	12
2158	12
2159	12
2160	12
2161	12
2162	12
2163	12
2164	12
2165	11
2166	12
2167	12
2168	12
2169	12
2170	12
2171	12
2172	12
2173	12
2174	11
2175	11
2176	11
2177	11
2178	12
2179	12
2180	11
2181	11
2182	12
2183	12
2184	12
2185	12
2186	12
2187	12
2188	11
2189	12
2190	12
2191	12
2192	12
2193	12
2194	12
2195	12
2196	11
2197	11
2198	12
2199	11
2200	12
2201	12
2202	12
2203	12
2204	12
2205	12
2206	12
2207	12
2208	12
2209	12
2210	12
2211	12
2212	12
2213	12
2214	12
2215	11
2216	11
2217	12
2218	12
2219	12
2220	12
2221	12
2222	12
2223	11
2224	12
2225	12
2226	12
2227	12
2228	12
2229	12
2230	11
2231	12
2232	12
2233	11
2234	11
2235	12
2236	12
2237	11
2238	11
2239	12
2240	12
2241	12
2242	11
2243	11
2244	12
2245	11
2246	12
2247	11
2248	11
2249	12
2250	12
2251	12
2252	12
2253	11
2254	11
2255	12
2256	11
2257	12
2258	12
2259	12
2260	12
2261	11
2262	12
2263	12
2264	12
2265	12
2266	12
2267	12
2268	12
2269	11
2270	12
2271	12
2272	12
2273	12
2274	12
2275	12
2276	12
2277	11
2278	12
2279	12
2280	12
2281	12
2282	12
2283	11
2284	3
2285	3
2286	12
2287	12
2288	12
2289	12
2290	12
2291	12
2292	12
2293	12
2294	12
2295	12
2296	12
2297	12
2298	11
2299	11
2300	11
2301	12
2302	11
2303	12
2304	11
2305	12
2306	12
2307	12
2308	12
2309	3
2310	3
2311	3
2312	7
2313	7
2314	7
2315	7
2316	7
2317	7
2318	7
2319	7
2320	7
2321	7
2322	7
2323	7
2324	7
2325	7
2326	7
2327	7
2328	7
2329	7
2330	9
2331	9
2332	9
2333	9
2334	9
2335	9
2336	9
2337	9
2338	9
2339	9
2340	9
2341	9
2342	9
2343	9
2344	9
2345	9
2346	7
2347	7
2348	7
2349	7
2350	7
2351	7
2352	7
2353	7
2354	7
2355	7
2356	7
2357	7
2358	7
2359	7
2360	7
2361	7
2362	7
2363	7
2364	7
2365	7
2366	2
2367	12
2368	2
2369	12
2370	2
2371	2
2372	2
2373	2
2374	2
2375	2
2376	2
2377	2
2378	2
2379	2
2380	2
2381	2
2382	2
2383	2
2384	2
2385	2
2386	2
2387	2
2388	2
2389	2
2390	2
2391	2
2392	2
2393	2
2394	2
2395	2
2396	2
2397	2
2398	2
2399	2
2400	2
2401	2
2402	2
2403	2
2404	2
2405	2
2406	2
2407	2
2408	2
2409	2
2410	2
2411	2
2412	2
2413	2
2414	2
2415	8
2416	8
2417	8
2418	8
2419	8
2420	8
2421	8
2422	6
2423	8
2424	6
2425	8
2426	6
2427	8
2428	8
2429	6
2430	6
2431	6
2432	6
2433	8
2434	6
2435	6
2436	6
2437	6
2438	6
2439	6
2440	6
2441	6
2442	6
2443	6
2444	8
2445	6
2446	6
2447	8
2448	8
2449	8
2450	8
2451	8
2452	8
2453	8
2454	8
2455	8
2456	8
2457	8
2458	8
2459	8
2460	8
2461	6
2462	8
2463	8
2464	8
2465	6
2466	8
2467	8
2468	8
2469	8
2470	8
2471	8
2472	8
2473	8
2474	8
2475	8
2476	8
2477	8
2478	8
2479	8
2480	8
2481	8
2482	8
2483	8
2484	8
2485	8
2486	8
2487	8
2488	8
2489	8
2490	8
2491	8
2492	8
2493	8
2494	8
2495	8
2496	6
2497	6
2498	6
2499	6
2500	8
2501	8
2502	6
2503	6
2504	6
2505	6
2506	6
2507	6
2508	6
2509	6
2510	6
2511	6
2512	6
2513	6
2514	6
2515	8
2516	8
2517	8
2518	8
2519	8
2520	8
2521	8
2522	8
2523	6
2524	6
2525	8
2526	8
2527	8
2528	6
2529	6
2530	6
2531	6
2532	6
2533	6
2534	6
2535	6
2536	6
2537	6
2538	6
2539	8
2540	6
2541	8
2542	6
2543	6
2544	8
2545	8
2546	8
2547	6
2548	6
2549	6
2550	8
2551	8
2552	8
2553	6
2554	8
2555	8
2556	8
2557	8
2558	6
2559	6
2560	6
2561	6
2562	6
2563	6
2564	6
2565	6
2566	6
2567	6
2568	8
2569	6
2570	6
2571	6
2572	6
2573	6
2574	6
2575	8
2576	8
2577	8
2578	8
2579	8
2580	8
2581	6
2582	8
2583	8
2584	8
2585	8
2586	8
2587	6
2588	6
2589	6
2590	6
2591	6
2592	6
2593	6
2594	8
2595	8
2596	8
2597	8
2598	8
2599	8
2600	8
2601	8
2602	6
2603	8
2604	6
2605	8
2606	3
2607	3
2608	3
2609	3
2610	3
2611	3
2612	3
2613	3
2614	3
2615	3
2616	3
2617	3
2618	3
2619	3
2620	3
2621	3
2622	3
2623	3
2624	3
2625	3
2626	3
2627	3
2628	3
2629	3
2630	3
2631	3
2632	3
2633	3
2634	3
2635	3
2636	3
2637	3
2638	3
2639	3
2640	10
2641	10
2642	10
2643	10
2644	10
2645	10
2646	10
2647	10
2648	10
2649	10
2650	10
2651	10
2652	10
2653	10
2654	10
2655	10
2656	10
2657	10
2658	10
2659	10
2660	2
2661	10
2662	10
2663	10
2664	10
2665	2
2666	10
2667	10
2668	10
2669	2
2670	10
2671	10
2672	10
2673	10
2674	10
2675	10
2676	10
2677	10
2678	10
2679	10
2680	10
2681	10
2682	10
2683	2
2684	2
2685	10
2686	10
2687	10
2688	9
2689	9
2690	9
2691	9
315	4
1657	11
