0	6
1	6
2	6
3	6
4	6
5	6
6	6
7	5
8	5
9	5
10	5
11	5
12	5
13	5
14	5
15	5
16	5
17	5
18	5
19	5
20	5
21	9
22	9
23	9
24	9
25	9
26	9
27	9
28	9
29	12
30	6
31	12
32	12
33	6
34	12
35	12
36	12
37	12
38	12
39	12
40	12
41	6
42	12
43	12
44	12
45	12
46	12
47	12
48	12
49	12
50	12
51	12
52	12
53	10
54	10
55	10
56	10
57	10
58	12
59	12
60	12
61	12
62	12
63	12
64	12
65	10
66	10
67	10
68	10
69	10
70	10
71	9
72	9
73	9
74	9
75	12
76	12
77	12
78	12
79	12
80	12
81	12
82	12
83	7
84	7
85	7
86	2
87	2
88	2
89	7
90	7
91	7
92	7
93	7
94	7
95	7
96	5
97	5
98	5
99	5
100	5
101	5
102	5
103	5
104	5
105	5
106	5
107	5
108	5
109	5
110	5
111	5
112	5
113	5
114	5
115	5
116	5
117	5
118	5
119	5
120	5
121	5
122	5
123	5
124	5
125	5
126	5
127	5
128	5
129	2
130	4
131	4
132	4
133	2
134	4
135	4
136	4
137	4
138	2
139	4
140	4
141	2
142	2
143	4
144	4
145	2
146	4
147	2
148	2
149	2
150	2
151	2
152	2
153	2
154	4
155	4
156	4
157	2
158	2
159	2
160	2
161	2
162	2
163	2
164	2
165	2
166	7
167	7
168	7
169	7
170	7
171	7
172	7
173	7
174	7
175	7
176	7
177	7
178	7
179	7
180	7
181	7
182	7
183	12
184	12
185	12
186	12
187	12
188	12
189	12
190	12
191	12
192	12
193	12
194	12
195	12
196	12
197	12
198	12
199	12
200	12
201	12
202	12
203	12
204	12
205	12
206	12
207	12
208	10
209	10
210	10
211	10
212	10
213	10
214	10
215	10
216	10
217	10
218	10
219	9
220	10
221	10
222	10
223	10
224	10
225	10
226	9
227	9
228	9
229	9
230	9
231	9
232	9
233	9
234	9
235	9
236	10
237	10
238	10
239	10
240	10
241	9
242	9
243	10
244	10
245	10
246	9
247	9
248	12
249	12
250	12
251	12
252	12
253	12
254	12
255	12
256	12
257	12
258	12
259	12
260	12
261	9
262	9
263	9
264	9
265	9
266	9
267	9
268	13
269	13
270	13
271	9
272	9
273	9
274	9
275	9
276	9
277	9
278	13
279	13
280	13
281	13
282	13
283	13
284	13
285	13
286	13
287	13
288	13
289	13
290	13
291	13
292	13
293	13
294	13
295	13
296	13
297	13
298	13
299	13
300	13
301	13
302	12
303	12
304	12
305	12
306	2
307	2
308	8
309	2
310	2
311	2
312	8
313	8
314	2
316	1
317	1
318	1
319	1
320	1
321	1
322	1
323	1
324	1
325	1
326	1
327	1
328	1
329	1
330	1
331	8
332	8
333	8
334	2
335	8
336	2
337	1
338	1
339	1
340	8
341	8
342	2
343	2
344	8
345	8
346	8
347	8
348	8
349	8
350	2
351	8
352	2
353	2
354	2
355	2
356	2
357	2
358	2
359	2
360	2
361	2
362	2
363	2
364	2
365	2
366	2
367	2
368	2
369	2
370	8
371	2
372	2
373	2
374	2
375	2
376	2
377	2
378	2
379	2
380	2
381	2
382	2
383	8
384	8
385	8
386	2
387	8
388	8
389	1
390	1
391	1
392	1
393	1
394	2
395	2
396	8
397	2
398	1
399	1
400	1
401	1
402	1
403	10
404	10
405	10
406	10
407	10
408	10
409	6
410	6
411	6
412	6
413	6
414	6
415	6
416	6
417	6
418	6
419	6
420	6
421	6
422	6
423	6
424	6
425	7
426	7
427	7
428	7
429	7
430	7
431	7
432	7
433	6
434	6
435	6
436	6
437	6
438	6
439	6
440	6
441	6
442	6
443	6
444	6
445	6
446	7
447	7
448	7
449	7
450	7
451	6
452	6
453	6
454	7
455	7
456	7
457	6
458	6
459	6
460	6
461	6
462	6
463	7
464	7
465	7
466	7
467	7
468	7
469	7
470	7
471	7
472	7
473	6
474	6
475	13
476	13
477	13
478	13
479	13
480	13
481	13
482	13
483	13
484	10
485	10
486	13
487	13
488	13
489	13
490	13
491	13
492	13
493	13
494	13
495	13
496	13
497	13
498	10
499	13
500	13
501	13
502	10
503	13
504	13
505	13
506	10
507	10
508	10
509	10
510	10
511	10
512	10
513	10
514	10
515	10
516	10
517	10
518	10
519	10
520	10
521	10
522	3
523	3
524	3
525	3
526	12
527	12
528	3
529	3
530	3
531	3
532	3
533	3
534	3
535	3
536	3
537	3
538	12
539	12
540	12
541	12
542	12
543	12
544	12
545	12
546	12
547	12
548	12
549	12
550	12
551	12
552	12
553	12
554	12
555	12
556	12
557	12
558	12
559	9
560	9
561	9
562	9
563	9
564	9
565	12
566	12
567	12
568	12
569	12
570	3
571	3
572	3
573	3
574	3
575	3
576	3
577	3
578	3
579	3
580	3
581	12
582	12
583	12
584	12
585	12
586	12
587	9
588	9
589	9
590	9
591	9
592	9
593	9
594	9
595	9
596	13
597	9
598	13
599	9
600	9
601	9
602	9
603	12
604	12
605	12
606	12
607	12
608	12
609	12
610	12
611	12
612	12
613	12
614	12
615	12
616	12
617	9
618	9
619	9
620	13
621	13
622	13
623	13
624	13
625	13
626	9
627	13
628	9
629	9
630	9
631	9
632	9
633	9
634	13
635	9
636	9
637	9
638	13
639	12
640	12
641	12
642	12
643	12
644	12
645	12
646	12
647	12
648	12
649	12
650	12
651	12
652	12
653	12
654	12
655	12
656	12
657	13
658	13
659	13
660	13
661	6
662	6
663	6
664	6
665	6
666	6
667	6
668	6
669	6
670	9
671	9
672	9
673	9
674	9
675	9
676	9
677	9
678	9
679	9
680	6
681	6
682	6
683	6
684	6
685	6
686	6
687	6
688	6
689	6
690	6
691	6
692	6
693	6
694	6
695	6
696	6
697	9
698	9
699	9
700	9
701	9
702	9
703	9
704	9
705	9
706	9
707	9
708	9
709	9
710	9
711	9
712	9
713	9
714	6
715	6
716	9
717	9
718	9
719	9
720	9
721	9
722	9
723	9
724	9
725	9
726	9
727	9
728	9
729	9
730	9
731	9
732	1
733	1
734	1
735	6
736	6
737	13
738	7
739	7
740	13
741	13
742	13
743	13
744	13
745	1
746	1
747	1
748	6
749	6
750	6
751	1
752	1
753	1
754	1
755	1
756	6
757	6
758	6
759	1
760	1
761	1
762	6
763	6
764	6
765	6
766	13
767	7
768	13
769	13
770	6
771	6
772	13
773	13
774	13
775	13
776	13
777	13
778	13
779	13
780	13
781	13
782	13
783	13
784	13
785	10
786	13
787	13
788	13
789	13
790	13
791	10
792	10
793	10
794	10
795	10
796	10
797	10
798	10
799	10
800	10
801	13
802	13
803	13
804	13
805	10
806	10
807	10
808	13
809	13
810	13
811	1
812	10
813	10
814	1
815	10
816	10
817	10
818	10
819	10
820	10
821	1
822	10
823	1
824	10
825	10
826	10
827	10
828	10
829	1
830	1
831	1
832	10
833	10
834	1
835	1
836	1
837	1
838	10
839	10
840	1
841	10
842	1
843	1
844	1
845	10
846	10
847	10
848	10
849	10
850	10
851	10
852	1
853	1
854	1
855	10
856	10
857	10
858	12
859	12
860	12
861	12
862	12
863	12
864	12
865	12
866	12
867	12
868	12
869	12
870	12
871	1
872	1
873	10
874	10
875	1
876	10
877	10
878	10
879	10
880	10
881	1
882	10
883	1
884	10
885	1
886	10
887	10
888	1
889	10
890	10
891	10
892	10
893	1
894	1
895	1
896	1
897	10
898	10
899	10
900	10
901	10
902	1
903	1
904	10
905	1
906	10
907	10
908	1
909	10
910	10
911	10
912	10
913	10
914	1
915	1
916	10
917	10
918	10
919	10
920	10
921	10
922	10
923	10
924	10
925	1
926	10
927	1
928	1
929	10
930	1
931	1
932	10
933	10
934	10
935	1
936	10
937	10
938	10
939	10
940	10
941	10
942	1
943	10
944	10
945	10
946	10
947	1
948	1
949	1
950	10
951	10
952	10
953	10
954	10
955	10
956	10
957	1
958	1
959	10
960	10
961	10
962	1
963	10
964	1
965	10
966	10
967	10
968	10
969	1
970	10
971	10
972	1
973	1
974	10
975	1
976	1
977	1
978	10
979	10
980	10
981	10
982	1
983	1
984	5
985	7
986	7
987	7
988	7
989	7
990	7
991	7
992	7
993	7
994	7
995	7
996	7
997	7
998	7
999	7
1000	7
1001	7
1002	7
1003	7
1004	7
1005	7
1006	7
1007	1
1008	1
1009	7
1010	5
1011	1
1012	5
1013	1
1014	1
1015	1
1016	1
1017	5
1018	5
1019	1
1020	1
1021	1
1022	1
1023	1
1024	1
1025	1
1026	1
1027	5
1028	1
1029	1
1030	1
1031	1
1032	1
1033	1
1034	1
1035	1
1036	1
1037	5
1038	1
1039	5
1040	1
1041	1
1042	5
1043	1
1044	1
1045	1
1046	1
1047	1
1048	5
1049	1
1050	1
1051	5
1052	1
1053	1
1054	1
1055	1
1056	5
1057	5
1058	1
1059	1
1060	1
1061	1
1062	1
1063	1
1064	1
1065	5
1066	5
1067	5
1068	1
1069	1
1070	5
1071	1
1072	1
1073	1
1074	1
1075	12
1076	12
1077	12
1078	12
1079	12
1080	12
1081	12
1082	12
1083	12
1084	12
1085	12
1086	12
1087	9
1088	9
1089	9
1090	9
1091	9
1092	9
1093	9
1094	9
1095	9
1096	9
1097	9
1098	9
1099	9
1100	9
1101	9
1102	9
1103	9
1104	9
1105	9
1106	9
1107	8
1108	8
1109	8
1110	8
1111	8
1112	8
1113	8
1114	8
1115	8
1116	8
1117	8
1118	8
1119	8
1120	8
1121	8
1122	8
1123	8
1124	8
1125	8
1126	8
1127	8
1128	8
1129	8
1130	8
1131	8
1132	8
1133	8
1134	8
1135	8
1136	8
1137	8
1138	8
1139	8
1140	8
1141	8
1142	8
1143	8
1144	8
1145	8
1146	8
1147	8
1148	8
1149	8
1150	8
1151	8
1152	8
1153	8
1154	10
1155	10
1156	10
1157	10
1158	10
1159	10
1160	10
1161	10
1162	10
1163	10
1164	10
1165	10
1166	10
1167	10
1168	10
1169	1
1170	5
1171	5
1172	1
1173	1
1174	1
1175	5
1176	1
1177	1
1178	1
1179	1
1180	5
1181	1
1182	1
1183	1
1184	5
1185	1
1186	1
1187	1
1188	1
1189	1
1190	5
1191	1
1192	5
1193	1
1194	5
1195	1
1196	5
1197	1
1198	5
1199	1
1200	8
1201	8
1202	8
1203	8
1204	8
1205	8
1206	8
1207	8
1208	8
1209	8
1210	8
1211	8
1212	8
1213	8
1214	8
1215	8
1216	8
1217	8
1218	8
1219	8
1220	8
1221	8
1222	8
1223	8
1224	8
1225	8
1226	8
1227	8
1228	8
1229	8
1230	8
1231	8
1232	8
1233	8
1234	8
1235	8
1236	8
1237	8
1238	8
1239	8
1240	13
1241	13
1242	9
1243	9
1244	9
1245	13
1246	9
1247	9
1248	9
1249	9
1250	9
1251	9
1252	9
1253	6
1254	6
1255	6
1256	6
1257	6
1258	9
1259	9
1260	9
1261	9
1262	9
1263	13
1264	6
1265	6
1266	6
1267	6
1268	6
1269	6
1270	6
1271	6
1272	6
1273	6
1274	6
1275	6
1276	6
1277	6
1278	10
1279	10
1280	10
1281	9
1282	13
1283	13
1284	6
1285	6
1286	6
1287	6
1288	4
1289	10
1290	10
1291	10
1292	4
1293	10
1294	4
1295	4
1296	10
1297	4
1298	10
1299	4
1300	10
1301	4
1302	4
1303	12
1304	12
1305	12
1306	12
1307	12
1308	12
1309	12
1310	12
1311	12
1312	12
1313	12
1314	8
1315	8
1316	8
1317	8
1318	8
1319	8
1320	8
1321	8
1322	8
1323	8
1324	8
1325	8
1326	8
1327	8
1328	8
1329	8
1330	8
1331	8
1332	8
1333	8
1334	8
1335	10
1336	8
1337	8
1338	8
1339	10
1340	8
1341	8
1342	10
1343	8
1344	8
1345	10
1346	12
1347	12
1348	12
1349	12
1350	12
1351	12
1352	12
1353	12
1354	12
1355	12
1356	12
1357	12
1358	12
1359	12
1360	12
1361	12
1362	12
1363	8
1364	8
1365	8
1366	8
1367	8
1368	8
1369	8
1370	8
1371	8
1372	8
1373	8
1374	8
1375	8
1376	8
1377	8
1378	8
1379	8
1380	8
1381	10
1382	10
1383	10
1384	10
1385	10
1386	10
1387	10
1388	10
1389	10
1390	10
1391	10
1392	10
1393	10
1394	10
1395	10
1396	10
1397	6
1398	12
1399	6
1400	6
1401	6
1402	6
1403	6
1404	6
1405	12
1406	6
1407	6
1408	6
1409	6
1410	6
1411	6
1412	6
1413	6
1414	6
1415	6
1416	6
1417	6
1418	6
1419	6
1420	6
1421	6
1422	6
1423	6
1424	6
1425	6
1426	6
1427	6
1428	3
1429	3
1430	3
1431	3
1432	3
1433	3
1434	3
1435	3
1436	3
1437	3
1438	3
1439	3
1440	3
1441	5
1442	5
1443	5
1444	5
1445	5
1446	5
1447	5
1448	5
1449	5
1450	5
1451	5
1452	5
1453	5
1454	5
1455	3
1456	3
1457	3
1458	3
1459	3
1460	3
1461	3
1462	3
1463	3
1464	3
1465	9
1466	9
1467	9
1468	9
1469	9
1470	9
1471	9
1472	9
1473	9
1474	9
1475	9
1476	9
1477	9
1478	9
1479	9
1480	9
1481	9
1482	9
1483	9
1484	9
1485	9
1486	9
1487	9
1488	9
1489	1
1490	1
1491	1
1492	1
1493	1
1494	1
1495	1
1496	1
1497	1
1498	1
1499	1
1500	1
1501	6
1502	6
1503	6
1504	6
1505	6
1506	6
1507	6
1508	6
1509	6
1510	6
1511	6
1512	6
1513	6
1514	6
1515	6
1516	6
1517	6
1518	6
1519	6
1520	6
1521	6
1522	6
1523	6
1524	6
1525	6
1526	6
1527	6
1528	6
1529	7
1530	7
1531	7
1532	7
1533	7
1534	7
1535	7
1536	7
1537	7
1538	7
1539	7
1540	7
1541	7
1542	7
1543	7
1544	7
1545	7
1546	7
1547	7
1548	7
1549	7
1550	7
1551	7
1552	2
1553	8
1554	8
1555	8
1556	8
1557	8
1558	8
1559	8
1560	8
1561	8
1562	8
1563	8
1564	8
1565	8
1566	8
1567	8
1568	8
1569	8
1570	8
1571	8
1572	8
1573	8
1574	8
1575	8
1576	1
1577	1
1578	1
1579	1
1580	1
1581	1
1582	1
1583	1
1584	1
1585	1
1586	1
1587	1
1588	1
1589	1
1590	1
1591	1
1592	1
1593	12
1594	12
1595	12
1596	12
1597	12
1598	12
1599	12
1600	12
1601	12
1602	3
1603	7
1604	3
1605	3
1606	3
1607	7
1608	3
1609	3
1610	3
1611	3
1612	3
1613	7
1614	7
1615	3
1616	3
1617	3
1618	10
1619	10
1620	9
1621	9
1622	9
1623	9
1624	10
1625	9
1626	9
1627	9
1628	9
1629	5
1630	5
1631	5
1632	5
1633	5
1634	5
1635	5
1636	5
1637	5
1638	5
1639	5
1640	5
1641	5
1642	5
1643	5
1644	9
1645	9
1646	9
1647	9
1648	9
1649	5
1650	5
1651	5
1652	5
1653	5
1654	5
1655	5
1656	5
1658	5
1659	5
1660	5
1661	5
1662	5
1663	5
1664	5
1665	5
1666	5
1667	5
1668	5
1669	5
1670	5
1671	5
1672	5
1673	9
1674	5
1675	5
1676	5
1677	9
1678	13
1679	13
1680	13
1681	13
1682	13
1683	13
1684	13
1685	6
1686	6
1687	6
1688	6
1689	6
1690	6
1691	6
1692	6
1693	6
1694	6
1695	6
1696	6
1697	6
1698	6
1699	6
1700	6
1701	5
1702	6
1703	11
1704	11
1705	5
1706	5
1707	6
1708	5
1709	5
1710	5
1711	6
1712	5
1713	9
1714	9
1715	9
1716	9
1717	9
1718	9
1719	9
1720	9
1721	9
1722	9
1723	9
1724	9
1725	6
1726	5
1727	6
1728	9
1729	6
1730	6
1731	5
1732	5
1733	6
1734	6
1735	5
1736	5
1737	6
1738	5
1739	5
1740	5
1741	5
1742	11
1743	11
1744	11
1745	11
1746	11
1747	11
1748	11
1749	11
1750	11
1751	11
1752	11
1753	11
1754	11
1755	11
1756	11
1757	10
1758	9
1759	10
1760	10
1761	11
1762	11
1763	11
1764	11
1765	11
1766	11
1767	11
1768	11
1769	11
1770	11
1771	11
1772	11
1773	11
1774	9
1775	9
1776	10
1777	9
1778	9
1779	9
1780	9
1781	9
1782	10
1783	10
1784	10
1785	9
1786	9
1787	11
1788	11
1789	11
1790	11
1791	11
1792	11
1793	11
1794	11
1795	9
1796	9
1797	9
1798	9
1799	11
1800	6
1801	11
1802	11
1803	11
1804	11
1805	11
1806	11
1807	11
1808	11
1809	5
1810	5
1811	5
1812	5
1813	5
1814	5
1815	5
1816	5
1817	5
1818	5
1819	5
1820	5
1821	5
1822	5
1823	5
1824	5
1825	5
1826	5
1827	5
1828	5
1829	5
1830	9
1831	9
1832	9
1833	9
1834	9
1835	5
1836	5
1837	9
1838	5
1839	5
1840	8
1841	8
1842	8
1843	8
1844	8
1845	5
1846	5
1847	5
1848	5
1849	5
1850	5
1851	5
1852	5
1853	5
1854	5
1855	5
1856	5
1857	9
1858	9
1859	9
1860	9
1861	9
1862	9
1863	5
1864	5
1865	5
1866	5
1867	5
1868	5
1869	5
1870	5
1871	5
1872	13
1873	13
1874	13
1875	13
1876	13
1877	13
1878	13
1879	13
1880	13
1881	13
1882	13
1883	13
1884	13
1885	13
1886	13
1887	13
1888	13
1889	13
1890	13
1891	13
1892	13
1893	13
1894	13
1895	12
1896	12
1897	12
1898	10
1899	10
1900	10
1901	10
1902	10
1903	10
1904	12
1905	12
1906	12
1907	12
1908	12
1909	12
1910	12
1911	12
1912	12
1913	12
1914	12
1915	12
1916	10
1917	10
1918	10
1919	10
1920	10
1921	10
1922	10
1923	10
1924	12
1925	12
1926	12
1927	12
1928	12
1929	12
1930	12
1931	12
1932	12
1933	12
1934	12
1935	12
1936	12
1937	12
1938	12
1939	12
1940	12
1941	12
1942	12
1943	12
1944	12
1945	12
1946	12
1947	12
1948	12
1949	12
1950	12
1951	12
1952	12
1953	12
1954	12
1955	12
1956	12
1957	12
1958	12
1959	12
1960	12
1961	12
1962	12
1963	12
1964	12
1965	12
1966	12
1967	12
1968	12
1969	12
1970	12
1971	12
1972	12
1973	12
1974	12
1975	12
1976	7
1977	7
1978	7
1979	7
1980	7
1981	7
1982	7
1983	7
1984	7
1985	7
1986	7
1987	7
1988	7
1989	7
1990	7
1991	7
1992	7
1993	7
1994	7
1995	7
1996	7
1997	7
1998	7
1999	7
2000	7
2001	7
2002	7
2003	7
2004	7
2005	7
2006	7
2007	7
2008	7
2009	7
2010	7
2011	7
2012	7
2013	7
2014	7
2015	7
2016	7
2017	9
2018	9
2019	9
2020	9
2021	9
2022	9
2023	9
2024	13
2025	9
2026	9
2027	9
2028	9
2029	9
2030	13
2031	7
2032	7
2033	13
2034	13
2035	13
2036	13
2037	13
2038	9
2039	9
2040	9
2041	9
2042	9
2043	9
2044	9
2045	9
2046	13
2047	13
2048	9
2049	9
2050	9
2051	13
2052	13
2053	13
2054	13
2055	13
2056	13
2057	13
2058	7
2059	7
2060	7
2061	7
2062	7
2063	7
2064	7
2065	7
2066	7
2067	7
2068	9
2069	13
2070	9
2071	9
2072	13
2073	9
2074	9
2075	9
2076	13
2077	9
2078	9
2079	13
2080	9
2081	9
2082	9
2083	9
2084	13
2085	9
2086	9
2087	9
2088	9
2089	1
2090	1
2091	1
2092	1
2093	1
2094	1
2095	1
2096	6
2097	6
2098	6
2099	6
2100	6
2101	6
2102	6
2103	6
2104	6
2105	6
2106	6
2107	6
2108	6
2109	6
2110	6
2111	6
2112	6
2113	11
2114	11
2115	11
2116	11
2117	11
2118	3
2119	3
2120	3
2121	11
2122	3
2123	3
2124	9
2125	11
2126	11
2127	11
2128	11
2129	11
2130	3
2131	3
2132	3
2133	3
2134	3
2135	3
2136	3
2137	3
2138	3
2139	3
2140	3
2141	3
2142	11
2143	3
2144	3
2145	3
2146	3
2147	3
2148	3
2149	3
2150	11
2151	11
2152	11
2153	11
2154	11
2155	11
2156	3
2157	3
2158	11
2159	3
2160	11
2161	11
2162	11
2163	11
2164	11
2165	11
2166	3
2167	3
2168	3
2169	11
2170	11
2171	11
2172	11
2173	11
2174	3
2175	3
2176	3
2177	3
2178	11
2179	11
2180	11
2181	11
2182	11
2183	11
2184	11
2185	11
2186	11
2187	11
2188	3
2189	3
2190	11
2191	3
2192	11
2193	11
2194	3
2195	3
2196	3
2197	3
2198	3
2199	3
2200	3
2201	3
2202	3
2203	3
2204	11
2205	11
2206	11
2207	11
2208	3
2209	11
2210	11
2211	11
2212	11
2213	11
2214	11
2215	3
2216	3
2217	11
2218	11
2219	11
2220	11
2221	3
2222	3
2223	3
2224	11
2225	11
2226	11
2227	11
2228	3
2229	3
2230	11
2231	11
2232	11
2233	3
2234	3
2235	3
2236	3
2237	3
2238	3
2239	11
2240	11
2241	3
2242	3
2243	3
2244	3
2245	3
2246	11
2247	11
2248	11
2249	11
2250	11
2251	11
2252	11
2253	3
2254	3
2255	3
2256	11
2257	11
2258	11
2259	11
2260	11
2261	11
2262	11
2263	11
2264	11
2265	11
2266	3
2267	11
2268	3
2269	3
2270	3
2271	3
2272	3
2273	3
2274	3
2275	11
2276	11
2277	3
2278	3
2279	3
2280	3
2281	3
2282	3
2283	3
2284	9
2285	9
2286	3
2287	11
2288	11
2289	11
2290	11
2291	11
2292	11
2293	11
2294	3
2295	11
2296	11
2297	3
2298	3
2299	3
2300	3
2301	11
2302	3
2303	3
2304	3
2305	11
2306	11
2307	11
2308	11
2309	9
2310	9
2311	9
2312	1
2313	1
2314	1
2315	1
2316	1
2317	1
2318	1
2319	1
2320	1
2321	1
2322	1
2323	1
2324	1
2325	1
2326	1
2327	1
2328	1
2329	1
2330	12
2331	12
2332	12
2333	12
2334	12
2335	12
2336	12
2337	12
2338	12
2339	12
2340	12
2341	12
2342	12
2343	12
2344	12
2345	12
2346	1
2347	1
2348	1
2349	1
2350	1
2351	1
2352	1
2353	1
2354	1
2355	1
2356	1
2357	1
2358	1
2359	1
2360	1
2361	1
2362	1
2363	1
2364	1
2365	1
2366	3
2367	3
2368	3
2369	3
2370	3
2371	3
2372	3
2373	3
2374	3
2375	3
2376	3
2377	3
2378	3
2379	3
2380	3
2381	3
2382	3
2383	3
2384	3
2385	3
2386	3
2387	3
2388	3
2389	3
2390	3
2391	3
2392	3
2393	3
2394	3
2395	3
2396	3
2397	3
2398	3
2399	3
2400	3
2401	3
2402	3
2403	3
2404	3
2405	3
2406	3
2407	3
2408	3
2409	3
2410	3
2411	3
2412	3
2413	3
2414	3
2415	4
2416	4
2417	4
2418	4
2419	4
2420	4
2421	4
2422	4
2423	4
2424	4
2425	4
2426	4
2427	4
2428	4
2429	4
2430	4
2431	4
2432	4
2433	4
2434	4
2435	4
2436	4
2437	4
2438	4
2439	4
2440	4
2441	4
2442	4
2443	4
2444	4
2445	4
2446	4
2447	4
2448	4
2449	2
2450	2
2451	2
2452	2
2453	2
2454	2
2455	4
2456	2
2457	2
2458	2
2459	4
2460	4
2461	4
2462	2
2463	2
2464	2
2465	4
2466	4
2467	2
2468	2
2469	2
2470	2
2471	2
2472	4
2473	4
2474	4
2475	4
2476	2
2477	2
2478	2
2479	2
2480	4
2481	4
2482	2
2483	4
2484	4
2485	2
2486	2
2487	2
2488	2
2489	2
2490	2
2491	2
2492	2
2493	2
2494	2
2495	2
2496	4
2497	4
2498	4
2499	4
2500	4
2501	2
2502	4
2503	4
2504	4
2505	4
2506	4
2507	4
2508	4
2509	4
2510	4
2511	4
2512	4
2513	4
2514	4
2515	4
2516	2
2517	4
2518	2
2519	4
2520	4
2521	2
2522	4
2523	4
2524	4
2525	4
2526	4
2527	4
2528	4
2529	4
2530	4
2531	4
2532	4
2533	4
2534	4
2535	4
2536	4
2537	4
2538	4
2539	4
2540	4
2541	4
2542	4
2543	4
2544	4
2545	4
2546	4
2547	4
2548	4
2549	4
2550	4
2551	4
2552	4
2553	4
2554	2
2555	2
2556	2
2557	2
2558	4
2559	4
2560	4
2561	4
2562	4
2563	4
2564	4
2565	4
2566	4
2567	4
2568	4
2569	4
2570	4
2571	4
2572	4
2573	4
2574	4
2575	2
2576	2
2577	2
2578	2
2579	2
2580	2
2581	4
2582	4
2583	2
2584	2
2585	4
2586	4
2587	4
2588	4
2589	4
2590	4
2591	4
2592	4
2593	4
2594	4
2595	4
2596	4
2597	4
2598	4
2599	4
2600	4
2601	4
2602	4
2603	4
2604	4
2605	4
2606	13
2607	13
2608	13
2609	13
2610	13
2611	13
2612	13
2613	13
2614	13
2615	13
2616	13
2617	13
2618	13
2619	13
2620	13
2621	13
2622	13
2623	13
2624	13
2625	13
2626	13
2627	13
2628	13
2629	13
2630	13
2631	13
2632	13
2633	13
2634	13
2635	13
2636	13
2637	13
2638	13
2639	13
2640	7
2641	7
2642	7
2643	7
2644	7
2645	7
2646	7
2647	7
2648	7
2649	7
2650	7
2651	7
2652	7
2653	7
2654	7
2655	7
2656	7
2657	7
2658	7
2659	7
2660	7
2661	7
2662	7
2663	7
2664	2
2665	2
2666	7
2667	7
2668	7
2669	2
2670	2
2671	7
2672	7
2673	7
2674	7
2675	7
2676	7
2677	7
2678	7
2679	7
2680	7
2681	7
2682	7
2683	7
2684	7
2685	7
2686	7
2687	7
2688	12
2689	12
2690	12
2691	12
315	1
1657	5
