0	4
1	4
2	4
3	4
4	4
5	4
6	4
7	4
8	4
9	4
10	4
11	4
12	4
13	4
14	4
15	4
16	4
17	4
18	4
19	4
20	4
21	10
22	10
23	10
24	10
25	10
26	10
27	10
28	10
29	2
30	2
31	2
32	2
33	2
34	2
35	2
36	2
37	2
38	2
39	2
40	2
41	2
42	2
43	2
44	2
45	2
46	2
47	2
48	2
49	5
50	5
51	5
52	5
53	8
54	8
55	8
56	8
57	8
58	5
59	5
60	5
61	5
62	5
63	5
64	5
65	8
66	8
67	8
68	8
69	8
70	8
71	10
72	10
73	10
74	10
75	5
76	5
77	5
78	5
79	5
80	5
81	5
82	5
83	6
84	6
85	6
86	6
87	6
88	6
89	6
90	6
91	6
92	6
93	6
94	6
95	6
96	4
97	4
98	4
99	4
100	4
101	4
102	4
103	4
104	4
105	4
106	4
107	4
108	4
109	4
110	4
111	4
112	4
113	4
114	4
115	4
116	4
117	4
118	4
119	6
120	4
121	4
122	4
123	4
124	4
125	4
126	4
127	4
128	4
129	13
130	13
131	13
132	13
133	13
134	13
135	13
136	13
137	13
138	13
139	13
140	13
141	13
142	13
143	13
144	13
145	13
146	13
147	13
148	13
149	13
150	13
151	13
152	13
153	13
154	13
155	13
156	13
157	13
158	13
159	13
160	13
161	13
162	13
163	13
164	13
165	13
166	1
167	1
168	1
169	1
170	1
171	1
172	1
173	1
174	1
175	1
176	1
177	1
178	1
179	1
180	1
181	1
182	1
183	5
184	5
185	5
186	5
187	5
188	5
189	5
190	5
191	5
192	5
193	5
194	5
195	5
196	5
197	5
198	5
199	5
200	5
201	5
202	5
203	5
204	5
205	5
206	5
207	5
208	10
209	10
210	10
211	10
212	10
213	10
214	10
215	10
216	10
217	10
218	10
219	10
220	10
221	10
222	10
223	10
224	10
225	10
226	10
227	10
228	10
229	10
230	10
231	10
232	10
233	10
234	10
235	10
236	10
237	10
238	10
239	10
240	10
241	10
242	10
243	10
244	10
245	10
246	10
247	10
248	5
249	5
250	5
251	5
252	5
253	5
254	5
255	5
256	5
257	5
258	5
259	5
260	5
261	3
262	3
263	3
264	3
265	3
266	3
267	3
268	3
269	3
270	3
271	3
272	3
273	3
274	3
275	3
276	3
277	3
278	3
279	3
280	3
281	3
282	3
283	3
284	3
285	3
286	3
287	3
288	3
289	3
290	3
291	3
292	3
293	3
294	3
295	3
296	3
297	3
298	3
299	3
300	3
301	3
302	5
303	5
304	5
305	5
306	13
307	13
308	13
309	13
310	13
311	13
312	13
313	13
314	13
316	2
317	2
318	2
319	2
320	2
321	2
322	2
323	2
324	2
325	2
326	2
327	2
328	2
329	2
330	2
331	13
332	13
333	13
334	13
335	13
336	13
337	2
338	2
339	2
340	13
341	13
342	13
343	13
344	13
345	13
346	13
347	13
348	13
349	13
350	13
351	13
352	13
353	13
354	13
355	13
356	12
357	12
358	12
359	12
360	12
361	12
362	12
363	12
364	12
365	12
366	12
367	12
368	12
369	13
370	13
371	13
372	13
373	13
374	13
375	13
376	13
377	13
378	13
379	13
380	13
381	13
382	13
383	13
384	13
385	13
386	13
387	13
388	13
389	2
390	2
391	2
392	2
393	2
394	13
395	13
396	13
397	13
398	2
399	2
400	2
401	2
402	2
403	10
404	10
405	10
406	10
407	10
408	10
409	4
410	4
411	4
412	4
413	4
414	4
415	4
416	4
417	4
418	4
419	4
420	4
421	4
422	4
423	4
424	4
425	1
426	1
427	1
428	1
429	1
430	1
431	1
432	1
433	4
434	4
435	4
436	4
437	4
438	4
439	4
440	4
441	4
442	4
443	4
444	4
445	4
446	1
447	1
448	1
449	1
450	1
451	4
452	4
453	4
454	1
455	1
456	1
457	4
458	4
459	4
460	4
461	4
462	4
463	1
464	1
465	1
466	1
467	1
468	1
469	1
470	1
471	1
472	1
473	4
474	4
475	3
476	3
477	1
478	1
479	1
480	1
481	1
482	1
483	1
484	10
485	10
486	1
487	1
488	1
489	3
490	3
491	3
492	3
493	3
494	3
495	1
496	1
497	1
498	10
499	1
500	1
501	1
502	10
503	1
504	1
505	1
506	10
507	10
508	10
509	10
510	10
511	10
512	10
513	10
514	10
515	10
516	10
517	10
518	10
519	10
520	10
521	10
522	6
523	6
524	6
525	6
526	5
527	5
528	6
529	6
530	6
531	6
532	6
533	6
534	6
535	6
536	6
537	6
538	5
539	5
540	5
541	5
542	5
543	5
544	5
545	5
546	5
547	5
548	5
549	5
550	5
551	5
552	5
553	5
554	5
555	5
556	5
557	5
558	5
559	10
560	10
561	10
562	10
563	10
564	10
565	5
566	5
567	5
568	5
569	5
570	6
571	6
572	6
573	6
574	6
575	6
576	6
577	6
578	6
579	6
580	6
581	5
582	5
583	5
584	5
585	5
586	5
587	3
588	3
589	3
590	3
591	3
592	10
593	10
594	3
595	10
596	3
597	10
598	3
599	10
600	10
601	10
602	10
603	5
604	5
605	5
606	5
607	5
608	5
609	5
610	5
611	5
612	5
613	5
614	5
615	5
616	5
617	10
618	10
619	10
620	3
621	3
622	3
623	3
624	3
625	3
626	3
627	3
628	10
629	10
630	10
631	10
632	3
633	3
634	3
635	10
636	3
637	3
638	3
639	5
640	5
641	5
642	5
643	5
644	5
645	5
646	5
647	5
648	5
649	5
650	5
651	5
652	5
653	5
654	5
655	5
656	5
657	3
658	1
659	3
660	3
661	11
662	11
663	11
664	11
665	11
666	11
667	11
668	11
669	11
670	1
671	1
672	1
673	1
674	1
675	1
676	1
677	1
678	1
679	1
680	11
681	11
682	11
683	11
684	11
685	11
686	11
687	11
688	11
689	11
690	11
691	11
692	11
693	11
694	11
695	11
696	11
697	1
698	1
699	1
700	1
701	1
702	1
703	1
704	1
705	1
706	1
707	1
708	1
709	1
710	1
711	1
712	1
713	1
714	11
715	11
716	10
717	10
718	1
719	1
720	1
721	10
722	10
723	10
724	10
725	10
726	10
727	10
728	10
729	10
730	10
731	10
732	2
733	2
734	2
735	2
736	2
737	3
738	1
739	1
740	1
741	1
742	1
743	3
744	3
745	2
746	2
747	2
748	2
749	2
750	2
751	2
752	2
753	2
754	2
755	2
756	2
757	2
758	2
759	2
760	2
761	2
762	2
763	2
764	2
765	2
766	3
767	1
768	1
769	1
770	2
771	2
772	1
773	1
774	1
775	1
776	3
777	3
778	1
779	1
780	3
781	1
782	3
783	1
784	1
785	10
786	1
787	3
788	3
789	1
790	3
791	10
792	10
793	10
794	10
795	10
796	10
797	10
798	10
799	10
800	10
801	1
802	3
803	1
804	3
805	10
806	10
807	10
808	1
809	1
810	1
811	8
812	8
813	8
814	8
815	8
816	8
817	8
818	8
819	8
820	8
821	8
822	8
823	8
824	8
825	8
826	8
827	8
828	8
829	8
830	8
831	8
832	8
833	8
834	8
835	8
836	8
837	8
838	8
839	8
840	8
841	8
842	8
843	8
844	8
845	8
846	8
847	8
848	8
849	8
850	8
851	8
852	8
853	8
854	8
855	8
856	8
857	8
858	5
859	5
860	5
861	5
862	5
863	5
864	5
865	5
866	5
867	5
868	5
869	5
870	5
871	8
872	8
873	8
874	8
875	8
876	8
877	8
878	8
879	8
880	8
881	8
882	8
883	8
884	8
885	8
886	8
887	8
888	8
889	8
890	8
891	8
892	8
893	8
894	8
895	8
896	8
897	8
898	8
899	8
900	8
901	8
902	8
903	8
904	8
905	8
906	8
907	8
908	8
909	8
910	8
911	8
912	8
913	8
914	8
915	8
916	8
917	8
918	8
919	8
920	8
921	8
922	8
923	8
924	8
925	8
926	8
927	8
928	8
929	8
930	8
931	8
932	8
933	8
934	8
935	8
936	8
937	8
938	8
939	8
940	8
941	8
942	8
943	8
944	8
945	8
946	8
947	8
948	8
949	8
950	8
951	8
952	8
953	8
954	8
955	8
956	8
957	8
958	8
959	8
960	8
961	8
962	8
963	8
964	8
965	8
966	8
967	8
968	8
969	8
970	8
971	8
972	8
973	8
974	8
975	8
976	8
977	8
978	8
979	8
980	8
981	8
982	2
983	2
984	2
985	1
986	1
987	1
988	1
989	1
990	1
991	1
992	1
993	1
994	1
995	1
996	1
997	1
998	1
999	1
1000	1
1001	1
1002	1
1003	1
1004	1
1005	1
1006	1
1007	2
1008	2
1009	1
1010	2
1011	2
1012	2
1013	2
1014	2
1015	2
1016	2
1017	2
1018	2
1019	2
1020	2
1021	2
1022	2
1023	2
1024	2
1025	2
1026	2
1027	2
1028	2
1029	2
1030	2
1031	2
1032	2
1033	2
1034	2
1035	2
1036	2
1037	2
1038	2
1039	2
1040	2
1041	2
1042	2
1043	2
1044	2
1045	2
1046	2
1047	2
1048	2
1049	2
1050	2
1051	2
1052	2
1053	2
1054	2
1055	2
1056	2
1057	2
1058	2
1059	2
1060	2
1061	2
1062	2
1063	2
1064	2
1065	2
1066	2
1067	2
1068	2
1069	2
1070	2
1071	2
1072	2
1073	2
1074	2
1075	5
1076	5
1077	5
1078	5
1079	5
1080	5
1081	5
1082	5
1083	5
1084	5
1085	5
1086	5
1087	3
1088	3
1089	3
1090	3
1091	3
1092	3
1093	3
1094	10
1095	10
1096	10
1097	10
1098	10
1099	10
1100	10
1101	10
1102	10
1103	10
1104	10
1105	10
1106	10
1107	12
1108	12
1109	12
1110	12
1111	12
1112	12
1113	12
1114	13
1115	12
1116	12
1117	12
1118	13
1119	12
1120	12
1121	12
1122	13
1123	12
1124	13
1125	13
1126	12
1127	12
1128	12
1129	12
1130	12
1131	13
1132	12
1133	13
1134	12
1135	12
1136	8
1137	8
1138	12
1139	8
1140	12
1141	12
1142	12
1143	12
1144	12
1145	12
1146	13
1147	13
1148	12
1149	12
1150	12
1151	12
1152	12
1153	12
1154	13
1155	13
1156	13
1157	13
1158	13
1159	13
1160	13
1161	13
1162	13
1163	13
1164	13
1165	13
1166	13
1167	13
1168	13
1169	2
1170	2
1171	2
1172	2
1173	2
1174	2
1175	2
1176	2
1177	2
1178	2
1179	2
1180	2
1181	2
1182	2
1183	2
1184	2
1185	2
1186	2
1187	2
1188	2
1189	2
1190	2
1191	2
1192	2
1193	2
1194	2
1195	2
1196	2
1197	2
1198	2
1199	2
1200	12
1201	12
1202	12
1203	12
1204	6
1205	12
1206	12
1207	12
1208	6
1209	12
1210	12
1211	12
1212	12
1213	6
1214	12
1215	12
1216	12
1217	6
1218	12
1219	12
1220	12
1221	12
1222	12
1223	12
1224	6
1225	12
1226	12
1227	6
1228	6
1229	12
1230	6
1231	12
1232	12
1233	12
1234	12
1235	6
1236	12
1237	12
1238	12
1239	6
1240	3
1241	3
1242	10
1243	10
1244	10
1245	3
1246	10
1247	10
1248	10
1249	10
1250	10
1251	10
1252	10
1253	5
1254	5
1255	5
1256	5
1257	5
1258	10
1259	10
1260	10
1261	10
1262	10
1263	3
1264	5
1265	5
1266	4
1267	5
1268	5
1269	4
1270	5
1271	4
1272	4
1273	4
1274	4
1275	4
1276	5
1277	4
1278	10
1279	10
1280	10
1281	10
1282	3
1283	3
1284	4
1285	5
1286	5
1287	4
1288	13
1289	10
1290	10
1291	10
1292	10
1293	10
1294	10
1295	10
1296	10
1297	10
1298	10
1299	10
1300	10
1301	10
1302	10
1303	5
1304	5
1305	5
1306	5
1307	5
1308	5
1309	5
1310	5
1311	5
1312	5
1313	5
1314	8
1315	8
1316	8
1317	8
1318	8
1319	8
1320	8
1321	8
1322	8
1323	8
1324	8
1325	8
1326	8
1327	12
1328	8
1329	8
1330	8
1331	12
1332	12
1333	8
1334	8
1335	8
1336	8
1337	12
1338	8
1339	8
1340	8
1341	8
1342	8
1343	8
1344	12
1345	8
1346	5
1347	5
1348	5
1349	5
1350	5
1351	5
1352	5
1353	5
1354	5
1355	5
1356	5
1357	5
1358	5
1359	5
1360	5
1361	5
1362	5
1363	12
1364	12
1365	12
1366	12
1367	12
1368	12
1369	12
1370	12
1371	12
1372	12
1373	12
1374	12
1375	12
1376	12
1377	12
1378	12
1379	12
1380	12
1381	10
1382	10
1383	10
1384	10
1385	10
1386	10
1387	10
1388	10
1389	10
1390	10
1391	10
1392	10
1393	10
1394	10
1395	10
1396	10
1397	4
1398	5
1399	4
1400	4
1401	4
1402	4
1403	5
1404	4
1405	5
1406	5
1407	4
1408	4
1409	4
1410	4
1411	4
1412	4
1413	4
1414	4
1415	4
1416	4
1417	4
1418	4
1419	4
1420	4
1421	4
1422	4
1423	4
1424	4
1425	4
1426	4
1427	4
1428	6
1429	6
1430	6
1431	6
1432	6
1433	6
1434	6
1435	6
1436	6
1437	6
1438	6
1439	6
1440	6
1441	4
1442	4
1443	2
1444	4
1445	2
1446	2
1447	4
1448	2
1449	4
1450	2
1451	2
1452	2
1453	2
1454	2
1455	6
1456	6
1457	6
1458	6
1459	6
1460	6
1461	6
1462	6
1463	6
1464	6
1465	10
1466	10
1467	10
1468	10
1469	10
1470	10
1471	10
1472	10
1473	10
1474	10
1475	10
1476	10
1477	10
1478	10
1479	10
1480	10
1481	10
1482	10
1483	10
1484	10
1485	10
1486	10
1487	10
1488	10
1489	2
1490	2
1491	2
1492	2
1493	2
1494	2
1495	2
1496	2
1497	2
1498	2
1499	2
1500	2
1501	11
1502	11
1503	11
1504	11
1505	11
1506	11
1507	11
1508	11
1509	11
1510	11
1511	11
1512	11
1513	11
1514	11
1515	11
1516	11
1517	11
1518	11
1519	11
1520	11
1521	11
1522	11
1523	11
1524	11
1525	11
1526	11
1527	11
1528	11
1529	1
1530	1
1531	1
1532	1
1533	1
1534	1
1535	1
1536	1
1537	1
1538	1
1539	1
1540	1
1541	1
1542	1
1543	1
1544	1
1545	1
1546	1
1547	1
1548	1
1549	1
1550	1
1551	1
1552	6
1553	6
1554	6
1555	6
1556	6
1557	6
1558	6
1559	6
1560	6
1561	6
1562	6
1563	6
1564	6
1565	6
1566	6
1567	6
1568	6
1569	6
1570	6
1571	6
1572	6
1573	6
1574	6
1575	6
1576	2
1577	2
1578	2
1579	2
1580	2
1581	2
1582	2
1583	2
1584	2
1585	2
1586	2
1587	2
1588	2
1589	2
1590	2
1591	2
1592	2
1593	5
1594	5
1595	5
1596	5
1597	5
1598	5
1599	5
1600	5
1601	5
1602	6
1603	6
1604	6
1605	6
1606	6
1607	6
1608	6
1609	6
1610	6
1611	6
1612	6
1613	6
1614	6
1615	6
1616	6
1617	6
1618	10
1619	10
1620	10
1621	10
1622	10
1623	10
1624	10
1625	10
1626	10
1627	10
1628	10
1629	6
1630	2
1631	6
1632	2
1633	6
1634	6
1635	6
1636	6
1637	6
1638	6
1639	6
1640	6
1641	6
1642	6
1643	6
1644	10
1645	10
1646	10
1647	10
1648	10
1649	6
1650	6
1651	6
1652	2
1653	6
1654	6
1655	6
1656	6
1658	6
1659	2
1660	6
1661	6
1662	6
1663	6
1664	6
1665	6
1666	2
1667	2
1668	2
1669	6
1670	6
1671	6
1672	6
1673	10
1674	6
1675	6
1676	6
1677	10
1678	3
1679	3
1680	3
1681	3
1682	3
1683	3
1684	3
1685	4
1686	4
1687	4
1688	4
1689	4
1690	4
1691	4
1692	4
1693	4
1694	4
1695	4
1696	4
1697	4
1698	4
1699	4
1700	4
1701	4
1702	4
1703	11
1704	11
1705	4
1706	4
1707	4
1708	4
1709	4
1710	4
1711	4
1712	4
1713	10
1714	10
1715	10
1716	10
1717	10
1718	10
1719	10
1720	10
1721	10
1722	10
1723	10
1724	10
1725	4
1726	4
1727	4
1728	10
1729	4
1730	4
1731	4
1732	4
1733	4
1734	4
1735	4
1736	4
1737	4
1738	4
1739	4
1740	4
1741	4
1742	11
1743	11
1744	11
1745	11
1746	11
1747	11
1748	11
1749	11
1750	11
1751	11
1752	11
1753	11
1754	11
1755	11
1756	11
1757	10
1758	10
1759	10
1760	10
1761	11
1762	11
1763	11
1764	11
1765	11
1766	11
1767	11
1768	11
1769	11
1770	11
1771	11
1772	11
1773	11
1774	10
1775	10
1776	10
1777	10
1778	10
1779	10
1780	10
1781	10
1782	10
1783	10
1784	10
1785	10
1786	10
1787	11
1788	11
1789	11
1790	11
1791	11
1792	11
1793	11
1794	11
1795	10
1796	10
1797	10
1798	10
1799	11
1800	11
1801	11
1802	11
1803	11
1804	11
1805	11
1806	11
1807	11
1808	11
1809	9
1810	9
1811	9
1812	9
1813	9
1814	9
1815	9
1816	9
1817	9
1818	9
1819	4
1820	9
1821	9
1822	9
1823	9
1824	9
1825	9
1826	9
1827	9
1828	9
1829	9
1830	10
1831	10
1832	10
1833	10
1834	10
1835	9
1836	9
1837	10
1838	9
1839	9
1840	12
1841	12
1842	12
1843	12
1844	12
1845	9
1846	9
1847	9
1848	9
1849	9
1850	9
1851	9
1852	9
1853	9
1854	9
1855	9
1856	9
1857	10
1858	10
1859	10
1860	10
1861	10
1862	10
1863	9
1864	4
1865	4
1866	4
1867	9
1868	9
1869	9
1870	9
1871	9
1872	3
1873	3
1874	3
1875	3
1876	3
1877	3
1878	3
1879	3
1880	3
1881	3
1882	3
1883	3
1884	3
1885	3
1886	3
1887	3
1888	3
1889	3
1890	3
1891	3
1892	3
1893	3
1894	3
1895	5
1896	5
1897	5
1898	13
1899	13
1900	13
1901	13
1902	13
1903	13
1904	5
1905	5
1906	5
1907	5
1908	5
1909	5
1910	5
1911	5
1912	5
1913	5
1914	5
1915	5
1916	13
1917	13
1918	13
1919	13
1920	13
1921	13
1922	13
1923	13
1924	5
1925	5
1926	5
1927	5
1928	5
1929	5
1930	5
1931	5
1932	5
1933	5
1934	5
1935	5
1936	5
1937	5
1938	5
1939	5
1940	5
1941	5
1942	5
1943	5
1944	5
1945	5
1946	5
1947	5
1948	5
1949	5
1950	5
1951	5
1952	5
1953	5
1954	5
1955	5
1956	5
1957	5
1958	5
1959	5
1960	5
1961	5
1962	5
1963	5
1964	5
1965	5
1966	5
1967	5
1968	5
1969	5
1970	5
1971	5
1972	5
1973	5
1974	5
1975	5
1976	1
1977	1
1978	1
1979	1
1980	1
1981	1
1982	1
1983	1
1984	1
1985	1
1986	1
1987	1
1988	1
1989	1
1990	1
1991	1
1992	1
1993	1
1994	1
1995	1
1996	1
1997	1
1998	1
1999	1
2000	1
2001	1
2002	1
2003	1
2004	1
2005	1
2006	1
2007	1
2008	1
2009	1
2010	1
2011	1
2012	1
2013	1
2014	1
2015	1
2016	1
2017	3
2018	3
2019	3
2020	3
2021	3
2022	3
2023	3
2024	3
2025	3
2026	3
2027	3
2028	3
2029	3
2030	1
2031	1
2032	1
2033	1
2034	3
2035	3
2036	3
2037	3
2038	10
2039	10
2040	10
2041	10
2042	10
2043	3
2044	3
2045	3
2046	3
2047	1
2048	10
2049	10
2050	3
2051	3
2052	3
2053	3
2054	3
2055	3
2056	3
2057	1
2058	6
2059	1
2060	1
2061	6
2062	6
2063	1
2064	1
2065	1
2066	1
2067	1
2068	3
2069	3
2070	3
2071	3
2072	3
2073	3
2074	3
2075	3
2076	3
2077	3
2078	3
2079	3
2080	3
2081	3
2082	3
2083	3
2084	3
2085	3
2086	3
2087	3
2088	3
2089	2
2090	2
2091	2
2092	2
2093	2
2094	2
2095	2
2096	4
2097	4
2098	4
2099	4
2100	4
2101	4
2102	4
2103	4
2104	4
2105	4
2106	4
2107	4
2108	4
2109	4
2110	4
2111	4
2112	4
2113	11
2114	9
2115	9
2116	9
2117	9
2118	11
2119	11
2120	9
2121	9
2122	11
2123	11
2124	3
2125	9
2126	9
2127	9
2128	9
2129	9
2130	11
2131	9
2132	9
2133	11
2134	11
2135	9
2136	11
2137	11
2138	11
2139	9
2140	9
2141	11
2142	11
2143	11
2144	11
2145	9
2146	11
2147	11
2148	9
2149	11
2150	9
2151	9
2152	9
2153	9
2154	9
2155	9
2156	9
2157	9
2158	9
2159	11
2160	9
2161	9
2162	9
2163	9
2164	11
2165	11
2166	11
2167	9
2168	9
2169	9
2170	9
2171	9
2172	9
2173	9
2174	11
2175	11
2176	11
2177	11
2178	9
2179	9
2180	11
2181	11
2182	9
2183	9
2184	9
2185	9
2186	9
2187	9
2188	11
2189	9
2190	9
2191	9
2192	9
2193	9
2194	9
2195	9
2196	11
2197	11
2198	9
2199	11
2200	9
2201	11
2202	11
2203	9
2204	9
2205	9
2206	9
2207	9
2208	9
2209	9
2210	9
2211	9
2212	9
2213	9
2214	9
2215	11
2216	11
2217	9
2218	9
2219	9
2220	9
2221	9
2222	11
2223	11
2224	9
2225	9
2226	9
2227	9
2228	11
2229	11
2230	11
2231	11
2232	9
2233	11
2234	11
2235	9
2236	11
2237	11
2238	11
2239	9
2240	9
2241	11
2242	11
2243	11
2244	11
2245	11
2246	9
2247	11
2248	11
2249	9
2250	9
2251	9
2252	9
2253	11
2254	11
2255	11
2256	11
2257	9
2258	9
2259	9
2260	9
2261	11
2262	11
2263	9
2264	11
2265	9
2266	11
2267	9
2268	9
2269	11
2270	9
2271	11
2272	9
2273	11
2274	9
2275	9
2276	9
2277	11
2278	11
2279	11
2280	9
2281	9
2282	9
2283	9
2284	3
2285	3
2286	9
2287	9
2288	9
2289	9
2290	9
2291	9
2292	9
2293	9
2294	9
2295	9
2296	9
2297	11
2298	11
2299	11
2300	11
2301	9
2302	11
2303	9
2304	9
2305	9
2306	9
2307	11
2308	9
2309	3
2310	3
2311	3
2312	8
2313	8
2314	8
2315	8
2316	8
2317	8
2318	8
2319	8
2320	8
2321	8
2322	8
2323	8
2324	8
2325	8
2326	8
2327	8
2328	8
2329	8
2330	5
2331	5
2332	5
2333	5
2334	5
2335	5
2336	5
2337	5
2338	5
2339	5
2340	5
2341	5
2342	5
2343	5
2344	5
2345	5
2346	2
2347	2
2348	2
2349	2
2350	2
2351	2
2352	2
2353	2
2354	2
2355	2
2356	2
2357	2
2358	2
2359	2
2360	2
2361	2
2362	2
2363	2
2364	2
2365	2
2366	6
2367	6
2368	6
2369	6
2370	6
2371	6
2372	6
2373	6
2374	6
2375	6
2376	6
2377	6
2378	6
2379	6
2380	6
2381	6
2382	6
2383	6
2384	6
2385	6
2386	6
2387	6
2388	6
2389	6
2390	6
2391	6
2392	6
2393	6
2394	6
2395	6
2396	6
2397	6
2398	6
2399	6
2400	6
2401	6
2402	6
2403	6
2404	6
2405	6
2406	6
2407	6
2408	6
2409	6
2410	6
2411	6
2412	6
2413	6
2414	6
2415	7
2416	13
2417	7
2418	7
2419	7
2420	7
2421	7
2422	7
2423	7
2424	7
2425	7
2426	7
2427	7
2428	7
2429	7
2430	7
2431	7
2432	7
2433	7
2434	7
2435	7
2436	7
2437	7
2438	7
2439	7
2440	7
2441	7
2442	7
2443	7
2444	7
2445	7
2446	7
2447	7
2448	7
2449	7
2450	7
2451	7
2452	7
2453	7
2454	7
2455	7
2456	7
2457	7
2458	7
2459	7
2460	7
2461	7
2462	7
2463	7
2464	7
2465	7
2466	7
2467	7
2468	7
2469	7
2470	7
2471	7
2472	7
2473	7
2474	7
2475	7
2476	7
2477	7
2478	7
2479	7
2480	7
2481	7
2482	7
2483	7
2484	7
2485	7
2486	7
2487	7
2488	7
2489	7
2490	7
2491	7
2492	7
2493	7
2494	7
2495	7
2496	13
2497	13
2498	13
2499	13
2500	7
2501	7
2502	7
2503	7
2504	13
2505	13
2506	13
2507	7
2508	13
2509	13
2510	13
2511	13
2512	13
2513	13
2514	13
2515	7
2516	7
2517	7
2518	7
2519	7
2520	7
2521	7
2522	7
2523	7
2524	7
2525	7
2526	7
2527	7
2528	7
2529	7
2530	7
2531	13
2532	7
2533	13
2534	7
2535	13
2536	7
2537	13
2538	7
2539	7
2540	13
2541	7
2542	7
2543	7
2544	7
2545	7
2546	7
2547	7
2548	7
2549	7
2550	7
2551	7
2552	7
2553	13
2554	7
2555	7
2556	7
2557	7
2558	13
2559	13
2560	7
2561	7
2562	7
2563	7
2564	7
2565	7
2566	7
2567	7
2568	7
2569	7
2570	7
2571	7
2572	7
2573	7
2574	7
2575	7
2576	7
2577	7
2578	7
2579	7
2580	7
2581	7
2582	7
2583	7
2584	7
2585	7
2586	7
2587	13
2588	13
2589	13
2590	13
2591	13
2592	13
2593	13
2594	7
2595	7
2596	7
2597	13
2598	7
2599	7
2600	7
2601	7
2602	7
2603	7
2604	7
2605	7
2606	3
2607	3
2608	3
2609	3
2610	3
2611	3
2612	3
2613	3
2614	3
2615	3
2616	3
2617	3
2618	3
2619	3
2620	3
2621	3
2622	3
2623	3
2624	3
2625	3
2626	3
2627	3
2628	3
2629	3
2630	3
2631	3
2632	3
2633	3
2634	3
2635	3
2636	3
2637	3
2638	3
2639	3
2640	12
2641	12
2642	12
2643	12
2644	12
2645	12
2646	12
2647	12
2648	12
2649	12
2650	12
2651	12
2652	12
2653	12
2654	12
2655	12
2656	6
2657	6
2658	6
2659	12
2660	12
2661	12
2662	12
2663	12
2664	12
2665	12
2666	12
2667	12
2668	12
2669	12
2670	12
2671	12
2672	6
2673	12
2674	6
2675	6
2676	12
2677	12
2678	12
2679	12
2680	12
2681	12
2682	12
2683	12
2684	12
2685	12
2686	12
2687	12
2688	5
2689	5
2690	5
2691	5
315	2
1657	6
