0	5
1	5
2	5
3	5
4	5
5	5
6	5
7	7
8	7
9	7
10	7
11	7
12	7
13	7
14	7
15	7
16	7
17	7
18	7
19	7
20	5
21	2
22	2
23	2
24	2
25	2
26	2
27	2
28	2
29	12
30	12
31	12
32	12
33	12
34	12
35	12
36	12
37	12
38	12
39	12
40	12
41	12
42	12
43	12
44	12
45	12
46	12
47	12
48	12
49	12
50	12
51	12
52	12
53	9
54	9
55	9
56	9
57	9
58	12
59	12
60	12
61	12
62	12
63	12
64	12
65	9
66	9
67	9
68	9
69	9
70	9
71	2
72	2
73	2
74	2
75	12
76	12
77	12
78	12
79	12
80	12
81	12
82	12
83	11
84	11
85	11
86	11
87	11
88	11
89	11
90	11
91	11
92	11
93	11
94	11
95	11
96	7
97	7
98	7
99	7
100	7
101	7
102	7
103	7
104	7
105	7
106	7
107	7
108	7
109	7
110	7
111	7
112	7
113	7
114	7
115	7
116	7
117	7
118	7
119	7
120	7
121	7
122	7
123	7
124	7
125	7
126	7
127	7
128	7
129	13
130	13
131	13
132	13
133	13
134	13
135	13
136	13
137	13
138	13
139	13
140	13
141	13
142	13
143	13
144	13
145	13
146	13
147	13
148	13
149	13
150	13
151	13
152	13
153	13
154	13
155	13
156	13
157	13
158	13
159	13
160	13
161	13
162	13
163	13
164	13
165	13
166	11
167	11
168	11
169	11
170	11
171	11
172	11
173	11
174	11
175	11
176	11
177	11
178	11
179	11
180	11
181	11
182	11
183	12
184	12
185	12
186	12
187	12
188	12
189	12
190	12
191	12
192	12
193	12
194	12
195	12
196	12
197	12
198	12
199	12
200	12
201	12
202	12
203	12
204	12
205	12
206	12
207	12
208	2
209	2
210	2
211	2
212	2
213	2
214	2
215	2
216	2
217	2
218	2
219	2
220	2
221	2
222	2
223	2
224	2
225	2
226	2
227	2
228	2
229	2
230	2
231	2
232	2
233	2
234	2
235	2
236	2
237	2
238	2
239	2
240	2
241	2
242	2
243	2
244	2
245	2
246	2
247	2
248	12
249	12
250	12
251	12
252	12
253	12
254	12
255	12
256	12
257	12
258	12
259	12
260	12
261	3
262	3
263	3
264	3
265	3
266	3
267	3
268	3
269	3
270	3
271	3
272	3
273	3
274	3
275	3
276	3
277	3
278	3
279	3
280	3
281	3
282	3
283	3
284	3
285	3
286	3
287	3
288	3
289	3
290	3
291	3
292	3
293	3
294	3
295	3
296	3
297	3
298	3
299	3
300	3
301	3
302	12
303	12
304	12
305	12
306	4
307	4
308	4
309	1
310	1
311	1
312	4
313	4
314	4
316	7
317	7
318	7
319	7
320	7
321	7
322	7
323	7
324	7
325	7
326	7
327	7
328	7
329	7
330	7
331	4
332	4
333	4
334	4
335	4
336	1
337	7
338	7
339	7
340	4
341	4
342	4
343	4
344	4
345	4
346	4
347	4
348	4
349	4
350	1
351	4
352	4
353	1
354	4
355	4
356	13
357	13
358	13
359	13
360	13
361	13
362	13
363	13
364	13
365	1
366	13
367	13
368	13
369	1
370	4
371	4
372	1
373	1
374	4
375	4
376	1
377	4
378	4
379	4
380	4
381	4
382	4
383	4
384	4
385	4
386	4
387	4
388	4
389	7
390	7
391	7
392	7
393	7
394	4
395	4
396	4
397	1
398	7
399	7
400	7
401	7
402	7
403	2
404	2
405	2
406	2
407	13
408	13
409	7
410	7
411	7
412	7
413	7
414	7
415	7
416	7
417	7
418	7
419	7
420	7
421	7
422	7
423	7
424	7
425	11
426	11
427	11
428	11
429	11
430	11
431	11
432	11
433	7
434	7
435	7
436	7
437	7
438	7
439	7
440	7
441	7
442	7
443	7
444	7
445	5
446	11
447	11
448	11
449	11
450	11
451	7
452	7
453	7
454	11
455	11
456	11
457	7
458	5
459	7
460	7
461	7
462	7
463	11
464	11
465	11
466	11
467	11
468	11
469	11
470	11
471	11
472	11
473	7
474	7
475	3
476	3
477	3
478	3
479	3
480	3
481	3
482	3
483	3
484	2
485	2
486	3
487	3
488	3
489	3
490	3
491	3
492	3
493	3
494	3
495	3
496	3
497	3
498	2
499	3
500	3
501	3
502	2
503	3
504	3
505	3
506	13
507	2
508	2
509	2
510	2
511	2
512	2
513	2
514	2
515	2
516	2
517	2
518	2
519	2
520	2
521	2
522	1
523	1
524	1
525	1
526	5
527	5
528	1
529	1
530	1
531	1
532	1
533	1
534	1
535	1
536	1
537	1
538	12
539	5
540	12
541	5
542	5
543	5
544	5
545	5
546	5
547	5
548	12
549	12
550	12
551	12
552	12
553	12
554	12
555	12
556	12
557	12
558	12
559	2
560	2
561	2
562	2
563	2
564	2
565	12
566	5
567	12
568	12
569	12
570	6
571	6
572	6
573	6
574	6
575	6
576	6
577	6
578	6
579	6
580	6
581	5
582	12
583	5
584	5
585	12
586	12
587	2
588	2
589	2
590	2
591	2
592	2
593	2
594	2
595	2
596	2
597	2
598	2
599	2
600	2
601	2
602	2
603	12
604	12
605	12
606	12
607	12
608	12
609	12
610	12
611	12
612	12
613	12
614	12
615	12
616	12
617	2
618	2
619	2
620	2
621	2
622	2
623	2
624	2
625	2
626	2
627	2
628	2
629	2
630	2
631	2
632	2
633	2
634	2
635	2
636	2
637	2
638	2
639	12
640	12
641	12
642	12
643	12
644	12
645	12
646	12
647	12
648	12
649	12
650	12
651	12
652	12
653	12
654	12
655	12
656	12
657	3
658	11
659	3
660	3
661	5
662	5
663	5
664	5
665	5
666	5
667	5
668	5
669	5
670	2
671	2
672	2
673	2
674	2
675	2
676	2
677	13
678	13
679	13
680	5
681	5
682	5
683	5
684	5
685	5
686	5
687	5
688	5
689	5
690	5
691	5
692	5
693	5
694	5
695	5
696	5
697	2
698	2
699	13
700	2
701	2
702	13
703	2
704	2
705	13
706	13
707	2
708	2
709	2
710	2
711	2
712	2
713	2
714	5
715	5
716	3
717	3
718	2
719	2
720	2
721	3
722	3
723	3
724	3
725	3
726	3
727	3
728	3
729	3
730	3
731	3
732	7
733	7
734	7
735	7
736	7
737	3
738	11
739	11
740	11
741	11
742	11
743	3
744	3
745	7
746	7
747	7
748	7
749	7
750	7
751	7
752	7
753	7
754	7
755	7
756	7
757	7
758	7
759	7
760	7
761	7
762	7
763	7
764	7
765	7
766	3
767	11
768	11
769	11
770	7
771	7
772	11
773	11
774	11
775	11
776	3
777	3
778	11
779	11
780	11
781	11
782	11
783	11
784	11
785	13
786	11
787	3
788	3
789	11
790	3
791	13
792	13
793	13
794	13
795	13
796	13
797	13
798	13
799	13
800	13
801	11
802	3
803	3
804	3
805	13
806	13
807	13
808	3
809	11
810	11
811	9
812	4
813	9
814	9
815	9
816	4
817	9
818	9
819	4
820	4
821	9
822	9
823	9
824	4
825	4
826	4
827	4
828	4
829	9
830	9
831	9
832	9
833	9
834	9
835	9
836	9
837	9
838	9
839	9
840	9
841	9
842	9
843	9
844	9
845	4
846	9
847	9
848	4
849	4
850	4
851	4
852	9
853	9
854	9
855	4
856	4
857	4
858	12
859	12
860	12
861	12
862	12
863	12
864	12
865	12
866	12
867	12
868	12
869	12
870	12
871	9
872	9
873	9
874	9
875	9
876	9
877	9
878	4
879	4
880	4
881	9
882	9
883	9
884	9
885	9
886	9
887	9
888	9
889	4
890	4
891	4
892	4
893	9
894	9
895	9
896	9
897	4
898	4
899	4
900	4
901	4
902	9
903	9
904	9
905	9
906	4
907	9
908	9
909	4
910	4
911	4
912	4
913	4
914	9
915	9
916	9
917	9
918	4
919	4
920	9
921	9
922	4
923	4
924	4
925	9
926	9
927	9
928	9
929	9
930	9
931	9
932	4
933	4
934	4
935	9
936	9
937	9
938	4
939	4
940	4
941	4
942	9
943	4
944	4
945	4
946	9
947	9
948	9
949	9
950	4
951	9
952	9
953	4
954	4
955	4
956	4
957	9
958	9
959	9
960	4
961	4
962	9
963	9
964	9
965	9
966	4
967	4
968	4
969	9
970	4
971	4
972	9
973	9
974	4
975	9
976	9
977	9
978	4
979	4
980	4
981	4
982	9
983	9
984	1
985	13
986	13
987	13
988	13
989	13
990	13
991	13
992	11
993	13
994	13
995	13
996	13
997	13
998	13
999	13
1000	11
1001	11
1002	13
1003	13
1004	13
1005	13
1006	13
1007	9
1008	1
1009	13
1010	1
1011	9
1012	1
1013	1
1014	9
1015	9
1016	9
1017	1
1018	9
1019	9
1020	9
1021	9
1022	9
1023	9
1024	9
1025	9
1026	9
1027	1
1028	9
1029	9
1030	9
1031	9
1032	9
1033	9
1034	9
1035	9
1036	9
1037	9
1038	9
1039	1
1040	9
1041	9
1042	1
1043	9
1044	9
1045	9
1046	9
1047	9
1048	1
1049	9
1050	9
1051	9
1052	9
1053	9
1054	9
1055	9
1056	1
1057	9
1058	9
1059	9
1060	9
1061	9
1062	9
1063	9
1064	9
1065	9
1066	9
1067	9
1068	9
1069	9
1070	1
1071	9
1072	9
1073	9
1074	9
1075	12
1076	12
1077	12
1078	12
1079	12
1080	12
1081	12
1082	12
1083	12
1084	12
1085	12
1086	12
1087	3
1088	3
1089	3
1090	3
1091	3
1092	3
1093	3
1094	2
1095	2
1096	2
1097	2
1098	2
1099	2
1100	2
1101	2
1102	2
1103	2
1104	2
1105	2
1106	2
1107	1
1108	1
1109	1
1110	1
1111	1
1112	4
1113	1
1114	4
1115	1
1116	4
1117	1
1118	4
1119	1
1120	1
1121	1
1122	4
1123	1
1124	4
1125	4
1126	1
1127	1
1128	1
1129	1
1130	4
1131	4
1132	4
1133	4
1134	1
1135	1
1136	4
1137	4
1138	4
1139	4
1140	1
1141	1
1142	1
1143	4
1144	1
1145	1
1146	4
1147	4
1148	1
1149	1
1150	1
1151	1
1152	1
1153	4
1154	4
1155	4
1156	4
1157	4
1158	4
1159	4
1160	4
1161	4
1162	4
1163	4
1164	4
1165	4
1166	4
1167	4
1168	4
1169	9
1170	1
1171	1
1172	9
1173	1
1174	9
1175	1
1176	9
1177	9
1178	9
1179	9
1180	9
1181	9
1182	9
1183	9
1184	1
1185	9
1186	9
1187	9
1188	9
1189	9
1190	1
1191	1
1192	1
1193	9
1194	1
1195	9
1196	1
1197	9
1198	1
1199	9
1200	1
1201	1
1202	1
1203	1
1204	1
1205	1
1206	1
1207	1
1208	1
1209	1
1210	1
1211	1
1212	1
1213	1
1214	1
1215	1
1216	1
1217	1
1218	1
1219	1
1220	1
1221	1
1222	1
1223	1
1224	1
1225	1
1226	1
1227	1
1228	1
1229	1
1230	1
1231	1
1232	1
1233	1
1234	1
1235	1
1236	1
1237	1
1238	1
1239	1
1240	3
1241	3
1242	2
1243	2
1244	2
1245	3
1246	2
1247	2
1248	2
1249	2
1250	2
1251	2
1252	2
1253	12
1254	12
1255	12
1256	12
1257	12
1258	2
1259	2
1260	2
1261	2
1262	2
1263	3
1264	12
1265	12
1266	12
1267	12
1268	12
1269	12
1270	12
1271	12
1272	12
1273	12
1274	12
1275	12
1276	12
1277	12
1278	13
1279	13
1280	13
1281	2
1282	3
1283	3
1284	12
1285	12
1286	12
1287	12
1288	13
1289	13
1290	13
1291	13
1292	13
1293	13
1294	13
1295	13
1296	13
1297	13
1298	13
1299	13
1300	13
1301	13
1302	13
1303	12
1304	12
1305	12
1306	12
1307	12
1308	12
1309	12
1310	12
1311	12
1312	12
1313	12
1314	4
1315	4
1316	4
1317	4
1318	4
1319	4
1320	9
1321	4
1322	9
1323	4
1324	4
1325	4
1326	4
1327	4
1328	4
1329	4
1330	4
1331	4
1332	4
1333	4
1334	4
1335	9
1336	4
1337	4
1338	4
1339	9
1340	4
1341	4
1342	9
1343	9
1344	4
1345	4
1346	12
1347	5
1348	5
1349	5
1350	12
1351	12
1352	5
1353	12
1354	5
1355	5
1356	12
1357	5
1358	5
1359	5
1360	5
1361	12
1362	12
1363	1
1364	1
1365	1
1366	1
1367	1
1368	1
1369	1
1370	1
1371	1
1372	1
1373	1
1374	1
1375	1
1376	1
1377	1
1378	1
1379	1
1380	1
1381	4
1382	4
1383	4
1384	4
1385	4
1386	4
1387	4
1388	4
1389	4
1390	4
1391	4
1392	4
1393	4
1394	4
1395	4
1396	4
1397	12
1398	12
1399	12
1400	12
1401	12
1402	12
1403	12
1404	12
1405	12
1406	12
1407	12
1408	12
1409	12
1410	12
1411	12
1412	12
1413	12
1414	12
1415	12
1416	12
1417	12
1418	12
1419	12
1420	12
1421	12
1422	12
1423	12
1424	12
1425	12
1426	12
1427	12
1428	6
1429	6
1430	6
1431	6
1432	6
1433	6
1434	6
1435	6
1436	6
1437	6
1438	6
1439	6
1440	6
1441	7
1442	7
1443	7
1444	7
1445	7
1446	7
1447	7
1448	7
1449	7
1450	7
1451	7
1452	7
1453	7
1454	7
1455	6
1456	6
1457	6
1458	6
1459	6
1460	6
1461	6
1462	6
1463	6
1464	6
1465	2
1466	2
1467	2
1468	2
1469	13
1470	2
1471	2
1472	2
1473	13
1474	2
1475	2
1476	2
1477	2
1478	2
1479	2
1480	2
1481	2
1482	2
1483	2
1484	2
1485	2
1486	2
1487	13
1488	2
1489	7
1490	7
1491	7
1492	7
1493	7
1494	7
1495	7
1496	7
1497	7
1498	7
1499	7
1500	7
1501	5
1502	5
1503	5
1504	5
1505	5
1506	5
1507	5
1508	5
1509	5
1510	5
1511	5
1512	5
1513	5
1514	5
1515	5
1516	5
1517	5
1518	5
1519	5
1520	5
1521	5
1522	5
1523	5
1524	5
1525	5
1526	5
1527	5
1528	5
1529	11
1530	11
1531	11
1532	11
1533	11
1534	11
1535	11
1536	11
1537	11
1538	11
1539	11
1540	11
1541	11
1542	11
1543	11
1544	11
1545	11
1546	11
1547	11
1548	11
1549	11
1550	11
1551	11
1552	1
1553	1
1554	1
1555	1
1556	1
1557	1
1558	1
1559	1
1560	1
1561	1
1562	1
1563	1
1564	1
1565	1
1566	1
1567	1
1568	1
1569	1
1570	1
1571	1
1572	1
1573	1
1574	1
1575	1
1576	7
1577	7
1578	7
1579	7
1580	7
1581	7
1582	7
1583	7
1584	7
1585	7
1586	7
1587	7
1588	7
1589	7
1590	7
1591	7
1592	7
1593	12
1594	12
1595	12
1596	12
1597	12
1598	12
1599	12
1600	12
1601	12
1602	6
1603	6
1604	6
1605	6
1606	6
1607	6
1608	6
1609	6
1610	6
1611	6
1612	6
1613	6
1614	6
1615	6
1616	6
1617	6
1618	2
1619	2
1620	2
1621	2
1622	2
1623	2
1624	2
1625	2
1626	2
1627	2
1628	2
1629	1
1630	7
1631	7
1632	7
1633	1
1634	1
1635	7
1636	7
1637	1
1638	1
1639	1
1640	1
1641	1
1642	7
1643	1
1644	2
1645	2
1646	2
1647	2
1648	2
1649	7
1650	1
1651	7
1652	1
1653	7
1654	7
1655	7
1656	1
1658	1
1659	1
1660	7
1661	1
1662	7
1663	1
1664	1
1665	1
1666	1
1667	7
1668	7
1669	1
1670	1
1671	7
1672	1
1673	2
1674	1
1675	7
1676	1
1677	2
1678	3
1679	3
1680	3
1681	3
1682	3
1683	3
1684	3
1685	7
1686	7
1687	7
1688	7
1689	7
1690	7
1691	7
1692	7
1693	7
1694	7
1695	7
1696	7
1697	7
1698	7
1699	7
1700	7
1701	5
1702	7
1703	6
1704	6
1705	7
1706	7
1707	7
1708	7
1709	5
1710	7
1711	7
1712	7
1713	2
1714	2
1715	2
1716	2
1717	2
1718	2
1719	2
1720	2
1721	2
1722	2
1723	2
1724	2
1725	7
1726	7
1727	7
1728	2
1729	7
1730	7
1731	7
1732	7
1733	7
1734	7
1735	7
1736	5
1737	5
1738	5
1739	5
1740	5
1741	7
1742	5
1743	5
1744	5
1745	5
1746	5
1747	5
1748	5
1749	5
1750	5
1751	5
1752	5
1753	5
1754	5
1755	5
1756	5
1757	2
1758	2
1759	2
1760	2
1761	5
1762	5
1763	5
1764	5
1765	5
1766	5
1767	5
1768	5
1769	5
1770	5
1771	5
1772	5
1773	5
1774	2
1775	2
1776	2
1777	2
1778	2
1779	2
1780	2
1781	2
1782	2
1783	2
1784	2
1785	2
1786	2
1787	5
1788	5
1789	5
1790	5
1791	5
1792	5
1793	5
1794	5
1795	2
1796	2
1797	2
1798	2
1799	5
1800	5
1801	5
1802	5
1803	5
1804	5
1805	5
1806	5
1807	5
1808	5
1809	6
1810	6
1811	6
1812	6
1813	6
1814	6
1815	6
1816	6
1817	6
1818	6
1819	6
1820	6
1821	6
1822	6
1823	6
1824	6
1825	6
1826	6
1827	6
1828	6
1829	6
1830	2
1831	2
1832	2
1833	2
1834	2
1835	6
1836	6
1837	2
1838	6
1839	6
1840	1
1841	1
1842	1
1843	1
1844	1
1845	6
1846	6
1847	6
1848	6
1849	6
1850	6
1851	6
1852	6
1853	6
1854	6
1855	6
1856	6
1857	2
1858	2
1859	2
1860	2
1861	2
1862	2
1863	6
1864	6
1865	6
1866	6
1867	6
1868	6
1869	6
1870	6
1871	6
1872	3
1873	3
1874	3
1875	3
1876	3
1877	3
1878	3
1879	3
1880	3
1881	3
1882	3
1883	3
1884	3
1885	3
1886	3
1887	3
1888	3
1889	3
1890	3
1891	3
1892	3
1893	3
1894	3
1895	12
1896	12
1897	12
1898	4
1899	4
1900	4
1901	4
1902	4
1903	4
1904	12
1905	5
1906	5
1907	5
1908	5
1909	12
1910	12
1911	12
1912	5
1913	5
1914	5
1915	12
1916	4
1917	4
1918	4
1919	4
1920	4
1921	4
1922	4
1923	4
1924	5
1925	5
1926	5
1927	12
1928	5
1929	5
1930	5
1931	12
1932	5
1933	5
1934	12
1935	5
1936	12
1937	5
1938	5
1939	12
1940	5
1941	12
1942	5
1943	5
1944	12
1945	5
1946	5
1947	12
1948	5
1949	5
1950	12
1951	5
1952	5
1953	12
1954	5
1955	12
1956	12
1957	12
1958	12
1959	5
1960	12
1961	5
1962	12
1963	12
1964	12
1965	5
1966	5
1967	5
1968	12
1969	5
1970	12
1971	5
1972	12
1973	12
1974	12
1975	5
1976	11
1977	11
1978	11
1979	11
1980	11
1981	11
1982	11
1983	11
1984	11
1985	11
1986	11
1987	11
1988	11
1989	11
1990	11
1991	11
1992	11
1993	11
1994	11
1995	11
1996	11
1997	11
1998	11
1999	11
2000	11
2001	11
2002	11
2003	11
2004	11
2005	11
2006	11
2007	11
2008	11
2009	11
2010	11
2011	11
2012	11
2013	11
2014	11
2015	11
2016	11
2017	3
2018	3
2019	3
2020	3
2021	3
2022	3
2023	3
2024	3
2025	3
2026	3
2027	3
2028	3
2029	3
2030	11
2031	11
2032	11
2033	11
2034	11
2035	3
2036	3
2037	3
2038	3
2039	3
2040	3
2041	3
2042	3
2043	3
2044	3
2045	3
2046	3
2047	3
2048	3
2049	3
2050	3
2051	3
2052	3
2053	3
2054	3
2055	3
2056	3
2057	3
2058	6
2059	6
2060	6
2061	6
2062	6
2063	6
2064	6
2065	6
2066	6
2067	6
2068	3
2069	3
2070	3
2071	3
2072	3
2073	2
2074	3
2075	3
2076	3
2077	2
2078	2
2079	3
2080	2
2081	3
2082	3
2083	3
2084	3
2085	3
2086	3
2087	3
2088	3
2089	7
2090	7
2091	7
2092	7
2093	7
2094	7
2095	7
2096	5
2097	5
2098	5
2099	5
2100	5
2101	5
2102	5
2103	5
2104	5
2105	5
2106	5
2107	5
2108	5
2109	5
2110	5
2111	5
2112	5
2113	8
2114	8
2115	8
2116	8
2117	8
2118	8
2119	8
2120	6
2121	6
2122	8
2123	8
2124	3
2125	8
2126	6
2127	8
2128	8
2129	8
2130	8
2131	8
2132	8
2133	8
2134	8
2135	8
2136	8
2137	8
2138	8
2139	6
2140	6
2141	8
2142	8
2143	8
2144	8
2145	8
2146	8
2147	8
2148	8
2149	8
2150	8
2151	6
2152	8
2153	8
2154	8
2155	8
2156	8
2157	8
2158	8
2159	8
2160	8
2161	8
2162	8
2163	6
2164	6
2165	6
2166	8
2167	6
2168	6
2169	8
2170	8
2171	8
2172	8
2173	8
2174	8
2175	8
2176	8
2177	8
2178	6
2179	6
2180	6
2181	6
2182	8
2183	8
2184	8
2185	8
2186	8
2187	8
2188	8
2189	6
2190	6
2191	8
2192	8
2193	8
2194	8
2195	8
2196	8
2197	8
2198	8
2199	8
2200	8
2201	8
2202	8
2203	8
2204	8
2205	8
2206	6
2207	6
2208	8
2209	8
2210	8
2211	8
2212	8
2213	6
2214	8
2215	8
2216	8
2217	8
2218	8
2219	8
2220	8
2221	8
2222	8
2223	8
2224	8
2225	8
2226	8
2227	8
2228	8
2229	8
2230	6
2231	6
2232	8
2233	8
2234	8
2235	8
2236	8
2237	8
2238	8
2239	8
2240	8
2241	8
2242	8
2243	8
2244	8
2245	8
2246	8
2247	6
2248	6
2249	8
2250	8
2251	8
2252	8
2253	8
2254	8
2255	8
2256	6
2257	8
2258	6
2259	6
2260	6
2261	6
2262	6
2263	8
2264	8
2265	8
2266	8
2267	8
2268	8
2269	8
2270	8
2271	8
2272	8
2273	8
2274	8
2275	8
2276	8
2277	8
2278	8
2279	8
2280	8
2281	8
2282	8
2283	6
2284	3
2285	3
2286	8
2287	8
2288	8
2289	8
2290	8
2291	8
2292	8
2293	8
2294	6
2295	8
2296	6
2297	8
2298	8
2299	8
2300	8
2301	8
2302	8
2303	6
2304	6
2305	8
2306	8
2307	8
2308	8
2309	3
2310	3
2311	3
2312	9
2313	9
2314	9
2315	9
2316	9
2317	9
2318	9
2319	9
2320	9
2321	9
2322	9
2323	9
2324	9
2325	9
2326	9
2327	9
2328	9
2329	9
2330	12
2331	12
2332	12
2333	12
2334	12
2335	12
2336	12
2337	12
2338	12
2339	12
2340	12
2341	12
2342	12
2343	12
2344	12
2345	12
2346	9
2347	9
2348	9
2349	9
2350	9
2351	9
2352	9
2353	9
2354	9
2355	9
2356	9
2357	9
2358	9
2359	9
2360	9
2361	9
2362	9
2363	9
2364	9
2365	9
2366	6
2367	8
2368	6
2369	8
2370	6
2371	6
2372	6
2373	6
2374	6
2375	6
2376	6
2377	6
2378	6
2379	6
2380	8
2381	6
2382	6
2383	6
2384	6
2385	6
2386	6
2387	6
2388	6
2389	6
2390	6
2391	6
2392	6
2393	6
2394	6
2395	6
2396	6
2397	6
2398	6
2399	6
2400	6
2401	6
2402	6
2403	6
2404	6
2405	6
2406	6
2407	6
2408	6
2409	6
2410	6
2411	6
2412	6
2413	6
2414	6
2415	10
2416	10
2417	10
2418	10
2419	10
2420	10
2421	10
2422	10
2423	10
2424	10
2425	10
2426	10
2427	10
2428	10
2429	10
2430	10
2431	10
2432	10
2433	10
2434	10
2435	10
2436	10
2437	10
2438	10
2439	10
2440	10
2441	10
2442	10
2443	10
2444	10
2445	10
2446	10
2447	10
2448	10
2449	10
2450	10
2451	10
2452	10
2453	10
2454	10
2455	10
2456	10
2457	10
2458	10
2459	10
2460	10
2461	10
2462	10
2463	10
2464	10
2465	10
2466	10
2467	10
2468	10
2469	10
2470	10
2471	10
2472	10
2473	10
2474	10
2475	10
2476	10
2477	10
2478	10
2479	10
2480	10
2481	10
2482	10
2483	10
2484	10
2485	10
2486	10
2487	10
2488	10
2489	10
2490	10
2491	10
2492	10
2493	10
2494	10
2495	10
2496	13
2497	13
2498	13
2499	13
2500	10
2501	10
2502	10
2503	10
2504	10
2505	10
2506	10
2507	10
2508	13
2509	13
2510	13
2511	13
2512	13
2513	13
2514	13
2515	10
2516	10
2517	10
2518	10
2519	10
2520	10
2521	10
2522	10
2523	13
2524	10
2525	10
2526	10
2527	10
2528	10
2529	10
2530	10
2531	13
2532	10
2533	13
2534	10
2535	13
2536	13
2537	13
2538	10
2539	10
2540	10
2541	10
2542	10
2543	10
2544	10
2545	10
2546	10
2547	10
2548	10
2549	10
2550	10
2551	10
2552	10
2553	10
2554	10
2555	10
2556	10
2557	10
2558	10
2559	10
2560	10
2561	10
2562	13
2563	10
2564	10
2565	10
2566	10
2567	10
2568	10
2569	13
2570	13
2571	10
2572	10
2573	10
2574	13
2575	10
2576	10
2577	10
2578	10
2579	10
2580	10
2581	10
2582	10
2583	10
2584	10
2585	10
2586	10
2587	13
2588	13
2589	13
2590	13
2591	13
2592	13
2593	13
2594	10
2595	10
2596	10
2597	10
2598	10
2599	10
2600	10
2601	10
2602	10
2603	10
2604	10
2605	10
2606	3
2607	3
2608	3
2609	3
2610	3
2611	3
2612	3
2613	3
2614	3
2615	3
2616	3
2617	3
2618	3
2619	3
2620	3
2621	3
2622	3
2623	3
2624	3
2625	3
2626	3
2627	3
2628	3
2629	3
2630	3
2631	3
2632	3
2633	3
2634	3
2635	3
2636	3
2637	3
2638	3
2639	3
2640	11
2641	11
2642	11
2643	11
2644	11
2645	13
2646	13
2647	13
2648	13
2649	11
2650	11
2651	13
2652	13
2653	13
2654	13
2655	13
2656	11
2657	13
2658	11
2659	11
2660	11
2661	13
2662	13
2663	11
2664	13
2665	11
2666	11
2667	13
2668	11
2669	11
2670	13
2671	11
2672	11
2673	11
2674	11
2675	13
2676	13
2677	13
2678	13
2679	11
2680	13
2681	11
2682	11
2683	11
2684	11
2685	11
2686	11
2687	11
2688	12
2689	12
2690	12
2691	12
315	7
1657	1
