0	5
1	5
2	5
3	5
4	5
5	5
6	5
7	9
8	9
9	9
10	9
11	9
12	9
13	9
14	9
15	9
16	9
17	9
18	9
19	9
20	9
21	4
22	4
23	4
24	4
25	4
26	4
27	4
28	4
29	12
30	12
31	12
32	12
33	9
34	12
35	12
36	12
37	12
38	12
39	12
40	12
41	9
42	12
43	12
44	9
45	12
46	12
47	9
48	12
49	12
50	12
51	12
52	12
53	11
54	11
55	11
56	11
57	11
58	12
59	12
60	12
61	12
62	12
63	12
64	12
65	11
66	11
67	11
68	11
69	11
70	11
71	4
72	4
73	4
74	4
75	12
76	12
77	12
78	12
79	12
80	12
81	12
82	12
83	7
84	7
85	7
86	7
87	7
88	7
89	7
90	7
91	7
92	7
93	7
94	7
95	7
96	9
97	9
98	9
99	9
100	9
101	9
102	9
103	9
104	9
105	9
106	9
107	9
108	9
109	9
110	9
111	9
112	9
113	9
114	9
115	9
116	9
117	9
118	9
119	9
120	9
121	9
122	9
123	9
124	9
125	9
126	9
127	9
128	9
129	1
130	1
131	1
132	3
133	1
134	1
135	1
136	1
137	1
138	1
139	3
140	1
141	3
142	3
143	1
144	1
145	1
146	1
147	1
148	1
149	1
150	1
151	1
152	1
153	1
154	3
155	3
156	3
157	3
158	3
159	3
160	3
161	3
162	3
163	1
164	1
165	3
166	1
167	1
168	1
169	1
170	1
171	1
172	1
173	1
174	1
175	1
176	1
177	1
178	1
179	1
180	1
181	1
182	1
183	5
184	5
185	5
186	5
187	5
188	5
189	5
190	5
191	5
192	5
193	5
194	5
195	5
196	5
197	5
198	5
199	5
200	5
201	5
202	5
203	5
204	5
205	5
206	5
207	5
208	4
209	4
210	4
211	4
212	4
213	4
214	4
215	4
216	4
217	4
218	4
219	4
220	4
221	4
222	4
223	4
224	4
225	4
226	8
227	8
228	8
229	8
230	8
231	8
232	8
233	8
234	8
235	8
236	4
237	4
238	4
239	4
240	4
241	4
242	4
243	4
244	4
245	4
246	4
247	4
248	5
249	5
250	5
251	5
252	5
253	5
254	5
255	5
256	5
257	5
258	5
259	5
260	5
261	4
262	4
263	4
264	4
265	4
266	4
267	4
268	8
269	8
270	8
271	4
272	4
273	4
274	4
275	4
276	4
277	4
278	8
279	8
280	8
281	8
282	8
283	8
284	8
285	8
286	8
287	8
288	8
289	8
290	8
291	8
292	8
293	8
294	8
295	8
296	8
297	8
298	8
299	8
300	8
301	8
302	5
303	5
304	5
305	5
306	11
307	11
308	11
309	11
310	11
311	11
312	11
313	11
314	11
316	10
317	10
318	10
319	10
320	10
321	10
322	10
323	10
324	10
325	10
326	10
327	10
328	10
329	10
330	10
331	11
332	11
333	11
334	11
335	11
336	11
337	10
338	10
339	10
340	11
341	11
342	11
343	11
344	11
345	11
346	11
347	11
348	11
349	11
350	11
351	11
352	11
353	11
354	11
355	11
356	7
357	7
358	7
359	7
360	7
361	7
362	7
363	7
364	7
365	7
366	7
367	7
368	7
369	11
370	11
371	11
372	11
373	11
374	11
375	11
376	11
377	11
378	11
379	11
380	11
381	11
382	11
383	11
384	11
385	11
386	11
387	11
388	11
389	10
390	10
391	10
392	10
393	10
394	11
395	11
396	11
397	11
398	10
399	10
400	10
401	10
402	10
403	4
404	4
405	4
406	4
407	4
408	4
409	12
410	12
411	12
412	12
413	12
414	12
415	12
416	12
417	12
418	12
419	12
420	12
421	12
422	12
423	12
424	12
425	1
426	1
427	1
428	1
429	1
430	1
431	1
432	1
433	12
434	12
435	12
436	12
437	12
438	12
439	12
440	12
441	12
442	12
443	12
444	12
445	12
446	1
447	1
448	1
449	1
450	1
451	12
452	12
453	12
454	1
455	1
456	1
457	12
458	12
459	12
460	12
461	12
462	12
463	1
464	1
465	1
466	1
467	1
468	1
469	1
470	1
471	1
472	1
473	12
474	12
475	8
476	8
477	1
478	1
479	1
480	1
481	1
482	1
483	1
484	4
485	4
486	1
487	1
488	1
489	8
490	8
491	8
492	8
493	8
494	8
495	1
496	1
497	1
498	4
499	1
500	1
501	1
502	4
503	1
504	1
505	1
506	4
507	4
508	4
509	4
510	4
511	4
512	4
513	4
514	4
515	4
516	4
517	4
518	4
519	4
520	4
521	4
522	7
523	7
524	7
525	7
526	5
527	5
528	7
529	7
530	7
531	7
532	7
533	7
534	7
535	7
536	7
537	7
538	5
539	5
540	5
541	5
542	5
543	5
544	5
545	5
546	5
547	5
548	5
549	5
550	5
551	5
552	5
553	5
554	5
555	5
556	5
557	5
558	5
559	4
560	4
561	4
562	4
563	4
564	4
565	5
566	5
567	5
568	5
569	5
570	6
571	6
572	6
573	6
574	6
575	6
576	6
577	6
578	6
579	6
580	6
581	5
582	5
583	5
584	5
585	5
586	5
587	8
588	8
589	8
590	8
591	8
592	4
593	4
594	8
595	4
596	8
597	4
598	8
599	4
600	4
601	4
602	4
603	5
604	5
605	5
606	5
607	5
608	5
609	5
610	5
611	5
612	5
613	5
614	5
615	5
616	5
617	8
618	4
619	4
620	8
621	8
622	8
623	8
624	8
625	8
626	8
627	4
628	4
629	4
630	4
631	4
632	4
633	8
634	4
635	4
636	8
637	8
638	8
639	5
640	5
641	5
642	5
643	5
644	5
645	5
646	5
647	5
648	5
649	5
650	5
651	5
652	5
653	5
654	5
655	5
656	5
657	8
658	8
659	8
660	8
661	12
662	12
663	12
664	12
665	12
666	12
667	12
668	12
669	12
670	1
671	1
672	1
673	1
674	1
675	1
676	1
677	1
678	1
679	1
680	12
681	12
682	12
683	12
684	12
685	12
686	12
687	12
688	12
689	12
690	12
691	12
692	12
693	12
694	12
695	12
696	12
697	1
698	1
699	1
700	1
701	1
702	1
703	1
704	1
705	1
706	1
707	1
708	1
709	1
710	1
711	1
712	1
713	1
714	12
715	12
716	4
717	4
718	1
719	1
720	1
721	4
722	4
723	4
724	4
725	4
726	4
727	4
728	4
729	4
730	4
731	4
732	9
733	9
734	9
735	9
736	9
737	1
738	1
739	1
740	1
741	1
742	1
743	8
744	8
745	9
746	9
747	9
748	9
749	9
750	9
751	9
752	9
753	9
754	9
755	9
756	9
757	9
758	9
759	9
760	9
761	9
762	9
763	9
764	9
765	9
766	8
767	1
768	8
769	1
770	9
771	9
772	8
773	8
774	8
775	1
776	8
777	8
778	1
779	1
780	8
781	1
782	8
783	1
784	1
785	4
786	8
787	8
788	8
789	8
790	8
791	4
792	4
793	4
794	4
795	4
796	4
797	4
798	4
799	4
800	4
801	8
802	8
803	8
804	8
805	4
806	4
807	4
808	8
809	8
810	1
811	10
812	13
813	10
814	10
815	10
816	13
817	10
818	13
819	13
820	13
821	10
822	13
823	10
824	13
825	13
826	13
827	13
828	13
829	13
830	10
831	10
832	13
833	13
834	10
835	10
836	10
837	10
838	10
839	13
840	10
841	13
842	10
843	10
844	10
845	13
846	10
847	13
848	13
849	13
850	13
851	13
852	10
853	10
854	10
855	13
856	13
857	13
858	5
859	5
860	5
861	5
862	5
863	5
864	5
865	5
866	5
867	5
868	5
869	5
870	5
871	10
872	10
873	13
874	13
875	10
876	10
877	13
878	13
879	13
880	13
881	10
882	10
883	10
884	10
885	10
886	10
887	10
888	10
889	13
890	10
891	13
892	13
893	10
894	10
895	10
896	10
897	13
898	10
899	13
900	13
901	13
902	10
903	10
904	10
905	10
906	13
907	10
908	10
909	13
910	13
911	13
912	13
913	13
914	10
915	10
916	13
917	10
918	13
919	13
920	13
921	13
922	13
923	13
924	13
925	10
926	13
927	10
928	10
929	10
930	13
931	10
932	13
933	13
934	13
935	10
936	10
937	13
938	13
939	13
940	13
941	13
942	10
943	13
944	13
945	13
946	13
947	10
948	10
949	10
950	13
951	13
952	13
953	13
954	13
955	13
956	13
957	10
958	10
959	13
960	13
961	13
962	10
963	10
964	10
965	10
966	13
967	13
968	13
969	10
970	13
971	13
972	10
973	10
974	13
975	13
976	10
977	10
978	13
979	13
980	13
981	13
982	10
983	10
984	9
985	1
986	1
987	1
988	1
989	1
990	1
991	1
992	1
993	1
994	1
995	1
996	1
997	1
998	1
999	1
1000	1
1001	1
1002	1
1003	1
1004	1
1005	1
1006	1
1007	10
1008	10
1009	1
1010	10
1011	10
1012	10
1013	10
1014	10
1015	10
1016	10
1017	9
1018	10
1019	10
1020	10
1021	10
1022	10
1023	10
1024	10
1025	10
1026	10
1027	9
1028	10
1029	10
1030	10
1031	10
1032	10
1033	10
1034	10
1035	10
1036	10
1037	9
1038	10
1039	10
1040	10
1041	9
1042	9
1043	10
1044	10
1045	10
1046	10
1047	9
1048	10
1049	10
1050	10
1051	10
1052	10
1053	10
1054	10
1055	10
1056	9
1057	9
1058	10
1059	10
1060	10
1061	10
1062	10
1063	9
1064	10
1065	9
1066	9
1067	9
1068	10
1069	10
1070	9
1071	10
1072	10
1073	10
1074	10
1075	12
1076	12
1077	12
1078	12
1079	12
1080	12
1081	12
1082	12
1083	12
1084	12
1085	12
1086	12
1087	4
1088	8
1089	8
1090	8
1091	4
1092	8
1093	8
1094	4
1095	4
1096	4
1097	4
1098	4
1099	4
1100	4
1101	4
1102	4
1103	4
1104	4
1105	4
1106	4
1107	13
1108	11
1109	13
1110	13
1111	13
1112	13
1113	13
1114	11
1115	13
1116	13
1117	13
1118	11
1119	13
1120	11
1121	13
1122	11
1123	13
1124	11
1125	11
1126	11
1127	13
1128	11
1129	13
1130	11
1131	11
1132	13
1133	11
1134	13
1135	13
1136	13
1137	13
1138	13
1139	13
1140	13
1141	13
1142	13
1143	13
1144	11
1145	11
1146	11
1147	11
1148	13
1149	13
1150	13
1151	13
1152	13
1153	11
1154	11
1155	11
1156	11
1157	11
1158	11
1159	11
1160	11
1161	11
1162	11
1163	11
1164	11
1165	11
1166	11
1167	11
1168	11
1169	10
1170	9
1171	10
1172	10
1173	10
1174	10
1175	9
1176	10
1177	10
1178	10
1179	10
1180	10
1181	10
1182	10
1183	10
1184	9
1185	10
1186	10
1187	10
1188	10
1189	10
1190	9
1191	10
1192	10
1193	10
1194	9
1195	10
1196	9
1197	10
1198	9
1199	10
1200	13
1201	13
1202	13
1203	13
1204	13
1205	13
1206	13
1207	13
1208	7
1209	13
1210	13
1211	7
1212	7
1213	7
1214	13
1215	7
1216	13
1217	13
1218	13
1219	13
1220	13
1221	7
1222	13
1223	13
1224	13
1225	13
1226	13
1227	13
1228	13
1229	13
1230	13
1231	7
1232	13
1233	13
1234	13
1235	13
1236	13
1237	13
1238	13
1239	13
1240	8
1241	8
1242	8
1243	8
1244	8
1245	8
1246	8
1247	8
1248	8
1249	8
1250	8
1251	8
1252	8
1253	12
1254	12
1255	12
1256	12
1257	12
1258	8
1259	8
1260	8
1261	8
1262	8
1263	8
1264	12
1265	12
1266	12
1267	12
1268	12
1269	12
1270	12
1271	12
1272	12
1273	12
1274	12
1275	12
1276	12
1277	12
1278	4
1279	4
1280	4
1281	8
1282	8
1283	8
1284	12
1285	12
1286	12
1287	12
1288	3
1289	4
1290	4
1291	4
1292	3
1293	4
1294	3
1295	3
1296	3
1297	3
1298	4
1299	3
1300	4
1301	3
1302	3
1303	12
1304	12
1305	12
1306	12
1307	12
1308	12
1309	12
1310	12
1311	12
1312	12
1313	12
1314	13
1315	13
1316	13
1317	13
1318	13
1319	13
1320	13
1321	13
1322	13
1323	13
1324	13
1325	13
1326	13
1327	13
1328	13
1329	13
1330	13
1331	13
1332	13
1333	13
1334	13
1335	13
1336	13
1337	13
1338	13
1339	13
1340	13
1341	13
1342	13
1343	13
1344	13
1345	13
1346	12
1347	12
1348	12
1349	12
1350	12
1351	12
1352	12
1353	12
1354	12
1355	12
1356	12
1357	12
1358	12
1359	12
1360	12
1361	12
1362	12
1363	13
1364	13
1365	13
1366	13
1367	13
1368	13
1369	13
1370	13
1371	13
1372	13
1373	13
1374	13
1375	13
1376	13
1377	13
1378	13
1379	13
1380	13
1381	4
1382	4
1383	4
1384	4
1385	4
1386	4
1387	4
1388	4
1389	4
1390	4
1391	4
1392	4
1393	4
1394	4
1395	4
1396	4
1397	12
1398	12
1399	12
1400	12
1401	12
1402	12
1403	12
1404	12
1405	12
1406	12
1407	12
1408	12
1409	12
1410	12
1411	12
1412	12
1413	12
1414	12
1415	12
1416	12
1417	12
1418	12
1419	12
1420	12
1421	12
1422	12
1423	12
1424	12
1425	12
1426	12
1427	12
1428	6
1429	6
1430	6
1431	6
1432	6
1433	6
1434	6
1435	6
1436	6
1437	6
1438	6
1439	6
1440	6
1441	9
1442	9
1443	9
1444	9
1445	9
1446	9
1447	9
1448	9
1449	9
1450	9
1451	9
1452	9
1453	9
1454	9
1455	6
1456	6
1457	6
1458	6
1459	6
1460	6
1461	6
1462	6
1463	6
1464	6
1465	4
1466	4
1467	4
1468	4
1469	4
1470	4
1471	4
1472	4
1473	4
1474	4
1475	4
1476	4
1477	4
1478	4
1479	4
1480	4
1481	4
1482	4
1483	4
1484	4
1485	4
1486	4
1487	4
1488	4
1489	10
1490	9
1491	10
1492	10
1493	9
1494	10
1495	10
1496	10
1497	9
1498	10
1499	9
1500	9
1501	5
1502	5
1503	5
1504	5
1505	5
1506	5
1507	5
1508	5
1509	5
1510	5
1511	5
1512	5
1513	5
1514	5
1515	5
1516	5
1517	5
1518	5
1519	5
1520	5
1521	5
1522	5
1523	5
1524	5
1525	5
1526	5
1527	5
1528	5
1529	1
1530	1
1531	1
1532	1
1533	1
1534	1
1535	1
1536	1
1537	1
1538	1
1539	1
1540	1
1541	1
1542	1
1543	1
1544	1
1545	1
1546	1
1547	1
1548	1
1549	1
1550	1
1551	1
1552	7
1553	7
1554	7
1555	7
1556	7
1557	7
1558	7
1559	7
1560	7
1561	7
1562	7
1563	7
1564	7
1565	7
1566	7
1567	7
1568	7
1569	7
1570	7
1571	7
1572	7
1573	7
1574	7
1575	7
1576	9
1577	9
1578	9
1579	9
1580	9
1581	9
1582	9
1583	9
1584	9
1585	9
1586	9
1587	9
1588	9
1589	9
1590	9
1591	9
1592	9
1593	12
1594	12
1595	12
1596	12
1597	12
1598	12
1599	12
1600	12
1601	12
1602	7
1603	7
1604	7
1605	7
1606	7
1607	7
1608	7
1609	7
1610	7
1611	7
1612	7
1613	7
1614	7
1615	7
1616	7
1617	7
1618	4
1619	4
1620	4
1621	4
1622	4
1623	4
1624	4
1625	4
1626	4
1627	4
1628	4
1629	9
1630	9
1631	9
1632	9
1633	9
1634	9
1635	9
1636	9
1637	9
1638	9
1639	9
1640	9
1641	9
1642	9
1643	9
1644	4
1645	4
1646	4
1647	4
1648	4
1649	9
1650	9
1651	9
1652	9
1653	9
1654	9
1655	9
1656	9
1658	9
1659	9
1660	9
1661	9
1662	9
1663	9
1664	9
1665	9
1666	9
1667	9
1668	9
1669	9
1670	9
1671	9
1672	9
1673	4
1674	9
1675	9
1676	9
1677	4
1678	8
1679	8
1680	8
1681	8
1682	8
1683	8
1684	8
1685	9
1686	9
1687	9
1688	9
1689	9
1690	9
1691	9
1692	9
1693	9
1694	9
1695	9
1696	9
1697	9
1698	9
1699	9
1700	9
1701	9
1702	9
1703	2
1704	2
1705	9
1706	9
1707	9
1708	9
1709	12
1710	9
1711	9
1712	9
1713	4
1714	4
1715	4
1716	4
1717	4
1718	4
1719	4
1720	4
1721	4
1722	4
1723	4
1724	4
1725	9
1726	9
1727	9
1728	4
1729	9
1730	9
1731	9
1732	9
1733	9
1734	9
1735	9
1736	12
1737	12
1738	12
1739	9
1740	12
1741	9
1742	12
1743	12
1744	2
1745	2
1746	12
1747	2
1748	12
1749	2
1750	2
1751	12
1752	12
1753	12
1754	2
1755	12
1756	2
1757	4
1758	4
1759	4
1760	4
1761	12
1762	2
1763	2
1764	2
1765	2
1766	12
1767	2
1768	2
1769	12
1770	12
1771	12
1772	2
1773	12
1774	4
1775	4
1776	4
1777	4
1778	4
1779	4
1780	4
1781	4
1782	4
1783	4
1784	4
1785	4
1786	4
1787	2
1788	2
1789	12
1790	12
1791	2
1792	12
1793	12
1794	2
1795	4
1796	4
1797	4
1798	4
1799	12
1800	12
1801	12
1802	12
1803	2
1804	2
1805	2
1806	2
1807	12
1808	2
1809	6
1810	6
1811	6
1812	6
1813	6
1814	6
1815	6
1816	6
1817	6
1818	9
1819	6
1820	9
1821	6
1822	9
1823	6
1824	6
1825	9
1826	6
1827	6
1828	9
1829	6
1830	4
1831	4
1832	4
1833	4
1834	4
1835	6
1836	6
1837	4
1838	6
1839	6
1840	13
1841	13
1842	13
1843	13
1844	13
1845	9
1846	6
1847	6
1848	6
1849	6
1850	6
1851	6
1852	6
1853	6
1854	6
1855	6
1856	6
1857	4
1858	4
1859	4
1860	4
1861	4
1862	4
1863	6
1864	6
1865	6
1866	6
1867	6
1868	9
1869	6
1870	6
1871	9
1872	8
1873	8
1874	8
1875	8
1876	8
1877	8
1878	8
1879	8
1880	8
1881	8
1882	8
1883	8
1884	8
1885	8
1886	8
1887	8
1888	8
1889	8
1890	8
1891	8
1892	8
1893	8
1894	8
1895	5
1896	5
1897	5
1898	11
1899	11
1900	11
1901	11
1902	11
1903	11
1904	5
1905	5
1906	5
1907	5
1908	5
1909	5
1910	5
1911	5
1912	5
1913	12
1914	12
1915	12
1916	11
1917	11
1918	11
1919	11
1920	11
1921	11
1922	11
1923	11
1924	5
1925	5
1926	5
1927	5
1928	5
1929	5
1930	5
1931	12
1932	5
1933	5
1934	5
1935	12
1936	5
1937	5
1938	5
1939	5
1940	5
1941	5
1942	12
1943	5
1944	5
1945	5
1946	12
1947	5
1948	12
1949	5
1950	5
1951	5
1952	5
1953	5
1954	5
1955	5
1956	5
1957	5
1958	5
1959	5
1960	5
1961	5
1962	5
1963	5
1964	5
1965	5
1966	5
1967	5
1968	5
1969	5
1970	5
1971	5
1972	5
1973	5
1974	5
1975	5
1976	7
1977	7
1978	7
1979	7
1980	7
1981	7
1982	1
1983	7
1984	7
1985	1
1986	7
1987	7
1988	7
1989	7
1990	7
1991	1
1992	7
1993	7
1994	7
1995	1
1996	7
1997	7
1998	7
1999	7
2000	7
2001	7
2002	7
2003	7
2004	7
2005	7
2006	7
2007	7
2008	7
2009	7
2010	7
2011	7
2012	1
2013	7
2014	7
2015	7
2016	7
2017	8
2018	8
2019	8
2020	8
2021	8
2022	8
2023	8
2024	1
2025	8
2026	8
2027	8
2028	8
2029	8
2030	1
2031	1
2032	1
2033	1
2034	1
2035	1
2036	1
2037	8
2038	4
2039	4
2040	4
2041	4
2042	4
2043	8
2044	8
2045	8
2046	1
2047	1
2048	4
2049	4
2050	8
2051	1
2052	1
2053	8
2054	8
2055	1
2056	8
2057	1
2058	7
2059	7
2060	7
2061	7
2062	7
2063	7
2064	7
2065	7
2066	7
2067	7
2068	4
2069	4
2070	4
2071	4
2072	4
2073	4
2074	4
2075	4
2076	4
2077	4
2078	4
2079	4
2080	4
2081	4
2082	4
2083	4
2084	4
2085	4
2086	4
2087	4
2088	4
2089	9
2090	9
2091	9
2092	9
2093	9
2094	9
2095	9
2096	5
2097	5
2098	5
2099	5
2100	5
2101	5
2102	5
2103	5
2104	5
2105	5
2106	5
2107	5
2108	5
2109	5
2110	5
2111	5
2112	5
2113	2
2114	6
2115	6
2116	6
2117	6
2118	2
2119	2
2120	6
2121	6
2122	2
2123	2
2124	4
2125	6
2126	6
2127	6
2128	6
2129	6
2130	2
2131	2
2132	2
2133	2
2134	2
2135	2
2136	2
2137	2
2138	2
2139	6
2140	6
2141	2
2142	2
2143	2
2144	2
2145	6
2146	2
2147	2
2148	6
2149	2
2150	6
2151	6
2152	6
2153	6
2154	6
2155	2
2156	2
2157	2
2158	6
2159	2
2160	6
2161	6
2162	6
2163	6
2164	2
2165	2
2166	2
2167	6
2168	6
2169	6
2170	6
2171	2
2172	6
2173	6
2174	2
2175	2
2176	2
2177	2
2178	6
2179	6
2180	2
2181	2
2182	6
2183	6
2184	6
2185	6
2186	6
2187	6
2188	2
2189	6
2190	6
2191	6
2192	6
2193	6
2194	2
2195	2
2196	2
2197	2
2198	2
2199	2
2200	6
2201	2
2202	2
2203	2
2204	6
2205	6
2206	6
2207	6
2208	6
2209	6
2210	6
2211	2
2212	2
2213	6
2214	6
2215	2
2216	2
2217	6
2218	6
2219	6
2220	6
2221	6
2222	2
2223	2
2224	6
2225	6
2226	6
2227	6
2228	2
2229	2
2230	2
2231	2
2232	6
2233	2
2234	2
2235	2
2236	2
2237	2
2238	2
2239	6
2240	6
2241	2
2242	2
2243	2
2244	2
2245	2
2246	6
2247	2
2248	2
2249	6
2250	6
2251	6
2252	6
2253	2
2254	2
2255	2
2256	2
2257	2
2258	6
2259	6
2260	6
2261	2
2262	2
2263	6
2264	6
2265	6
2266	2
2267	6
2268	6
2269	2
2270	2
2271	2
2272	2
2273	2
2274	2
2275	6
2276	6
2277	2
2278	2
2279	2
2280	6
2281	6
2282	6
2283	2
2284	4
2285	4
2286	2
2287	2
2288	6
2289	6
2290	6
2291	6
2292	6
2293	6
2294	6
2295	6
2296	6
2297	2
2298	2
2299	2
2300	2
2301	6
2302	2
2303	6
2304	6
2305	6
2306	6
2307	2
2308	2
2309	4
2310	4
2311	4
2312	10
2313	10
2314	10
2315	10
2316	10
2317	10
2318	10
2319	10
2320	10
2321	10
2322	10
2323	10
2324	10
2325	10
2326	10
2327	10
2328	10
2329	10
2330	5
2331	5
2332	5
2333	5
2334	5
2335	5
2336	5
2337	5
2338	5
2339	5
2340	5
2341	5
2342	5
2343	5
2344	5
2345	5
2346	10
2347	10
2348	10
2349	10
2350	10
2351	10
2352	10
2353	10
2354	10
2355	10
2356	10
2357	10
2358	10
2359	10
2360	10
2361	10
2362	10
2363	10
2364	10
2365	10
2366	2
2367	2
2368	2
2369	2
2370	2
2371	2
2372	2
2373	2
2374	2
2375	2
2376	2
2377	2
2378	2
2379	2
2380	2
2381	2
2382	2
2383	2
2384	2
2385	2
2386	2
2387	2
2388	2
2389	2
2390	2
2391	2
2392	2
2393	2
2394	2
2395	2
2396	2
2397	2
2398	2
2399	2
2400	2
2401	2
2402	2
2403	2
2404	2
2405	2
2406	2
2407	2
2408	2
2409	2
2410	2
2411	2
2412	2
2413	2
2414	2
2415	11
2416	11
2417	11
2418	11
2419	3
2420	3
2421	3
2422	3
2423	11
2424	11
2425	11
2426	11
2427	3
2428	3
2429	3
2430	3
2431	3
2432	3
2433	3
2434	3
2435	11
2436	11
2437	3
2438	3
2439	3
2440	3
2441	3
2442	3
2443	11
2444	11
2445	3
2446	3
2447	3
2448	11
2449	3
2450	3
2451	3
2452	3
2453	11
2454	11
2455	11
2456	11
2457	11
2458	11
2459	11
2460	3
2461	3
2462	11
2463	11
2464	11
2465	3
2466	3
2467	11
2468	11
2469	11
2470	11
2471	11
2472	3
2473	3
2474	3
2475	11
2476	11
2477	11
2478	11
2479	3
2480	3
2481	11
2482	11
2483	3
2484	11
2485	11
2486	11
2487	11
2488	3
2489	11
2490	11
2491	3
2492	11
2493	11
2494	11
2495	3
2496	3
2497	3
2498	3
2499	3
2500	11
2501	11
2502	11
2503	11
2504	11
2505	11
2506	11
2507	11
2508	3
2509	3
2510	3
2511	3
2512	3
2513	3
2514	3
2515	3
2516	3
2517	3
2518	3
2519	3
2520	3
2521	3
2522	3
2523	3
2524	3
2525	3
2526	3
2527	3
2528	3
2529	3
2530	3
2531	3
2532	3
2533	3
2534	3
2535	3
2536	3
2537	3
2538	3
2539	3
2540	3
2541	3
2542	3
2543	3
2544	3
2545	3
2546	3
2547	3
2548	3
2549	3
2550	3
2551	3
2552	3
2553	3
2554	3
2555	3
2556	3
2557	3
2558	11
2559	11
2560	3
2561	3
2562	3
2563	3
2564	3
2565	3
2566	3
2567	3
2568	3
2569	3
2570	3
2571	3
2572	3
2573	3
2574	3
2575	3
2576	3
2577	3
2578	3
2579	3
2580	3
2581	3
2582	3
2583	3
2584	3
2585	11
2586	11
2587	3
2588	3
2589	3
2590	3
2591	3
2592	3
2593	3
2594	11
2595	11
2596	11
2597	11
2598	11
2599	11
2600	3
2601	3
2602	3
2603	3
2604	3
2605	3
2606	8
2607	8
2608	8
2609	8
2610	8
2611	8
2612	8
2613	8
2614	8
2615	8
2616	8
2617	8
2618	8
2619	8
2620	8
2621	8
2622	8
2623	8
2624	8
2625	8
2626	8
2627	8
2628	8
2629	8
2630	8
2631	8
2632	8
2633	8
2634	8
2635	8
2636	8
2637	8
2638	8
2639	8
2640	7
2641	7
2642	7
2643	7
2644	1
2645	7
2646	7
2647	7
2648	7
2649	7
2650	7
2651	7
2652	7
2653	7
2654	7
2655	7
2656	1
2657	1
2658	1
2659	7
2660	1
2661	7
2662	7
2663	7
2664	7
2665	7
2666	1
2667	7
2668	7
2669	7
2670	7
2671	7
2672	1
2673	7
2674	1
2675	7
2676	7
2677	7
2678	7
2679	7
2680	7
2681	7
2682	7
2683	7
2684	7
2685	7
2686	7
2687	7
2688	5
2689	5
2690	5
2691	5
315	10
1657	9
