0	9
1	9
2	9
3	9
4	9
5	9
6	9
7	1
8	1
9	1
10	1
11	1
12	1
13	1
14	1
15	1
16	1
17	1
18	1
19	1
20	1
21	5
22	5
23	5
24	5
25	5
26	5
27	5
28	5
29	4
30	4
31	4
32	4
33	4
34	4
35	4
36	4
37	4
38	4
39	4
40	4
41	4
42	4
43	4
44	4
45	4
46	4
47	4
48	4
49	4
50	4
51	4
52	4
53	8
54	8
55	8
56	8
57	8
58	4
59	4
60	4
61	4
62	4
63	4
64	4
65	8
66	8
67	8
68	8
69	8
70	8
71	5
72	5
73	5
74	5
75	4
76	4
77	4
78	4
79	4
80	4
81	4
82	4
83	6
84	6
85	6
86	6
87	6
88	6
89	6
90	6
91	6
92	6
93	6
94	6
95	3
96	1
97	1
98	1
99	1
100	1
101	1
102	1
103	1
104	1
105	1
106	1
107	1
108	1
109	1
110	1
111	1
112	1
113	1
114	1
115	1
116	1
117	1
118	1
119	1
120	1
121	1
122	1
123	1
124	1
125	1
126	1
127	1
128	1
129	2
130	7
131	7
132	7
133	2
134	7
135	7
136	7
137	7
138	7
139	7
140	7
141	7
142	7
143	7
144	2
145	2
146	7
147	2
148	2
149	2
150	2
151	2
152	2
153	2
154	7
155	7
156	7
157	7
158	7
159	7
160	7
161	7
162	7
163	2
164	2
165	7
166	12
167	12
168	12
169	12
170	12
171	12
172	12
173	12
174	12
175	12
176	12
177	12
178	12
179	12
180	12
181	12
182	12
183	4
184	4
185	4
186	4
187	4
188	4
189	4
190	4
191	4
192	4
193	4
194	4
195	4
196	4
197	4
198	4
199	4
200	4
201	4
202	4
203	4
204	4
205	4
206	4
207	4
208	5
209	5
210	8
211	5
212	5
213	5
214	5
215	8
216	5
217	5
218	8
219	5
220	5
221	5
222	5
223	5
224	5
225	5
226	5
227	5
228	5
229	5
230	5
231	5
232	5
233	5
234	5
235	5
236	5
237	5
238	5
239	5
240	5
241	5
242	5
243	5
244	5
245	5
246	5
247	5
248	4
249	4
250	4
251	4
252	4
253	4
254	4
255	4
256	4
257	4
258	4
259	4
260	4
261	5
262	5
263	5
264	5
265	5
266	5
267	5
268	5
269	2
270	2
271	5
272	5
273	5
274	5
275	5
276	5
277	5
278	5
279	5
280	5
281	5
282	5
283	5
284	5
285	5
286	2
287	5
288	5
289	2
290	5
291	5
292	5
293	5
294	2
295	5
296	2
297	2
298	2
299	5
300	2
301	2
302	4
303	4
304	4
305	4
306	6
307	8
308	6
309	6
310	6
311	6
312	6
313	6
314	6
316	1
317	1
318	1
319	1
320	1
321	1
322	1
323	1
324	1
325	1
326	1
327	1
328	1
329	1
330	1
331	8
332	6
333	6
334	8
335	6
336	6
337	1
338	1
339	1
340	6
341	6
342	6
343	6
344	8
345	8
346	8
347	6
348	6
349	6
350	6
351	8
352	8
353	6
354	8
355	8
356	6
357	6
358	6
359	6
360	6
361	6
362	6
363	6
364	6
365	6
366	6
367	6
368	6
369	6
370	8
371	8
372	6
373	6
374	6
375	6
376	6
377	8
378	8
379	8
380	8
381	8
382	8
383	6
384	6
385	6
386	8
387	6
388	6
389	1
390	1
391	1
392	1
393	1
394	6
395	8
396	8
397	6
398	1
399	1
400	1
401	1
402	1
403	8
404	5
405	5
406	8
407	8
408	8
409	9
410	9
411	9
412	9
413	9
414	9
415	9
416	9
417	9
418	9
419	9
420	9
421	9
422	9
423	9
424	9
425	12
426	12
427	12
428	12
429	12
430	12
431	12
432	12
433	9
434	9
435	9
436	9
437	9
438	9
439	9
440	9
441	9
442	9
443	9
444	9
445	9
446	12
447	12
448	12
449	12
450	12
451	9
452	9
453	9
454	12
455	12
456	12
457	9
458	9
459	9
460	9
461	9
462	9
463	12
464	12
465	12
466	12
467	12
468	12
469	12
470	12
471	12
472	12
473	9
474	9
475	2
476	2
477	2
478	2
479	2
480	2
481	2
482	2
483	2
484	8
485	8
486	2
487	2
488	2
489	2
490	2
491	2
492	2
493	2
494	2
495	2
496	2
497	2
498	8
499	2
500	2
501	2
502	8
503	2
504	2
505	2
506	8
507	8
508	8
509	8
510	8
511	5
512	8
513	8
514	5
515	8
516	8
517	8
518	8
519	8
520	5
521	8
522	3
523	3
524	3
525	3
526	4
527	4
528	3
529	3
530	3
531	3
532	3
533	3
534	3
535	3
536	3
537	3
538	4
539	4
540	4
541	4
542	4
543	4
544	4
545	4
546	4
547	4
548	4
549	4
550	4
551	4
552	4
553	4
554	4
555	4
556	4
557	4
558	4
559	5
560	5
561	5
562	5
563	5
564	5
565	4
566	4
567	4
568	4
569	4
570	3
571	3
572	3
573	3
574	3
575	3
576	3
577	3
578	3
579	3
580	3
581	4
582	4
583	4
584	4
585	4
586	4
587	5
588	5
589	5
590	5
591	5
592	5
593	5
594	5
595	5
596	5
597	5
598	5
599	5
600	5
601	5
602	5
603	4
604	4
605	4
606	4
607	4
608	4
609	4
610	4
611	4
612	4
613	4
614	4
615	4
616	4
617	5
618	5
619	5
620	5
621	5
622	5
623	5
624	5
625	5
626	5
627	5
628	5
629	5
630	5
631	5
632	5
633	5
634	5
635	5
636	5
637	5
638	5
639	4
640	4
641	4
642	4
643	4
644	4
645	4
646	4
647	4
648	4
649	4
650	4
651	4
652	4
653	4
654	4
655	4
656	4
657	12
658	12
659	2
660	2
661	9
662	9
663	9
664	9
665	9
666	9
667	9
668	9
669	9
670	2
671	2
672	2
673	2
674	2
675	2
676	2
677	2
678	2
679	2
680	9
681	9
682	9
683	9
684	9
685	9
686	9
687	9
688	9
689	9
690	9
691	9
692	9
693	9
694	9
695	9
696	9
697	2
698	2
699	2
700	2
701	2
702	2
703	2
704	2
705	2
706	2
707	2
708	2
709	2
710	2
711	2
712	2
713	2
714	9
715	9
716	5
717	5
718	2
719	2
720	2
721	5
722	5
723	5
724	5
725	5
726	5
727	5
728	5
729	5
730	5
731	5
732	1
733	1
734	1
735	1
736	1
737	2
738	12
739	12
740	12
741	12
742	12
743	2
744	2
745	1
746	1
747	1
748	1
749	1
750	1
751	1
752	1
753	1
754	1
755	1
756	9
757	9
758	1
759	1
760	1
761	1
762	9
763	1
764	1
765	1
766	2
767	12
768	12
769	12
770	1
771	9
772	12
773	12
774	12
775	12
776	2
777	2
778	12
779	12
780	2
781	12
782	2
783	12
784	12
785	8
786	12
787	2
788	12
789	12
790	2
791	8
792	8
793	8
794	8
795	8
796	8
797	8
798	8
799	8
800	8
801	12
802	2
803	12
804	2
805	8
806	8
807	8
808	12
809	12
810	12
811	11
812	3
813	11
814	11
815	11
816	3
817	11
818	11
819	11
820	3
821	11
822	11
823	11
824	3
825	3
826	11
827	3
828	3
829	11
830	11
831	11
832	3
833	3
834	11
835	11
836	11
837	11
838	11
839	3
840	11
841	3
842	11
843	11
844	11
845	11
846	11
847	11
848	3
849	3
850	3
851	3
852	11
853	11
854	11
855	3
856	3
857	3
858	4
859	4
860	4
861	4
862	4
863	4
864	4
865	4
866	4
867	4
868	4
869	4
870	4
871	11
872	11
873	3
874	3
875	11
876	11
877	11
878	3
879	11
880	3
881	11
882	11
883	11
884	11
885	11
886	11
887	11
888	11
889	11
890	11
891	3
892	3
893	11
894	11
895	11
896	11
897	3
898	11
899	3
900	3
901	3
902	11
903	11
904	11
905	11
906	3
907	11
908	11
909	3
910	3
911	3
912	3
913	3
914	11
915	11
916	3
917	11
918	11
919	3
920	11
921	11
922	3
923	3
924	3
925	11
926	3
927	11
928	11
929	11
930	11
931	11
932	11
933	3
934	3
935	11
936	11
937	3
938	11
939	3
940	3
941	3
942	11
943	3
944	3
945	3
946	3
947	11
948	11
949	11
950	3
951	11
952	11
953	3
954	3
955	3
956	3
957	11
958	11
959	11
960	3
961	3
962	11
963	11
964	11
965	11
966	3
967	3
968	3
969	11
970	3
971	3
972	11
973	11
974	11
975	11
976	11
977	11
978	3
979	3
980	3
981	3
982	11
983	11
984	11
985	12
986	12
987	12
988	12
989	12
990	12
991	12
992	12
993	12
994	12
995	12
996	12
997	12
998	12
999	12
1000	12
1001	12
1002	12
1003	12
1004	12
1005	12
1006	12
1007	11
1008	11
1009	12
1010	11
1011	11
1012	11
1013	11
1014	11
1015	11
1016	11
1017	11
1018	11
1019	11
1020	11
1021	11
1022	11
1023	11
1024	11
1025	11
1026	11
1027	11
1028	11
1029	11
1030	11
1031	11
1032	11
1033	11
1034	11
1035	11
1036	1
1037	1
1038	11
1039	11
1040	11
1041	11
1042	11
1043	11
1044	11
1045	11
1046	11
1047	1
1048	11
1049	11
1050	1
1051	11
1052	11
1053	11
1054	11
1055	1
1056	1
1057	11
1058	11
1059	11
1060	11
1061	11
1062	11
1063	1
1064	1
1065	1
1066	1
1067	1
1068	11
1069	11
1070	11
1071	11
1072	11
1073	11
1074	11
1075	4
1076	4
1077	4
1078	4
1079	4
1080	4
1081	4
1082	4
1083	4
1084	4
1085	4
1086	4
1087	2
1088	2
1089	2
1090	2
1091	2
1092	2
1093	2
1094	5
1095	5
1096	5
1097	5
1098	5
1099	5
1100	5
1101	5
1102	5
1103	5
1104	5
1105	5
1106	5
1107	6
1108	6
1109	6
1110	6
1111	6
1112	6
1113	6
1114	6
1115	6
1116	6
1117	6
1118	6
1119	6
1120	6
1121	6
1122	6
1123	6
1124	6
1125	6
1126	6
1127	6
1128	6
1129	6
1130	6
1131	6
1132	6
1133	6
1134	6
1135	6
1136	3
1137	3
1138	3
1139	3
1140	6
1141	6
1142	6
1143	6
1144	6
1145	6
1146	6
1147	6
1148	6
1149	6
1150	6
1151	6
1152	6
1153	6
1154	8
1155	8
1156	8
1157	8
1158	8
1159	8
1160	8
1161	8
1162	8
1163	8
1164	8
1165	8
1166	8
1167	8
1168	8
1169	11
1170	11
1171	11
1172	11
1173	11
1174	11
1175	11
1176	11
1177	11
1178	11
1179	11
1180	11
1181	11
1182	11
1183	11
1184	11
1185	11
1186	11
1187	11
1188	11
1189	11
1190	1
1191	11
1192	11
1193	11
1194	11
1195	11
1196	11
1197	11
1198	11
1199	11
1200	3
1201	3
1202	3
1203	3
1204	3
1205	3
1206	3
1207	3
1208	3
1209	3
1210	3
1211	3
1212	3
1213	3
1214	3
1215	3
1216	3
1217	3
1218	3
1219	3
1220	3
1221	3
1222	3
1223	3
1224	3
1225	3
1226	3
1227	3
1228	3
1229	3
1230	3
1231	3
1232	3
1233	3
1234	3
1235	3
1236	3
1237	3
1238	3
1239	3
1240	5
1241	2
1242	2
1243	5
1244	2
1245	2
1246	2
1247	2
1248	5
1249	5
1250	5
1251	5
1252	5
1253	9
1254	9
1255	9
1256	9
1257	9
1258	5
1259	5
1260	5
1261	5
1262	2
1263	2
1264	9
1265	9
1266	9
1267	9
1268	9
1269	9
1270	9
1271	9
1272	9
1273	9
1274	9
1275	9
1276	9
1277	9
1278	8
1279	8
1280	8
1281	5
1282	2
1283	2
1284	9
1285	9
1286	9
1287	9
1288	8
1289	8
1290	8
1291	8
1292	8
1293	8
1294	8
1295	8
1296	8
1297	8
1298	8
1299	8
1300	8
1301	8
1302	8
1303	4
1304	4
1305	4
1306	4
1307	4
1308	4
1309	4
1310	4
1311	4
1312	4
1313	4
1314	3
1315	3
1316	3
1317	3
1318	3
1319	3
1320	3
1321	3
1322	3
1323	3
1324	3
1325	3
1326	3
1327	3
1328	3
1329	3
1330	3
1331	3
1332	3
1333	3
1334	3
1335	3
1336	3
1337	3
1338	3
1339	3
1340	3
1341	3
1342	3
1343	3
1344	3
1345	3
1346	4
1347	9
1348	9
1349	9
1350	9
1351	4
1352	4
1353	9
1354	9
1355	9
1356	9
1357	9
1358	4
1359	4
1360	9
1361	9
1362	4
1363	6
1364	6
1365	6
1366	6
1367	6
1368	6
1369	6
1370	6
1371	6
1372	6
1373	6
1374	6
1375	6
1376	6
1377	6
1378	6
1379	6
1380	6
1381	8
1382	8
1383	8
1384	8
1385	8
1386	8
1387	8
1388	8
1389	8
1390	8
1391	8
1392	8
1393	8
1394	8
1395	8
1396	8
1397	9
1398	4
1399	9
1400	9
1401	9
1402	9
1403	9
1404	9
1405	9
1406	9
1407	9
1408	9
1409	9
1410	9
1411	9
1412	9
1413	9
1414	9
1415	9
1416	9
1417	9
1418	9
1419	9
1420	9
1421	9
1422	9
1423	9
1424	9
1425	9
1426	9
1427	9
1428	3
1429	3
1430	3
1431	10
1432	3
1433	3
1434	3
1435	3
1436	10
1437	3
1438	10
1439	10
1440	10
1441	1
1442	1
1443	1
1444	1
1445	1
1446	1
1447	1
1448	1
1449	1
1450	1
1451	1
1452	1
1453	1
1454	1
1455	3
1456	3
1457	10
1458	3
1459	3
1460	10
1461	3
1462	3
1463	3
1464	10
1465	5
1466	5
1467	5
1468	5
1469	5
1470	5
1471	5
1472	5
1473	5
1474	5
1475	5
1476	5
1477	5
1478	5
1479	5
1480	5
1481	5
1482	5
1483	5
1484	5
1485	5
1486	5
1487	5
1488	5
1489	1
1490	1
1491	1
1492	1
1493	1
1494	1
1495	1
1496	1
1497	1
1498	1
1499	1
1500	1
1501	9
1502	9
1503	9
1504	9
1505	9
1506	9
1507	9
1508	9
1509	9
1510	9
1511	9
1512	9
1513	9
1514	9
1515	9
1516	9
1517	9
1518	9
1519	9
1520	9
1521	9
1522	9
1523	9
1524	9
1525	9
1526	9
1527	9
1528	9
1529	12
1530	12
1531	12
1532	12
1533	12
1534	12
1535	12
1536	12
1537	12
1538	12
1539	12
1540	12
1541	12
1542	12
1543	12
1544	12
1545	12
1546	12
1547	12
1548	12
1549	12
1550	12
1551	12
1552	6
1553	3
1554	3
1555	6
1556	3
1557	6
1558	3
1559	3
1560	6
1561	3
1562	3
1563	3
1564	3
1565	3
1566	6
1567	3
1568	3
1569	3
1570	3
1571	3
1572	3
1573	3
1574	3
1575	3
1576	4
1577	4
1578	4
1579	4
1580	4
1581	4
1582	4
1583	4
1584	4
1585	4
1586	4
1587	4
1588	4
1589	4
1590	4
1591	4
1592	4
1593	4
1594	4
1595	4
1596	4
1597	4
1598	4
1599	4
1600	4
1601	4
1602	3
1603	3
1604	3
1605	3
1606	3
1607	3
1608	3
1609	3
1610	3
1611	3
1612	3
1613	3
1614	3
1615	3
1616	3
1617	3
1618	5
1619	5
1620	5
1621	5
1622	5
1623	5
1624	5
1625	5
1626	5
1627	5
1628	5
1629	1
1630	1
1631	1
1632	1
1633	1
1634	1
1635	1
1636	1
1637	1
1638	1
1639	1
1640	1
1641	1
1642	1
1643	1
1644	5
1645	5
1646	5
1647	5
1648	5
1649	1
1650	1
1651	1
1652	1
1653	1
1654	1
1655	1
1656	1
1658	1
1659	1
1660	1
1661	1
1662	1
1663	1
1664	1
1665	1
1666	1
1667	1
1668	1
1669	1
1670	1
1671	1
1672	1
1673	5
1674	1
1675	1
1676	1
1677	5
1678	2
1679	2
1680	2
1681	2
1682	2
1683	2
1684	2
1685	9
1686	9
1687	9
1688	9
1689	9
1690	9
1691	9
1692	9
1693	9
1694	9
1695	9
1696	9
1697	9
1698	9
1699	9
1700	9
1701	1
1702	1
1703	13
1704	13
1705	1
1706	1
1707	1
1708	1
1709	1
1710	1
1711	1
1712	1
1713	5
1714	5
1715	5
1716	5
1717	5
1718	5
1719	5
1720	5
1721	5
1722	5
1723	5
1724	5
1725	1
1726	1
1727	1
1728	5
1729	1
1730	1
1731	1
1732	1
1733	1
1734	1
1735	1
1736	1
1737	1
1738	1
1739	1
1740	1
1741	1
1742	13
1743	9
1744	13
1745	13
1746	9
1747	13
1748	13
1749	13
1750	13
1751	9
1752	9
1753	9
1754	13
1755	9
1756	13
1757	5
1758	5
1759	5
1760	5
1761	9
1762	13
1763	13
1764	13
1765	13
1766	9
1767	13
1768	13
1769	9
1770	9
1771	13
1772	13
1773	9
1774	5
1775	5
1776	5
1777	5
1778	5
1779	5
1780	5
1781	5
1782	5
1783	5
1784	5
1785	5
1786	5
1787	13
1788	13
1789	13
1790	9
1791	13
1792	9
1793	13
1794	13
1795	5
1796	5
1797	5
1798	5
1799	13
1800	9
1801	9
1802	13
1803	13
1804	13
1805	13
1806	13
1807	13
1808	13
1809	10
1810	10
1811	10
1812	10
1813	10
1814	10
1815	10
1816	10
1817	10
1818	10
1819	10
1820	10
1821	10
1822	10
1823	10
1824	10
1825	10
1826	10
1827	10
1828	10
1829	10
1830	5
1831	5
1832	5
1833	5
1834	5
1835	10
1836	10
1837	5
1838	10
1839	10
1840	6
1841	6
1842	6
1843	6
1844	6
1845	10
1846	10
1847	10
1848	10
1849	10
1850	10
1851	10
1852	10
1853	10
1854	10
1855	10
1856	10
1857	5
1858	5
1859	5
1860	5
1861	5
1862	5
1863	10
1864	10
1865	10
1866	10
1867	10
1868	10
1869	10
1870	10
1871	10
1872	2
1873	2
1874	2
1875	2
1876	2
1877	2
1878	2
1879	2
1880	2
1881	2
1882	2
1883	2
1884	2
1885	2
1886	2
1887	2
1888	2
1889	2
1890	2
1891	2
1892	2
1893	2
1894	2
1895	4
1896	4
1897	4
1898	8
1899	8
1900	8
1901	8
1902	8
1903	8
1904	4
1905	4
1906	4
1907	4
1908	4
1909	4
1910	4
1911	4
1912	4
1913	4
1914	4
1915	4
1916	8
1917	8
1918	8
1919	8
1920	8
1921	8
1922	8
1923	8
1924	4
1925	4
1926	4
1927	4
1928	4
1929	4
1930	4
1931	4
1932	4
1933	4
1934	4
1935	4
1936	4
1937	4
1938	4
1939	4
1940	4
1941	4
1942	4
1943	4
1944	4
1945	4
1946	4
1947	4
1948	4
1949	4
1950	4
1951	4
1952	4
1953	4
1954	4
1955	4
1956	4
1957	4
1958	4
1959	4
1960	4
1961	4
1962	4
1963	4
1964	4
1965	4
1966	4
1967	4
1968	4
1969	4
1970	4
1971	4
1972	4
1973	4
1974	4
1975	4
1976	12
1977	12
1978	12
1979	12
1980	12
1981	12
1982	12
1983	12
1984	12
1985	12
1986	12
1987	12
1988	12
1989	12
1990	12
1991	12
1992	12
1993	12
1994	12
1995	12
1996	12
1997	12
1998	12
1999	12
2000	12
2001	12
2002	12
2003	12
2004	12
2005	12
2006	12
2007	12
2008	12
2009	12
2010	12
2011	12
2012	12
2013	12
2014	12
2015	12
2016	12
2017	2
2018	2
2019	2
2020	2
2021	2
2022	2
2023	2
2024	2
2025	2
2026	2
2027	2
2028	2
2029	2
2030	12
2031	12
2032	12
2033	12
2034	12
2035	2
2036	2
2037	2
2038	5
2039	5
2040	5
2041	5
2042	5
2043	2
2044	2
2045	2
2046	2
2047	2
2048	5
2049	5
2050	2
2051	2
2052	2
2053	2
2054	2
2055	2
2056	2
2057	2
2058	3
2059	3
2060	3
2061	3
2062	3
2063	3
2064	3
2065	3
2066	3
2067	3
2068	5
2069	2
2070	2
2071	5
2072	5
2073	5
2074	5
2075	2
2076	5
2077	5
2078	5
2079	5
2080	5
2081	2
2082	5
2083	5
2084	2
2085	2
2086	2
2087	5
2088	5
2089	1
2090	1
2091	1
2092	1
2093	1
2094	1
2095	1
2096	9
2097	9
2098	9
2099	9
2100	9
2101	9
2102	9
2103	9
2104	9
2105	9
2106	9
2107	9
2108	9
2109	9
2110	9
2111	9
2112	9
2113	13
2114	13
2115	13
2116	13
2117	13
2118	10
2119	10
2120	10
2121	10
2122	10
2123	10
2124	5
2125	13
2126	10
2127	13
2128	13
2129	13
2130	10
2131	13
2132	13
2133	10
2134	13
2135	13
2136	10
2137	10
2138	10
2139	10
2140	10
2141	13
2142	13
2143	13
2144	13
2145	10
2146	10
2147	10
2148	10
2149	10
2150	13
2151	10
2152	13
2153	13
2154	13
2155	13
2156	13
2157	13
2158	13
2159	10
2160	13
2161	13
2162	13
2163	13
2164	13
2165	13
2166	13
2167	10
2168	10
2169	13
2170	13
2171	13
2172	13
2173	13
2174	10
2175	13
2176	10
2177	10
2178	10
2179	10
2180	13
2181	13
2182	13
2183	13
2184	13
2185	13
2186	13
2187	13
2188	10
2189	10
2190	10
2191	10
2192	10
2193	13
2194	13
2195	13
2196	10
2197	10
2198	13
2199	10
2200	13
2201	13
2202	13
2203	13
2204	13
2205	13
2206	10
2207	10
2208	10
2209	13
2210	13
2211	13
2212	13
2213	10
2214	10
2215	10
2216	10
2217	10
2218	13
2219	13
2220	13
2221	10
2222	10
2223	10
2224	13
2225	13
2226	13
2227	13
2228	13
2229	10
2230	13
2231	13
2232	13
2233	10
2234	10
2235	13
2236	10
2237	10
2238	10
2239	13
2240	13
2241	10
2242	10
2243	10
2244	13
2245	10
2246	13
2247	13
2248	13
2249	13
2250	13
2251	13
2252	13
2253	10
2254	13
2255	13
2256	13
2257	13
2258	10
2259	10
2260	10
2261	13
2262	13
2263	13
2264	13
2265	13
2266	13
2267	13
2268	13
2269	13
2270	13
2271	13
2272	13
2273	13
2274	13
2275	13
2276	13
2277	10
2278	13
2279	13
2280	13
2281	13
2282	10
2283	10
2284	2
2285	2
2286	13
2287	13
2288	13
2289	13
2290	13
2291	13
2292	13
2293	13
2294	10
2295	10
2296	10
2297	10
2298	10
2299	10
2300	10
2301	13
2302	10
2303	10
2304	10
2305	13
2306	13
2307	13
2308	13
2309	5
2310	5
2311	5
2312	11
2313	11
2314	11
2315	11
2316	11
2317	11
2318	11
2319	11
2320	11
2321	11
2322	11
2323	11
2324	11
2325	11
2326	11
2327	11
2328	11
2329	11
2330	4
2331	4
2332	4
2333	4
2334	4
2335	4
2336	4
2337	4
2338	4
2339	4
2340	4
2341	4
2342	4
2343	4
2344	4
2345	4
2346	11
2347	11
2348	11
2349	11
2350	11
2351	11
2352	11
2353	11
2354	11
2355	11
2356	11
2357	11
2358	11
2359	11
2360	11
2361	11
2362	11
2363	11
2364	11
2365	11
2366	10
2367	10
2368	10
2369	10
2370	10
2371	10
2372	10
2373	10
2374	10
2375	10
2376	10
2377	10
2378	10
2379	10
2380	10
2381	10
2382	10
2383	10
2384	10
2385	10
2386	10
2387	10
2388	10
2389	10
2390	10
2391	10
2392	10
2393	10
2394	10
2395	10
2396	10
2397	10
2398	10
2399	10
2400	10
2401	10
2402	10
2403	10
2404	10
2405	10
2406	10
2407	10
2408	10
2409	10
2410	10
2411	10
2412	10
2413	10
2414	10
2415	7
2416	8
2417	7
2418	7
2419	8
2420	8
2421	8
2422	8
2423	7
2424	8
2425	7
2426	8
2427	8
2428	8
2429	8
2430	8
2431	8
2432	8
2433	7
2434	8
2435	7
2436	8
2437	8
2438	8
2439	8
2440	8
2441	8
2442	8
2443	7
2444	7
2445	8
2446	8
2447	8
2448	7
2449	7
2450	7
2451	7
2452	7
2453	7
2454	7
2455	7
2456	7
2457	7
2458	7
2459	7
2460	8
2461	7
2462	7
2463	7
2464	7
2465	7
2466	7
2467	7
2468	7
2469	7
2470	7
2471	7
2472	7
2473	7
2474	8
2475	7
2476	7
2477	7
2478	7
2479	7
2480	7
2481	7
2482	7
2483	7
2484	7
2485	7
2486	7
2487	7
2488	7
2489	7
2490	7
2491	7
2492	7
2493	7
2494	7
2495	7
2496	7
2497	7
2498	7
2499	7
2500	7
2501	7
2502	8
2503	8
2504	8
2505	8
2506	8
2507	8
2508	7
2509	7
2510	7
2511	7
2512	8
2513	7
2514	8
2515	7
2516	7
2517	7
2518	7
2519	7
2520	7
2521	7
2522	7
2523	8
2524	8
2525	8
2526	7
2527	7
2528	8
2529	8
2530	8
2531	7
2532	8
2533	7
2534	8
2535	7
2536	8
2537	7
2538	8
2539	7
2540	8
2541	7
2542	8
2543	8
2544	7
2545	7
2546	7
2547	8
2548	8
2549	8
2550	7
2551	7
2552	8
2553	7
2554	7
2555	7
2556	7
2557	7
2558	8
2559	8
2560	7
2561	7
2562	7
2563	8
2564	8
2565	8
2566	8
2567	8
2568	8
2569	8
2570	8
2571	8
2572	8
2573	8
2574	8
2575	7
2576	7
2577	7
2578	7
2579	7
2580	7
2581	8
2582	7
2583	7
2584	7
2585	7
2586	7
2587	7
2588	7
2589	7
2590	7
2591	7
2592	7
2593	7
2594	7
2595	7
2596	7
2597	8
2598	8
2599	7
2600	7
2601	7
2602	8
2603	7
2604	8
2605	8
2606	2
2607	2
2608	2
2609	2
2610	2
2611	2
2612	2
2613	2
2614	2
2615	2
2616	2
2617	2
2618	2
2619	2
2620	2
2621	2
2622	2
2623	2
2624	2
2625	2
2626	2
2627	2
2628	2
2629	2
2630	2
2631	2
2632	2
2633	2
2634	2
2635	2
2636	2
2637	2
2638	2
2639	2
2640	12
2641	12
2642	12
2643	12
2644	12
2645	12
2646	12
2647	12
2648	12
2649	12
2650	12
2651	12
2652	12
2653	12
2654	12
2655	12
2656	12
2657	12
2658	12
2659	12
2660	6
2661	12
2662	12
2663	6
2664	12
2665	6
2666	12
2667	12
2668	6
2669	6
2670	12
2671	6
2672	12
2673	6
2674	12
2675	12
2676	12
2677	12
2678	12
2679	6
2680	6
2681	6
2682	6
2683	6
2684	6
2685	6
2686	6
2687	6
2688	4
2689	4
2690	4
2691	4
315	1
1657	1
