0	4
1	4
2	4
3	4
4	4
5	4
6	4
7	13
8	13
9	13
10	13
11	13
12	13
13	13
14	13
15	13
16	13
17	13
18	13
19	13
20	13
21	6
22	6
23	6
24	6
25	6
26	6
27	6
28	6
29	10
30	11
31	10
32	10
33	11
34	10
35	10
36	11
37	10
38	10
39	11
40	10
41	11
42	10
43	11
44	11
45	10
46	10
47	11
48	10
49	10
50	10
51	10
52	10
53	1
54	1
55	1
56	1
57	1
58	10
59	10
60	10
61	10
62	10
63	10
64	10
65	1
66	1
67	1
68	1
69	1
70	1
71	6
72	6
73	6
74	6
75	10
76	10
77	10
78	10
79	10
80	10
81	10
82	10
83	8
84	8
85	8
86	8
87	8
88	8
89	8
90	8
91	8
92	8
93	8
94	8
95	8
96	13
97	13
98	13
99	13
100	13
101	13
102	13
103	13
104	13
105	13
106	13
107	13
108	13
109	13
110	13
111	13
112	13
113	13
114	13
115	13
116	13
117	13
118	13
119	13
120	13
121	13
122	13
123	13
124	13
125	13
126	13
127	13
128	13
129	9
130	9
131	9
132	9
133	9
134	9
135	9
136	9
137	9
138	9
139	9
140	9
141	9
142	9
143	9
144	9
145	9
146	9
147	9
148	9
149	9
150	9
151	9
152	9
153	9
154	9
155	9
156	9
157	9
158	9
159	9
160	9
161	9
162	9
163	9
164	9
165	9
166	8
167	8
168	8
169	8
170	8
171	8
172	8
173	8
174	8
175	8
176	8
177	8
178	8
179	8
180	8
181	8
182	8
183	10
184	10
185	10
186	10
187	10
188	10
189	10
190	10
191	10
192	10
193	10
194	10
195	10
196	10
197	10
198	10
199	10
200	10
201	10
202	10
203	10
204	10
205	10
206	10
207	10
208	6
209	6
210	6
211	6
212	6
213	6
214	6
215	6
216	6
217	6
218	6
219	6
220	6
221	6
222	6
223	6
224	6
225	6
226	9
227	9
228	9
229	2
230	2
231	2
232	2
233	2
234	2
235	2
236	6
237	6
238	6
239	6
240	6
241	6
242	6
243	6
244	6
245	6
246	6
247	6
248	10
249	10
250	10
251	10
252	10
253	10
254	10
255	10
256	10
257	10
258	10
259	10
260	10
261	2
262	2
263	2
264	2
265	2
266	2
267	2
268	2
269	2
270	2
271	2
272	2
273	2
274	2
275	2
276	2
277	2
278	2
279	2
280	2
281	2
282	2
283	2
284	2
285	2
286	2
287	2
288	2
289	2
290	2
291	2
292	2
293	2
294	2
295	2
296	2
297	2
298	2
299	2
300	2
301	2
302	10
303	10
304	10
305	10
306	12
307	12
308	12
309	12
310	12
311	12
312	12
313	12
314	12
316	11
317	11
318	11
319	11
320	11
321	11
322	11
323	11
324	11
325	11
326	11
327	11
328	11
329	11
330	11
331	12
332	12
333	12
334	12
335	12
336	12
337	11
338	11
339	11
340	12
341	12
342	12
343	12
344	12
345	3
346	12
347	12
348	12
349	12
350	12
351	12
352	12
353	12
354	12
355	12
356	12
357	12
358	12
359	9
360	9
361	12
362	12
363	9
364	12
365	12
366	12
367	12
368	12
369	12
370	12
371	12
372	12
373	12
374	12
375	12
376	12
377	12
378	12
379	12
380	12
381	12
382	12
383	12
384	12
385	12
386	12
387	12
388	12
389	11
390	11
391	11
392	11
393	11
394	12
395	12
396	12
397	12
398	11
399	11
400	11
401	11
402	11
403	6
404	6
405	6
406	6
407	6
408	6
409	4
410	4
411	4
412	4
413	11
414	11
415	4
416	4
417	11
418	4
419	4
420	4
421	11
422	4
423	4
424	4
425	8
426	8
427	8
428	8
429	8
430	8
431	8
432	8
433	11
434	4
435	4
436	11
437	4
438	4
439	4
440	4
441	4
442	4
443	11
444	4
445	4
446	8
447	8
448	8
449	8
450	8
451	4
452	4
453	4
454	8
455	8
456	8
457	11
458	4
459	4
460	4
461	11
462	11
463	8
464	8
465	8
466	8
467	8
468	8
469	8
470	8
471	8
472	8
473	4
474	4
475	2
476	2
477	2
478	2
479	2
480	2
481	2
482	8
483	2
484	6
485	6
486	2
487	2
488	8
489	2
490	2
491	2
492	2
493	2
494	2
495	2
496	8
497	2
498	6
499	2
500	2
501	8
502	6
503	2
504	2
505	2
506	6
507	6
508	6
509	6
510	6
511	6
512	6
513	6
514	6
515	6
516	6
517	6
518	6
519	6
520	6
521	6
522	7
523	7
524	7
525	7
526	4
527	4
528	7
529	7
530	7
531	7
532	7
533	7
534	7
535	7
536	7
537	7
538	4
539	4
540	4
541	4
542	4
543	4
544	4
545	4
546	4
547	4
548	4
549	4
550	4
551	4
552	4
553	4
554	4
555	4
556	4
557	4
558	4
559	6
560	6
561	6
562	6
563	6
564	6
565	4
566	4
567	4
568	4
569	4
570	7
571	7
572	7
573	7
574	7
575	7
576	7
577	7
578	7
579	7
580	7
581	4
582	4
583	4
584	4
585	4
586	4
587	2
588	2
589	2
590	2
591	2
592	6
593	6
594	2
595	6
596	2
597	6
598	2
599	6
600	6
601	6
602	6
603	10
604	10
605	10
606	10
607	10
608	10
609	10
610	10
611	10
612	10
613	10
614	10
615	10
616	10
617	2
618	2
619	6
620	2
621	2
622	2
623	2
624	2
625	2
626	2
627	2
628	6
629	6
630	6
631	6
632	2
633	2
634	2
635	6
636	2
637	2
638	2
639	10
640	4
641	10
642	4
643	10
644	4
645	4
646	4
647	4
648	4
649	4
650	4
651	4
652	4
653	10
654	10
655	10
656	4
657	8
658	8
659	8
660	8
661	4
662	4
663	4
664	4
665	4
666	4
667	4
668	4
669	4
670	9
671	9
672	9
673	9
674	9
675	9
676	9
677	9
678	9
679	9
680	4
681	4
682	4
683	4
684	4
685	4
686	4
687	4
688	4
689	4
690	4
691	4
692	4
693	4
694	4
695	4
696	4
697	9
698	9
699	9
700	9
701	9
702	9
703	9
704	9
705	9
706	9
707	9
708	9
709	9
710	9
711	9
712	9
713	9
714	4
715	4
716	6
717	6
718	9
719	9
720	9
721	6
722	6
723	6
724	6
725	6
726	6
727	6
728	6
729	6
730	6
731	6
732	11
733	11
734	11
735	11
736	11
737	8
738	8
739	8
740	8
741	8
742	8
743	8
744	8
745	11
746	11
747	11
748	11
749	11
750	11
751	11
752	11
753	11
754	11
755	11
756	11
757	11
758	11
759	11
760	11
761	11
762	11
763	11
764	11
765	11
766	8
767	8
768	8
769	8
770	11
771	11
772	8
773	8
774	8
775	8
776	8
777	8
778	8
779	8
780	8
781	8
782	8
783	8
784	8
785	6
786	8
787	8
788	8
789	8
790	8
791	6
792	6
793	6
794	6
795	6
796	6
797	6
798	6
799	6
800	6
801	8
802	8
803	8
804	8
805	6
806	6
807	6
808	8
809	8
810	8
811	1
812	13
813	1
814	1
815	1
816	1
817	1
818	13
819	1
820	13
821	1
822	1
823	1
824	1
825	1
826	1
827	1
828	1
829	13
830	1
831	1
832	1
833	1
834	1
835	1
836	1
837	1
838	1
839	1
840	1
841	1
842	1
843	1
844	1
845	1
846	1
847	13
848	1
849	1
850	13
851	13
852	1
853	1
854	1
855	1
856	13
857	13
858	10
859	10
860	10
861	10
862	10
863	10
864	10
865	10
866	10
867	10
868	10
869	10
870	10
871	1
872	1
873	1
874	1
875	1
876	1
877	1
878	1
879	1
880	1
881	1
882	1
883	1
884	1
885	1
886	1
887	1
888	1
889	1
890	1
891	1
892	13
893	1
894	1
895	1
896	1
897	1
898	1
899	13
900	13
901	13
902	1
903	1
904	1
905	1
906	1
907	1
908	1
909	1
910	13
911	13
912	13
913	13
914	1
915	1
916	1
917	1
918	1
919	1
920	1
921	1
922	13
923	13
924	1
925	1
926	1
927	1
928	1
929	1
930	13
931	13
932	1
933	13
934	1
935	1
936	1
937	1
938	1
939	1
940	1
941	1
942	13
943	1
944	13
945	13
946	1
947	1
948	1
949	13
950	1
951	1
952	1
953	1
954	13
955	13
956	13
957	1
958	1
959	1
960	1
961	1
962	13
963	1
964	1
965	1
966	1
967	1
968	1
969	1
970	1
971	1
972	1
973	1
974	1
975	13
976	1
977	1
978	1
979	1
980	1
981	1
982	11
983	11
984	11
985	9
986	9
987	9
988	9
989	9
990	9
991	9
992	8
993	9
994	9
995	9
996	9
997	9
998	9
999	9
1000	8
1001	8
1002	9
1003	9
1004	9
1005	9
1006	9
1007	11
1008	11
1009	9
1010	11
1011	11
1012	11
1013	11
1014	11
1015	11
1016	11
1017	11
1018	11
1019	11
1020	11
1021	11
1022	11
1023	11
1024	11
1025	11
1026	11
1027	11
1028	11
1029	11
1030	11
1031	11
1032	11
1033	11
1034	11
1035	11
1036	11
1037	11
1038	11
1039	11
1040	11
1041	11
1042	11
1043	11
1044	11
1045	11
1046	11
1047	11
1048	11
1049	11
1050	11
1051	11
1052	11
1053	11
1054	11
1055	11
1056	11
1057	11
1058	11
1059	11
1060	11
1061	11
1062	11
1063	11
1064	11
1065	11
1066	11
1067	11
1068	11
1069	11
1070	11
1071	11
1072	11
1073	11
1074	11
1075	10
1076	10
1077	10
1078	10
1079	10
1080	10
1081	10
1082	10
1083	10
1084	10
1085	10
1086	10
1087	2
1088	2
1089	2
1090	2
1091	2
1092	2
1093	2
1094	6
1095	6
1096	6
1097	6
1098	6
1099	6
1100	6
1101	6
1102	6
1103	6
1104	6
1105	6
1106	6
1107	1
1108	12
1109	12
1110	1
1111	12
1112	1
1113	1
1114	12
1115	12
1116	1
1117	1
1118	1
1119	12
1120	12
1121	1
1122	12
1123	1
1124	1
1125	12
1126	12
1127	1
1128	12
1129	1
1130	1
1131	12
1132	1
1133	1
1134	12
1135	12
1136	1
1137	1
1138	1
1139	1
1140	1
1141	1
1142	12
1143	1
1144	12
1145	12
1146	1
1147	1
1148	12
1149	1
1150	12
1151	12
1152	1
1153	1
1154	12
1155	12
1156	12
1157	12
1158	12
1159	12
1160	12
1161	12
1162	3
1163	3
1164	12
1165	3
1166	12
1167	12
1168	12
1169	11
1170	11
1171	11
1172	11
1173	11
1174	11
1175	11
1176	11
1177	11
1178	11
1179	11
1180	11
1181	11
1182	11
1183	11
1184	11
1185	11
1186	11
1187	11
1188	11
1189	11
1190	11
1191	11
1192	11
1193	11
1194	11
1195	11
1196	11
1197	11
1198	11
1199	11
1200	13
1201	13
1202	13
1203	13
1204	13
1205	13
1206	13
1207	13
1208	13
1209	13
1210	13
1211	13
1212	13
1213	13
1214	13
1215	13
1216	13
1217	13
1218	13
1219	13
1220	13
1221	13
1222	13
1223	13
1224	13
1225	13
1226	13
1227	13
1228	13
1229	13
1230	13
1231	13
1232	13
1233	13
1234	13
1235	13
1236	13
1237	13
1238	13
1239	13
1240	2
1241	2
1242	2
1243	2
1244	2
1245	2
1246	2
1247	2
1248	2
1249	2
1250	2
1251	2
1252	2
1253	10
1254	11
1255	10
1256	11
1257	11
1258	2
1259	2
1260	2
1261	2
1262	2
1263	2
1264	11
1265	11
1266	10
1267	10
1268	11
1269	10
1270	10
1271	10
1272	10
1273	10
1274	11
1275	11
1276	10
1277	10
1278	3
1279	6
1280	6
1281	2
1282	2
1283	2
1284	11
1285	10
1286	10
1287	10
1288	3
1289	3
1290	3
1291	6
1292	6
1293	6
1294	3
1295	6
1296	6
1297	6
1298	6
1299	3
1300	6
1301	6
1302	6
1303	10
1304	10
1305	10
1306	10
1307	10
1308	10
1309	10
1310	10
1311	10
1312	10
1313	10
1314	1
1315	1
1316	1
1317	1
1318	1
1319	1
1320	1
1321	1
1322	1
1323	1
1324	1
1325	1
1326	1
1327	1
1328	1
1329	1
1330	1
1331	1
1332	1
1333	1
1334	1
1335	1
1336	1
1337	1
1338	1
1339	1
1340	1
1341	1
1342	1
1343	1
1344	1
1345	1
1346	10
1347	10
1348	10
1349	10
1350	10
1351	10
1352	10
1353	10
1354	10
1355	10
1356	10
1357	10
1358	10
1359	10
1360	10
1361	10
1362	10
1363	12
1364	12
1365	12
1366	12
1367	12
1368	12
1369	12
1370	12
1371	12
1372	12
1373	12
1374	12
1375	12
1376	12
1377	12
1378	12
1379	12
1380	12
1381	3
1382	12
1383	3
1384	12
1385	12
1386	12
1387	3
1388	3
1389	3
1390	12
1391	12
1392	3
1393	12
1394	3
1395	12
1396	3
1397	10
1398	10
1399	10
1400	10
1401	10
1402	10
1403	10
1404	10
1405	10
1406	10
1407	10
1408	10
1409	10
1410	10
1411	10
1412	10
1413	10
1414	10
1415	10
1416	10
1417	10
1418	10
1419	10
1420	10
1421	10
1422	10
1423	10
1424	10
1425	10
1426	10
1427	10
1428	7
1429	7
1430	7
1431	7
1432	7
1433	7
1434	7
1435	7
1436	7
1437	7
1438	7
1439	7
1440	7
1441	13
1442	13
1443	13
1444	13
1445	13
1446	13
1447	13
1448	13
1449	13
1450	13
1451	13
1452	13
1453	13
1454	13
1455	7
1456	7
1457	7
1458	7
1459	7
1460	7
1461	7
1462	7
1463	7
1464	7
1465	9
1466	9
1467	9
1468	9
1469	9
1470	9
1471	9
1472	9
1473	9
1474	9
1475	9
1476	9
1477	9
1478	9
1479	9
1480	9
1481	9
1482	9
1483	9
1484	9
1485	9
1486	9
1487	9
1488	9
1489	11
1490	11
1491	11
1492	11
1493	11
1494	11
1495	11
1496	11
1497	11
1498	11
1499	11
1500	11
1501	4
1502	4
1503	4
1504	4
1505	4
1506	4
1507	4
1508	4
1509	4
1510	4
1511	4
1512	4
1513	4
1514	4
1515	4
1516	4
1517	4
1518	4
1519	4
1520	4
1521	4
1522	4
1523	4
1524	4
1525	4
1526	4
1527	4
1528	4
1529	8
1530	8
1531	8
1532	8
1533	8
1534	8
1535	8
1536	8
1537	8
1538	8
1539	8
1540	8
1541	8
1542	8
1543	8
1544	8
1545	8
1546	8
1547	8
1548	8
1549	8
1550	8
1551	8
1552	12
1553	12
1554	12
1555	12
1556	12
1557	12
1558	12
1559	12
1560	12
1561	12
1562	12
1563	12
1564	12
1565	12
1566	12
1567	12
1568	12
1569	12
1570	12
1571	12
1572	12
1573	12
1574	12
1575	12
1576	11
1577	11
1578	11
1579	11
1580	11
1581	11
1582	11
1583	11
1584	11
1585	11
1586	11
1587	11
1588	11
1589	11
1590	11
1591	11
1592	11
1593	10
1594	10
1595	10
1596	10
1597	10
1598	10
1599	10
1600	10
1601	10
1602	7
1603	7
1604	7
1605	7
1606	7
1607	7
1608	7
1609	7
1610	7
1611	7
1612	7
1613	7
1614	7
1615	7
1616	7
1617	7
1618	6
1619	6
1620	6
1621	6
1622	6
1623	6
1624	6
1625	6
1626	6
1627	6
1628	6
1629	13
1630	13
1631	13
1632	13
1633	13
1634	13
1635	13
1636	13
1637	13
1638	13
1639	13
1640	13
1641	13
1642	13
1643	13
1644	6
1645	6
1646	6
1647	6
1648	6
1649	13
1650	13
1651	13
1652	13
1653	13
1654	13
1655	13
1656	13
1658	13
1659	13
1660	13
1661	13
1662	13
1663	13
1664	13
1665	13
1666	13
1667	13
1668	13
1669	13
1670	13
1671	13
1672	13
1673	6
1674	13
1675	13
1676	13
1677	6
1678	2
1679	2
1680	2
1681	2
1682	2
1683	2
1684	2
1685	11
1686	11
1687	11
1688	11
1689	11
1690	11
1691	11
1692	11
1693	11
1694	11
1695	11
1696	11
1697	11
1698	11
1699	11
1700	11
1701	13
1702	13
1703	5
1704	5
1705	13
1706	13
1707	13
1708	13
1709	13
1710	13
1711	13
1712	13
1713	6
1714	6
1715	6
1716	6
1717	6
1718	6
1719	6
1720	6
1721	6
1722	6
1723	6
1724	6
1725	11
1726	13
1727	13
1728	6
1729	13
1730	13
1731	13
1732	13
1733	13
1734	13
1735	13
1736	13
1737	13
1738	13
1739	13
1740	13
1741	13
1742	4
1743	4
1744	4
1745	4
1746	4
1747	4
1748	4
1749	4
1750	4
1751	4
1752	4
1753	4
1754	4
1755	4
1756	4
1757	6
1758	6
1759	6
1760	6
1761	4
1762	4
1763	4
1764	4
1765	4
1766	4
1767	4
1768	4
1769	4
1770	4
1771	4
1772	4
1773	4
1774	6
1775	6
1776	6
1777	6
1778	6
1779	6
1780	6
1781	6
1782	6
1783	6
1784	6
1785	6
1786	6
1787	4
1788	4
1789	4
1790	4
1791	4
1792	4
1793	4
1794	4
1795	6
1796	6
1797	6
1798	6
1799	4
1800	4
1801	4
1802	4
1803	4
1804	4
1805	4
1806	4
1807	4
1808	4
1809	7
1810	5
1811	5
1812	5
1813	7
1814	5
1815	5
1816	7
1817	5
1818	5
1819	7
1820	7
1821	7
1822	7
1823	7
1824	5
1825	7
1826	7
1827	5
1828	7
1829	5
1830	2
1831	2
1832	2
1833	2
1834	2
1835	5
1836	5
1837	2
1838	7
1839	7
1840	12
1841	12
1842	12
1843	12
1844	12
1845	7
1846	7
1847	7
1848	7
1849	5
1850	7
1851	7
1852	5
1853	7
1854	5
1855	5
1856	5
1857	6
1858	6
1859	6
1860	6
1861	6
1862	6
1863	5
1864	7
1865	7
1866	7
1867	7
1868	7
1869	7
1870	7
1871	7
1872	2
1873	2
1874	2
1875	2
1876	2
1877	2
1878	2
1879	2
1880	2
1881	2
1882	2
1883	2
1884	2
1885	2
1886	2
1887	2
1888	2
1889	2
1890	2
1891	2
1892	2
1893	2
1894	2
1895	10
1896	10
1897	10
1898	12
1899	12
1900	12
1901	12
1902	12
1903	12
1904	10
1905	10
1906	10
1907	10
1908	10
1909	10
1910	10
1911	10
1912	10
1913	10
1914	10
1915	10
1916	12
1917	12
1918	12
1919	12
1920	12
1921	12
1922	12
1923	12
1924	10
1925	10
1926	10
1927	10
1928	10
1929	10
1930	10
1931	10
1932	10
1933	10
1934	10
1935	10
1936	10
1937	10
1938	10
1939	10
1940	10
1941	10
1942	10
1943	10
1944	10
1945	10
1946	10
1947	10
1948	10
1949	10
1950	10
1951	10
1952	10
1953	10
1954	10
1955	10
1956	10
1957	10
1958	10
1959	10
1960	10
1961	10
1962	10
1963	10
1964	10
1965	10
1966	10
1967	10
1968	10
1969	10
1970	10
1971	10
1972	10
1973	10
1974	10
1975	10
1976	8
1977	8
1978	8
1979	8
1980	8
1981	8
1982	8
1983	8
1984	8
1985	8
1986	8
1987	8
1988	8
1989	8
1990	8
1991	8
1992	8
1993	8
1994	8
1995	8
1996	8
1997	8
1998	8
1999	8
2000	8
2001	8
2002	8
2003	8
2004	8
2005	8
2006	8
2007	8
2008	8
2009	8
2010	8
2011	8
2012	8
2013	8
2014	8
2015	8
2016	8
2017	2
2018	2
2019	2
2020	2
2021	2
2022	2
2023	2
2024	8
2025	2
2026	2
2027	2
2028	2
2029	2
2030	8
2031	8
2032	8
2033	8
2034	8
2035	8
2036	8
2037	8
2038	6
2039	6
2040	6
2041	6
2042	6
2043	2
2044	2
2045	2
2046	8
2047	8
2048	6
2049	6
2050	2
2051	8
2052	8
2053	8
2054	8
2055	8
2056	8
2057	8
2058	8
2059	8
2060	8
2061	8
2062	8
2063	8
2064	8
2065	8
2066	8
2067	8
2068	2
2069	2
2070	2
2071	2
2072	2
2073	2
2074	2
2075	2
2076	2
2077	2
2078	2
2079	2
2080	2
2081	2
2082	2
2083	2
2084	2
2085	2
2086	2
2087	2
2088	2
2089	11
2090	11
2091	11
2092	11
2093	11
2094	11
2095	11
2096	4
2097	4
2098	4
2099	4
2100	4
2101	4
2102	4
2103	4
2104	4
2105	4
2106	4
2107	4
2108	4
2109	4
2110	4
2111	4
2112	4
2113	7
2114	5
2115	5
2116	5
2117	5
2118	7
2119	7
2120	5
2121	5
2122	7
2123	7
2124	2
2125	5
2126	5
2127	5
2128	5
2129	5
2130	7
2131	7
2132	5
2133	7
2134	5
2135	5
2136	7
2137	7
2138	7
2139	5
2140	7
2141	5
2142	7
2143	7
2144	7
2145	5
2146	7
2147	7
2148	5
2149	7
2150	5
2151	5
2152	5
2153	5
2154	5
2155	5
2156	7
2157	7
2158	5
2159	7
2160	5
2161	5
2162	5
2163	5
2164	5
2165	5
2166	5
2167	5
2168	5
2169	5
2170	5
2171	7
2172	5
2173	5
2174	7
2175	7
2176	7
2177	7
2178	5
2179	5
2180	5
2181	5
2182	5
2183	5
2184	5
2185	5
2186	5
2187	5
2188	7
2189	5
2190	5
2191	5
2192	5
2193	5
2194	7
2195	7
2196	7
2197	7
2198	7
2199	7
2200	5
2201	7
2202	7
2203	7
2204	5
2205	5
2206	5
2207	5
2208	5
2209	5
2210	5
2211	7
2212	7
2213	5
2214	5
2215	7
2216	7
2217	5
2218	5
2219	5
2220	5
2221	5
2222	7
2223	7
2224	5
2225	5
2226	5
2227	5
2228	5
2229	7
2230	5
2231	5
2232	5
2233	7
2234	7
2235	5
2236	7
2237	7
2238	7
2239	5
2240	5
2241	7
2242	7
2243	7
2244	7
2245	7
2246	5
2247	5
2248	5
2249	5
2250	5
2251	5
2252	5
2253	7
2254	7
2255	7
2256	5
2257	5
2258	5
2259	5
2260	5
2261	5
2262	5
2263	5
2264	5
2265	5
2266	7
2267	5
2268	5
2269	7
2270	7
2271	5
2272	5
2273	7
2274	5
2275	5
2276	5
2277	7
2278	5
2279	7
2280	5
2281	5
2282	5
2283	7
2284	2
2285	2
2286	7
2287	7
2288	5
2289	5
2290	5
2291	5
2292	5
2293	5
2294	5
2295	5
2296	5
2297	7
2298	7
2299	7
2300	7
2301	5
2302	7
2303	7
2304	7
2305	5
2306	5
2307	5
2308	5
2309	2
2310	2
2311	2
2312	1
2313	1
2314	1
2315	1
2316	1
2317	1
2318	1
2319	1
2320	1
2321	1
2322	1
2323	1
2324	1
2325	1
2326	1
2327	1
2328	1
2329	1
2330	10
2331	10
2332	10
2333	10
2334	10
2335	10
2336	10
2337	10
2338	10
2339	10
2340	10
2341	10
2342	10
2343	10
2344	10
2345	10
2346	11
2347	11
2348	11
2349	11
2350	11
2351	11
2352	11
2353	11
2354	11
2355	11
2356	11
2357	11
2358	11
2359	11
2360	11
2361	11
2362	11
2363	11
2364	11
2365	11
2366	7
2367	7
2368	7
2369	7
2370	7
2371	7
2372	7
2373	7
2374	7
2375	7
2376	7
2377	7
2378	7
2379	7
2380	7
2381	7
2382	7
2383	7
2384	7
2385	7
2386	7
2387	7
2388	7
2389	7
2390	7
2391	7
2392	7
2393	7
2394	7
2395	7
2396	7
2397	7
2398	7
2399	7
2400	7
2401	7
2402	7
2403	7
2404	7
2405	7
2406	7
2407	7
2408	7
2409	7
2410	7
2411	7
2412	7
2413	7
2414	7
2415	3
2416	3
2417	3
2418	3
2419	6
2420	6
2421	3
2422	3
2423	3
2424	3
2425	3
2426	3
2427	6
2428	6
2429	6
2430	6
2431	6
2432	3
2433	3
2434	3
2435	3
2436	3
2437	3
2438	6
2439	6
2440	3
2441	3
2442	3
2443	3
2444	3
2445	3
2446	3
2447	6
2448	3
2449	3
2450	3
2451	3
2452	3
2453	3
2454	3
2455	3
2456	3
2457	3
2458	3
2459	3
2460	3
2461	3
2462	3
2463	3
2464	3
2465	3
2466	3
2467	3
2468	3
2469	3
2470	3
2471	3
2472	3
2473	3
2474	3
2475	3
2476	3
2477	3
2478	3
2479	3
2480	3
2481	3
2482	3
2483	3
2484	3
2485	3
2486	3
2487	3
2488	3
2489	3
2490	3
2491	3
2492	3
2493	3
2494	3
2495	3
2496	6
2497	6
2498	3
2499	3
2500	3
2501	3
2502	3
2503	3
2504	3
2505	3
2506	3
2507	3
2508	3
2509	6
2510	3
2511	3
2512	3
2513	3
2514	3
2515	3
2516	3
2517	3
2518	3
2519	3
2520	3
2521	3
2522	3
2523	6
2524	3
2525	6
2526	3
2527	3
2528	3
2529	6
2530	6
2531	6
2532	6
2533	6
2534	6
2535	6
2536	6
2537	6
2538	6
2539	3
2540	6
2541	3
2542	6
2543	3
2544	3
2545	3
2546	3
2547	6
2548	6
2549	3
2550	3
2551	3
2552	6
2553	6
2554	3
2555	3
2556	3
2557	3
2558	3
2559	3
2560	3
2561	3
2562	3
2563	6
2564	3
2565	6
2566	3
2567	3
2568	6
2569	3
2570	3
2571	3
2572	3
2573	3
2574	6
2575	3
2576	3
2577	3
2578	3
2579	3
2580	3
2581	6
2582	3
2583	3
2584	3
2585	3
2586	3
2587	6
2588	6
2589	6
2590	6
2591	6
2592	6
2593	6
2594	3
2595	3
2596	3
2597	3
2598	3
2599	3
2600	3
2601	3
2602	3
2603	3
2604	6
2605	6
2606	2
2607	2
2608	2
2609	2
2610	2
2611	2
2612	2
2613	2
2614	2
2615	2
2616	2
2617	2
2618	2
2619	2
2620	2
2621	2
2622	2
2623	2
2624	2
2625	2
2626	2
2627	2
2628	2
2629	2
2630	2
2631	2
2632	2
2633	2
2634	2
2635	2
2636	2
2637	2
2638	2
2639	2
2640	9
2641	9
2642	9
2643	9
2644	9
2645	9
2646	9
2647	9
2648	9
2649	9
2650	9
2651	9
2652	9
2653	9
2654	9
2655	9
2656	8
2657	9
2658	8
2659	9
2660	8
2661	9
2662	9
2663	9
2664	9
2665	9
2666	9
2667	9
2668	9
2669	9
2670	9
2671	9
2672	9
2673	9
2674	9
2675	9
2676	9
2677	9
2678	9
2679	9
2680	9
2681	9
2682	9
2683	9
2684	9
2685	9
2686	9
2687	9
2688	10
2689	10
2690	10
2691	10
315	11
1657	13
