0	5
1	5
2	5
3	5
4	5
5	5
6	5
7	3
8	3
9	3
10	3
11	3
12	3
13	3
14	3
15	3
16	3
17	3
18	3
19	3
20	3
21	8
22	8
23	8
24	8
25	8
26	8
27	8
28	8
29	2
30	2
31	2
32	2
33	2
34	2
35	2
36	2
37	2
38	2
39	2
40	2
41	2
42	2
43	2
44	2
45	2
46	2
47	2
48	2
49	2
50	2
51	2
52	2
53	6
54	6
55	6
56	6
57	6
58	2
59	2
60	2
61	2
62	2
63	2
64	2
65	6
66	6
67	6
68	6
69	6
70	6
71	8
72	8
73	8
74	8
75	2
76	2
77	2
78	2
79	2
80	2
81	2
82	2
83	10
84	10
85	10
86	10
87	10
88	10
89	10
90	10
91	10
92	10
93	10
94	10
95	10
96	3
97	3
98	3
99	3
100	3
101	3
102	3
103	3
104	3
105	3
106	3
107	3
108	3
109	3
110	3
111	3
112	3
113	3
114	3
115	3
116	3
117	3
118	3
119	3
120	3
121	3
122	3
123	3
124	3
125	3
126	3
127	3
128	3
129	7
130	7
131	7
132	7
133	7
134	7
135	7
136	7
137	7
138	7
139	7
140	7
141	7
142	7
143	7
144	7
145	7
146	7
147	7
148	7
149	7
150	7
151	7
152	7
153	7
154	7
155	7
156	7
157	7
158	7
159	7
160	7
161	7
162	7
163	7
164	7
165	7
166	7
167	7
168	7
169	7
170	7
171	7
172	7
173	7
174	7
175	7
176	7
177	7
178	7
179	7
180	7
181	7
182	7
183	5
184	5
185	5
186	5
187	5
188	5
189	5
190	5
191	5
192	5
193	5
194	5
195	5
196	5
197	5
198	5
199	5
200	5
201	5
202	5
203	5
204	5
205	5
206	5
207	5
208	8
209	8
210	8
211	8
212	8
213	8
214	8
215	8
216	8
217	8
218	8
219	8
220	8
221	8
222	8
223	8
224	8
225	8
226	8
227	8
228	8
229	8
230	8
231	8
232	8
233	8
234	8
235	8
236	8
237	8
238	8
239	8
240	8
241	8
242	8
243	8
244	8
245	8
246	8
247	8
248	5
249	5
250	5
251	5
252	5
253	5
254	5
255	5
256	5
257	5
258	5
259	5
260	5
261	8
262	8
263	8
264	8
265	8
266	8
267	8
268	11
269	11
270	11
271	8
272	8
273	8
274	8
275	8
276	8
277	8
278	11
279	11
280	11
281	11
282	11
283	11
284	11
285	11
286	11
287	11
288	11
289	11
290	11
291	11
292	11
293	11
294	11
295	11
296	11
297	11
298	11
299	11
300	11
301	11
302	5
303	5
304	5
305	5
306	13
307	13
308	13
309	13
310	13
311	13
312	13
313	13
314	13
316	12
317	12
318	12
319	12
320	12
321	12
322	12
323	12
324	12
325	12
326	12
327	12
328	12
329	12
330	12
331	13
332	13
333	13
334	13
335	13
336	13
337	12
338	12
339	12
340	13
341	13
342	13
343	13
344	13
345	13
346	13
347	13
348	13
349	13
350	13
351	13
352	13
353	13
354	13
355	13
356	10
357	7
358	10
359	7
360	7
361	10
362	7
363	7
364	10
365	10
366	7
367	10
368	10
369	13
370	13
371	13
372	13
373	13
374	13
375	13
376	13
377	13
378	13
379	13
380	13
381	13
382	13
383	13
384	13
385	13
386	13
387	13
388	13
389	12
390	12
391	12
392	12
393	12
394	13
395	13
396	13
397	13
398	12
399	12
400	12
401	12
402	12
403	8
404	8
405	8
406	8
407	8
408	8
409	3
410	2
411	3
412	3
413	2
414	2
415	2
416	3
417	2
418	3
419	3
420	2
421	2
422	2
423	3
424	2
425	10
426	10
427	10
428	10
429	10
430	10
431	10
432	10
433	2
434	2
435	2
436	3
437	2
438	2
439	3
440	2
441	2
442	3
443	2
444	3
445	3
446	10
447	10
448	10
449	10
450	10
451	2
452	3
453	2
454	10
455	10
456	10
457	2
458	3
459	2
460	2
461	2
462	2
463	10
464	10
465	10
466	10
467	10
468	10
469	10
470	10
471	10
472	10
473	3
474	3
475	11
476	11
477	11
478	11
479	11
480	11
481	11
482	11
483	11
484	8
485	8
486	11
487	11
488	11
489	11
490	11
491	11
492	11
493	11
494	11
495	11
496	11
497	11
498	8
499	11
500	11
501	11
502	8
503	11
504	11
505	11
506	8
507	8
508	8
509	8
510	8
511	8
512	8
513	8
514	8
515	8
516	8
517	8
518	8
519	8
520	8
521	8
522	4
523	4
524	4
525	4
526	5
527	5
528	4
529	4
530	4
531	4
532	4
533	4
534	4
535	4
536	4
537	4
538	5
539	5
540	5
541	5
542	5
543	5
544	5
545	5
546	5
547	5
548	5
549	5
550	5
551	5
552	5
553	5
554	5
555	5
556	5
557	5
558	5
559	8
560	8
561	8
562	8
563	8
564	8
565	5
566	5
567	5
568	5
569	5
570	4
571	4
572	4
573	4
574	4
575	4
576	4
577	4
578	4
579	4
580	4
581	5
582	5
583	5
584	5
585	5
586	5
587	8
588	8
589	8
590	8
591	8
592	8
593	8
594	8
595	8
596	8
597	8
598	8
599	8
600	8
601	8
602	8
603	5
604	5
605	5
606	5
607	5
608	5
609	5
610	5
611	5
612	5
613	5
614	5
615	5
616	5
617	8
618	8
619	8
620	8
621	8
622	8
623	8
624	8
625	8
626	8
627	8
628	8
629	8
630	8
631	8
632	8
633	8
634	8
635	8
636	8
637	8
638	8
639	5
640	5
641	5
642	5
643	5
644	5
645	5
646	5
647	5
648	5
649	5
650	5
651	5
652	5
653	5
654	5
655	5
656	5
657	7
658	7
659	11
660	11
661	2
662	2
663	2
664	2
665	2
666	2
667	2
668	2
669	2
670	11
671	11
672	11
673	11
674	11
675	11
676	11
677	11
678	11
679	11
680	2
681	2
682	2
683	2
684	2
685	2
686	2
687	2
688	2
689	2
690	2
691	2
692	2
693	2
694	2
695	2
696	2
697	11
698	11
699	11
700	11
701	11
702	11
703	11
704	11
705	11
706	11
707	11
708	11
709	11
710	11
711	11
712	11
713	11
714	2
715	2
716	8
717	8
718	11
719	11
720	11
721	8
722	8
723	8
724	8
725	8
726	8
727	8
728	8
729	8
730	8
731	8
732	12
733	12
734	12
735	12
736	12
737	7
738	11
739	11
740	7
741	7
742	11
743	7
744	11
745	12
746	12
747	12
748	12
749	12
750	12
751	12
752	12
753	12
754	12
755	12
756	12
757	12
758	12
759	12
760	12
761	12
762	12
763	12
764	12
765	12
766	11
767	11
768	7
769	11
770	12
771	12
772	7
773	7
774	11
775	11
776	7
777	7
778	7
779	7
780	7
781	7
782	7
783	7
784	7
785	13
786	7
787	7
788	7
789	7
790	7
791	13
792	13
793	13
794	13
795	13
796	13
797	13
798	13
799	13
800	13
801	7
802	7
803	7
804	7
805	13
806	13
807	13
808	7
809	7
810	7
811	6
812	12
813	6
814	12
815	12
816	6
817	12
818	12
819	12
820	12
821	6
822	6
823	12
824	6
825	6
826	6
827	6
828	6
829	12
830	6
831	6
832	6
833	6
834	12
835	12
836	6
837	12
838	6
839	6
840	12
841	6
842	12
843	12
844	12
845	6
846	12
847	12
848	6
849	6
850	12
851	12
852	6
853	6
854	12
855	6
856	12
857	12
858	5
859	5
860	5
861	5
862	5
863	5
864	5
865	5
866	5
867	5
868	5
869	5
870	5
871	6
872	6
873	6
874	6
875	12
876	12
877	6
878	6
879	6
880	6
881	6
882	6
883	12
884	6
885	12
886	6
887	12
888	12
889	6
890	6
891	6
892	12
893	12
894	12
895	12
896	6
897	6
898	12
899	12
900	12
901	12
902	6
903	12
904	6
905	12
906	6
907	12
908	12
909	6
910	12
911	12
912	12
913	6
914	12
915	6
916	6
917	6
918	6
919	6
920	12
921	12
922	12
923	12
924	6
925	12
926	6
927	6
928	12
929	6
930	12
931	12
932	12
933	12
934	6
935	12
936	6
937	6
938	6
939	12
940	12
941	6
942	12
943	6
944	12
945	12
946	6
947	12
948	12
949	12
950	12
951	12
952	12
953	6
954	12
955	6
956	12
957	12
958	12
959	6
960	6
961	12
962	12
963	6
964	12
965	6
966	12
967	6
968	12
969	12
970	6
971	6
972	12
973	12
974	12
975	12
976	12
977	12
978	6
979	6
980	6
981	6
982	12
983	12
984	3
985	7
986	7
987	7
988	7
989	7
990	7
991	7
992	7
993	7
994	7
995	7
996	7
997	7
998	7
999	7
1000	7
1001	7
1002	7
1003	7
1004	7
1005	7
1006	7
1007	3
1008	3
1009	7
1010	3
1011	12
1012	12
1013	12
1014	12
1015	12
1016	12
1017	3
1018	12
1019	12
1020	3
1021	3
1022	3
1023	3
1024	12
1025	12
1026	3
1027	3
1028	12
1029	12
1030	12
1031	12
1032	12
1033	12
1034	3
1035	3
1036	3
1037	3
1038	12
1039	12
1040	12
1041	3
1042	3
1043	12
1044	12
1045	12
1046	12
1047	3
1048	12
1049	12
1050	3
1051	12
1052	12
1053	12
1054	3
1055	3
1056	3
1057	3
1058	3
1059	12
1060	3
1061	3
1062	12
1063	3
1064	12
1065	3
1066	3
1067	3
1068	3
1069	12
1070	3
1071	12
1072	12
1073	12
1074	12
1075	2
1076	2
1077	2
1078	2
1079	2
1080	2
1081	2
1082	2
1083	2
1084	2
1085	2
1086	2
1087	11
1088	11
1089	11
1090	11
1091	11
1092	11
1093	11
1094	8
1095	8
1096	8
1097	8
1098	8
1099	8
1100	8
1101	8
1102	8
1103	8
1104	8
1105	8
1106	8
1107	13
1108	13
1109	13
1110	6
1111	13
1112	6
1113	6
1114	13
1115	6
1116	6
1117	6
1118	13
1119	6
1120	13
1121	6
1122	13
1123	13
1124	13
1125	13
1126	13
1127	6
1128	13
1129	6
1130	13
1131	13
1132	6
1133	13
1134	13
1135	13
1136	6
1137	6
1138	6
1139	6
1140	6
1141	6
1142	13
1143	6
1144	13
1145	13
1146	6
1147	6
1148	6
1149	6
1150	6
1151	13
1152	6
1153	13
1154	13
1155	13
1156	13
1157	13
1158	13
1159	13
1160	13
1161	13
1162	13
1163	13
1164	13
1165	13
1166	13
1167	13
1168	13
1169	12
1170	3
1171	12
1172	12
1173	3
1174	3
1175	3
1176	12
1177	12
1178	12
1179	12
1180	12
1181	12
1182	12
1183	12
1184	3
1185	12
1186	3
1187	12
1188	12
1189	12
1190	3
1191	3
1192	12
1193	12
1194	3
1195	12
1196	3
1197	12
1198	3
1199	12
1200	6
1201	6
1202	6
1203	6
1204	6
1205	6
1206	6
1207	6
1208	6
1209	6
1210	6
1211	6
1212	6
1213	6
1214	6
1215	6
1216	6
1217	6
1218	6
1219	6
1220	6
1221	6
1222	6
1223	6
1224	6
1225	6
1226	6
1227	6
1228	6
1229	6
1230	6
1231	6
1232	6
1233	6
1234	6
1235	6
1236	6
1237	6
1238	6
1239	6
1240	11
1241	11
1242	11
1243	8
1244	11
1245	11
1246	11
1247	11
1248	8
1249	8
1250	8
1251	8
1252	8
1253	2
1254	2
1255	2
1256	2
1257	2
1258	8
1259	11
1260	8
1261	8
1262	11
1263	11
1264	2
1265	2
1266	2
1267	2
1268	2
1269	2
1270	2
1271	2
1272	2
1273	2
1274	2
1275	2
1276	2
1277	2
1278	13
1279	13
1280	13
1281	8
1282	11
1283	11
1284	2
1285	2
1286	2
1287	2
1288	13
1289	13
1290	13
1291	13
1292	13
1293	13
1294	13
1295	13
1296	13
1297	13
1298	13
1299	13
1300	13
1301	13
1302	13
1303	2
1304	2
1305	2
1306	2
1307	2
1308	2
1309	2
1310	2
1311	2
1312	2
1313	2
1314	6
1315	6
1316	6
1317	6
1318	6
1319	6
1320	6
1321	6
1322	6
1323	6
1324	6
1325	6
1326	6
1327	6
1328	6
1329	6
1330	6
1331	6
1332	6
1333	6
1334	6
1335	6
1336	6
1337	6
1338	6
1339	6
1340	6
1341	6
1342	6
1343	6
1344	6
1345	6
1346	2
1347	2
1348	2
1349	2
1350	2
1351	2
1352	2
1353	2
1354	2
1355	2
1356	2
1357	2
1358	2
1359	2
1360	2
1361	2
1362	2
1363	10
1364	6
1365	10
1366	6
1367	6
1368	10
1369	10
1370	10
1371	6
1372	6
1373	6
1374	10
1375	10
1376	6
1377	10
1378	10
1379	10
1380	6
1381	13
1382	13
1383	13
1384	13
1385	13
1386	13
1387	13
1388	13
1389	13
1390	13
1391	13
1392	13
1393	13
1394	13
1395	13
1396	13
1397	2
1398	2
1399	2
1400	2
1401	2
1402	2
1403	2
1404	2
1405	2
1406	2
1407	2
1408	2
1409	2
1410	2
1411	2
1412	2
1413	2
1414	2
1415	2
1416	2
1417	2
1418	2
1419	2
1420	2
1421	2
1422	2
1423	2
1424	2
1425	2
1426	2
1427	2
1428	4
1429	4
1430	4
1431	4
1432	4
1433	4
1434	4
1435	4
1436	4
1437	4
1438	4
1439	4
1440	4
1441	3
1442	3
1443	3
1444	3
1445	3
1446	3
1447	3
1448	3
1449	3
1450	3
1451	3
1452	3
1453	3
1454	3
1455	4
1456	4
1457	4
1458	4
1459	4
1460	4
1461	4
1462	4
1463	4
1464	4
1465	8
1466	8
1467	8
1468	8
1469	8
1470	8
1471	8
1472	8
1473	8
1474	8
1475	8
1476	8
1477	8
1478	8
1479	8
1480	8
1481	8
1482	8
1483	8
1484	8
1485	8
1486	8
1487	8
1488	8
1489	12
1490	12
1491	12
1492	12
1493	12
1494	12
1495	12
1496	12
1497	12
1498	12
1499	12
1500	12
1501	5
1502	5
1503	5
1504	5
1505	5
1506	5
1507	5
1508	5
1509	5
1510	5
1511	5
1512	5
1513	5
1514	5
1515	5
1516	5
1517	5
1518	5
1519	5
1520	5
1521	5
1522	5
1523	5
1524	5
1525	5
1526	5
1527	5
1528	5
1529	10
1530	10
1531	10
1532	10
1533	10
1534	10
1535	10
1536	10
1537	10
1538	10
1539	10
1540	10
1541	10
1542	10
1543	10
1544	10
1545	10
1546	10
1547	10
1548	10
1549	10
1550	10
1551	10
1552	10
1553	10
1554	10
1555	10
1556	10
1557	10
1558	10
1559	10
1560	10
1561	10
1562	10
1563	10
1564	10
1565	10
1566	10
1567	10
1568	10
1569	10
1570	10
1571	10
1572	10
1573	10
1574	10
1575	10
1576	12
1577	12
1578	12
1579	12
1580	12
1581	12
1582	12
1583	12
1584	12
1585	12
1586	12
1587	12
1588	12
1589	12
1590	12
1591	12
1592	12
1593	2
1594	2
1595	2
1596	2
1597	2
1598	2
1599	2
1600	2
1601	2
1602	4
1603	10
1604	4
1605	4
1606	4
1607	10
1608	4
1609	4
1610	4
1611	4
1612	4
1613	10
1614	10
1615	4
1616	4
1617	4
1618	8
1619	8
1620	8
1621	8
1622	8
1623	8
1624	8
1625	8
1626	8
1627	8
1628	8
1629	3
1630	3
1631	3
1632	3
1633	3
1634	3
1635	3
1636	3
1637	3
1638	3
1639	3
1640	3
1641	3
1642	3
1643	3
1644	8
1645	8
1646	8
1647	8
1648	8
1649	3
1650	3
1651	3
1652	3
1653	3
1654	3
1655	3
1656	3
1658	3
1659	3
1660	3
1661	3
1662	3
1663	3
1664	3
1665	3
1666	3
1667	3
1668	3
1669	3
1670	3
1671	3
1672	3
1673	8
1674	3
1675	3
1676	3
1677	8
1678	11
1679	11
1680	11
1681	11
1682	11
1683	11
1684	11
1685	3
1686	3
1687	3
1688	3
1689	3
1690	3
1691	3
1692	3
1693	3
1694	3
1695	3
1696	3
1697	3
1698	3
1699	3
1700	3
1701	3
1702	3
1703	4
1704	4
1705	3
1706	3
1707	3
1708	3
1709	4
1710	3
1711	3
1712	3
1713	8
1714	8
1715	8
1716	8
1717	8
1718	8
1719	8
1720	8
1721	8
1722	8
1723	8
1724	8
1725	3
1726	3
1727	3
1728	8
1729	3
1730	3
1731	3
1732	3
1733	3
1734	3
1735	3
1736	4
1737	4
1738	3
1739	3
1740	3
1741	3
1742	2
1743	2
1744	2
1745	2
1746	2
1747	2
1748	2
1749	2
1750	2
1751	2
1752	2
1753	2
1754	2
1755	2
1756	2
1757	8
1758	8
1759	8
1760	8
1761	2
1762	2
1763	2
1764	2
1765	2
1766	2
1767	2
1768	2
1769	2
1770	2
1771	2
1772	2
1773	2
1774	8
1775	8
1776	8
1777	8
1778	8
1779	8
1780	8
1781	8
1782	8
1783	8
1784	8
1785	8
1786	8
1787	2
1788	2
1789	2
1790	2
1791	2
1792	2
1793	2
1794	2
1795	8
1796	8
1797	8
1798	8
1799	2
1800	2
1801	2
1802	2
1803	2
1804	2
1805	2
1806	2
1807	2
1808	2
1809	4
1810	4
1811	4
1812	4
1813	4
1814	4
1815	4
1816	4
1817	4
1818	4
1819	4
1820	4
1821	4
1822	4
1823	4
1824	4
1825	4
1826	4
1827	4
1828	4
1829	4
1830	8
1831	8
1832	8
1833	8
1834	8
1835	4
1836	4
1837	8
1838	4
1839	4
1840	10
1841	10
1842	10
1843	10
1844	10
1845	4
1846	4
1847	4
1848	4
1849	4
1850	4
1851	4
1852	4
1853	4
1854	4
1855	4
1856	4
1857	8
1858	8
1859	8
1860	8
1861	8
1862	8
1863	4
1864	4
1865	4
1866	4
1867	4
1868	4
1869	4
1870	4
1871	4
1872	11
1873	11
1874	11
1875	11
1876	11
1877	11
1878	11
1879	11
1880	11
1881	11
1882	11
1883	11
1884	11
1885	11
1886	11
1887	11
1888	11
1889	11
1890	11
1891	11
1892	11
1893	11
1894	11
1895	5
1896	5
1897	5
1898	13
1899	13
1900	13
1901	13
1902	13
1903	13
1904	5
1905	5
1906	5
1907	5
1908	5
1909	5
1910	5
1911	5
1912	5
1913	2
1914	2
1915	2
1916	13
1917	13
1918	13
1919	13
1920	13
1921	13
1922	13
1923	13
1924	5
1925	5
1926	5
1927	5
1928	5
1929	5
1930	5
1931	2
1932	5
1933	5
1934	5
1935	2
1936	5
1937	5
1938	5
1939	5
1940	5
1941	5
1942	2
1943	5
1944	5
1945	5
1946	2
1947	5
1948	2
1949	5
1950	5
1951	5
1952	5
1953	5
1954	5
1955	5
1956	5
1957	5
1958	5
1959	5
1960	5
1961	2
1962	5
1963	5
1964	5
1965	5
1966	5
1967	5
1968	5
1969	5
1970	5
1971	5
1972	5
1973	5
1974	5
1975	5
1976	10
1977	10
1978	10
1979	10
1980	10
1981	10
1982	10
1983	7
1984	7
1985	10
1986	10
1987	7
1988	10
1989	10
1990	10
1991	7
1992	10
1993	7
1994	7
1995	7
1996	10
1997	7
1998	7
1999	7
2000	7
2001	10
2002	10
2003	10
2004	10
2005	10
2006	10
2007	10
2008	10
2009	7
2010	7
2011	7
2012	7
2013	10
2014	7
2015	7
2016	10
2017	11
2018	11
2019	11
2020	11
2021	11
2022	11
2023	11
2024	7
2025	11
2026	11
2027	11
2028	11
2029	11
2030	7
2031	7
2032	7
2033	7
2034	7
2035	7
2036	7
2037	11
2038	8
2039	8
2040	8
2041	8
2042	8
2043	11
2044	11
2045	11
2046	7
2047	7
2048	8
2049	8
2050	11
2051	7
2052	7
2053	11
2054	11
2055	7
2056	11
2057	7
2058	10
2059	10
2060	10
2061	10
2062	10
2063	10
2064	10
2065	10
2066	10
2067	10
2068	11
2069	11
2070	11
2071	11
2072	11
2073	8
2074	11
2075	11
2076	11
2077	8
2078	8
2079	11
2080	8
2081	11
2082	11
2083	11
2084	11
2085	11
2086	11
2087	11
2088	11
2089	12
2090	12
2091	12
2092	12
2093	12
2094	12
2095	12
2096	5
2097	5
2098	5
2099	5
2100	5
2101	5
2102	5
2103	5
2104	5
2105	5
2106	5
2107	5
2108	5
2109	5
2110	5
2111	5
2112	5
2113	9
2114	9
2115	9
2116	4
2117	9
2118	9
2119	9
2120	9
2121	4
2122	9
2123	9
2124	11
2125	4
2126	4
2127	9
2128	9
2129	9
2130	9
2131	9
2132	9
2133	9
2134	9
2135	9
2136	9
2137	9
2138	9
2139	4
2140	4
2141	9
2142	9
2143	9
2144	9
2145	9
2146	9
2147	9
2148	9
2149	9
2150	4
2151	4
2152	4
2153	4
2154	9
2155	9
2156	9
2157	9
2158	4
2159	9
2160	4
2161	4
2162	4
2163	4
2164	4
2165	4
2166	9
2167	4
2168	4
2169	9
2170	9
2171	9
2172	9
2173	9
2174	9
2175	9
2176	9
2177	9
2178	4
2179	4
2180	4
2181	4
2182	9
2183	9
2184	9
2185	9
2186	9
2187	9
2188	9
2189	4
2190	4
2191	9
2192	9
2193	9
2194	9
2195	9
2196	9
2197	9
2198	9
2199	9
2200	9
2201	9
2202	9
2203	9
2204	4
2205	9
2206	4
2207	4
2208	9
2209	4
2210	4
2211	9
2212	9
2213	9
2214	9
2215	9
2216	9
2217	9
2218	9
2219	9
2220	9
2221	9
2222	9
2223	9
2224	4
2225	9
2226	9
2227	9
2228	9
2229	9
2230	4
2231	4
2232	9
2233	9
2234	9
2235	9
2236	9
2237	9
2238	9
2239	9
2240	9
2241	9
2242	9
2243	9
2244	9
2245	9
2246	4
2247	4
2248	4
2249	9
2250	9
2251	9
2252	9
2253	9
2254	9
2255	9
2256	4
2257	9
2258	4
2259	4
2260	4
2261	4
2262	4
2263	9
2264	4
2265	4
2266	9
2267	9
2268	9
2269	9
2270	9
2271	9
2272	9
2273	9
2274	9
2275	9
2276	4
2277	9
2278	9
2279	9
2280	9
2281	9
2282	9
2283	9
2284	11
2285	11
2286	9
2287	9
2288	9
2289	9
2290	9
2291	9
2292	9
2293	4
2294	4
2295	9
2296	9
2297	9
2298	9
2299	9
2300	9
2301	9
2302	9
2303	4
2304	4
2305	9
2306	9
2307	9
2308	9
2309	11
2310	11
2311	11
2312	6
2313	6
2314	6
2315	6
2316	6
2317	6
2318	6
2319	6
2320	6
2321	6
2322	6
2323	6
2324	6
2325	6
2326	6
2327	6
2328	6
2329	6
2330	5
2331	5
2332	5
2333	5
2334	5
2335	5
2336	5
2337	5
2338	5
2339	5
2340	5
2341	5
2342	5
2343	5
2344	5
2345	5
2346	12
2347	12
2348	12
2349	12
2350	12
2351	12
2352	12
2353	12
2354	12
2355	12
2356	12
2357	12
2358	12
2359	12
2360	12
2361	12
2362	12
2363	12
2364	12
2365	12
2366	9
2367	9
2368	9
2369	9
2370	9
2371	9
2372	9
2373	9
2374	4
2375	4
2376	9
2377	9
2378	9
2379	4
2380	9
2381	9
2382	9
2383	9
2384	4
2385	4
2386	4
2387	4
2388	4
2389	4
2390	4
2391	4
2392	4
2393	9
2394	9
2395	9
2396	4
2397	9
2398	4
2399	4
2400	4
2401	9
2402	9
2403	4
2404	4
2405	9
2406	4
2407	4
2408	4
2409	9
2410	9
2411	9
2412	4
2413	4
2414	9
2415	1
2416	1
2417	1
2418	1
2419	13
2420	13
2421	1
2422	1
2423	1
2424	1
2425	1
2426	1
2427	13
2428	13
2429	13
2430	13
2431	1
2432	1
2433	1
2434	1
2435	1
2436	1
2437	1
2438	1
2439	1
2440	1
2441	1
2442	1
2443	1
2444	1
2445	1
2446	1
2447	1
2448	1
2449	1
2450	1
2451	1
2452	1
2453	1
2454	1
2455	1
2456	1
2457	1
2458	1
2459	1
2460	1
2461	1
2462	1
2463	1
2464	1
2465	1
2466	1
2467	1
2468	1
2469	1
2470	1
2471	1
2472	1
2473	1
2474	1
2475	1
2476	1
2477	1
2478	1
2479	1
2480	1
2481	1
2482	1
2483	1
2484	1
2485	1
2486	1
2487	1
2488	1
2489	1
2490	1
2491	1
2492	1
2493	1
2494	1
2495	1
2496	1
2497	1
2498	1
2499	1
2500	1
2501	1
2502	13
2503	1
2504	13
2505	13
2506	1
2507	1
2508	1
2509	1
2510	1
2511	1
2512	1
2513	1
2514	1
2515	1
2516	1
2517	1
2518	1
2519	1
2520	1
2521	1
2522	1
2523	13
2524	1
2525	13
2526	1
2527	1
2528	1
2529	13
2530	13
2531	1
2532	13
2533	1
2534	13
2535	1
2536	13
2537	1
2538	13
2539	1
2540	13
2541	1
2542	13
2543	1
2544	1
2545	1
2546	1
2547	1
2548	1
2549	1
2550	1
2551	1
2552	13
2553	1
2554	1
2555	1
2556	1
2557	1
2558	13
2559	13
2560	1
2561	1
2562	1
2563	13
2564	1
2565	13
2566	1
2567	1
2568	13
2569	13
2570	13
2571	13
2572	13
2573	13
2574	13
2575	1
2576	1
2577	1
2578	1
2579	1
2580	1
2581	13
2582	1
2583	1
2584	1
2585	1
2586	1
2587	1
2588	1
2589	1
2590	1
2591	1
2592	1
2593	1
2594	1
2595	1
2596	1
2597	1
2598	1
2599	1
2600	1
2601	1
2602	1
2603	1
2604	13
2605	1
2606	11
2607	11
2608	11
2609	11
2610	11
2611	11
2612	11
2613	11
2614	11
2615	11
2616	11
2617	11
2618	11
2619	11
2620	11
2621	11
2622	11
2623	11
2624	11
2625	11
2626	11
2627	11
2628	11
2629	11
2630	11
2631	11
2632	11
2633	11
2634	11
2635	11
2636	11
2637	11
2638	11
2639	11
2640	7
2641	7
2642	7
2643	7
2644	7
2645	7
2646	7
2647	7
2648	7
2649	7
2650	7
2651	7
2652	7
2653	7
2654	7
2655	7
2656	7
2657	7
2658	7
2659	7
2660	7
2661	7
2662	7
2663	7
2664	10
2665	10
2666	7
2667	10
2668	10
2669	10
2670	10
2671	10
2672	7
2673	10
2674	7
2675	7
2676	7
2677	7
2678	7
2679	10
2680	10
2681	10
2682	10
2683	10
2684	10
2685	10
2686	7
2687	10
2688	5
2689	5
2690	5
2691	5
315	12
1657	3
