0	10
1	10
2	10
3	10
4	10
5	10
6	10
7	9
8	9
9	9
10	9
11	9
12	9
13	9
14	9
15	9
16	9
17	9
18	3
19	9
20	9
21	6
22	6
23	6
24	6
25	6
26	6
27	6
28	6
29	3
30	3
31	3
32	3
33	3
34	3
35	3
36	3
37	3
38	3
39	3
40	3
41	3
42	3
43	3
44	3
45	3
46	3
47	3
48	3
49	3
50	11
51	3
52	3
53	13
54	13
55	13
56	13
57	13
58	3
59	3
60	11
61	11
62	11
63	3
64	11
65	13
66	13
67	13
68	13
69	13
70	13
71	6
72	6
73	6
74	6
75	3
76	3
77	3
78	3
79	3
80	3
81	3
82	3
83	2
84	2
85	2
86	2
87	2
88	2
89	2
90	2
91	2
92	2
93	2
94	2
95	2
96	9
97	9
98	9
99	9
100	9
101	9
102	9
103	9
104	9
105	9
106	9
107	9
108	9
109	9
110	9
111	9
112	9
113	9
114	9
115	9
116	9
117	9
118	9
119	9
120	9
121	9
122	9
123	9
124	9
125	9
126	9
127	9
128	9
129	8
130	8
131	8
132	8
133	8
134	8
135	8
136	8
137	8
138	8
139	8
140	8
141	12
142	8
143	8
144	8
145	8
146	8
147	8
148	8
149	8
150	8
151	8
152	8
153	8
154	8
155	8
156	8
157	12
158	12
159	12
160	12
161	12
162	8
163	8
164	8
165	12
166	4
167	4
168	4
169	4
170	4
171	4
172	4
173	4
174	4
175	4
176	4
177	4
178	4
179	4
180	4
181	4
182	4
183	11
184	11
185	11
186	11
187	11
188	11
189	11
190	11
191	11
192	11
193	11
194	11
195	11
196	11
197	11
198	11
199	11
200	11
201	11
202	11
203	11
204	11
205	11
206	11
207	11
208	6
209	6
210	6
211	6
212	6
213	6
214	6
215	6
216	6
217	6
218	6
219	6
220	6
221	6
222	6
223	6
224	6
225	6
226	1
227	1
228	1
229	1
230	1
231	1
232	1
233	1
234	1
235	1
236	6
237	6
238	6
239	6
240	6
241	6
242	6
243	6
244	6
245	6
246	6
247	6
248	11
249	11
250	11
251	11
252	11
253	11
254	11
255	11
256	11
257	11
258	11
259	11
260	11
261	1
262	1
263	1
264	1
265	1
266	1
267	1
268	1
269	1
270	1
271	1
272	1
273	1
274	1
275	1
276	1
277	1
278	1
279	1
280	1
281	1
282	1
283	1
284	1
285	1
286	1
287	1
288	1
289	1
290	1
291	1
292	1
293	1
294	1
295	1
296	1
297	1
298	1
299	1
300	1
301	1
302	11
303	11
304	11
305	11
306	7
307	7
308	7
309	7
310	7
311	7
312	7
313	7
314	7
316	13
317	13
318	13
319	13
320	13
321	13
322	13
323	13
324	13
325	13
326	13
327	13
328	13
329	13
330	13
331	7
332	7
333	7
334	7
335	7
336	7
337	13
338	13
339	13
340	7
341	7
342	7
343	7
344	7
345	12
346	7
347	7
348	7
349	7
350	7
351	7
352	7
353	7
354	7
355	7
356	8
357	8
358	8
359	8
360	8
361	8
362	8
363	8
364	8
365	8
366	8
367	8
368	8
369	7
370	7
371	7
372	7
373	7
374	7
375	7
376	7
377	7
378	7
379	7
380	7
381	7
382	7
383	7
384	7
385	7
386	7
387	7
388	7
389	13
390	13
391	13
392	13
393	13
394	7
395	7
396	7
397	7
398	13
399	13
400	13
401	13
402	13
403	6
404	6
405	6
406	6
407	6
408	6
409	10
410	10
411	10
412	3
413	3
414	3
415	10
416	3
417	3
418	3
419	3
420	10
421	3
422	10
423	3
424	10
425	4
426	4
427	4
428	4
429	4
430	4
431	4
432	4
433	3
434	10
435	10
436	3
437	3
438	10
439	3
440	10
441	10
442	3
443	3
444	3
445	10
446	4
447	4
448	4
449	4
450	4
451	3
452	10
453	10
454	4
455	4
456	4
457	3
458	10
459	10
460	10
461	3
462	3
463	4
464	4
465	4
466	4
467	4
468	4
469	4
470	4
471	4
472	4
473	3
474	10
475	1
476	1
477	4
478	4
479	4
480	4
481	4
482	4
483	4
484	6
485	6
486	4
487	4
488	4
489	1
490	1
491	1
492	1
493	1
494	1
495	4
496	4
497	4
498	6
499	4
500	4
501	4
502	6
503	4
504	4
505	4
506	6
507	6
508	6
509	6
510	6
511	6
512	6
513	6
514	6
515	6
516	6
517	6
518	6
519	6
520	6
521	6
522	2
523	2
524	2
525	2
526	11
527	11
528	2
529	2
530	2
531	2
532	2
533	2
534	2
535	2
536	2
537	2
538	11
539	11
540	11
541	11
542	11
543	11
544	11
545	11
546	11
547	11
548	11
549	11
550	11
551	11
552	11
553	11
554	11
555	11
556	11
557	11
558	11
559	1
560	1
561	1
562	1
563	1
564	1
565	11
566	11
567	11
568	11
569	11
570	2
571	2
572	2
573	2
574	2
575	2
576	2
577	2
578	2
579	2
580	2
581	11
582	11
583	11
584	11
585	11
586	11
587	1
588	1
589	1
590	1
591	1
592	6
593	6
594	1
595	6
596	1
597	1
598	1
599	6
600	6
601	1
602	6
603	11
604	11
605	11
606	11
607	11
608	11
609	11
610	11
611	11
612	11
613	11
614	11
615	11
616	11
617	1
618	6
619	6
620	1
621	1
622	1
623	1
624	1
625	1
626	1
627	1
628	6
629	6
630	6
631	1
632	1
633	1
634	1
635	1
636	1
637	1
638	1
639	11
640	11
641	11
642	11
643	11
644	11
645	11
646	11
647	11
648	11
649	11
650	11
651	11
652	11
653	11
654	11
655	11
656	11
657	4
658	4
659	4
660	4
661	10
662	10
663	10
664	10
665	10
666	10
667	10
668	10
669	10
670	8
671	8
672	8
673	8
674	8
675	8
676	8
677	8
678	8
679	8
680	10
681	10
682	10
683	10
684	10
685	10
686	10
687	10
688	10
689	10
690	10
691	10
692	10
693	10
694	10
695	10
696	10
697	8
698	8
699	8
700	8
701	8
702	8
703	8
704	8
705	8
706	8
707	8
708	8
709	8
710	8
711	8
712	8
713	8
714	10
715	10
716	1
717	1
718	8
719	8
720	8
721	1
722	1
723	1
724	1
725	1
726	1
727	1
728	1
729	1
730	1
731	1
732	3
733	3
734	3
735	3
736	3
737	4
738	4
739	4
740	4
741	4
742	4
743	4
744	4
745	3
746	3
747	3
748	3
749	3
750	3
751	3
752	3
753	3
754	3
755	3
756	3
757	3
758	3
759	3
760	3
761	3
762	3
763	3
764	3
765	3
766	4
767	4
768	4
769	4
770	3
771	3
772	4
773	4
774	4
775	4
776	4
777	4
778	4
779	4
780	4
781	4
782	4
783	4
784	4
785	6
786	4
787	4
788	4
789	4
790	4
791	6
792	6
793	6
794	6
795	6
796	6
797	6
798	6
799	6
800	6
801	4
802	4
803	4
804	4
805	6
806	6
807	6
808	4
809	4
810	4
811	13
812	3
813	13
814	13
815	13
816	13
817	13
818	3
819	13
820	3
821	13
822	13
823	13
824	13
825	13
826	13
827	13
828	13
829	3
830	13
831	13
832	13
833	13
834	13
835	13
836	13
837	13
838	13
839	13
840	13
841	13
842	13
843	13
844	13
845	13
846	13
847	3
848	13
849	13
850	3
851	13
852	13
853	13
854	13
855	13
856	3
857	3
858	11
859	11
860	11
861	11
862	11
863	11
864	11
865	11
866	11
867	11
868	11
869	11
870	11
871	13
872	13
873	13
874	13
875	13
876	13
877	13
878	13
879	13
880	13
881	13
882	13
883	13
884	13
885	13
886	13
887	13
888	13
889	13
890	13
891	13
892	3
893	13
894	13
895	13
896	13
897	13
898	13
899	13
900	13
901	3
902	13
903	13
904	13
905	13
906	13
907	13
908	13
909	13
910	13
911	3
912	3
913	13
914	13
915	13
916	13
917	13
918	13
919	13
920	13
921	13
922	13
923	3
924	13
925	13
926	13
927	13
928	13
929	13
930	3
931	3
932	13
933	13
934	13
935	13
936	13
937	13
938	13
939	13
940	13
941	13
942	3
943	13
944	3
945	3
946	13
947	13
948	13
949	3
950	13
951	13
952	13
953	13
954	3
955	13
956	3
957	13
958	13
959	13
960	13
961	13
962	3
963	13
964	13
965	13
966	13
967	13
968	13
969	13
970	13
971	13
972	13
973	13
974	13
975	3
976	13
977	13
978	13
979	13
980	13
981	13
982	3
983	3
984	9
985	8
986	8
987	8
988	8
989	8
990	8
991	8
992	4
993	8
994	8
995	8
996	8
997	8
998	8
999	8
1000	4
1001	4
1002	8
1003	8
1004	8
1005	8
1006	8
1007	9
1008	9
1009	8
1010	9
1011	3
1012	9
1013	9
1014	3
1015	3
1016	3
1017	9
1018	9
1019	3
1020	9
1021	3
1022	9
1023	3
1024	3
1025	3
1026	3
1027	9
1028	3
1029	3
1030	3
1031	3
1032	3
1033	3
1034	3
1035	9
1036	9
1037	9
1038	3
1039	9
1040	3
1041	9
1042	9
1043	3
1044	3
1045	3
1046	3
1047	9
1048	9
1049	3
1050	9
1051	9
1052	3
1053	3
1054	9
1055	3
1056	9
1057	9
1058	9
1059	3
1060	9
1061	9
1062	3
1063	3
1064	3
1065	9
1066	9
1067	9
1068	9
1069	3
1070	9
1071	3
1072	3
1073	3
1074	3
1075	11
1076	11
1077	11
1078	11
1079	11
1080	11
1081	11
1082	11
1083	11
1084	11
1085	11
1086	11
1087	1
1088	1
1089	1
1090	1
1091	1
1092	1
1093	1
1094	6
1095	6
1096	6
1097	6
1098	6
1099	6
1100	6
1101	6
1102	6
1103	6
1104	6
1105	6
1106	6
1107	7
1108	7
1109	7
1110	7
1111	7
1112	7
1113	7
1114	7
1115	7
1116	7
1117	7
1118	7
1119	7
1120	7
1121	7
1122	7
1123	7
1124	7
1125	7
1126	7
1127	7
1128	7
1129	7
1130	7
1131	7
1132	7
1133	7
1134	7
1135	7
1136	13
1137	7
1138	7
1139	7
1140	7
1141	7
1142	7
1143	7
1144	7
1145	7
1146	7
1147	7
1148	7
1149	7
1150	7
1151	7
1152	7
1153	7
1154	7
1155	7
1156	7
1157	7
1158	7
1159	7
1160	7
1161	7
1162	7
1163	7
1164	7
1165	7
1166	7
1167	7
1168	7
1169	3
1170	9
1171	9
1172	3
1173	9
1174	9
1175	9
1176	3
1177	3
1178	3
1179	3
1180	9
1181	3
1182	3
1183	3
1184	9
1185	3
1186	3
1187	3
1188	3
1189	3
1190	9
1191	9
1192	9
1193	3
1194	9
1195	3
1196	9
1197	3
1198	9
1199	3
1200	9
1201	9
1202	9
1203	9
1204	9
1205	9
1206	9
1207	9
1208	9
1209	9
1210	9
1211	9
1212	9
1213	9
1214	9
1215	9
1216	9
1217	9
1218	9
1219	9
1220	9
1221	9
1222	9
1223	9
1224	9
1225	9
1226	9
1227	9
1228	9
1229	9
1230	9
1231	9
1232	9
1233	9
1234	9
1235	9
1236	9
1237	9
1238	9
1239	9
1240	1
1241	1
1242	1
1243	1
1244	1
1245	1
1246	1
1247	1
1248	1
1249	1
1250	1
1251	1
1252	1
1253	3
1254	3
1255	3
1256	3
1257	3
1258	1
1259	1
1260	1
1261	1
1262	1
1263	1
1264	3
1265	3
1266	3
1267	3
1268	3
1269	3
1270	3
1271	3
1272	3
1273	3
1274	3
1275	3
1276	3
1277	3
1278	6
1279	6
1280	6
1281	1
1282	1
1283	1
1284	3
1285	3
1286	3
1287	3
1288	6
1289	6
1290	6
1291	6
1292	6
1293	6
1294	6
1295	6
1296	6
1297	6
1298	6
1299	6
1300	6
1301	6
1302	6
1303	11
1304	11
1305	11
1306	11
1307	11
1308	11
1309	11
1310	11
1311	11
1312	11
1313	11
1314	7
1315	7
1316	7
1317	7
1318	7
1319	7
1320	7
1321	7
1322	13
1323	7
1324	7
1325	7
1326	7
1327	7
1328	7
1329	7
1330	7
1331	7
1332	7
1333	7
1334	7
1335	13
1336	7
1337	7
1338	7
1339	13
1340	13
1341	7
1342	13
1343	7
1344	7
1345	13
1346	11
1347	11
1348	11
1349	11
1350	11
1351	11
1352	11
1353	11
1354	11
1355	11
1356	11
1357	11
1358	11
1359	11
1360	11
1361	11
1362	11
1363	7
1364	7
1365	7
1366	7
1367	7
1368	7
1369	7
1370	7
1371	7
1372	7
1373	7
1374	7
1375	7
1376	7
1377	7
1378	7
1379	7
1380	7
1381	6
1382	6
1383	6
1384	6
1385	6
1386	6
1387	6
1388	6
1389	6
1390	6
1391	6
1392	6
1393	6
1394	6
1395	6
1396	6
1397	11
1398	11
1399	3
1400	11
1401	3
1402	11
1403	11
1404	3
1405	11
1406	11
1407	11
1408	3
1409	11
1410	3
1411	11
1412	11
1413	11
1414	11
1415	11
1416	11
1417	3
1418	3
1419	11
1420	3
1421	11
1422	11
1423	11
1424	11
1425	3
1426	3
1427	11
1428	2
1429	2
1430	2
1431	2
1432	2
1433	2
1434	2
1435	2
1436	2
1437	2
1438	2
1439	2
1440	2
1441	9
1442	9
1443	9
1444	9
1445	9
1446	9
1447	9
1448	9
1449	9
1450	9
1451	9
1452	9
1453	9
1454	9
1455	2
1456	2
1457	2
1458	2
1459	2
1460	2
1461	2
1462	2
1463	2
1464	2
1465	1
1466	1
1467	1
1468	1
1469	1
1470	1
1471	6
1472	1
1473	1
1474	1
1475	6
1476	6
1477	6
1478	1
1479	1
1480	6
1481	1
1482	1
1483	6
1484	1
1485	1
1486	6
1487	1
1488	1
1489	3
1490	3
1491	3
1492	3
1493	3
1494	3
1495	3
1496	3
1497	3
1498	3
1499	3
1500	3
1501	10
1502	10
1503	10
1504	10
1505	10
1506	10
1507	10
1508	10
1509	10
1510	10
1511	10
1512	10
1513	10
1514	10
1515	10
1516	10
1517	10
1518	10
1519	10
1520	10
1521	10
1522	10
1523	10
1524	10
1525	10
1526	10
1527	10
1528	10
1529	4
1530	4
1531	4
1532	4
1533	4
1534	4
1535	4
1536	4
1537	4
1538	4
1539	4
1540	4
1541	4
1542	4
1543	4
1544	4
1545	4
1546	4
1547	4
1548	4
1549	4
1550	4
1551	4
1552	2
1553	2
1554	2
1555	2
1556	2
1557	2
1558	2
1559	2
1560	2
1561	2
1562	2
1563	2
1564	2
1565	2
1566	2
1567	2
1568	2
1569	2
1570	2
1571	2
1572	2
1573	2
1574	2
1575	2
1576	13
1577	13
1578	13
1579	13
1580	13
1581	13
1582	13
1583	13
1584	13
1585	13
1586	13
1587	13
1588	13
1589	13
1590	13
1591	13
1592	13
1593	11
1594	11
1595	11
1596	11
1597	11
1598	11
1599	11
1600	11
1601	11
1602	2
1603	2
1604	2
1605	2
1606	2
1607	2
1608	2
1609	2
1610	2
1611	2
1612	2
1613	2
1614	2
1615	2
1616	2
1617	2
1618	6
1619	6
1620	6
1621	6
1622	6
1623	6
1624	6
1625	6
1626	6
1627	6
1628	6
1629	9
1630	9
1631	9
1632	9
1633	9
1634	9
1635	9
1636	9
1637	9
1638	9
1639	9
1640	9
1641	9
1642	9
1643	9
1644	6
1645	6
1646	6
1647	6
1648	6
1649	9
1650	9
1651	9
1652	9
1653	9
1654	9
1655	9
1656	9
1658	9
1659	9
1660	9
1661	9
1662	9
1663	9
1664	9
1665	9
1666	9
1667	9
1668	9
1669	9
1670	9
1671	9
1672	9
1673	6
1674	9
1675	9
1676	9
1677	6
1678	1
1679	1
1680	1
1681	1
1682	1
1683	1
1684	1
1685	3
1686	3
1687	3
1688	3
1689	3
1690	3
1691	3
1692	3
1693	3
1694	3
1695	3
1696	3
1697	3
1698	3
1699	3
1700	3
1701	9
1702	9
1703	5
1704	5
1705	3
1706	3
1707	3
1708	3
1709	9
1710	3
1711	3
1712	3
1713	6
1714	6
1715	6
1716	6
1717	6
1718	6
1719	6
1720	6
1721	6
1722	6
1723	6
1724	6
1725	3
1726	9
1727	3
1728	6
1729	3
1730	3
1731	3
1732	3
1733	3
1734	3
1735	3
1736	9
1737	9
1738	9
1739	9
1740	9
1741	3
1742	10
1743	10
1744	10
1745	10
1746	10
1747	10
1748	10
1749	10
1750	10
1751	10
1752	10
1753	10
1754	10
1755	10
1756	10
1757	6
1758	6
1759	6
1760	6
1761	10
1762	10
1763	10
1764	10
1765	10
1766	10
1767	10
1768	10
1769	10
1770	10
1771	10
1772	10
1773	10
1774	6
1775	6
1776	6
1777	6
1778	6
1779	6
1780	6
1781	6
1782	6
1783	6
1784	6
1785	6
1786	6
1787	10
1788	10
1789	10
1790	10
1791	10
1792	10
1793	10
1794	10
1795	6
1796	6
1797	6
1798	6
1799	10
1800	10
1801	10
1802	10
1803	10
1804	10
1805	10
1806	10
1807	10
1808	10
1809	2
1810	2
1811	2
1812	2
1813	2
1814	2
1815	2
1816	2
1817	2
1818	2
1819	2
1820	2
1821	2
1822	2
1823	2
1824	2
1825	2
1826	2
1827	2
1828	2
1829	2
1830	1
1831	1
1832	1
1833	1
1834	1
1835	2
1836	2
1837	1
1838	2
1839	2
1840	7
1841	7
1842	7
1843	7
1844	7
1845	2
1846	2
1847	2
1848	2
1849	2
1850	2
1851	2
1852	2
1853	2
1854	2
1855	2
1856	2
1857	6
1858	6
1859	6
1860	6
1861	6
1862	6
1863	2
1864	2
1865	2
1866	2
1867	2
1868	2
1869	2
1870	2
1871	2
1872	4
1873	4
1874	1
1875	4
1876	4
1877	1
1878	4
1879	4
1880	4
1881	1
1882	1
1883	4
1884	1
1885	1
1886	1
1887	4
1888	4
1889	4
1890	4
1891	1
1892	4
1893	4
1894	4
1895	11
1896	11
1897	11
1898	7
1899	7
1900	7
1901	7
1902	7
1903	7
1904	11
1905	11
1906	11
1907	11
1908	11
1909	11
1910	11
1911	11
1912	11
1913	11
1914	11
1915	11
1916	7
1917	7
1918	7
1919	7
1920	7
1921	7
1922	7
1923	7
1924	11
1925	11
1926	11
1927	11
1928	11
1929	11
1930	11
1931	11
1932	11
1933	11
1934	11
1935	11
1936	11
1937	11
1938	11
1939	11
1940	11
1941	11
1942	11
1943	11
1944	11
1945	11
1946	11
1947	11
1948	11
1949	11
1950	11
1951	11
1952	11
1953	11
1954	11
1955	11
1956	11
1957	11
1958	11
1959	11
1960	11
1961	11
1962	11
1963	11
1964	11
1965	11
1966	11
1967	11
1968	11
1969	11
1970	11
1971	11
1972	11
1973	11
1974	11
1975	11
1976	4
1977	4
1978	2
1979	4
1980	4
1981	4
1982	4
1983	4
1984	4
1985	4
1986	4
1987	4
1988	4
1989	2
1990	2
1991	4
1992	4
1993	4
1994	4
1995	4
1996	2
1997	4
1998	4
1999	4
2000	4
2001	4
2002	2
2003	4
2004	4
2005	4
2006	4
2007	4
2008	4
2009	4
2010	4
2011	4
2012	4
2013	4
2014	4
2015	4
2016	2
2017	1
2018	1
2019	1
2020	1
2021	1
2022	1
2023	1
2024	4
2025	1
2026	1
2027	1
2028	1
2029	1
2030	4
2031	4
2032	4
2033	4
2034	4
2035	4
2036	4
2037	4
2038	1
2039	1
2040	1
2041	1
2042	1
2043	1
2044	1
2045	1
2046	4
2047	4
2048	1
2049	1
2050	1
2051	4
2052	4
2053	4
2054	4
2055	4
2056	4
2057	4
2058	2
2059	2
2060	2
2061	2
2062	2
2063	2
2064	2
2065	2
2066	2
2067	2
2068	1
2069	1
2070	1
2071	1
2072	1
2073	1
2074	1
2075	1
2076	1
2077	1
2078	1
2079	1
2080	1
2081	1
2082	1
2083	1
2084	1
2085	1
2086	1
2087	1
2088	1
2089	13
2090	13
2091	13
2092	13
2093	13
2094	13
2095	13
2096	10
2097	10
2098	10
2099	10
2100	10
2101	10
2102	10
2103	10
2104	10
2105	10
2106	10
2107	10
2108	10
2109	10
2110	10
2111	10
2112	10
2113	5
2114	5
2115	5
2116	5
2117	5
2118	10
2119	10
2120	5
2121	5
2122	5
2123	10
2124	1
2125	5
2126	5
2127	5
2128	5
2129	5
2130	5
2131	5
2132	5
2133	10
2134	10
2135	5
2136	10
2137	10
2138	10
2139	5
2140	5
2141	5
2142	5
2143	5
2144	5
2145	5
2146	10
2147	10
2148	5
2149	10
2150	5
2151	5
2152	5
2153	5
2154	5
2155	5
2156	5
2157	5
2158	5
2159	5
2160	5
2161	5
2162	5
2163	5
2164	5
2165	5
2166	10
2167	5
2168	5
2169	5
2170	5
2171	5
2172	5
2173	5
2174	10
2175	10
2176	10
2177	10
2178	5
2179	5
2180	5
2181	5
2182	5
2183	5
2184	5
2185	5
2186	5
2187	5
2188	10
2189	5
2190	5
2191	5
2192	5
2193	5
2194	5
2195	5
2196	10
2197	5
2198	5
2199	10
2200	5
2201	5
2202	5
2203	5
2204	5
2205	5
2206	5
2207	5
2208	5
2209	5
2210	5
2211	5
2212	5
2213	5
2214	5
2215	10
2216	10
2217	5
2218	5
2219	5
2220	5
2221	5
2222	5
2223	10
2224	5
2225	5
2226	5
2227	5
2228	5
2229	5
2230	5
2231	5
2232	5
2233	10
2234	10
2235	5
2236	10
2237	10
2238	10
2239	5
2240	5
2241	5
2242	10
2243	10
2244	5
2245	10
2246	5
2247	5
2248	5
2249	5
2250	5
2251	5
2252	5
2253	10
2254	10
2255	5
2256	5
2257	5
2258	5
2259	5
2260	5
2261	5
2262	5
2263	5
2264	5
2265	5
2266	5
2267	5
2268	5
2269	5
2270	5
2271	10
2272	5
2273	10
2274	5
2275	5
2276	5
2277	10
2278	5
2279	5
2280	5
2281	5
2282	5
2283	5
2284	1
2285	1
2286	5
2287	5
2288	5
2289	5
2290	5
2291	5
2292	5
2293	5
2294	5
2295	5
2296	5
2297	5
2298	10
2299	10
2300	10
2301	5
2302	10
2303	5
2304	5
2305	5
2306	5
2307	5
2308	5
2309	1
2310	1
2311	1
2312	13
2313	13
2314	13
2315	13
2316	13
2317	13
2318	13
2319	13
2320	13
2321	13
2322	13
2323	13
2324	13
2325	13
2326	13
2327	13
2328	13
2329	13
2330	11
2331	11
2332	11
2333	11
2334	11
2335	11
2336	11
2337	11
2338	11
2339	11
2340	11
2341	11
2342	11
2343	11
2344	11
2345	11
2346	13
2347	13
2348	13
2349	13
2350	13
2351	13
2352	13
2353	13
2354	13
2355	13
2356	13
2357	13
2358	13
2359	13
2360	13
2361	13
2362	13
2363	13
2364	13
2365	13
2366	2
2367	2
2368	2
2369	2
2370	2
2371	2
2372	2
2373	2
2374	2
2375	2
2376	2
2377	2
2378	2
2379	2
2380	2
2381	2
2382	2
2383	2
2384	2
2385	2
2386	2
2387	2
2388	2
2389	2
2390	2
2391	2
2392	2
2393	2
2394	2
2395	2
2396	2
2397	2
2398	2
2399	2
2400	2
2401	2
2402	2
2403	2
2404	2
2405	2
2406	2
2407	2
2408	2
2409	2
2410	2
2411	2
2412	2
2413	2
2414	2
2415	12
2416	12
2417	12
2418	12
2419	6
2420	6
2421	12
2422	12
2423	12
2424	12
2425	12
2426	12
2427	6
2428	12
2429	6
2430	6
2431	12
2432	12
2433	12
2434	12
2435	12
2436	12
2437	12
2438	12
2439	12
2440	12
2441	12
2442	12
2443	12
2444	12
2445	12
2446	12
2447	12
2448	12
2449	12
2450	12
2451	12
2452	12
2453	12
2454	12
2455	12
2456	12
2457	12
2458	12
2459	12
2460	12
2461	12
2462	12
2463	12
2464	12
2465	12
2466	12
2467	12
2468	12
2469	12
2470	12
2471	12
2472	12
2473	12
2474	12
2475	12
2476	12
2477	12
2478	12
2479	12
2480	12
2481	12
2482	12
2483	12
2484	12
2485	12
2486	12
2487	12
2488	12
2489	12
2490	12
2491	12
2492	12
2493	12
2494	12
2495	12
2496	6
2497	6
2498	6
2499	12
2500	12
2501	12
2502	12
2503	12
2504	12
2505	12
2506	12
2507	12
2508	6
2509	6
2510	6
2511	12
2512	12
2513	6
2514	12
2515	12
2516	12
2517	12
2518	12
2519	12
2520	12
2521	12
2522	12
2523	6
2524	12
2525	6
2526	12
2527	12
2528	12
2529	6
2530	6
2531	6
2532	6
2533	6
2534	6
2535	6
2536	6
2537	6
2538	6
2539	12
2540	12
2541	12
2542	6
2543	12
2544	12
2545	12
2546	12
2547	12
2548	12
2549	12
2550	12
2551	12
2552	12
2553	12
2554	12
2555	12
2556	12
2557	12
2558	12
2559	12
2560	12
2561	12
2562	6
2563	6
2564	12
2565	6
2566	12
2567	12
2568	6
2569	6
2570	6
2571	12
2572	12
2573	12
2574	6
2575	12
2576	12
2577	12
2578	12
2579	12
2580	12
2581	12
2582	12
2583	12
2584	12
2585	12
2586	12
2587	6
2588	6
2589	6
2590	6
2591	6
2592	6
2593	6
2594	12
2595	12
2596	12
2597	12
2598	12
2599	12
2600	12
2601	12
2602	12
2603	12
2604	6
2605	12
2606	1
2607	1
2608	1
2609	1
2610	1
2611	1
2612	1
2613	1
2614	1
2615	1
2616	1
2617	1
2618	1
2619	1
2620	1
2621	1
2622	1
2623	1
2624	1
2625	1
2626	1
2627	1
2628	1
2629	1
2630	1
2631	1
2632	1
2633	1
2634	1
2635	1
2636	1
2637	1
2638	1
2639	1
2640	8
2641	8
2642	8
2643	8
2644	8
2645	8
2646	8
2647	8
2648	8
2649	8
2650	8
2651	8
2652	8
2653	8
2654	8
2655	8
2656	8
2657	8
2658	8
2659	8
2660	8
2661	8
2662	8
2663	8
2664	8
2665	8
2666	8
2667	8
2668	8
2669	8
2670	8
2671	8
2672	8
2673	8
2674	8
2675	8
2676	8
2677	8
2678	8
2679	8
2680	8
2681	8
2682	8
2683	8
2684	8
2685	8
2686	8
2687	8
2688	11
2689	11
2690	11
2691	11
315	13
1657	9
