0	9
1	9
2	9
3	9
4	9
5	9
6	9
7	3
8	3
9	3
10	3
11	3
12	3
13	8
14	8
15	8
16	3
17	3
18	3
19	3
20	3
21	11
22	11
23	11
24	11
25	11
26	11
27	11
28	11
29	5
30	5
31	5
32	5
33	5
34	5
35	5
36	5
37	5
38	5
39	5
40	5
41	5
42	5
43	5
44	5
45	5
46	5
47	5
48	5
49	5
50	5
51	5
52	5
53	10
54	10
55	10
56	10
57	10
58	5
59	5
60	5
61	5
62	5
63	5
64	5
65	10
66	10
67	10
68	10
69	10
70	10
71	11
72	11
73	11
74	11
75	5
76	5
77	5
78	5
79	5
80	5
81	5
82	5
83	4
84	4
85	4
86	4
87	4
88	4
89	4
90	4
91	4
92	4
93	4
94	4
95	4
96	3
97	8
98	3
99	3
100	8
101	3
102	3
103	3
104	3
105	3
106	3
107	3
108	3
109	3
110	3
111	8
112	8
113	8
114	3
115	3
116	8
117	8
118	8
119	8
120	8
121	8
122	3
123	3
124	3
125	3
126	8
127	3
128	3
129	6
130	6
131	6
132	6
133	6
134	6
135	6
136	6
137	6
138	6
139	6
140	6
141	6
142	6
143	6
144	6
145	6
146	6
147	6
148	6
149	6
150	6
151	6
152	6
153	6
154	6
155	6
156	6
157	6
158	6
159	6
160	6
161	6
162	6
163	6
164	6
165	6
166	6
167	6
168	6
169	6
170	6
171	6
172	6
173	6
174	6
175	6
176	6
177	6
178	6
179	6
180	6
181	6
182	6
183	9
184	9
185	9
186	9
187	9
188	9
189	9
190	9
191	9
192	9
193	9
194	9
195	9
196	9
197	9
198	9
199	9
200	9
201	9
202	9
203	9
204	9
205	9
206	9
207	9
208	11
209	11
210	11
211	11
212	11
213	11
214	11
215	11
216	11
217	11
218	11
219	11
220	11
221	11
222	11
223	11
224	11
225	11
226	11
227	11
228	11
229	11
230	11
231	11
232	11
233	11
234	11
235	11
236	11
237	11
238	11
239	11
240	11
241	11
242	11
243	11
244	11
245	11
246	11
247	11
248	9
249	9
250	9
251	9
252	9
253	9
254	9
255	9
256	9
257	9
258	9
259	9
260	9
261	12
262	12
263	12
264	12
265	12
266	12
267	12
268	12
269	12
270	12
271	12
272	12
273	12
274	12
275	12
276	12
277	12
278	12
279	12
280	12
281	12
282	12
283	12
284	12
285	12
286	12
287	12
288	12
289	12
290	12
291	12
292	12
293	12
294	12
295	12
296	12
297	12
298	12
299	12
300	12
301	12
302	9
303	9
304	9
305	9
306	10
307	10
308	10
309	10
310	10
311	10
312	10
313	10
314	10
316	13
317	13
318	13
319	13
320	13
321	13
322	13
323	13
324	13
325	13
326	13
327	13
328	13
329	13
330	13
331	10
332	10
333	10
334	10
335	10
336	10
337	13
338	13
339	13
340	10
341	10
342	10
343	10
344	10
345	1
346	10
347	10
348	10
349	10
350	10
351	10
352	10
353	1
354	10
355	1
356	7
357	7
358	7
359	7
360	7
361	7
362	7
363	7
364	7
365	7
366	7
367	7
368	7
369	10
370	10
371	10
372	10
373	10
374	10
375	10
376	10
377	10
378	10
379	10
380	10
381	10
382	10
383	10
384	10
385	10
386	10
387	10
388	10
389	13
390	13
391	13
392	13
393	13
394	10
395	10
396	10
397	10
398	13
399	13
400	13
401	13
402	13
403	11
404	11
405	11
406	11
407	11
408	11
409	5
410	5
411	5
412	5
413	5
414	5
415	5
416	5
417	5
418	5
419	5
420	5
421	5
422	5
423	5
424	5
425	6
426	6
427	6
428	6
429	6
430	6
431	6
432	6
433	5
434	5
435	5
436	5
437	5
438	5
439	5
440	5
441	5
442	5
443	5
444	5
445	5
446	6
447	6
448	6
449	6
450	6
451	5
452	5
453	5
454	6
455	6
456	6
457	5
458	5
459	5
460	5
461	5
462	5
463	6
464	6
465	6
466	6
467	6
468	6
469	6
470	6
471	6
472	6
473	5
474	5
475	12
476	12
477	6
478	6
479	6
480	6
481	6
482	6
483	6
484	11
485	11
486	6
487	6
488	6
489	12
490	12
491	12
492	12
493	12
494	12
495	6
496	6
497	6
498	11
499	6
500	6
501	6
502	11
503	6
504	6
505	6
506	11
507	11
508	11
509	11
510	11
511	11
512	11
513	11
514	11
515	11
516	11
517	11
518	11
519	11
520	11
521	11
522	8
523	4
524	4
525	4
526	9
527	9
528	4
529	4
530	4
531	4
532	4
533	4
534	4
535	4
536	4
537	4
538	9
539	9
540	9
541	9
542	9
543	9
544	9
545	9
546	9
547	9
548	9
549	9
550	9
551	9
552	9
553	9
554	9
555	9
556	9
557	9
558	9
559	11
560	11
561	11
562	11
563	11
564	11
565	9
566	9
567	9
568	9
569	9
570	4
571	4
572	4
573	4
574	4
575	4
576	4
577	4
578	4
579	4
580	4
581	9
582	9
583	9
584	9
585	9
586	9
587	11
588	11
589	11
590	11
591	11
592	11
593	11
594	12
595	11
596	12
597	11
598	12
599	11
600	11
601	11
602	11
603	9
604	9
605	9
606	9
607	9
608	9
609	9
610	9
611	9
612	9
613	9
614	9
615	9
616	9
617	11
618	11
619	11
620	11
621	12
622	12
623	12
624	12
625	12
626	11
627	12
628	11
629	11
630	11
631	11
632	11
633	11
634	12
635	11
636	11
637	11
638	12
639	9
640	9
641	9
642	9
643	9
644	9
645	9
646	9
647	9
648	9
649	9
650	9
651	9
652	9
653	9
654	9
655	9
656	9
657	12
658	6
659	12
660	12
661	2
662	2
663	2
664	2
665	2
666	2
667	2
668	2
669	2
670	6
671	6
672	6
673	6
674	6
675	6
676	6
677	6
678	6
679	6
680	2
681	2
682	2
683	9
684	2
685	2
686	2
687	2
688	9
689	2
690	2
691	2
692	2
693	2
694	2
695	2
696	2
697	6
698	6
699	6
700	6
701	6
702	6
703	6
704	6
705	6
706	6
707	6
708	6
709	6
710	6
711	6
712	6
713	6
714	2
715	2
716	12
717	12
718	6
719	6
720	6
721	12
722	12
723	12
724	12
725	12
726	12
727	12
728	12
729	12
730	12
731	12
732	13
733	13
734	13
735	13
736	13
737	12
738	6
739	6
740	6
741	6
742	6
743	12
744	12
745	13
746	13
747	13
748	13
749	13
750	13
751	13
752	13
753	13
754	13
755	13
756	13
757	13
758	13
759	13
760	13
761	13
762	5
763	5
764	13
765	13
766	12
767	6
768	6
769	6
770	5
771	5
772	6
773	6
774	6
775	6
776	12
777	12
778	6
779	6
780	12
781	12
782	12
783	6
784	6
785	11
786	6
787	12
788	12
789	12
790	12
791	11
792	11
793	11
794	11
795	11
796	11
797	11
798	11
799	11
800	11
801	12
802	12
803	12
804	12
805	11
806	11
807	11
808	12
809	6
810	6
811	10
812	8
813	10
814	8
815	10
816	10
817	10
818	8
819	8
820	8
821	8
822	10
823	8
824	10
825	10
826	10
827	8
828	8
829	8
830	10
831	10
832	10
833	10
834	8
835	8
836	10
837	8
838	10
839	10
840	8
841	10
842	8
843	10
844	8
845	10
846	10
847	8
848	8
849	8
850	8
851	8
852	10
853	10
854	10
855	10
856	8
857	8
858	9
859	9
860	9
861	9
862	9
863	9
864	9
865	9
866	9
867	9
868	9
869	9
870	9
871	10
872	10
873	10
874	10
875	10
876	10
877	10
878	10
879	10
880	8
881	10
882	10
883	8
884	10
885	8
886	10
887	10
888	8
889	10
890	10
891	8
892	8
893	8
894	8
895	8
896	10
897	10
898	10
899	8
900	8
901	8
902	10
903	8
904	10
905	8
906	10
907	10
908	8
909	10
910	8
911	8
912	8
913	8
914	8
915	10
916	10
917	10
918	10
919	10
920	8
921	8
922	8
923	8
924	8
925	8
926	10
927	10
928	8
929	10
930	8
931	8
932	10
933	8
934	8
935	8
936	10
937	10
938	10
939	10
940	10
941	10
942	8
943	8
944	8
945	8
946	10
947	8
948	8
949	8
950	10
951	8
952	8
953	10
954	8
955	8
956	8
957	8
958	8
959	10
960	10
961	8
962	8
963	10
964	8
965	10
966	10
967	10
968	10
969	8
970	10
971	10
972	8
973	8
974	8
975	8
976	8
977	10
978	8
979	10
980	8
981	8
982	13
983	13
984	13
985	6
986	6
987	6
988	6
989	6
990	6
991	6
992	6
993	6
994	6
995	6
996	6
997	6
998	6
999	6
1000	6
1001	6
1002	6
1003	6
1004	6
1005	6
1006	6
1007	13
1008	13
1009	6
1010	13
1011	13
1012	13
1013	13
1014	13
1015	13
1016	13
1017	13
1018	13
1019	13
1020	13
1021	13
1022	13
1023	13
1024	13
1025	13
1026	13
1027	13
1028	13
1029	13
1030	13
1031	13
1032	13
1033	13
1034	13
1035	13
1036	13
1037	13
1038	13
1039	13
1040	13
1041	13
1042	13
1043	13
1044	13
1045	13
1046	13
1047	13
1048	13
1049	13
1050	13
1051	13
1052	13
1053	13
1054	13
1055	13
1056	13
1057	13
1058	13
1059	13
1060	13
1061	13
1062	13
1063	13
1064	13
1065	13
1066	13
1067	13
1068	13
1069	13
1070	13
1071	13
1072	13
1073	13
1074	13
1075	5
1076	5
1077	5
1078	5
1079	5
1080	5
1081	5
1082	5
1083	5
1084	5
1085	5
1086	5
1087	12
1088	12
1089	12
1090	12
1091	12
1092	12
1093	12
1094	11
1095	11
1096	11
1097	11
1098	11
1099	11
1100	11
1101	11
1102	11
1103	11
1104	11
1105	11
1106	11
1107	7
1108	7
1109	7
1110	7
1111	7
1112	7
1113	7
1114	7
1115	7
1116	7
1117	7
1118	7
1119	7
1120	7
1121	7
1122	10
1123	7
1124	7
1125	7
1126	7
1127	7
1128	7
1129	7
1130	7
1131	10
1132	7
1133	7
1134	7
1135	7
1136	10
1137	7
1138	7
1139	7
1140	7
1141	7
1142	7
1143	7
1144	7
1145	7
1146	10
1147	10
1148	7
1149	7
1150	7
1151	7
1152	7
1153	7
1154	10
1155	10
1156	10
1157	10
1158	10
1159	10
1160	10
1161	10
1162	1
1163	10
1164	10
1165	1
1166	10
1167	10
1168	10
1169	13
1170	13
1171	13
1172	13
1173	13
1174	13
1175	13
1176	13
1177	13
1178	13
1179	13
1180	13
1181	13
1182	13
1183	13
1184	13
1185	13
1186	13
1187	13
1188	13
1189	13
1190	13
1191	13
1192	13
1193	13
1194	13
1195	13
1196	13
1197	13
1198	13
1199	13
1200	8
1201	8
1202	8
1203	8
1204	8
1205	8
1206	8
1207	8
1208	8
1209	8
1210	8
1211	8
1212	8
1213	8
1214	8
1215	8
1216	8
1217	8
1218	8
1219	8
1220	8
1221	8
1222	8
1223	8
1224	8
1225	8
1226	8
1227	8
1228	8
1229	8
1230	8
1231	8
1232	8
1233	8
1234	8
1235	8
1236	8
1237	8
1238	8
1239	8
1240	12
1241	12
1242	11
1243	11
1244	11
1245	12
1246	11
1247	11
1248	11
1249	11
1250	11
1251	11
1252	11
1253	5
1254	5
1255	5
1256	5
1257	5
1258	11
1259	11
1260	11
1261	11
1262	11
1263	12
1264	5
1265	5
1266	5
1267	5
1268	5
1269	5
1270	5
1271	5
1272	5
1273	5
1274	5
1275	5
1276	5
1277	5
1278	11
1279	11
1280	11
1281	11
1282	12
1283	12
1284	5
1285	5
1286	5
1287	5
1288	1
1289	11
1290	11
1291	11
1292	1
1293	11
1294	1
1295	1
1296	11
1297	1
1298	11
1299	1
1300	11
1301	1
1302	1
1303	5
1304	5
1305	5
1306	5
1307	5
1308	5
1309	5
1310	5
1311	5
1312	5
1313	5
1314	10
1315	7
1316	7
1317	7
1318	10
1319	7
1320	7
1321	7
1322	7
1323	7
1324	7
1325	7
1326	10
1327	7
1328	7
1329	7
1330	7
1331	7
1332	7
1333	7
1334	7
1335	7
1336	7
1337	7
1338	7
1339	10
1340	10
1341	7
1342	10
1343	7
1344	7
1345	10
1346	5
1347	5
1348	5
1349	5
1350	5
1351	5
1352	5
1353	5
1354	5
1355	5
1356	5
1357	5
1358	5
1359	5
1360	5
1361	5
1362	5
1363	7
1364	7
1365	7
1366	7
1367	7
1368	7
1369	7
1370	7
1371	7
1372	7
1373	7
1374	7
1375	7
1376	7
1377	7
1378	7
1379	7
1380	7
1381	11
1382	11
1383	11
1384	11
1385	11
1386	11
1387	11
1388	11
1389	11
1390	11
1391	11
1392	11
1393	11
1394	11
1395	11
1396	11
1397	5
1398	5
1399	5
1400	5
1401	5
1402	5
1403	5
1404	5
1405	5
1406	5
1407	5
1408	5
1409	5
1410	5
1411	5
1412	5
1413	5
1414	5
1415	5
1416	5
1417	5
1418	5
1419	5
1420	5
1421	5
1422	5
1423	5
1424	5
1425	5
1426	5
1427	5
1428	8
1429	8
1430	8
1431	8
1432	4
1433	8
1434	8
1435	8
1436	8
1437	8
1438	8
1439	8
1440	8
1441	3
1442	3
1443	3
1444	3
1445	3
1446	3
1447	3
1448	3
1449	3
1450	3
1451	3
1452	3
1453	3
1454	3
1455	8
1456	4
1457	8
1458	4
1459	8
1460	8
1461	8
1462	8
1463	8
1464	8
1465	11
1466	11
1467	11
1468	11
1469	11
1470	11
1471	11
1472	11
1473	11
1474	11
1475	11
1476	11
1477	11
1478	11
1479	11
1480	11
1481	11
1482	11
1483	11
1484	11
1485	11
1486	11
1487	11
1488	11
1489	13
1490	13
1491	13
1492	13
1493	13
1494	13
1495	13
1496	13
1497	13
1498	13
1499	13
1500	13
1501	9
1502	9
1503	9
1504	9
1505	9
1506	9
1507	9
1508	9
1509	9
1510	9
1511	9
1512	9
1513	9
1514	9
1515	9
1516	9
1517	9
1518	9
1519	9
1520	9
1521	9
1522	9
1523	9
1524	9
1525	9
1526	9
1527	9
1528	9
1529	6
1530	6
1531	6
1532	6
1533	6
1534	6
1535	6
1536	6
1537	6
1538	6
1539	6
1540	6
1541	6
1542	6
1543	6
1544	6
1545	6
1546	6
1547	6
1548	6
1549	6
1550	6
1551	6
1552	4
1553	4
1554	4
1555	4
1556	4
1557	4
1558	4
1559	4
1560	4
1561	4
1562	4
1563	4
1564	4
1565	4
1566	4
1567	4
1568	4
1569	4
1570	4
1571	4
1572	4
1573	4
1574	4
1575	4
1576	13
1577	13
1578	13
1579	13
1580	13
1581	13
1582	13
1583	13
1584	13
1585	13
1586	13
1587	13
1588	13
1589	13
1590	13
1591	13
1592	13
1593	5
1594	5
1595	5
1596	5
1597	5
1598	5
1599	5
1600	5
1601	5
1602	4
1603	4
1604	4
1605	4
1606	4
1607	4
1608	4
1609	4
1610	4
1611	4
1612	4
1613	4
1614	4
1615	4
1616	4
1617	4
1618	11
1619	11
1620	11
1621	11
1622	11
1623	11
1624	11
1625	11
1626	11
1627	11
1628	11
1629	13
1630	13
1631	8
1632	13
1633	13
1634	8
1635	8
1636	13
1637	13
1638	8
1639	13
1640	8
1641	13
1642	13
1643	8
1644	11
1645	11
1646	11
1647	11
1648	11
1649	13
1650	13
1651	13
1652	13
1653	13
1654	13
1655	13
1656	8
1658	8
1659	13
1660	8
1661	8
1662	13
1663	8
1664	8
1665	8
1666	13
1667	13
1668	13
1669	13
1670	13
1671	13
1672	8
1673	11
1674	13
1675	13
1676	8
1677	11
1678	12
1679	12
1680	12
1681	12
1682	12
1683	12
1684	12
1685	5
1686	5
1687	5
1688	5
1689	5
1690	5
1691	5
1692	5
1693	5
1694	5
1695	5
1696	5
1697	5
1698	5
1699	5
1700	5
1701	3
1702	3
1703	3
1704	3
1705	3
1706	3
1707	5
1708	3
1709	3
1710	3
1711	5
1712	3
1713	11
1714	11
1715	11
1716	11
1717	11
1718	11
1719	11
1720	11
1721	11
1722	11
1723	11
1724	11
1725	5
1726	3
1727	3
1728	11
1729	5
1730	3
1731	3
1732	3
1733	3
1734	5
1735	3
1736	3
1737	3
1738	3
1739	3
1740	3
1741	3
1742	9
1743	9
1744	2
1745	9
1746	9
1747	2
1748	9
1749	2
1750	2
1751	9
1752	9
1753	9
1754	9
1755	9
1756	2
1757	11
1758	11
1759	11
1760	11
1761	9
1762	9
1763	9
1764	2
1765	9
1766	9
1767	2
1768	9
1769	2
1770	9
1771	9
1772	9
1773	9
1774	11
1775	11
1776	11
1777	11
1778	11
1779	11
1780	11
1781	11
1782	11
1783	11
1784	11
1785	11
1786	11
1787	2
1788	9
1789	9
1790	9
1791	2
1792	9
1793	9
1794	9
1795	11
1796	11
1797	11
1798	11
1799	9
1800	9
1801	9
1802	9
1803	2
1804	2
1805	9
1806	2
1807	9
1808	2
1809	3
1810	3
1811	3
1812	3
1813	3
1814	3
1815	3
1816	3
1817	3
1818	3
1819	8
1820	3
1821	8
1822	3
1823	8
1824	3
1825	3
1826	3
1827	3
1828	3
1829	3
1830	11
1831	11
1832	11
1833	11
1834	11
1835	3
1836	3
1837	11
1838	3
1839	3
1840	7
1841	7
1842	7
1843	7
1844	7
1845	3
1846	8
1847	3
1848	3
1849	3
1850	8
1851	3
1852	3
1853	8
1854	3
1855	3
1856	3
1857	11
1858	11
1859	11
1860	11
1861	11
1862	11
1863	3
1864	8
1865	8
1866	8
1867	8
1868	3
1869	8
1870	3
1871	3
1872	12
1873	12
1874	12
1875	12
1876	12
1877	12
1878	12
1879	12
1880	12
1881	12
1882	12
1883	12
1884	12
1885	12
1886	12
1887	12
1888	12
1889	12
1890	12
1891	12
1892	12
1893	12
1894	12
1895	5
1896	5
1897	9
1898	10
1899	10
1900	10
1901	10
1902	10
1903	10
1904	5
1905	5
1906	5
1907	5
1908	5
1909	9
1910	5
1911	5
1912	5
1913	5
1914	5
1915	5
1916	10
1917	10
1918	10
1919	10
1920	10
1921	10
1922	10
1923	10
1924	9
1925	9
1926	5
1927	5
1928	9
1929	5
1930	9
1931	5
1932	5
1933	5
1934	5
1935	5
1936	5
1937	9
1938	5
1939	5
1940	9
1941	5
1942	5
1943	5
1944	5
1945	5
1946	5
1947	5
1948	5
1949	5
1950	5
1951	9
1952	9
1953	5
1954	5
1955	5
1956	5
1957	9
1958	5
1959	9
1960	5
1961	5
1962	9
1963	5
1964	5
1965	9
1966	5
1967	5
1968	5
1969	5
1970	5
1971	5
1972	9
1973	5
1974	5
1975	5
1976	4
1977	4
1978	4
1979	4
1980	4
1981	4
1982	6
1983	4
1984	4
1985	6
1986	4
1987	4
1988	4
1989	4
1990	4
1991	6
1992	4
1993	4
1994	4
1995	6
1996	4
1997	4
1998	4
1999	4
2000	4
2001	4
2002	4
2003	4
2004	4
2005	4
2006	4
2007	4
2008	4
2009	4
2010	4
2011	4
2012	6
2013	4
2014	4
2015	4
2016	4
2017	12
2018	12
2019	12
2020	12
2021	12
2022	12
2023	12
2024	12
2025	12
2026	12
2027	12
2028	12
2029	12
2030	6
2031	6
2032	6
2033	6
2034	12
2035	12
2036	12
2037	12
2038	11
2039	11
2040	11
2041	11
2042	11
2043	12
2044	12
2045	12
2046	12
2047	6
2048	11
2049	11
2050	12
2051	12
2052	12
2053	12
2054	12
2055	12
2056	12
2057	6
2058	4
2059	4
2060	4
2061	4
2062	4
2063	4
2064	4
2065	4
2066	4
2067	4
2068	12
2069	12
2070	12
2071	12
2072	12
2073	11
2074	12
2075	12
2076	12
2077	11
2078	11
2079	12
2080	11
2081	12
2082	12
2083	12
2084	12
2085	12
2086	12
2087	12
2088	12
2089	13
2090	13
2091	13
2092	13
2093	13
2094	13
2095	13
2096	9
2097	9
2098	9
2099	9
2100	9
2101	9
2102	9
2103	9
2104	9
2105	9
2106	9
2107	9
2108	9
2109	9
2110	9
2111	9
2112	9
2113	2
2114	2
2115	3
2116	3
2117	2
2118	2
2119	2
2120	3
2121	3
2122	2
2123	2
2124	12
2125	3
2126	3
2127	3
2128	3
2129	2
2130	2
2131	2
2132	2
2133	2
2134	2
2135	2
2136	2
2137	2
2138	2
2139	3
2140	3
2141	2
2142	2
2143	2
2144	2
2145	2
2146	2
2147	2
2148	3
2149	2
2150	3
2151	3
2152	2
2153	3
2154	2
2155	2
2156	2
2157	2
2158	3
2159	2
2160	3
2161	3
2162	3
2163	3
2164	3
2165	2
2166	2
2167	3
2168	3
2169	2
2170	2
2171	2
2172	2
2173	2
2174	2
2175	2
2176	2
2177	2
2178	3
2179	3
2180	3
2181	3
2182	2
2183	2
2184	2
2185	2
2186	2
2187	2
2188	2
2189	3
2190	3
2191	2
2192	3
2193	2
2194	2
2195	2
2196	2
2197	2
2198	2
2199	2
2200	2
2201	2
2202	2
2203	2
2204	3
2205	3
2206	3
2207	3
2208	3
2209	3
2210	3
2211	2
2212	2
2213	3
2214	3
2215	2
2216	2
2217	3
2218	2
2219	2
2220	2
2221	2
2222	2
2223	2
2224	3
2225	2
2226	2
2227	2
2228	2
2229	2
2230	3
2231	2
2232	2
2233	2
2234	2
2235	2
2236	2
2237	2
2238	2
2239	2
2240	2
2241	2
2242	2
2243	2
2244	2
2245	2
2246	3
2247	2
2248	2
2249	3
2250	2
2251	2
2252	2
2253	2
2254	2
2255	2
2256	2
2257	2
2258	3
2259	3
2260	3
2261	3
2262	2
2263	2
2264	2
2265	3
2266	2
2267	3
2268	2
2269	2
2270	2
2271	2
2272	2
2273	2
2274	2
2275	2
2276	3
2277	2
2278	2
2279	2
2280	2
2281	2
2282	3
2283	3
2284	12
2285	12
2286	2
2287	2
2288	2
2289	2
2290	2
2291	2
2292	2
2293	3
2294	3
2295	3
2296	3
2297	2
2298	2
2299	2
2300	2
2301	2
2302	2
2303	3
2304	3
2305	2
2306	2
2307	2
2308	2
2309	12
2310	12
2311	12
2312	10
2313	10
2314	10
2315	10
2316	10
2317	10
2318	10
2319	10
2320	10
2321	10
2322	13
2323	10
2324	13
2325	10
2326	10
2327	10
2328	10
2329	13
2330	9
2331	9
2332	9
2333	9
2334	9
2335	9
2336	9
2337	9
2338	9
2339	9
2340	9
2341	9
2342	9
2343	9
2344	9
2345	9
2346	13
2347	13
2348	13
2349	13
2350	13
2351	13
2352	13
2353	13
2354	13
2355	13
2356	13
2357	13
2358	13
2359	13
2360	13
2361	13
2362	13
2363	13
2364	13
2365	13
2366	8
2367	8
2368	8
2369	8
2370	8
2371	8
2372	8
2373	8
2374	4
2375	8
2376	8
2377	8
2378	8
2379	8
2380	8
2381	4
2382	8
2383	8
2384	4
2385	8
2386	4
2387	8
2388	4
2389	4
2390	4
2391	8
2392	8
2393	4
2394	4
2395	4
2396	4
2397	4
2398	4
2399	4
2400	8
2401	8
2402	8
2403	8
2404	8
2405	8
2406	8
2407	8
2408	4
2409	8
2410	8
2411	8
2412	8
2413	8
2414	8
2415	1
2416	1
2417	1
2418	1
2419	1
2420	1
2421	1
2422	1
2423	1
2424	1
2425	1
2426	1
2427	1
2428	1
2429	1
2430	1
2431	1
2432	1
2433	1
2434	1
2435	1
2436	1
2437	1
2438	1
2439	1
2440	1
2441	1
2442	1
2443	1
2444	1
2445	1
2446	1
2447	1
2448	1
2449	7
2450	7
2451	7
2452	7
2453	7
2454	7
2455	1
2456	1
2457	1
2458	1
2459	1
2460	1
2461	1
2462	1
2463	7
2464	1
2465	1
2466	1
2467	1
2468	7
2469	7
2470	7
2471	7
2472	1
2473	1
2474	1
2475	1
2476	7
2477	1
2478	1
2479	7
2480	1
2481	1
2482	7
2483	1
2484	1
2485	7
2486	7
2487	7
2488	7
2489	7
2490	7
2491	7
2492	7
2493	7
2494	7
2495	7
2496	1
2497	1
2498	1
2499	1
2500	7
2501	7
2502	1
2503	1
2504	1
2505	1
2506	1
2507	1
2508	1
2509	1
2510	1
2511	1
2512	1
2513	1
2514	1
2515	1
2516	7
2517	1
2518	7
2519	1
2520	1
2521	7
2522	1
2523	1
2524	1
2525	1
2526	1
2527	1
2528	1
2529	1
2530	1
2531	1
2532	1
2533	1
2534	1
2535	1
2536	1
2537	1
2538	1
2539	1
2540	1
2541	1
2542	1
2543	1
2544	1
2545	1
2546	1
2547	1
2548	1
2549	1
2550	1
2551	1
2552	1
2553	1
2554	7
2555	7
2556	7
2557	7
2558	1
2559	1
2560	1
2561	1
2562	1
2563	1
2564	1
2565	1
2566	1
2567	1
2568	1
2569	1
2570	1
2571	1
2572	1
2573	1
2574	1
2575	7
2576	7
2577	7
2578	7
2579	7
2580	7
2581	1
2582	1
2583	7
2584	7
2585	1
2586	1
2587	1
2588	1
2589	1
2590	1
2591	1
2592	1
2593	1
2594	1
2595	1
2596	1
2597	1
2598	1
2599	1
2600	1
2601	1
2602	1
2603	1
2604	1
2605	1
2606	12
2607	12
2608	12
2609	12
2610	12
2611	12
2612	12
2613	12
2614	12
2615	12
2616	12
2617	12
2618	12
2619	12
2620	12
2621	12
2622	12
2623	12
2624	12
2625	12
2626	12
2627	12
2628	12
2629	12
2630	12
2631	12
2632	12
2633	12
2634	12
2635	12
2636	12
2637	12
2638	12
2639	12
2640	4
2641	4
2642	4
2643	4
2644	4
2645	4
2646	4
2647	4
2648	4
2649	4
2650	4
2651	4
2652	4
2653	4
2654	4
2655	4
2656	4
2657	4
2658	4
2659	4
2660	4
2661	4
2662	4
2663	4
2664	4
2665	4
2666	4
2667	4
2668	4
2669	7
2670	4
2671	4
2672	4
2673	4
2674	4
2675	4
2676	4
2677	4
2678	4
2679	4
2680	4
2681	4
2682	4
2683	4
2684	4
2685	4
2686	4
2687	4
2688	9
2689	9
2690	9
2691	9
315	13
1657	8
