0	8
1	8
2	8
3	8
4	8
5	8
6	8
7	13
8	13
9	13
10	13
11	13
12	13
13	13
14	13
15	13
16	13
17	13
18	9
19	9
20	9
21	2
22	2
23	2
24	2
25	2
26	2
27	2
28	2
29	5
30	5
31	5
32	5
33	5
34	5
35	5
36	5
37	5
38	5
39	5
40	5
41	5
42	5
43	5
44	5
45	5
46	5
47	5
48	5
49	5
50	5
51	5
52	5
53	12
54	12
55	12
56	12
57	12
58	5
59	5
60	5
61	5
62	5
63	5
64	5
65	12
66	12
67	12
68	12
69	12
70	12
71	2
72	2
73	2
74	2
75	5
76	5
77	5
78	5
79	5
80	5
81	5
82	5
83	7
84	7
85	7
86	7
87	7
88	7
89	7
90	7
91	7
92	7
93	7
94	7
95	7
96	13
97	13
98	13
99	13
100	13
101	13
102	13
103	13
104	13
105	13
106	13
107	13
108	13
109	13
110	13
111	7
112	7
113	7
114	13
115	13
116	13
117	7
118	13
119	7
120	13
121	7
122	13
123	13
124	13
125	13
126	7
127	13
128	7
129	6
130	6
131	6
132	6
133	6
134	6
135	6
136	6
137	6
138	6
139	6
140	6
141	6
142	6
143	6
144	6
145	11
146	6
147	6
148	6
149	6
150	11
151	11
152	11
153	11
154	6
155	6
156	6
157	6
158	6
159	6
160	6
161	6
162	6
163	6
164	6
165	6
166	11
167	11
168	11
169	11
170	11
171	11
172	11
173	11
174	11
175	11
176	11
177	11
178	11
179	11
180	11
181	11
182	11
183	5
184	5
185	5
186	5
187	5
188	5
189	5
190	5
191	5
192	5
193	5
194	5
195	5
196	5
197	5
198	5
199	5
200	5
201	5
202	5
203	5
204	5
205	5
206	5
207	5
208	2
209	2
210	2
211	2
212	2
213	2
214	2
215	2
216	2
217	2
218	2
219	2
220	2
221	2
222	2
223	2
224	2
225	2
226	2
227	2
228	2
229	2
230	2
231	2
232	2
233	2
234	2
235	2
236	2
237	2
238	2
239	2
240	2
241	2
242	2
243	2
244	2
245	2
246	2
247	2
248	5
249	5
250	5
251	5
252	5
253	5
254	5
255	5
256	5
257	5
258	5
259	5
260	5
261	3
262	3
263	3
264	3
265	3
266	3
267	3
268	2
269	3
270	3
271	3
272	3
273	3
274	3
275	3
276	3
277	3
278	2
279	2
280	2
281	2
282	2
283	2
284	2
285	2
286	3
287	3
288	2
289	3
290	2
291	2
292	3
293	2
294	3
295	2
296	3
297	3
298	3
299	2
300	3
301	3
302	5
303	5
304	5
305	5
306	10
307	4
308	4
309	10
310	10
311	10
312	10
313	10
314	10
316	12
317	12
318	12
319	12
320	12
321	12
322	12
323	12
324	12
325	12
326	12
327	12
328	12
329	12
330	12
331	4
332	10
333	10
334	4
335	10
336	10
337	12
338	12
339	12
340	10
341	10
342	10
343	10
344	4
345	4
346	4
347	10
348	10
349	10
350	4
351	4
352	4
353	4
354	4
355	4
356	7
357	6
358	7
359	7
360	7
361	7
362	6
363	7
364	7
365	7
366	6
367	7
368	6
369	4
370	4
371	4
372	4
373	10
374	10
375	4
376	4
377	4
378	4
379	4
380	4
381	4
382	4
383	10
384	10
385	10
386	10
387	10
388	10
389	12
390	12
391	12
392	12
393	12
394	10
395	4
396	10
397	10
398	12
399	12
400	12
401	12
402	12
403	4
404	4
405	4
406	4
407	4
408	4
409	9
410	8
411	9
412	9
413	8
414	9
415	8
416	9
417	8
418	9
419	9
420	8
421	9
422	8
423	9
424	8
425	11
426	11
427	11
428	11
429	11
430	11
431	11
432	11
433	9
434	8
435	8
436	9
437	9
438	8
439	9
440	8
441	8
442	9
443	8
444	9
445	9
446	11
447	11
448	11
449	11
450	11
451	8
452	9
453	9
454	11
455	11
456	11
457	9
458	9
459	8
460	8
461	9
462	9
463	11
464	11
465	11
466	11
467	11
468	11
469	11
470	11
471	11
472	11
473	9
474	9
475	3
476	3
477	11
478	11
479	11
480	11
481	11
482	11
483	11
484	4
485	4
486	11
487	11
488	11
489	3
490	3
491	3
492	3
493	3
494	3
495	11
496	11
497	11
498	4
499	11
500	11
501	11
502	4
503	11
504	11
505	11
506	4
507	4
508	4
509	4
510	4
511	4
512	4
513	4
514	4
515	4
516	4
517	4
518	4
519	4
520	4
521	4
522	7
523	7
524	7
525	7
526	5
527	5
528	7
529	7
530	7
531	7
532	7
533	7
534	7
535	7
536	7
537	7
538	5
539	5
540	5
541	5
542	5
543	5
544	5
545	5
546	5
547	5
548	5
549	5
550	5
551	5
552	5
553	5
554	5
555	5
556	5
557	5
558	5
559	2
560	2
561	2
562	2
563	2
564	2
565	5
566	5
567	5
568	5
569	5
570	1
571	1
572	1
573	1
574	1
575	1
576	1
577	1
578	1
579	1
580	1
581	5
582	5
583	5
584	5
585	5
586	5
587	2
588	2
589	2
590	2
591	2
592	2
593	2
594	2
595	2
596	2
597	2
598	2
599	2
600	2
601	2
602	2
603	5
604	5
605	5
606	5
607	5
608	5
609	5
610	5
611	5
612	5
613	5
614	5
615	5
616	5
617	2
618	2
619	2
620	2
621	2
622	2
623	2
624	2
625	2
626	2
627	2
628	2
629	2
630	2
631	2
632	2
633	2
634	2
635	2
636	2
637	2
638	2
639	5
640	5
641	5
642	5
643	5
644	5
645	5
646	5
647	5
648	5
649	5
650	5
651	5
652	5
653	5
654	5
655	5
656	5
657	3
658	3
659	3
660	3
661	8
662	8
663	8
664	8
665	8
666	8
667	8
668	8
669	8
670	2
671	2
672	2
673	2
674	2
675	2
676	2
677	11
678	11
679	11
680	8
681	8
682	8
683	8
684	8
685	8
686	8
687	8
688	8
689	8
690	8
691	8
692	8
693	8
694	8
695	8
696	8
697	2
698	2
699	11
700	2
701	2
702	11
703	2
704	11
705	11
706	11
707	2
708	2
709	11
710	2
711	2
712	2
713	2
714	8
715	8
716	2
717	2
718	2
719	2
720	2
721	2
722	2
723	2
724	2
725	2
726	2
727	2
728	2
729	2
730	2
731	2
732	9
733	9
734	9
735	9
736	9
737	3
738	3
739	3
740	3
741	3
742	3
743	3
744	3
745	9
746	9
747	9
748	9
749	9
750	9
751	9
752	9
753	9
754	9
755	9
756	9
757	9
758	9
759	9
760	9
761	9
762	9
763	9
764	9
765	9
766	3
767	3
768	3
769	3
770	9
771	9
772	3
773	3
774	3
775	3
776	3
777	3
778	3
779	3
780	3
781	3
782	3
783	3
784	3
785	2
786	3
787	3
788	3
789	3
790	3
791	2
792	2
793	2
794	2
795	2
796	2
797	2
798	2
799	2
800	2
801	3
802	3
803	3
804	3
805	2
806	2
807	2
808	3
809	3
810	3
811	10
812	9
813	10
814	10
815	10
816	10
817	10
818	9
819	9
820	9
821	10
822	10
823	10
824	10
825	10
826	10
827	9
828	10
829	9
830	10
831	10
832	10
833	10
834	10
835	10
836	10
837	10
838	10
839	10
840	10
841	10
842	10
843	10
844	10
845	10
846	10
847	9
848	9
849	9
850	9
851	9
852	10
853	10
854	10
855	10
856	9
857	9
858	5
859	5
860	5
861	5
862	5
863	5
864	5
865	5
866	5
867	5
868	5
869	5
870	5
871	10
872	10
873	10
874	10
875	10
876	10
877	10
878	10
879	10
880	10
881	10
882	10
883	10
884	10
885	10
886	10
887	10
888	9
889	10
890	10
891	9
892	9
893	10
894	10
895	10
896	10
897	10
898	10
899	9
900	9
901	9
902	10
903	10
904	10
905	10
906	10
907	10
908	9
909	10
910	9
911	9
912	9
913	9
914	10
915	10
916	10
917	10
918	10
919	10
920	9
921	9
922	9
923	9
924	10
925	10
926	10
927	10
928	10
929	10
930	9
931	9
932	9
933	9
934	10
935	10
936	10
937	10
938	10
939	9
940	9
941	10
942	9
943	9
944	9
945	9
946	10
947	10
948	10
949	9
950	9
951	9
952	9
953	9
954	9
955	9
956	9
957	10
958	10
959	10
960	9
961	9
962	9
963	10
964	10
965	10
966	9
967	10
968	9
969	10
970	10
971	10
972	10
973	10
974	9
975	9
976	10
977	10
978	10
979	9
980	10
981	10
982	12
983	12
984	12
985	11
986	11
987	11
988	11
989	11
990	11
991	11
992	11
993	11
994	11
995	11
996	11
997	11
998	11
999	11
1000	11
1001	11
1002	11
1003	11
1004	11
1005	11
1006	11
1007	12
1008	12
1009	11
1010	12
1011	12
1012	12
1013	12
1014	12
1015	12
1016	12
1017	12
1018	12
1019	12
1020	12
1021	12
1022	12
1023	12
1024	12
1025	12
1026	12
1027	9
1028	12
1029	12
1030	12
1031	12
1032	12
1033	12
1034	12
1035	12
1036	12
1037	9
1038	12
1039	12
1040	12
1041	12
1042	12
1043	12
1044	12
1045	12
1046	12
1047	12
1048	12
1049	12
1050	12
1051	9
1052	12
1053	12
1054	12
1055	12
1056	9
1057	12
1058	12
1059	12
1060	12
1061	12
1062	9
1063	12
1064	12
1065	9
1066	9
1067	9
1068	12
1069	12
1070	12
1071	12
1072	12
1073	12
1074	12
1075	5
1076	5
1077	5
1078	5
1079	5
1080	5
1081	5
1082	5
1083	5
1084	5
1085	5
1086	5
1087	3
1088	3
1089	3
1090	3
1091	3
1092	3
1093	3
1094	2
1095	2
1096	2
1097	2
1098	2
1099	2
1100	2
1101	2
1102	2
1103	2
1104	2
1105	2
1106	2
1107	10
1108	10
1109	10
1110	10
1111	10
1112	10
1113	10
1114	10
1115	10
1116	10
1117	10
1118	10
1119	10
1120	10
1121	10
1122	10
1123	10
1124	10
1125	10
1126	10
1127	10
1128	10
1129	10
1130	10
1131	10
1132	10
1133	10
1134	10
1135	10
1136	10
1137	10
1138	10
1139	10
1140	10
1141	10
1142	10
1143	10
1144	10
1145	10
1146	10
1147	10
1148	10
1149	10
1150	10
1151	10
1152	10
1153	10
1154	12
1155	12
1156	12
1157	12
1158	12
1159	12
1160	12
1161	12
1162	12
1163	12
1164	12
1165	12
1166	12
1167	12
1168	12
1169	12
1170	12
1171	12
1172	12
1173	12
1174	12
1175	12
1176	12
1177	9
1178	12
1179	12
1180	9
1181	12
1182	12
1183	12
1184	12
1185	12
1186	12
1187	12
1188	12
1189	12
1190	9
1191	12
1192	12
1193	12
1194	12
1195	12
1196	12
1197	12
1198	12
1199	12
1200	7
1201	7
1202	7
1203	7
1204	7
1205	7
1206	7
1207	7
1208	7
1209	7
1210	7
1211	7
1212	7
1213	7
1214	7
1215	7
1216	7
1217	7
1218	7
1219	7
1220	7
1221	7
1222	7
1223	7
1224	7
1225	7
1226	7
1227	7
1228	7
1229	7
1230	7
1231	7
1232	7
1233	7
1234	7
1235	7
1236	7
1237	7
1238	7
1239	7
1240	2
1241	2
1242	2
1243	2
1244	2
1245	2
1246	2
1247	2
1248	2
1249	2
1250	2
1251	2
1252	2
1253	8
1254	8
1255	8
1256	8
1257	8
1258	2
1259	2
1260	2
1261	2
1262	2
1263	2
1264	8
1265	8
1266	8
1267	8
1268	8
1269	8
1270	8
1271	8
1272	8
1273	8
1274	8
1275	8
1276	8
1277	8
1278	4
1279	4
1280	4
1281	2
1282	2
1283	2
1284	8
1285	8
1286	8
1287	8
1288	4
1289	4
1290	4
1291	4
1292	4
1293	4
1294	4
1295	4
1296	4
1297	4
1298	4
1299	4
1300	4
1301	4
1302	4
1303	5
1304	5
1305	5
1306	5
1307	5
1308	5
1309	5
1310	5
1311	5
1312	5
1313	5
1314	10
1315	10
1316	10
1317	10
1318	10
1319	10
1320	10
1321	10
1322	10
1323	10
1324	10
1325	10
1326	10
1327	10
1328	10
1329	10
1330	10
1331	10
1332	10
1333	10
1334	10
1335	10
1336	10
1337	10
1338	10
1339	10
1340	10
1341	10
1342	10
1343	10
1344	10
1345	10
1346	5
1347	8
1348	8
1349	8
1350	8
1351	5
1352	5
1353	8
1354	8
1355	8
1356	8
1357	8
1358	5
1359	5
1360	8
1361	8
1362	5
1363	7
1364	7
1365	7
1366	7
1367	7
1368	7
1369	7
1370	7
1371	7
1372	7
1373	7
1374	7
1375	7
1376	7
1377	7
1378	7
1379	7
1380	7
1381	12
1382	12
1383	12
1384	12
1385	12
1386	12
1387	12
1388	12
1389	12
1390	12
1391	12
1392	12
1393	12
1394	12
1395	12
1396	12
1397	8
1398	5
1399	8
1400	8
1401	8
1402	8
1403	8
1404	8
1405	8
1406	8
1407	8
1408	8
1409	8
1410	8
1411	8
1412	8
1413	8
1414	8
1415	8
1416	8
1417	8
1418	8
1419	8
1420	8
1421	8
1422	8
1423	8
1424	8
1425	8
1426	8
1427	8
1428	7
1429	7
1430	7
1431	1
1432	1
1433	7
1434	7
1435	7
1436	7
1437	7
1438	7
1439	1
1440	1
1441	9
1442	9
1443	9
1444	9
1445	9
1446	9
1447	9
1448	9
1449	9
1450	9
1451	9
1452	9
1453	9
1454	9
1455	7
1456	1
1457	1
1458	7
1459	7
1460	1
1461	7
1462	7
1463	7
1464	1
1465	4
1466	4
1467	4
1468	4
1469	4
1470	4
1471	4
1472	4
1473	4
1474	4
1475	4
1476	4
1477	4
1478	4
1479	4
1480	4
1481	4
1482	4
1483	4
1484	4
1485	4
1486	4
1487	4
1488	4
1489	12
1490	12
1491	12
1492	12
1493	12
1494	12
1495	12
1496	12
1497	12
1498	12
1499	12
1500	12
1501	8
1502	8
1503	8
1504	8
1505	8
1506	8
1507	8
1508	8
1509	8
1510	8
1511	8
1512	8
1513	8
1514	8
1515	8
1516	8
1517	8
1518	8
1519	8
1520	8
1521	8
1522	8
1523	8
1524	8
1525	8
1526	8
1527	8
1528	8
1529	3
1530	3
1531	3
1532	11
1533	3
1534	3
1535	3
1536	3
1537	3
1538	3
1539	3
1540	3
1541	3
1542	3
1543	3
1544	3
1545	3
1546	3
1547	3
1548	11
1549	3
1550	3
1551	3
1552	7
1553	7
1554	7
1555	7
1556	7
1557	7
1558	7
1559	7
1560	7
1561	7
1562	7
1563	7
1564	7
1565	7
1566	7
1567	7
1568	7
1569	7
1570	7
1571	7
1572	7
1573	7
1574	7
1575	7
1576	5
1577	5
1578	5
1579	5
1580	5
1581	5
1582	5
1583	5
1584	5
1585	5
1586	5
1587	5
1588	5
1589	5
1590	5
1591	5
1592	5
1593	5
1594	5
1595	5
1596	5
1597	5
1598	5
1599	5
1600	5
1601	5
1602	7
1603	7
1604	7
1605	7
1606	7
1607	7
1608	7
1609	7
1610	7
1611	7
1612	7
1613	7
1614	7
1615	7
1616	7
1617	7
1618	2
1619	2
1620	2
1621	2
1622	2
1623	2
1624	2
1625	2
1626	2
1627	2
1628	2
1629	9
1630	9
1631	7
1632	9
1633	9
1634	7
1635	7
1636	9
1637	9
1638	7
1639	9
1640	7
1641	9
1642	9
1643	7
1644	2
1645	2
1646	2
1647	2
1648	2
1649	9
1650	9
1651	9
1652	9
1653	9
1654	9
1655	9
1656	7
1658	7
1659	9
1660	7
1661	7
1662	9
1663	7
1664	7
1665	7
1666	9
1667	9
1668	9
1669	9
1670	9
1671	9
1672	7
1673	2
1674	9
1675	9
1676	7
1677	2
1678	2
1679	2
1680	3
1681	3
1682	2
1683	2
1684	2
1685	9
1686	9
1687	9
1688	9
1689	9
1690	9
1691	9
1692	9
1693	9
1694	9
1695	9
1696	9
1697	9
1698	9
1699	9
1700	9
1701	9
1702	9
1703	1
1704	1
1705	9
1706	9
1707	9
1708	9
1709	9
1710	9
1711	9
1712	9
1713	2
1714	2
1715	2
1716	2
1717	2
1718	2
1719	2
1720	2
1721	2
1722	2
1723	2
1724	2
1725	9
1726	9
1727	9
1728	2
1729	9
1730	9
1731	9
1732	9
1733	9
1734	9
1735	9
1736	9
1737	9
1738	9
1739	9
1740	9
1741	9
1742	8
1743	8
1744	8
1745	8
1746	8
1747	8
1748	8
1749	8
1750	8
1751	8
1752	8
1753	8
1754	8
1755	8
1756	8
1757	2
1758	2
1759	2
1760	2
1761	8
1762	8
1763	8
1764	8
1765	8
1766	8
1767	8
1768	8
1769	8
1770	8
1771	8
1772	8
1773	8
1774	2
1775	2
1776	2
1777	2
1778	2
1779	2
1780	2
1781	2
1782	2
1783	2
1784	2
1785	2
1786	2
1787	8
1788	8
1789	8
1790	8
1791	8
1792	8
1793	8
1794	8
1795	2
1796	2
1797	2
1798	2
1799	8
1800	8
1801	8
1802	8
1803	8
1804	8
1805	8
1806	8
1807	8
1808	8
1809	13
1810	13
1811	13
1812	13
1813	13
1814	13
1815	13
1816	13
1817	13
1818	13
1819	13
1820	13
1821	13
1822	13
1823	13
1824	13
1825	13
1826	13
1827	13
1828	13
1829	13
1830	2
1831	2
1832	2
1833	2
1834	2
1835	13
1836	13
1837	2
1838	13
1839	13
1840	7
1841	7
1842	7
1843	7
1844	7
1845	13
1846	13
1847	13
1848	13
1849	13
1850	13
1851	13
1852	13
1853	13
1854	13
1855	13
1856	13
1857	2
1858	2
1859	2
1860	2
1861	2
1862	2
1863	13
1864	13
1865	13
1866	13
1867	13
1868	13
1869	13
1870	13
1871	13
1872	3
1873	3
1874	3
1875	3
1876	3
1877	3
1878	3
1879	3
1880	3
1881	3
1882	3
1883	3
1884	3
1885	3
1886	3
1887	3
1888	3
1889	3
1890	3
1891	3
1892	3
1893	3
1894	3
1895	5
1896	5
1897	5
1898	12
1899	12
1900	12
1901	12
1902	12
1903	12
1904	5
1905	5
1906	5
1907	5
1908	5
1909	5
1910	5
1911	5
1912	5
1913	5
1914	5
1915	5
1916	12
1917	12
1918	12
1919	12
1920	12
1921	12
1922	12
1923	12
1924	5
1925	5
1926	5
1927	5
1928	5
1929	5
1930	5
1931	5
1932	5
1933	5
1934	5
1935	5
1936	5
1937	5
1938	5
1939	5
1940	5
1941	5
1942	5
1943	5
1944	5
1945	5
1946	5
1947	5
1948	5
1949	5
1950	5
1951	5
1952	5
1953	5
1954	5
1955	5
1956	5
1957	5
1958	5
1959	5
1960	5
1961	5
1962	5
1963	5
1964	5
1965	5
1966	5
1967	5
1968	5
1969	5
1970	5
1971	5
1972	5
1973	5
1974	5
1975	5
1976	11
1977	11
1978	7
1979	11
1980	11
1981	11
1982	11
1983	11
1984	11
1985	11
1986	11
1987	11
1988	11
1989	7
1990	7
1991	11
1992	11
1993	11
1994	11
1995	11
1996	7
1997	11
1998	11
1999	11
2000	11
2001	7
2002	7
2003	7
2004	11
2005	7
2006	11
2007	11
2008	11
2009	11
2010	11
2011	11
2012	11
2013	11
2014	11
2015	11
2016	7
2017	3
2018	3
2019	3
2020	3
2021	3
2022	3
2023	3
2024	11
2025	3
2026	3
2027	3
2028	3
2029	3
2030	11
2031	11
2032	11
2033	11
2034	11
2035	11
2036	11
2037	3
2038	2
2039	2
2040	2
2041	2
2042	2
2043	3
2044	3
2045	3
2046	11
2047	11
2048	2
2049	2
2050	3
2051	11
2052	11
2053	3
2054	3
2055	11
2056	3
2057	11
2058	7
2059	7
2060	7
2061	7
2062	7
2063	7
2064	7
2065	7
2066	7
2067	7
2068	2
2069	3
2070	3
2071	2
2072	2
2073	2
2074	2
2075	3
2076	2
2077	2
2078	2
2079	2
2080	2
2081	3
2082	2
2083	2
2084	3
2085	3
2086	3
2087	2
2088	2
2089	9
2090	9
2091	9
2092	9
2093	9
2094	9
2095	9
2096	8
2097	8
2098	8
2099	8
2100	8
2101	8
2102	8
2103	8
2104	8
2105	8
2106	8
2107	8
2108	8
2109	8
2110	8
2111	8
2112	8
2113	13
2114	13
2115	13
2116	13
2117	13
2118	1
2119	1
2120	13
2121	13
2122	13
2123	1
2124	3
2125	13
2126	13
2127	13
2128	13
2129	13
2130	13
2131	1
2132	1
2133	1
2134	1
2135	1
2136	1
2137	1
2138	1
2139	13
2140	13
2141	13
2142	13
2143	13
2144	13
2145	13
2146	1
2147	1
2148	13
2149	13
2150	13
2151	13
2152	13
2153	13
2154	13
2155	1
2156	13
2157	1
2158	13
2159	13
2160	13
2161	13
2162	13
2163	13
2164	1
2165	1
2166	1
2167	13
2168	13
2169	13
2170	1
2171	1
2172	1
2173	13
2174	1
2175	1
2176	1
2177	1
2178	13
2179	13
2180	1
2181	1
2182	13
2183	13
2184	13
2185	13
2186	1
2187	13
2188	1
2189	13
2190	13
2191	13
2192	13
2193	1
2194	1
2195	1
2196	1
2197	13
2198	1
2199	1
2200	13
2201	13
2202	13
2203	1
2204	13
2205	13
2206	13
2207	13
2208	13
2209	13
2210	13
2211	1
2212	1
2213	13
2214	13
2215	1
2216	1
2217	13
2218	1
2219	1
2220	1
2221	13
2222	13
2223	1
2224	13
2225	1
2226	1
2227	1
2228	13
2229	13
2230	1
2231	1
2232	13
2233	1
2234	1
2235	1
2236	1
2237	1
2238	1
2239	13
2240	13
2241	13
2242	1
2243	13
2244	13
2245	1
2246	13
2247	1
2248	1
2249	13
2250	13
2251	13
2252	1
2253	13
2254	1
2255	13
2256	1
2257	1
2258	13
2259	13
2260	13
2261	1
2262	1
2263	1
2264	1
2265	13
2266	13
2267	13
2268	13
2269	1
2270	1
2271	1
2272	1
2273	1
2274	1
2275	13
2276	13
2277	1
2278	13
2279	13
2280	1
2281	1
2282	13
2283	1
2284	3
2285	3
2286	1
2287	1
2288	1
2289	1
2290	1
2291	1
2292	1
2293	13
2294	13
2295	13
2296	13
2297	13
2298	1
2299	1
2300	1
2301	1
2302	1
2303	13
2304	13
2305	1
2306	1
2307	1
2308	1
2309	3
2310	3
2311	3
2312	12
2313	12
2314	12
2315	12
2316	12
2317	12
2318	12
2319	12
2320	12
2321	12
2322	12
2323	12
2324	12
2325	12
2326	12
2327	12
2328	12
2329	12
2330	5
2331	5
2332	5
2333	5
2334	5
2335	5
2336	5
2337	5
2338	5
2339	5
2340	5
2341	5
2342	5
2343	5
2344	5
2345	5
2346	12
2347	12
2348	12
2349	12
2350	12
2351	12
2352	12
2353	12
2354	12
2355	12
2356	12
2357	12
2358	12
2359	12
2360	12
2361	12
2362	12
2363	12
2364	12
2365	12
2366	1
2367	1
2368	1
2369	1
2370	1
2371	1
2372	1
2373	1
2374	1
2375	1
2376	1
2377	1
2378	1
2379	1
2380	1
2381	1
2382	1
2383	1
2384	1
2385	1
2386	1
2387	1
2388	1
2389	1
2390	1
2391	1
2392	1
2393	1
2394	1
2395	1
2396	1
2397	1
2398	1
2399	1
2400	1
2401	1
2402	1
2403	1
2404	1
2405	1
2406	1
2407	1
2408	1
2409	1
2410	1
2411	1
2412	1
2413	1
2414	1
2415	6
2416	4
2417	6
2418	6
2419	4
2420	4
2421	6
2422	6
2423	6
2424	6
2425	6
2426	6
2427	4
2428	4
2429	4
2430	4
2431	6
2432	6
2433	6
2434	6
2435	6
2436	6
2437	6
2438	4
2439	4
2440	6
2441	6
2442	6
2443	6
2444	6
2445	6
2446	6
2447	6
2448	6
2449	6
2450	6
2451	6
2452	6
2453	6
2454	6
2455	6
2456	6
2457	6
2458	6
2459	6
2460	6
2461	6
2462	6
2463	6
2464	6
2465	6
2466	6
2467	6
2468	6
2469	6
2470	6
2471	6
2472	6
2473	6
2474	6
2475	6
2476	6
2477	6
2478	6
2479	6
2480	6
2481	6
2482	6
2483	6
2484	6
2485	6
2486	6
2487	6
2488	6
2489	6
2490	6
2491	6
2492	6
2493	6
2494	6
2495	6
2496	4
2497	4
2498	4
2499	4
2500	6
2501	6
2502	4
2503	4
2504	4
2505	4
2506	4
2507	4
2508	4
2509	4
2510	4
2511	4
2512	4
2513	4
2514	4
2515	6
2516	6
2517	6
2518	6
2519	6
2520	6
2521	6
2522	6
2523	4
2524	6
2525	4
2526	6
2527	6
2528	4
2529	4
2530	4
2531	4
2532	4
2533	4
2534	4
2535	4
2536	4
2537	4
2538	4
2539	6
2540	4
2541	6
2542	4
2543	6
2544	6
2545	6
2546	6
2547	4
2548	6
2549	4
2550	6
2551	6
2552	4
2553	4
2554	6
2555	6
2556	6
2557	6
2558	4
2559	4
2560	4
2561	4
2562	4
2563	4
2564	6
2565	4
2566	6
2567	6
2568	4
2569	4
2570	4
2571	4
2572	4
2573	4
2574	4
2575	6
2576	6
2577	6
2578	6
2579	6
2580	6
2581	4
2582	6
2583	6
2584	6
2585	6
2586	6
2587	4
2588	4
2589	4
2590	4
2591	4
2592	4
2593	4
2594	6
2595	6
2596	6
2597	4
2598	4
2599	6
2600	6
2601	6
2602	6
2603	6
2604	4
2605	4
2606	3
2607	3
2608	3
2609	3
2610	3
2611	3
2612	3
2613	3
2614	3
2615	3
2616	3
2617	3
2618	3
2619	3
2620	3
2621	3
2622	3
2623	3
2624	3
2625	3
2626	3
2627	3
2628	3
2629	3
2630	3
2631	3
2632	3
2633	3
2634	3
2635	3
2636	3
2637	3
2638	3
2639	3
2640	11
2641	11
2642	11
2643	11
2644	11
2645	11
2646	11
2647	11
2648	11
2649	11
2650	11
2651	11
2652	11
2653	11
2654	11
2655	11
2656	11
2657	11
2658	11
2659	11
2660	11
2661	11
2662	11
2663	11
2664	11
2665	11
2666	11
2667	11
2668	11
2669	11
2670	11
2671	11
2672	11
2673	11
2674	11
2675	11
2676	11
2677	11
2678	11
2679	11
2680	11
2681	11
2682	11
2683	11
2684	11
2685	11
2686	11
2687	11
2688	5
2689	5
2690	5
2691	5
315	12
1657	7
