0	4
1	4
2	4
3	4
4	4
5	4
6	4
7	10
8	10
9	10
10	10
11	4
12	10
13	10
14	10
15	10
16	4
17	4
18	4
19	4
20	4
21	8
22	8
23	8
24	8
25	8
26	8
27	8
28	8
29	4
30	4
31	4
32	4
33	4
34	4
35	4
36	4
37	4
38	4
39	4
40	4
41	4
42	4
43	4
44	4
45	4
46	4
47	4
48	4
49	4
50	4
51	4
52	4
53	12
54	12
55	12
56	12
57	12
58	4
59	4
60	4
61	4
62	4
63	4
64	4
65	12
66	12
67	12
68	12
69	12
70	12
71	8
72	8
73	8
74	8
75	4
76	4
77	4
78	4
79	4
80	4
81	4
82	4
83	11
84	11
85	11
86	11
87	11
88	11
89	11
90	11
91	11
92	11
93	11
94	11
95	11
96	4
97	10
98	4
99	4
100	10
101	10
102	10
103	4
104	10
105	4
106	10
107	10
108	4
109	10
110	10
111	10
112	10
113	10
114	10
115	10
116	10
117	10
118	10
119	10
120	10
121	10
122	4
123	10
124	4
125	4
126	10
127	4
128	4
129	6
130	6
131	6
132	6
133	6
134	6
135	6
136	6
137	6
138	6
139	6
140	6
141	6
142	6
143	6
144	6
145	6
146	6
147	6
148	6
149	6
150	6
151	6
152	6
153	6
154	6
155	6
156	6
157	6
158	6
159	6
160	6
161	6
162	6
163	6
164	6
165	6
166	7
167	7
168	7
169	7
170	7
171	7
172	7
173	7
174	7
175	7
176	7
177	7
178	7
179	7
180	7
181	7
182	7
183	5
184	5
185	5
186	5
187	5
188	5
189	5
190	5
191	5
192	5
193	5
194	5
195	5
196	5
197	5
198	5
199	5
200	5
201	5
202	5
203	5
204	5
205	5
206	5
207	5
208	8
209	8
210	8
211	8
212	8
213	8
214	8
215	8
216	8
217	8
218	8
219	8
220	8
221	8
222	8
223	8
224	8
225	8
226	8
227	8
228	8
229	8
230	8
231	8
232	8
233	8
234	8
235	8
236	8
237	8
238	8
239	8
240	8
241	8
242	8
243	8
244	8
245	8
246	8
247	8
248	5
249	5
250	5
251	5
252	5
253	5
254	5
255	5
256	5
257	5
258	5
259	5
260	5
261	6
262	6
263	6
264	6
265	6
266	6
267	6
268	6
269	6
270	6
271	6
272	6
273	6
274	6
275	6
276	6
277	6
278	6
279	6
280	6
281	6
282	6
283	6
284	6
285	6
286	6
287	6
288	6
289	6
290	6
291	6
292	6
293	6
294	13
295	6
296	13
297	13
298	6
299	6
300	6
301	13
302	5
303	5
304	5
305	5
306	1
307	1
308	1
309	1
310	1
311	1
312	1
313	1
314	1
316	12
317	12
318	12
319	12
320	12
321	12
322	12
323	12
324	12
325	12
326	12
327	12
328	12
329	12
330	12
331	1
332	1
333	1
334	1
335	1
336	1
337	12
338	12
339	12
340	1
341	1
342	1
343	1
344	1
345	2
346	1
347	1
348	1
349	1
350	1
351	1
352	1
353	1
354	1
355	2
356	7
357	7
358	7
359	7
360	7
361	7
362	7
363	7
364	7
365	1
366	7
367	1
368	7
369	1
370	2
371	2
372	1
373	1
374	1
375	1
376	1
377	1
378	1
379	1
380	1
381	1
382	1
383	1
384	1
385	1
386	1
387	1
388	1
389	12
390	12
391	12
392	12
393	12
394	1
395	1
396	1
397	1
398	12
399	12
400	12
401	12
402	12
403	8
404	8
405	8
406	8
407	8
408	8
409	3
410	3
411	3
412	3
413	4
414	4
415	3
416	3
417	4
418	3
419	3
420	3
421	4
422	3
423	3
424	3
425	13
426	13
427	13
428	13
429	13
430	13
431	13
432	13
433	4
434	3
435	3
436	4
437	3
438	3
439	3
440	3
441	3
442	3
443	4
444	3
445	3
446	13
447	13
448	13
449	13
450	13
451	3
452	3
453	3
454	13
455	13
456	7
457	4
458	3
459	3
460	3
461	4
462	4
463	13
464	13
465	13
466	13
467	7
468	13
469	13
470	13
471	13
472	13
473	3
474	3
475	6
476	6
477	13
478	13
479	13
480	13
481	13
482	13
483	13
484	8
485	8
486	6
487	13
488	13
489	6
490	6
491	6
492	6
493	6
494	6
495	13
496	13
497	6
498	8
499	13
500	6
501	13
502	8
503	13
504	6
505	6
506	8
507	8
508	8
509	8
510	8
511	8
512	8
513	8
514	8
515	8
516	8
517	8
518	8
519	8
520	8
521	8
522	11
523	11
524	11
525	11
526	5
527	5
528	11
529	11
530	11
531	11
532	11
533	11
534	11
535	11
536	11
537	11
538	5
539	5
540	5
541	5
542	5
543	5
544	5
545	5
546	5
547	5
548	5
549	5
550	5
551	5
552	5
553	5
554	5
555	5
556	5
557	5
558	5
559	8
560	8
561	6
562	8
563	8
564	8
565	5
566	5
567	5
568	5
569	5
570	11
571	11
572	11
573	11
574	11
575	11
576	11
577	11
578	11
579	11
580	11
581	5
582	5
583	5
584	5
585	5
586	5
587	6
588	8
589	8
590	8
591	8
592	8
593	8
594	6
595	8
596	6
597	8
598	6
599	8
600	8
601	8
602	8
603	5
604	5
605	5
606	5
607	5
608	5
609	5
610	5
611	5
612	5
613	5
614	5
615	5
616	5
617	6
618	6
619	8
620	6
621	6
622	6
623	6
624	6
625	6
626	6
627	6
628	8
629	8
630	8
631	8
632	6
633	6
634	6
635	8
636	6
637	6
638	6
639	5
640	5
641	5
642	5
643	5
644	5
645	5
646	5
647	5
648	5
649	5
650	5
651	5
652	5
653	5
654	5
655	5
656	5
657	13
658	13
659	13
660	13
661	3
662	3
663	3
664	3
665	3
666	3
667	3
668	3
669	3
670	6
671	6
672	6
673	6
674	6
675	6
676	6
677	6
678	6
679	6
680	3
681	3
682	3
683	3
684	3
685	3
686	3
687	3
688	3
689	3
690	3
691	3
692	3
693	3
694	3
695	3
696	3
697	6
698	6
699	6
700	6
701	6
702	6
703	6
704	6
705	6
706	6
707	6
708	6
709	6
710	6
711	6
712	6
713	6
714	3
715	3
716	6
717	6
718	6
719	6
720	6
721	6
722	6
723	6
724	6
725	6
726	6
727	6
728	6
729	6
730	6
731	6
732	4
733	4
734	4
735	4
736	4
737	13
738	13
739	13
740	13
741	13
742	13
743	13
744	13
745	4
746	4
747	4
748	4
749	4
750	4
751	4
752	4
753	4
754	4
755	4
756	4
757	4
758	4
759	4
760	4
761	4
762	4
763	4
764	4
765	4
766	13
767	13
768	13
769	13
770	4
771	4
772	13
773	13
774	13
775	13
776	13
777	13
778	13
779	13
780	13
781	13
782	13
783	13
784	13
785	8
786	13
787	13
788	13
789	13
790	13
791	8
792	8
793	8
794	8
795	8
796	8
797	8
798	8
799	8
800	8
801	13
802	13
803	13
804	13
805	8
806	8
807	8
808	13
809	13
810	13
811	12
812	10
813	12
814	12
815	12
816	12
817	12
818	10
819	10
820	10
821	12
822	12
823	12
824	12
825	12
826	12
827	12
828	12
829	10
830	12
831	12
832	12
833	12
834	12
835	12
836	12
837	12
838	12
839	12
840	12
841	12
842	12
843	12
844	12
845	12
846	12
847	10
848	10
849	12
850	10
851	10
852	12
853	12
854	12
855	12
856	10
857	10
858	5
859	5
860	5
861	5
862	5
863	5
864	5
865	5
866	5
867	5
868	5
869	5
870	5
871	12
872	12
873	12
874	12
875	12
876	12
877	12
878	12
879	12
880	12
881	12
882	12
883	12
884	12
885	12
886	12
887	12
888	10
889	12
890	12
891	12
892	10
893	12
894	12
895	12
896	12
897	12
898	12
899	10
900	10
901	10
902	12
903	12
904	12
905	12
906	12
907	12
908	10
909	12
910	10
911	10
912	10
913	10
914	12
915	12
916	12
917	12
918	12
919	12
920	12
921	10
922	10
923	10
924	12
925	12
926	12
927	12
928	12
929	12
930	10
931	10
932	10
933	10
934	12
935	12
936	12
937	12
938	12
939	10
940	12
941	12
942	10
943	12
944	10
945	10
946	12
947	12
948	12
949	10
950	12
951	10
952	10
953	12
954	10
955	10
956	10
957	12
958	12
959	12
960	12
961	10
962	10
963	12
964	12
965	12
966	12
967	12
968	12
969	12
970	12
971	12
972	12
973	12
974	10
975	10
976	12
977	12
978	12
979	12
980	12
981	12
982	12
983	12
984	10
985	6
986	7
987	7
988	6
989	7
990	6
991	7
992	7
993	7
994	6
995	6
996	6
997	7
998	7
999	6
1000	7
1001	7
1002	7
1003	6
1004	6
1005	7
1006	7
1007	10
1008	10
1009	7
1010	10
1011	10
1012	10
1013	10
1014	10
1015	12
1016	12
1017	10
1018	10
1019	10
1020	10
1021	10
1022	10
1023	10
1024	10
1025	12
1026	12
1027	10
1028	12
1029	10
1030	12
1031	10
1032	12
1033	12
1034	10
1035	10
1036	12
1037	10
1038	12
1039	10
1040	12
1041	10
1042	10
1043	12
1044	12
1045	12
1046	12
1047	10
1048	10
1049	10
1050	12
1051	10
1052	10
1053	12
1054	10
1055	12
1056	10
1057	10
1058	10
1059	12
1060	10
1061	10
1062	10
1063	12
1064	12
1065	10
1066	10
1067	10
1068	10
1069	12
1070	10
1071	12
1072	12
1073	12
1074	12
1075	5
1076	5
1077	5
1078	5
1079	5
1080	5
1081	5
1082	5
1083	5
1084	5
1085	5
1086	5
1087	6
1088	6
1089	6
1090	6
1091	6
1092	6
1093	6
1094	8
1095	8
1096	8
1097	8
1098	8
1099	8
1100	8
1101	8
1102	8
1103	8
1104	8
1105	8
1106	8
1107	1
1108	1
1109	1
1110	1
1111	1
1112	1
1113	1
1114	1
1115	1
1116	1
1117	1
1118	1
1119	1
1120	1
1121	1
1122	1
1123	1
1124	1
1125	1
1126	1
1127	1
1128	1
1129	1
1130	1
1131	1
1132	1
1133	1
1134	1
1135	1
1136	1
1137	1
1138	1
1139	1
1140	1
1141	1
1142	1
1143	1
1144	1
1145	1
1146	1
1147	1
1148	1
1149	1
1150	1
1151	1
1152	1
1153	1
1154	8
1155	8
1156	8
1157	8
1158	8
1159	8
1160	8
1161	8
1162	8
1163	8
1164	8
1165	8
1166	8
1167	8
1168	8
1169	10
1170	10
1171	10
1172	10
1173	10
1174	10
1175	10
1176	10
1177	10
1178	10
1179	10
1180	10
1181	10
1182	12
1183	10
1184	10
1185	10
1186	10
1187	10
1188	10
1189	10
1190	10
1191	10
1192	10
1193	10
1194	10
1195	10
1196	10
1197	10
1198	10
1199	10
1200	11
1201	11
1202	11
1203	11
1204	11
1205	11
1206	11
1207	11
1208	11
1209	11
1210	11
1211	11
1212	11
1213	11
1214	11
1215	11
1216	11
1217	11
1218	11
1219	11
1220	11
1221	11
1222	11
1223	11
1224	11
1225	11
1226	11
1227	11
1228	11
1229	11
1230	11
1231	11
1232	11
1233	11
1234	11
1235	11
1236	11
1237	11
1238	11
1239	11
1240	6
1241	6
1242	6
1243	8
1244	6
1245	6
1246	6
1247	6
1248	8
1249	8
1250	8
1251	8
1252	8
1253	4
1254	4
1255	4
1256	4
1257	4
1258	8
1259	8
1260	8
1261	8
1262	6
1263	6
1264	4
1265	4
1266	4
1267	4
1268	4
1269	4
1270	4
1271	4
1272	4
1273	4
1274	4
1275	4
1276	4
1277	4
1278	8
1279	8
1280	8
1281	8
1282	6
1283	6
1284	4
1285	4
1286	4
1287	4
1288	8
1289	8
1290	8
1291	8
1292	8
1293	8
1294	8
1295	8
1296	8
1297	8
1298	8
1299	8
1300	8
1301	8
1302	8
1303	5
1304	5
1305	5
1306	5
1307	5
1308	5
1309	5
1310	5
1311	5
1312	5
1313	5
1314	1
1315	1
1316	1
1317	1
1318	1
1319	1
1320	1
1321	1
1322	1
1323	1
1324	1
1325	1
1326	1
1327	1
1328	1
1329	1
1330	1
1331	1
1332	1
1333	1
1334	1
1335	1
1336	1
1337	1
1338	1
1339	1
1340	1
1341	1
1342	1
1343	1
1344	1
1345	1
1346	5
1347	5
1348	5
1349	5
1350	5
1351	5
1352	5
1353	5
1354	5
1355	5
1356	5
1357	5
1358	5
1359	5
1360	5
1361	5
1362	5
1363	1
1364	1
1365	1
1366	1
1367	1
1368	1
1369	1
1370	1
1371	1
1372	1
1373	1
1374	1
1375	1
1376	1
1377	1
1378	1
1379	1
1380	1
1381	8
1382	8
1383	8
1384	8
1385	8
1386	8
1387	8
1388	8
1389	8
1390	8
1391	8
1392	8
1393	8
1394	8
1395	8
1396	8
1397	4
1398	5
1399	5
1400	5
1401	5
1402	5
1403	5
1404	4
1405	5
1406	5
1407	5
1408	5
1409	5
1410	4
1411	5
1412	5
1413	4
1414	5
1415	5
1416	5
1417	4
1418	4
1419	5
1420	4
1421	5
1422	4
1423	5
1424	5
1425	4
1426	4
1427	5
1428	11
1429	11
1430	11
1431	11
1432	11
1433	11
1434	11
1435	11
1436	11
1437	11
1438	11
1439	11
1440	11
1441	4
1442	4
1443	4
1444	4
1445	4
1446	4
1447	4
1448	4
1449	4
1450	4
1451	4
1452	4
1453	4
1454	4
1455	11
1456	11
1457	11
1458	11
1459	11
1460	11
1461	11
1462	11
1463	11
1464	11
1465	8
1466	8
1467	8
1468	8
1469	8
1470	8
1471	8
1472	8
1473	8
1474	8
1475	8
1476	8
1477	8
1478	8
1479	8
1480	8
1481	8
1482	8
1483	8
1484	8
1485	8
1486	8
1487	8
1488	8
1489	12
1490	12
1491	12
1492	12
1493	12
1494	12
1495	12
1496	12
1497	12
1498	12
1499	12
1500	12
1501	4
1502	4
1503	4
1504	4
1505	4
1506	4
1507	4
1508	4
1509	4
1510	4
1511	4
1512	4
1513	4
1514	4
1515	4
1516	4
1517	4
1518	4
1519	4
1520	4
1521	4
1522	4
1523	4
1524	4
1525	4
1526	4
1527	4
1528	4
1529	13
1530	13
1531	13
1532	13
1533	13
1534	13
1535	13
1536	13
1537	13
1538	13
1539	13
1540	13
1541	13
1542	13
1543	13
1544	13
1545	13
1546	13
1547	13
1548	13
1549	13
1550	13
1551	13
1552	11
1553	11
1554	11
1555	1
1556	11
1557	1
1558	11
1559	11
1560	11
1561	11
1562	11
1563	11
1564	11
1565	11
1566	1
1567	11
1568	11
1569	11
1570	11
1571	11
1572	11
1573	11
1574	11
1575	11
1576	4
1577	4
1578	4
1579	4
1580	4
1581	4
1582	4
1583	4
1584	4
1585	4
1586	4
1587	4
1588	4
1589	4
1590	4
1591	4
1592	4
1593	5
1594	5
1595	5
1596	5
1597	5
1598	5
1599	5
1600	5
1601	5
1602	11
1603	11
1604	11
1605	11
1606	11
1607	11
1608	11
1609	11
1610	11
1611	11
1612	11
1613	11
1614	11
1615	11
1616	11
1617	11
1618	8
1619	8
1620	8
1621	8
1622	8
1623	8
1624	8
1625	8
1626	8
1627	8
1628	8
1629	10
1630	10
1631	10
1632	10
1633	10
1634	10
1635	10
1636	10
1637	10
1638	10
1639	10
1640	10
1641	10
1642	10
1643	10
1644	8
1645	8
1646	8
1647	8
1648	8
1649	10
1650	10
1651	10
1652	10
1653	10
1654	10
1655	10
1656	10
1658	10
1659	10
1660	10
1661	10
1662	10
1663	10
1664	10
1665	10
1666	10
1667	10
1668	10
1669	10
1670	10
1671	10
1672	10
1673	8
1674	10
1675	10
1676	10
1677	8
1678	6
1679	6
1680	6
1681	13
1682	6
1683	6
1684	6
1685	4
1686	4
1687	4
1688	4
1689	4
1690	4
1691	4
1692	4
1693	4
1694	4
1695	4
1696	4
1697	4
1698	4
1699	4
1700	4
1701	3
1702	4
1703	3
1704	3
1705	4
1706	4
1707	4
1708	4
1709	3
1710	4
1711	4
1712	4
1713	8
1714	8
1715	8
1716	8
1717	8
1718	8
1719	8
1720	8
1721	8
1722	8
1723	8
1724	8
1725	4
1726	4
1727	4
1728	8
1729	4
1730	4
1731	4
1732	4
1733	4
1734	4
1735	4
1736	3
1737	3
1738	3
1739	4
1740	3
1741	4
1742	3
1743	3
1744	3
1745	3
1746	3
1747	3
1748	3
1749	3
1750	3
1751	3
1752	3
1753	3
1754	3
1755	3
1756	3
1757	8
1758	8
1759	8
1760	8
1761	3
1762	3
1763	3
1764	3
1765	3
1766	3
1767	3
1768	3
1769	3
1770	3
1771	3
1772	3
1773	3
1774	8
1775	8
1776	8
1777	8
1778	8
1779	8
1780	8
1781	8
1782	8
1783	8
1784	8
1785	8
1786	8
1787	3
1788	3
1789	3
1790	3
1791	3
1792	3
1793	3
1794	3
1795	8
1796	8
1797	8
1798	8
1799	3
1800	3
1801	3
1802	3
1803	3
1804	3
1805	3
1806	3
1807	3
1808	3
1809	10
1810	9
1811	9
1812	9
1813	9
1814	9
1815	9
1816	10
1817	9
1818	10
1819	10
1820	10
1821	10
1822	10
1823	9
1824	9
1825	10
1826	10
1827	9
1828	10
1829	9
1830	8
1831	6
1832	8
1833	6
1834	8
1835	9
1836	9
1837	8
1838	10
1839	10
1840	1
1841	1
1842	1
1843	1
1844	1
1845	10
1846	9
1847	10
1848	10
1849	10
1850	10
1851	10
1852	9
1853	9
1854	9
1855	9
1856	9
1857	8
1858	8
1859	8
1860	8
1861	8
1862	8
1863	9
1864	10
1865	10
1866	10
1867	10
1868	10
1869	10
1870	10
1871	10
1872	13
1873	13
1874	13
1875	13
1876	13
1877	13
1878	13
1879	13
1880	13
1881	13
1882	13
1883	13
1884	13
1885	13
1886	13
1887	13
1888	13
1889	13
1890	13
1891	13
1892	13
1893	13
1894	13
1895	5
1896	5
1897	5
1898	1
1899	1
1900	1
1901	1
1902	1
1903	1
1904	5
1905	5
1906	5
1907	5
1908	5
1909	5
1910	5
1911	5
1912	5
1913	5
1914	5
1915	5
1916	1
1917	1
1918	1
1919	1
1920	1
1921	1
1922	1
1923	1
1924	5
1925	5
1926	5
1927	5
1928	5
1929	5
1930	5
1931	5
1932	5
1933	5
1934	5
1935	5
1936	5
1937	5
1938	5
1939	5
1940	5
1941	5
1942	5
1943	5
1944	5
1945	5
1946	5
1947	5
1948	5
1949	5
1950	5
1951	5
1952	5
1953	5
1954	5
1955	5
1956	5
1957	5
1958	5
1959	5
1960	5
1961	5
1962	5
1963	5
1964	5
1965	5
1966	5
1967	5
1968	5
1969	5
1970	5
1971	5
1972	5
1973	5
1974	5
1975	5
1976	7
1977	7
1978	7
1979	7
1980	7
1981	7
1982	7
1983	7
1984	7
1985	7
1986	7
1987	7
1988	7
1989	7
1990	7
1991	7
1992	7
1993	7
1994	7
1995	7
1996	7
1997	7
1998	7
1999	7
2000	7
2001	7
2002	7
2003	7
2004	7
2005	7
2006	7
2007	7
2008	7
2009	7
2010	7
2011	7
2012	7
2013	7
2014	7
2015	7
2016	7
2017	6
2018	6
2019	6
2020	6
2021	6
2022	6
2023	6
2024	13
2025	6
2026	6
2027	6
2028	6
2029	6
2030	13
2031	13
2032	13
2033	13
2034	13
2035	13
2036	13
2037	13
2038	6
2039	6
2040	6
2041	6
2042	6
2043	6
2044	6
2045	6
2046	13
2047	13
2048	6
2049	6
2050	6
2051	13
2052	13
2053	13
2054	13
2055	13
2056	13
2057	13
2058	11
2059	11
2060	11
2061	11
2062	11
2063	11
2064	11
2065	11
2066	11
2067	11
2068	6
2069	6
2070	6
2071	6
2072	6
2073	6
2074	6
2075	6
2076	6
2077	6
2078	6
2079	6
2080	6
2081	6
2082	6
2083	6
2084	6
2085	6
2086	6
2087	6
2088	6
2089	4
2090	4
2091	4
2092	4
2093	4
2094	4
2095	4
2096	4
2097	4
2098	4
2099	4
2100	4
2101	4
2102	4
2103	4
2104	4
2105	4
2106	4
2107	4
2108	4
2109	4
2110	4
2111	4
2112	4
2113	9
2114	9
2115	9
2116	9
2117	9
2118	3
2119	3
2120	9
2121	9
2122	9
2123	3
2124	6
2125	9
2126	9
2127	9
2128	9
2129	9
2130	9
2131	9
2132	9
2133	3
2134	3
2135	9
2136	3
2137	3
2138	3
2139	9
2140	9
2141	9
2142	9
2143	9
2144	9
2145	9
2146	3
2147	3
2148	9
2149	9
2150	9
2151	9
2152	9
2153	9
2154	9
2155	9
2156	9
2157	9
2158	9
2159	9
2160	9
2161	9
2162	9
2163	9
2164	3
2165	3
2166	3
2167	9
2168	9
2169	9
2170	9
2171	9
2172	9
2173	9
2174	3
2175	3
2176	3
2177	3
2178	9
2179	9
2180	3
2181	3
2182	9
2183	9
2184	9
2185	9
2186	9
2187	9
2188	3
2189	9
2190	9
2191	9
2192	9
2193	9
2194	9
2195	9
2196	3
2197	3
2198	9
2199	3
2200	9
2201	9
2202	9
2203	9
2204	9
2205	9
2206	9
2207	9
2208	9
2209	9
2210	9
2211	9
2212	9
2213	9
2214	9
2215	3
2216	3
2217	9
2218	9
2219	9
2220	9
2221	9
2222	9
2223	3
2224	9
2225	9
2226	9
2227	9
2228	9
2229	9
2230	3
2231	3
2232	9
2233	3
2234	3
2235	9
2236	3
2237	3
2238	3
2239	9
2240	9
2241	9
2242	3
2243	3
2244	9
2245	3
2246	9
2247	3
2248	3
2249	9
2250	9
2251	9
2252	9
2253	3
2254	3
2255	9
2256	3
2257	9
2258	9
2259	9
2260	9
2261	3
2262	3
2263	9
2264	9
2265	9
2266	9
2267	9
2268	9
2269	3
2270	9
2271	3
2272	9
2273	3
2274	9
2275	9
2276	9
2277	3
2278	9
2279	9
2280	9
2281	9
2282	9
2283	9
2284	6
2285	6
2286	9
2287	9
2288	9
2289	9
2290	9
2291	9
2292	9
2293	9
2294	9
2295	9
2296	9
2297	9
2298	3
2299	3
2300	3
2301	9
2302	3
2303	9
2304	9
2305	9
2306	9
2307	9
2308	9
2309	6
2310	6
2311	6
2312	12
2313	12
2314	12
2315	12
2316	12
2317	12
2318	12
2319	12
2320	12
2321	12
2322	12
2323	12
2324	12
2325	12
2326	12
2327	12
2328	12
2329	12
2330	5
2331	5
2332	5
2333	5
2334	5
2335	5
2336	5
2337	5
2338	5
2339	5
2340	5
2341	5
2342	5
2343	5
2344	5
2345	5
2346	12
2347	12
2348	12
2349	12
2350	12
2351	12
2352	12
2353	12
2354	12
2355	12
2356	12
2357	12
2358	12
2359	12
2360	12
2361	12
2362	12
2363	12
2364	12
2365	12
2366	11
2367	11
2368	11
2369	11
2370	11
2371	11
2372	11
2373	11
2374	11
2375	11
2376	11
2377	11
2378	11
2379	11
2380	11
2381	11
2382	11
2383	11
2384	11
2385	11
2386	11
2387	11
2388	11
2389	11
2390	11
2391	11
2392	11
2393	11
2394	11
2395	11
2396	11
2397	11
2398	11
2399	11
2400	11
2401	11
2402	11
2403	11
2404	11
2405	11
2406	11
2407	11
2408	11
2409	11
2410	11
2411	11
2412	11
2413	11
2414	11
2415	2
2416	2
2417	2
2418	2
2419	7
2420	7
2421	2
2422	2
2423	2
2424	2
2425	2
2426	2
2427	7
2428	7
2429	7
2430	2
2431	2
2432	2
2433	2
2434	2
2435	2
2436	2
2437	2
2438	2
2439	2
2440	2
2441	2
2442	2
2443	2
2444	2
2445	2
2446	2
2447	2
2448	2
2449	2
2450	2
2451	7
2452	7
2453	2
2454	2
2455	2
2456	2
2457	2
2458	2
2459	2
2460	2
2461	2
2462	2
2463	2
2464	2
2465	2
2466	2
2467	2
2468	2
2469	2
2470	2
2471	2
2472	2
2473	2
2474	2
2475	2
2476	2
2477	2
2478	2
2479	2
2480	2
2481	2
2482	2
2483	2
2484	2
2485	2
2486	2
2487	2
2488	2
2489	2
2490	2
2491	2
2492	2
2493	2
2494	2
2495	2
2496	2
2497	2
2498	2
2499	2
2500	2
2501	2
2502	2
2503	2
2504	2
2505	2
2506	2
2507	2
2508	2
2509	2
2510	2
2511	2
2512	2
2513	2
2514	2
2515	2
2516	7
2517	7
2518	2
2519	7
2520	2
2521	7
2522	7
2523	2
2524	2
2525	7
2526	2
2527	2
2528	2
2529	2
2530	2
2531	2
2532	2
2533	2
2534	2
2535	2
2536	2
2537	2
2538	2
2539	7
2540	7
2541	7
2542	2
2543	2
2544	7
2545	7
2546	7
2547	2
2548	2
2549	2
2550	2
2551	7
2552	7
2553	7
2554	7
2555	7
2556	7
2557	7
2558	2
2559	2
2560	2
2561	2
2562	2
2563	2
2564	2
2565	2
2566	2
2567	2
2568	7
2569	2
2570	2
2571	2
2572	2
2573	2
2574	2
2575	7
2576	7
2577	7
2578	7
2579	7
2580	7
2581	2
2582	2
2583	7
2584	7
2585	2
2586	2
2587	2
2588	2
2589	2
2590	2
2591	2
2592	2
2593	2
2594	2
2595	2
2596	2
2597	2
2598	2
2599	2
2600	2
2601	2
2602	2
2603	2
2604	2
2605	7
2606	13
2607	13
2608	13
2609	13
2610	13
2611	13
2612	13
2613	13
2614	13
2615	13
2616	13
2617	13
2618	13
2619	13
2620	13
2621	13
2622	13
2623	13
2624	13
2625	13
2626	6
2627	6
2628	6
2629	13
2630	13
2631	13
2632	13
2633	13
2634	6
2635	13
2636	13
2637	13
2638	6
2639	6
2640	7
2641	7
2642	7
2643	7
2644	7
2645	7
2646	7
2647	7
2648	7
2649	7
2650	7
2651	7
2652	7
2653	7
2654	7
2655	7
2656	7
2657	7
2658	7
2659	7
2660	7
2661	7
2662	7
2663	7
2664	7
2665	11
2666	7
2667	7
2668	7
2669	11
2670	7
2671	7
2672	7
2673	7
2674	7
2675	7
2676	7
2677	7
2678	7
2679	7
2680	7
2681	7
2682	7
2683	11
2684	11
2685	7
2686	7
2687	11
2688	5
2689	5
2690	5
2691	5
315	12
1657	10
