0	8
1	8
2	8
3	8
4	8
5	8
6	8
7	2
8	2
9	2
10	2
11	2
12	2
13	2
14	2
15	2
16	2
17	2
18	2
19	2
20	2
21	11
22	11
23	11
24	11
25	11
26	11
27	11
28	11
29	10
30	10
31	10
32	10
33	10
34	10
35	10
36	10
37	10
38	10
39	10
40	10
41	10
42	10
43	10
44	10
45	10
46	10
47	10
48	10
49	10
50	6
51	10
52	10
53	1
54	1
55	1
56	1
57	1
58	10
59	6
60	6
61	6
62	6
63	10
64	6
65	1
66	1
67	1
68	1
69	1
70	1
71	11
72	11
73	11
74	11
75	10
76	10
77	10
78	10
79	10
80	10
81	6
82	10
83	12
84	12
85	12
86	12
87	12
88	12
89	12
90	12
91	12
92	12
93	12
94	12
95	12
96	2
97	2
98	2
99	2
100	2
101	2
102	2
103	2
104	2
105	2
106	2
107	2
108	2
109	2
110	2
111	2
112	2
113	2
114	2
115	2
116	2
117	2
118	2
119	2
120	2
121	2
122	2
123	2
124	2
125	2
126	2
127	2
128	2
129	13
130	13
131	13
132	13
133	3
134	13
135	13
136	13
137	13
138	13
139	13
140	13
141	13
142	3
143	13
144	13
145	13
146	13
147	3
148	13
149	13
150	3
151	13
152	13
153	3
154	13
155	13
156	13
157	13
158	13
159	3
160	3
161	3
162	3
163	3
164	13
165	13
166	3
167	3
168	3
169	3
170	3
171	3
172	3
173	3
174	3
175	3
176	3
177	3
178	3
179	3
180	3
181	3
182	3
183	6
184	6
185	6
186	6
187	6
188	6
189	6
190	6
191	6
192	6
193	6
194	6
195	6
196	6
197	6
198	6
199	6
200	6
201	6
202	6
203	6
204	6
205	6
206	6
207	6
208	11
209	11
210	11
211	11
212	11
213	11
214	11
215	11
216	11
217	11
218	11
219	11
220	11
221	11
222	11
223	11
224	11
225	11
226	13
227	13
228	13
229	13
230	13
231	13
232	13
233	13
234	13
235	13
236	11
237	11
238	11
239	11
240	11
241	11
242	11
243	11
244	11
245	11
246	11
247	11
248	6
249	6
250	6
251	6
252	6
253	6
254	6
255	6
256	6
257	6
258	6
259	6
260	6
261	11
262	11
263	11
264	11
265	11
266	13
267	11
268	13
269	13
270	13
271	11
272	11
273	11
274	11
275	11
276	11
277	11
278	13
279	13
280	13
281	13
282	13
283	13
284	13
285	5
286	13
287	13
288	13
289	13
290	13
291	13
292	13
293	13
294	5
295	13
296	5
297	5
298	13
299	13
300	13
301	5
302	6
303	6
304	6
305	6
306	12
307	11
308	11
309	12
310	12
311	12
312	12
313	12
314	12
316	10
317	10
318	10
319	10
320	10
321	10
322	10
323	10
324	10
325	10
326	10
327	10
328	10
329	10
330	10
331	11
332	12
333	12
334	11
335	12
336	12
337	10
338	10
339	10
340	12
341	12
342	12
343	12
344	11
345	11
346	11
347	12
348	12
349	12
350	12
351	11
352	11
353	12
354	11
355	12
356	7
357	7
358	7
359	7
360	7
361	7
362	7
363	7
364	7
365	12
366	7
367	12
368	7
369	12
370	11
371	12
372	12
373	12
374	12
375	12
376	12
377	11
378	11
379	11
380	11
381	11
382	11
383	12
384	12
385	12
386	11
387	12
388	12
389	10
390	10
391	10
392	10
393	10
394	12
395	11
396	12
397	12
398	10
399	10
400	10
401	10
402	10
403	11
404	11
405	11
406	11
407	11
408	11
409	8
410	8
411	8
412	8
413	8
414	8
415	8
416	8
417	8
418	8
419	8
420	8
421	8
422	8
423	8
424	8
425	5
426	5
427	5
428	5
429	5
430	5
431	5
432	5
433	8
434	8
435	8
436	8
437	8
438	8
439	8
440	8
441	8
442	8
443	8
444	8
445	8
446	5
447	5
448	5
449	5
450	5
451	8
452	8
453	8
454	5
455	5
456	5
457	8
458	8
459	8
460	8
461	8
462	8
463	5
464	5
465	5
466	5
467	5
468	5
469	5
470	5
471	5
472	5
473	8
474	8
475	13
476	13
477	5
478	5
479	5
480	5
481	5
482	3
483	5
484	11
485	11
486	3
487	3
488	5
489	13
490	13
491	13
492	13
493	13
494	13
495	5
496	3
497	5
498	11
499	5
500	3
501	3
502	11
503	5
504	5
505	3
506	11
507	11
508	11
509	11
510	11
511	11
512	11
513	11
514	11
515	11
516	11
517	11
518	11
519	11
520	11
521	11
522	9
523	9
524	9
525	9
526	6
527	6
528	9
529	9
530	9
531	9
532	9
533	9
534	9
535	9
536	9
537	9
538	6
539	6
540	6
541	6
542	6
543	6
544	6
545	6
546	6
547	6
548	6
549	6
550	6
551	6
552	6
553	6
554	6
555	6
556	6
557	6
558	6
559	11
560	11
561	11
562	11
563	11
564	11
565	6
566	6
567	6
568	6
569	6
570	9
571	9
572	9
573	9
574	9
575	9
576	9
577	9
578	9
579	9
580	9
581	6
582	6
583	6
584	6
585	6
586	6
587	13
588	13
589	13
590	13
591	13
592	11
593	11
594	13
595	11
596	13
597	11
598	13
599	11
600	11
601	13
602	11
603	6
604	6
605	6
606	6
607	6
608	6
609	6
610	6
611	6
612	6
613	6
614	6
615	6
616	6
617	13
618	11
619	11
620	13
621	13
622	13
623	13
624	13
625	13
626	13
627	13
628	11
629	11
630	11
631	13
632	13
633	13
634	13
635	13
636	13
637	13
638	13
639	6
640	6
641	6
642	6
643	6
644	6
645	6
646	6
647	6
648	6
649	6
650	6
651	6
652	6
653	6
654	6
655	6
656	6
657	5
658	5
659	5
660	5
661	8
662	8
663	8
664	8
665	8
666	8
667	8
668	4
669	4
670	13
671	13
672	13
673	13
674	13
675	13
676	13
677	13
678	13
679	13
680	8
681	8
682	4
683	8
684	8
685	8
686	8
687	8
688	8
689	8
690	8
691	8
692	8
693	8
694	8
695	8
696	8
697	13
698	13
699	13
700	13
701	13
702	13
703	13
704	13
705	13
706	13
707	13
708	13
709	13
710	13
711	13
712	13
713	13
714	8
715	8
716	11
717	11
718	13
719	13
720	13
721	11
722	11
723	11
724	11
725	11
726	11
727	11
728	11
729	11
730	11
731	11
732	10
733	10
734	10
735	10
736	10
737	5
738	5
739	5
740	5
741	5
742	5
743	5
744	5
745	10
746	10
747	10
748	10
749	10
750	10
751	10
752	10
753	10
754	10
755	10
756	10
757	10
758	10
759	10
760	10
761	10
762	10
763	10
764	10
765	10
766	5
767	5
768	5
769	5
770	10
771	10
772	5
773	5
774	5
775	5
776	5
777	5
778	5
779	5
780	5
781	5
782	5
783	5
784	5
785	11
786	5
787	5
788	5
789	5
790	5
791	11
792	11
793	11
794	11
795	11
796	11
797	11
798	11
799	11
800	11
801	5
802	5
803	5
804	5
805	11
806	11
807	11
808	5
809	5
810	5
811	1
812	9
813	1
814	1
815	1
816	1
817	1
818	9
819	9
820	9
821	1
822	1
823	1
824	1
825	1
826	1
827	9
828	1
829	9
830	1
831	1
832	1
833	1
834	1
835	1
836	1
837	1
838	1
839	1
840	1
841	1
842	1
843	1
844	1
845	1
846	1
847	9
848	9
849	9
850	9
851	9
852	1
853	1
854	1
855	1
856	9
857	9
858	6
859	6
860	6
861	6
862	6
863	6
864	6
865	6
866	6
867	6
868	6
869	6
870	6
871	1
872	1
873	1
874	1
875	1
876	1
877	1
878	1
879	1
880	9
881	1
882	1
883	1
884	1
885	1
886	1
887	1
888	1
889	1
890	1
891	9
892	9
893	1
894	1
895	1
896	1
897	1
898	1
899	9
900	9
901	9
902	1
903	1
904	1
905	1
906	1
907	1
908	1
909	1
910	9
911	9
912	9
913	9
914	1
915	1
916	1
917	1
918	1
919	1
920	1
921	1
922	9
923	9
924	9
925	1
926	1
927	1
928	1
929	1
930	1
931	1
932	9
933	9
934	9
935	1
936	1
937	1
938	1
939	9
940	1
941	1
942	1
943	9
944	9
945	9
946	1
947	1
948	1
949	1
950	1
951	1
952	1
953	1
954	9
955	9
956	9
957	1
958	1
959	1
960	1
961	9
962	1
963	1
964	1
965	1
966	9
967	1
968	1
969	1
970	1
971	1
972	1
973	1
974	9
975	9
976	1
977	1
978	1
979	9
980	1
981	1
982	10
983	10
984	10
985	3
986	3
987	3
988	3
989	3
990	3
991	3
992	3
993	3
994	3
995	3
996	3
997	3
998	3
999	3
1000	3
1001	3
1002	3
1003	3
1004	3
1005	3
1006	3
1007	10
1008	10
1009	3
1010	10
1011	10
1012	10
1013	10
1014	10
1015	10
1016	10
1017	10
1018	10
1019	10
1020	10
1021	10
1022	10
1023	10
1024	10
1025	10
1026	10
1027	10
1028	10
1029	10
1030	10
1031	10
1032	10
1033	10
1034	10
1035	10
1036	10
1037	10
1038	10
1039	10
1040	10
1041	10
1042	10
1043	10
1044	10
1045	10
1046	10
1047	10
1048	10
1049	10
1050	10
1051	10
1052	10
1053	10
1054	10
1055	10
1056	10
1057	10
1058	10
1059	10
1060	10
1061	10
1062	10
1063	10
1064	10
1065	10
1066	10
1067	10
1068	10
1069	10
1070	10
1071	10
1072	10
1073	10
1074	10
1075	6
1076	6
1077	6
1078	6
1079	6
1080	6
1081	6
1082	6
1083	6
1084	6
1085	6
1086	6
1087	13
1088	13
1089	13
1090	13
1091	13
1092	13
1093	13
1094	11
1095	11
1096	11
1097	11
1098	11
1099	11
1100	11
1101	11
1102	11
1103	11
1104	11
1105	11
1106	11
1107	1
1108	12
1109	1
1110	1
1111	12
1112	1
1113	1
1114	12
1115	12
1116	1
1117	1
1118	1
1119	1
1120	12
1121	1
1122	1
1123	1
1124	1
1125	12
1126	12
1127	1
1128	12
1129	1
1130	1
1131	12
1132	1
1133	1
1134	12
1135	12
1136	1
1137	1
1138	1
1139	1
1140	1
1141	1
1142	1
1143	1
1144	12
1145	12
1146	1
1147	1
1148	1
1149	1
1150	1
1151	12
1152	1
1153	1
1154	11
1155	11
1156	11
1157	11
1158	11
1159	11
1160	11
1161	11
1162	11
1163	11
1164	11
1165	11
1166	11
1167	11
1168	11
1169	10
1170	10
1171	10
1172	10
1173	10
1174	10
1175	10
1176	10
1177	10
1178	10
1179	10
1180	10
1181	10
1182	10
1183	10
1184	10
1185	10
1186	10
1187	10
1188	10
1189	10
1190	10
1191	10
1192	10
1193	10
1194	10
1195	10
1196	10
1197	10
1198	10
1199	10
1200	9
1201	9
1202	9
1203	9
1204	9
1205	9
1206	9
1207	9
1208	9
1209	9
1210	9
1211	9
1212	9
1213	9
1214	9
1215	9
1216	9
1217	9
1218	9
1219	9
1220	9
1221	9
1222	9
1223	9
1224	9
1225	9
1226	9
1227	9
1228	9
1229	9
1230	9
1231	9
1232	9
1233	9
1234	9
1235	9
1236	9
1237	9
1238	9
1239	9
1240	13
1241	13
1242	13
1243	13
1244	13
1245	13
1246	13
1247	13
1248	13
1249	13
1250	13
1251	13
1252	13
1253	10
1254	10
1255	10
1256	10
1257	10
1258	13
1259	13
1260	13
1261	13
1262	13
1263	13
1264	10
1265	10
1266	10
1267	10
1268	10
1269	8
1270	10
1271	10
1272	10
1273	10
1274	8
1275	8
1276	10
1277	8
1278	11
1279	11
1280	11
1281	13
1282	13
1283	13
1284	8
1285	10
1286	10
1287	8
1288	11
1289	11
1290	11
1291	11
1292	11
1293	11
1294	11
1295	11
1296	11
1297	11
1298	11
1299	11
1300	11
1301	11
1302	11
1303	6
1304	6
1305	6
1306	6
1307	6
1308	6
1309	6
1310	6
1311	6
1312	6
1313	6
1314	1
1315	1
1316	1
1317	1
1318	1
1319	1
1320	1
1321	1
1322	1
1323	1
1324	1
1325	1
1326	1
1327	1
1328	1
1329	1
1330	1
1331	1
1332	1
1333	1
1334	1
1335	1
1336	1
1337	1
1338	1
1339	1
1340	1
1341	1
1342	1
1343	1
1344	1
1345	1
1346	6
1347	6
1348	6
1349	6
1350	6
1351	6
1352	6
1353	6
1354	6
1355	6
1356	6
1357	6
1358	6
1359	6
1360	6
1361	6
1362	6
1363	12
1364	12
1365	12
1366	12
1367	12
1368	12
1369	12
1370	12
1371	12
1372	12
1373	12
1374	12
1375	12
1376	12
1377	12
1378	12
1379	12
1380	12
1381	11
1382	11
1383	11
1384	11
1385	11
1386	11
1387	11
1388	11
1389	11
1390	11
1391	11
1392	11
1393	11
1394	11
1395	11
1396	11
1397	8
1398	6
1399	6
1400	6
1401	8
1402	6
1403	6
1404	8
1405	6
1406	6
1407	6
1408	6
1409	6
1410	8
1411	6
1412	6
1413	8
1414	6
1415	6
1416	6
1417	8
1418	8
1419	6
1420	8
1421	6
1422	8
1423	6
1424	6
1425	8
1426	8
1427	8
1428	9
1429	9
1430	9
1431	9
1432	9
1433	9
1434	9
1435	9
1436	9
1437	9
1438	9
1439	9
1440	9
1441	2
1442	2
1443	8
1444	2
1445	8
1446	2
1447	2
1448	8
1449	2
1450	8
1451	8
1452	8
1453	8
1454	8
1455	9
1456	9
1457	9
1458	9
1459	9
1460	9
1461	9
1462	9
1463	9
1464	9
1465	13
1466	13
1467	13
1468	13
1469	13
1470	13
1471	13
1472	13
1473	13
1474	13
1475	13
1476	13
1477	13
1478	13
1479	13
1480	13
1481	13
1482	13
1483	13
1484	13
1485	13
1486	13
1487	13
1488	13
1489	10
1490	10
1491	10
1492	10
1493	10
1494	10
1495	10
1496	10
1497	10
1498	10
1499	10
1500	10
1501	8
1502	8
1503	8
1504	8
1505	8
1506	8
1507	8
1508	8
1509	8
1510	8
1511	8
1512	8
1513	8
1514	8
1515	8
1516	8
1517	8
1518	8
1519	8
1520	8
1521	8
1522	8
1523	8
1524	8
1525	8
1526	8
1527	8
1528	8
1529	5
1530	5
1531	5
1532	5
1533	5
1534	5
1535	5
1536	5
1537	5
1538	5
1539	5
1540	5
1541	5
1542	5
1543	5
1544	5
1545	5
1546	5
1547	5
1548	5
1549	5
1550	5
1551	5
1552	12
1553	12
1554	12
1555	12
1556	12
1557	12
1558	12
1559	12
1560	12
1561	12
1562	12
1563	12
1564	12
1565	12
1566	12
1567	12
1568	12
1569	12
1570	12
1571	12
1572	12
1573	12
1574	12
1575	12
1576	10
1577	10
1578	10
1579	10
1580	10
1581	10
1582	10
1583	10
1584	10
1585	10
1586	10
1587	10
1588	10
1589	10
1590	10
1591	10
1592	10
1593	6
1594	6
1595	6
1596	6
1597	6
1598	6
1599	6
1600	6
1601	6
1602	9
1603	12
1604	9
1605	9
1606	9
1607	12
1608	9
1609	9
1610	9
1611	9
1612	9
1613	12
1614	12
1615	9
1616	9
1617	9
1618	11
1619	11
1620	11
1621	11
1622	11
1623	11
1624	11
1625	11
1626	11
1627	11
1628	11
1629	9
1630	9
1631	2
1632	2
1633	9
1634	9
1635	9
1636	2
1637	9
1638	9
1639	9
1640	9
1641	9
1642	9
1643	9
1644	11
1645	11
1646	11
1647	11
1648	11
1649	9
1650	9
1651	2
1652	9
1653	9
1654	9
1655	9
1656	9
1658	9
1659	9
1660	2
1661	9
1662	9
1663	9
1664	9
1665	9
1666	9
1667	2
1668	2
1669	9
1670	9
1671	9
1672	9
1673	11
1674	9
1675	9
1676	9
1677	11
1678	5
1679	5
1680	5
1681	5
1682	5
1683	5
1684	5
1685	8
1686	8
1687	8
1688	8
1689	8
1690	8
1691	8
1692	8
1693	8
1694	8
1695	8
1696	8
1697	8
1698	8
1699	8
1700	8
1701	2
1702	2
1703	2
1704	4
1705	2
1706	2
1707	2
1708	2
1709	2
1710	8
1711	2
1712	8
1713	11
1714	11
1715	11
1716	11
1717	11
1718	11
1719	11
1720	11
1721	11
1722	11
1723	11
1724	11
1725	8
1726	2
1727	2
1728	11
1729	2
1730	2
1731	2
1732	2
1733	2
1734	2
1735	2
1736	2
1737	2
1738	2
1739	2
1740	2
1741	2
1742	8
1743	8
1744	8
1745	8
1746	8
1747	8
1748	8
1749	4
1750	8
1751	8
1752	8
1753	8
1754	8
1755	8
1756	8
1757	11
1758	11
1759	11
1760	11
1761	8
1762	8
1763	8
1764	4
1765	8
1766	8
1767	4
1768	8
1769	8
1770	8
1771	8
1772	8
1773	8
1774	11
1775	11
1776	11
1777	11
1778	11
1779	11
1780	11
1781	11
1782	11
1783	11
1784	11
1785	11
1786	11
1787	4
1788	8
1789	8
1790	8
1791	8
1792	8
1793	8
1794	8
1795	11
1796	11
1797	11
1798	11
1799	8
1800	8
1801	8
1802	8
1803	8
1804	8
1805	8
1806	8
1807	8
1808	8
1809	2
1810	2
1811	2
1812	2
1813	2
1814	2
1815	2
1816	2
1817	2
1818	2
1819	2
1820	2
1821	2
1822	2
1823	2
1824	2
1825	2
1826	2
1827	2
1828	2
1829	2
1830	13
1831	13
1832	13
1833	13
1834	13
1835	2
1836	2
1837	13
1838	2
1839	2
1840	12
1841	12
1842	12
1843	12
1844	12
1845	2
1846	2
1847	2
1848	2
1849	2
1850	2
1851	2
1852	2
1853	2
1854	2
1855	2
1856	2
1857	11
1858	11
1859	11
1860	11
1861	11
1862	11
1863	2
1864	2
1865	2
1866	2
1867	2
1868	2
1869	2
1870	2
1871	2
1872	5
1873	5
1874	5
1875	5
1876	5
1877	5
1878	5
1879	5
1880	5
1881	5
1882	5
1883	5
1884	5
1885	5
1886	5
1887	5
1888	5
1889	5
1890	5
1891	5
1892	5
1893	5
1894	5
1895	6
1896	6
1897	6
1898	12
1899	12
1900	12
1901	12
1902	12
1903	12
1904	6
1905	6
1906	6
1907	6
1908	6
1909	6
1910	6
1911	6
1912	6
1913	6
1914	6
1915	6
1916	12
1917	12
1918	12
1919	12
1920	12
1921	12
1922	12
1923	12
1924	6
1925	6
1926	6
1927	6
1928	6
1929	6
1930	6
1931	6
1932	6
1933	6
1934	6
1935	6
1936	6
1937	6
1938	6
1939	6
1940	6
1941	6
1942	6
1943	6
1944	6
1945	6
1946	6
1947	6
1948	6
1949	6
1950	6
1951	6
1952	6
1953	6
1954	6
1955	6
1956	6
1957	6
1958	6
1959	6
1960	6
1961	6
1962	6
1963	6
1964	6
1965	6
1966	6
1967	6
1968	6
1969	6
1970	6
1971	6
1972	6
1973	6
1974	6
1975	6
1976	12
1977	12
1978	12
1979	12
1980	12
1981	12
1982	12
1983	12
1984	12
1985	12
1986	12
1987	12
1988	12
1989	12
1990	12
1991	12
1992	12
1993	12
1994	12
1995	12
1996	12
1997	12
1998	12
1999	12
2000	12
2001	12
2002	12
2003	12
2004	12
2005	12
2006	12
2007	12
2008	12
2009	12
2010	12
2011	12
2012	12
2013	12
2014	12
2015	12
2016	12
2017	13
2018	13
2019	13
2020	13
2021	13
2022	13
2023	13
2024	5
2025	13
2026	13
2027	13
2028	13
2029	13
2030	5
2031	5
2032	5
2033	5
2034	5
2035	5
2036	5
2037	5
2038	11
2039	11
2040	11
2041	11
2042	11
2043	13
2044	13
2045	13
2046	5
2047	5
2048	11
2049	11
2050	13
2051	5
2052	5
2053	5
2054	5
2055	5
2056	5
2057	5
2058	12
2059	12
2060	12
2061	12
2062	12
2063	12
2064	12
2065	12
2066	12
2067	12
2068	13
2069	13
2070	13
2071	13
2072	13
2073	13
2074	13
2075	13
2076	13
2077	13
2078	13
2079	13
2080	13
2081	13
2082	13
2083	13
2084	13
2085	13
2086	13
2087	13
2088	13
2089	10
2090	10
2091	10
2092	10
2093	10
2094	10
2095	10
2096	8
2097	8
2098	8
2099	8
2100	8
2101	8
2102	8
2103	8
2104	8
2105	8
2106	8
2107	8
2108	8
2109	8
2110	8
2111	8
2112	8
2113	4
2114	4
2115	4
2116	4
2117	4
2118	2
2119	2
2120	4
2121	4
2122	2
2123	2
2124	13
2125	4
2126	4
2127	4
2128	4
2129	4
2130	2
2131	4
2132	4
2133	2
2134	4
2135	4
2136	4
2137	2
2138	2
2139	4
2140	2
2141	4
2142	4
2143	2
2144	2
2145	4
2146	2
2147	2
2148	4
2149	2
2150	4
2151	4
2152	4
2153	4
2154	4
2155	4
2156	4
2157	4
2158	4
2159	2
2160	4
2161	4
2162	4
2163	4
2164	4
2165	4
2166	4
2167	4
2168	4
2169	4
2170	4
2171	4
2172	4
2173	4
2174	2
2175	2
2176	2
2177	2
2178	4
2179	4
2180	4
2181	4
2182	4
2183	4
2184	4
2185	4
2186	4
2187	4
2188	4
2189	4
2190	4
2191	4
2192	4
2193	4
2194	2
2195	4
2196	2
2197	2
2198	4
2199	2
2200	4
2201	2
2202	2
2203	4
2204	4
2205	4
2206	4
2207	4
2208	4
2209	4
2210	4
2211	4
2212	4
2213	4
2214	4
2215	4
2216	2
2217	4
2218	4
2219	4
2220	4
2221	4
2222	2
2223	2
2224	4
2225	4
2226	4
2227	4
2228	2
2229	2
2230	4
2231	4
2232	4
2233	2
2234	2
2235	4
2236	2
2237	2
2238	2
2239	4
2240	4
2241	2
2242	2
2243	2
2244	2
2245	2
2246	4
2247	4
2248	4
2249	4
2250	4
2251	4
2252	4
2253	2
2254	2
2255	2
2256	4
2257	4
2258	4
2259	4
2260	4
2261	4
2262	4
2263	4
2264	4
2265	4
2266	2
2267	4
2268	4
2269	2
2270	4
2271	4
2272	4
2273	4
2274	4
2275	4
2276	4
2277	2
2278	2
2279	2
2280	4
2281	4
2282	4
2283	2
2284	13
2285	13
2286	4
2287	4
2288	4
2289	4
2290	4
2291	4
2292	4
2293	4
2294	4
2295	4
2296	4
2297	2
2298	2
2299	2
2300	2
2301	4
2302	2
2303	4
2304	2
2305	4
2306	4
2307	4
2308	4
2309	13
2310	13
2311	13
2312	1
2313	1
2314	1
2315	1
2316	1
2317	1
2318	1
2319	1
2320	1
2321	1
2322	1
2323	1
2324	1
2325	1
2326	1
2327	1
2328	1
2329	1
2330	6
2331	6
2332	6
2333	6
2334	6
2335	6
2336	6
2337	6
2338	6
2339	6
2340	6
2341	6
2342	6
2343	6
2344	6
2345	6
2346	10
2347	10
2348	10
2349	10
2350	10
2351	10
2352	10
2353	10
2354	10
2355	10
2356	10
2357	10
2358	10
2359	10
2360	10
2361	10
2362	10
2363	10
2364	10
2365	10
2366	9
2367	9
2368	9
2369	9
2370	9
2371	9
2372	9
2373	9
2374	9
2375	9
2376	9
2377	9
2378	9
2379	9
2380	9
2381	9
2382	9
2383	9
2384	9
2385	9
2386	9
2387	9
2388	9
2389	9
2390	9
2391	9
2392	9
2393	9
2394	9
2395	9
2396	9
2397	9
2398	9
2399	9
2400	9
2401	9
2402	9
2403	9
2404	9
2405	9
2406	9
2407	9
2408	9
2409	9
2410	9
2411	9
2412	9
2413	9
2414	9
2415	3
2416	3
2417	3
2418	3
2419	3
2420	3
2421	7
2422	3
2423	7
2424	3
2425	7
2426	3
2427	3
2428	3
2429	3
2430	3
2431	3
2432	3
2433	7
2434	3
2435	3
2436	3
2437	3
2438	3
2439	3
2440	3
2441	3
2442	3
2443	3
2444	3
2445	3
2446	3
2447	7
2448	7
2449	7
2450	7
2451	7
2452	7
2453	7
2454	7
2455	7
2456	7
2457	7
2458	7
2459	7
2460	7
2461	7
2462	7
2463	7
2464	7
2465	7
2466	7
2467	7
2468	7
2469	7
2470	7
2471	7
2472	7
2473	7
2474	7
2475	7
2476	7
2477	7
2478	7
2479	7
2480	7
2481	7
2482	7
2483	7
2484	7
2485	7
2486	7
2487	7
2488	7
2489	7
2490	7
2491	7
2492	7
2493	7
2494	7
2495	7
2496	3
2497	3
2498	3
2499	3
2500	7
2501	7
2502	3
2503	3
2504	3
2505	3
2506	3
2507	3
2508	3
2509	3
2510	3
2511	3
2512	3
2513	3
2514	3
2515	7
2516	7
2517	7
2518	7
2519	7
2520	7
2521	7
2522	7
2523	3
2524	3
2525	3
2526	7
2527	7
2528	3
2529	3
2530	3
2531	3
2532	3
2533	3
2534	3
2535	3
2536	3
2537	3
2538	3
2539	3
2540	3
2541	3
2542	3
2543	3
2544	3
2545	3
2546	3
2547	3
2548	3
2549	3
2550	7
2551	3
2552	3
2553	3
2554	3
2555	3
2556	3
2557	3
2558	3
2559	3
2560	3
2561	3
2562	3
2563	3
2564	3
2565	3
2566	3
2567	3
2568	3
2569	3
2570	3
2571	3
2572	3
2573	3
2574	3
2575	7
2576	7
2577	7
2578	7
2579	7
2580	7
2581	3
2582	7
2583	7
2584	7
2585	7
2586	7
2587	3
2588	3
2589	3
2590	3
2591	3
2592	3
2593	3
2594	3
2595	3
2596	3
2597	3
2598	3
2599	3
2600	7
2601	7
2602	3
2603	7
2604	3
2605	3
2606	13
2607	5
2608	5
2609	13
2610	5
2611	5
2612	13
2613	5
2614	5
2615	5
2616	5
2617	5
2618	5
2619	5
2620	5
2621	5
2622	5
2623	5
2624	5
2625	13
2626	13
2627	13
2628	13
2629	13
2630	5
2631	5
2632	5
2633	5
2634	13
2635	5
2636	5
2637	13
2638	13
2639	13
2640	7
2641	7
2642	7
2643	7
2644	7
2645	7
2646	7
2647	7
2648	7
2649	7
2650	7
2651	7
2652	7
2653	7
2654	7
2655	7
2656	3
2657	3
2658	3
2659	7
2660	7
2661	3
2662	3
2663	7
2664	7
2665	7
2666	7
2667	7
2668	7
2669	7
2670	7
2671	7
2672	3
2673	7
2674	3
2675	3
2676	7
2677	7
2678	3
2679	7
2680	7
2681	7
2682	7
2683	7
2684	7
2685	7
2686	7
2687	7
2688	6
2689	6
2690	6
2691	6
315	10
1657	9
