0	2
1	2
2	2
3	2
4	2
5	2
6	2
7	4
8	4
9	4
10	4
11	10
12	4
13	4
14	4
15	4
16	10
17	10
18	10
19	10
20	4
21	12
22	12
23	12
24	12
25	12
26	12
27	12
28	12
29	3
30	11
31	3
32	3
33	11
34	3
35	3
36	11
37	3
38	3
39	11
40	3
41	11
42	3
43	11
44	11
45	3
46	3
47	11
48	3
49	3
50	3
51	3
52	3
53	8
54	8
55	8
56	8
57	8
58	3
59	3
60	3
61	3
62	3
63	3
64	3
65	8
66	8
67	8
68	8
69	8
70	8
71	12
72	12
73	12
74	12
75	3
76	3
77	3
78	3
79	3
80	3
81	3
82	3
83	1
84	1
85	1
86	1
87	1
88	1
89	1
90	1
91	1
92	1
93	1
94	1
95	1
96	10
97	4
98	10
99	10
100	4
101	4
102	4
103	10
104	4
105	10
106	4
107	4
108	10
109	4
110	4
111	10
112	10
113	4
114	4
115	4
116	4
117	10
118	4
119	4
120	4
121	10
122	10
123	4
124	10
125	10
126	10
127	10
128	10
129	7
130	7
131	7
132	7
133	7
134	7
135	7
136	7
137	7
138	7
139	7
140	7
141	7
142	7
143	7
144	7
145	7
146	7
147	7
148	7
149	7
150	7
151	7
152	7
153	7
154	7
155	7
156	7
157	7
158	7
159	7
160	7
161	7
162	7
163	7
164	7
165	7
166	7
167	7
168	7
169	7
170	7
171	6
172	7
173	7
174	7
175	7
176	7
177	7
178	7
179	7
180	7
181	6
182	6
183	3
184	3
185	3
186	3
187	3
188	3
189	3
190	3
191	3
192	3
193	3
194	3
195	3
196	3
197	3
198	3
199	3
200	3
201	3
202	3
203	3
204	3
205	3
206	3
207	3
208	12
209	12
210	12
211	12
212	12
213	12
214	12
215	12
216	12
217	12
218	12
219	12
220	12
221	12
222	12
223	12
224	12
225	12
226	5
227	5
228	5
229	5
230	5
231	5
232	5
233	5
234	5
235	5
236	12
237	12
238	12
239	12
240	12
241	12
242	12
243	12
244	12
245	12
246	12
247	12
248	3
249	3
250	3
251	3
252	3
253	3
254	3
255	3
256	3
257	3
258	3
259	3
260	3
261	5
262	5
263	5
264	5
265	5
266	5
267	5
268	5
269	5
270	5
271	5
272	5
273	5
274	5
275	5
276	5
277	5
278	5
279	5
280	5
281	5
282	5
283	5
284	5
285	5
286	5
287	5
288	5
289	5
290	5
291	5
292	5
293	5
294	5
295	5
296	5
297	5
298	5
299	5
300	5
301	5
302	3
303	3
304	3
305	3
306	8
307	12
308	12
309	8
310	8
311	8
312	12
313	12
314	8
316	11
317	11
318	11
319	11
320	11
321	11
322	11
323	11
324	11
325	11
326	11
327	11
328	11
329	11
330	11
331	12
332	8
333	12
334	12
335	8
336	8
337	11
338	11
339	11
340	8
341	8
342	12
343	12
344	12
345	12
346	12
347	12
348	8
349	12
350	12
351	12
352	12
353	12
354	12
355	12
356	7
357	7
358	7
359	7
360	7
361	7
362	7
363	7
364	7
365	7
366	7
367	7
368	7
369	12
370	12
371	12
372	12
373	8
374	8
375	12
376	12
377	12
378	12
379	12
380	12
381	12
382	12
383	12
384	12
385	12
386	12
387	12
388	12
389	11
390	11
391	11
392	11
393	11
394	12
395	12
396	8
397	8
398	11
399	11
400	11
401	11
402	11
403	12
404	12
405	12
406	6
407	6
408	6
409	2
410	2
411	2
412	2
413	2
414	11
415	2
416	2
417	11
418	11
419	11
420	2
421	11
422	2
423	11
424	2
425	7
426	7
427	6
428	6
429	7
430	7
431	7
432	7
433	11
434	2
435	2
436	11
437	11
438	2
439	2
440	2
441	2
442	2
443	2
444	11
445	2
446	7
447	7
448	6
449	6
450	6
451	11
452	2
453	2
454	7
455	6
456	7
457	11
458	2
459	2
460	2
461	11
462	11
463	7
464	7
465	7
466	7
467	7
468	7
469	6
470	7
471	6
472	6
473	11
474	2
475	5
476	5
477	6
478	6
479	6
480	6
481	6
482	6
483	6
484	12
485	12
486	6
487	6
488	6
489	5
490	5
491	5
492	5
493	5
494	5
495	6
496	6
497	6
498	12
499	6
500	6
501	6
502	12
503	6
504	6
505	6
506	6
507	12
508	12
509	12
510	12
511	12
512	12
513	6
514	12
515	12
516	12
517	6
518	6
519	6
520	12
521	12
522	1
523	1
524	1
525	1
526	2
527	2
528	1
529	1
530	1
531	1
532	1
533	1
534	1
535	1
536	1
537	1
538	2
539	2
540	2
541	2
542	2
543	2
544	2
545	2
546	2
547	2
548	2
549	2
550	2
551	2
552	2
553	2
554	2
555	2
556	3
557	2
558	3
559	12
560	12
561	12
562	12
563	12
564	12
565	3
566	2
567	2
568	2
569	2
570	1
571	1
572	1
573	1
574	1
575	1
576	1
577	1
578	1
579	1
580	1
581	2
582	2
583	2
584	2
585	2
586	2
587	12
588	5
589	5
590	5
591	5
592	12
593	5
594	5
595	12
596	5
597	5
598	5
599	12
600	12
601	5
602	5
603	3
604	3
605	3
606	3
607	3
608	3
609	3
610	3
611	3
612	3
613	3
614	3
615	3
616	3
617	12
618	12
619	5
620	5
621	5
622	5
623	5
624	5
625	5
626	12
627	5
628	12
629	12
630	12
631	5
632	12
633	5
634	5
635	5
636	12
637	12
638	5
639	3
640	3
641	3
642	3
643	3
644	3
645	3
646	3
647	3
648	3
649	3
650	3
651	3
652	3
653	3
654	3
655	3
656	3
657	6
658	6
659	6
660	6
661	2
662	2
663	2
664	2
665	2
666	2
667	2
668	2
669	2
670	6
671	6
672	6
673	6
674	6
675	6
676	6
677	6
678	6
679	6
680	2
681	2
682	2
683	2
684	2
685	2
686	2
687	2
688	2
689	2
690	2
691	2
692	2
693	2
694	2
695	2
696	2
697	6
698	6
699	6
700	6
701	6
702	6
703	6
704	6
705	6
706	6
707	6
708	6
709	6
710	6
711	6
712	6
713	6
714	2
715	2
716	5
717	5
718	6
719	6
720	6
721	5
722	5
723	5
724	5
725	5
726	5
727	5
728	5
729	5
730	5
731	5
732	11
733	11
734	11
735	11
736	11
737	6
738	6
739	6
740	6
741	6
742	6
743	6
744	6
745	11
746	11
747	11
748	11
749	11
750	11
751	11
752	11
753	11
754	11
755	11
756	11
757	11
758	11
759	11
760	11
761	11
762	11
763	11
764	11
765	11
766	6
767	6
768	6
769	6
770	11
771	11
772	6
773	6
774	6
775	6
776	6
777	6
778	6
779	6
780	6
781	6
782	6
783	6
784	6
785	12
786	6
787	6
788	6
789	6
790	6
791	12
792	12
793	12
794	12
795	12
796	12
797	12
798	12
799	12
800	12
801	6
802	6
803	6
804	6
805	12
806	12
807	12
808	6
809	6
810	6
811	8
812	10
813	8
814	8
815	10
816	8
817	10
818	10
819	10
820	10
821	8
822	10
823	10
824	8
825	8
826	8
827	10
828	10
829	10
830	8
831	8
832	8
833	8
834	8
835	8
836	8
837	8
838	8
839	8
840	8
841	8
842	8
843	10
844	10
845	8
846	10
847	10
848	10
849	10
850	10
851	10
852	8
853	8
854	10
855	8
856	10
857	10
858	3
859	3
860	3
861	3
862	3
863	3
864	3
865	3
866	3
867	3
868	3
869	3
870	3
871	8
872	8
873	8
874	8
875	10
876	10
877	10
878	8
879	10
880	10
881	8
882	8
883	8
884	8
885	8
886	8
887	10
888	10
889	10
890	10
891	10
892	10
893	8
894	8
895	8
896	8
897	8
898	10
899	10
900	10
901	10
902	8
903	8
904	8
905	8
906	8
907	10
908	10
909	8
910	10
911	10
912	10
913	10
914	8
915	8
916	8
917	8
918	10
919	8
920	10
921	10
922	10
923	10
924	10
925	8
926	8
927	8
928	8
929	8
930	10
931	10
932	10
933	10
934	10
935	8
936	8
937	8
938	10
939	10
940	10
941	10
942	10
943	10
944	10
945	10
946	8
947	10
948	8
949	10
950	10
951	10
952	10
953	10
954	10
955	10
956	10
957	8
958	8
959	8
960	10
961	10
962	10
963	8
964	8
965	10
966	10
967	10
968	10
969	8
970	8
971	8
972	10
973	10
974	10
975	10
976	8
977	10
978	10
979	10
980	10
981	10
982	11
983	11
984	11
985	6
986	7
987	7
988	6
989	7
990	6
991	7
992	6
993	6
994	6
995	6
996	7
997	6
998	7
999	6
1000	6
1001	6
1002	6
1003	6
1004	6
1005	7
1006	7
1007	11
1008	11
1009	7
1010	11
1011	11
1012	11
1013	11
1014	11
1015	11
1016	11
1017	11
1018	11
1019	11
1020	11
1021	11
1022	11
1023	11
1024	11
1025	11
1026	11
1027	11
1028	11
1029	11
1030	11
1031	11
1032	11
1033	11
1034	11
1035	11
1036	11
1037	11
1038	11
1039	11
1040	11
1041	11
1042	11
1043	11
1044	11
1045	11
1046	11
1047	11
1048	11
1049	11
1050	11
1051	11
1052	11
1053	11
1054	11
1055	11
1056	11
1057	11
1058	11
1059	11
1060	11
1061	11
1062	11
1063	11
1064	11
1065	11
1066	11
1067	11
1068	11
1069	11
1070	11
1071	11
1072	11
1073	11
1074	11
1075	3
1076	3
1077	3
1078	3
1079	3
1080	3
1081	3
1082	3
1083	3
1084	3
1085	3
1086	3
1087	5
1088	5
1089	5
1090	5
1091	5
1092	5
1093	5
1094	12
1095	12
1096	12
1097	12
1098	12
1099	12
1100	12
1101	12
1102	12
1103	12
1104	12
1105	12
1106	12
1107	8
1108	8
1109	8
1110	8
1111	8
1112	8
1113	8
1114	8
1115	8
1116	8
1117	8
1118	8
1119	8
1120	8
1121	8
1122	8
1123	8
1124	8
1125	8
1126	8
1127	8
1128	8
1129	8
1130	8
1131	8
1132	8
1133	8
1134	8
1135	8
1136	8
1137	8
1138	8
1139	8
1140	8
1141	8
1142	8
1143	8
1144	8
1145	8
1146	8
1147	8
1148	8
1149	8
1150	8
1151	8
1152	8
1153	8
1154	12
1155	12
1156	12
1157	12
1158	12
1159	12
1160	12
1161	12
1162	12
1163	12
1164	12
1165	12
1166	12
1167	12
1168	12
1169	11
1170	11
1171	11
1172	11
1173	11
1174	11
1175	11
1176	11
1177	11
1178	11
1179	11
1180	11
1181	11
1182	11
1183	11
1184	11
1185	11
1186	11
1187	11
1188	11
1189	11
1190	11
1191	11
1192	11
1193	11
1194	11
1195	11
1196	11
1197	11
1198	11
1199	11
1200	1
1201	1
1202	1
1203	10
1204	10
1205	10
1206	10
1207	10
1208	10
1209	10
1210	10
1211	1
1212	1
1213	10
1214	10
1215	1
1216	10
1217	10
1218	10
1219	10
1220	10
1221	1
1222	10
1223	10
1224	10
1225	10
1226	10
1227	10
1228	10
1229	10
1230	10
1231	1
1232	1
1233	10
1234	1
1235	10
1236	10
1237	10
1238	10
1239	10
1240	5
1241	5
1242	5
1243	5
1244	5
1245	5
1246	5
1247	5
1248	5
1249	5
1250	5
1251	5
1252	5
1253	3
1254	3
1255	3
1256	3
1257	3
1258	5
1259	5
1260	5
1261	5
1262	5
1263	5
1264	3
1265	3
1266	3
1267	3
1268	3
1269	3
1270	3
1271	3
1272	3
1273	3
1274	3
1275	3
1276	3
1277	3
1278	12
1279	12
1280	12
1281	5
1282	5
1283	5
1284	3
1285	3
1286	3
1287	3
1288	12
1289	12
1290	12
1291	6
1292	6
1293	6
1294	12
1295	6
1296	6
1297	6
1298	12
1299	12
1300	6
1301	6
1302	6
1303	3
1304	3
1305	3
1306	3
1307	3
1308	3
1309	3
1310	3
1311	3
1312	3
1313	3
1314	8
1315	8
1316	8
1317	8
1318	8
1319	8
1320	8
1321	8
1322	8
1323	8
1324	8
1325	8
1326	8
1327	8
1328	8
1329	8
1330	8
1331	8
1332	8
1333	8
1334	8
1335	8
1336	8
1337	8
1338	8
1339	8
1340	8
1341	8
1342	8
1343	8
1344	8
1345	8
1346	3
1347	2
1348	2
1349	2
1350	2
1351	2
1352	2
1353	2
1354	2
1355	2
1356	2
1357	2
1358	2
1359	2
1360	2
1361	2
1362	2
1363	1
1364	1
1365	1
1366	1
1367	1
1368	1
1369	1
1370	1
1371	1
1372	1
1373	1
1374	1
1375	1
1376	1
1377	1
1378	1
1379	1
1380	1
1381	12
1382	12
1383	12
1384	12
1385	12
1386	12
1387	12
1388	12
1389	12
1390	12
1391	12
1392	12
1393	12
1394	12
1395	12
1396	12
1397	3
1398	3
1399	3
1400	3
1401	3
1402	3
1403	3
1404	3
1405	3
1406	3
1407	3
1408	3
1409	3
1410	3
1411	3
1412	3
1413	3
1414	3
1415	3
1416	3
1417	3
1418	3
1419	3
1420	3
1421	3
1422	3
1423	3
1424	3
1425	3
1426	3
1427	3
1428	1
1429	1
1430	1
1431	4
1432	1
1433	1
1434	1
1435	1
1436	4
1437	1
1438	4
1439	4
1440	4
1441	10
1442	10
1443	10
1444	10
1445	10
1446	10
1447	10
1448	10
1449	10
1450	10
1451	10
1452	10
1453	10
1454	10
1455	1
1456	1
1457	4
1458	1
1459	1
1460	4
1461	1
1462	1
1463	1
1464	4
1465	6
1466	6
1467	6
1468	6
1469	6
1470	6
1471	6
1472	6
1473	6
1474	6
1475	12
1476	6
1477	12
1478	6
1479	6
1480	6
1481	6
1482	6
1483	12
1484	6
1485	6
1486	6
1487	6
1488	6
1489	11
1490	11
1491	11
1492	11
1493	11
1494	11
1495	11
1496	11
1497	11
1498	11
1499	11
1500	11
1501	2
1502	2
1503	2
1504	2
1505	2
1506	2
1507	2
1508	2
1509	2
1510	2
1511	2
1512	2
1513	2
1514	2
1515	2
1516	2
1517	2
1518	2
1519	2
1520	2
1521	2
1522	2
1523	2
1524	2
1525	2
1526	2
1527	2
1528	2
1529	6
1530	6
1531	6
1532	6
1533	6
1534	6
1535	6
1536	6
1537	6
1538	6
1539	6
1540	6
1541	6
1542	6
1543	6
1544	6
1545	6
1546	6
1547	6
1548	6
1549	6
1550	6
1551	6
1552	1
1553	1
1554	1
1555	1
1556	1
1557	1
1558	1
1559	1
1560	1
1561	1
1562	1
1563	1
1564	1
1565	1
1566	1
1567	1
1568	1
1569	1
1570	1
1571	1
1572	1
1573	1
1574	1
1575	1
1576	11
1577	11
1578	11
1579	11
1580	11
1581	11
1582	11
1583	11
1584	11
1585	11
1586	11
1587	11
1588	11
1589	11
1590	11
1591	11
1592	11
1593	3
1594	3
1595	3
1596	3
1597	3
1598	3
1599	3
1600	3
1601	3
1602	1
1603	1
1604	1
1605	1
1606	1
1607	1
1608	1
1609	1
1610	1
1611	1
1612	1
1613	1
1614	1
1615	1
1616	1
1617	1
1618	12
1619	12
1620	12
1621	12
1622	12
1623	12
1624	12
1625	12
1626	12
1627	12
1628	12
1629	10
1630	10
1631	10
1632	10
1633	10
1634	10
1635	10
1636	10
1637	10
1638	10
1639	10
1640	10
1641	10
1642	10
1643	10
1644	12
1645	12
1646	12
1647	12
1648	12
1649	10
1650	10
1651	10
1652	10
1653	10
1654	10
1655	10
1656	10
1658	10
1659	10
1660	10
1661	10
1662	10
1663	10
1664	10
1665	10
1666	10
1667	10
1668	10
1669	10
1670	10
1671	10
1672	10
1673	12
1674	10
1675	10
1676	10
1677	12
1678	5
1679	5
1680	5
1681	5
1682	5
1683	5
1684	5
1685	11
1686	11
1687	11
1688	11
1689	11
1690	11
1691	11
1692	11
1693	11
1694	11
1695	11
1696	11
1697	11
1698	11
1699	11
1700	11
1701	4
1702	10
1703	4
1704	4
1705	10
1706	10
1707	10
1708	10
1709	4
1710	10
1711	10
1712	10
1713	12
1714	12
1715	12
1716	12
1717	12
1718	12
1719	12
1720	12
1721	12
1722	12
1723	12
1724	12
1725	10
1726	10
1727	10
1728	12
1729	10
1730	10
1731	10
1732	10
1733	10
1734	10
1735	10
1736	4
1737	4
1738	4
1739	4
1740	4
1741	10
1742	2
1743	2
1744	2
1745	2
1746	2
1747	2
1748	2
1749	2
1750	2
1751	2
1752	2
1753	2
1754	2
1755	2
1756	2
1757	12
1758	12
1759	12
1760	12
1761	2
1762	2
1763	2
1764	2
1765	2
1766	2
1767	2
1768	2
1769	2
1770	2
1771	2
1772	2
1773	2
1774	12
1775	12
1776	12
1777	12
1778	12
1779	12
1780	12
1781	12
1782	12
1783	12
1784	12
1785	12
1786	12
1787	2
1788	2
1789	2
1790	2
1791	2
1792	2
1793	2
1794	2
1795	12
1796	12
1797	12
1798	12
1799	2
1800	2
1801	2
1802	2
1803	2
1804	2
1805	2
1806	2
1807	2
1808	2
1809	4
1810	4
1811	4
1812	4
1813	4
1814	4
1815	4
1816	4
1817	4
1818	4
1819	4
1820	4
1821	4
1822	4
1823	4
1824	4
1825	4
1826	4
1827	4
1828	4
1829	4
1830	5
1831	5
1832	5
1833	5
1834	5
1835	4
1836	4
1837	5
1838	4
1839	4
1840	7
1841	7
1842	7
1843	7
1844	7
1845	4
1846	4
1847	4
1848	4
1849	4
1850	4
1851	4
1852	4
1853	4
1854	4
1855	4
1856	4
1857	12
1858	12
1859	12
1860	12
1861	12
1862	12
1863	4
1864	4
1865	4
1866	4
1867	4
1868	4
1869	4
1870	4
1871	4
1872	5
1873	5
1874	5
1875	5
1876	5
1877	5
1878	5
1879	5
1880	5
1881	5
1882	5
1883	5
1884	5
1885	5
1886	5
1887	5
1888	5
1889	5
1890	5
1891	5
1892	5
1893	5
1894	5
1895	3
1896	3
1897	3
1898	8
1899	8
1900	8
1901	8
1902	8
1903	8
1904	3
1905	3
1906	3
1907	3
1908	3
1909	3
1910	3
1911	3
1912	3
1913	2
1914	2
1915	3
1916	8
1917	8
1918	8
1919	8
1920	8
1921	8
1922	8
1923	8
1924	3
1925	2
1926	3
1927	3
1928	2
1929	3
1930	3
1931	3
1932	3
1933	3
1934	3
1935	2
1936	3
1937	3
1938	3
1939	3
1940	3
1941	3
1942	2
1943	3
1944	3
1945	3
1946	2
1947	3
1948	2
1949	3
1950	3
1951	2
1952	3
1953	3
1954	3
1955	3
1956	3
1957	3
1958	3
1959	3
1960	3
1961	3
1962	3
1963	3
1964	3
1965	2
1966	3
1967	3
1968	3
1969	3
1970	3
1971	3
1972	3
1973	3
1974	3
1975	3
1976	7
1977	7
1978	7
1979	7
1980	7
1981	7
1982	7
1983	7
1984	7
1985	7
1986	7
1987	7
1988	7
1989	7
1990	7
1991	7
1992	7
1993	7
1994	7
1995	7
1996	7
1997	7
1998	7
1999	7
2000	7
2001	7
2002	7
2003	7
2004	7
2005	7
2006	7
2007	7
2008	7
2009	7
2010	7
2011	7
2012	7
2013	7
2014	7
2015	7
2016	7
2017	5
2018	5
2019	5
2020	5
2021	5
2022	5
2023	5
2024	6
2025	5
2026	5
2027	5
2028	5
2029	5
2030	6
2031	6
2032	6
2033	6
2034	6
2035	6
2036	6
2037	6
2038	12
2039	12
2040	12
2041	12
2042	12
2043	5
2044	5
2045	5
2046	6
2047	6
2048	12
2049	12
2050	5
2051	6
2052	6
2053	6
2054	6
2055	6
2056	6
2057	6
2058	1
2059	1
2060	1
2061	1
2062	1
2063	1
2064	1
2065	1
2066	1
2067	1
2068	5
2069	5
2070	5
2071	5
2072	5
2073	12
2074	5
2075	5
2076	5
2077	12
2078	12
2079	5
2080	12
2081	5
2082	5
2083	5
2084	5
2085	5
2086	5
2087	5
2088	5
2089	11
2090	11
2091	11
2092	11
2093	11
2094	11
2095	11
2096	2
2097	2
2098	2
2099	2
2100	2
2101	2
2102	2
2103	2
2104	2
2105	2
2106	2
2107	2
2108	2
2109	2
2110	2
2111	2
2112	2
2113	9
2114	9
2115	9
2116	9
2117	9
2118	4
2119	4
2120	9
2121	9
2122	4
2123	4
2124	5
2125	9
2126	9
2127	9
2128	9
2129	9
2130	4
2131	9
2132	9
2133	4
2134	9
2135	9
2136	9
2137	4
2138	4
2139	9
2140	4
2141	9
2142	9
2143	9
2144	4
2145	4
2146	4
2147	4
2148	9
2149	4
2150	9
2151	9
2152	9
2153	9
2154	9
2155	9
2156	9
2157	9
2158	9
2159	4
2160	9
2161	9
2162	9
2163	9
2164	4
2165	4
2166	9
2167	4
2168	9
2169	9
2170	9
2171	9
2172	9
2173	9
2174	4
2175	4
2176	4
2177	4
2178	9
2179	9
2180	4
2181	4
2182	9
2183	9
2184	9
2185	9
2186	9
2187	9
2188	4
2189	9
2190	9
2191	9
2192	9
2193	9
2194	4
2195	9
2196	4
2197	4
2198	9
2199	4
2200	9
2201	9
2202	4
2203	9
2204	9
2205	9
2206	9
2207	9
2208	9
2209	9
2210	9
2211	9
2212	9
2213	9
2214	9
2215	4
2216	4
2217	9
2218	9
2219	9
2220	9
2221	9
2222	4
2223	4
2224	9
2225	9
2226	9
2227	9
2228	4
2229	4
2230	4
2231	4
2232	9
2233	4
2234	4
2235	9
2236	9
2237	4
2238	4
2239	9
2240	9
2241	4
2242	4
2243	4
2244	4
2245	4
2246	9
2247	4
2248	4
2249	9
2250	9
2251	9
2252	9
2253	4
2254	4
2255	4
2256	4
2257	9
2258	4
2259	9
2260	9
2261	4
2262	4
2263	9
2264	9
2265	9
2266	9
2267	9
2268	9
2269	4
2270	4
2271	9
2272	9
2273	9
2274	9
2275	9
2276	9
2277	4
2278	9
2279	4
2280	9
2281	9
2282	4
2283	4
2284	5
2285	5
2286	9
2287	9
2288	9
2289	9
2290	9
2291	9
2292	9
2293	9
2294	9
2295	9
2296	9
2297	4
2298	4
2299	4
2300	4
2301	9
2302	4
2303	4
2304	4
2305	9
2306	9
2307	9
2308	9
2309	5
2310	5
2311	5
2312	8
2313	8
2314	8
2315	8
2316	8
2317	8
2318	8
2319	8
2320	8
2321	8
2322	8
2323	8
2324	8
2325	8
2326	8
2327	8
2328	8
2329	8
2330	3
2331	3
2332	3
2333	3
2334	3
2335	3
2336	3
2337	3
2338	3
2339	3
2340	3
2341	3
2342	3
2343	3
2344	3
2345	3
2346	11
2347	11
2348	11
2349	11
2350	11
2351	11
2352	11
2353	11
2354	11
2355	11
2356	11
2357	11
2358	11
2359	11
2360	11
2361	11
2362	11
2363	11
2364	11
2365	11
2366	9
2367	9
2368	9
2369	9
2370	9
2371	4
2372	9
2373	9
2374	9
2375	4
2376	9
2377	9
2378	9
2379	4
2380	4
2381	9
2382	9
2383	9
2384	9
2385	9
2386	9
2387	9
2388	9
2389	9
2390	9
2391	4
2392	4
2393	9
2394	9
2395	9
2396	9
2397	9
2398	9
2399	9
2400	4
2401	4
2402	4
2403	9
2404	4
2405	4
2406	4
2407	4
2408	4
2409	9
2410	9
2411	4
2412	4
2413	4
2414	4
2415	13
2416	13
2417	13
2418	13
2419	13
2420	13
2421	13
2422	13
2423	13
2424	13
2425	13
2426	13
2427	13
2428	13
2429	13
2430	13
2431	13
2432	13
2433	13
2434	13
2435	13
2436	13
2437	13
2438	13
2439	13
2440	13
2441	13
2442	13
2443	13
2444	13
2445	13
2446	13
2447	13
2448	13
2449	1
2450	1
2451	1
2452	1
2453	1
2454	13
2455	13
2456	13
2457	13
2458	13
2459	13
2460	13
2461	13
2462	13
2463	13
2464	13
2465	13
2466	13
2467	13
2468	13
2469	13
2470	13
2471	13
2472	13
2473	13
2474	13
2475	13
2476	13
2477	13
2478	13
2479	13
2480	13
2481	13
2482	13
2483	13
2484	13
2485	1
2486	1
2487	13
2488	1
2489	1
2490	1
2491	1
2492	1
2493	1
2494	1
2495	1
2496	13
2497	13
2498	13
2499	13
2500	13
2501	1
2502	13
2503	13
2504	13
2505	13
2506	13
2507	13
2508	13
2509	13
2510	13
2511	13
2512	13
2513	13
2514	13
2515	13
2516	13
2517	13
2518	1
2519	13
2520	13
2521	1
2522	13
2523	13
2524	13
2525	13
2526	13
2527	13
2528	13
2529	13
2530	13
2531	13
2532	13
2533	13
2534	13
2535	13
2536	13
2537	13
2538	13
2539	13
2540	13
2541	13
2542	13
2543	13
2544	13
2545	13
2546	13
2547	13
2548	13
2549	13
2550	13
2551	13
2552	13
2553	13
2554	13
2555	1
2556	13
2557	13
2558	13
2559	13
2560	13
2561	13
2562	13
2563	13
2564	13
2565	13
2566	13
2567	13
2568	13
2569	13
2570	13
2571	13
2572	13
2573	13
2574	13
2575	1
2576	1
2577	1
2578	1
2579	1
2580	1
2581	13
2582	13
2583	1
2584	1
2585	13
2586	13
2587	13
2588	13
2589	13
2590	13
2591	13
2592	13
2593	13
2594	13
2595	13
2596	13
2597	13
2598	13
2599	13
2600	13
2601	13
2602	13
2603	13
2604	13
2605	13
2606	5
2607	5
2608	5
2609	5
2610	5
2611	5
2612	5
2613	5
2614	5
2615	5
2616	5
2617	5
2618	5
2619	5
2620	5
2621	5
2622	5
2623	5
2624	5
2625	5
2626	5
2627	5
2628	5
2629	5
2630	5
2631	5
2632	5
2633	5
2634	5
2635	5
2636	5
2637	5
2638	5
2639	5
2640	1
2641	1
2642	1
2643	1
2644	1
2645	7
2646	7
2647	7
2648	7
2649	1
2650	1
2651	7
2652	7
2653	7
2654	7
2655	7
2656	1
2657	7
2658	7
2659	1
2660	1
2661	7
2662	7
2663	1
2664	7
2665	1
2666	7
2667	7
2668	1
2669	7
2670	7
2671	1
2672	1
2673	7
2674	7
2675	7
2676	7
2677	7
2678	7
2679	1
2680	7
2681	7
2682	7
2683	1
2684	1
2685	1
2686	1
2687	1
2688	3
2689	3
2690	3
2691	3
315	11
1657	10
