0	12
1	12
2	12
3	12
4	12
5	12
6	12
7	5
8	5
9	5
10	5
11	5
12	11
13	11
14	11
15	11
16	5
17	5
18	5
19	5
20	5
21	3
22	3
23	3
24	3
25	3
26	3
27	3
28	3
29	4
30	4
31	4
32	4
33	4
34	4
35	4
36	4
37	4
38	4
39	4
40	4
41	4
42	4
43	4
44	4
45	4
46	4
47	4
48	4
49	6
50	6
51	6
52	6
53	13
54	13
55	13
56	13
57	13
58	6
59	6
60	6
61	6
62	6
63	6
64	6
65	13
66	13
67	13
68	13
69	13
70	13
71	3
72	3
73	3
74	3
75	6
76	6
77	6
78	6
79	6
80	6
81	6
82	6
83	9
84	9
85	9
86	9
87	9
88	9
89	9
90	9
91	9
92	9
93	9
94	9
95	9
96	5
97	11
98	5
99	5
100	11
101	11
102	5
103	5
104	5
105	5
106	11
107	5
108	5
109	11
110	11
111	5
112	11
113	11
114	5
115	11
116	11
117	5
118	11
119	11
120	11
121	11
122	5
123	11
124	5
125	5
126	5
127	5
128	5
129	1
130	1
131	1
132	1
133	1
134	1
135	1
136	1
137	1
138	1
139	7
140	1
141	7
142	1
143	1
144	1
145	1
146	1
147	1
148	1
149	1
150	1
151	1
152	1
153	1
154	7
155	1
156	1
157	7
158	7
159	7
160	7
161	7
162	1
163	1
164	1
165	7
166	9
167	9
168	9
169	9
170	9
171	9
172	9
173	9
174	9
175	9
176	9
177	9
178	9
179	9
180	9
181	9
182	9
183	6
184	6
185	6
186	6
187	6
188	6
189	6
190	6
191	6
192	6
193	6
194	6
195	6
196	6
197	6
198	6
199	6
200	6
201	6
202	6
203	6
204	6
205	6
206	6
207	6
208	3
209	3
210	3
211	3
212	3
213	3
214	3
215	3
216	3
217	3
218	3
219	3
220	3
221	3
222	3
223	3
224	3
225	3
226	3
227	3
228	3
229	3
230	3
231	3
232	3
233	3
234	3
235	3
236	3
237	3
238	3
239	3
240	3
241	3
242	3
243	3
244	3
245	3
246	3
247	3
248	6
249	6
250	6
251	6
252	6
253	6
254	6
255	6
256	6
257	6
258	6
259	6
260	6
261	3
262	3
263	3
264	3
265	3
266	8
267	3
268	8
269	8
270	8
271	3
272	3
273	3
274	3
275	3
276	3
277	3
278	8
279	8
280	8
281	8
282	8
283	8
284	8
285	8
286	8
287	8
288	8
289	8
290	8
291	8
292	8
293	8
294	8
295	8
296	8
297	8
298	8
299	8
300	8
301	8
302	6
303	6
304	6
305	6
306	2
307	2
308	2
309	2
310	2
311	2
312	2
313	2
314	2
316	4
317	4
318	4
319	4
320	4
321	4
322	4
323	4
324	4
325	4
326	4
327	4
328	4
329	4
330	4
331	2
332	2
333	2
334	2
335	2
336	2
337	4
338	4
339	4
340	2
341	2
342	2
343	2
344	2
345	2
346	2
347	2
348	2
349	2
350	2
351	2
352	2
353	2
354	2
355	2
356	1
357	1
358	1
359	1
360	1
361	1
362	1
363	1
364	1
365	1
366	1
367	1
368	1
369	2
370	2
371	2
372	2
373	2
374	2
375	2
376	2
377	2
378	2
379	2
380	2
381	2
382	2
383	2
384	2
385	2
386	2
387	2
388	2
389	4
390	4
391	4
392	4
393	4
394	2
395	2
396	2
397	2
398	4
399	4
400	4
401	4
402	4
403	3
404	3
405	3
406	3
407	3
408	3
409	12
410	12
411	12
412	12
413	12
414	12
415	12
416	12
417	12
418	12
419	12
420	12
421	12
422	12
423	12
424	12
425	9
426	9
427	9
428	9
429	9
430	9
431	9
432	9
433	12
434	12
435	12
436	12
437	12
438	12
439	12
440	12
441	12
442	12
443	12
444	12
445	12
446	9
447	9
448	9
449	9
450	9
451	12
452	12
453	12
454	9
455	9
456	9
457	12
458	12
459	12
460	12
461	12
462	12
463	9
464	9
465	9
466	9
467	9
468	9
469	9
470	9
471	9
472	9
473	12
474	12
475	8
476	8
477	8
478	8
479	8
480	8
481	8
482	8
483	8
484	3
485	3
486	1
487	1
488	8
489	8
490	8
491	8
492	8
493	8
494	8
495	8
496	8
497	8
498	3
499	8
500	1
501	8
502	3
503	8
504	8
505	1
506	3
507	3
508	3
509	3
510	3
511	3
512	3
513	3
514	3
515	3
516	3
517	3
518	3
519	3
520	3
521	3
522	5
523	5
524	5
525	5
526	6
527	6
528	5
529	5
530	5
531	5
532	5
533	5
534	5
535	5
536	5
537	5
538	6
539	6
540	6
541	6
542	6
543	6
544	6
545	6
546	6
547	6
548	6
549	6
550	6
551	6
552	6
553	6
554	6
555	6
556	6
557	6
558	6
559	3
560	3
561	3
562	3
563	3
564	3
565	6
566	6
567	6
568	6
569	6
570	11
571	11
572	11
573	11
574	9
575	11
576	11
577	11
578	9
579	11
580	11
581	6
582	6
583	6
584	6
585	6
586	6
587	3
588	3
589	3
590	3
591	3
592	3
593	3
594	3
595	3
596	3
597	3
598	3
599	3
600	3
601	3
602	3
603	6
604	6
605	6
606	6
607	6
608	6
609	6
610	6
611	6
612	6
613	6
614	6
615	6
616	6
617	3
618	3
619	3
620	3
621	3
622	3
623	3
624	3
625	3
626	3
627	3
628	3
629	3
630	3
631	3
632	3
633	3
634	3
635	3
636	3
637	3
638	3
639	6
640	6
641	6
642	6
643	6
644	6
645	6
646	6
647	6
648	6
649	6
650	6
651	6
652	6
653	6
654	6
655	6
656	6
657	8
658	8
659	8
660	8
661	12
662	12
663	12
664	12
665	12
666	12
667	12
668	12
669	12
670	1
671	1
672	1
673	1
674	1
675	1
676	1
677	1
678	1
679	1
680	12
681	12
682	12
683	12
684	12
685	12
686	12
687	12
688	12
689	12
690	12
691	12
692	12
693	12
694	12
695	12
696	12
697	1
698	1
699	1
700	1
701	1
702	1
703	1
704	1
705	1
706	1
707	1
708	1
709	1
710	1
711	1
712	1
713	1
714	12
715	12
716	3
717	3
718	1
719	1
720	1
721	3
722	3
723	3
724	3
725	3
726	3
727	3
728	3
729	3
730	3
731	3
732	4
733	4
734	4
735	4
736	4
737	8
738	9
739	9
740	8
741	9
742	9
743	8
744	8
745	4
746	4
747	4
748	4
749	4
750	4
751	4
752	4
753	4
754	4
755	4
756	4
757	4
758	4
759	4
760	4
761	4
762	4
763	4
764	4
765	4
766	8
767	9
768	8
769	9
770	4
771	4
772	8
773	8
774	8
775	9
776	8
777	8
778	8
779	8
780	8
781	8
782	8
783	8
784	8
785	2
786	8
787	8
788	8
789	8
790	8
791	2
792	2
793	2
794	2
795	2
796	2
797	2
798	2
799	2
800	2
801	8
802	8
803	8
804	8
805	2
806	2
807	2
808	8
809	8
810	8
811	13
812	4
813	13
814	4
815	13
816	13
817	13
818	4
819	4
820	4
821	4
822	13
823	13
824	13
825	13
826	13
827	13
828	13
829	4
830	13
831	13
832	13
833	13
834	4
835	4
836	13
837	4
838	13
839	13
840	4
841	13
842	4
843	13
844	13
845	13
846	13
847	4
848	4
849	13
850	4
851	4
852	13
853	13
854	13
855	13
856	4
857	4
858	6
859	6
860	6
861	6
862	6
863	6
864	6
865	6
866	6
867	6
868	6
869	6
870	6
871	13
872	13
873	13
874	13
875	13
876	13
877	13
878	13
879	13
880	13
881	13
882	13
883	4
884	13
885	4
886	13
887	13
888	4
889	13
890	13
891	13
892	4
893	4
894	4
895	4
896	13
897	13
898	13
899	4
900	4
901	4
902	13
903	13
904	13
905	4
906	13
907	13
908	4
909	13
910	4
911	4
912	4
913	4
914	13
915	13
916	13
917	13
918	13
919	13
920	4
921	4
922	4
923	4
924	13
925	4
926	13
927	13
928	13
929	13
930	4
931	4
932	4
933	4
934	13
935	13
936	13
937	13
938	13
939	13
940	13
941	13
942	4
943	13
944	4
945	4
946	13
947	4
948	13
949	4
950	13
951	4
952	4
953	13
954	4
955	4
956	4
957	13
958	13
959	13
960	13
961	4
962	4
963	13
964	4
965	13
966	13
967	13
968	13
969	13
970	13
971	13
972	13
973	13
974	4
975	4
976	13
977	4
978	13
979	13
980	13
981	13
982	4
983	4
984	5
985	1
986	1
987	1
988	1
989	1
990	1
991	1
992	1
993	1
994	1
995	1
996	1
997	1
998	1
999	1
1000	8
1001	1
1002	1
1003	1
1004	1
1005	1
1006	1
1007	4
1008	4
1009	1
1010	5
1011	4
1012	4
1013	4
1014	4
1015	4
1016	4
1017	5
1018	4
1019	4
1020	4
1021	4
1022	4
1023	4
1024	4
1025	4
1026	4
1027	5
1028	4
1029	4
1030	4
1031	4
1032	4
1033	4
1034	4
1035	4
1036	4
1037	5
1038	4
1039	4
1040	4
1041	5
1042	5
1043	4
1044	4
1045	4
1046	4
1047	5
1048	4
1049	4
1050	4
1051	4
1052	4
1053	4
1054	4
1055	4
1056	5
1057	5
1058	4
1059	4
1060	4
1061	4
1062	4
1063	4
1064	4
1065	5
1066	5
1067	5
1068	4
1069	4
1070	5
1071	4
1072	4
1073	4
1074	4
1075	6
1076	6
1077	6
1078	6
1079	6
1080	6
1081	6
1082	6
1083	6
1084	6
1085	6
1086	6
1087	8
1088	8
1089	8
1090	8
1091	8
1092	8
1093	8
1094	3
1095	3
1096	3
1097	3
1098	3
1099	3
1100	3
1101	3
1102	3
1103	3
1104	3
1105	3
1106	3
1107	13
1108	13
1109	13
1110	13
1111	13
1112	13
1113	13
1114	2
1115	13
1116	13
1117	13
1118	13
1119	13
1120	13
1121	13
1122	13
1123	13
1124	13
1125	2
1126	13
1127	13
1128	13
1129	13
1130	13
1131	2
1132	13
1133	13
1134	13
1135	13
1136	13
1137	13
1138	13
1139	13
1140	13
1141	13
1142	13
1143	13
1144	13
1145	13
1146	13
1147	13
1148	13
1149	13
1150	13
1151	13
1152	13
1153	13
1154	2
1155	2
1156	2
1157	2
1158	2
1159	2
1160	2
1161	2
1162	2
1163	2
1164	2
1165	2
1166	2
1167	2
1168	2
1169	4
1170	5
1171	4
1172	4
1173	5
1174	4
1175	5
1176	4
1177	4
1178	4
1179	4
1180	4
1181	4
1182	4
1183	4
1184	5
1185	4
1186	4
1187	4
1188	4
1189	4
1190	5
1191	4
1192	4
1193	4
1194	4
1195	4
1196	5
1197	4
1198	5
1199	4
1200	5
1201	5
1202	5
1203	5
1204	5
1205	5
1206	5
1207	5
1208	5
1209	5
1210	5
1211	5
1212	5
1213	5
1214	5
1215	5
1216	5
1217	5
1218	5
1219	5
1220	5
1221	5
1222	5
1223	5
1224	5
1225	5
1226	5
1227	5
1228	5
1229	5
1230	5
1231	5
1232	5
1233	5
1234	5
1235	5
1236	5
1237	5
1238	5
1239	5
1240	8
1241	8
1242	8
1243	3
1244	3
1245	8
1246	3
1247	3
1248	3
1249	3
1250	3
1251	3
1252	3
1253	12
1254	12
1255	12
1256	12
1257	12
1258	3
1259	3
1260	3
1261	3
1262	8
1263	8
1264	12
1265	12
1266	12
1267	12
1268	12
1269	12
1270	12
1271	12
1272	12
1273	12
1274	12
1275	12
1276	12
1277	12
1278	2
1279	2
1280	2
1281	3
1282	8
1283	8
1284	12
1285	12
1286	12
1287	12
1288	2
1289	2
1290	2
1291	2
1292	2
1293	2
1294	2
1295	2
1296	2
1297	2
1298	2
1299	2
1300	2
1301	2
1302	2
1303	6
1304	6
1305	6
1306	6
1307	6
1308	6
1309	6
1310	6
1311	6
1312	6
1313	6
1314	13
1315	13
1316	13
1317	13
1318	13
1319	13
1320	13
1321	13
1322	13
1323	13
1324	13
1325	13
1326	13
1327	13
1328	13
1329	13
1330	13
1331	13
1332	13
1333	13
1334	13
1335	13
1336	13
1337	13
1338	13
1339	13
1340	13
1341	13
1342	13
1343	13
1344	13
1345	13
1346	6
1347	6
1348	6
1349	6
1350	6
1351	6
1352	6
1353	6
1354	6
1355	6
1356	6
1357	6
1358	6
1359	6
1360	6
1361	6
1362	6
1363	1
1364	1
1365	1
1366	1
1367	1
1368	1
1369	1
1370	1
1371	1
1372	1
1373	1
1374	1
1375	1
1376	1
1377	1
1378	1
1379	1
1380	1
1381	2
1382	2
1383	2
1384	2
1385	2
1386	2
1387	2
1388	2
1389	2
1390	2
1391	2
1392	2
1393	2
1394	2
1395	2
1396	2
1397	12
1398	6
1399	12
1400	6
1401	12
1402	6
1403	6
1404	12
1405	6
1406	6
1407	6
1408	12
1409	6
1410	12
1411	6
1412	6
1413	12
1414	6
1415	6
1416	6
1417	12
1418	12
1419	12
1420	12
1421	6
1422	12
1423	6
1424	12
1425	12
1426	12
1427	6
1428	11
1429	11
1430	11
1431	11
1432	11
1433	11
1434	11
1435	11
1436	11
1437	11
1438	11
1439	11
1440	11
1441	5
1442	5
1443	5
1444	5
1445	5
1446	5
1447	5
1448	5
1449	5
1450	5
1451	5
1452	5
1453	5
1454	5
1455	11
1456	11
1457	11
1458	11
1459	11
1460	11
1461	11
1462	11
1463	11
1464	11
1465	3
1466	3
1467	3
1468	3
1469	1
1470	3
1471	3
1472	1
1473	1
1474	3
1475	3
1476	3
1477	3
1478	3
1479	3
1480	3
1481	3
1482	3
1483	3
1484	3
1485	3
1486	3
1487	1
1488	3
1489	4
1490	4
1491	4
1492	4
1493	4
1494	4
1495	4
1496	4
1497	4
1498	4
1499	4
1500	4
1501	12
1502	12
1503	12
1504	12
1505	12
1506	12
1507	12
1508	12
1509	12
1510	12
1511	12
1512	12
1513	12
1514	12
1515	12
1516	12
1517	12
1518	12
1519	12
1520	12
1521	12
1522	12
1523	12
1524	12
1525	12
1526	12
1527	12
1528	12
1529	9
1530	9
1531	9
1532	9
1533	9
1534	9
1535	9
1536	9
1537	9
1538	9
1539	9
1540	9
1541	9
1542	9
1543	9
1544	9
1545	9
1546	9
1547	9
1548	9
1549	9
1550	9
1551	9
1552	1
1553	1
1554	5
1555	1
1556	5
1557	1
1558	1
1559	1
1560	1
1561	1
1562	5
1563	1
1564	1
1565	1
1566	1
1567	1
1568	1
1569	1
1570	1
1571	1
1572	1
1573	1
1574	1
1575	1
1576	4
1577	4
1578	4
1579	4
1580	4
1581	4
1582	4
1583	4
1584	4
1585	4
1586	4
1587	4
1588	4
1589	4
1590	4
1591	4
1592	4
1593	6
1594	6
1595	6
1596	6
1597	6
1598	6
1599	6
1600	6
1601	6
1602	9
1603	9
1604	9
1605	9
1606	9
1607	9
1608	9
1609	9
1610	9
1611	9
1612	9
1613	9
1614	9
1615	9
1616	9
1617	9
1618	3
1619	3
1620	3
1621	3
1622	3
1623	3
1624	3
1625	3
1626	3
1627	3
1628	3
1629	5
1630	5
1631	5
1632	5
1633	5
1634	5
1635	5
1636	5
1637	5
1638	5
1639	5
1640	5
1641	5
1642	5
1643	5
1644	3
1645	3
1646	3
1647	3
1648	3
1649	5
1650	5
1651	5
1652	5
1653	5
1654	5
1655	5
1656	5
1658	5
1659	5
1660	5
1661	5
1662	5
1663	5
1664	5
1665	5
1666	5
1667	5
1668	5
1669	5
1670	5
1671	5
1672	5
1673	3
1674	5
1675	5
1676	5
1677	3
1678	8
1679	8
1680	8
1681	8
1682	8
1683	8
1684	8
1685	5
1686	5
1687	5
1688	5
1689	5
1690	5
1691	5
1692	5
1693	5
1694	5
1695	5
1696	5
1697	5
1698	5
1699	5
1700	5
1701	5
1702	5
1703	10
1704	10
1705	5
1706	5
1707	5
1708	5
1709	5
1710	5
1711	5
1712	5
1713	3
1714	3
1715	3
1716	3
1717	3
1718	3
1719	3
1720	3
1721	3
1722	3
1723	3
1724	3
1725	5
1726	5
1727	5
1728	3
1729	5
1730	5
1731	5
1732	5
1733	5
1734	5
1735	5
1736	5
1737	5
1738	5
1739	5
1740	5
1741	5
1742	12
1743	12
1744	10
1745	12
1746	12
1747	12
1748	12
1749	12
1750	12
1751	12
1752	12
1753	12
1754	12
1755	12
1756	12
1757	3
1758	3
1759	3
1760	3
1761	12
1762	12
1763	12
1764	10
1765	12
1766	12
1767	10
1768	12
1769	12
1770	12
1771	12
1772	12
1773	12
1774	3
1775	3
1776	3
1777	3
1778	3
1779	3
1780	3
1781	3
1782	3
1783	3
1784	3
1785	3
1786	3
1787	12
1788	12
1789	12
1790	12
1791	12
1792	12
1793	12
1794	12
1795	3
1796	3
1797	3
1798	3
1799	12
1800	12
1801	12
1802	12
1803	12
1804	10
1805	12
1806	10
1807	12
1808	12
1809	10
1810	10
1811	10
1812	10
1813	10
1814	10
1815	10
1816	10
1817	10
1818	10
1819	11
1820	10
1821	11
1822	10
1823	11
1824	10
1825	10
1826	10
1827	10
1828	10
1829	10
1830	3
1831	3
1832	3
1833	3
1834	3
1835	10
1836	10
1837	3
1838	10
1839	10
1840	1
1841	1
1842	1
1843	1
1844	1
1845	10
1846	11
1847	10
1848	10
1849	10
1850	11
1851	10
1852	10
1853	11
1854	10
1855	10
1856	10
1857	3
1858	3
1859	3
1860	3
1861	3
1862	3
1863	10
1864	11
1865	11
1866	11
1867	11
1868	10
1869	11
1870	10
1871	10
1872	8
1873	8
1874	8
1875	8
1876	8
1877	8
1878	8
1879	8
1880	8
1881	8
1882	8
1883	8
1884	8
1885	8
1886	8
1887	8
1888	8
1889	8
1890	8
1891	8
1892	8
1893	8
1894	8
1895	6
1896	6
1897	6
1898	2
1899	2
1900	2
1901	2
1902	2
1903	2
1904	6
1905	6
1906	6
1907	6
1908	6
1909	6
1910	6
1911	6
1912	6
1913	6
1914	6
1915	6
1916	2
1917	2
1918	2
1919	2
1920	2
1921	2
1922	2
1923	2
1924	6
1925	6
1926	6
1927	6
1928	6
1929	6
1930	6
1931	6
1932	6
1933	6
1934	6
1935	6
1936	6
1937	6
1938	6
1939	6
1940	6
1941	6
1942	6
1943	6
1944	6
1945	6
1946	6
1947	6
1948	6
1949	6
1950	6
1951	6
1952	6
1953	6
1954	6
1955	6
1956	6
1957	6
1958	6
1959	6
1960	6
1961	6
1962	6
1963	6
1964	6
1965	6
1966	6
1967	6
1968	6
1969	6
1970	6
1971	6
1972	6
1973	6
1974	6
1975	6
1976	9
1977	9
1978	9
1979	9
1980	9
1981	9
1982	9
1983	9
1984	9
1985	9
1986	9
1987	9
1988	9
1989	9
1990	9
1991	9
1992	9
1993	9
1994	9
1995	9
1996	9
1997	9
1998	9
1999	9
2000	9
2001	9
2002	9
2003	9
2004	9
2005	9
2006	9
2007	9
2008	9
2009	9
2010	9
2011	9
2012	9
2013	9
2014	9
2015	9
2016	9
2017	8
2018	8
2019	8
2020	8
2021	8
2022	8
2023	8
2024	8
2025	8
2026	8
2027	8
2028	8
2029	8
2030	8
2031	9
2032	9
2033	8
2034	8
2035	8
2036	8
2037	8
2038	3
2039	3
2040	3
2041	3
2042	3
2043	8
2044	8
2045	8
2046	8
2047	8
2048	3
2049	3
2050	8
2051	8
2052	8
2053	8
2054	8
2055	8
2056	8
2057	8
2058	9
2059	9
2060	9
2061	9
2062	9
2063	9
2064	9
2065	9
2066	9
2067	9
2068	8
2069	8
2070	8
2071	8
2072	8
2073	3
2074	8
2075	8
2076	8
2077	3
2078	3
2079	8
2080	3
2081	8
2082	8
2083	8
2084	8
2085	8
2086	8
2087	8
2088	8
2089	4
2090	4
2091	4
2092	4
2093	4
2094	4
2095	4
2096	12
2097	12
2098	12
2099	12
2100	12
2101	12
2102	12
2103	12
2104	12
2105	12
2106	12
2107	12
2108	12
2109	12
2110	12
2111	12
2112	12
2113	10
2114	10
2115	10
2116	10
2117	10
2118	11
2119	11
2120	11
2121	10
2122	11
2123	11
2124	8
2125	10
2126	10
2127	10
2128	10
2129	10
2130	11
2131	11
2132	11
2133	11
2134	11
2135	10
2136	11
2137	11
2138	11
2139	11
2140	11
2141	10
2142	10
2143	10
2144	10
2145	11
2146	11
2147	11
2148	11
2149	11
2150	10
2151	10
2152	10
2153	10
2154	10
2155	10
2156	10
2157	11
2158	10
2159	11
2160	10
2161	10
2162	10
2163	10
2164	10
2165	10
2166	11
2167	11
2168	11
2169	10
2170	10
2171	10
2172	10
2173	10
2174	11
2175	11
2176	11
2177	11
2178	10
2179	10
2180	10
2181	10
2182	10
2183	10
2184	10
2185	10
2186	10
2187	10
2188	11
2189	11
2190	10
2191	11
2192	10
2193	10
2194	11
2195	11
2196	11
2197	11
2198	11
2199	11
2200	10
2201	10
2202	10
2203	11
2204	10
2205	10
2206	10
2207	10
2208	11
2209	10
2210	10
2211	10
2212	10
2213	10
2214	11
2215	11
2216	11
2217	10
2218	10
2219	10
2220	10
2221	11
2222	11
2223	11
2224	10
2225	10
2226	10
2227	10
2228	10
2229	11
2230	10
2231	10
2232	10
2233	11
2234	11
2235	11
2236	11
2237	11
2238	11
2239	10
2240	10
2241	11
2242	11
2243	11
2244	10
2245	11
2246	10
2247	10
2248	10
2249	10
2250	10
2251	10
2252	10
2253	11
2254	11
2255	10
2256	10
2257	10
2258	10
2259	10
2260	10
2261	10
2262	10
2263	10
2264	10
2265	10
2266	10
2267	10
2268	10
2269	11
2270	11
2271	11
2272	11
2273	11
2274	11
2275	10
2276	10
2277	11
2278	10
2279	10
2280	11
2281	10
2282	11
2283	11
2284	8
2285	8
2286	11
2287	10
2288	10
2289	10
2290	10
2291	10
2292	10
2293	10
2294	11
2295	10
2296	10
2297	11
2298	11
2299	11
2300	11
2301	10
2302	11
2303	11
2304	11
2305	10
2306	10
2307	10
2308	10
2309	8
2310	8
2311	8
2312	13
2313	13
2314	13
2315	13
2316	13
2317	13
2318	13
2319	13
2320	13
2321	13
2322	13
2323	13
2324	13
2325	13
2326	13
2327	13
2328	13
2329	13
2330	6
2331	6
2332	6
2333	6
2334	6
2335	6
2336	6
2337	6
2338	6
2339	6
2340	6
2341	6
2342	6
2343	6
2344	6
2345	6
2346	13
2347	13
2348	13
2349	13
2350	13
2351	13
2352	13
2353	13
2354	13
2355	13
2356	13
2357	13
2358	13
2359	13
2360	13
2361	13
2362	13
2363	13
2364	13
2365	13
2366	11
2367	11
2368	11
2369	11
2370	11
2371	11
2372	11
2373	11
2374	11
2375	11
2376	11
2377	11
2378	11
2379	11
2380	11
2381	11
2382	11
2383	11
2384	11
2385	11
2386	11
2387	11
2388	11
2389	11
2390	11
2391	11
2392	11
2393	11
2394	11
2395	11
2396	11
2397	11
2398	11
2399	11
2400	11
2401	11
2402	11
2403	11
2404	11
2405	11
2406	11
2407	11
2408	11
2409	11
2410	11
2411	11
2412	11
2413	11
2414	11
2415	7
2416	7
2417	7
2418	7
2419	2
2420	7
2421	7
2422	7
2423	7
2424	7
2425	7
2426	7
2427	2
2428	7
2429	2
2430	2
2431	2
2432	7
2433	7
2434	7
2435	7
2436	7
2437	7
2438	2
2439	2
2440	2
2441	7
2442	7
2443	7
2444	7
2445	7
2446	7
2447	7
2448	7
2449	7
2450	7
2451	7
2452	7
2453	7
2454	7
2455	7
2456	7
2457	7
2458	7
2459	7
2460	7
2461	7
2462	7
2463	7
2464	7
2465	7
2466	7
2467	7
2468	7
2469	7
2470	7
2471	7
2472	7
2473	7
2474	7
2475	7
2476	7
2477	7
2478	7
2479	7
2480	7
2481	7
2482	7
2483	7
2484	7
2485	7
2486	7
2487	7
2488	7
2489	7
2490	7
2491	7
2492	7
2493	7
2494	7
2495	7
2496	2
2497	2
2498	2
2499	2
2500	7
2501	7
2502	7
2503	7
2504	7
2505	7
2506	7
2507	7
2508	2
2509	2
2510	2
2511	7
2512	2
2513	2
2514	2
2515	7
2516	7
2517	7
2518	7
2519	7
2520	7
2521	7
2522	7
2523	2
2524	7
2525	2
2526	7
2527	7
2528	7
2529	2
2530	2
2531	7
2532	2
2533	7
2534	2
2535	2
2536	2
2537	7
2538	2
2539	7
2540	7
2541	7
2542	2
2543	7
2544	7
2545	7
2546	7
2547	2
2548	7
2549	7
2550	7
2551	7
2552	7
2553	7
2554	7
2555	7
2556	7
2557	7
2558	7
2559	2
2560	7
2561	7
2562	2
2563	2
2564	7
2565	2
2566	7
2567	7
2568	2
2569	2
2570	2
2571	7
2572	7
2573	7
2574	2
2575	7
2576	7
2577	7
2578	7
2579	7
2580	7
2581	2
2582	7
2583	7
2584	7
2585	7
2586	7
2587	7
2588	2
2589	2
2590	2
2591	2
2592	2
2593	2
2594	7
2595	7
2596	7
2597	7
2598	7
2599	7
2600	7
2601	7
2602	7
2603	7
2604	2
2605	7
2606	8
2607	8
2608	8
2609	8
2610	8
2611	8
2612	8
2613	8
2614	8
2615	8
2616	8
2617	8
2618	8
2619	8
2620	8
2621	8
2622	8
2623	8
2624	8
2625	8
2626	8
2627	8
2628	8
2629	8
2630	8
2631	8
2632	8
2633	8
2634	8
2635	8
2636	8
2637	8
2638	8
2639	8
2640	9
2641	1
2642	9
2643	9
2644	9
2645	9
2646	9
2647	9
2648	1
2649	1
2650	1
2651	1
2652	1
2653	1
2654	9
2655	1
2656	1
2657	1
2658	1
2659	9
2660	9
2661	1
2662	1
2663	9
2664	9
2665	9
2666	1
2667	9
2668	9
2669	9
2670	1
2671	9
2672	1
2673	9
2674	1
2675	1
2676	9
2677	9
2678	1
2679	9
2680	9
2681	9
2682	9
2683	9
2684	9
2685	9
2686	9
2687	9
2688	6
2689	6
2690	6
2691	6
315	4
1657	5
