0	2
1	2
2	2
3	2
4	2
5	2
6	2
7	6
8	6
9	6
10	6
11	9
12	9
13	9
14	9
15	9
16	9
17	9
18	9
19	9
20	9
21	7
22	7
23	7
24	7
25	7
26	7
27	7
28	7
29	5
30	5
31	5
32	5
33	5
34	5
35	5
36	5
37	5
38	5
39	5
40	5
41	5
42	5
43	5
44	5
45	5
46	5
47	5
48	5
49	5
50	5
51	5
52	5
53	12
54	12
55	12
56	12
57	12
58	5
59	5
60	5
61	5
62	5
63	5
64	5
65	12
66	12
67	12
68	12
69	12
70	12
71	7
72	7
73	7
74	7
75	5
76	5
77	5
78	5
79	5
80	5
81	5
82	5
83	10
84	10
85	10
86	10
87	10
88	10
89	10
90	10
91	10
92	10
93	10
94	10
95	10
96	9
97	9
98	9
99	9
100	9
101	6
102	6
103	9
104	6
105	9
106	9
107	9
108	9
109	9
110	9
111	9
112	9
113	9
114	6
115	6
116	9
117	9
118	9
119	9
120	9
121	9
122	9
123	6
124	9
125	9
126	9
127	9
128	9
129	3
130	3
131	3
132	3
133	3
134	3
135	3
136	3
137	3
138	3
139	3
140	3
141	3
142	3
143	3
144	3
145	3
146	3
147	3
148	3
149	3
150	3
151	3
152	3
153	3
154	3
155	3
156	3
157	3
158	3
159	3
160	3
161	3
162	3
163	3
164	3
165	3
166	10
167	3
168	3
169	3
170	3
171	3
172	3
173	3
174	3
175	3
176	3
177	3
178	3
179	3
180	3
181	3
182	3
183	5
184	5
185	5
186	5
187	5
188	5
189	5
190	5
191	5
192	5
193	5
194	5
195	5
196	5
197	5
198	5
199	5
200	5
201	5
202	5
203	5
204	5
205	5
206	5
207	5
208	7
209	7
210	7
211	7
212	7
213	7
214	7
215	7
216	7
217	7
218	7
219	7
220	7
221	7
222	7
223	7
224	7
225	7
226	7
227	7
228	7
229	7
230	7
231	7
232	7
233	7
234	7
235	7
236	7
237	7
238	7
239	7
240	7
241	7
242	7
243	7
244	7
245	7
246	7
247	7
248	5
249	5
250	5
251	5
252	5
253	5
254	5
255	5
256	5
257	5
258	5
259	5
260	5
261	7
262	7
263	7
264	7
265	7
266	7
267	7
268	1
269	1
270	1
271	7
272	7
273	7
274	7
275	7
276	7
277	7
278	1
279	1
280	1
281	1
282	1
283	1
284	1
285	1
286	1
287	1
288	1
289	1
290	1
291	1
292	1
293	1
294	1
295	1
296	1
297	1
298	1
299	1
300	1
301	1
302	5
303	5
304	5
305	5
306	12
307	13
308	12
309	12
310	12
311	12
312	12
313	12
314	12
316	9
317	9
318	9
319	9
320	9
321	9
322	9
323	9
324	9
325	9
326	9
327	9
328	9
329	9
330	9
331	12
332	12
333	12
334	12
335	12
336	12
337	9
338	9
339	9
340	12
341	12
342	12
343	12
344	12
345	12
346	12
347	12
348	12
349	12
350	12
351	12
352	12
353	13
354	13
355	13
356	3
357	3
358	3
359	3
360	3
361	3
362	3
363	3
364	3
365	3
366	3
367	3
368	3
369	13
370	12
371	13
372	13
373	12
374	12
375	13
376	13
377	12
378	13
379	13
380	12
381	12
382	12
383	12
384	12
385	12
386	12
387	12
388	12
389	9
390	9
391	9
392	9
393	9
394	12
395	13
396	12
397	12
398	9
399	9
400	9
401	9
402	9
403	7
404	7
405	7
406	3
407	3
408	3
409	2
410	2
411	2
412	2
413	2
414	2
415	2
416	2
417	2
418	2
419	2
420	2
421	2
422	2
423	2
424	2
425	10
426	10
427	10
428	10
429	10
430	10
431	10
432	10
433	2
434	2
435	2
436	2
437	2
438	2
439	2
440	2
441	2
442	2
443	2
444	2
445	2
446	10
447	10
448	10
449	10
450	10
451	2
452	2
453	2
454	10
455	10
456	10
457	2
458	2
459	2
460	2
461	2
462	2
463	10
464	10
465	10
466	10
467	10
468	10
469	10
470	10
471	10
472	10
473	2
474	2
475	1
476	1
477	1
478	1
479	1
480	1
481	1
482	1
483	1
484	7
485	7
486	1
487	1
488	1
489	1
490	1
491	1
492	1
493	1
494	1
495	1
496	1
497	1
498	7
499	1
500	1
501	1
502	7
503	1
504	1
505	1
506	3
507	7
508	7
509	7
510	7
511	7
512	7
513	3
514	3
515	7
516	3
517	3
518	3
519	3
520	7
521	7
522	8
523	8
524	8
525	8
526	5
527	5
528	8
529	8
530	8
531	8
532	8
533	8
534	8
535	8
536	8
537	8
538	5
539	5
540	5
541	5
542	5
543	5
544	5
545	5
546	5
547	5
548	5
549	5
550	5
551	5
552	5
553	5
554	5
555	5
556	5
557	5
558	5
559	7
560	7
561	7
562	7
563	7
564	7
565	5
566	5
567	5
568	5
569	5
570	6
571	6
572	6
573	6
574	6
575	6
576	6
577	6
578	6
579	6
580	6
581	5
582	5
583	5
584	5
585	5
586	5
587	1
588	1
589	1
590	1
591	1
592	7
593	7
594	1
595	7
596	1
597	7
598	1
599	7
600	7
601	7
602	7
603	5
604	5
605	5
606	5
607	5
608	5
609	5
610	5
611	5
612	5
613	5
614	5
615	5
616	5
617	1
618	7
619	7
620	1
621	1
622	1
623	1
624	1
625	1
626	1
627	1
628	7
629	7
630	7
631	7
632	1
633	1
634	1
635	7
636	1
637	1
638	1
639	5
640	5
641	5
642	5
643	5
644	5
645	5
646	5
647	5
648	5
649	5
650	5
651	5
652	5
653	5
654	5
655	5
656	5
657	3
658	10
659	1
660	1
661	2
662	2
663	2
664	2
665	2
666	2
667	2
668	2
669	2
670	1
671	1
672	1
673	1
674	1
675	7
676	1
677	1
678	1
679	1
680	2
681	2
682	2
683	2
684	2
685	2
686	2
687	2
688	2
689	2
690	2
691	2
692	2
693	2
694	2
695	2
696	2
697	1
698	1
699	1
700	7
701	1
702	1
703	7
704	1
705	1
706	1
707	7
708	7
709	1
710	7
711	7
712	7
713	7
714	2
715	2
716	7
717	7
718	7
719	7
720	1
721	7
722	7
723	7
724	7
725	7
726	7
727	7
728	7
729	7
730	7
731	7
732	9
733	9
734	9
735	9
736	9
737	3
738	10
739	10
740	3
741	10
742	10
743	3
744	3
745	9
746	9
747	9
748	9
749	9
750	9
751	9
752	9
753	9
754	9
755	9
756	9
757	9
758	9
759	9
760	9
761	9
762	9
763	9
764	9
765	9
766	3
767	10
768	10
769	10
770	9
771	9
772	10
773	10
774	10
775	10
776	3
777	3
778	3
779	10
780	3
781	3
782	3
783	3
784	10
785	7
786	10
787	3
788	3
789	3
790	3
791	7
792	7
793	7
794	7
795	7
796	7
797	7
798	7
799	7
800	7
801	3
802	3
803	3
804	3
805	7
806	7
807	7
808	3
809	3
810	10
811	11
812	8
813	11
814	11
815	11
816	11
817	11
818	8
819	8
820	8
821	11
822	11
823	11
824	11
825	11
826	11
827	8
828	11
829	8
830	11
831	11
832	11
833	11
834	11
835	11
836	11
837	11
838	11
839	11
840	11
841	11
842	11
843	11
844	11
845	8
846	11
847	8
848	8
849	8
850	8
851	8
852	11
853	11
854	11
855	11
856	8
857	8
858	5
859	5
860	5
861	5
862	5
863	5
864	5
865	5
866	5
867	5
868	5
869	5
870	5
871	11
872	11
873	11
874	11
875	8
876	8
877	11
878	8
879	8
880	8
881	11
882	11
883	11
884	11
885	11
886	11
887	11
888	8
889	8
890	8
891	8
892	8
893	11
894	11
895	11
896	11
897	11
898	8
899	8
900	8
901	8
902	11
903	11
904	11
905	11
906	11
907	8
908	8
909	11
910	8
911	8
912	8
913	8
914	11
915	11
916	11
917	11
918	8
919	11
920	8
921	8
922	8
923	8
924	8
925	11
926	11
927	11
928	11
929	11
930	8
931	8
932	8
933	8
934	11
935	11
936	11
937	11
938	8
939	8
940	8
941	8
942	8
943	8
944	8
945	8
946	11
947	8
948	11
949	8
950	8
951	8
952	8
953	8
954	8
955	8
956	8
957	11
958	11
959	11
960	8
961	8
962	8
963	11
964	11
965	11
966	8
967	8
968	8
969	11
970	11
971	11
972	11
973	11
974	8
975	8
976	11
977	11
978	11
979	8
980	11
981	11
982	11
983	11
984	11
985	3
986	3
987	3
988	3
989	3
990	3
991	3
992	3
993	3
994	3
995	3
996	3
997	3
998	3
999	3
1000	3
1001	3
1002	3
1003	3
1004	3
1005	3
1006	3
1007	9
1008	11
1009	3
1010	11
1011	11
1012	11
1013	11
1014	11
1015	11
1016	11
1017	11
1018	11
1019	11
1020	9
1021	9
1022	9
1023	9
1024	11
1025	11
1026	9
1027	9
1028	11
1029	11
1030	11
1031	11
1032	11
1033	11
1034	9
1035	9
1036	9
1037	9
1038	11
1039	11
1040	11
1041	9
1042	9
1043	9
1044	11
1045	11
1046	9
1047	9
1048	11
1049	11
1050	9
1051	11
1052	11
1053	9
1054	9
1055	9
1056	9
1057	9
1058	9
1059	11
1060	9
1061	9
1062	11
1063	9
1064	9
1065	9
1066	9
1067	9
1068	9
1069	11
1070	9
1071	11
1072	11
1073	9
1074	9
1075	5
1076	5
1077	5
1078	5
1079	5
1080	5
1081	5
1082	5
1083	5
1084	5
1085	5
1086	5
1087	7
1088	7
1089	7
1090	7
1091	7
1092	7
1093	7
1094	7
1095	7
1096	7
1097	7
1098	7
1099	7
1100	7
1101	7
1102	7
1103	7
1104	7
1105	7
1106	7
1107	11
1108	12
1109	11
1110	11
1111	12
1112	11
1113	11
1114	12
1115	11
1116	11
1117	11
1118	12
1119	12
1120	12
1121	11
1122	12
1123	11
1124	12
1125	12
1126	12
1127	11
1128	12
1129	11
1130	12
1131	12
1132	11
1133	12
1134	12
1135	12
1136	11
1137	11
1138	11
1139	11
1140	11
1141	11
1142	12
1143	11
1144	12
1145	12
1146	11
1147	12
1148	11
1149	11
1150	11
1151	12
1152	11
1153	12
1154	7
1155	7
1156	7
1157	7
1158	12
1159	7
1160	7
1161	7
1162	12
1163	12
1164	12
1165	12
1166	12
1167	12
1168	7
1169	11
1170	9
1171	11
1172	11
1173	11
1174	9
1175	9
1176	11
1177	11
1178	11
1179	11
1180	11
1181	11
1182	11
1183	11
1184	11
1185	11
1186	11
1187	11
1188	11
1189	11
1190	11
1191	9
1192	11
1193	11
1194	11
1195	11
1196	9
1197	11
1198	9
1199	11
1200	8
1201	8
1202	8
1203	8
1204	8
1205	8
1206	8
1207	8
1208	8
1209	8
1210	8
1211	8
1212	8
1213	8
1214	8
1215	8
1216	8
1217	8
1218	8
1219	8
1220	8
1221	8
1222	8
1223	8
1224	8
1225	8
1226	8
1227	8
1228	8
1229	8
1230	8
1231	8
1232	8
1233	8
1234	8
1235	8
1236	8
1237	8
1238	8
1239	8
1240	1
1241	1
1242	1
1243	7
1244	1
1245	1
1246	1
1247	1
1248	7
1249	7
1250	7
1251	7
1252	7
1253	9
1254	9
1255	9
1256	9
1257	9
1258	7
1259	7
1260	7
1261	7
1262	1
1263	1
1264	9
1265	9
1266	9
1267	9
1268	9
1269	9
1270	9
1271	9
1272	9
1273	9
1274	9
1275	9
1276	9
1277	9
1278	7
1279	7
1280	7
1281	7
1282	1
1283	1
1284	9
1285	9
1286	9
1287	9
1288	12
1289	7
1290	7
1291	7
1292	12
1293	7
1294	12
1295	12
1296	12
1297	12
1298	7
1299	12
1300	7
1301	12
1302	12
1303	5
1304	5
1305	5
1306	5
1307	5
1308	5
1309	5
1310	5
1311	5
1312	5
1313	5
1314	11
1315	11
1316	11
1317	11
1318	11
1319	11
1320	11
1321	11
1322	11
1323	11
1324	11
1325	11
1326	11
1327	11
1328	11
1329	11
1330	11
1331	11
1332	11
1333	11
1334	11
1335	11
1336	11
1337	11
1338	11
1339	11
1340	11
1341	11
1342	11
1343	11
1344	11
1345	11
1346	5
1347	2
1348	2
1349	2
1350	2
1351	5
1352	5
1353	2
1354	2
1355	2
1356	2
1357	2
1358	5
1359	5
1360	2
1361	2
1362	5
1363	8
1364	8
1365	8
1366	8
1367	8
1368	8
1369	8
1370	8
1371	8
1372	8
1373	8
1374	8
1375	8
1376	8
1377	8
1378	8
1379	8
1380	8
1381	7
1382	7
1383	7
1384	7
1385	7
1386	7
1387	7
1388	7
1389	7
1390	7
1391	7
1392	7
1393	7
1394	7
1395	7
1396	7
1397	2
1398	5
1399	2
1400	2
1401	2
1402	2
1403	2
1404	2
1405	2
1406	2
1407	2
1408	2
1409	2
1410	2
1411	2
1412	2
1413	2
1414	2
1415	2
1416	2
1417	2
1418	2
1419	2
1420	2
1421	2
1422	2
1423	2
1424	2
1425	2
1426	2
1427	2
1428	6
1429	6
1430	6
1431	6
1432	6
1433	6
1434	6
1435	6
1436	6
1437	6
1438	6
1439	6
1440	6
1441	9
1442	9
1443	9
1444	9
1445	9
1446	9
1447	9
1448	9
1449	9
1450	9
1451	9
1452	9
1453	9
1454	9
1455	6
1456	6
1457	6
1458	6
1459	6
1460	6
1461	6
1462	6
1463	6
1464	6
1465	7
1466	7
1467	3
1468	3
1469	3
1470	7
1471	7
1472	3
1473	3
1474	7
1475	7
1476	3
1477	7
1478	3
1479	7
1480	7
1481	3
1482	7
1483	7
1484	3
1485	3
1486	7
1487	3
1488	7
1489	9
1490	9
1491	9
1492	9
1493	9
1494	9
1495	9
1496	9
1497	9
1498	9
1499	9
1500	9
1501	2
1502	2
1503	2
1504	2
1505	2
1506	2
1507	2
1508	2
1509	2
1510	2
1511	2
1512	2
1513	2
1514	2
1515	2
1516	2
1517	2
1518	2
1519	2
1520	2
1521	2
1522	2
1523	2
1524	2
1525	2
1526	2
1527	2
1528	2
1529	10
1530	10
1531	10
1532	10
1533	10
1534	10
1535	10
1536	10
1537	10
1538	10
1539	10
1540	10
1541	10
1542	10
1543	10
1544	10
1545	10
1546	10
1547	10
1548	10
1549	10
1550	10
1551	10
1552	10
1553	10
1554	8
1555	8
1556	8
1557	8
1558	8
1559	10
1560	8
1561	10
1562	8
1563	10
1564	8
1565	8
1566	8
1567	10
1568	10
1569	8
1570	8
1571	8
1572	10
1573	8
1574	8
1575	10
1576	5
1577	5
1578	5
1579	5
1580	5
1581	5
1582	5
1583	5
1584	5
1585	5
1586	5
1587	5
1588	5
1589	5
1590	5
1591	5
1592	5
1593	5
1594	5
1595	5
1596	5
1597	5
1598	5
1599	5
1600	5
1601	5
1602	10
1603	10
1604	10
1605	10
1606	10
1607	10
1608	10
1609	10
1610	10
1611	10
1612	10
1613	10
1614	10
1615	10
1616	10
1617	10
1618	7
1619	7
1620	7
1621	7
1622	7
1623	7
1624	7
1625	7
1626	7
1627	7
1628	7
1629	8
1630	8
1631	8
1632	8
1633	8
1634	8
1635	8
1636	8
1637	8
1638	8
1639	8
1640	8
1641	8
1642	8
1643	8
1644	7
1645	7
1646	7
1647	7
1648	7
1649	8
1650	8
1651	8
1652	8
1653	8
1654	8
1655	8
1656	8
1658	8
1659	8
1660	8
1661	8
1662	8
1663	8
1664	8
1665	8
1666	8
1667	8
1668	8
1669	8
1670	8
1671	8
1672	8
1673	7
1674	8
1675	8
1676	8
1677	7
1678	1
1679	1
1680	1
1681	1
1682	1
1683	1
1684	1
1685	9
1686	9
1687	9
1688	9
1689	9
1690	9
1691	9
1692	9
1693	9
1694	9
1695	9
1696	9
1697	9
1698	9
1699	9
1700	9
1701	9
1702	9
1703	4
1704	4
1705	9
1706	9
1707	9
1708	9
1709	2
1710	9
1711	9
1712	9
1713	7
1714	7
1715	7
1716	7
1717	7
1718	7
1719	7
1720	7
1721	7
1722	7
1723	7
1724	7
1725	9
1726	9
1727	9
1728	7
1729	9
1730	9
1731	9
1732	9
1733	9
1734	9
1735	9
1736	2
1737	2
1738	9
1739	9
1740	2
1741	9
1742	2
1743	2
1744	4
1745	2
1746	2
1747	4
1748	2
1749	4
1750	2
1751	2
1752	2
1753	2
1754	2
1755	2
1756	4
1757	7
1758	7
1759	7
1760	7
1761	2
1762	2
1763	2
1764	4
1765	2
1766	2
1767	4
1768	2
1769	2
1770	2
1771	2
1772	2
1773	2
1774	7
1775	7
1776	7
1777	7
1778	7
1779	7
1780	7
1781	7
1782	7
1783	7
1784	7
1785	7
1786	7
1787	4
1788	2
1789	2
1790	2
1791	4
1792	2
1793	2
1794	2
1795	7
1796	7
1797	7
1798	7
1799	2
1800	2
1801	2
1802	2
1803	2
1804	4
1805	2
1806	4
1807	2
1808	2
1809	6
1810	6
1811	6
1812	6
1813	6
1814	6
1815	6
1816	6
1817	6
1818	6
1819	6
1820	6
1821	6
1822	6
1823	6
1824	6
1825	6
1826	6
1827	6
1828	6
1829	6
1830	7
1831	7
1832	7
1833	7
1834	7
1835	6
1836	6
1837	7
1838	6
1839	6
1840	8
1841	8
1842	8
1843	8
1844	8
1845	6
1846	6
1847	6
1848	6
1849	6
1850	6
1851	6
1852	6
1853	6
1854	6
1855	6
1856	6
1857	7
1858	7
1859	7
1860	7
1861	7
1862	7
1863	6
1864	6
1865	6
1866	6
1867	6
1868	6
1869	6
1870	6
1871	6
1872	1
1873	1
1874	1
1875	1
1876	1
1877	1
1878	1
1879	1
1880	1
1881	1
1882	1
1883	1
1884	1
1885	1
1886	1
1887	1
1888	1
1889	1
1890	1
1891	1
1892	1
1893	1
1894	1
1895	5
1896	5
1897	5
1898	12
1899	12
1900	12
1901	12
1902	12
1903	12
1904	5
1905	5
1906	5
1907	5
1908	5
1909	5
1910	5
1911	5
1912	5
1913	5
1914	5
1915	5
1916	12
1917	12
1918	12
1919	12
1920	12
1921	12
1922	12
1923	12
1924	5
1925	5
1926	5
1927	5
1928	5
1929	5
1930	5
1931	5
1932	5
1933	5
1934	5
1935	5
1936	5
1937	5
1938	5
1939	5
1940	5
1941	5
1942	5
1943	5
1944	5
1945	5
1946	5
1947	5
1948	5
1949	5
1950	5
1951	5
1952	5
1953	5
1954	5
1955	5
1956	5
1957	5
1958	5
1959	5
1960	5
1961	5
1962	5
1963	5
1964	5
1965	5
1966	5
1967	5
1968	5
1969	5
1970	5
1971	5
1972	5
1973	5
1974	5
1975	5
1976	10
1977	10
1978	10
1979	10
1980	10
1981	10
1982	10
1983	10
1984	10
1985	10
1986	10
1987	10
1988	10
1989	10
1990	10
1991	10
1992	10
1993	10
1994	10
1995	10
1996	10
1997	10
1998	10
1999	10
2000	10
2001	10
2002	10
2003	10
2004	10
2005	10
2006	10
2007	10
2008	10
2009	10
2010	10
2011	10
2012	10
2013	10
2014	10
2015	10
2016	10
2017	7
2018	7
2019	7
2020	7
2021	7
2022	7
2023	7
2024	3
2025	7
2026	7
2027	7
2028	7
2029	7
2030	3
2031	3
2032	3
2033	3
2034	3
2035	1
2036	1
2037	1
2038	7
2039	7
2040	7
2041	7
2042	7
2043	7
2044	7
2045	7
2046	1
2047	1
2048	7
2049	7
2050	7
2051	1
2052	1
2053	1
2054	1
2055	1
2056	1
2057	1
2058	10
2059	10
2060	10
2061	10
2062	10
2063	10
2064	10
2065	10
2066	10
2067	10
2068	1
2069	1
2070	1
2071	1
2072	1
2073	1
2074	1
2075	1
2076	1
2077	1
2078	1
2079	1
2080	1
2081	1
2082	1
2083	1
2084	1
2085	1
2086	1
2087	1
2088	1
2089	9
2090	9
2091	9
2092	9
2093	9
2094	9
2095	9
2096	2
2097	2
2098	2
2099	2
2100	2
2101	2
2102	2
2103	2
2104	2
2105	2
2106	2
2107	2
2108	2
2109	2
2110	2
2111	2
2112	2
2113	4
2114	4
2115	4
2116	4
2117	4
2118	6
2119	6
2120	4
2121	4
2122	6
2123	6
2124	7
2125	4
2126	4
2127	4
2128	4
2129	4
2130	6
2131	4
2132	4
2133	6
2134	4
2135	4
2136	6
2137	6
2138	6
2139	4
2140	6
2141	4
2142	6
2143	6
2144	6
2145	4
2146	6
2147	6
2148	4
2149	6
2150	4
2151	4
2152	4
2153	4
2154	4
2155	6
2156	6
2157	6
2158	4
2159	4
2160	4
2161	4
2162	4
2163	4
2164	4
2165	4
2166	4
2167	4
2168	4
2169	4
2170	4
2171	6
2172	4
2173	4
2174	6
2175	6
2176	6
2177	6
2178	4
2179	4
2180	4
2181	4
2182	4
2183	4
2184	4
2185	4
2186	4
2187	4
2188	6
2189	4
2190	4
2191	4
2192	4
2193	4
2194	6
2195	4
2196	6
2197	6
2198	4
2199	6
2200	4
2201	6
2202	6
2203	4
2204	4
2205	4
2206	4
2207	4
2208	4
2209	4
2210	4
2211	6
2212	6
2213	4
2214	4
2215	6
2216	6
2217	4
2218	4
2219	4
2220	4
2221	4
2222	4
2223	6
2224	4
2225	4
2226	4
2227	4
2228	4
2229	4
2230	4
2231	4
2232	4
2233	6
2234	6
2235	4
2236	6
2237	6
2238	6
2239	4
2240	4
2241	4
2242	6
2243	6
2244	6
2245	6
2246	4
2247	4
2248	4
2249	4
2250	4
2251	4
2252	4
2253	6
2254	6
2255	6
2256	4
2257	4
2258	4
2259	4
2260	4
2261	4
2262	4
2263	4
2264	4
2265	4
2266	6
2267	4
2268	4
2269	6
2270	6
2271	4
2272	4
2273	4
2274	4
2275	4
2276	4
2277	6
2278	4
2279	4
2280	4
2281	4
2282	4
2283	6
2284	7
2285	7
2286	6
2287	6
2288	4
2289	4
2290	4
2291	4
2292	4
2293	4
2294	4
2295	4
2296	4
2297	4
2298	6
2299	6
2300	6
2301	4
2302	6
2303	4
2304	6
2305	4
2306	4
2307	4
2308	4
2309	7
2310	7
2311	7
2312	12
2313	12
2314	12
2315	12
2316	12
2317	12
2318	12
2319	12
2320	12
2321	12
2322	12
2323	12
2324	12
2325	12
2326	12
2327	12
2328	12
2329	12
2330	5
2331	5
2332	5
2333	5
2334	5
2335	5
2336	5
2337	5
2338	5
2339	5
2340	5
2341	5
2342	5
2343	5
2344	5
2345	5
2346	11
2347	11
2348	11
2349	11
2350	11
2351	11
2352	9
2353	11
2354	11
2355	11
2356	11
2357	11
2358	11
2359	9
2360	9
2361	11
2362	11
2363	11
2364	11
2365	11
2366	6
2367	6
2368	6
2369	6
2370	6
2371	6
2372	6
2373	6
2374	6
2375	6
2376	6
2377	6
2378	6
2379	6
2380	6
2381	6
2382	6
2383	6
2384	6
2385	6
2386	6
2387	6
2388	6
2389	6
2390	6
2391	6
2392	6
2393	6
2394	6
2395	6
2396	6
2397	6
2398	6
2399	6
2400	6
2401	6
2402	6
2403	6
2404	6
2405	6
2406	6
2407	6
2408	6
2409	6
2410	6
2411	6
2412	6
2413	6
2414	6
2415	13
2416	12
2417	13
2418	13
2419	13
2420	13
2421	13
2422	13
2423	13
2424	13
2425	13
2426	13
2427	13
2428	13
2429	13
2430	13
2431	13
2432	13
2433	13
2434	13
2435	13
2436	13
2437	13
2438	13
2439	13
2440	13
2441	13
2442	13
2443	13
2444	13
2445	13
2446	13
2447	13
2448	13
2449	13
2450	13
2451	13
2452	13
2453	13
2454	13
2455	13
2456	13
2457	13
2458	13
2459	13
2460	13
2461	13
2462	13
2463	13
2464	13
2465	13
2466	13
2467	13
2468	13
2469	13
2470	13
2471	13
2472	13
2473	13
2474	13
2475	13
2476	13
2477	13
2478	13
2479	13
2480	13
2481	13
2482	13
2483	13
2484	13
2485	13
2486	13
2487	13
2488	13
2489	13
2490	13
2491	13
2492	13
2493	13
2494	13
2495	13
2496	12
2497	12
2498	12
2499	12
2500	13
2501	13
2502	12
2503	12
2504	12
2505	12
2506	12
2507	12
2508	12
2509	12
2510	12
2511	12
2512	12
2513	12
2514	12
2515	13
2516	13
2517	13
2518	13
2519	13
2520	13
2521	13
2522	13
2523	12
2524	13
2525	13
2526	13
2527	13
2528	12
2529	13
2530	13
2531	12
2532	13
2533	12
2534	13
2535	12
2536	13
2537	12
2538	13
2539	13
2540	13
2541	13
2542	13
2543	13
2544	13
2545	13
2546	13
2547	12
2548	12
2549	12
2550	13
2551	13
2552	13
2553	13
2554	13
2555	13
2556	13
2557	13
2558	12
2559	12
2560	12
2561	12
2562	12
2563	13
2564	13
2565	13
2566	13
2567	13
2568	13
2569	12
2570	12
2571	12
2572	12
2573	12
2574	12
2575	13
2576	13
2577	13
2578	13
2579	13
2580	13
2581	13
2582	13
2583	13
2584	13
2585	13
2586	13
2587	12
2588	12
2589	12
2590	12
2591	12
2592	12
2593	12
2594	13
2595	13
2596	13
2597	12
2598	12
2599	13
2600	13
2601	13
2602	13
2603	13
2604	13
2605	13
2606	1
2607	1
2608	1
2609	1
2610	1
2611	1
2612	1
2613	1
2614	1
2615	1
2616	1
2617	1
2618	1
2619	1
2620	1
2621	1
2622	1
2623	1
2624	1
2625	1
2626	1
2627	1
2628	1
2629	1
2630	1
2631	1
2632	1
2633	1
2634	1
2635	1
2636	1
2637	1
2638	1
2639	1
2640	10
2641	10
2642	10
2643	3
2644	3
2645	10
2646	10
2647	10
2648	10
2649	3
2650	3
2651	10
2652	10
2653	10
2654	10
2655	3
2656	3
2657	3
2658	3
2659	3
2660	3
2661	3
2662	3
2663	10
2664	10
2665	10
2666	3
2667	10
2668	10
2669	10
2670	3
2671	10
2672	3
2673	10
2674	3
2675	3
2676	10
2677	10
2678	3
2679	10
2680	10
2681	10
2682	10
2683	10
2684	10
2685	10
2686	10
2687	10
2688	5
2689	5
2690	5
2691	5
315	9
1657	8
