0	10
1	10
2	10
3	10
4	10
5	10
6	10
7	2
8	2
9	2
10	2
11	2
12	2
13	2
14	2
15	2
16	2
17	2
18	2
19	1
20	1
21	13
22	13
23	13
24	13
25	13
26	13
27	13
28	13
29	1
30	1
31	1
32	1
33	1
34	1
35	1
36	1
37	1
38	1
39	1
40	1
41	1
42	1
43	1
44	1
45	1
46	1
47	1
48	1
49	1
50	1
51	1
52	1
53	12
54	12
55	12
56	12
57	12
58	1
59	1
60	1
61	1
62	1
63	1
64	1
65	12
66	12
67	12
68	12
69	12
70	12
71	13
72	13
73	13
74	13
75	1
76	1
77	1
78	1
79	1
80	1
81	1
82	1
83	8
84	8
85	8
86	8
87	8
88	8
89	8
90	8
91	8
92	8
93	8
94	8
95	8
96	2
97	2
98	2
99	2
100	2
101	2
102	2
103	2
104	2
105	2
106	2
107	2
108	2
109	2
110	2
111	2
112	2
113	2
114	2
115	2
116	2
117	2
118	2
119	2
120	2
121	2
122	2
123	2
124	2
125	2
126	2
127	2
128	2
129	3
130	3
131	3
132	3
133	3
134	3
135	3
136	3
137	3
138	3
139	3
140	3
141	3
142	3
143	3
144	3
145	3
146	3
147	3
148	3
149	3
150	3
151	3
152	3
153	3
154	3
155	3
156	3
157	3
158	3
159	3
160	3
161	3
162	3
163	3
164	3
165	3
166	8
167	8
168	8
169	7
170	8
171	8
172	8
173	8
174	7
175	7
176	7
177	8
178	7
179	8
180	8
181	7
182	7
183	10
184	10
185	10
186	10
187	10
188	10
189	10
190	10
191	10
192	10
193	10
194	10
195	10
196	10
197	10
198	10
199	10
200	10
201	10
202	10
203	10
204	10
205	10
206	10
207	10
208	13
209	13
210	13
211	13
212	13
213	13
214	13
215	13
216	13
217	13
218	13
219	13
220	13
221	13
222	13
223	13
224	13
225	13
226	9
227	9
228	9
229	9
230	9
231	9
232	9
233	9
234	9
235	9
236	13
237	13
238	13
239	13
240	13
241	13
242	13
243	13
244	13
245	13
246	13
247	13
248	10
249	10
250	10
251	10
252	10
253	10
254	10
255	10
256	10
257	10
258	10
259	10
260	10
261	13
262	13
263	13
264	13
265	13
266	9
267	13
268	9
269	9
270	9
271	13
272	13
273	13
274	13
275	13
276	13
277	13
278	9
279	9
280	9
281	9
282	9
283	9
284	9
285	9
286	9
287	9
288	9
289	9
290	9
291	9
292	9
293	9
294	9
295	9
296	9
297	9
298	9
299	9
300	9
301	9
302	10
303	10
304	10
305	10
306	11
307	11
308	11
309	5
310	11
311	5
312	11
313	11
314	11
316	2
317	2
318	2
319	2
320	2
321	2
322	2
323	2
324	2
325	2
326	2
327	2
328	2
329	2
330	2
331	11
332	11
333	11
334	11
335	11
336	5
337	2
338	2
339	2
340	11
341	11
342	11
343	11
344	11
345	11
346	11
347	11
348	11
349	11
350	11
351	11
352	11
353	5
354	11
355	11
356	3
357	3
358	3
359	3
360	3
361	3
362	3
363	3
364	3
365	8
366	3
367	3
368	3
369	5
370	11
371	11
372	11
373	5
374	11
375	11
376	5
377	11
378	11
379	11
380	11
381	11
382	11
383	11
384	11
385	11
386	11
387	11
388	11
389	2
390	2
391	2
392	2
393	2
394	11
395	11
396	11
397	11
398	2
399	2
400	2
401	2
402	2
403	13
404	13
405	13
406	13
407	13
408	13
409	1
410	1
411	1
412	1
413	1
414	1
415	1
416	1
417	1
418	1
419	1
420	1
421	1
422	1
423	1
424	1
425	8
426	8
427	8
428	8
429	8
430	8
431	8
432	8
433	1
434	1
435	1
436	1
437	1
438	1
439	1
440	1
441	1
442	1
443	1
444	1
445	1
446	8
447	8
448	8
449	8
450	8
451	1
452	1
453	1
454	8
455	8
456	8
457	1
458	1
459	1
460	1
461	1
462	1
463	8
464	8
465	8
466	8
467	8
468	8
469	8
470	8
471	8
472	8
473	1
474	1
475	9
476	9
477	7
478	7
479	7
480	7
481	7
482	7
483	7
484	13
485	13
486	7
487	7
488	7
489	9
490	9
491	9
492	9
493	9
494	9
495	7
496	7
497	7
498	13
499	7
500	7
501	7
502	13
503	7
504	7
505	7
506	13
507	13
508	13
509	13
510	13
511	13
512	13
513	13
514	13
515	13
516	13
517	13
518	13
519	13
520	13
521	13
522	8
523	8
524	8
525	8
526	10
527	10
528	8
529	8
530	8
531	8
532	8
533	8
534	8
535	8
536	8
537	8
538	10
539	10
540	10
541	10
542	10
543	10
544	10
545	10
546	10
547	10
548	10
549	10
550	10
551	10
552	10
553	10
554	10
555	10
556	10
557	10
558	10
559	13
560	13
561	13
562	13
563	13
564	13
565	10
566	10
567	10
568	10
569	10
570	4
571	4
572	4
573	4
574	4
575	4
576	4
577	4
578	4
579	4
580	4
581	10
582	10
583	10
584	10
585	10
586	10
587	9
588	9
589	9
590	9
591	9
592	13
593	13
594	9
595	13
596	9
597	13
598	9
599	13
600	13
601	13
602	13
603	10
604	10
605	10
606	10
607	10
608	10
609	10
610	10
611	10
612	10
613	10
614	10
615	10
616	10
617	9
618	13
619	13
620	9
621	9
622	9
623	9
624	9
625	9
626	9
627	9
628	13
629	13
630	13
631	13
632	9
633	13
634	9
635	13
636	9
637	9
638	9
639	10
640	10
641	10
642	10
643	10
644	10
645	10
646	10
647	10
648	10
649	10
650	10
651	10
652	10
653	10
654	10
655	10
656	10
657	7
658	7
659	7
660	7
661	1
662	1
663	1
664	1
665	1
666	1
667	1
668	1
669	1
670	7
671	7
672	7
673	9
674	7
675	9
676	7
677	9
678	9
679	9
680	1
681	1
682	1
683	1
684	1
685	1
686	1
687	1
688	1
689	1
690	1
691	1
692	1
693	1
694	1
695	1
696	1
697	9
698	9
699	9
700	9
701	7
702	9
703	9
704	7
705	9
706	7
707	9
708	9
709	7
710	9
711	9
712	9
713	9
714	1
715	1
716	13
717	13
718	9
719	9
720	7
721	13
722	13
723	13
724	13
725	13
726	13
727	13
728	13
729	13
730	13
731	13
732	2
733	2
734	2
735	2
736	2
737	7
738	8
739	8
740	7
741	7
742	7
743	7
744	7
745	2
746	2
747	2
748	2
749	2
750	2
751	2
752	2
753	2
754	2
755	2
756	2
757	2
758	2
759	2
760	2
761	2
762	2
763	2
764	2
765	2
766	7
767	8
768	7
769	7
770	2
771	2
772	7
773	7
774	7
775	8
776	7
777	7
778	7
779	7
780	7
781	7
782	7
783	7
784	7
785	13
786	7
787	7
788	7
789	7
790	7
791	13
792	13
793	13
794	13
795	13
796	13
797	13
798	13
799	13
800	13
801	7
802	7
803	7
804	7
805	13
806	13
807	13
808	7
809	7
810	7
811	12
812	12
813	5
814	12
815	5
816	5
817	5
818	12
819	12
820	12
821	12
822	5
823	5
824	5
825	5
826	5
827	5
828	5
829	12
830	12
831	5
832	5
833	5
834	12
835	12
836	12
837	12
838	5
839	5
840	12
841	5
842	12
843	5
844	5
845	5
846	5
847	12
848	12
849	5
850	12
851	12
852	5
853	5
854	5
855	5
856	12
857	12
858	10
859	10
860	10
861	10
862	10
863	10
864	10
865	10
866	10
867	10
868	10
869	10
870	10
871	5
872	5
873	5
874	5
875	5
876	5
877	5
878	5
879	5
880	5
881	5
882	5
883	12
884	5
885	12
886	5
887	5
888	12
889	5
890	5
891	5
892	12
893	12
894	12
895	12
896	5
897	5
898	5
899	12
900	12
901	12
902	5
903	12
904	5
905	12
906	5
907	5
908	12
909	5
910	12
911	12
912	12
913	12
914	5
915	5
916	5
917	5
918	5
919	5
920	12
921	12
922	12
923	12
924	5
925	12
926	5
927	5
928	5
929	5
930	12
931	12
932	5
933	12
934	5
935	5
936	5
937	5
938	5
939	5
940	5
941	5
942	12
943	5
944	12
945	12
946	5
947	12
948	5
949	12
950	5
951	12
952	12
953	5
954	12
955	12
956	12
957	5
958	12
959	5
960	5
961	12
962	12
963	5
964	12
965	5
966	5
967	5
968	5
969	5
970	5
971	5
972	5
973	5
974	12
975	12
976	5
977	12
978	5
979	5
980	5
981	5
982	12
983	12
984	12
985	7
986	7
987	7
988	7
989	7
990	7
991	7
992	7
993	7
994	7
995	7
996	7
997	7
998	7
999	7
1000	7
1001	7
1002	7
1003	7
1004	7
1005	7
1006	7
1007	12
1008	12
1009	7
1010	12
1011	12
1012	12
1013	12
1014	12
1015	12
1016	12
1017	12
1018	12
1019	12
1020	12
1021	12
1022	12
1023	12
1024	12
1025	12
1026	12
1027	12
1028	12
1029	12
1030	12
1031	12
1032	12
1033	12
1034	12
1035	12
1036	12
1037	12
1038	12
1039	12
1040	12
1041	12
1042	12
1043	12
1044	12
1045	12
1046	12
1047	12
1048	12
1049	12
1050	12
1051	12
1052	12
1053	12
1054	12
1055	12
1056	12
1057	12
1058	12
1059	12
1060	12
1061	12
1062	12
1063	12
1064	12
1065	12
1066	12
1067	12
1068	12
1069	12
1070	12
1071	12
1072	12
1073	12
1074	12
1075	10
1076	10
1077	10
1078	10
1079	10
1080	10
1081	10
1082	10
1083	10
1084	10
1085	10
1086	10
1087	9
1088	9
1089	9
1090	9
1091	9
1092	9
1093	9
1094	13
1095	13
1096	13
1097	13
1098	13
1099	13
1100	13
1101	13
1102	13
1103	13
1104	13
1105	13
1106	13
1107	5
1108	5
1109	5
1110	5
1111	5
1112	5
1113	5
1114	5
1115	5
1116	5
1117	5
1118	5
1119	5
1120	5
1121	5
1122	5
1123	5
1124	5
1125	5
1126	5
1127	5
1128	5
1129	5
1130	5
1131	5
1132	5
1133	5
1134	5
1135	5
1136	5
1137	5
1138	5
1139	5
1140	5
1141	5
1142	5
1143	5
1144	5
1145	5
1146	5
1147	5
1148	5
1149	5
1150	5
1151	5
1152	5
1153	5
1154	13
1155	13
1156	13
1157	13
1158	11
1159	13
1160	13
1161	13
1162	13
1163	11
1164	11
1165	13
1166	11
1167	11
1168	13
1169	12
1170	12
1171	12
1172	12
1173	12
1174	12
1175	12
1176	12
1177	12
1178	12
1179	12
1180	12
1181	12
1182	12
1183	12
1184	12
1185	12
1186	12
1187	12
1188	12
1189	12
1190	12
1191	12
1192	12
1193	12
1194	12
1195	12
1196	12
1197	12
1198	12
1199	12
1200	8
1201	8
1202	8
1203	8
1204	8
1205	8
1206	8
1207	8
1208	8
1209	8
1210	8
1211	8
1212	8
1213	8
1214	8
1215	8
1216	8
1217	8
1218	8
1219	8
1220	8
1221	8
1222	8
1223	8
1224	8
1225	8
1226	8
1227	8
1228	8
1229	8
1230	8
1231	8
1232	8
1233	8
1234	8
1235	8
1236	8
1237	8
1238	8
1239	8
1240	9
1241	9
1242	9
1243	9
1244	9
1245	9
1246	9
1247	9
1248	9
1249	9
1250	9
1251	9
1252	9
1253	1
1254	1
1255	1
1256	1
1257	1
1258	9
1259	9
1260	9
1261	9
1262	9
1263	9
1264	1
1265	1
1266	1
1267	1
1268	1
1269	1
1270	1
1271	1
1272	1
1273	1
1274	1
1275	1
1276	1
1277	1
1278	13
1279	13
1280	13
1281	9
1282	9
1283	9
1284	1
1285	1
1286	1
1287	1
1288	13
1289	13
1290	13
1291	13
1292	13
1293	13
1294	13
1295	13
1296	13
1297	13
1298	13
1299	13
1300	13
1301	13
1302	13
1303	1
1304	10
1305	10
1306	10
1307	10
1308	1
1309	10
1310	1
1311	1
1312	1
1313	1
1314	5
1315	5
1316	5
1317	5
1318	5
1319	5
1320	5
1321	5
1322	5
1323	5
1324	5
1325	5
1326	5
1327	5
1328	5
1329	5
1330	5
1331	5
1332	5
1333	5
1334	5
1335	5
1336	5
1337	5
1338	5
1339	5
1340	5
1341	5
1342	5
1343	5
1344	5
1345	5
1346	1
1347	10
1348	10
1349	10
1350	10
1351	10
1352	10
1353	10
1354	10
1355	10
1356	10
1357	10
1358	10
1359	10
1360	10
1361	10
1362	10
1363	5
1364	5
1365	5
1366	5
1367	5
1368	5
1369	5
1370	5
1371	5
1372	5
1373	5
1374	5
1375	5
1376	5
1377	5
1378	5
1379	5
1380	5
1381	13
1382	13
1383	13
1384	13
1385	13
1386	13
1387	13
1388	13
1389	13
1390	13
1391	13
1392	13
1393	13
1394	13
1395	13
1396	13
1397	1
1398	1
1399	1
1400	1
1401	1
1402	1
1403	1
1404	1
1405	1
1406	1
1407	1
1408	1
1409	1
1410	1
1411	1
1412	1
1413	1
1414	1
1415	1
1416	1
1417	1
1418	1
1419	1
1420	1
1421	1
1422	1
1423	1
1424	1
1425	1
1426	1
1427	1
1428	2
1429	2
1430	2
1431	2
1432	2
1433	2
1434	2
1435	2
1436	2
1437	2
1438	2
1439	2
1440	2
1441	2
1442	2
1443	2
1444	2
1445	2
1446	2
1447	2
1448	2
1449	2
1450	2
1451	2
1452	2
1453	2
1454	2
1455	2
1456	2
1457	2
1458	2
1459	2
1460	2
1461	2
1462	2
1463	2
1464	2
1465	13
1466	13
1467	13
1468	13
1469	13
1470	13
1471	13
1472	13
1473	13
1474	13
1475	13
1476	13
1477	13
1478	13
1479	13
1480	13
1481	13
1482	13
1483	13
1484	13
1485	13
1486	13
1487	13
1488	13
1489	2
1490	2
1491	2
1492	2
1493	2
1494	2
1495	2
1496	2
1497	2
1498	2
1499	2
1500	2
1501	1
1502	1
1503	1
1504	1
1505	1
1506	1
1507	1
1508	1
1509	1
1510	1
1511	1
1512	1
1513	1
1514	1
1515	1
1516	1
1517	1
1518	1
1519	1
1520	1
1521	1
1522	1
1523	1
1524	1
1525	1
1526	1
1527	1
1528	1
1529	8
1530	8
1531	8
1532	8
1533	8
1534	8
1535	8
1536	8
1537	8
1538	8
1539	8
1540	8
1541	8
1542	7
1543	8
1544	8
1545	8
1546	8
1547	7
1548	8
1549	8
1550	8
1551	8
1552	8
1553	8
1554	8
1555	8
1556	8
1557	8
1558	8
1559	8
1560	8
1561	8
1562	8
1563	8
1564	8
1565	8
1566	8
1567	8
1568	8
1569	8
1570	8
1571	8
1572	8
1573	8
1574	8
1575	8
1576	1
1577	1
1578	1
1579	1
1580	1
1581	1
1582	1
1583	1
1584	1
1585	1
1586	1
1587	1
1588	1
1589	1
1590	1
1591	1
1592	1
1593	1
1594	1
1595	1
1596	1
1597	1
1598	1
1599	1
1600	1
1601	1
1602	8
1603	8
1604	8
1605	8
1606	8
1607	8
1608	8
1609	8
1610	8
1611	8
1612	8
1613	8
1614	8
1615	8
1616	8
1617	8
1618	13
1619	13
1620	13
1621	13
1622	13
1623	13
1624	13
1625	13
1626	13
1627	13
1628	13
1629	12
1630	2
1631	2
1632	2
1633	2
1634	2
1635	2
1636	2
1637	2
1638	2
1639	12
1640	2
1641	2
1642	2
1643	2
1644	13
1645	13
1646	13
1647	13
1648	13
1649	2
1650	2
1651	2
1652	2
1653	2
1654	2
1655	2
1656	2
1658	2
1659	2
1660	2
1661	2
1662	2
1663	2
1664	2
1665	2
1666	2
1667	2
1668	2
1669	2
1670	2
1671	2
1672	2
1673	13
1674	2
1675	2
1676	2
1677	13
1678	9
1679	9
1680	9
1681	9
1682	9
1683	9
1684	9
1685	2
1686	2
1687	2
1688	2
1689	2
1690	2
1691	2
1692	2
1693	2
1694	2
1695	2
1696	2
1697	2
1698	2
1699	2
1700	2
1701	1
1702	1
1703	4
1704	4
1705	2
1706	2
1707	2
1708	2
1709	1
1710	2
1711	2
1712	2
1713	13
1714	13
1715	13
1716	13
1717	13
1718	13
1719	13
1720	13
1721	13
1722	13
1723	13
1724	13
1725	2
1726	2
1727	2
1728	13
1729	1
1730	2
1731	2
1732	2
1733	2
1734	2
1735	2
1736	1
1737	1
1738	1
1739	1
1740	1
1741	2
1742	6
1743	6
1744	6
1745	6
1746	1
1747	6
1748	6
1749	6
1750	6
1751	6
1752	6
1753	6
1754	6
1755	1
1756	6
1757	13
1758	13
1759	13
1760	13
1761	1
1762	6
1763	6
1764	6
1765	6
1766	6
1767	6
1768	6
1769	6
1770	6
1771	6
1772	6
1773	1
1774	13
1775	13
1776	13
1777	13
1778	13
1779	13
1780	13
1781	13
1782	13
1783	13
1784	13
1785	13
1786	13
1787	6
1788	6
1789	6
1790	6
1791	6
1792	6
1793	6
1794	6
1795	13
1796	13
1797	13
1798	13
1799	6
1800	1
1801	1
1802	6
1803	6
1804	6
1805	6
1806	6
1807	6
1808	6
1809	4
1810	4
1811	4
1812	4
1813	4
1814	4
1815	4
1816	4
1817	4
1818	4
1819	2
1820	4
1821	2
1822	4
1823	2
1824	4
1825	4
1826	4
1827	4
1828	4
1829	4
1830	13
1831	13
1832	13
1833	13
1834	13
1835	4
1836	4
1837	13
1838	4
1839	4
1840	5
1841	5
1842	5
1843	5
1844	5
1845	4
1846	2
1847	4
1848	4
1849	4
1850	2
1851	4
1852	2
1853	2
1854	4
1855	4
1856	4
1857	13
1858	13
1859	13
1860	13
1861	13
1862	13
1863	4
1864	2
1865	2
1866	2
1867	2
1868	4
1869	2
1870	4
1871	4
1872	9
1873	9
1874	9
1875	9
1876	9
1877	9
1878	9
1879	9
1880	9
1881	9
1882	9
1883	9
1884	9
1885	9
1886	9
1887	9
1888	9
1889	9
1890	9
1891	9
1892	9
1893	9
1894	9
1895	10
1896	10
1897	10
1898	11
1899	11
1900	11
1901	11
1902	11
1903	11
1904	10
1905	10
1906	10
1907	10
1908	10
1909	10
1910	10
1911	10
1912	10
1913	10
1914	10
1915	10
1916	11
1917	11
1918	11
1919	11
1920	11
1921	11
1922	11
1923	11
1924	10
1925	10
1926	10
1927	10
1928	10
1929	10
1930	10
1931	10
1932	10
1933	10
1934	10
1935	10
1936	10
1937	10
1938	10
1939	10
1940	10
1941	10
1942	10
1943	10
1944	10
1945	10
1946	10
1947	10
1948	10
1949	10
1950	10
1951	10
1952	10
1953	10
1954	10
1955	10
1956	10
1957	10
1958	10
1959	10
1960	10
1961	10
1962	10
1963	10
1964	10
1965	10
1966	10
1967	10
1968	10
1969	10
1970	10
1971	10
1972	10
1973	10
1974	10
1975	10
1976	8
1977	8
1978	8
1979	8
1980	8
1981	8
1982	8
1983	8
1984	8
1985	8
1986	8
1987	8
1988	8
1989	8
1990	8
1991	8
1992	8
1993	8
1994	8
1995	8
1996	8
1997	8
1998	8
1999	8
2000	8
2001	8
2002	8
2003	8
2004	8
2005	8
2006	8
2007	8
2008	8
2009	8
2010	8
2011	8
2012	8
2013	8
2014	8
2015	8
2016	8
2017	9
2018	9
2019	9
2020	9
2021	9
2022	9
2023	9
2024	7
2025	9
2026	9
2027	9
2028	9
2029	9
2030	7
2031	7
2032	7
2033	7
2034	7
2035	7
2036	7
2037	7
2038	13
2039	13
2040	13
2041	13
2042	13
2043	9
2044	9
2045	9
2046	7
2047	7
2048	13
2049	13
2050	9
2051	7
2052	7
2053	7
2054	7
2055	7
2056	7
2057	7
2058	8
2059	8
2060	8
2061	8
2062	8
2063	8
2064	8
2065	8
2066	8
2067	8
2068	9
2069	9
2070	9
2071	9
2072	9
2073	9
2074	9
2075	9
2076	9
2077	9
2078	9
2079	9
2080	9
2081	9
2082	9
2083	9
2084	9
2085	9
2086	9
2087	9
2088	9
2089	2
2090	2
2091	2
2092	2
2093	2
2094	2
2095	2
2096	10
2097	10
2098	10
2099	10
2100	10
2101	10
2102	10
2103	10
2104	1
2105	10
2106	10
2107	10
2108	10
2109	10
2110	10
2111	10
2112	10
2113	6
2114	6
2115	6
2116	6
2117	6
2118	4
2119	4
2120	6
2121	6
2122	4
2123	4
2124	9
2125	6
2126	6
2127	6
2128	6
2129	6
2130	4
2131	4
2132	6
2133	4
2134	6
2135	6
2136	4
2137	4
2138	4
2139	6
2140	4
2141	6
2142	6
2143	6
2144	4
2145	4
2146	4
2147	4
2148	4
2149	4
2150	6
2151	6
2152	6
2153	6
2154	6
2155	6
2156	4
2157	4
2158	6
2159	4
2160	6
2161	6
2162	6
2163	4
2164	4
2165	4
2166	6
2167	4
2168	6
2169	6
2170	6
2171	6
2172	6
2173	6
2174	4
2175	4
2176	4
2177	4
2178	6
2179	6
2180	4
2181	4
2182	6
2183	6
2184	6
2185	6
2186	6
2187	6
2188	4
2189	6
2190	6
2191	6
2192	6
2193	6
2194	4
2195	4
2196	4
2197	4
2198	4
2199	4
2200	6
2201	6
2202	4
2203	4
2204	6
2205	6
2206	6
2207	6
2208	6
2209	6
2210	6
2211	6
2212	6
2213	6
2214	6
2215	4
2216	4
2217	6
2218	6
2219	6
2220	6
2221	6
2222	4
2223	4
2224	6
2225	6
2226	6
2227	6
2228	4
2229	4
2230	4
2231	4
2232	6
2233	4
2234	4
2235	6
2236	4
2237	4
2238	4
2239	6
2240	6
2241	4
2242	4
2243	4
2244	4
2245	4
2246	6
2247	4
2248	4
2249	6
2250	6
2251	6
2252	6
2253	4
2254	4
2255	4
2256	4
2257	6
2258	4
2259	6
2260	6
2261	4
2262	6
2263	6
2264	6
2265	6
2266	6
2267	6
2268	6
2269	4
2270	4
2271	6
2272	6
2273	4
2274	6
2275	6
2276	6
2277	4
2278	6
2279	4
2280	6
2281	6
2282	4
2283	4
2284	9
2285	9
2286	4
2287	6
2288	6
2289	6
2290	6
2291	6
2292	6
2293	6
2294	6
2295	6
2296	6
2297	4
2298	4
2299	4
2300	4
2301	6
2302	4
2303	4
2304	4
2305	6
2306	6
2307	6
2308	6
2309	9
2310	9
2311	9
2312	12
2313	12
2314	12
2315	12
2316	12
2317	12
2318	12
2319	12
2320	12
2321	12
2322	12
2323	12
2324	12
2325	12
2326	12
2327	12
2328	12
2329	12
2330	10
2331	10
2332	10
2333	10
2334	10
2335	10
2336	10
2337	10
2338	10
2339	10
2340	10
2341	10
2342	10
2343	10
2344	10
2345	10
2346	12
2347	12
2348	12
2349	12
2350	12
2351	12
2352	12
2353	12
2354	12
2355	12
2356	12
2357	12
2358	12
2359	12
2360	12
2361	12
2362	12
2363	12
2364	12
2365	12
2366	4
2367	4
2368	4
2369	4
2370	4
2371	4
2372	4
2373	4
2374	4
2375	4
2376	4
2377	4
2378	4
2379	4
2380	4
2381	4
2382	4
2383	4
2384	4
2385	4
2386	4
2387	4
2388	4
2389	4
2390	4
2391	4
2392	4
2393	4
2394	4
2395	4
2396	4
2397	4
2398	4
2399	4
2400	4
2401	4
2402	4
2403	4
2404	4
2405	4
2406	4
2407	4
2408	4
2409	4
2410	4
2411	4
2412	4
2413	4
2414	4
2415	11
2416	11
2417	11
2418	11
2419	3
2420	3
2421	11
2422	11
2423	11
2424	11
2425	11
2426	11
2427	3
2428	3
2429	3
2430	3
2431	11
2432	11
2433	11
2434	11
2435	11
2436	11
2437	11
2438	3
2439	3
2440	11
2441	11
2442	11
2443	11
2444	11
2445	11
2446	11
2447	11
2448	11
2449	3
2450	3
2451	3
2452	3
2453	3
2454	11
2455	11
2456	11
2457	11
2458	11
2459	11
2460	11
2461	11
2462	11
2463	11
2464	11
2465	11
2466	11
2467	11
2468	11
2469	11
2470	11
2471	11
2472	11
2473	11
2474	11
2475	11
2476	11
2477	11
2478	11
2479	11
2480	11
2481	11
2482	11
2483	11
2484	11
2485	3
2486	3
2487	11
2488	3
2489	3
2490	3
2491	3
2492	11
2493	11
2494	3
2495	3
2496	3
2497	3
2498	3
2499	11
2500	11
2501	3
2502	11
2503	11
2504	11
2505	11
2506	11
2507	11
2508	3
2509	3
2510	3
2511	11
2512	11
2513	3
2514	11
2515	11
2516	3
2517	11
2518	3
2519	3
2520	11
2521	3
2522	11
2523	3
2524	11
2525	3
2526	11
2527	11
2528	11
2529	3
2530	3
2531	3
2532	3
2533	3
2534	3
2535	3
2536	3
2537	3
2538	3
2539	3
2540	3
2541	3
2542	11
2543	11
2544	3
2545	3
2546	3
2547	11
2548	11
2549	11
2550	11
2551	3
2552	3
2553	3
2554	3
2555	3
2556	3
2557	3
2558	11
2559	11
2560	11
2561	11
2562	3
2563	3
2564	11
2565	3
2566	11
2567	11
2568	3
2569	3
2570	3
2571	11
2572	11
2573	11
2574	3
2575	3
2576	3
2577	3
2578	3
2579	3
2580	3
2581	3
2582	11
2583	3
2584	3
2585	11
2586	11
2587	3
2588	3
2589	3
2590	3
2591	3
2592	3
2593	3
2594	11
2595	11
2596	11
2597	11
2598	11
2599	11
2600	11
2601	11
2602	11
2603	11
2604	3
2605	3
2606	9
2607	9
2608	9
2609	9
2610	9
2611	9
2612	9
2613	9
2614	9
2615	9
2616	9
2617	9
2618	9
2619	9
2620	9
2621	9
2622	9
2623	9
2624	9
2625	9
2626	9
2627	9
2628	9
2629	9
2630	9
2631	9
2632	9
2633	9
2634	9
2635	9
2636	9
2637	9
2638	9
2639	9
2640	7
2641	7
2642	7
2643	7
2644	7
2645	7
2646	7
2647	7
2648	7
2649	7
2650	7
2651	7
2652	7
2653	7
2654	7
2655	7
2656	7
2657	7
2658	7
2659	7
2660	7
2661	7
2662	7
2663	7
2664	7
2665	7
2666	7
2667	7
2668	7
2669	7
2670	7
2671	7
2672	7
2673	7
2674	7
2675	7
2676	7
2677	7
2678	7
2679	7
2680	7
2681	7
2682	7
2683	7
2684	7
2685	7
2686	7
2687	7
2688	10
2689	10
2690	10
2691	10
315	2
1657	2
