0	8
1	8
2	8
3	8
4	8
5	8
6	8
7	5
8	5
9	5
10	5
11	5
12	5
13	5
14	5
15	5
16	5
17	5
18	13
19	13
20	13
21	10
22	10
23	10
24	10
25	10
26	10
27	10
28	10
29	13
30	13
31	13
32	13
33	13
34	13
35	13
36	13
37	13
38	13
39	13
40	13
41	13
42	13
43	13
44	13
45	13
46	13
47	13
48	13
49	13
50	13
51	13
52	13
53	4
54	4
55	4
56	4
57	4
58	13
59	13
60	13
61	13
62	13
63	13
64	13
65	4
66	4
67	4
68	4
69	4
70	4
71	10
72	10
73	10
74	10
75	13
76	13
77	13
78	13
79	13
80	13
81	13
82	13
83	11
84	11
85	11
86	11
87	11
88	11
89	11
90	11
91	11
92	11
93	11
94	11
95	11
96	5
97	5
98	5
99	5
100	5
101	5
102	5
103	5
104	5
105	5
106	5
107	5
108	5
109	5
110	5
111	5
112	5
113	5
114	5
115	5
116	5
117	5
118	5
119	5
120	5
121	5
122	5
123	5
124	5
125	5
126	5
127	5
128	5
129	3
130	3
131	9
132	3
133	3
134	3
135	9
136	3
137	3
138	3
139	9
140	3
141	3
142	3
143	3
144	3
145	3
146	3
147	3
148	3
149	3
150	3
151	3
152	3
153	3
154	9
155	9
156	9
157	3
158	3
159	3
160	3
161	3
162	3
163	3
164	3
165	3
166	12
167	12
168	12
169	12
170	12
171	12
172	12
173	12
174	12
175	12
176	12
177	12
178	12
179	12
180	12
181	12
182	12
183	8
184	8
185	8
186	8
187	8
188	8
189	8
190	8
191	8
192	8
193	8
194	8
195	8
196	8
197	8
198	8
199	8
200	8
201	8
202	8
203	8
204	8
205	8
206	8
207	8
208	10
209	10
210	10
211	10
212	10
213	10
214	10
215	10
216	10
217	10
218	10
219	10
220	10
221	10
222	10
223	10
224	10
225	10
226	10
227	10
228	10
229	10
230	10
231	10
232	10
233	10
234	10
235	10
236	10
237	10
238	10
239	10
240	10
241	10
242	10
243	10
244	10
245	10
246	10
247	10
248	8
249	8
250	8
251	8
252	8
253	8
254	8
255	8
256	8
257	8
258	8
259	8
260	8
261	10
262	10
263	10
264	10
265	10
266	6
267	10
268	6
269	6
270	6
271	10
272	10
273	10
274	10
275	10
276	10
277	10
278	6
279	6
280	6
281	6
282	6
283	6
284	6
285	6
286	6
287	6
288	6
289	6
290	6
291	6
292	6
293	6
294	6
295	6
296	6
297	6
298	6
299	6
300	6
301	6
302	8
303	8
304	8
305	8
306	7
307	7
308	7
309	3
310	7
311	7
312	7
313	7
314	7
316	13
317	13
318	13
319	13
320	13
321	13
322	5
323	5
324	5
325	13
326	13
327	13
328	5
329	5
330	5
331	7
332	3
333	7
334	7
335	7
336	7
337	5
338	13
339	13
340	7
341	7
342	7
343	7
344	7
345	7
346	7
347	7
348	7
349	7
350	7
351	7
352	7
353	7
354	7
355	7
356	3
357	3
358	3
359	3
360	3
361	3
362	3
363	3
364	3
365	3
366	3
367	3
368	3
369	7
370	7
371	7
372	7
373	3
374	7
375	7
376	7
377	7
378	7
379	7
380	7
381	7
382	7
383	7
384	7
385	7
386	7
387	7
388	7
389	5
390	5
391	13
392	13
393	13
394	7
395	7
396	7
397	7
398	5
399	13
400	13
401	5
402	5
403	10
404	10
405	10
406	9
407	9
408	9
409	1
410	1
411	1
412	1
413	1
414	1
415	1
416	1
417	1
418	1
419	1
420	1
421	1
422	1
423	1
424	1
425	12
426	12
427	12
428	12
429	12
430	12
431	12
432	12
433	1
434	1
435	1
436	1
437	1
438	1
439	1
440	1
441	1
442	1
443	1
444	1
445	1
446	12
447	12
448	12
449	12
450	12
451	1
452	1
453	1
454	12
455	12
456	12
457	1
458	1
459	1
460	1
461	1
462	1
463	12
464	12
465	12
466	12
467	12
468	12
469	12
470	12
471	12
472	12
473	1
474	1
475	6
476	6
477	6
478	6
479	6
480	6
481	6
482	6
483	6
484	10
485	10
486	6
487	6
488	6
489	6
490	6
491	6
492	6
493	6
494	6
495	6
496	6
497	6
498	10
499	6
500	6
501	6
502	10
503	6
504	6
505	6
506	9
507	9
508	10
509	10
510	9
511	10
512	10
513	9
514	9
515	10
516	9
517	9
518	9
519	9
520	10
521	9
522	11
523	11
524	11
525	11
526	8
527	8
528	11
529	11
530	11
531	11
532	11
533	11
534	11
535	11
536	11
537	11
538	8
539	8
540	8
541	8
542	8
543	8
544	8
545	8
546	8
547	8
548	8
549	8
550	8
551	8
552	8
553	8
554	8
555	8
556	8
557	8
558	8
559	10
560	10
561	10
562	10
563	10
564	10
565	8
566	8
567	8
568	8
569	8
570	5
571	5
572	5
573	5
574	5
575	5
576	5
577	5
578	5
579	5
580	5
581	8
582	8
583	8
584	8
585	8
586	8
587	10
588	10
589	10
590	6
591	10
592	10
593	10
594	10
595	10
596	6
597	10
598	10
599	10
600	10
601	10
602	10
603	8
604	8
605	8
606	8
607	8
608	8
609	8
610	8
611	8
612	8
613	8
614	8
615	8
616	8
617	10
618	10
619	10
620	10
621	10
622	6
623	6
624	6
625	10
626	10
627	6
628	10
629	10
630	10
631	10
632	10
633	10
634	6
635	10
636	10
637	10
638	6
639	8
640	8
641	8
642	8
643	8
644	8
645	8
646	8
647	8
648	8
649	8
650	8
651	8
652	8
653	8
654	8
655	8
656	8
657	12
658	12
659	6
660	6
661	1
662	1
663	1
664	1
665	1
666	1
667	1
668	1
669	1
670	10
671	10
672	10
673	6
674	10
675	10
676	10
677	10
678	10
679	10
680	1
681	1
682	1
683	1
684	1
685	1
686	1
687	1
688	1
689	1
690	1
691	1
692	1
693	1
694	1
695	1
696	1
697	10
698	6
699	10
700	10
701	10
702	10
703	10
704	10
705	10
706	6
707	10
708	10
709	10
710	10
711	10
712	10
713	10
714	1
715	1
716	10
717	10
718	10
719	10
720	10
721	10
722	10
723	10
724	10
725	10
726	10
727	10
728	10
729	10
730	10
731	10
732	13
733	13
734	13
735	13
736	13
737	6
738	12
739	12
740	12
741	12
742	12
743	12
744	12
745	13
746	13
747	13
748	13
749	13
750	13
751	13
752	13
753	13
754	13
755	13
756	13
757	13
758	13
759	13
760	13
761	13
762	13
763	13
764	13
765	13
766	12
767	12
768	12
769	12
770	13
771	13
772	12
773	12
774	12
775	12
776	12
777	12
778	12
779	12
780	12
781	12
782	12
783	12
784	12
785	7
786	12
787	12
788	12
789	12
790	12
791	7
792	7
793	7
794	7
795	7
796	7
797	7
798	7
799	7
800	7
801	12
802	12
803	12
804	12
805	7
806	7
807	7
808	12
809	12
810	12
811	4
812	4
813	4
814	4
815	4
816	3
817	4
818	4
819	4
820	4
821	4
822	4
823	4
824	4
825	3
826	4
827	4
828	3
829	4
830	4
831	4
832	3
833	3
834	4
835	4
836	4
837	4
838	4
839	3
840	4
841	3
842	4
843	4
844	4
845	4
846	4
847	4
848	4
849	4
850	4
851	4
852	4
853	4
854	4
855	3
856	4
857	4
858	8
859	8
860	8
861	8
862	8
863	8
864	8
865	8
866	8
867	8
868	8
869	8
870	8
871	4
872	4
873	3
874	4
875	4
876	4
877	4
878	4
879	4
880	4
881	4
882	4
883	4
884	4
885	4
886	4
887	4
888	4
889	4
890	4
891	4
892	4
893	4
894	4
895	4
896	4
897	3
898	4
899	4
900	4
901	4
902	4
903	4
904	4
905	4
906	3
907	4
908	4
909	3
910	4
911	4
912	4
913	4
914	4
915	4
916	3
917	4
918	4
919	3
920	4
921	4
922	4
923	4
924	4
925	4
926	3
927	4
928	4
929	4
930	4
931	4
932	4
933	4
934	3
935	4
936	4
937	4
938	4
939	4
940	4
941	4
942	4
943	4
944	4
945	4
946	4
947	4
948	4
949	4
950	4
951	4
952	4
953	4
954	4
955	4
956	4
957	4
958	4
959	4
960	4
961	4
962	4
963	4
964	4
965	4
966	4
967	4
968	4
969	4
970	3
971	3
972	4
973	4
974	4
975	4
976	4
977	4
978	4
979	4
980	3
981	3
982	11
983	4
984	11
985	6
986	6
987	6
988	6
989	6
990	6
991	6
992	6
993	6
994	6
995	6
996	6
997	6
998	6
999	6
1000	6
1001	6
1002	6
1003	6
1004	6
1005	6
1006	6
1007	11
1008	11
1009	6
1010	11
1011	4
1012	4
1013	11
1014	11
1015	4
1016	11
1017	11
1018	4
1019	4
1020	11
1021	11
1022	11
1023	11
1024	11
1025	11
1026	11
1027	11
1028	4
1029	4
1030	4
1031	4
1032	11
1033	4
1034	11
1035	11
1036	11
1037	11
1038	11
1039	4
1040	11
1041	11
1042	11
1043	11
1044	4
1045	4
1046	11
1047	11
1048	4
1049	4
1050	11
1051	4
1052	11
1053	11
1054	11
1055	11
1056	11
1057	11
1058	11
1059	4
1060	11
1061	11
1062	4
1063	11
1064	11
1065	11
1066	11
1067	11
1068	11
1069	11
1070	11
1071	4
1072	4
1073	4
1074	4
1075	8
1076	8
1077	8
1078	8
1079	8
1080	8
1081	8
1082	8
1083	8
1084	8
1085	8
1086	8
1087	6
1088	6
1089	6
1090	6
1091	6
1092	6
1093	6
1094	10
1095	10
1096	10
1097	10
1098	10
1099	10
1100	10
1101	10
1102	10
1103	10
1104	10
1105	10
1106	10
1107	3
1108	3
1109	3
1110	3
1111	3
1112	3
1113	3
1114	3
1115	3
1116	3
1117	3
1118	3
1119	3
1120	3
1121	3
1122	3
1123	3
1124	3
1125	3
1126	3
1127	3
1128	3
1129	3
1130	3
1131	3
1132	3
1133	3
1134	3
1135	3
1136	3
1137	3
1138	3
1139	3
1140	3
1141	3
1142	3
1143	3
1144	3
1145	3
1146	3
1147	3
1148	3
1149	3
1150	3
1151	3
1152	3
1153	3
1154	7
1155	7
1156	7
1157	7
1158	7
1159	7
1160	7
1161	7
1162	7
1163	7
1164	7
1165	7
1166	7
1167	7
1168	7
1169	11
1170	11
1171	4
1172	4
1173	11
1174	11
1175	11
1176	4
1177	4
1178	4
1179	4
1180	4
1181	4
1182	4
1183	4
1184	11
1185	4
1186	11
1187	11
1188	4
1189	11
1190	11
1191	11
1192	4
1193	11
1194	11
1195	11
1196	11
1197	4
1198	11
1199	4
1200	11
1201	11
1202	11
1203	11
1204	11
1205	11
1206	11
1207	11
1208	11
1209	11
1210	11
1211	11
1212	11
1213	11
1214	11
1215	11
1216	11
1217	11
1218	11
1219	11
1220	11
1221	11
1222	11
1223	11
1224	11
1225	11
1226	11
1227	11
1228	11
1229	11
1230	11
1231	11
1232	11
1233	11
1234	11
1235	11
1236	11
1237	11
1238	11
1239	11
1240	6
1241	6
1242	6
1243	6
1244	6
1245	6
1246	6
1247	6
1248	6
1249	6
1250	6
1251	6
1252	6
1253	13
1254	13
1255	13
1256	13
1257	13
1258	6
1259	6
1260	6
1261	6
1262	6
1263	6
1264	13
1265	13
1266	13
1267	13
1268	13
1269	13
1270	13
1271	13
1272	13
1273	13
1274	13
1275	13
1276	13
1277	13
1278	9
1279	9
1280	9
1281	6
1282	6
1283	6
1284	13
1285	13
1286	13
1287	13
1288	9
1289	9
1290	9
1291	9
1292	9
1293	9
1294	9
1295	9
1296	9
1297	9
1298	9
1299	9
1300	9
1301	9
1302	9
1303	13
1304	13
1305	13
1306	13
1307	13
1308	13
1309	13
1310	13
1311	13
1312	13
1313	13
1314	3
1315	3
1316	3
1317	3
1318	3
1319	3
1320	3
1321	3
1322	3
1323	3
1324	3
1325	3
1326	3
1327	3
1328	3
1329	3
1330	3
1331	3
1332	3
1333	3
1334	3
1335	3
1336	3
1337	3
1338	3
1339	3
1340	3
1341	3
1342	3
1343	3
1344	3
1345	3
1346	13
1347	13
1348	13
1349	13
1350	13
1351	13
1352	13
1353	13
1354	13
1355	13
1356	13
1357	13
1358	13
1359	13
1360	13
1361	13
1362	13
1363	3
1364	3
1365	3
1366	3
1367	3
1368	3
1369	3
1370	3
1371	3
1372	3
1373	3
1374	3
1375	3
1376	3
1377	3
1378	3
1379	3
1380	3
1381	7
1382	7
1383	7
1384	7
1385	7
1386	7
1387	7
1388	7
1389	7
1390	7
1391	7
1392	7
1393	7
1394	7
1395	7
1396	7
1397	13
1398	13
1399	13
1400	13
1401	13
1402	13
1403	13
1404	13
1405	13
1406	13
1407	13
1408	13
1409	13
1410	13
1411	13
1412	13
1413	13
1414	13
1415	13
1416	13
1417	13
1418	13
1419	13
1420	13
1421	13
1422	13
1423	13
1424	13
1425	13
1426	13
1427	13
1428	5
1429	5
1430	5
1431	5
1432	5
1433	5
1434	5
1435	5
1436	5
1437	5
1438	5
1439	5
1440	5
1441	5
1442	5
1443	5
1444	5
1445	5
1446	5
1447	5
1448	5
1449	5
1450	5
1451	5
1452	5
1453	5
1454	5
1455	5
1456	5
1457	5
1458	5
1459	5
1460	5
1461	5
1462	5
1463	5
1464	5
1465	10
1466	10
1467	10
1468	10
1469	10
1470	10
1471	10
1472	10
1473	10
1474	10
1475	10
1476	10
1477	10
1478	10
1479	10
1480	10
1481	10
1482	10
1483	10
1484	10
1485	10
1486	10
1487	10
1488	10
1489	13
1490	13
1491	5
1492	5
1493	13
1494	5
1495	13
1496	5
1497	13
1498	5
1499	13
1500	5
1501	8
1502	8
1503	8
1504	8
1505	8
1506	8
1507	8
1508	8
1509	8
1510	8
1511	8
1512	8
1513	8
1514	8
1515	8
1516	8
1517	8
1518	8
1519	8
1520	8
1521	8
1522	8
1523	8
1524	8
1525	8
1526	8
1527	8
1528	8
1529	12
1530	12
1531	12
1532	12
1533	12
1534	12
1535	12
1536	12
1537	12
1538	12
1539	12
1540	12
1541	12
1542	12
1543	12
1544	12
1545	12
1546	12
1547	12
1548	12
1549	12
1550	12
1551	12
1552	11
1553	11
1554	11
1555	11
1556	11
1557	11
1558	11
1559	11
1560	11
1561	11
1562	11
1563	11
1564	11
1565	11
1566	11
1567	11
1568	11
1569	11
1570	11
1571	11
1572	11
1573	11
1574	11
1575	11
1576	13
1577	13
1578	13
1579	13
1580	13
1581	13
1582	13
1583	13
1584	13
1585	13
1586	13
1587	13
1588	13
1589	13
1590	13
1591	13
1592	13
1593	13
1594	13
1595	13
1596	13
1597	13
1598	13
1599	13
1600	13
1601	13
1602	11
1603	11
1604	11
1605	11
1606	11
1607	11
1608	11
1609	11
1610	11
1611	11
1612	11
1613	11
1614	11
1615	11
1616	11
1617	11
1618	10
1619	10
1620	10
1621	10
1622	10
1623	10
1624	10
1625	10
1626	10
1627	10
1628	10
1629	11
1630	5
1631	5
1632	5
1633	5
1634	5
1635	5
1636	5
1637	5
1638	5
1639	11
1640	5
1641	11
1642	5
1643	5
1644	10
1645	10
1646	10
1647	10
1648	10
1649	5
1650	5
1651	5
1652	5
1653	5
1654	5
1655	5
1656	5
1658	5
1659	5
1660	5
1661	5
1662	5
1663	5
1664	5
1665	5
1666	5
1667	5
1668	5
1669	5
1670	5
1671	5
1672	5
1673	10
1674	5
1675	5
1676	5
1677	10
1678	6
1679	6
1680	6
1681	6
1682	6
1683	6
1684	6
1685	13
1686	13
1687	13
1688	13
1689	13
1690	13
1691	13
1692	13
1693	13
1694	13
1695	13
1696	13
1697	13
1698	13
1699	13
1700	13
1701	13
1702	13
1703	1
1704	1
1705	13
1706	13
1707	13
1708	13
1709	13
1710	13
1711	13
1712	13
1713	10
1714	10
1715	10
1716	10
1717	10
1718	10
1719	10
1720	10
1721	10
1722	10
1723	10
1724	10
1725	13
1726	13
1727	13
1728	10
1729	13
1730	13
1731	13
1732	13
1733	13
1734	13
1735	13
1736	13
1737	13
1738	13
1739	13
1740	13
1741	13
1742	1
1743	1
1744	1
1745	1
1746	1
1747	1
1748	1
1749	1
1750	1
1751	1
1752	1
1753	1
1754	1
1755	1
1756	1
1757	10
1758	10
1759	10
1760	10
1761	1
1762	1
1763	1
1764	1
1765	1
1766	1
1767	1
1768	1
1769	1
1770	1
1771	1
1772	1
1773	1
1774	10
1775	10
1776	10
1777	10
1778	10
1779	10
1780	10
1781	10
1782	10
1783	10
1784	10
1785	10
1786	10
1787	1
1788	1
1789	1
1790	1
1791	1
1792	1
1793	1
1794	1
1795	10
1796	10
1797	10
1798	10
1799	1
1800	1
1801	1
1802	1
1803	1
1804	1
1805	1
1806	1
1807	1
1808	1
1809	5
1810	5
1811	5
1812	5
1813	5
1814	5
1815	5
1816	5
1817	5
1818	5
1819	5
1820	5
1821	5
1822	5
1823	5
1824	5
1825	5
1826	5
1827	5
1828	5
1829	5
1830	10
1831	10
1832	10
1833	10
1834	10
1835	5
1836	5
1837	10
1838	5
1839	5
1840	3
1841	3
1842	3
1843	3
1844	3
1845	5
1846	5
1847	5
1848	5
1849	5
1850	5
1851	5
1852	5
1853	5
1854	5
1855	5
1856	5
1857	10
1858	10
1859	10
1860	10
1861	10
1862	10
1863	5
1864	5
1865	5
1866	5
1867	5
1868	5
1869	5
1870	5
1871	5
1872	6
1873	6
1874	6
1875	6
1876	6
1877	6
1878	6
1879	6
1880	6
1881	6
1882	6
1883	6
1884	6
1885	6
1886	6
1887	6
1888	6
1889	6
1890	6
1891	6
1892	6
1893	6
1894	6
1895	8
1896	8
1897	8
1898	7
1899	7
1900	7
1901	7
1902	7
1903	7
1904	8
1905	8
1906	13
1907	13
1908	13
1909	8
1910	8
1911	8
1912	13
1913	13
1914	13
1915	8
1916	7
1917	7
1918	7
1919	7
1920	7
1921	7
1922	7
1923	7
1924	8
1925	8
1926	8
1927	8
1928	8
1929	8
1930	8
1931	8
1932	13
1933	8
1934	8
1935	13
1936	8
1937	8
1938	13
1939	8
1940	8
1941	8
1942	13
1943	8
1944	8
1945	13
1946	13
1947	8
1948	13
1949	13
1950	8
1951	8
1952	8
1953	8
1954	8
1955	8
1956	8
1957	8
1958	8
1959	8
1960	8
1961	13
1962	8
1963	8
1964	8
1965	8
1966	13
1967	13
1968	8
1969	8
1970	8
1971	8
1972	8
1973	8
1974	8
1975	13
1976	11
1977	11
1978	11
1979	11
1980	11
1981	11
1982	12
1983	11
1984	11
1985	12
1986	11
1987	11
1988	11
1989	11
1990	11
1991	12
1992	11
1993	11
1994	11
1995	12
1996	11
1997	11
1998	11
1999	11
2000	11
2001	11
2002	11
2003	11
2004	11
2005	11
2006	11
2007	11
2008	11
2009	11
2010	11
2011	11
2012	12
2013	11
2014	11
2015	11
2016	11
2017	6
2018	6
2019	6
2020	6
2021	6
2022	6
2023	6
2024	6
2025	6
2026	6
2027	6
2028	6
2029	6
2030	6
2031	12
2032	12
2033	6
2034	6
2035	6
2036	6
2037	6
2038	10
2039	10
2040	10
2041	10
2042	10
2043	6
2044	6
2045	6
2046	6
2047	6
2048	10
2049	10
2050	6
2051	6
2052	6
2053	6
2054	6
2055	6
2056	6
2057	6
2058	11
2059	11
2060	11
2061	11
2062	11
2063	11
2064	11
2065	11
2066	11
2067	11
2068	6
2069	6
2070	6
2071	6
2072	6
2073	10
2074	6
2075	6
2076	6
2077	10
2078	10
2079	6
2080	10
2081	6
2082	10
2083	6
2084	6
2085	6
2086	6
2087	6
2088	6
2089	13
2090	13
2091	13
2092	13
2093	13
2094	13
2095	13
2096	8
2097	8
2098	8
2099	8
2100	8
2101	8
2102	8
2103	8
2104	8
2105	8
2106	8
2107	8
2108	8
2109	8
2110	8
2111	8
2112	8
2113	2
2114	2
2115	1
2116	1
2117	2
2118	2
2119	2
2120	2
2121	2
2122	2
2123	2
2124	6
2125	1
2126	2
2127	2
2128	2
2129	2
2130	2
2131	2
2132	2
2133	2
2134	2
2135	2
2136	2
2137	2
2138	2
2139	2
2140	2
2141	2
2142	2
2143	2
2144	2
2145	2
2146	2
2147	2
2148	2
2149	2
2150	1
2151	1
2152	1
2153	1
2154	2
2155	2
2156	2
2157	2
2158	1
2159	2
2160	1
2161	1
2162	1
2163	1
2164	1
2165	1
2166	2
2167	2
2168	2
2169	2
2170	2
2171	2
2172	2
2173	2
2174	2
2175	2
2176	2
2177	2
2178	1
2179	1
2180	1
2181	1
2182	2
2183	2
2184	2
2185	2
2186	2
2187	2
2188	2
2189	2
2190	2
2191	2
2192	2
2193	1
2194	2
2195	2
2196	2
2197	2
2198	2
2199	2
2200	2
2201	2
2202	2
2203	2
2204	1
2205	2
2206	2
2207	2
2208	2
2209	1
2210	1
2211	2
2212	2
2213	2
2214	2
2215	2
2216	2
2217	2
2218	2
2219	2
2220	2
2221	2
2222	2
2223	2
2224	1
2225	2
2226	2
2227	2
2228	2
2229	2
2230	1
2231	1
2232	1
2233	2
2234	2
2235	2
2236	2
2237	2
2238	2
2239	1
2240	2
2241	2
2242	2
2243	2
2244	2
2245	2
2246	1
2247	1
2248	1
2249	2
2250	2
2251	2
2252	2
2253	2
2254	2
2255	2
2256	1
2257	2
2258	2
2259	2
2260	1
2261	1
2262	1
2263	1
2264	1
2265	1
2266	2
2267	2
2268	2
2269	2
2270	2
2271	2
2272	2
2273	2
2274	2
2275	1
2276	1
2277	2
2278	2
2279	2
2280	2
2281	2
2282	2
2283	2
2284	6
2285	6
2286	2
2287	2
2288	2
2289	2
2290	2
2291	2
2292	2
2293	1
2294	2
2295	2
2296	2
2297	2
2298	2
2299	2
2300	2
2301	2
2302	2
2303	2
2304	2
2305	1
2306	1
2307	1
2308	2
2309	6
2310	6
2311	6
2312	4
2313	4
2314	4
2315	4
2316	4
2317	4
2318	4
2319	4
2320	4
2321	4
2322	4
2323	4
2324	4
2325	4
2326	4
2327	4
2328	4
2329	4
2330	8
2331	8
2332	8
2333	8
2334	8
2335	8
2336	8
2337	8
2338	8
2339	8
2340	8
2341	8
2342	8
2343	8
2344	8
2345	8
2346	4
2347	4
2348	4
2349	4
2350	4
2351	4
2352	4
2353	4
2354	4
2355	4
2356	4
2357	4
2358	4
2359	4
2360	4
2361	4
2362	4
2363	4
2364	4
2365	4
2366	5
2367	2
2368	5
2369	2
2370	5
2371	2
2372	2
2373	2
2374	5
2375	2
2376	5
2377	5
2378	5
2379	2
2380	2
2381	5
2382	2
2383	2
2384	5
2385	5
2386	5
2387	5
2388	5
2389	5
2390	5
2391	5
2392	5
2393	5
2394	5
2395	5
2396	5
2397	5
2398	5
2399	5
2400	2
2401	2
2402	2
2403	2
2404	2
2405	2
2406	5
2407	2
2408	5
2409	5
2410	2
2411	2
2412	2
2413	2
2414	2
2415	7
2416	7
2417	9
2418	9
2419	7
2420	7
2421	9
2422	7
2423	9
2424	7
2425	9
2426	9
2427	7
2428	7
2429	7
2430	7
2431	7
2432	9
2433	9
2434	7
2435	7
2436	7
2437	7
2438	7
2439	7
2440	7
2441	9
2442	7
2443	7
2444	9
2445	9
2446	9
2447	9
2448	9
2449	9
2450	9
2451	9
2452	9
2453	9
2454	9
2455	9
2456	9
2457	9
2458	9
2459	9
2460	9
2461	9
2462	9
2463	9
2464	9
2465	9
2466	9
2467	9
2468	9
2469	9
2470	9
2471	9
2472	9
2473	9
2474	9
2475	9
2476	9
2477	9
2478	9
2479	9
2480	9
2481	9
2482	9
2483	9
2484	9
2485	9
2486	9
2487	9
2488	9
2489	9
2490	9
2491	9
2492	9
2493	9
2494	9
2495	9
2496	7
2497	7
2498	9
2499	9
2500	9
2501	9
2502	7
2503	7
2504	7
2505	7
2506	7
2507	7
2508	9
2509	9
2510	9
2511	9
2512	9
2513	9
2514	9
2515	9
2516	9
2517	9
2518	9
2519	9
2520	9
2521	9
2522	9
2523	7
2524	7
2525	7
2526	9
2527	9
2528	7
2529	7
2530	7
2531	7
2532	7
2533	7
2534	7
2535	7
2536	7
2537	7
2538	7
2539	9
2540	7
2541	9
2542	7
2543	7
2544	9
2545	9
2546	9
2547	7
2548	7
2549	7
2550	9
2551	9
2552	7
2553	9
2554	9
2555	9
2556	9
2557	9
2558	7
2559	7
2560	7
2561	7
2562	7
2563	7
2564	7
2565	7
2566	7
2567	9
2568	7
2569	7
2570	7
2571	7
2572	7
2573	7
2574	7
2575	9
2576	9
2577	9
2578	9
2579	9
2580	9
2581	7
2582	9
2583	9
2584	9
2585	9
2586	9
2587	9
2588	9
2589	9
2590	9
2591	9
2592	9
2593	9
2594	9
2595	9
2596	9
2597	7
2598	7
2599	9
2600	9
2601	9
2602	9
2603	9
2604	7
2605	7
2606	6
2607	6
2608	6
2609	6
2610	6
2611	6
2612	6
2613	6
2614	6
2615	6
2616	6
2617	6
2618	6
2619	6
2620	6
2621	6
2622	6
2623	6
2624	6
2625	6
2626	6
2627	6
2628	6
2629	6
2630	6
2631	6
2632	6
2633	6
2634	6
2635	6
2636	6
2637	6
2638	6
2639	6
2640	12
2641	12
2642	12
2643	12
2644	12
2645	12
2646	12
2647	12
2648	12
2649	12
2650	12
2651	12
2652	12
2653	12
2654	12
2655	12
2656	12
2657	12
2658	12
2659	12
2660	12
2661	12
2662	12
2663	12
2664	12
2665	12
2666	12
2667	12
2668	12
2669	12
2670	12
2671	12
2672	12
2673	12
2674	12
2675	12
2676	12
2677	12
2678	12
2679	12
2680	12
2681	12
2682	12
2683	12
2684	12
2685	12
2686	12
2687	12
2688	8
2689	8
2690	8
2691	8
315	5
1657	5
