0	3
1	3
2	3
3	3
4	3
5	3
6	3
7	2
8	2
9	2
10	2
11	2
12	2
13	2
14	2
15	2
16	2
17	2
18	2
19	2
20	2
21	7
22	7
23	7
24	7
25	7
26	7
27	7
28	7
29	3
30	3
31	4
32	4
33	3
34	3
35	3
36	3
37	4
38	4
39	3
40	4
41	3
42	4
43	3
44	3
45	4
46	4
47	3
48	3
49	4
50	4
51	4
52	4
53	10
54	10
55	10
56	10
57	10
58	4
59	4
60	4
61	4
62	4
63	4
64	4
65	10
66	10
67	10
68	10
69	10
70	10
71	7
72	7
73	7
74	7
75	4
76	4
77	4
78	4
79	4
80	4
81	4
82	4
83	1
84	1
85	1
86	1
87	1
88	1
89	1
90	1
91	1
92	1
93	1
94	1
95	1
96	2
97	2
98	2
99	2
100	2
101	2
102	2
103	2
104	2
105	2
106	2
107	2
108	2
109	2
110	2
111	2
112	2
113	2
114	2
115	2
116	2
117	2
118	2
119	2
120	2
121	2
122	2
123	2
124	2
125	2
126	2
127	2
128	2
129	9
130	9
131	9
132	9
133	9
134	9
135	9
136	9
137	9
138	9
139	9
140	9
141	9
142	9
143	9
144	9
145	9
146	9
147	9
148	9
149	9
150	9
151	9
152	9
153	9
154	9
155	9
156	9
157	9
158	9
159	9
160	9
161	9
162	9
163	9
164	9
165	9
166	9
167	9
168	9
169	9
170	9
171	9
172	9
173	9
174	9
175	9
176	9
177	9
178	9
179	9
180	9
181	9
182	9
183	4
184	4
185	4
186	4
187	4
188	4
189	4
190	4
191	4
192	4
193	4
194	4
195	4
196	4
197	4
198	4
199	4
200	4
201	4
202	4
203	4
204	4
205	4
206	4
207	4
208	7
209	7
210	7
211	7
212	7
213	7
214	7
215	7
216	7
217	7
218	7
219	7
220	7
221	7
222	7
223	7
224	7
225	7
226	7
227	7
228	7
229	7
230	7
231	7
232	7
233	7
234	7
235	7
236	7
237	7
238	7
239	7
240	7
241	7
242	7
243	7
244	7
245	7
246	7
247	7
248	4
249	4
250	4
251	4
252	4
253	4
254	4
255	4
256	4
257	4
258	4
259	4
260	4
261	7
262	7
263	7
264	7
265	7
266	8
267	7
268	8
269	8
270	8
271	7
272	7
273	7
274	7
275	7
276	7
277	7
278	8
279	8
280	8
281	8
282	8
283	8
284	8
285	8
286	8
287	8
288	8
289	8
290	8
291	8
292	8
293	8
294	8
295	8
296	8
297	8
298	8
299	8
300	8
301	8
302	4
303	4
304	4
305	4
306	10
307	13
308	10
309	13
310	13
311	13
312	10
313	10
314	13
316	5
317	5
318	5
319	5
320	5
321	5
322	5
323	5
324	5
325	5
326	5
327	5
328	5
329	5
330	5
331	10
332	10
333	10
334	10
335	10
336	13
337	5
338	5
339	5
340	10
341	10
342	10
343	10
344	10
345	10
346	10
347	10
348	10
349	10
350	13
351	10
352	10
353	13
354	13
355	10
356	1
357	9
358	1
359	9
360	9
361	1
362	1
363	9
364	1
365	1
366	1
367	1
368	1
369	13
370	10
371	10
372	13
373	13
374	13
375	13
376	13
377	13
378	13
379	13
380	13
381	10
382	10
383	10
384	10
385	10
386	13
387	10
388	10
389	5
390	5
391	5
392	5
393	5
394	13
395	13
396	10
397	13
398	5
399	5
400	5
401	5
402	5
403	7
404	7
405	7
406	7
407	7
408	7
409	3
410	3
411	3
412	3
413	3
414	3
415	3
416	3
417	3
418	3
419	3
420	3
421	3
422	3
423	3
424	3
425	9
426	9
427	9
428	9
429	9
430	9
431	9
432	9
433	3
434	3
435	3
436	3
437	3
438	3
439	3
440	3
441	3
442	3
443	3
444	3
445	2
446	9
447	9
448	9
449	9
450	9
451	3
452	3
453	3
454	9
455	9
456	9
457	3
458	2
459	3
460	3
461	3
462	3
463	9
464	9
465	9
466	9
467	9
468	9
469	9
470	9
471	9
472	9
473	3
474	3
475	8
476	8
477	9
478	9
479	9
480	9
481	9
482	9
483	9
484	7
485	7
486	9
487	9
488	9
489	8
490	8
491	8
492	8
493	8
494	8
495	9
496	9
497	9
498	7
499	9
500	9
501	9
502	7
503	9
504	9
505	9
506	7
507	7
508	7
509	7
510	7
511	7
512	7
513	7
514	7
515	7
516	7
517	7
518	7
519	7
520	7
521	7
522	11
523	11
524	11
525	11
526	4
527	4
528	11
529	11
530	11
531	11
532	11
533	11
534	11
535	11
536	11
537	11
538	4
539	4
540	4
541	4
542	4
543	4
544	4
545	4
546	4
547	4
548	4
549	4
550	4
551	4
552	4
553	4
554	4
555	4
556	4
557	4
558	4
559	7
560	7
561	7
562	7
563	7
564	7
565	4
566	4
567	4
568	4
569	4
570	11
571	11
572	11
573	11
574	11
575	11
576	11
577	11
578	11
579	11
580	11
581	4
582	4
583	4
584	4
585	4
586	4
587	7
588	7
589	7
590	7
591	7
592	7
593	7
594	7
595	7
596	7
597	7
598	7
599	7
600	7
601	7
602	7
603	4
604	4
605	4
606	4
607	4
608	4
609	4
610	4
611	4
612	4
613	4
614	4
615	4
616	4
617	7
618	7
619	7
620	7
621	7
622	7
623	7
624	7
625	7
626	7
627	7
628	7
629	7
630	7
631	7
632	7
633	7
634	7
635	7
636	7
637	7
638	7
639	4
640	4
641	4
642	4
643	4
644	4
645	4
646	4
647	4
648	4
649	4
650	4
651	4
652	4
653	4
654	4
655	4
656	4
657	8
658	8
659	8
660	8
661	3
662	3
663	3
664	2
665	2
666	3
667	3
668	2
669	2
670	9
671	9
672	9
673	9
674	9
675	9
676	9
677	9
678	9
679	9
680	2
681	3
682	2
683	3
684	2
685	3
686	3
687	2
688	3
689	3
690	3
691	3
692	3
693	3
694	3
695	3
696	3
697	9
698	9
699	9
700	9
701	9
702	9
703	9
704	9
705	9
706	9
707	9
708	9
709	9
710	9
711	9
712	9
713	9
714	3
715	3
716	7
717	7
718	9
719	9
720	9
721	7
722	7
723	7
724	7
725	7
726	7
727	7
728	7
729	7
730	7
731	7
732	3
733	3
734	3
735	3
736	3
737	8
738	8
739	8
740	8
741	8
742	8
743	8
744	8
745	3
746	3
747	3
748	3
749	3
750	3
751	3
752	3
753	3
754	3
755	3
756	3
757	3
758	3
759	3
760	3
761	3
762	3
763	3
764	3
765	3
766	8
767	8
768	8
769	8
770	3
771	3
772	8
773	8
774	8
775	8
776	8
777	8
778	8
779	8
780	8
781	8
782	8
783	8
784	8
785	10
786	8
787	8
788	8
789	8
790	8
791	10
792	10
793	10
794	10
795	10
796	10
797	10
798	10
799	10
800	10
801	8
802	8
803	8
804	8
805	10
806	10
807	10
808	8
809	8
810	8
811	5
812	13
813	5
814	5
815	5
816	5
817	5
818	13
819	13
820	13
821	5
822	5
823	5
824	5
825	5
826	5
827	13
828	13
829	13
830	5
831	5
832	5
833	5
834	5
835	5
836	5
837	5
838	5
839	5
840	5
841	5
842	5
843	5
844	5
845	5
846	5
847	13
848	13
849	13
850	13
851	13
852	5
853	5
854	5
855	5
856	13
857	13
858	4
859	4
860	4
861	4
862	4
863	4
864	4
865	4
866	4
867	4
868	4
869	4
870	4
871	5
872	5
873	5
874	5
875	5
876	5
877	5
878	5
879	5
880	13
881	5
882	5
883	5
884	5
885	5
886	5
887	5
888	5
889	5
890	5
891	13
892	13
893	5
894	5
895	5
896	5
897	5
898	5
899	13
900	13
901	13
902	5
903	5
904	5
905	5
906	5
907	5
908	5
909	5
910	13
911	13
912	13
913	13
914	5
915	5
916	5
917	5
918	5
919	5
920	13
921	5
922	13
923	13
924	13
925	5
926	5
927	5
928	5
929	5
930	5
931	5
932	13
933	13
934	13
935	5
936	5
937	5
938	5
939	13
940	13
941	5
942	5
943	13
944	13
945	13
946	5
947	5
948	5
949	5
950	13
951	13
952	13
953	13
954	13
955	13
956	13
957	5
958	5
959	5
960	13
961	13
962	5
963	5
964	5
965	5
966	13
967	13
968	13
969	5
970	5
971	5
972	5
973	5
974	13
975	13
976	5
977	5
978	13
979	13
980	13
981	13
982	5
983	5
984	2
985	9
986	9
987	9
988	9
989	9
990	9
991	9
992	9
993	9
994	9
995	9
996	9
997	9
998	9
999	9
1000	9
1001	9
1002	9
1003	9
1004	9
1005	9
1006	9
1007	2
1008	5
1009	9
1010	2
1011	5
1012	5
1013	5
1014	5
1015	5
1016	5
1017	2
1018	5
1019	5
1020	2
1021	2
1022	2
1023	2
1024	5
1025	2
1026	2
1027	2
1028	5
1029	5
1030	5
1031	5
1032	5
1033	5
1034	2
1035	2
1036	2
1037	2
1038	2
1039	5
1040	2
1041	2
1042	2
1043	2
1044	5
1045	5
1046	2
1047	2
1048	5
1049	5
1050	2
1051	5
1052	5
1053	2
1054	2
1055	2
1056	2
1057	2
1058	2
1059	5
1060	2
1061	2
1062	5
1063	2
1064	2
1065	2
1066	2
1067	2
1068	2
1069	5
1070	2
1071	5
1072	5
1073	5
1074	5
1075	4
1076	4
1077	4
1078	4
1079	4
1080	4
1081	4
1082	4
1083	4
1084	4
1085	4
1086	4
1087	8
1088	8
1089	8
1090	8
1091	8
1092	8
1093	8
1094	7
1095	7
1096	7
1097	7
1098	7
1099	7
1100	7
1101	7
1102	7
1103	7
1104	7
1105	7
1106	7
1107	13
1108	13
1109	13
1110	13
1111	13
1112	13
1113	13
1114	10
1115	13
1116	10
1117	13
1118	10
1119	13
1120	13
1121	13
1122	10
1123	13
1124	10
1125	10
1126	13
1127	13
1128	13
1129	13
1130	13
1131	10
1132	10
1133	10
1134	13
1135	13
1136	10
1137	10
1138	13
1139	10
1140	13
1141	13
1142	13
1143	13
1144	13
1145	13
1146	10
1147	10
1148	13
1149	13
1150	13
1151	13
1152	13
1153	10
1154	10
1155	10
1156	10
1157	10
1158	10
1159	10
1160	10
1161	10
1162	10
1163	10
1164	10
1165	10
1166	10
1167	10
1168	10
1169	5
1170	2
1171	5
1172	5
1173	2
1174	2
1175	2
1176	5
1177	5
1178	5
1179	5
1180	5
1181	5
1182	5
1183	5
1184	2
1185	5
1186	5
1187	5
1188	5
1189	5
1190	2
1191	2
1192	5
1193	5
1194	2
1195	5
1196	2
1197	5
1198	2
1199	5
1200	13
1201	13
1202	13
1203	13
1204	13
1205	13
1206	13
1207	13
1208	13
1209	13
1210	13
1211	13
1212	13
1213	13
1214	13
1215	13
1216	13
1217	13
1218	13
1219	13
1220	13
1221	13
1222	13
1223	13
1224	13
1225	13
1226	13
1227	13
1228	13
1229	13
1230	13
1231	13
1232	13
1233	13
1234	13
1235	13
1236	13
1237	13
1238	13
1239	13
1240	8
1241	8
1242	8
1243	7
1244	8
1245	8
1246	8
1247	8
1248	7
1249	7
1250	7
1251	7
1252	7
1253	3
1254	3
1255	3
1256	3
1257	3
1258	7
1259	8
1260	7
1261	7
1262	8
1263	8
1264	3
1265	3
1266	3
1267	3
1268	3
1269	3
1270	3
1271	3
1272	3
1273	3
1274	3
1275	3
1276	3
1277	3
1278	10
1279	10
1280	10
1281	7
1282	8
1283	8
1284	3
1285	3
1286	3
1287	3
1288	10
1289	10
1290	10
1291	10
1292	10
1293	10
1294	10
1295	10
1296	10
1297	10
1298	10
1299	10
1300	10
1301	10
1302	10
1303	4
1304	4
1305	4
1306	4
1307	4
1308	4
1309	4
1310	4
1311	4
1312	4
1313	4
1314	10
1315	10
1316	10
1317	10
1318	10
1319	10
1320	10
1321	10
1322	10
1323	13
1324	10
1325	10
1326	10
1327	13
1328	10
1329	10
1330	13
1331	13
1332	13
1333	10
1334	10
1335	10
1336	10
1337	13
1338	10
1339	10
1340	10
1341	10
1342	10
1343	10
1344	13
1345	10
1346	4
1347	4
1348	4
1349	4
1350	4
1351	4
1352	4
1353	4
1354	4
1355	4
1356	4
1357	4
1358	4
1359	4
1360	4
1361	4
1362	4
1363	13
1364	13
1365	13
1366	13
1367	13
1368	13
1369	13
1370	13
1371	13
1372	13
1373	13
1374	13
1375	13
1376	13
1377	13
1378	13
1379	13
1380	13
1381	10
1382	10
1383	10
1384	10
1385	10
1386	10
1387	10
1388	10
1389	10
1390	10
1391	10
1392	10
1393	10
1394	10
1395	10
1396	10
1397	3
1398	4
1399	3
1400	4
1401	3
1402	4
1403	4
1404	3
1405	4
1406	4
1407	4
1408	3
1409	4
1410	3
1411	4
1412	3
1413	3
1414	3
1415	3
1416	3
1417	3
1418	3
1419	3
1420	3
1421	4
1422	3
1423	3
1424	3
1425	3
1426	3
1427	3
1428	11
1429	11
1430	11
1431	11
1432	11
1433	11
1434	11
1435	11
1436	11
1437	11
1438	11
1439	11
1440	11
1441	2
1442	2
1443	2
1444	2
1445	2
1446	2
1447	2
1448	2
1449	2
1450	2
1451	2
1452	2
1453	2
1454	2
1455	11
1456	11
1457	11
1458	11
1459	11
1460	11
1461	11
1462	11
1463	11
1464	11
1465	7
1466	7
1467	7
1468	7
1469	7
1470	7
1471	7
1472	7
1473	7
1474	7
1475	7
1476	7
1477	7
1478	7
1479	7
1480	7
1481	7
1482	7
1483	7
1484	7
1485	7
1486	7
1487	7
1488	7
1489	2
1490	2
1491	2
1492	2
1493	2
1494	2
1495	2
1496	2
1497	2
1498	2
1499	2
1500	2
1501	3
1502	3
1503	3
1504	3
1505	3
1506	3
1507	3
1508	3
1509	3
1510	3
1511	3
1512	3
1513	3
1514	3
1515	3
1516	3
1517	3
1518	3
1519	3
1520	3
1521	3
1522	3
1523	3
1524	3
1525	3
1526	3
1527	3
1528	3
1529	9
1530	9
1531	9
1532	9
1533	9
1534	9
1535	9
1536	9
1537	9
1538	9
1539	9
1540	9
1541	9
1542	9
1543	9
1544	9
1545	9
1546	9
1547	9
1548	9
1549	9
1550	9
1551	9
1552	1
1553	1
1554	1
1555	1
1556	1
1557	1
1558	1
1559	1
1560	1
1561	1
1562	1
1563	1
1564	1
1565	1
1566	1
1567	1
1568	1
1569	1
1570	1
1571	1
1572	1
1573	1
1574	1
1575	1
1576	3
1577	3
1578	3
1579	3
1580	3
1581	3
1582	3
1583	3
1584	3
1585	3
1586	3
1587	3
1588	3
1589	3
1590	3
1591	3
1592	3
1593	4
1594	4
1595	4
1596	4
1597	4
1598	4
1599	4
1600	4
1601	4
1602	1
1603	1
1604	11
1605	1
1606	1
1607	1
1608	11
1609	1
1610	11
1611	11
1612	11
1613	1
1614	1
1615	1
1616	1
1617	1
1618	7
1619	7
1620	7
1621	7
1622	7
1623	7
1624	7
1625	7
1626	7
1627	7
1628	7
1629	13
1630	2
1631	13
1632	2
1633	13
1634	13
1635	13
1636	13
1637	13
1638	13
1639	13
1640	13
1641	13
1642	13
1643	13
1644	7
1645	7
1646	7
1647	7
1648	7
1649	13
1650	13
1651	13
1652	13
1653	13
1654	13
1655	13
1656	13
1658	13
1659	13
1660	13
1661	13
1662	13
1663	13
1664	13
1665	13
1666	2
1667	2
1668	2
1669	13
1670	13
1671	13
1672	13
1673	7
1674	13
1675	13
1676	13
1677	7
1678	8
1679	8
1680	8
1681	8
1682	8
1683	8
1684	8
1685	3
1686	3
1687	3
1688	3
1689	3
1690	3
1691	3
1692	3
1693	3
1694	3
1695	3
1696	3
1697	3
1698	3
1699	3
1700	3
1701	2
1702	2
1703	6
1704	6
1705	2
1706	2
1707	3
1708	2
1709	2
1710	2
1711	3
1712	2
1713	7
1714	7
1715	7
1716	7
1717	7
1718	7
1719	7
1720	7
1721	7
1722	7
1723	7
1724	7
1725	3
1726	2
1727	2
1728	7
1729	3
1730	2
1731	2
1732	2
1733	2
1734	3
1735	2
1736	2
1737	2
1738	2
1739	2
1740	2
1741	2
1742	11
1743	2
1744	11
1745	11
1746	2
1747	2
1748	11
1749	2
1750	2
1751	2
1752	2
1753	11
1754	2
1755	2
1756	2
1757	7
1758	7
1759	7
1760	7
1761	2
1762	11
1763	11
1764	2
1765	11
1766	2
1767	2
1768	11
1769	2
1770	11
1771	11
1772	2
1773	2
1774	7
1775	7
1776	7
1777	7
1778	7
1779	7
1780	7
1781	7
1782	7
1783	7
1784	7
1785	7
1786	7
1787	2
1788	11
1789	11
1790	2
1791	2
1792	2
1793	11
1794	2
1795	7
1796	7
1797	7
1798	7
1799	11
1800	2
1801	2
1802	11
1803	11
1804	11
1805	11
1806	2
1807	11
1808	11
1809	6
1810	2
1811	6
1812	6
1813	6
1814	6
1815	6
1816	6
1817	6
1818	2
1819	6
1820	2
1821	6
1822	2
1823	6
1824	6
1825	2
1826	2
1827	2
1828	2
1829	2
1830	7
1831	7
1832	7
1833	7
1834	7
1835	6
1836	6
1837	7
1838	6
1839	6
1840	1
1841	1
1842	1
1843	1
1844	1
1845	2
1846	6
1847	6
1848	6
1849	2
1850	6
1851	6
1852	6
1853	6
1854	6
1855	6
1856	6
1857	7
1858	7
1859	7
1860	7
1861	7
1862	7
1863	6
1864	6
1865	6
1866	6
1867	6
1868	2
1869	6
1870	6
1871	2
1872	8
1873	8
1874	8
1875	8
1876	8
1877	8
1878	8
1879	8
1880	8
1881	8
1882	8
1883	8
1884	8
1885	8
1886	8
1887	8
1888	8
1889	8
1890	8
1891	8
1892	8
1893	8
1894	8
1895	4
1896	4
1897	4
1898	10
1899	10
1900	10
1901	10
1902	10
1903	10
1904	4
1905	4
1906	4
1907	4
1908	4
1909	4
1910	4
1911	4
1912	4
1913	4
1914	4
1915	4
1916	10
1917	10
1918	10
1919	10
1920	10
1921	10
1922	10
1923	10
1924	4
1925	4
1926	4
1927	4
1928	4
1929	4
1930	4
1931	4
1932	4
1933	4
1934	4
1935	4
1936	4
1937	4
1938	4
1939	4
1940	4
1941	4
1942	4
1943	4
1944	4
1945	4
1946	4
1947	4
1948	4
1949	4
1950	4
1951	4
1952	4
1953	4
1954	4
1955	4
1956	4
1957	4
1958	4
1959	4
1960	4
1961	4
1962	4
1963	4
1964	4
1965	4
1966	4
1967	4
1968	4
1969	4
1970	4
1971	4
1972	4
1973	4
1974	4
1975	4
1976	1
1977	9
1978	1
1979	9
1980	1
1981	9
1982	9
1983	1
1984	9
1985	9
1986	9
1987	1
1988	1
1989	1
1990	1
1991	9
1992	1
1993	1
1994	1
1995	9
1996	1
1997	1
1998	1
1999	1
2000	1
2001	1
2002	1
2003	1
2004	1
2005	1
2006	1
2007	1
2008	1
2009	9
2010	9
2011	9
2012	9
2013	1
2014	1
2015	9
2016	1
2017	8
2018	8
2019	8
2020	8
2021	8
2022	8
2023	8
2024	8
2025	8
2026	8
2027	8
2028	8
2029	8
2030	9
2031	9
2032	9
2033	9
2034	9
2035	8
2036	8
2037	8
2038	7
2039	7
2040	7
2041	7
2042	7
2043	8
2044	8
2045	8
2046	8
2047	9
2048	7
2049	7
2050	8
2051	8
2052	8
2053	8
2054	8
2055	8
2056	8
2057	9
2058	1
2059	1
2060	1
2061	1
2062	1
2063	1
2064	1
2065	1
2066	1
2067	1
2068	8
2069	8
2070	8
2071	8
2072	8
2073	7
2074	8
2075	8
2076	8
2077	7
2078	7
2079	8
2080	7
2081	8
2082	8
2083	8
2084	8
2085	8
2086	8
2087	8
2088	8
2089	3
2090	3
2091	3
2092	3
2093	3
2094	3
2095	3
2096	3
2097	3
2098	3
2099	3
2100	3
2101	3
2102	3
2103	3
2104	3
2105	3
2106	3
2107	3
2108	3
2109	3
2110	3
2111	3
2112	3
2113	11
2114	6
2115	6
2116	6
2117	6
2118	11
2119	11
2120	6
2121	6
2122	11
2123	11
2124	8
2125	6
2126	6
2127	6
2128	6
2129	6
2130	11
2131	6
2132	6
2133	11
2134	11
2135	6
2136	11
2137	11
2138	11
2139	6
2140	11
2141	11
2142	11
2143	11
2144	11
2145	6
2146	11
2147	11
2148	6
2149	11
2150	6
2151	6
2152	6
2153	6
2154	11
2155	11
2156	11
2157	11
2158	6
2159	11
2160	6
2161	6
2162	6
2163	6
2164	6
2165	6
2166	11
2167	11
2168	11
2169	6
2170	6
2171	11
2172	6
2173	6
2174	11
2175	11
2176	11
2177	11
2178	6
2179	6
2180	6
2181	6
2182	6
2183	6
2184	6
2185	6
2186	6
2187	6
2188	11
2189	6
2190	6
2191	6
2192	6
2193	6
2194	11
2195	11
2196	11
2197	11
2198	6
2199	11
2200	6
2201	11
2202	11
2203	11
2204	6
2205	6
2206	6
2207	6
2208	6
2209	6
2210	6
2211	11
2212	11
2213	6
2214	6
2215	11
2216	11
2217	6
2218	6
2219	6
2220	6
2221	6
2222	11
2223	11
2224	6
2225	6
2226	6
2227	6
2228	11
2229	11
2230	6
2231	6
2232	6
2233	11
2234	11
2235	6
2236	11
2237	11
2238	11
2239	6
2240	6
2241	11
2242	11
2243	11
2244	11
2245	11
2246	6
2247	6
2248	6
2249	6
2250	6
2251	6
2252	6
2253	11
2254	11
2255	11
2256	6
2257	6
2258	6
2259	6
2260	6
2261	6
2262	6
2263	6
2264	6
2265	6
2266	11
2267	6
2268	6
2269	11
2270	11
2271	11
2272	6
2273	11
2274	6
2275	6
2276	6
2277	11
2278	11
2279	11
2280	6
2281	6
2282	11
2283	11
2284	8
2285	8
2286	11
2287	11
2288	6
2289	6
2290	6
2291	6
2292	6
2293	6
2294	6
2295	6
2296	6
2297	11
2298	11
2299	11
2300	11
2301	6
2302	11
2303	6
2304	11
2305	6
2306	6
2307	6
2308	6
2309	8
2310	8
2311	8
2312	5
2313	5
2314	5
2315	5
2316	5
2317	5
2318	5
2319	5
2320	5
2321	5
2322	5
2323	5
2324	5
2325	5
2326	5
2327	5
2328	5
2329	5
2330	4
2331	4
2332	4
2333	4
2334	4
2335	4
2336	4
2337	4
2338	4
2339	4
2340	4
2341	4
2342	4
2343	4
2344	4
2345	4
2346	5
2347	5
2348	5
2349	5
2350	5
2351	5
2352	5
2353	5
2354	5
2355	5
2356	5
2357	5
2358	5
2359	5
2360	5
2361	5
2362	5
2363	5
2364	5
2365	5
2366	11
2367	11
2368	11
2369	11
2370	11
2371	11
2372	11
2373	11
2374	11
2375	11
2376	11
2377	11
2378	11
2379	11
2380	11
2381	11
2382	11
2383	11
2384	11
2385	11
2386	11
2387	11
2388	11
2389	11
2390	11
2391	11
2392	11
2393	11
2394	11
2395	11
2396	11
2397	11
2398	11
2399	11
2400	11
2401	11
2402	11
2403	11
2404	11
2405	11
2406	11
2407	11
2408	11
2409	11
2410	11
2411	11
2412	11
2413	11
2414	11
2415	12
2416	10
2417	12
2418	12
2419	12
2420	12
2421	12
2422	10
2423	12
2424	12
2425	12
2426	12
2427	12
2428	12
2429	12
2430	12
2431	12
2432	12
2433	12
2434	12
2435	12
2436	10
2437	12
2438	12
2439	12
2440	12
2441	12
2442	12
2443	12
2444	12
2445	12
2446	12
2447	12
2448	12
2449	12
2450	12
2451	12
2452	12
2453	12
2454	12
2455	12
2456	12
2457	12
2458	12
2459	12
2460	12
2461	12
2462	12
2463	12
2464	12
2465	12
2466	12
2467	12
2468	12
2469	12
2470	12
2471	12
2472	12
2473	12
2474	12
2475	12
2476	12
2477	12
2478	12
2479	12
2480	12
2481	12
2482	12
2483	12
2484	12
2485	12
2486	12
2487	12
2488	12
2489	12
2490	12
2491	12
2492	12
2493	12
2494	12
2495	12
2496	12
2497	12
2498	10
2499	10
2500	12
2501	12
2502	10
2503	10
2504	10
2505	10
2506	10
2507	10
2508	10
2509	10
2510	10
2511	10
2512	10
2513	10
2514	10
2515	12
2516	12
2517	12
2518	12
2519	12
2520	12
2521	12
2522	12
2523	12
2524	12
2525	12
2526	12
2527	12
2528	10
2529	12
2530	12
2531	12
2532	12
2533	12
2534	12
2535	12
2536	12
2537	12
2538	12
2539	12
2540	12
2541	12
2542	12
2543	12
2544	12
2545	12
2546	12
2547	12
2548	12
2549	12
2550	12
2551	12
2552	12
2553	12
2554	12
2555	12
2556	12
2557	12
2558	10
2559	10
2560	10
2561	10
2562	10
2563	12
2564	12
2565	12
2566	12
2567	12
2568	12
2569	12
2570	12
2571	10
2572	12
2573	10
2574	12
2575	12
2576	12
2577	12
2578	12
2579	12
2580	12
2581	12
2582	12
2583	12
2584	12
2585	12
2586	12
2587	10
2588	10
2589	10
2590	10
2591	10
2592	10
2593	10
2594	12
2595	12
2596	12
2597	10
2598	10
2599	12
2600	12
2601	12
2602	12
2603	12
2604	12
2605	12
2606	8
2607	8
2608	8
2609	8
2610	8
2611	8
2612	8
2613	8
2614	8
2615	8
2616	8
2617	8
2618	8
2619	8
2620	8
2621	8
2622	8
2623	8
2624	8
2625	8
2626	8
2627	8
2628	8
2629	8
2630	8
2631	8
2632	8
2633	8
2634	8
2635	8
2636	8
2637	8
2638	8
2639	8
2640	1
2641	1
2642	1
2643	1
2644	1
2645	1
2646	1
2647	1
2648	1
2649	1
2650	1
2651	1
2652	1
2653	1
2654	1
2655	1
2656	1
2657	9
2658	9
2659	1
2660	1
2661	9
2662	9
2663	1
2664	1
2665	1
2666	1
2667	1
2668	1
2669	1
2670	1
2671	1
2672	1
2673	1
2674	9
2675	9
2676	1
2677	1
2678	9
2679	1
2680	1
2681	1
2682	1
2683	1
2684	1
2685	1
2686	1
2687	1
2688	4
2689	4
2690	4
2691	4
315	5
1657	13
