0	2
1	2
2	2
3	2
4	2
5	2
6	2
7	9
8	9
9	9
10	9
11	9
12	9
13	9
14	9
15	9
16	9
17	9
18	9
19	9
20	9
21	12
22	12
23	12
24	12
25	12
26	12
27	12
28	12
29	7
30	6
31	7
32	7
33	6
34	7
35	7
36	6
37	7
38	7
39	6
40	7
41	6
42	7
43	6
44	6
45	7
46	7
47	6
48	6
49	7
50	7
51	7
52	7
53	1
54	1
55	1
56	1
57	1
58	7
59	7
60	7
61	7
62	7
63	7
64	7
65	1
66	1
67	1
68	1
69	1
70	1
71	12
72	12
73	12
74	12
75	7
76	7
77	7
78	7
79	7
80	7
81	7
82	7
83	5
84	5
85	5
86	3
87	3
88	3
89	5
90	5
91	5
92	5
93	5
94	5
95	3
96	9
97	9
98	9
99	9
100	9
101	9
102	9
103	9
104	9
105	9
106	9
107	9
108	9
109	9
110	9
111	9
112	9
113	9
114	9
115	9
116	9
117	9
118	9
119	9
120	9
121	9
122	9
123	9
124	9
125	9
126	9
127	9
128	9
129	11
130	11
131	11
132	11
133	11
134	11
135	11
136	11
137	11
138	11
139	11
140	11
141	11
142	11
143	11
144	11
145	11
146	11
147	11
148	11
149	11
150	11
151	11
152	11
153	11
154	11
155	11
156	11
157	11
158	11
159	11
160	11
161	11
162	11
163	11
164	11
165	11
166	5
167	5
168	5
169	5
170	5
171	5
172	5
173	5
174	5
175	5
176	5
177	5
178	5
179	5
180	5
181	5
182	5
183	2
184	2
185	2
186	2
187	2
188	2
189	2
190	2
191	2
192	2
193	2
194	2
195	2
196	2
197	2
198	2
199	2
200	2
201	2
202	2
203	2
204	2
205	2
206	2
207	2
208	12
209	12
210	12
211	12
212	12
213	12
214	12
215	12
216	12
217	12
218	12
219	12
220	12
221	12
222	12
223	12
224	12
225	12
226	12
227	12
228	12
229	12
230	12
231	12
232	12
233	12
234	12
235	12
236	12
237	12
238	12
239	12
240	12
241	12
242	12
243	12
244	12
245	12
246	12
247	12
248	2
249	2
250	2
251	2
252	2
253	2
254	2
255	2
256	2
257	2
258	2
259	2
260	2
261	12
262	12
263	12
264	12
265	12
266	8
267	12
268	8
269	8
270	8
271	12
272	12
273	12
274	12
275	12
276	12
277	12
278	8
279	8
280	8
281	8
282	8
283	8
284	8
285	8
286	8
287	8
288	8
289	8
290	8
291	8
292	8
293	8
294	8
295	8
296	8
297	8
298	8
299	8
300	8
301	8
302	2
303	2
304	2
305	2
306	1
307	1
308	1
309	3
310	1
311	1
312	1
313	1
314	1
316	6
317	6
318	6
319	6
320	6
321	6
322	6
323	6
324	6
325	6
326	6
327	6
328	6
329	6
330	6
331	1
332	1
333	1
334	1
335	1
336	1
337	6
338	6
339	6
340	1
341	1
342	1
343	1
344	1
345	1
346	1
347	1
348	1
349	1
350	1
351	1
352	1
353	1
354	1
355	1
356	3
357	3
358	3
359	3
360	3
361	3
362	3
363	3
364	3
365	3
366	3
367	3
368	3
369	1
370	1
371	1
372	1
373	1
374	1
375	1
376	1
377	1
378	1
379	1
380	1
381	1
382	1
383	1
384	1
385	1
386	1
387	1
388	1
389	6
390	6
391	6
392	6
393	6
394	1
395	1
396	1
397	1
398	6
399	6
400	6
401	6
402	6
403	12
404	12
405	12
406	12
407	12
408	12
409	7
410	7
411	7
412	7
413	7
414	7
415	7
416	7
417	7
418	7
419	7
420	7
421	7
422	7
423	7
424	7
425	5
426	5
427	5
428	5
429	5
430	5
431	5
432	5
433	7
434	7
435	7
436	7
437	7
438	7
439	7
440	7
441	7
442	7
443	7
444	7
445	7
446	5
447	5
448	5
449	5
450	5
451	7
452	7
453	7
454	5
455	5
456	5
457	7
458	7
459	7
460	7
461	7
462	7
463	5
464	5
465	5
466	5
467	5
468	5
469	5
470	5
471	5
472	5
473	7
474	7
475	8
476	8
477	11
478	11
479	11
480	11
481	11
482	11
483	11
484	12
485	12
486	11
487	11
488	11
489	8
490	8
491	8
492	8
493	8
494	8
495	11
496	11
497	11
498	12
499	11
500	11
501	11
502	12
503	11
504	11
505	11
506	12
507	12
508	12
509	12
510	12
511	12
512	12
513	12
514	12
515	12
516	12
517	12
518	12
519	12
520	12
521	12
522	5
523	5
524	5
525	5
526	2
527	2
528	5
529	5
530	5
531	5
532	5
533	5
534	5
535	5
536	5
537	5
538	2
539	2
540	2
541	2
542	2
543	2
544	2
545	2
546	2
547	2
548	2
549	2
550	2
551	2
552	2
553	2
554	2
555	2
556	2
557	2
558	2
559	12
560	12
561	12
562	12
563	12
564	12
565	2
566	2
567	2
568	2
569	2
570	5
571	5
572	5
573	5
574	5
575	5
576	5
577	5
578	5
579	5
580	5
581	2
582	2
583	2
584	2
585	2
586	2
587	12
588	12
589	12
590	12
591	12
592	12
593	12
594	12
595	12
596	12
597	12
598	12
599	12
600	12
601	12
602	12
603	2
604	2
605	2
606	2
607	2
608	2
609	2
610	2
611	2
612	2
613	2
614	2
615	2
616	2
617	12
618	12
619	12
620	12
621	12
622	12
623	12
624	12
625	12
626	12
627	12
628	12
629	12
630	12
631	12
632	12
633	12
634	12
635	12
636	12
637	12
638	12
639	2
640	2
641	2
642	2
643	2
644	2
645	2
646	2
647	2
648	2
649	2
650	2
651	2
652	2
653	2
654	2
655	2
656	2
657	8
658	8
659	8
660	8
661	7
662	7
663	7
664	7
665	7
666	7
667	7
668	7
669	7
670	11
671	11
672	11
673	11
674	11
675	11
676	11
677	11
678	11
679	11
680	7
681	7
682	7
683	7
684	7
685	7
686	7
687	7
688	7
689	7
690	7
691	7
692	7
693	7
694	7
695	7
696	7
697	11
698	11
699	11
700	11
701	11
702	11
703	11
704	11
705	11
706	11
707	11
708	11
709	11
710	11
711	11
712	11
713	11
714	7
715	7
716	12
717	12
718	11
719	11
720	11
721	12
722	12
723	12
724	12
725	12
726	12
727	12
728	12
729	12
730	12
731	12
732	6
733	6
734	6
735	6
736	6
737	8
738	8
739	8
740	8
741	8
742	8
743	8
744	8
745	6
746	6
747	6
748	6
749	6
750	6
751	6
752	6
753	6
754	6
755	6
756	6
757	6
758	6
759	6
760	6
761	6
762	6
763	6
764	6
765	6
766	8
767	8
768	8
769	8
770	6
771	6
772	8
773	8
774	8
775	8
776	8
777	8
778	8
779	8
780	8
781	8
782	8
783	8
784	8
785	10
786	8
787	8
788	8
789	8
790	8
791	10
792	10
793	10
794	10
795	10
796	10
797	10
798	10
799	10
800	10
801	8
802	8
803	8
804	8
805	10
806	10
807	10
808	8
809	8
810	8
811	1
812	9
813	1
814	9
815	1
816	1
817	9
818	9
819	9
820	9
821	9
822	1
823	9
824	1
825	1
826	1
827	9
828	1
829	9
830	1
831	1
832	1
833	1
834	9
835	9
836	1
837	9
838	1
839	1
840	9
841	1
842	9
843	9
844	9
845	1
846	9
847	9
848	9
849	9
850	9
851	9
852	1
853	1
854	9
855	1
856	9
857	9
858	2
859	2
860	2
861	2
862	2
863	2
864	2
865	2
866	2
867	2
868	2
869	2
870	2
871	1
872	1
873	1
874	1
875	9
876	1
877	1
878	1
879	1
880	1
881	1
882	1
883	9
884	1
885	9
886	1
887	9
888	9
889	1
890	1
891	9
892	9
893	9
894	9
895	9
896	1
897	1
898	9
899	9
900	9
901	9
902	9
903	9
904	1
905	9
906	1
907	9
908	9
909	1
910	9
911	9
912	9
913	9
914	9
915	1
916	1
917	1
918	1
919	1
920	9
921	9
922	9
923	9
924	1
925	9
926	1
927	9
928	9
929	1
930	9
931	9
932	9
933	9
934	1
935	9
936	1
937	1
938	9
939	9
940	9
941	1
942	9
943	9
944	9
945	9
946	1
947	9
948	9
949	9
950	9
951	9
952	9
953	9
954	9
955	9
956	9
957	9
958	9
959	1
960	9
961	9
962	9
963	1
964	9
965	1
966	9
967	1
968	9
969	9
970	1
971	1
972	9
973	9
974	9
975	9
976	9
977	9
978	1
979	9
980	1
981	1
982	6
983	6
984	6
985	5
986	5
987	5
988	5
989	5
990	5
991	5
992	5
993	5
994	5
995	5
996	5
997	5
998	5
999	5
1000	5
1001	5
1002	5
1003	5
1004	5
1005	5
1006	5
1007	6
1008	6
1009	5
1010	6
1011	6
1012	6
1013	6
1014	6
1015	6
1016	6
1017	6
1018	6
1019	6
1020	6
1021	6
1022	6
1023	6
1024	6
1025	6
1026	6
1027	6
1028	6
1029	6
1030	6
1031	6
1032	6
1033	6
1034	6
1035	6
1036	6
1037	6
1038	6
1039	6
1040	6
1041	6
1042	6
1043	6
1044	6
1045	6
1046	6
1047	6
1048	6
1049	6
1050	6
1051	6
1052	6
1053	6
1054	6
1055	6
1056	6
1057	6
1058	6
1059	6
1060	6
1061	6
1062	6
1063	6
1064	6
1065	6
1066	6
1067	6
1068	6
1069	6
1070	6
1071	6
1072	6
1073	6
1074	6
1075	2
1076	2
1077	2
1078	2
1079	2
1080	2
1081	2
1082	2
1083	2
1084	2
1085	2
1086	2
1087	8
1088	8
1089	8
1090	8
1091	8
1092	8
1093	8
1094	12
1095	12
1096	12
1097	12
1098	12
1099	12
1100	12
1101	12
1102	12
1103	12
1104	12
1105	12
1106	12
1107	3
1108	3
1109	3
1110	3
1111	3
1112	1
1113	3
1114	1
1115	3
1116	1
1117	1
1118	1
1119	3
1120	1
1121	3
1122	1
1123	3
1124	1
1125	1
1126	3
1127	3
1128	3
1129	3
1130	1
1131	1
1132	1
1133	1
1134	3
1135	3
1136	1
1137	1
1138	1
1139	1
1140	3
1141	3
1142	3
1143	1
1144	3
1145	3
1146	1
1147	1
1148	3
1149	3
1150	3
1151	3
1152	3
1153	1
1154	10
1155	10
1156	10
1157	10
1158	10
1159	10
1160	10
1161	10
1162	10
1163	10
1164	10
1165	10
1166	10
1167	10
1168	10
1169	6
1170	6
1171	6
1172	6
1173	6
1174	6
1175	6
1176	6
1177	6
1178	6
1179	6
1180	6
1181	6
1182	6
1183	6
1184	6
1185	6
1186	6
1187	6
1188	6
1189	6
1190	6
1191	6
1192	6
1193	6
1194	6
1195	6
1196	6
1197	6
1198	6
1199	6
1200	3
1201	3
1202	3
1203	3
1204	3
1205	3
1206	3
1207	3
1208	3
1209	3
1210	3
1211	3
1212	3
1213	3
1214	3
1215	3
1216	3
1217	3
1218	3
1219	3
1220	3
1221	3
1222	3
1223	3
1224	3
1225	3
1226	3
1227	3
1228	3
1229	3
1230	3
1231	3
1232	3
1233	3
1234	3
1235	3
1236	3
1237	3
1238	3
1239	3
1240	12
1241	11
1242	11
1243	12
1244	11
1245	11
1246	11
1247	11
1248	12
1249	12
1250	12
1251	12
1252	12
1253	7
1254	7
1255	7
1256	7
1257	7
1258	12
1259	12
1260	12
1261	12
1262	11
1263	11
1264	7
1265	7
1266	7
1267	7
1268	7
1269	7
1270	7
1271	7
1272	7
1273	7
1274	7
1275	7
1276	7
1277	7
1278	10
1279	10
1280	10
1281	12
1282	11
1283	11
1284	7
1285	7
1286	7
1287	7
1288	10
1289	10
1290	10
1291	10
1292	10
1293	10
1294	10
1295	10
1296	10
1297	10
1298	10
1299	10
1300	10
1301	10
1302	10
1303	2
1304	2
1305	2
1306	2
1307	2
1308	2
1309	2
1310	2
1311	2
1312	2
1313	2
1314	1
1315	1
1316	1
1317	1
1318	1
1319	1
1320	1
1321	1
1322	1
1323	1
1324	1
1325	1
1326	1
1327	1
1328	1
1329	1
1330	1
1331	1
1332	1
1333	1
1334	1
1335	1
1336	1
1337	1
1338	1
1339	1
1340	1
1341	1
1342	1
1343	1
1344	1
1345	1
1346	7
1347	2
1348	2
1349	2
1350	2
1351	2
1352	2
1353	2
1354	2
1355	2
1356	2
1357	2
1358	2
1359	2
1360	2
1361	2
1362	2
1363	3
1364	3
1365	3
1366	3
1367	3
1368	3
1369	3
1370	3
1371	3
1372	3
1373	3
1374	3
1375	3
1376	3
1377	3
1378	3
1379	3
1380	3
1381	10
1382	10
1383	10
1384	10
1385	10
1386	10
1387	10
1388	10
1389	10
1390	10
1391	10
1392	10
1393	10
1394	10
1395	10
1396	10
1397	7
1398	7
1399	7
1400	7
1401	7
1402	7
1403	7
1404	7
1405	7
1406	7
1407	7
1408	7
1409	7
1410	7
1411	7
1412	7
1413	7
1414	7
1415	7
1416	7
1417	7
1418	7
1419	7
1420	7
1421	7
1422	7
1423	7
1424	7
1425	7
1426	7
1427	7
1428	5
1429	5
1430	5
1431	4
1432	5
1433	5
1434	5
1435	5
1436	5
1437	5
1438	5
1439	4
1440	4
1441	9
1442	9
1443	9
1444	9
1445	9
1446	9
1447	9
1448	9
1449	9
1450	9
1451	9
1452	9
1453	9
1454	9
1455	5
1456	5
1457	4
1458	5
1459	5
1460	4
1461	5
1462	5
1463	5
1464	4
1465	12
1466	12
1467	12
1468	12
1469	12
1470	12
1471	12
1472	12
1473	12
1474	12
1475	12
1476	12
1477	12
1478	12
1479	12
1480	12
1481	12
1482	12
1483	12
1484	12
1485	12
1486	12
1487	12
1488	12
1489	6
1490	6
1491	6
1492	6
1493	6
1494	6
1495	6
1496	6
1497	6
1498	6
1499	6
1500	6
1501	7
1502	7
1503	7
1504	7
1505	7
1506	7
1507	7
1508	7
1509	7
1510	7
1511	7
1512	7
1513	7
1514	7
1515	7
1516	7
1517	7
1518	7
1519	7
1520	7
1521	7
1522	7
1523	7
1524	7
1525	7
1526	7
1527	7
1528	7
1529	5
1530	5
1531	5
1532	5
1533	5
1534	5
1535	5
1536	5
1537	5
1538	5
1539	5
1540	5
1541	5
1542	8
1543	5
1544	5
1545	5
1546	8
1547	8
1548	5
1549	5
1550	5
1551	5
1552	3
1553	3
1554	3
1555	3
1556	3
1557	3
1558	3
1559	3
1560	3
1561	3
1562	3
1563	3
1564	3
1565	3
1566	3
1567	3
1568	3
1569	3
1570	3
1571	3
1572	3
1573	3
1574	3
1575	3
1576	6
1577	6
1578	6
1579	6
1580	6
1581	6
1582	6
1583	6
1584	6
1585	6
1586	6
1587	6
1588	6
1589	6
1590	6
1591	6
1592	6
1593	2
1594	2
1595	2
1596	2
1597	2
1598	2
1599	2
1600	2
1601	2
1602	5
1603	5
1604	5
1605	5
1606	5
1607	5
1608	5
1609	5
1610	5
1611	5
1612	5
1613	5
1614	5
1615	5
1616	5
1617	5
1618	12
1619	12
1620	12
1621	12
1622	12
1623	12
1624	12
1625	12
1626	12
1627	12
1628	12
1629	9
1630	9
1631	9
1632	9
1633	9
1634	9
1635	9
1636	9
1637	9
1638	9
1639	9
1640	9
1641	9
1642	9
1643	9
1644	12
1645	12
1646	12
1647	12
1648	12
1649	9
1650	9
1651	9
1652	9
1653	9
1654	9
1655	9
1656	9
1658	9
1659	9
1660	9
1661	9
1662	9
1663	9
1664	9
1665	9
1666	9
1667	9
1668	9
1669	9
1670	9
1671	9
1672	9
1673	12
1674	9
1675	9
1676	9
1677	12
1678	8
1679	8
1680	8
1681	8
1682	8
1683	8
1684	8
1685	7
1686	7
1687	7
1688	7
1689	7
1690	7
1691	7
1692	7
1693	7
1694	7
1695	7
1696	7
1697	7
1698	7
1699	7
1700	7
1701	9
1702	9
1703	4
1704	4
1705	9
1706	9
1707	7
1708	9
1709	7
1710	9
1711	7
1712	9
1713	12
1714	12
1715	12
1716	12
1717	12
1718	12
1719	12
1720	12
1721	12
1722	12
1723	12
1724	12
1725	7
1726	9
1727	9
1728	12
1729	7
1730	9
1731	9
1732	9
1733	9
1734	7
1735	9
1736	7
1737	7
1738	7
1739	9
1740	7
1741	9
1742	13
1743	13
1744	13
1745	13
1746	7
1747	13
1748	13
1749	13
1750	13
1751	13
1752	7
1753	7
1754	13
1755	7
1756	13
1757	12
1758	12
1759	12
1760	12
1761	7
1762	13
1763	13
1764	13
1765	13
1766	7
1767	13
1768	13
1769	7
1770	7
1771	7
1772	13
1773	7
1774	12
1775	12
1776	12
1777	12
1778	12
1779	12
1780	12
1781	12
1782	12
1783	12
1784	12
1785	12
1786	12
1787	13
1788	13
1789	13
1790	7
1791	13
1792	7
1793	13
1794	13
1795	12
1796	12
1797	12
1798	12
1799	13
1800	7
1801	7
1802	13
1803	13
1804	13
1805	13
1806	13
1807	13
1808	13
1809	4
1810	4
1811	4
1812	4
1813	4
1814	4
1815	4
1816	4
1817	4
1818	4
1819	4
1820	4
1821	4
1822	4
1823	4
1824	4
1825	4
1826	4
1827	4
1828	4
1829	4
1830	12
1831	12
1832	12
1833	12
1834	12
1835	4
1836	4
1837	12
1838	4
1839	4
1840	3
1841	3
1842	3
1843	3
1844	3
1845	4
1846	4
1847	4
1848	4
1849	4
1850	4
1851	4
1852	4
1853	4
1854	4
1855	4
1856	4
1857	12
1858	12
1859	12
1860	12
1861	12
1862	12
1863	4
1864	4
1865	4
1866	4
1867	4
1868	4
1869	4
1870	4
1871	4
1872	8
1873	8
1874	8
1875	8
1876	8
1877	8
1878	8
1879	8
1880	8
1881	8
1882	8
1883	8
1884	8
1885	8
1886	8
1887	8
1888	8
1889	8
1890	8
1891	8
1892	8
1893	8
1894	8
1895	2
1896	2
1897	2
1898	1
1899	1
1900	1
1901	1
1902	1
1903	1
1904	2
1905	2
1906	2
1907	2
1908	2
1909	2
1910	2
1911	2
1912	2
1913	2
1914	2
1915	2
1916	1
1917	1
1918	1
1919	1
1920	1
1921	1
1922	1
1923	1
1924	2
1925	2
1926	2
1927	2
1928	2
1929	2
1930	2
1931	2
1932	2
1933	2
1934	2
1935	2
1936	2
1937	2
1938	2
1939	2
1940	2
1941	2
1942	2
1943	2
1944	2
1945	2
1946	2
1947	2
1948	2
1949	2
1950	2
1951	2
1952	2
1953	2
1954	2
1955	2
1956	2
1957	2
1958	2
1959	2
1960	2
1961	2
1962	2
1963	2
1964	2
1965	2
1966	2
1967	2
1968	2
1969	2
1970	2
1971	2
1972	2
1973	2
1974	2
1975	2
1976	5
1977	5
1978	5
1979	5
1980	5
1981	5
1982	5
1983	5
1984	5
1985	5
1986	5
1987	5
1988	5
1989	5
1990	5
1991	5
1992	5
1993	5
1994	5
1995	5
1996	5
1997	5
1998	5
1999	5
2000	5
2001	5
2002	5
2003	5
2004	5
2005	5
2006	5
2007	5
2008	5
2009	5
2010	5
2011	5
2012	5
2013	5
2014	5
2015	5
2016	5
2017	8
2018	8
2019	8
2020	8
2021	8
2022	8
2023	8
2024	8
2025	8
2026	8
2027	8
2028	8
2029	8
2030	8
2031	8
2032	8
2033	8
2034	8
2035	8
2036	8
2037	8
2038	12
2039	12
2040	12
2041	12
2042	12
2043	8
2044	8
2045	8
2046	8
2047	8
2048	12
2049	12
2050	8
2051	8
2052	8
2053	8
2054	8
2055	8
2056	8
2057	8
2058	5
2059	5
2060	5
2061	5
2062	5
2063	5
2064	5
2065	5
2066	5
2067	5
2068	8
2069	8
2070	8
2071	8
2072	8
2073	12
2074	8
2075	8
2076	8
2077	12
2078	12
2079	8
2080	12
2081	8
2082	8
2083	8
2084	8
2085	8
2086	8
2087	8
2088	8
2089	6
2090	6
2091	6
2092	6
2093	6
2094	6
2095	6
2096	2
2097	2
2098	2
2099	2
2100	2
2101	2
2102	2
2103	7
2104	7
2105	7
2106	7
2107	2
2108	2
2109	2
2110	7
2111	7
2112	2
2113	13
2114	13
2115	13
2116	13
2117	13
2118	4
2119	4
2120	13
2121	13
2122	4
2123	4
2124	8
2125	13
2126	13
2127	13
2128	13
2129	13
2130	4
2131	13
2132	13
2133	4
2134	13
2135	13
2136	4
2137	4
2138	4
2139	4
2140	4
2141	13
2142	13
2143	13
2144	4
2145	4
2146	4
2147	4
2148	4
2149	4
2150	13
2151	13
2152	13
2153	13
2154	13
2155	13
2156	13
2157	13
2158	13
2159	4
2160	13
2161	13
2162	13
2163	13
2164	4
2165	4
2166	13
2167	4
2168	4
2169	13
2170	13
2171	13
2172	13
2173	13
2174	4
2175	4
2176	4
2177	4
2178	13
2179	13
2180	4
2181	4
2182	13
2183	13
2184	13
2185	13
2186	13
2187	13
2188	4
2189	13
2190	13
2191	13
2192	13
2193	13
2194	13
2195	13
2196	4
2197	4
2198	13
2199	4
2200	13
2201	13
2202	13
2203	13
2204	13
2205	13
2206	13
2207	13
2208	13
2209	13
2210	13
2211	13
2212	13
2213	13
2214	13
2215	4
2216	4
2217	13
2218	13
2219	13
2220	13
2221	13
2222	4
2223	4
2224	13
2225	13
2226	13
2227	13
2228	4
2229	4
2230	4
2231	4
2232	13
2233	4
2234	4
2235	13
2236	4
2237	4
2238	4
2239	13
2240	13
2241	4
2242	4
2243	4
2244	4
2245	4
2246	13
2247	4
2248	4
2249	13
2250	13
2251	13
2252	13
2253	4
2254	4
2255	13
2256	4
2257	13
2258	4
2259	13
2260	13
2261	4
2262	13
2263	13
2264	13
2265	13
2266	13
2267	13
2268	13
2269	4
2270	13
2271	13
2272	13
2273	13
2274	13
2275	13
2276	13
2277	4
2278	13
2279	4
2280	13
2281	13
2282	4
2283	4
2284	8
2285	8
2286	13
2287	13
2288	13
2289	13
2290	13
2291	13
2292	13
2293	13
2294	13
2295	13
2296	13
2297	4
2298	4
2299	4
2300	4
2301	13
2302	4
2303	4
2304	4
2305	13
2306	13
2307	13
2308	13
2309	8
2310	8
2311	8
2312	6
2313	6
2314	6
2315	6
2316	6
2317	6
2318	6
2319	6
2320	6
2321	6
2322	6
2323	6
2324	6
2325	6
2326	6
2327	6
2328	6
2329	6
2330	2
2331	2
2332	2
2333	2
2334	2
2335	2
2336	2
2337	2
2338	2
2339	2
2340	2
2341	2
2342	2
2343	2
2344	2
2345	2
2346	6
2347	6
2348	6
2349	6
2350	6
2351	6
2352	6
2353	6
2354	6
2355	6
2356	6
2357	6
2358	6
2359	6
2360	6
2361	6
2362	6
2363	6
2364	6
2365	6
2366	4
2367	4
2368	4
2369	4
2370	4
2371	4
2372	4
2373	4
2374	4
2375	4
2376	4
2377	4
2378	4
2379	4
2380	4
2381	4
2382	4
2383	4
2384	4
2385	4
2386	4
2387	4
2388	4
2389	4
2390	4
2391	4
2392	4
2393	4
2394	4
2395	4
2396	4
2397	4
2398	4
2399	4
2400	4
2401	4
2402	4
2403	4
2404	4
2405	4
2406	4
2407	4
2408	4
2409	4
2410	4
2411	4
2412	4
2413	4
2414	4
2415	10
2416	10
2417	10
2418	10
2419	11
2420	11
2421	10
2422	10
2423	10
2424	10
2425	10
2426	10
2427	11
2428	11
2429	11
2430	11
2431	10
2432	10
2433	10
2434	10
2435	10
2436	10
2437	10
2438	10
2439	10
2440	10
2441	10
2442	10
2443	10
2444	10
2445	10
2446	10
2447	10
2448	10
2449	11
2450	11
2451	11
2452	11
2453	11
2454	10
2455	10
2456	10
2457	10
2458	10
2459	10
2460	10
2461	10
2462	10
2463	10
2464	10
2465	10
2466	10
2467	10
2468	11
2469	10
2470	11
2471	10
2472	11
2473	10
2474	10
2475	10
2476	11
2477	10
2478	10
2479	11
2480	11
2481	10
2482	11
2483	10
2484	10
2485	11
2486	11
2487	10
2488	11
2489	11
2490	11
2491	11
2492	11
2493	11
2494	10
2495	11
2496	10
2497	10
2498	10
2499	10
2500	10
2501	11
2502	10
2503	10
2504	10
2505	10
2506	10
2507	10
2508	10
2509	10
2510	10
2511	10
2512	10
2513	10
2514	10
2515	11
2516	11
2517	10
2518	11
2519	11
2520	11
2521	11
2522	10
2523	10
2524	10
2525	11
2526	10
2527	10
2528	10
2529	10
2530	11
2531	11
2532	11
2533	11
2534	10
2535	10
2536	10
2537	11
2538	10
2539	11
2540	11
2541	11
2542	10
2543	10
2544	11
2545	11
2546	11
2547	10
2548	10
2549	10
2550	10
2551	11
2552	11
2553	11
2554	11
2555	11
2556	11
2557	11
2558	10
2559	10
2560	10
2561	10
2562	10
2563	11
2564	10
2565	10
2566	10
2567	10
2568	11
2569	10
2570	10
2571	10
2572	10
2573	10
2574	10
2575	11
2576	11
2577	11
2578	11
2579	11
2580	11
2581	10
2582	10
2583	11
2584	11
2585	10
2586	10
2587	11
2588	11
2589	11
2590	11
2591	10
2592	11
2593	10
2594	10
2595	10
2596	10
2597	10
2598	10
2599	10
2600	10
2601	10
2602	10
2603	10
2604	10
2605	11
2606	8
2607	8
2608	8
2609	8
2610	8
2611	8
2612	8
2613	8
2614	8
2615	8
2616	8
2617	8
2618	8
2619	8
2620	8
2621	8
2622	8
2623	8
2624	8
2625	8
2626	8
2627	8
2628	8
2629	8
2630	8
2631	8
2632	8
2633	8
2634	8
2635	8
2636	8
2637	8
2638	8
2639	8
2640	5
2641	5
2642	3
2643	3
2644	3
2645	5
2646	5
2647	5
2648	5
2649	5
2650	5
2651	5
2652	5
2653	5
2654	5
2655	5
2656	5
2657	5
2658	5
2659	3
2660	3
2661	5
2662	5
2663	3
2664	5
2665	3
2666	5
2667	5
2668	3
2669	3
2670	5
2671	3
2672	5
2673	3
2674	5
2675	5
2676	5
2677	5
2678	5
2679	3
2680	5
2681	3
2682	3
2683	3
2684	3
2685	3
2686	3
2687	3
2688	2
2689	2
2690	2
2691	2
315	6
1657	9
