0	2
1	2
2	2
3	2
4	2
5	2
6	2
7	8
8	8
9	8
10	8
11	8
12	8
13	8
14	8
15	8
16	8
17	8
18	8
19	8
20	8
21	10
22	10
23	10
24	10
25	10
26	10
27	10
28	10
29	8
30	8
31	8
32	8
33	8
34	8
35	8
36	8
37	8
38	8
39	8
40	8
41	8
42	8
43	8
44	8
45	8
46	8
47	8
48	8
49	5
50	5
51	5
52	5
53	9
54	9
55	9
56	9
57	9
58	5
59	5
60	5
61	5
62	5
63	5
64	5
65	9
66	9
67	9
68	9
69	9
70	9
71	10
72	10
73	10
74	10
75	5
76	5
77	5
78	5
79	5
80	5
81	5
82	5
83	12
84	12
85	12
86	12
87	12
88	12
89	12
90	12
91	12
92	12
93	12
94	12
95	12
96	8
97	8
98	8
99	8
100	8
101	8
102	8
103	8
104	8
105	8
106	8
107	8
108	8
109	8
110	8
111	8
112	8
113	8
114	8
115	8
116	8
117	8
118	8
119	8
120	8
121	8
122	8
123	8
124	8
125	8
126	8
127	8
128	8
129	13
130	13
131	13
132	13
133	13
134	13
135	13
136	13
137	13
138	13
139	13
140	13
141	13
142	13
143	13
144	13
145	13
146	13
147	13
148	13
149	13
150	13
151	13
152	13
153	13
154	13
155	13
156	13
157	13
158	13
159	13
160	13
161	13
162	13
163	13
164	13
165	13
166	12
167	12
168	12
169	12
170	12
171	12
172	12
173	12
174	12
175	12
176	12
177	12
178	12
179	12
180	12
181	12
182	12
183	5
184	5
185	5
186	5
187	5
188	5
189	5
190	5
191	5
192	5
193	5
194	5
195	5
196	5
197	5
198	5
199	5
200	5
201	5
202	5
203	5
204	5
205	5
206	5
207	5
208	10
209	10
210	10
211	10
212	10
213	10
214	10
215	10
216	10
217	10
218	10
219	10
220	10
221	10
222	10
223	10
224	10
225	10
226	13
227	13
228	13
229	13
230	13
231	13
232	13
233	13
234	13
235	13
236	10
237	10
238	10
239	10
240	10
241	10
242	10
243	10
244	10
245	10
246	10
247	10
248	5
249	5
250	5
251	5
252	5
253	5
254	5
255	5
256	5
257	5
258	5
259	5
260	5
261	10
262	10
263	10
264	10
265	10
266	13
267	10
268	1
269	13
270	1
271	10
272	10
273	10
274	10
275	10
276	10
277	10
278	1
279	13
280	13
281	13
282	1
283	1
284	1
285	1
286	13
287	1
288	1
289	1
290	1
291	1
292	1
293	1
294	1
295	1
296	13
297	1
298	13
299	1
300	1
301	1
302	5
303	5
304	5
305	5
306	3
307	9
308	9
309	3
310	3
311	3
312	9
313	9
314	3
316	8
317	8
318	8
319	8
320	8
321	8
322	8
323	8
324	8
325	8
326	8
327	8
328	8
329	8
330	8
331	9
332	9
333	9
334	9
335	9
336	3
337	8
338	8
339	8
340	9
341	9
342	9
343	3
344	9
345	9
346	9
347	3
348	9
349	9
350	3
351	9
352	9
353	3
354	9
355	9
356	13
357	13
358	13
359	13
360	13
361	13
362	13
363	13
364	13
365	13
366	13
367	13
368	13
369	3
370	9
371	9
372	3
373	3
374	3
375	3
376	3
377	9
378	3
379	3
380	3
381	9
382	9
383	9
384	9
385	9
386	3
387	9
388	9
389	8
390	8
391	8
392	8
393	8
394	3
395	3
396	9
397	3
398	8
399	8
400	8
401	8
402	8
403	10
404	10
405	10
406	10
407	10
408	13
409	2
410	2
411	2
412	2
413	2
414	2
415	2
416	2
417	2
418	2
419	2
420	2
421	2
422	2
423	2
424	2
425	12
426	12
427	12
428	12
429	12
430	12
431	12
432	12
433	2
434	2
435	2
436	2
437	2
438	2
439	2
440	2
441	2
442	2
443	2
444	2
445	2
446	12
447	12
448	12
449	12
450	12
451	2
452	2
453	2
454	12
455	12
456	12
457	2
458	2
459	2
460	2
461	2
462	2
463	12
464	12
465	12
466	12
467	12
468	12
469	12
470	12
471	12
472	12
473	2
474	2
475	13
476	13
477	1
478	1
479	1
480	1
481	1
482	1
483	1
484	10
485	10
486	1
487	1
488	1
489	13
490	13
491	13
492	13
493	13
494	13
495	1
496	1
497	1
498	10
499	1
500	1
501	1
502	10
503	1
504	1
505	1
506	13
507	10
508	10
509	10
510	10
511	10
512	10
513	10
514	10
515	10
516	10
517	10
518	10
519	10
520	10
521	10
522	7
523	7
524	7
525	7
526	2
527	2
528	7
529	7
530	7
531	7
532	7
533	7
534	7
535	7
536	7
537	7
538	2
539	2
540	2
541	2
542	2
543	2
544	2
545	2
546	2
547	2
548	2
549	2
550	2
551	2
552	2
553	2
554	2
555	2
556	2
557	2
558	2
559	10
560	10
561	10
562	10
563	10
564	10
565	5
566	2
567	2
568	5
569	2
570	7
571	7
572	7
573	7
574	7
575	7
576	7
577	7
578	7
579	7
580	7
581	2
582	2
583	2
584	2
585	5
586	2
587	13
588	13
589	13
590	13
591	13
592	10
593	10
594	13
595	10
596	13
597	10
598	13
599	10
600	10
601	10
602	10
603	5
604	5
605	5
606	5
607	5
608	5
609	5
610	5
611	5
612	5
613	5
614	5
615	5
616	5
617	13
618	10
619	10
620	13
621	13
622	13
623	13
624	13
625	13
626	13
627	13
628	10
629	10
630	10
631	10
632	13
633	13
634	13
635	10
636	13
637	13
638	13
639	2
640	2
641	2
642	2
643	2
644	2
645	2
646	2
647	2
648	2
649	2
650	2
651	2
652	2
653	2
654	2
655	2
656	2
657	1
658	1
659	1
660	1
661	2
662	2
663	2
664	2
665	2
666	2
667	2
668	2
669	2
670	13
671	13
672	13
673	1
674	13
675	13
676	1
677	13
678	13
679	13
680	2
681	2
682	2
683	2
684	2
685	2
686	2
687	2
688	2
689	2
690	2
691	2
692	2
693	2
694	2
695	2
696	2
697	13
698	1
699	13
700	13
701	13
702	13
703	13
704	13
705	13
706	13
707	13
708	13
709	13
710	13
711	13
712	13
713	13
714	2
715	2
716	10
717	10
718	13
719	13
720	13
721	10
722	10
723	10
724	10
725	10
726	10
727	10
728	10
729	10
730	10
731	10
732	8
733	8
734	8
735	8
736	8
737	1
738	12
739	12
740	1
741	12
742	12
743	1
744	1
745	8
746	8
747	8
748	8
749	8
750	8
751	8
752	8
753	8
754	8
755	8
756	8
757	8
758	8
759	8
760	8
761	8
762	8
763	8
764	8
765	8
766	1
767	12
768	1
769	12
770	8
771	8
772	1
773	1
774	1
775	12
776	1
777	1
778	1
779	1
780	1
781	1
782	1
783	1
784	12
785	10
786	1
787	1
788	1
789	1
790	1
791	10
792	10
793	10
794	10
795	10
796	10
797	10
798	10
799	10
800	10
801	1
802	1
803	1
804	1
805	10
806	10
807	10
808	1
809	1
810	1
811	3
812	11
813	3
814	11
815	3
816	3
817	3
818	11
819	11
820	11
821	11
822	3
823	3
824	3
825	3
826	3
827	11
828	3
829	11
830	3
831	3
832	3
833	3
834	11
835	11
836	3
837	11
838	3
839	3
840	11
841	3
842	11
843	11
844	3
845	3
846	3
847	11
848	11
849	3
850	11
851	11
852	3
853	3
854	11
855	3
856	11
857	11
858	5
859	5
860	5
861	5
862	5
863	5
864	5
865	5
866	5
867	5
868	5
869	5
870	5
871	3
872	3
873	3
874	3
875	11
876	3
877	3
878	3
879	3
880	3
881	3
882	3
883	11
884	3
885	11
886	3
887	3
888	11
889	3
890	3
891	11
892	11
893	11
894	11
895	11
896	3
897	3
898	3
899	11
900	11
901	11
902	3
903	11
904	3
905	11
906	3
907	11
908	11
909	3
910	11
911	11
912	11
913	11
914	11
915	3
916	3
917	3
918	3
919	3
920	11
921	11
922	11
923	11
924	3
925	11
926	3
927	3
928	11
929	3
930	11
931	11
932	11
933	11
934	3
935	11
936	3
937	3
938	3
939	11
940	11
941	3
942	11
943	11
944	11
945	11
946	3
947	11
948	11
949	11
950	11
951	11
952	11
953	3
954	11
955	11
956	11
957	11
958	11
959	3
960	3
961	11
962	11
963	3
964	11
965	3
966	11
967	3
968	11
969	3
970	3
971	3
972	11
973	11
974	11
975	11
976	11
977	11
978	3
979	11
980	3
981	3
982	11
983	11
984	11
985	1
986	1
987	1
988	1
989	1
990	1
991	1
992	1
993	1
994	1
995	1
996	1
997	1
998	1
999	1
1000	1
1001	1
1002	1
1003	1
1004	1
1005	1
1006	1
1007	11
1008	11
1009	1
1010	11
1011	11
1012	11
1013	11
1014	11
1015	11
1016	11
1017	11
1018	11
1019	11
1020	11
1021	11
1022	11
1023	11
1024	11
1025	9
1026	11
1027	11
1028	9
1029	11
1030	9
1031	11
1032	9
1033	11
1034	11
1035	11
1036	11
1037	11
1038	9
1039	11
1040	9
1041	11
1042	11
1043	9
1044	11
1045	9
1046	9
1047	11
1048	11
1049	11
1050	11
1051	11
1052	11
1053	9
1054	11
1055	11
1056	11
1057	11
1058	11
1059	9
1060	11
1061	11
1062	11
1063	11
1064	9
1065	11
1066	11
1067	11
1068	11
1069	11
1070	11
1071	9
1072	9
1073	9
1074	9
1075	5
1076	5
1077	5
1078	5
1079	5
1080	5
1081	5
1082	5
1083	5
1084	5
1085	5
1086	5
1087	13
1088	13
1089	13
1090	13
1091	13
1092	13
1093	13
1094	10
1095	10
1096	10
1097	10
1098	10
1099	10
1100	10
1101	10
1102	10
1103	10
1104	10
1105	10
1106	10
1107	3
1108	3
1109	3
1110	3
1111	3
1112	3
1113	3
1114	3
1115	3
1116	3
1117	3
1118	3
1119	3
1120	3
1121	3
1122	3
1123	3
1124	3
1125	3
1126	3
1127	3
1128	3
1129	3
1130	3
1131	3
1132	3
1133	3
1134	3
1135	3
1136	3
1137	3
1138	3
1139	3
1140	3
1141	3
1142	3
1143	3
1144	3
1145	3
1146	3
1147	3
1148	3
1149	3
1150	3
1151	3
1152	3
1153	3
1154	10
1155	10
1156	10
1157	10
1158	10
1159	10
1160	10
1161	10
1162	10
1163	10
1164	10
1165	10
1166	10
1167	10
1168	10
1169	11
1170	11
1171	11
1172	11
1173	11
1174	11
1175	11
1176	11
1177	11
1178	11
1179	11
1180	11
1181	11
1182	11
1183	11
1184	11
1185	11
1186	11
1187	11
1188	11
1189	11
1190	11
1191	11
1192	11
1193	11
1194	11
1195	11
1196	11
1197	11
1198	11
1199	11
1200	3
1201	3
1202	3
1203	11
1204	11
1205	11
1206	11
1207	11
1208	11
1209	3
1210	11
1211	3
1212	11
1213	11
1214	11
1215	11
1216	11
1217	11
1218	11
1219	11
1220	11
1221	11
1222	11
1223	3
1224	11
1225	11
1226	11
1227	11
1228	11
1229	3
1230	11
1231	11
1232	3
1233	3
1234	3
1235	11
1236	3
1237	3
1238	3
1239	11
1240	1
1241	1
1242	1
1243	1
1244	1
1245	1
1246	1
1247	1
1248	1
1249	1
1250	1
1251	1
1252	1
1253	5
1254	5
1255	5
1256	5
1257	5
1258	1
1259	1
1260	1
1261	1
1262	1
1263	1
1264	5
1265	5
1266	5
1267	5
1268	5
1269	5
1270	5
1271	5
1272	5
1273	5
1274	5
1275	5
1276	5
1277	5
1278	10
1279	10
1280	10
1281	1
1282	1
1283	1
1284	5
1285	5
1286	5
1287	5
1288	10
1289	10
1290	10
1291	10
1292	10
1293	10
1294	10
1295	10
1296	10
1297	10
1298	10
1299	10
1300	10
1301	10
1302	10
1303	5
1304	5
1305	5
1306	5
1307	5
1308	5
1309	5
1310	5
1311	5
1312	5
1313	5
1314	3
1315	3
1316	3
1317	3
1318	3
1319	3
1320	3
1321	3
1322	3
1323	3
1324	3
1325	3
1326	3
1327	3
1328	3
1329	3
1330	3
1331	3
1332	3
1333	3
1334	3
1335	3
1336	3
1337	3
1338	3
1339	3
1340	3
1341	3
1342	3
1343	3
1344	3
1345	3
1346	5
1347	5
1348	5
1349	5
1350	5
1351	5
1352	5
1353	5
1354	5
1355	5
1356	5
1357	5
1358	5
1359	5
1360	5
1361	5
1362	5
1363	3
1364	3
1365	3
1366	3
1367	3
1368	3
1369	6
1370	6
1371	6
1372	3
1373	3
1374	3
1375	3
1376	3
1377	3
1378	3
1379	6
1380	3
1381	10
1382	10
1383	10
1384	10
1385	10
1386	10
1387	10
1388	10
1389	10
1390	10
1391	10
1392	10
1393	10
1394	10
1395	10
1396	10
1397	5
1398	5
1399	5
1400	5
1401	5
1402	5
1403	5
1404	5
1405	5
1406	5
1407	5
1408	5
1409	5
1410	5
1411	5
1412	5
1413	5
1414	5
1415	5
1416	5
1417	5
1418	5
1419	5
1420	5
1421	5
1422	5
1423	5
1424	5
1425	5
1426	5
1427	5
1428	7
1429	7
1430	7
1431	7
1432	7
1433	7
1434	7
1435	7
1436	7
1437	7
1438	7
1439	7
1440	7
1441	8
1442	8
1443	8
1444	8
1445	8
1446	8
1447	8
1448	8
1449	8
1450	8
1451	8
1452	8
1453	8
1454	8
1455	7
1456	7
1457	7
1458	7
1459	7
1460	7
1461	7
1462	7
1463	7
1464	7
1465	10
1466	10
1467	10
1468	10
1469	13
1470	10
1471	10
1472	13
1473	13
1474	10
1475	10
1476	10
1477	10
1478	10
1479	10
1480	10
1481	10
1482	10
1483	10
1484	10
1485	10
1486	10
1487	13
1488	10
1489	8
1490	8
1491	8
1492	8
1493	8
1494	8
1495	8
1496	8
1497	8
1498	8
1499	8
1500	8
1501	2
1502	2
1503	2
1504	2
1505	2
1506	2
1507	2
1508	2
1509	2
1510	2
1511	2
1512	2
1513	2
1514	2
1515	2
1516	2
1517	2
1518	2
1519	2
1520	2
1521	2
1522	2
1523	2
1524	2
1525	2
1526	2
1527	2
1528	2
1529	12
1530	12
1531	12
1532	12
1533	12
1534	12
1535	12
1536	12
1537	12
1538	12
1539	12
1540	12
1541	12
1542	12
1543	12
1544	12
1545	12
1546	12
1547	12
1548	12
1549	12
1550	12
1551	12
1552	12
1553	6
1554	6
1555	6
1556	6
1557	6
1558	6
1559	6
1560	6
1561	6
1562	6
1563	6
1564	6
1565	6
1566	6
1567	6
1568	6
1569	6
1570	6
1571	6
1572	6
1573	6
1574	6
1575	6
1576	8
1577	8
1578	8
1579	8
1580	8
1581	8
1582	8
1583	8
1584	8
1585	8
1586	8
1587	8
1588	8
1589	8
1590	8
1591	8
1592	8
1593	5
1594	5
1595	5
1596	5
1597	5
1598	5
1599	5
1600	5
1601	5
1602	7
1603	7
1604	7
1605	7
1606	7
1607	7
1608	7
1609	7
1610	7
1611	7
1612	7
1613	7
1614	7
1615	7
1616	7
1617	7
1618	10
1619	10
1620	10
1621	10
1622	10
1623	10
1624	10
1625	10
1626	10
1627	10
1628	10
1629	11
1630	8
1631	8
1632	8
1633	11
1634	8
1635	8
1636	8
1637	11
1638	11
1639	11
1640	11
1641	11
1642	8
1643	11
1644	10
1645	10
1646	10
1647	10
1648	10
1649	8
1650	11
1651	8
1652	11
1653	11
1654	8
1655	8
1656	11
1658	8
1659	11
1660	8
1661	8
1662	8
1663	11
1664	8
1665	8
1666	11
1667	8
1668	8
1669	11
1670	11
1671	8
1672	8
1673	10
1674	11
1675	8
1676	8
1677	10
1678	1
1679	1
1680	1
1681	1
1682	1
1683	1
1684	1
1685	8
1686	8
1687	8
1688	8
1689	8
1690	8
1691	8
1692	8
1693	8
1694	8
1695	8
1696	8
1697	8
1698	8
1699	8
1700	8
1701	8
1702	8
1703	7
1704	7
1705	8
1706	8
1707	8
1708	8
1709	8
1710	8
1711	8
1712	8
1713	10
1714	10
1715	10
1716	10
1717	10
1718	10
1719	10
1720	10
1721	10
1722	10
1723	10
1724	10
1725	8
1726	8
1727	8
1728	10
1729	8
1730	8
1731	8
1732	8
1733	8
1734	8
1735	8
1736	8
1737	8
1738	8
1739	8
1740	8
1741	8
1742	2
1743	2
1744	4
1745	2
1746	2
1747	2
1748	2
1749	2
1750	2
1751	2
1752	2
1753	2
1754	2
1755	2
1756	2
1757	10
1758	10
1759	10
1760	10
1761	2
1762	2
1763	2
1764	4
1765	2
1766	2
1767	4
1768	2
1769	2
1770	2
1771	2
1772	2
1773	2
1774	10
1775	10
1776	10
1777	10
1778	10
1779	10
1780	10
1781	10
1782	10
1783	10
1784	10
1785	10
1786	10
1787	2
1788	2
1789	2
1790	2
1791	2
1792	2
1793	2
1794	2
1795	10
1796	10
1797	10
1798	10
1799	2
1800	2
1801	2
1802	2
1803	2
1804	4
1805	2
1806	4
1807	2
1808	2
1809	7
1810	7
1811	7
1812	7
1813	7
1814	7
1815	7
1816	7
1817	7
1818	7
1819	7
1820	8
1821	7
1822	7
1823	7
1824	7
1825	7
1826	7
1827	7
1828	7
1829	7
1830	10
1831	10
1832	10
1833	10
1834	10
1835	7
1836	7
1837	10
1838	7
1839	7
1840	6
1841	6
1842	6
1843	6
1844	6
1845	8
1846	7
1847	7
1848	7
1849	7
1850	7
1851	7
1852	7
1853	7
1854	7
1855	7
1856	7
1857	10
1858	10
1859	10
1860	10
1861	10
1862	10
1863	7
1864	7
1865	7
1866	7
1867	7
1868	8
1869	7
1870	8
1871	7
1872	1
1873	1
1874	1
1875	1
1876	1
1877	1
1878	1
1879	1
1880	1
1881	1
1882	1
1883	1
1884	1
1885	1
1886	1
1887	1
1888	1
1889	1
1890	1
1891	1
1892	1
1893	1
1894	1
1895	5
1896	5
1897	5
1898	9
1899	9
1900	9
1901	9
1902	9
1903	9
1904	5
1905	5
1906	5
1907	5
1908	5
1909	5
1910	5
1911	5
1912	5
1913	5
1914	5
1915	5
1916	9
1917	9
1918	9
1919	9
1920	9
1921	9
1922	9
1923	9
1924	5
1925	5
1926	5
1927	5
1928	5
1929	5
1930	5
1931	5
1932	5
1933	5
1934	5
1935	5
1936	5
1937	5
1938	5
1939	5
1940	5
1941	5
1942	5
1943	5
1944	5
1945	5
1946	5
1947	5
1948	5
1949	5
1950	5
1951	5
1952	5
1953	5
1954	5
1955	5
1956	5
1957	5
1958	5
1959	5
1960	5
1961	5
1962	5
1963	5
1964	5
1965	5
1966	5
1967	5
1968	5
1969	5
1970	5
1971	5
1972	5
1973	5
1974	5
1975	5
1976	12
1977	12
1978	12
1979	12
1980	12
1981	12
1982	12
1983	12
1984	12
1985	12
1986	12
1987	12
1988	12
1989	12
1990	12
1991	12
1992	12
1993	12
1994	12
1995	12
1996	12
1997	12
1998	12
1999	12
2000	12
2001	12
2002	12
2003	12
2004	12
2005	12
2006	12
2007	12
2008	12
2009	12
2010	12
2011	12
2012	12
2013	12
2014	12
2015	12
2016	12
2017	13
2018	13
2019	13
2020	13
2021	13
2022	13
2023	13
2024	1
2025	13
2026	13
2027	13
2028	13
2029	13
2030	1
2031	1
2032	1
2033	1
2034	1
2035	1
2036	1
2037	1
2038	10
2039	10
2040	10
2041	10
2042	10
2043	13
2044	13
2045	13
2046	1
2047	1
2048	10
2049	10
2050	13
2051	1
2052	1
2053	1
2054	1
2055	1
2056	1
2057	1
2058	12
2059	12
2060	12
2061	12
2062	12
2063	12
2064	12
2065	12
2066	12
2067	12
2068	13
2069	13
2070	13
2071	13
2072	13
2073	13
2074	13
2075	13
2076	13
2077	13
2078	13
2079	13
2080	13
2081	13
2082	13
2083	13
2084	13
2085	13
2086	13
2087	13
2088	13
2089	8
2090	8
2091	8
2092	8
2093	8
2094	8
2095	8
2096	2
2097	2
2098	2
2099	2
2100	2
2101	2
2102	2
2103	2
2104	2
2105	2
2106	2
2107	2
2108	2
2109	2
2110	2
2111	2
2112	2
2113	4
2114	4
2115	4
2116	4
2117	4
2118	7
2119	7
2120	4
2121	4
2122	4
2123	7
2124	13
2125	4
2126	4
2127	4
2128	4
2129	4
2130	4
2131	4
2132	4
2133	7
2134	4
2135	4
2136	4
2137	7
2138	7
2139	4
2140	7
2141	4
2142	4
2143	4
2144	4
2145	4
2146	7
2147	7
2148	4
2149	7
2150	4
2151	4
2152	4
2153	4
2154	4
2155	4
2156	4
2157	4
2158	4
2159	4
2160	4
2161	4
2162	4
2163	4
2164	4
2165	7
2166	4
2167	4
2168	4
2169	4
2170	4
2171	4
2172	4
2173	4
2174	7
2175	7
2176	7
2177	7
2178	4
2179	4
2180	7
2181	7
2182	4
2183	4
2184	4
2185	4
2186	4
2187	4
2188	7
2189	4
2190	4
2191	4
2192	4
2193	4
2194	4
2195	4
2196	7
2197	4
2198	4
2199	7
2200	4
2201	4
2202	4
2203	4
2204	4
2205	4
2206	4
2207	4
2208	4
2209	4
2210	4
2211	4
2212	4
2213	4
2214	4
2215	7
2216	7
2217	4
2218	4
2219	4
2220	4
2221	4
2222	4
2223	7
2224	4
2225	4
2226	4
2227	4
2228	4
2229	4
2230	7
2231	4
2232	4
2233	7
2234	7
2235	4
2236	7
2237	7
2238	7
2239	4
2240	4
2241	4
2242	7
2243	7
2244	4
2245	7
2246	4
2247	4
2248	4
2249	4
2250	4
2251	4
2252	4
2253	7
2254	7
2255	4
2256	4
2257	4
2258	4
2259	4
2260	4
2261	4
2262	4
2263	4
2264	4
2265	4
2266	4
2267	4
2268	4
2269	7
2270	4
2271	4
2272	4
2273	4
2274	4
2275	4
2276	4
2277	7
2278	4
2279	4
2280	4
2281	4
2282	4
2283	7
2284	13
2285	13
2286	4
2287	4
2288	4
2289	4
2290	4
2291	4
2292	4
2293	4
2294	4
2295	4
2296	4
2297	4
2298	7
2299	7
2300	7
2301	4
2302	7
2303	4
2304	7
2305	4
2306	4
2307	4
2308	4
2309	13
2310	13
2311	13
2312	9
2313	9
2314	9
2315	9
2316	9
2317	9
2318	9
2319	9
2320	9
2321	9
2322	9
2323	9
2324	9
2325	9
2326	9
2327	9
2328	9
2329	9
2330	5
2331	5
2332	5
2333	5
2334	5
2335	5
2336	5
2337	5
2338	5
2339	5
2340	5
2341	5
2342	5
2343	5
2344	5
2345	5
2346	9
2347	9
2348	9
2349	9
2350	9
2351	9
2352	9
2353	9
2354	9
2355	9
2356	9
2357	9
2358	9
2359	9
2360	9
2361	9
2362	9
2363	9
2364	9
2365	9
2366	7
2367	7
2368	7
2369	7
2370	7
2371	7
2372	7
2373	7
2374	7
2375	7
2376	7
2377	7
2378	7
2379	7
2380	7
2381	7
2382	7
2383	7
2384	7
2385	7
2386	7
2387	7
2388	7
2389	7
2390	7
2391	7
2392	7
2393	7
2394	7
2395	7
2396	7
2397	7
2398	7
2399	7
2400	7
2401	7
2402	7
2403	7
2404	7
2405	7
2406	7
2407	7
2408	7
2409	7
2410	7
2411	7
2412	7
2413	7
2414	7
2415	9
2416	9
2417	9
2418	9
2419	6
2420	6
2421	6
2422	9
2423	9
2424	9
2425	9
2426	9
2427	6
2428	6
2429	6
2430	6
2431	9
2432	9
2433	9
2434	9
2435	9
2436	9
2437	9
2438	6
2439	6
2440	9
2441	9
2442	9
2443	9
2444	9
2445	9
2446	9
2447	6
2448	9
2449	6
2450	6
2451	6
2452	6
2453	6
2454	9
2455	9
2456	9
2457	9
2458	9
2459	9
2460	6
2461	6
2462	9
2463	9
2464	9
2465	9
2466	9
2467	9
2468	9
2469	9
2470	9
2471	9
2472	6
2473	9
2474	6
2475	9
2476	9
2477	9
2478	9
2479	6
2480	6
2481	9
2482	9
2483	6
2484	9
2485	6
2486	6
2487	9
2488	6
2489	6
2490	6
2491	6
2492	9
2493	6
2494	9
2495	6
2496	6
2497	6
2498	6
2499	6
2500	9
2501	6
2502	9
2503	9
2504	9
2505	9
2506	9
2507	9
2508	6
2509	6
2510	6
2511	6
2512	6
2513	6
2514	6
2515	6
2516	6
2517	6
2518	6
2519	6
2520	6
2521	6
2522	6
2523	6
2524	9
2525	6
2526	6
2527	6
2528	9
2529	6
2530	6
2531	6
2532	6
2533	6
2534	6
2535	6
2536	6
2537	6
2538	6
2539	6
2540	6
2541	6
2542	6
2543	9
2544	6
2545	6
2546	6
2547	9
2548	9
2549	9
2550	6
2551	6
2552	6
2553	6
2554	6
2555	6
2556	6
2557	6
2558	9
2559	9
2560	6
2561	6
2562	6
2563	6
2564	9
2565	6
2566	9
2567	9
2568	6
2569	6
2570	6
2571	6
2572	6
2573	6
2574	6
2575	6
2576	6
2577	6
2578	6
2579	6
2580	6
2581	6
2582	9
2583	6
2584	6
2585	9
2586	9
2587	6
2588	6
2589	6
2590	6
2591	6
2592	6
2593	6
2594	9
2595	9
2596	9
2597	9
2598	9
2599	9
2600	6
2601	6
2602	9
2603	9
2604	6
2605	6
2606	13
2607	1
2608	1
2609	13
2610	1
2611	1
2612	13
2613	13
2614	1
2615	1
2616	13
2617	1
2618	1
2619	1
2620	1
2621	1
2622	1
2623	1
2624	1
2625	13
2626	13
2627	13
2628	13
2629	13
2630	13
2631	13
2632	1
2633	1
2634	13
2635	13
2636	1
2637	13
2638	13
2639	13
2640	12
2641	12
2642	12
2643	12
2644	12
2645	12
2646	12
2647	13
2648	12
2649	12
2650	12
2651	12
2652	12
2653	12
2654	13
2655	12
2656	12
2657	12
2658	12
2659	12
2660	12
2661	12
2662	12
2663	12
2664	13
2665	12
2666	12
2667	12
2668	12
2669	12
2670	13
2671	12
2672	12
2673	12
2674	12
2675	12
2676	12
2677	12
2678	13
2679	12
2680	12
2681	12
2682	12
2683	12
2684	12
2685	12
2686	12
2687	12
2688	5
2689	5
2690	5
2691	5
315	8
1657	8
