0	5
1	5
2	5
3	5
4	5
5	5
6	5
7	6
8	6
9	6
10	6
11	6
12	6
13	6
14	6
15	6
16	6
17	6
18	6
19	6
20	6
21	7
22	7
23	7
24	7
25	7
26	7
27	7
28	7
29	5
30	5
31	5
32	5
33	5
34	5
35	5
36	5
37	5
38	5
39	5
40	5
41	5
42	5
43	5
44	5
45	5
46	5
47	5
48	5
49	5
50	5
51	5
52	5
53	2
54	2
55	2
56	2
57	2
58	5
59	5
60	5
61	5
62	5
63	5
64	5
65	2
66	2
67	2
68	2
69	2
70	2
71	7
72	7
73	7
74	7
75	5
76	5
77	5
78	5
79	5
80	5
81	5
82	5
83	3
84	3
85	3
86	3
87	3
88	3
89	3
90	3
91	3
92	3
93	3
94	3
95	3
96	6
97	6
98	6
99	6
100	6
101	6
102	6
103	6
104	6
105	6
106	6
107	6
108	6
109	6
110	6
111	6
112	6
113	6
114	6
115	6
116	6
117	6
118	6
119	6
120	6
121	6
122	6
123	6
124	6
125	6
126	6
127	6
128	6
129	9
130	9
131	9
132	9
133	10
134	9
135	9
136	9
137	9
138	9
139	10
140	9
141	10
142	10
143	9
144	9
145	9
146	9
147	10
148	9
149	9
150	10
151	9
152	9
153	10
154	9
155	9
156	9
157	10
158	10
159	10
160	10
161	10
162	10
163	10
164	9
165	10
166	3
167	3
168	3
169	10
170	3
171	3
172	3
173	3
174	10
175	10
176	10
177	3
178	10
179	3
180	3
181	10
182	10
183	12
184	12
185	12
186	12
187	12
188	12
189	12
190	12
191	12
192	12
193	12
194	12
195	12
196	12
197	12
198	12
199	12
200	12
201	12
202	12
203	12
204	12
205	12
206	12
207	12
208	7
209	7
210	7
211	7
212	7
213	7
214	7
215	7
216	7
217	7
218	7
219	7
220	7
221	7
222	7
223	7
224	7
225	7
226	7
227	7
228	7
229	7
230	7
231	7
232	7
233	7
234	7
235	7
236	7
237	7
238	7
239	7
240	7
241	7
242	7
243	7
244	7
245	7
246	7
247	7
248	12
249	12
250	12
251	12
252	12
253	12
254	12
255	12
256	12
257	12
258	12
259	12
260	12
261	11
262	11
263	11
264	11
265	11
266	11
267	11
268	11
269	11
270	11
271	11
272	11
273	11
274	11
275	11
276	11
277	11
278	11
279	11
280	11
281	11
282	11
283	11
284	11
285	11
286	11
287	11
288	11
289	11
290	11
291	11
292	11
293	11
294	11
295	11
296	11
297	11
298	11
299	11
300	11
301	11
302	12
303	12
304	12
305	12
306	9
307	9
308	9
309	9
310	9
311	9
312	9
313	9
314	9
316	13
317	13
318	13
319	13
320	13
321	13
322	13
323	13
324	13
325	13
326	13
327	13
328	13
329	13
330	13
331	9
332	9
333	9
334	9
335	9
336	9
337	13
338	13
339	13
340	9
341	9
342	9
343	9
344	9
345	9
346	9
347	9
348	9
349	9
350	9
351	9
352	9
353	9
354	9
355	9
356	10
357	10
358	10
359	10
360	10
361	10
362	10
363	10
364	10
365	10
366	10
367	10
368	10
369	9
370	9
371	9
372	9
373	9
374	9
375	9
376	9
377	9
378	9
379	9
380	9
381	9
382	9
383	9
384	9
385	9
386	9
387	9
388	9
389	13
390	13
391	13
392	13
393	13
394	9
395	9
396	9
397	9
398	13
399	13
400	13
401	13
402	13
403	7
404	7
405	7
406	7
407	9
408	9
409	6
410	5
411	5
412	5
413	5
414	5
415	5
416	5
417	5
418	5
419	5
420	5
421	5
422	5
423	5
424	5
425	3
426	3
427	3
428	3
429	3
430	3
431	3
432	3
433	5
434	5
435	5
436	5
437	5
438	5
439	5
440	5
441	5
442	5
443	5
444	5
445	6
446	3
447	3
448	3
449	3
450	3
451	5
452	5
453	5
454	3
455	3
456	3
457	5
458	6
459	5
460	5
461	5
462	5
463	3
464	3
465	3
466	3
467	3
468	3
469	3
470	3
471	3
472	3
473	5
474	5
475	11
476	11
477	10
478	10
479	10
480	10
481	10
482	10
483	10
484	7
485	7
486	10
487	10
488	10
489	11
490	11
491	11
492	11
493	11
494	11
495	10
496	10
497	10
498	7
499	10
500	10
501	10
502	7
503	10
504	10
505	10
506	9
507	7
508	7
509	7
510	7
511	7
512	7
513	7
514	7
515	7
516	7
517	7
518	7
519	7
520	7
521	7
522	4
523	4
524	4
525	4
526	12
527	12
528	4
529	4
530	4
531	4
532	4
533	4
534	4
535	4
536	4
537	4
538	12
539	12
540	12
541	12
542	12
543	12
544	12
545	12
546	12
547	12
548	12
549	12
550	12
551	12
552	12
553	12
554	12
555	12
556	12
557	12
558	12
559	7
560	7
561	7
562	7
563	7
564	7
565	12
566	12
567	12
568	12
569	12
570	4
571	4
572	4
573	4
574	4
575	4
576	4
577	4
578	4
579	4
580	4
581	12
582	12
583	12
584	12
585	12
586	12
587	11
588	7
589	7
590	7
591	7
592	7
593	7
594	7
595	7
596	11
597	7
598	11
599	7
600	7
601	7
602	7
603	12
604	12
605	12
606	12
607	12
608	12
609	12
610	12
611	12
612	12
613	12
614	12
615	12
616	12
617	11
618	7
619	7
620	11
621	11
622	11
623	11
624	11
625	7
626	11
627	11
628	7
629	7
630	7
631	7
632	11
633	7
634	11
635	7
636	11
637	11
638	11
639	12
640	12
641	12
642	12
643	12
644	12
645	12
646	12
647	12
648	12
649	12
650	12
651	12
652	12
653	12
654	12
655	12
656	12
657	11
658	10
659	11
660	11
661	5
662	5
663	5
664	5
665	5
666	5
667	5
668	5
669	5
670	7
671	7
672	9
673	7
674	9
675	7
676	7
677	9
678	9
679	9
680	5
681	5
682	5
683	5
684	5
685	5
686	5
687	5
688	5
689	5
690	5
691	5
692	5
693	5
694	5
695	5
696	5
697	9
698	7
699	9
700	7
701	7
702	9
703	7
704	9
705	9
706	9
707	7
708	7
709	9
710	7
711	7
712	7
713	7
714	5
715	5
716	11
717	11
718	7
719	7
720	9
721	11
722	11
723	11
724	11
725	11
726	11
727	11
728	11
729	11
730	11
731	11
732	13
733	5
734	13
735	5
736	13
737	10
738	10
739	10
740	10
741	10
742	10
743	11
744	11
745	13
746	13
747	13
748	13
749	13
750	13
751	13
752	13
753	13
754	13
755	13
756	5
757	5
758	13
759	13
760	13
761	13
762	5
763	5
764	13
765	13
766	11
767	10
768	11
769	10
770	13
771	5
772	11
773	11
774	11
775	10
776	10
777	11
778	10
779	10
780	10
781	10
782	10
783	10
784	10
785	7
786	10
787	10
788	11
789	10
790	11
791	7
792	7
793	7
794	7
795	7
796	7
797	7
798	7
799	7
800	7
801	10
802	11
803	10
804	11
805	7
806	7
807	7
808	11
809	11
810	10
811	2
812	13
813	2
814	13
815	2
816	2
817	2
818	13
819	13
820	13
821	2
822	2
823	13
824	2
825	2
826	2
827	2
828	2
829	13
830	2
831	2
832	2
833	2
834	13
835	13
836	2
837	13
838	2
839	2
840	13
841	2
842	13
843	13
844	13
845	2
846	13
847	13
848	2
849	2
850	13
851	13
852	2
853	2
854	13
855	2
856	13
857	13
858	12
859	12
860	12
861	12
862	12
863	12
864	12
865	12
866	12
867	12
868	12
869	12
870	12
871	2
872	2
873	2
874	2
875	13
876	2
877	2
878	2
879	2
880	2
881	2
882	2
883	13
884	2
885	13
886	2
887	13
888	13
889	2
890	2
891	2
892	13
893	13
894	13
895	13
896	2
897	2
898	2
899	13
900	2
901	13
902	2
903	13
904	2
905	13
906	2
907	13
908	13
909	2
910	2
911	13
912	13
913	2
914	2
915	2
916	2
917	2
918	2
919	2
920	13
921	13
922	13
923	13
924	2
925	13
926	2
927	2
928	13
929	2
930	13
931	13
932	13
933	2
934	2
935	2
936	2
937	2
938	2
939	13
940	13
941	2
942	13
943	2
944	2
945	2
946	2
947	13
948	13
949	13
950	2
951	13
952	13
953	2
954	2
955	2
956	2
957	13
958	13
959	2
960	2
961	13
962	13
963	2
964	13
965	2
966	2
967	2
968	2
969	2
970	2
971	2
972	13
973	13
974	13
975	13
976	13
977	13
978	2
979	2
980	2
981	2
982	13
983	13
984	13
985	10
986	10
987	10
988	10
989	10
990	10
991	10
992	10
993	10
994	10
995	10
996	10
997	10
998	10
999	10
1000	10
1001	10
1002	10
1003	10
1004	10
1005	10
1006	10
1007	13
1008	13
1009	10
1010	6
1011	13
1012	13
1013	13
1014	13
1015	13
1016	13
1017	6
1018	13
1019	13
1020	13
1021	13
1022	13
1023	13
1024	13
1025	13
1026	13
1027	6
1028	13
1029	13
1030	13
1031	13
1032	13
1033	13
1034	13
1035	13
1036	13
1037	6
1038	13
1039	13
1040	13
1041	13
1042	6
1043	13
1044	13
1045	13
1046	13
1047	13
1048	13
1049	13
1050	13
1051	13
1052	13
1053	13
1054	13
1055	13
1056	6
1057	13
1058	13
1059	13
1060	13
1061	13
1062	13
1063	13
1064	13
1065	6
1066	6
1067	6
1068	13
1069	13
1070	13
1071	13
1072	13
1073	13
1074	13
1075	12
1076	12
1077	12
1078	12
1079	12
1080	12
1081	12
1082	12
1083	12
1084	12
1085	12
1086	12
1087	11
1088	11
1089	11
1090	11
1091	11
1092	11
1093	11
1094	7
1095	7
1096	7
1097	7
1098	7
1099	7
1100	7
1101	7
1102	7
1103	7
1104	7
1105	7
1106	7
1107	9
1108	9
1109	9
1110	9
1111	9
1112	9
1113	9
1114	9
1115	9
1116	9
1117	9
1118	9
1119	9
1120	9
1121	9
1122	9
1123	9
1124	9
1125	9
1126	9
1127	9
1128	9
1129	9
1130	9
1131	9
1132	9
1133	9
1134	9
1135	9
1136	2
1137	2
1138	2
1139	2
1140	9
1141	9
1142	9
1143	9
1144	9
1145	9
1146	9
1147	9
1148	9
1149	9
1150	9
1151	9
1152	9
1153	9
1154	9
1155	9
1156	9
1157	9
1158	9
1159	9
1160	9
1161	9
1162	9
1163	9
1164	9
1165	9
1166	9
1167	9
1168	9
1169	13
1170	13
1171	13
1172	13
1173	13
1174	13
1175	13
1176	13
1177	13
1178	13
1179	13
1180	13
1181	13
1182	13
1183	13
1184	6
1185	13
1186	13
1187	13
1188	13
1189	13
1190	6
1191	13
1192	13
1193	13
1194	13
1195	13
1196	13
1197	13
1198	13
1199	13
1200	2
1201	2
1202	2
1203	2
1204	2
1205	2
1206	2
1207	2
1208	2
1209	2
1210	2
1211	2
1212	2
1213	2
1214	2
1215	2
1216	2
1217	2
1218	2
1219	2
1220	2
1221	2
1222	2
1223	2
1224	2
1225	2
1226	2
1227	2
1228	2
1229	2
1230	2
1231	2
1232	2
1233	2
1234	2
1235	2
1236	2
1237	2
1238	2
1239	2
1240	7
1241	7
1242	7
1243	7
1244	7
1245	7
1246	7
1247	7
1248	7
1249	7
1250	7
1251	7
1252	7
1253	5
1254	5
1255	5
1256	5
1257	5
1258	7
1259	7
1260	7
1261	7
1262	7
1263	7
1264	5
1265	5
1266	5
1267	5
1268	5
1269	5
1270	5
1271	5
1272	5
1273	5
1274	5
1275	5
1276	5
1277	5
1278	7
1279	7
1280	7
1281	7
1282	7
1283	7
1284	5
1285	5
1286	5
1287	5
1288	9
1289	9
1290	9
1291	7
1292	9
1293	7
1294	9
1295	9
1296	7
1297	9
1298	7
1299	9
1300	7
1301	9
1302	9
1303	12
1304	12
1305	12
1306	12
1307	12
1308	12
1309	12
1310	12
1311	12
1312	12
1313	12
1314	2
1315	2
1316	2
1317	2
1318	2
1319	2
1320	2
1321	2
1322	2
1323	2
1324	2
1325	2
1326	2
1327	2
1328	2
1329	2
1330	2
1331	2
1332	2
1333	2
1334	2
1335	2
1336	2
1337	2
1338	2
1339	2
1340	2
1341	2
1342	2
1343	2
1344	2
1345	2
1346	12
1347	12
1348	12
1349	12
1350	12
1351	12
1352	12
1353	12
1354	12
1355	12
1356	12
1357	12
1358	12
1359	12
1360	12
1361	12
1362	12
1363	2
1364	9
1365	2
1366	9
1367	9
1368	2
1369	2
1370	2
1371	2
1372	9
1373	2
1374	2
1375	2
1376	2
1377	2
1378	2
1379	2
1380	9
1381	7
1382	7
1383	7
1384	7
1385	7
1386	7
1387	7
1388	7
1389	7
1390	7
1391	7
1392	7
1393	7
1394	7
1395	7
1396	7
1397	5
1398	12
1399	12
1400	12
1401	12
1402	12
1403	12
1404	5
1405	12
1406	12
1407	12
1408	12
1409	12
1410	5
1411	12
1412	12
1413	12
1414	12
1415	12
1416	12
1417	5
1418	5
1419	12
1420	5
1421	12
1422	5
1423	12
1424	12
1425	5
1426	5
1427	12
1428	4
1429	4
1430	4
1431	4
1432	4
1433	4
1434	4
1435	4
1436	4
1437	4
1438	4
1439	4
1440	4
1441	6
1442	6
1443	6
1444	6
1445	6
1446	6
1447	6
1448	6
1449	6
1450	6
1451	6
1452	6
1453	6
1454	6
1455	4
1456	4
1457	4
1458	4
1459	4
1460	4
1461	4
1462	4
1463	4
1464	4
1465	7
1466	7
1467	7
1468	7
1469	9
1470	7
1471	7
1472	7
1473	9
1474	7
1475	7
1476	7
1477	7
1478	7
1479	7
1480	7
1481	7
1482	7
1483	7
1484	7
1485	7
1486	7
1487	9
1488	7
1489	13
1490	13
1491	13
1492	13
1493	13
1494	13
1495	13
1496	13
1497	13
1498	13
1499	13
1500	13
1501	5
1502	5
1503	5
1504	5
1505	5
1506	5
1507	5
1508	5
1509	5
1510	5
1511	5
1512	5
1513	5
1514	5
1515	5
1516	5
1517	5
1518	5
1519	5
1520	5
1521	5
1522	5
1523	5
1524	5
1525	5
1526	5
1527	5
1528	5
1529	10
1530	10
1531	3
1532	3
1533	10
1534	10
1535	3
1536	10
1537	10
1538	3
1539	3
1540	3
1541	3
1542	10
1543	10
1544	10
1545	10
1546	10
1547	10
1548	3
1549	10
1550	10
1551	10
1552	3
1553	3
1554	4
1555	4
1556	4
1557	4
1558	3
1559	3
1560	3
1561	3
1562	4
1563	3
1564	3
1565	3
1566	4
1567	3
1568	3
1569	3
1570	3
1571	3
1572	3
1573	3
1574	3
1575	3
1576	5
1577	5
1578	5
1579	5
1580	5
1581	5
1582	5
1583	5
1584	5
1585	5
1586	5
1587	5
1588	5
1589	5
1590	5
1591	5
1592	5
1593	12
1594	12
1595	12
1596	12
1597	12
1598	12
1599	12
1600	12
1601	12
1602	3
1603	3
1604	4
1605	3
1606	3
1607	3
1608	4
1609	3
1610	4
1611	4
1612	4
1613	3
1614	3
1615	3
1616	3
1617	3
1618	7
1619	7
1620	7
1621	7
1622	7
1623	7
1624	7
1625	7
1626	7
1627	7
1628	7
1629	6
1630	6
1631	6
1632	6
1633	6
1634	6
1635	6
1636	6
1637	6
1638	6
1639	6
1640	6
1641	6
1642	6
1643	6
1644	7
1645	7
1646	7
1647	7
1648	7
1649	6
1650	6
1651	6
1652	6
1653	6
1654	6
1655	6
1656	6
1658	6
1659	6
1660	6
1661	6
1662	6
1663	6
1664	6
1665	6
1666	6
1667	6
1668	6
1669	6
1670	6
1671	6
1672	6
1673	7
1674	6
1675	6
1676	6
1677	7
1678	11
1679	11
1680	11
1681	11
1682	11
1683	11
1684	11
1685	5
1686	5
1687	5
1688	5
1689	5
1690	5
1691	5
1692	5
1693	5
1694	5
1695	5
1696	5
1697	5
1698	5
1699	5
1700	5
1701	6
1702	6
1703	8
1704	8
1705	6
1706	6
1707	6
1708	6
1709	6
1710	6
1711	6
1712	6
1713	7
1714	7
1715	7
1716	7
1717	7
1718	7
1719	7
1720	7
1721	7
1722	7
1723	7
1724	7
1725	6
1726	6
1727	6
1728	7
1729	6
1730	6
1731	6
1732	6
1733	6
1734	6
1735	6
1736	6
1737	6
1738	6
1739	6
1740	6
1741	6
1742	8
1743	8
1744	8
1745	5
1746	5
1747	8
1748	8
1749	8
1750	8
1751	8
1752	8
1753	5
1754	8
1755	5
1756	8
1757	7
1758	7
1759	7
1760	7
1761	5
1762	8
1763	8
1764	8
1765	8
1766	8
1767	8
1768	5
1769	8
1770	5
1771	8
1772	8
1773	5
1774	7
1775	7
1776	7
1777	7
1778	7
1779	7
1780	7
1781	7
1782	7
1783	7
1784	7
1785	7
1786	7
1787	8
1788	5
1789	5
1790	8
1791	8
1792	8
1793	8
1794	8
1795	7
1796	7
1797	7
1798	7
1799	8
1800	5
1801	5
1802	5
1803	8
1804	8
1805	8
1806	8
1807	8
1808	8
1809	6
1810	6
1811	6
1812	6
1813	6
1814	6
1815	6
1816	6
1817	6
1818	6
1819	6
1820	6
1821	6
1822	6
1823	6
1824	6
1825	6
1826	6
1827	6
1828	6
1829	6
1830	11
1831	11
1832	11
1833	11
1834	11
1835	6
1836	6
1837	11
1838	6
1839	6
1840	4
1841	4
1842	4
1843	4
1844	4
1845	6
1846	6
1847	6
1848	6
1849	6
1850	6
1851	6
1852	6
1853	6
1854	6
1855	6
1856	6
1857	7
1858	7
1859	7
1860	7
1861	7
1862	7
1863	6
1864	6
1865	6
1866	6
1867	6
1868	6
1869	6
1870	6
1871	6
1872	11
1873	11
1874	11
1875	11
1876	11
1877	11
1878	11
1879	11
1880	11
1881	11
1882	11
1883	11
1884	11
1885	11
1886	11
1887	11
1888	11
1889	11
1890	11
1891	11
1892	11
1893	11
1894	11
1895	12
1896	12
1897	12
1898	9
1899	9
1900	9
1901	9
1902	9
1903	9
1904	12
1905	12
1906	12
1907	12
1908	12
1909	12
1910	12
1911	12
1912	12
1913	12
1914	12
1915	12
1916	9
1917	9
1918	9
1919	9
1920	9
1921	9
1922	9
1923	9
1924	12
1925	12
1926	12
1927	12
1928	12
1929	12
1930	12
1931	12
1932	12
1933	12
1934	12
1935	12
1936	12
1937	12
1938	12
1939	12
1940	12
1941	12
1942	12
1943	12
1944	12
1945	12
1946	12
1947	12
1948	12
1949	12
1950	12
1951	12
1952	12
1953	12
1954	12
1955	12
1956	12
1957	12
1958	12
1959	12
1960	12
1961	12
1962	12
1963	12
1964	12
1965	12
1966	12
1967	12
1968	12
1969	12
1970	12
1971	12
1972	12
1973	12
1974	12
1975	12
1976	3
1977	3
1978	3
1979	3
1980	3
1981	3
1982	3
1983	3
1984	3
1985	3
1986	3
1987	3
1988	3
1989	3
1990	3
1991	3
1992	3
1993	3
1994	3
1995	3
1996	3
1997	3
1998	3
1999	3
2000	3
2001	3
2002	3
2003	3
2004	3
2005	3
2006	3
2007	3
2008	3
2009	3
2010	3
2011	3
2012	3
2013	3
2014	3
2015	3
2016	3
2017	11
2018	11
2019	11
2020	11
2021	11
2022	11
2023	11
2024	10
2025	11
2026	11
2027	11
2028	11
2029	11
2030	10
2031	10
2032	10
2033	10
2034	10
2035	10
2036	10
2037	11
2038	7
2039	7
2040	7
2041	7
2042	7
2043	11
2044	11
2045	11
2046	10
2047	10
2048	7
2049	7
2050	11
2051	10
2052	10
2053	11
2054	11
2055	10
2056	11
2057	10
2058	3
2059	3
2060	3
2061	3
2062	3
2063	3
2064	3
2065	3
2066	3
2067	3
2068	11
2069	11
2070	11
2071	11
2072	11
2073	11
2074	11
2075	11
2076	11
2077	11
2078	11
2079	11
2080	11
2081	11
2082	11
2083	11
2084	11
2085	11
2086	11
2087	11
2088	11
2089	13
2090	13
2091	13
2092	13
2093	13
2094	13
2095	13
2096	5
2097	5
2098	5
2099	5
2100	5
2101	5
2102	5
2103	5
2104	5
2105	5
2106	5
2107	5
2108	5
2109	5
2110	5
2111	5
2112	5
2113	4
2114	8
2115	8
2116	8
2117	8
2118	4
2119	4
2120	8
2121	8
2122	4
2123	4
2124	11
2125	8
2126	8
2127	8
2128	8
2129	8
2130	4
2131	8
2132	8
2133	4
2134	4
2135	8
2136	4
2137	4
2138	4
2139	4
2140	4
2141	8
2142	4
2143	4
2144	4
2145	8
2146	4
2147	4
2148	4
2149	4
2150	8
2151	8
2152	8
2153	8
2154	4
2155	4
2156	4
2157	4
2158	8
2159	4
2160	8
2161	8
2162	8
2163	8
2164	8
2165	8
2166	4
2167	4
2168	4
2169	8
2170	8
2171	4
2172	8
2173	8
2174	4
2175	4
2176	4
2177	4
2178	8
2179	8
2180	8
2181	8
2182	8
2183	8
2184	8
2185	8
2186	8
2187	8
2188	4
2189	4
2190	8
2191	8
2192	8
2193	8
2194	4
2195	4
2196	4
2197	4
2198	8
2199	4
2200	8
2201	4
2202	4
2203	4
2204	8
2205	8
2206	8
2207	8
2208	8
2209	8
2210	8
2211	4
2212	4
2213	8
2214	8
2215	4
2216	4
2217	8
2218	8
2219	8
2220	8
2221	8
2222	4
2223	4
2224	8
2225	8
2226	8
2227	8
2228	4
2229	4
2230	8
2231	8
2232	8
2233	4
2234	4
2235	8
2236	4
2237	4
2238	4
2239	8
2240	8
2241	4
2242	4
2243	4
2244	4
2245	4
2246	8
2247	8
2248	8
2249	8
2250	8
2251	8
2252	8
2253	4
2254	4
2255	4
2256	8
2257	8
2258	8
2259	8
2260	8
2261	8
2262	8
2263	8
2264	8
2265	8
2266	4
2267	8
2268	8
2269	4
2270	4
2271	4
2272	8
2273	4
2274	8
2275	8
2276	8
2277	4
2278	8
2279	4
2280	8
2281	8
2282	4
2283	4
2284	11
2285	11
2286	4
2287	4
2288	8
2289	8
2290	8
2291	8
2292	8
2293	8
2294	8
2295	8
2296	8
2297	4
2298	4
2299	4
2300	4
2301	8
2302	4
2303	4
2304	4
2305	8
2306	8
2307	8
2308	8
2309	11
2310	11
2311	11
2312	2
2313	2
2314	2
2315	2
2316	2
2317	2
2318	2
2319	2
2320	2
2321	2
2322	2
2323	2
2324	2
2325	2
2326	2
2327	2
2328	2
2329	2
2330	12
2331	12
2332	12
2333	12
2334	12
2335	12
2336	12
2337	12
2338	12
2339	12
2340	12
2341	12
2342	12
2343	12
2344	12
2345	12
2346	13
2347	13
2348	13
2349	13
2350	13
2351	13
2352	13
2353	13
2354	13
2355	13
2356	13
2357	13
2358	13
2359	13
2360	13
2361	13
2362	13
2363	13
2364	13
2365	13
2366	4
2367	4
2368	4
2369	4
2370	4
2371	4
2372	4
2373	4
2374	4
2375	4
2376	4
2377	4
2378	4
2379	4
2380	4
2381	4
2382	4
2383	4
2384	4
2385	4
2386	4
2387	4
2388	4
2389	4
2390	4
2391	4
2392	4
2393	4
2394	4
2395	4
2396	4
2397	4
2398	4
2399	4
2400	4
2401	4
2402	4
2403	4
2404	4
2405	4
2406	4
2407	4
2408	4
2409	4
2410	4
2411	4
2412	4
2413	4
2414	4
2415	1
2416	1
2417	1
2418	1
2419	1
2420	1
2421	1
2422	1
2423	1
2424	1
2425	1
2426	1
2427	1
2428	1
2429	1
2430	1
2431	1
2432	1
2433	1
2434	1
2435	1
2436	1
2437	1
2438	1
2439	1
2440	1
2441	1
2442	1
2443	1
2444	1
2445	1
2446	1
2447	1
2448	1
2449	1
2450	1
2451	1
2452	1
2453	1
2454	1
2455	1
2456	1
2457	1
2458	1
2459	1
2460	1
2461	1
2462	1
2463	1
2464	1
2465	1
2466	1
2467	1
2468	1
2469	1
2470	1
2471	1
2472	1
2473	1
2474	1
2475	1
2476	1
2477	1
2478	1
2479	1
2480	1
2481	1
2482	1
2483	1
2484	1
2485	1
2486	1
2487	1
2488	1
2489	1
2490	1
2491	1
2492	1
2493	1
2494	1
2495	1
2496	10
2497	10
2498	10
2499	10
2500	1
2501	1
2502	1
2503	1
2504	10
2505	10
2506	10
2507	1
2508	10
2509	10
2510	10
2511	10
2512	10
2513	10
2514	10
2515	1
2516	1
2517	1
2518	1
2519	1
2520	1
2521	1
2522	1
2523	1
2524	1
2525	1
2526	1
2527	1
2528	1
2529	1
2530	1
2531	10
2532	1
2533	10
2534	1
2535	10
2536	1
2537	10
2538	1
2539	1
2540	1
2541	1
2542	1
2543	1
2544	1
2545	1
2546	1
2547	1
2548	1
2549	1
2550	1
2551	1
2552	1
2553	1
2554	1
2555	1
2556	1
2557	1
2558	10
2559	10
2560	10
2561	10
2562	10
2563	1
2564	1
2565	1
2566	1
2567	1
2568	1
2569	1
2570	1
2571	1
2572	1
2573	1
2574	1
2575	1
2576	1
2577	1
2578	1
2579	1
2580	1
2581	1
2582	1
2583	10
2584	1
2585	1
2586	1
2587	10
2588	10
2589	10
2590	10
2591	10
2592	10
2593	10
2594	1
2595	1
2596	1
2597	1
2598	1
2599	1
2600	1
2601	1
2602	1
2603	1
2604	1
2605	1
2606	11
2607	11
2608	11
2609	11
2610	11
2611	11
2612	11
2613	11
2614	11
2615	11
2616	11
2617	11
2618	11
2619	11
2620	11
2621	11
2622	11
2623	11
2624	11
2625	11
2626	11
2627	11
2628	11
2629	11
2630	11
2631	11
2632	11
2633	11
2634	11
2635	11
2636	11
2637	11
2638	11
2639	11
2640	3
2641	3
2642	3
2643	3
2644	3
2645	3
2646	3
2647	3
2648	3
2649	3
2650	3
2651	3
2652	3
2653	3
2654	3
2655	3
2656	3
2657	10
2658	3
2659	3
2660	3
2661	10
2662	10
2663	3
2664	3
2665	3
2666	3
2667	3
2668	3
2669	3
2670	10
2671	3
2672	3
2673	3
2674	3
2675	10
2676	3
2677	3
2678	10
2679	3
2680	3
2681	3
2682	3
2683	3
2684	3
2685	3
2686	3
2687	3
2688	12
2689	12
2690	12
2691	12
315	13
1657	6
