0	10
1	10
2	10
3	10
4	10
5	10
6	10
7	12
8	12
9	12
10	12
11	12
12	12
13	12
14	12
15	12
16	12
17	12
18	12
19	12
20	12
21	2
22	2
23	2
24	2
25	2
26	2
27	2
28	2
29	1
30	1
31	1
32	1
33	1
34	1
35	1
36	1
37	1
38	1
39	1
40	1
41	1
42	1
43	1
44	1
45	1
46	1
47	1
48	1
49	1
50	1
51	1
52	1
53	8
54	8
55	8
56	8
57	8
58	1
59	1
60	1
61	1
62	1
63	1
64	1
65	8
66	8
67	8
68	8
69	8
70	8
71	2
72	2
73	2
74	2
75	1
76	1
77	1
78	1
79	1
80	1
81	1
82	1
83	13
84	13
85	13
86	13
87	13
88	13
89	13
90	13
91	13
92	13
93	13
94	13
95	13
96	12
97	12
98	12
99	12
100	12
101	12
102	12
103	12
104	12
105	12
106	12
107	12
108	12
109	12
110	12
111	12
112	12
113	12
114	12
115	12
116	12
117	12
118	12
119	12
120	12
121	12
122	12
123	12
124	12
125	12
126	12
127	12
128	12
129	9
130	9
131	9
132	9
133	9
134	9
135	9
136	9
137	9
138	9
139	9
140	9
141	9
142	9
143	9
144	9
145	9
146	9
147	9
148	9
149	9
150	9
151	9
152	9
153	9
154	9
155	9
156	9
157	9
158	9
159	9
160	9
161	9
162	9
163	9
164	9
165	9
166	9
167	9
168	9
169	9
170	9
171	9
172	9
173	13
174	9
175	9
176	9
177	9
178	9
179	9
180	9
181	9
182	9
183	10
184	10
185	10
186	10
187	10
188	10
189	10
190	10
191	10
192	10
193	10
194	10
195	10
196	10
197	10
198	10
199	10
200	10
201	10
202	10
203	10
204	10
205	10
206	10
207	10
208	2
209	2
210	2
211	2
212	2
213	2
214	2
215	2
216	2
217	2
218	2
219	2
220	2
221	2
222	2
223	2
224	2
225	2
226	2
227	2
228	2
229	2
230	2
231	2
232	2
233	2
234	2
235	2
236	2
237	2
238	2
239	2
240	2
241	2
242	2
243	2
244	2
245	2
246	2
247	2
248	10
249	10
250	10
251	10
252	10
253	10
254	10
255	10
256	10
257	10
258	10
259	10
260	10
261	3
262	3
263	3
264	3
265	3
266	3
267	3
268	3
269	3
270	3
271	3
272	3
273	3
274	3
275	3
276	3
277	3
278	3
279	3
280	3
281	3
282	3
283	3
284	3
285	3
286	3
287	3
288	3
289	3
290	3
291	3
292	3
293	3
294	3
295	3
296	3
297	3
298	3
299	3
300	3
301	3
302	10
303	10
304	10
305	10
306	8
307	8
308	8
309	11
310	11
311	11
312	8
313	8
314	8
316	1
317	1
318	1
319	1
320	1
321	1
322	1
323	1
324	1
325	1
326	1
327	1
328	1
329	1
330	1
331	8
332	8
333	8
334	8
335	8
336	11
337	1
338	1
339	1
340	8
341	8
342	8
343	8
344	8
345	8
346	8
347	8
348	8
349	8
350	8
351	8
352	8
353	8
354	8
355	8
356	9
357	9
358	9
359	9
360	9
361	9
362	5
363	9
364	9
365	9
366	9
367	9
368	5
369	8
370	8
371	8
372	8
373	11
374	8
375	8
376	8
377	8
378	8
379	8
380	8
381	8
382	8
383	8
384	8
385	8
386	8
387	8
388	8
389	1
390	1
391	1
392	1
393	1
394	8
395	8
396	8
397	11
398	1
399	1
400	1
401	1
402	1
403	2
404	2
405	2
406	2
407	2
408	2
409	12
410	12
411	12
412	12
413	12
414	12
415	12
416	12
417	12
418	12
419	12
420	12
421	12
422	12
423	12
424	12
425	9
426	9
427	9
428	9
429	9
430	9
431	9
432	9
433	12
434	12
435	12
436	12
437	12
438	12
439	12
440	12
441	12
442	12
443	12
444	12
445	12
446	9
447	9
448	9
449	9
450	9
451	12
452	12
453	12
454	9
455	9
456	9
457	12
458	12
459	12
460	12
461	12
462	12
463	9
464	9
465	9
466	9
467	9
468	9
469	9
470	9
471	9
472	9
473	12
474	12
475	3
476	3
477	9
478	9
479	9
480	9
481	9
482	9
483	9
484	2
485	2
486	9
487	9
488	9
489	3
490	3
491	3
492	3
493	3
494	3
495	9
496	9
497	9
498	2
499	9
500	9
501	9
502	2
503	9
504	9
505	9
506	2
507	2
508	2
509	2
510	2
511	2
512	2
513	2
514	2
515	2
516	2
517	2
518	2
519	2
520	2
521	2
522	4
523	4
524	4
525	4
526	10
527	10
528	4
529	4
530	4
531	4
532	4
533	4
534	4
535	4
536	4
537	4
538	10
539	10
540	10
541	10
542	10
543	10
544	10
545	10
546	10
547	10
548	10
549	10
550	10
551	10
552	10
553	10
554	10
555	10
556	10
557	10
558	10
559	2
560	2
561	2
562	2
563	2
564	2
565	10
566	10
567	10
568	10
569	10
570	13
571	13
572	13
573	13
574	13
575	13
576	13
577	13
578	13
579	13
580	13
581	10
582	10
583	10
584	10
585	10
586	10
587	3
588	2
589	2
590	2
591	2
592	2
593	2
594	2
595	2
596	3
597	2
598	3
599	2
600	2
601	2
602	2
603	10
604	10
605	10
606	10
607	10
608	10
609	10
610	10
611	10
612	10
613	10
614	10
615	10
616	10
617	3
618	2
619	2
620	3
621	2
622	3
623	3
624	3
625	3
626	3
627	3
628	2
629	2
630	2
631	2
632	3
633	2
634	3
635	2
636	3
637	3
638	3
639	10
640	10
641	10
642	10
643	10
644	10
645	10
646	10
647	10
648	10
649	10
650	10
651	10
652	10
653	10
654	10
655	10
656	10
657	3
658	3
659	3
660	3
661	12
662	12
663	12
664	12
665	12
666	12
667	12
668	12
669	12
670	2
671	2
672	2
673	2
674	2
675	2
676	2
677	9
678	9
679	9
680	12
681	12
682	12
683	12
684	12
685	12
686	12
687	12
688	12
689	12
690	12
691	12
692	12
693	12
694	12
695	12
696	12
697	2
698	2
699	9
700	2
701	2
702	9
703	2
704	2
705	9
706	9
707	2
708	2
709	2
710	2
711	2
712	2
713	2
714	12
715	12
716	2
717	2
718	2
719	2
720	2
721	2
722	2
723	2
724	2
725	2
726	2
727	2
728	2
729	2
730	2
731	2
732	1
733	1
734	1
735	1
736	12
737	9
738	9
739	9
740	9
741	9
742	9
743	3
744	3
745	1
746	1
747	1
748	12
749	12
750	12
751	1
752	1
753	1
754	1
755	1
756	1
757	1
758	12
759	1
760	1
761	1
762	12
763	12
764	12
765	12
766	3
767	9
768	3
769	9
770	12
771	1
772	3
773	3
774	3
775	9
776	3
777	3
778	9
779	9
780	3
781	3
782	3
783	9
784	9
785	5
786	3
787	3
788	3
789	3
790	3
791	5
792	5
793	5
794	5
795	5
796	5
797	5
798	5
799	5
800	5
801	3
802	3
803	3
804	3
805	5
806	5
807	5
808	3
809	3
810	9
811	11
812	4
813	11
814	11
815	4
816	4
817	4
818	4
819	4
820	4
821	11
822	4
823	4
824	4
825	4
826	4
827	4
828	4
829	4
830	11
831	11
832	11
833	11
834	11
835	11
836	11
837	11
838	11
839	11
840	11
841	11
842	11
843	4
844	4
845	4
846	4
847	4
848	4
849	4
850	4
851	4
852	11
853	11
854	4
855	4
856	4
857	4
858	10
859	10
860	10
861	10
862	10
863	10
864	10
865	10
866	10
867	10
868	10
869	10
870	10
871	11
872	11
873	11
874	11
875	4
876	4
877	4
878	4
879	4
880	4
881	11
882	11
883	4
884	11
885	4
886	11
887	4
888	4
889	4
890	4
891	4
892	4
893	4
894	4
895	4
896	11
897	4
898	4
899	4
900	4
901	4
902	11
903	4
904	11
905	4
906	11
907	4
908	4
909	4
910	4
911	4
912	4
913	4
914	4
915	11
916	11
917	11
918	4
919	4
920	4
921	4
922	4
923	4
924	4
925	4
926	11
927	4
928	4
929	11
930	4
931	4
932	4
933	4
934	4
935	4
936	4
937	11
938	4
939	4
940	4
941	4
942	4
943	4
944	4
945	4
946	11
947	4
948	4
949	4
950	4
951	4
952	4
953	4
954	4
955	4
956	4
957	4
958	4
959	11
960	4
961	4
962	4
963	4
964	4
965	4
966	4
967	4
968	4
969	4
970	11
971	11
972	4
973	4
974	4
975	4
976	4
977	4
978	4
979	4
980	4
981	4
982	1
983	11
984	1
985	9
986	9
987	9
988	9
989	9
990	9
991	9
992	9
993	9
994	9
995	9
996	9
997	9
998	9
999	9
1000	9
1001	9
1002	9
1003	9
1004	9
1005	9
1006	9
1007	1
1008	1
1009	9
1010	1
1011	11
1012	1
1013	1
1014	1
1015	1
1016	1
1017	1
1018	1
1019	11
1020	1
1021	1
1022	1
1023	1
1024	1
1025	1
1026	1
1027	1
1028	11
1029	11
1030	1
1031	11
1032	1
1033	11
1034	1
1035	1
1036	1
1037	1
1038	1
1039	1
1040	1
1041	1
1042	1
1043	1
1044	11
1045	11
1046	1
1047	1
1048	1
1049	11
1050	1
1051	1
1052	1
1053	1
1054	1
1055	1
1056	1
1057	1
1058	1
1059	1
1060	1
1061	1
1062	11
1063	1
1064	1
1065	1
1066	1
1067	1
1068	1
1069	1
1070	1
1071	11
1072	1
1073	1
1074	1
1075	10
1076	10
1077	10
1078	10
1079	10
1080	10
1081	10
1082	10
1083	10
1084	10
1085	10
1086	10
1087	3
1088	3
1089	3
1090	3
1091	3
1092	3
1093	3
1094	2
1095	2
1096	2
1097	2
1098	2
1099	2
1100	2
1101	2
1102	2
1103	2
1104	2
1105	2
1106	2
1107	11
1108	11
1109	11
1110	11
1111	11
1112	11
1113	11
1114	11
1115	11
1116	11
1117	11
1118	11
1119	11
1120	11
1121	11
1122	11
1123	11
1124	11
1125	11
1126	11
1127	11
1128	11
1129	11
1130	11
1131	11
1132	11
1133	11
1134	11
1135	11
1136	11
1137	11
1138	11
1139	11
1140	11
1141	11
1142	11
1143	11
1144	11
1145	11
1146	11
1147	11
1148	11
1149	11
1150	11
1151	11
1152	11
1153	11
1154	8
1155	8
1156	8
1157	8
1158	8
1159	8
1160	8
1161	8
1162	8
1163	8
1164	8
1165	8
1166	8
1167	8
1168	8
1169	1
1170	1
1171	1
1172	11
1173	1
1174	1
1175	1
1176	1
1177	11
1178	11
1179	11
1180	1
1181	11
1182	11
1183	1
1184	1
1185	1
1186	1
1187	1
1188	1
1189	1
1190	1
1191	1
1192	1
1193	1
1194	1
1195	1
1196	1
1197	11
1198	1
1199	11
1200	4
1201	4
1202	4
1203	4
1204	4
1205	4
1206	4
1207	4
1208	4
1209	4
1210	4
1211	4
1212	4
1213	4
1214	4
1215	4
1216	4
1217	4
1218	4
1219	4
1220	4
1221	4
1222	4
1223	4
1224	4
1225	4
1226	4
1227	4
1228	4
1229	4
1230	4
1231	4
1232	4
1233	4
1234	4
1235	4
1236	4
1237	4
1238	4
1239	4
1240	3
1241	3
1242	2
1243	2
1244	2
1245	3
1246	2
1247	2
1248	2
1249	2
1250	2
1251	2
1252	2
1253	1
1254	1
1255	1
1256	1
1257	1
1258	2
1259	2
1260	2
1261	2
1262	2
1263	3
1264	1
1265	1
1266	1
1267	1
1268	1
1269	1
1270	1
1271	1
1272	1
1273	1
1274	1
1275	1
1276	1
1277	1
1278	5
1279	5
1280	5
1281	2
1282	3
1283	3
1284	1
1285	1
1286	1
1287	1
1288	5
1289	5
1290	5
1291	5
1292	5
1293	5
1294	5
1295	5
1296	5
1297	5
1298	5
1299	5
1300	5
1301	5
1302	5
1303	10
1304	10
1305	10
1306	10
1307	10
1308	10
1309	10
1310	10
1311	10
1312	10
1313	10
1314	11
1315	11
1316	11
1317	11
1318	11
1319	11
1320	11
1321	11
1322	11
1323	11
1324	11
1325	11
1326	11
1327	11
1328	11
1329	11
1330	11
1331	11
1332	11
1333	11
1334	11
1335	11
1336	11
1337	11
1338	11
1339	11
1340	11
1341	11
1342	11
1343	11
1344	11
1345	11
1346	10
1347	10
1348	10
1349	10
1350	10
1351	10
1352	10
1353	10
1354	10
1355	10
1356	10
1357	10
1358	10
1359	10
1360	10
1361	10
1362	10
1363	11
1364	11
1365	11
1366	11
1367	11
1368	11
1369	11
1370	5
1371	5
1372	11
1373	11
1374	11
1375	11
1376	11
1377	11
1378	11
1379	5
1380	11
1381	5
1382	5
1383	5
1384	5
1385	5
1386	5
1387	5
1388	5
1389	5
1390	5
1391	5
1392	5
1393	5
1394	5
1395	5
1396	5
1397	1
1398	1
1399	1
1400	1
1401	1
1402	1
1403	1
1404	1
1405	1
1406	1
1407	1
1408	1
1409	1
1410	1
1411	1
1412	1
1413	1
1414	1
1415	1
1416	1
1417	1
1418	1
1419	1
1420	1
1421	1
1422	1
1423	1
1424	1
1425	1
1426	1
1427	1
1428	13
1429	13
1430	13
1431	13
1432	13
1433	13
1434	13
1435	13
1436	13
1437	13
1438	13
1439	13
1440	13
1441	12
1442	12
1443	1
1444	12
1445	1
1446	12
1447	12
1448	1
1449	12
1450	1
1451	1
1452	1
1453	1
1454	1
1455	13
1456	13
1457	13
1458	13
1459	13
1460	13
1461	13
1462	13
1463	13
1464	13
1465	2
1466	2
1467	2
1468	2
1469	2
1470	2
1471	2
1472	2
1473	2
1474	2
1475	2
1476	2
1477	2
1478	2
1479	2
1480	2
1481	2
1482	2
1483	2
1484	2
1485	2
1486	2
1487	2
1488	2
1489	1
1490	1
1491	1
1492	1
1493	1
1494	1
1495	1
1496	1
1497	1
1498	1
1499	1
1500	1
1501	6
1502	6
1503	6
1504	6
1505	6
1506	6
1507	6
1508	6
1509	6
1510	6
1511	6
1512	6
1513	6
1514	6
1515	6
1516	6
1517	6
1518	6
1519	6
1520	6
1521	6
1522	6
1523	6
1524	6
1525	6
1526	6
1527	6
1528	6
1529	9
1530	9
1531	9
1532	9
1533	9
1534	9
1535	9
1536	9
1537	9
1538	9
1539	9
1540	9
1541	9
1542	9
1543	9
1544	9
1545	9
1546	9
1547	9
1548	9
1549	9
1550	9
1551	9
1552	13
1553	4
1554	4
1555	4
1556	4
1557	4
1558	4
1559	13
1560	4
1561	4
1562	4
1563	4
1564	4
1565	4
1566	4
1567	13
1568	4
1569	4
1570	4
1571	4
1572	13
1573	4
1574	4
1575	13
1576	1
1577	1
1578	1
1579	1
1580	1
1581	1
1582	1
1583	1
1584	1
1585	1
1586	1
1587	1
1588	1
1589	1
1590	1
1591	1
1592	1
1593	10
1594	10
1595	10
1596	10
1597	10
1598	10
1599	10
1600	10
1601	10
1602	13
1603	13
1604	13
1605	13
1606	13
1607	13
1608	13
1609	13
1610	13
1611	13
1612	13
1613	13
1614	13
1615	13
1616	13
1617	13
1618	2
1619	2
1620	2
1621	2
1622	2
1623	2
1624	2
1625	2
1626	2
1627	2
1628	2
1629	4
1630	4
1631	4
1632	12
1633	4
1634	4
1635	4
1636	12
1637	4
1638	4
1639	4
1640	4
1641	4
1642	4
1643	4
1644	2
1645	2
1646	2
1647	2
1648	2
1649	4
1650	4
1651	4
1652	4
1653	4
1654	4
1655	4
1656	4
1658	4
1659	4
1660	4
1661	4
1662	4
1663	4
1664	4
1665	4
1666	4
1667	12
1668	12
1669	4
1670	4
1671	4
1672	4
1673	2
1674	4
1675	4
1676	4
1677	2
1678	3
1679	3
1680	3
1681	3
1682	3
1683	3
1684	3
1685	12
1686	12
1687	12
1688	12
1689	12
1690	12
1691	12
1692	12
1693	12
1694	12
1695	12
1696	12
1697	12
1698	12
1699	12
1700	12
1701	12
1702	12
1703	7
1704	7
1705	12
1706	12
1707	12
1708	12
1709	12
1710	12
1711	12
1712	12
1713	2
1714	2
1715	2
1716	2
1717	2
1718	2
1719	2
1720	2
1721	2
1722	2
1723	2
1724	2
1725	12
1726	12
1727	12
1728	2
1729	12
1730	12
1731	12
1732	12
1733	12
1734	12
1735	12
1736	12
1737	12
1738	12
1739	12
1740	12
1741	12
1742	6
1743	12
1744	6
1745	6
1746	12
1747	12
1748	6
1749	12
1750	12
1751	12
1752	12
1753	6
1754	12
1755	12
1756	12
1757	2
1758	2
1759	2
1760	2
1761	12
1762	6
1763	6
1764	12
1765	6
1766	12
1767	12
1768	6
1769	12
1770	6
1771	6
1772	12
1773	12
1774	2
1775	2
1776	2
1777	2
1778	2
1779	2
1780	2
1781	2
1782	2
1783	2
1784	2
1785	2
1786	2
1787	12
1788	6
1789	6
1790	12
1791	12
1792	12
1793	6
1794	12
1795	2
1796	2
1797	2
1798	2
1799	6
1800	12
1801	12
1802	6
1803	6
1804	6
1805	6
1806	6
1807	6
1808	6
1809	7
1810	7
1811	7
1812	7
1813	7
1814	7
1815	7
1816	7
1817	7
1818	7
1819	7
1820	7
1821	7
1822	7
1823	7
1824	7
1825	7
1826	7
1827	7
1828	7
1829	7
1830	2
1831	2
1832	2
1833	2
1834	2
1835	7
1836	7
1837	2
1838	7
1839	7
1840	5
1841	5
1842	5
1843	5
1844	5
1845	7
1846	7
1847	7
1848	7
1849	7
1850	7
1851	7
1852	7
1853	7
1854	7
1855	7
1856	7
1857	2
1858	2
1859	2
1860	2
1861	2
1862	2
1863	7
1864	7
1865	7
1866	7
1867	7
1868	7
1869	7
1870	7
1871	7
1872	3
1873	3
1874	3
1875	3
1876	3
1877	3
1878	3
1879	3
1880	3
1881	3
1882	3
1883	3
1884	3
1885	3
1886	3
1887	3
1888	3
1889	3
1890	3
1891	3
1892	3
1893	3
1894	3
1895	10
1896	10
1897	10
1898	8
1899	8
1900	8
1901	8
1902	8
1903	8
1904	10
1905	10
1906	10
1907	10
1908	10
1909	10
1910	10
1911	10
1912	10
1913	10
1914	10
1915	10
1916	8
1917	8
1918	8
1919	8
1920	8
1921	8
1922	8
1923	8
1924	10
1925	10
1926	10
1927	10
1928	10
1929	10
1930	10
1931	10
1932	10
1933	10
1934	10
1935	10
1936	10
1937	10
1938	10
1939	10
1940	10
1941	10
1942	10
1943	10
1944	10
1945	10
1946	10
1947	10
1948	10
1949	10
1950	10
1951	10
1952	10
1953	10
1954	10
1955	10
1956	10
1957	10
1958	10
1959	10
1960	10
1961	10
1962	10
1963	10
1964	10
1965	10
1966	10
1967	10
1968	10
1969	10
1970	10
1971	10
1972	10
1973	10
1974	10
1975	10
1976	13
1977	13
1978	13
1979	13
1980	13
1981	13
1982	13
1983	13
1984	13
1985	13
1986	13
1987	13
1988	13
1989	13
1990	13
1991	13
1992	13
1993	13
1994	13
1995	13
1996	13
1997	13
1998	13
1999	13
2000	13
2001	13
2002	13
2003	13
2004	13
2005	13
2006	13
2007	13
2008	13
2009	13
2010	13
2011	13
2012	13
2013	13
2014	13
2015	13
2016	13
2017	3
2018	3
2019	3
2020	3
2021	3
2022	3
2023	3
2024	9
2025	3
2026	3
2027	3
2028	3
2029	3
2030	9
2031	9
2032	9
2033	9
2034	9
2035	9
2036	9
2037	3
2038	2
2039	2
2040	2
2041	2
2042	2
2043	3
2044	3
2045	3
2046	9
2047	9
2048	2
2049	2
2050	3
2051	9
2052	9
2053	3
2054	3
2055	9
2056	3
2057	9
2058	13
2059	13
2060	13
2061	13
2062	13
2063	13
2064	13
2065	13
2066	13
2067	13
2068	3
2069	3
2070	3
2071	3
2072	3
2073	3
2074	3
2075	3
2076	3
2077	3
2078	3
2079	3
2080	3
2081	3
2082	3
2083	3
2084	3
2085	3
2086	3
2087	3
2088	3
2089	1
2090	1
2091	1
2092	1
2093	1
2094	1
2095	1
2096	10
2097	10
2098	10
2099	10
2100	10
2101	10
2102	10
2103	6
2104	6
2105	6
2106	6
2107	10
2108	10
2109	10
2110	6
2111	6
2112	6
2113	7
2114	6
2115	6
2116	6
2117	6
2118	7
2119	7
2120	7
2121	6
2122	7
2123	7
2124	3
2125	6
2126	6
2127	6
2128	6
2129	6
2130	7
2131	6
2132	6
2133	7
2134	6
2135	6
2136	7
2137	7
2138	7
2139	7
2140	7
2141	7
2142	7
2143	7
2144	7
2145	7
2146	7
2147	7
2148	7
2149	7
2150	6
2151	6
2152	6
2153	6
2154	7
2155	7
2156	7
2157	6
2158	6
2159	7
2160	6
2161	6
2162	6
2163	6
2164	7
2165	7
2166	6
2167	7
2168	7
2169	6
2170	6
2171	7
2172	6
2173	6
2174	7
2175	7
2176	7
2177	7
2178	6
2179	6
2180	7
2181	7
2182	6
2183	6
2184	6
2185	6
2186	6
2187	6
2188	7
2189	7
2190	6
2191	7
2192	6
2193	6
2194	7
2195	6
2196	7
2197	7
2198	6
2199	7
2200	6
2201	7
2202	7
2203	6
2204	6
2205	6
2206	6
2207	6
2208	7
2209	6
2210	6
2211	7
2212	7
2213	6
2214	7
2215	7
2216	7
2217	6
2218	6
2219	6
2220	6
2221	7
2222	7
2223	7
2224	6
2225	6
2226	6
2227	6
2228	7
2229	7
2230	7
2231	7
2232	6
2233	7
2234	7
2235	6
2236	7
2237	7
2238	7
2239	6
2240	6
2241	7
2242	7
2243	7
2244	7
2245	7
2246	6
2247	7
2248	7
2249	6
2250	6
2251	6
2252	6
2253	7
2254	7
2255	7
2256	7
2257	6
2258	7
2259	6
2260	6
2261	7
2262	7
2263	6
2264	6
2265	6
2266	7
2267	6
2268	6
2269	7
2270	7
2271	6
2272	6
2273	6
2274	6
2275	6
2276	6
2277	7
2278	7
2279	7
2280	6
2281	6
2282	7
2283	7
2284	3
2285	3
2286	7
2287	7
2288	6
2289	6
2290	6
2291	6
2292	6
2293	6
2294	7
2295	6
2296	6
2297	7
2298	7
2299	7
2300	7
2301	6
2302	7
2303	7
2304	7
2305	6
2306	6
2307	6
2308	6
2309	3
2310	3
2311	3
2312	11
2313	11
2314	11
2315	11
2316	11
2317	11
2318	11
2319	11
2320	11
2321	11
2322	11
2323	11
2324	11
2325	11
2326	11
2327	11
2328	11
2329	11
2330	10
2331	10
2332	10
2333	10
2334	10
2335	10
2336	10
2337	10
2338	10
2339	10
2340	10
2341	10
2342	10
2343	10
2344	10
2345	10
2346	11
2347	11
2348	11
2349	11
2350	11
2351	11
2352	11
2353	11
2354	11
2355	11
2356	11
2357	11
2358	11
2359	11
2360	11
2361	11
2362	11
2363	11
2364	11
2365	11
2366	13
2367	7
2368	13
2369	7
2370	7
2371	7
2372	7
2373	7
2374	13
2375	7
2376	7
2377	13
2378	13
2379	7
2380	7
2381	13
2382	7
2383	7
2384	13
2385	7
2386	13
2387	7
2388	13
2389	13
2390	13
2391	7
2392	7
2393	13
2394	13
2395	13
2396	13
2397	13
2398	13
2399	13
2400	7
2401	7
2402	7
2403	7
2404	7
2405	7
2406	7
2407	7
2408	13
2409	7
2410	7
2411	7
2412	7
2413	7
2414	7
2415	8
2416	8
2417	8
2418	8
2419	5
2420	5
2421	5
2422	8
2423	8
2424	8
2425	8
2426	8
2427	5
2428	5
2429	5
2430	5
2431	8
2432	8
2433	8
2434	8
2435	8
2436	8
2437	8
2438	5
2439	5
2440	5
2441	8
2442	8
2443	8
2444	8
2445	8
2446	5
2447	5
2448	8
2449	5
2450	5
2451	5
2452	5
2453	5
2454	8
2455	8
2456	8
2457	8
2458	8
2459	8
2460	5
2461	5
2462	8
2463	8
2464	8
2465	8
2466	8
2467	8
2468	8
2469	8
2470	8
2471	8
2472	8
2473	8
2474	5
2475	8
2476	8
2477	8
2478	8
2479	8
2480	8
2481	8
2482	8
2483	8
2484	8
2485	5
2486	5
2487	8
2488	5
2489	5
2490	5
2491	5
2492	8
2493	5
2494	8
2495	5
2496	5
2497	5
2498	5
2499	5
2500	8
2501	5
2502	8
2503	8
2504	8
2505	8
2506	8
2507	8
2508	5
2509	5
2510	5
2511	8
2512	5
2513	5
2514	5
2515	5
2516	5
2517	5
2518	5
2519	5
2520	5
2521	5
2522	5
2523	5
2524	8
2525	5
2526	8
2527	5
2528	8
2529	5
2530	5
2531	5
2532	5
2533	5
2534	5
2535	5
2536	5
2537	5
2538	5
2539	5
2540	5
2541	5
2542	5
2543	8
2544	5
2545	5
2546	5
2547	8
2548	8
2549	8
2550	5
2551	5
2552	5
2553	5
2554	5
2555	5
2556	5
2557	5
2558	8
2559	8
2560	8
2561	8
2562	5
2563	5
2564	8
2565	5
2566	8
2567	8
2568	5
2569	8
2570	8
2571	8
2572	8
2573	8
2574	5
2575	5
2576	5
2577	5
2578	5
2579	5
2580	5
2581	5
2582	8
2583	5
2584	5
2585	8
2586	8
2587	5
2588	5
2589	5
2590	5
2591	5
2592	5
2593	5
2594	8
2595	8
2596	8
2597	8
2598	8
2599	8
2600	5
2601	5
2602	8
2603	8
2604	5
2605	5
2606	3
2607	3
2608	3
2609	3
2610	3
2611	3
2612	3
2613	3
2614	3
2615	3
2616	3
2617	3
2618	3
2619	3
2620	3
2621	3
2622	3
2623	3
2624	3
2625	3
2626	3
2627	3
2628	3
2629	3
2630	3
2631	3
2632	3
2633	3
2634	3
2635	3
2636	3
2637	3
2638	3
2639	3
2640	13
2641	13
2642	13
2643	13
2644	13
2645	13
2646	13
2647	13
2648	13
2649	13
2650	13
2651	13
2652	13
2653	13
2654	13
2655	13
2656	13
2657	9
2658	13
2659	13
2660	13
2661	13
2662	13
2663	13
2664	13
2665	13
2666	13
2667	13
2668	13
2669	13
2670	9
2671	13
2672	13
2673	13
2674	13
2675	13
2676	13
2677	13
2678	9
2679	13
2680	13
2681	13
2682	13
2683	13
2684	13
2685	13
2686	13
2687	13
2688	10
2689	10
2690	10
2691	10
315	1
1657	4
