0	13
1	13
2	13
3	13
4	13
5	13
6	13
7	4
8	4
9	4
10	4
11	4
12	4
13	4
14	4
15	4
16	4
17	4
18	4
19	4
20	4
21	10
22	10
23	10
24	10
25	10
26	10
27	10
28	10
29	6
30	6
31	6
32	6
33	6
34	6
35	6
36	6
37	6
38	6
39	6
40	6
41	6
42	6
43	6
44	6
45	6
46	6
47	6
48	6
49	6
50	6
51	6
52	6
53	5
54	5
55	5
56	5
57	5
58	6
59	6
60	6
61	6
62	6
63	6
64	6
65	5
66	5
67	5
68	5
69	5
70	5
71	10
72	10
73	10
74	10
75	6
76	6
77	6
78	6
79	6
80	6
81	6
82	6
83	12
84	12
85	12
86	12
87	12
88	12
89	12
90	12
91	12
92	12
93	12
94	12
95	12
96	4
97	4
98	4
99	4
100	4
101	4
102	2
103	4
104	4
105	4
106	4
107	4
108	4
109	4
110	4
111	4
112	4
113	4
114	4
115	4
116	4
117	4
118	4
119	4
120	4
121	4
122	4
123	4
124	4
125	4
126	4
127	4
128	4
129	12
130	7
131	7
132	7
133	12
134	7
135	7
136	7
137	7
138	12
139	7
140	7
141	7
142	12
143	7
144	7
145	12
146	7
147	12
148	12
149	12
150	12
151	12
152	12
153	12
154	7
155	7
156	7
157	7
158	7
159	7
160	7
161	7
162	12
163	12
164	12
165	7
166	11
167	11
168	11
169	11
170	11
171	11
172	11
173	11
174	11
175	11
176	11
177	11
178	11
179	11
180	11
181	11
182	11
183	13
184	13
185	13
186	13
187	13
188	13
189	13
190	13
191	13
192	13
193	13
194	13
195	13
196	13
197	13
198	13
199	13
200	13
201	13
202	13
203	13
204	13
205	13
206	13
207	13
208	10
209	10
210	10
211	10
212	10
213	10
214	10
215	10
216	10
217	10
218	10
219	10
220	10
221	10
222	10
223	10
224	10
225	10
226	10
227	10
228	10
229	10
230	10
231	10
232	10
233	10
234	10
235	10
236	10
237	10
238	10
239	10
240	10
241	10
242	10
243	10
244	10
245	10
246	10
247	10
248	13
249	13
250	13
251	13
252	13
253	13
254	13
255	13
256	13
257	13
258	13
259	13
260	13
261	1
262	1
263	1
264	1
265	1
266	1
267	1
268	1
269	1
270	1
271	1
272	1
273	1
274	1
275	1
276	1
277	1
278	1
279	1
280	1
281	1
282	1
283	1
284	1
285	1
286	1
287	1
288	1
289	1
290	1
291	1
292	1
293	1
294	1
295	1
296	1
297	1
298	1
299	1
300	1
301	1
302	13
303	13
304	13
305	13
306	8
307	8
308	8
309	8
310	8
311	8
312	8
313	8
314	8
316	6
317	6
318	6
319	6
320	6
321	6
322	6
323	6
324	6
325	6
326	6
327	6
328	6
329	6
330	6
331	10
332	8
333	8
334	10
335	8
336	8
337	6
338	6
339	6
340	8
341	8
342	8
343	8
344	10
345	8
346	10
347	8
348	8
349	8
350	8
351	10
352	10
353	8
354	8
355	8
356	12
357	12
358	12
359	12
360	12
361	12
362	12
363	12
364	12
365	12
366	12
367	12
368	12
369	8
370	8
371	8
372	8
373	8
374	8
375	8
376	8
377	8
378	8
379	8
380	8
381	10
382	10
383	8
384	8
385	8
386	8
387	8
388	8
389	6
390	6
391	6
392	6
393	6
394	8
395	8
396	10
397	8
398	6
399	6
400	6
401	6
402	6
403	10
404	10
405	10
406	10
407	10
408	10
409	3
410	3
411	3
412	3
413	3
414	3
415	3
416	3
417	3
418	3
419	3
420	3
421	3
422	3
423	3
424	3
425	11
426	11
427	11
428	11
429	11
430	11
431	11
432	11
433	3
434	3
435	3
436	3
437	3
438	3
439	3
440	3
441	3
442	3
443	3
444	3
445	3
446	11
447	11
448	11
449	11
450	11
451	3
452	3
453	3
454	11
455	11
456	11
457	3
458	3
459	3
460	3
461	3
462	3
463	11
464	11
465	11
466	11
467	11
468	11
469	11
470	11
471	11
472	11
473	3
474	3
475	1
476	1
477	11
478	11
479	11
480	11
481	11
482	11
483	11
484	10
485	10
486	11
487	11
488	11
489	1
490	1
491	1
492	1
493	1
494	1
495	11
496	11
497	11
498	10
499	11
500	11
501	11
502	10
503	11
504	11
505	11
506	10
507	10
508	10
509	10
510	10
511	10
512	10
513	10
514	10
515	10
516	10
517	10
518	10
519	10
520	10
521	10
522	2
523	2
524	2
525	2
526	13
527	13
528	2
529	2
530	2
531	2
532	2
533	2
534	2
535	2
536	2
537	2
538	13
539	13
540	13
541	13
542	13
543	13
544	13
545	13
546	13
547	13
548	13
549	13
550	13
551	13
552	13
553	13
554	13
555	13
556	13
557	13
558	13
559	1
560	1
561	1
562	1
563	1
564	1
565	13
566	13
567	13
568	13
569	13
570	2
571	2
572	2
573	2
574	2
575	2
576	2
577	2
578	2
579	2
580	2
581	13
582	13
583	13
584	13
585	13
586	13
587	1
588	10
589	10
590	1
591	10
592	10
593	10
594	10
595	10
596	1
597	10
598	1
599	10
600	10
601	10
602	10
603	13
604	13
605	13
606	13
607	13
608	13
609	13
610	13
611	13
612	13
613	13
614	13
615	13
616	13
617	1
618	1
619	10
620	1
621	1
622	1
623	1
624	1
625	1
626	1
627	1
628	10
629	10
630	10
631	10
632	1
633	10
634	1
635	10
636	1
637	1
638	1
639	13
640	13
641	13
642	13
643	13
644	13
645	13
646	13
647	13
648	13
649	13
650	13
651	13
652	13
653	13
654	13
655	13
656	13
657	11
658	11
659	11
660	11
661	3
662	3
663	3
664	3
665	3
666	3
667	3
668	3
669	3
670	11
671	11
672	11
673	11
674	11
675	11
676	11
677	11
678	11
679	11
680	3
681	3
682	3
683	3
684	3
685	3
686	3
687	3
688	3
689	3
690	3
691	3
692	3
693	3
694	3
695	3
696	3
697	11
698	11
699	11
700	11
701	11
702	11
703	11
704	11
705	11
706	11
707	11
708	11
709	11
710	11
711	11
712	11
713	11
714	3
715	3
716	1
717	1
718	11
719	11
720	11
721	1
722	1
723	1
724	1
725	1
726	1
727	1
728	1
729	1
730	1
731	1
732	6
733	6
734	6
735	6
736	6
737	11
738	11
739	11
740	11
741	11
742	11
743	11
744	11
745	6
746	6
747	6
748	6
749	6
750	6
751	6
752	6
753	6
754	6
755	6
756	6
757	6
758	6
759	6
760	6
761	6
762	6
763	6
764	6
765	6
766	11
767	11
768	11
769	11
770	6
771	6
772	11
773	11
774	11
775	11
776	11
777	11
778	11
779	11
780	11
781	11
782	11
783	11
784	11
785	10
786	11
787	11
788	11
789	11
790	11
791	10
792	10
793	10
794	10
795	10
796	10
797	10
798	10
799	10
800	10
801	11
802	11
803	11
804	11
805	10
806	10
807	10
808	11
809	11
810	11
811	5
812	6
813	5
814	5
815	5
816	5
817	5
818	6
819	5
820	6
821	5
822	5
823	5
824	5
825	5
826	5
827	5
828	5
829	6
830	5
831	5
832	5
833	5
834	5
835	5
836	5
837	5
838	5
839	5
840	5
841	5
842	5
843	5
844	5
845	5
846	5
847	6
848	5
849	5
850	6
851	6
852	5
853	5
854	5
855	5
856	6
857	6
858	13
859	13
860	13
861	13
862	13
863	13
864	13
865	13
866	13
867	13
868	13
869	13
870	13
871	5
872	5
873	5
874	5
875	5
876	5
877	5
878	5
879	5
880	5
881	5
882	5
883	5
884	5
885	5
886	5
887	5
888	6
889	5
890	5
891	5
892	6
893	5
894	5
895	5
896	5
897	5
898	5
899	6
900	5
901	6
902	5
903	5
904	5
905	5
906	5
907	5
908	5
909	5
910	5
911	6
912	6
913	5
914	5
915	5
916	5
917	5
918	5
919	5
920	5
921	5
922	6
923	6
924	5
925	5
926	5
927	5
928	5
929	5
930	6
931	6
932	5
933	5
934	5
935	5
936	5
937	5
938	5
939	5
940	5
941	5
942	6
943	5
944	5
945	5
946	5
947	5
948	5
949	6
950	5
951	5
952	5
953	5
954	5
955	5
956	5
957	5
958	5
959	5
960	5
961	5
962	6
963	5
964	5
965	5
966	5
967	5
968	5
969	5
970	5
971	5
972	5
973	5
974	5
975	6
976	5
977	5
978	5
979	5
980	5
981	5
982	6
983	6
984	6
985	11
986	11
987	11
988	11
989	11
990	11
991	11
992	11
993	11
994	11
995	11
996	12
997	11
998	11
999	11
1000	11
1001	11
1002	11
1003	11
1004	11
1005	12
1006	11
1007	6
1008	6
1009	11
1010	6
1011	6
1012	6
1013	6
1014	6
1015	6
1016	6
1017	6
1018	6
1019	6
1020	6
1021	6
1022	6
1023	6
1024	6
1025	6
1026	6
1027	6
1028	6
1029	6
1030	6
1031	6
1032	6
1033	6
1034	6
1035	6
1036	6
1037	4
1038	6
1039	6
1040	6
1041	6
1042	6
1043	6
1044	6
1045	6
1046	6
1047	6
1048	6
1049	6
1050	6
1051	6
1052	6
1053	6
1054	6
1055	6
1056	4
1057	6
1058	6
1059	6
1060	6
1061	6
1062	6
1063	6
1064	6
1065	4
1066	4
1067	4
1068	6
1069	6
1070	6
1071	6
1072	6
1073	6
1074	6
1075	13
1076	13
1077	13
1078	13
1079	13
1080	13
1081	13
1082	13
1083	13
1084	13
1085	13
1086	13
1087	1
1088	1
1089	1
1090	1
1091	1
1092	1
1093	1
1094	10
1095	10
1096	10
1097	10
1098	10
1099	10
1100	10
1101	10
1102	10
1103	10
1104	10
1105	10
1106	10
1107	8
1108	8
1109	8
1110	8
1111	8
1112	8
1113	8
1114	8
1115	8
1116	8
1117	8
1118	8
1119	8
1120	8
1121	8
1122	8
1123	8
1124	8
1125	8
1126	8
1127	8
1128	8
1129	8
1130	8
1131	8
1132	8
1133	8
1134	8
1135	8
1136	5
1137	5
1138	5
1139	5
1140	8
1141	8
1142	8
1143	8
1144	8
1145	8
1146	8
1147	8
1148	8
1149	8
1150	8
1151	8
1152	8
1153	8
1154	10
1155	10
1156	10
1157	10
1158	10
1159	10
1160	10
1161	10
1162	7
1163	7
1164	10
1165	7
1166	10
1167	10
1168	10
1169	6
1170	6
1171	6
1172	6
1173	6
1174	6
1175	6
1176	6
1177	6
1178	6
1179	6
1180	6
1181	6
1182	6
1183	6
1184	6
1185	6
1186	6
1187	6
1188	6
1189	6
1190	6
1191	6
1192	6
1193	6
1194	6
1195	6
1196	6
1197	6
1198	6
1199	6
1200	4
1201	4
1202	4
1203	4
1204	4
1205	4
1206	4
1207	4
1208	4
1209	4
1210	4
1211	4
1212	4
1213	4
1214	4
1215	4
1216	4
1217	4
1218	4
1219	4
1220	4
1221	4
1222	4
1223	4
1224	4
1225	4
1226	4
1227	4
1228	4
1229	4
1230	4
1231	4
1232	4
1233	4
1234	4
1235	4
1236	4
1237	4
1238	4
1239	4
1240	1
1241	1
1242	1
1243	1
1244	1
1245	1
1246	1
1247	1
1248	1
1249	1
1250	1
1251	1
1252	1
1253	6
1254	6
1255	6
1256	6
1257	6
1258	1
1259	1
1260	1
1261	1
1262	1
1263	1
1264	6
1265	6
1266	3
1267	6
1268	6
1269	3
1270	6
1271	3
1272	3
1273	3
1274	3
1275	3
1276	6
1277	3
1278	10
1279	10
1280	10
1281	1
1282	1
1283	1
1284	3
1285	6
1286	6
1287	3
1288	7
1289	10
1290	10
1291	10
1292	10
1293	10
1294	10
1295	10
1296	10
1297	10
1298	10
1299	7
1300	10
1301	10
1302	10
1303	13
1304	13
1305	13
1306	13
1307	13
1308	13
1309	13
1310	13
1311	13
1312	13
1313	13
1314	5
1315	5
1316	5
1317	5
1318	5
1319	5
1320	5
1321	5
1322	5
1323	5
1324	5
1325	5
1326	5
1327	5
1328	5
1329	5
1330	5
1331	5
1332	5
1333	5
1334	5
1335	5
1336	5
1337	5
1338	5
1339	5
1340	5
1341	5
1342	5
1343	5
1344	5
1345	5
1346	13
1347	13
1348	13
1349	13
1350	13
1351	13
1352	13
1353	13
1354	13
1355	13
1356	13
1357	13
1358	13
1359	13
1360	13
1361	13
1362	13
1363	8
1364	8
1365	8
1366	8
1367	8
1368	8
1369	8
1370	8
1371	8
1372	8
1373	8
1374	8
1375	8
1376	8
1377	8
1378	8
1379	8
1380	8
1381	10
1382	10
1383	10
1384	10
1385	10
1386	10
1387	10
1388	10
1389	10
1390	10
1391	10
1392	10
1393	10
1394	10
1395	10
1396	10
1397	3
1398	13
1399	3
1400	3
1401	3
1402	3
1403	13
1404	3
1405	13
1406	13
1407	3
1408	3
1409	3
1410	3
1411	3
1412	3
1413	3
1414	3
1415	3
1416	3
1417	3
1418	3
1419	3
1420	3
1421	3
1422	3
1423	3
1424	3
1425	3
1426	3
1427	3
1428	2
1429	2
1430	2
1431	9
1432	2
1433	2
1434	2
1435	2
1436	2
1437	2
1438	2
1439	2
1440	9
1441	4
1442	4
1443	4
1444	4
1445	4
1446	4
1447	4
1448	4
1449	4
1450	4
1451	4
1452	4
1453	4
1454	4
1455	2
1456	2
1457	2
1458	2
1459	2
1460	9
1461	2
1462	2
1463	2
1464	9
1465	10
1466	10
1467	10
1468	10
1469	10
1470	10
1471	10
1472	10
1473	10
1474	10
1475	10
1476	10
1477	10
1478	10
1479	10
1480	10
1481	10
1482	10
1483	10
1484	10
1485	10
1486	10
1487	10
1488	10
1489	6
1490	6
1491	6
1492	6
1493	6
1494	6
1495	6
1496	6
1497	6
1498	6
1499	6
1500	6
1501	3
1502	3
1503	3
1504	3
1505	3
1506	3
1507	3
1508	3
1509	3
1510	3
1511	3
1512	3
1513	3
1514	3
1515	3
1516	3
1517	3
1518	3
1519	3
1520	3
1521	3
1522	3
1523	3
1524	3
1525	3
1526	3
1527	3
1528	3
1529	11
1530	11
1531	11
1532	11
1533	11
1534	11
1535	11
1536	11
1537	11
1538	11
1539	11
1540	11
1541	11
1542	11
1543	11
1544	11
1545	11
1546	11
1547	11
1548	11
1549	11
1550	11
1551	11
1552	12
1553	12
1554	4
1555	4
1556	4
1557	4
1558	12
1559	12
1560	12
1561	12
1562	4
1563	12
1564	12
1565	12
1566	4
1567	12
1568	12
1569	12
1570	12
1571	12
1572	12
1573	12
1574	12
1575	12
1576	6
1577	6
1578	6
1579	6
1580	6
1581	6
1582	6
1583	6
1584	6
1585	6
1586	6
1587	6
1588	6
1589	6
1590	6
1591	6
1592	6
1593	13
1594	13
1595	13
1596	13
1597	13
1598	13
1599	13
1600	13
1601	13
1602	2
1603	2
1604	2
1605	2
1606	2
1607	2
1608	2
1609	2
1610	2
1611	2
1612	2
1613	2
1614	2
1615	2
1616	2
1617	2
1618	10
1619	10
1620	10
1621	10
1622	10
1623	10
1624	10
1625	10
1626	10
1627	10
1628	10
1629	4
1630	4
1631	4
1632	4
1633	4
1634	4
1635	4
1636	4
1637	4
1638	4
1639	4
1640	4
1641	4
1642	4
1643	4
1644	10
1645	10
1646	10
1647	10
1648	10
1649	4
1650	4
1651	4
1652	4
1653	4
1654	4
1655	4
1656	4
1658	4
1659	4
1660	4
1661	4
1662	4
1663	4
1664	4
1665	4
1666	4
1667	4
1668	4
1669	4
1670	4
1671	4
1672	4
1673	10
1674	4
1675	4
1676	4
1677	10
1678	1
1679	1
1680	1
1681	1
1682	1
1683	1
1684	1
1685	3
1686	3
1687	3
1688	3
1689	3
1690	3
1691	3
1692	3
1693	3
1694	3
1695	3
1696	3
1697	3
1698	3
1699	3
1700	3
1701	4
1702	4
1703	2
1704	2
1705	4
1706	4
1707	4
1708	4
1709	4
1710	4
1711	4
1712	4
1713	10
1714	10
1715	10
1716	10
1717	10
1718	10
1719	10
1720	10
1721	10
1722	10
1723	10
1724	10
1725	4
1726	4
1727	4
1728	10
1729	4
1730	4
1731	4
1732	4
1733	4
1734	4
1735	4
1736	4
1737	4
1738	4
1739	4
1740	4
1741	4
1742	3
1743	3
1744	3
1745	3
1746	3
1747	3
1748	3
1749	3
1750	3
1751	3
1752	3
1753	3
1754	3
1755	3
1756	3
1757	10
1758	10
1759	10
1760	10
1761	3
1762	3
1763	3
1764	3
1765	3
1766	3
1767	3
1768	3
1769	3
1770	3
1771	3
1772	3
1773	3
1774	10
1775	10
1776	10
1777	10
1778	10
1779	10
1780	10
1781	10
1782	10
1783	10
1784	10
1785	10
1786	10
1787	3
1788	3
1789	3
1790	3
1791	3
1792	3
1793	3
1794	3
1795	10
1796	10
1797	10
1798	10
1799	3
1800	3
1801	3
1802	3
1803	3
1804	3
1805	3
1806	3
1807	3
1808	3
1809	9
1810	9
1811	9
1812	9
1813	9
1814	9
1815	9
1816	9
1817	9
1818	2
1819	2
1820	2
1821	9
1822	9
1823	9
1824	9
1825	9
1826	9
1827	9
1828	9
1829	9
1830	1
1831	1
1832	1
1833	1
1834	1
1835	9
1836	9
1837	1
1838	9
1839	9
1840	4
1841	4
1842	4
1843	4
1844	4
1845	2
1846	9
1847	9
1848	9
1849	2
1850	9
1851	9
1852	9
1853	9
1854	2
1855	9
1856	9
1857	1
1858	1
1859	1
1860	1
1861	1
1862	1
1863	9
1864	2
1865	2
1866	2
1867	9
1868	2
1869	9
1870	2
1871	2
1872	1
1873	1
1874	1
1875	1
1876	1
1877	1
1878	1
1879	1
1880	1
1881	1
1882	1
1883	1
1884	1
1885	1
1886	1
1887	1
1888	1
1889	1
1890	1
1891	1
1892	1
1893	1
1894	1
1895	13
1896	13
1897	13
1898	10
1899	10
1900	10
1901	10
1902	10
1903	10
1904	13
1905	13
1906	13
1907	13
1908	13
1909	13
1910	13
1911	13
1912	13
1913	13
1914	13
1915	13
1916	10
1917	10
1918	10
1919	10
1920	10
1921	10
1922	10
1923	10
1924	13
1925	13
1926	13
1927	13
1928	13
1929	13
1930	13
1931	13
1932	13
1933	13
1934	13
1935	13
1936	13
1937	13
1938	13
1939	13
1940	13
1941	13
1942	13
1943	13
1944	13
1945	13
1946	13
1947	13
1948	13
1949	13
1950	13
1951	13
1952	13
1953	13
1954	13
1955	13
1956	13
1957	13
1958	13
1959	13
1960	13
1961	13
1962	13
1963	13
1964	13
1965	13
1966	13
1967	13
1968	13
1969	13
1970	13
1971	13
1972	13
1973	13
1974	13
1975	13
1976	12
1977	12
1978	12
1979	11
1980	12
1981	11
1982	11
1983	12
1984	11
1985	11
1986	11
1987	12
1988	12
1989	12
1990	12
1991	11
1992	12
1993	12
1994	12
1995	11
1996	12
1997	12
1998	12
1999	12
2000	12
2001	12
2002	12
2003	12
2004	12
2005	12
2006	12
2007	12
2008	12
2009	11
2010	12
2011	11
2012	11
2013	12
2014	12
2015	12
2016	12
2017	1
2018	1
2019	1
2020	1
2021	1
2022	1
2023	1
2024	11
2025	1
2026	1
2027	1
2028	1
2029	1
2030	11
2031	11
2032	11
2033	11
2034	11
2035	11
2036	11
2037	11
2038	1
2039	1
2040	1
2041	1
2042	1
2043	1
2044	1
2045	1
2046	11
2047	11
2048	1
2049	1
2050	1
2051	11
2052	11
2053	11
2054	11
2055	11
2056	11
2057	11
2058	12
2059	12
2060	12
2061	12
2062	12
2063	12
2064	12
2065	12
2066	12
2067	12
2068	1
2069	1
2070	1
2071	1
2072	1
2073	1
2074	1
2075	1
2076	1
2077	1
2078	1
2079	1
2080	1
2081	1
2082	1
2083	1
2084	1
2085	1
2086	1
2087	1
2088	1
2089	6
2090	6
2091	6
2092	6
2093	6
2094	6
2095	6
2096	13
2097	13
2098	13
2099	13
2100	13
2101	13
2102	13
2103	3
2104	3
2105	3
2106	3
2107	13
2108	13
2109	13
2110	3
2111	3
2112	3
2113	9
2114	9
2115	2
2116	2
2117	9
2118	9
2119	9
2120	9
2121	2
2122	9
2123	9
2124	1
2125	2
2126	2
2127	9
2128	9
2129	9
2130	9
2131	2
2132	2
2133	9
2134	2
2135	2
2136	9
2137	9
2138	9
2139	9
2140	9
2141	9
2142	9
2143	9
2144	9
2145	9
2146	9
2147	9
2148	9
2149	9
2150	2
2151	2
2152	2
2153	2
2154	9
2155	9
2156	9
2157	9
2158	2
2159	9
2160	2
2161	2
2162	2
2163	2
2164	2
2165	2
2166	2
2167	9
2168	9
2169	2
2170	2
2171	9
2172	2
2173	9
2174	9
2175	9
2176	9
2177	9
2178	2
2179	2
2180	2
2181	2
2182	2
2183	2
2184	9
2185	2
2186	2
2187	2
2188	9
2189	9
2190	2
2191	9
2192	9
2193	2
2194	9
2195	2
2196	9
2197	9
2198	2
2199	9
2200	9
2201	9
2202	9
2203	2
2204	2
2205	2
2206	2
2207	2
2208	9
2209	2
2210	2
2211	9
2212	9
2213	9
2214	9
2215	9
2216	9
2217	9
2218	2
2219	2
2220	2
2221	9
2222	9
2223	9
2224	2
2225	2
2226	2
2227	2
2228	9
2229	9
2230	2
2231	2
2232	2
2233	9
2234	9
2235	2
2236	9
2237	9
2238	9
2239	2
2240	2
2241	9
2242	9
2243	9
2244	9
2245	9
2246	2
2247	2
2248	2
2249	2
2250	9
2251	2
2252	2
2253	9
2254	9
2255	9
2256	2
2257	2
2258	9
2259	2
2260	2
2261	2
2262	2
2263	2
2264	2
2265	2
2266	9
2267	9
2268	9
2269	9
2270	9
2271	2
2272	2
2273	9
2274	2
2275	2
2276	2
2277	9
2278	9
2279	9
2280	2
2281	2
2282	9
2283	9
2284	1
2285	1
2286	9
2287	9
2288	2
2289	2
2290	2
2291	2
2292	2
2293	2
2294	9
2295	2
2296	2
2297	9
2298	9
2299	9
2300	9
2301	2
2302	9
2303	9
2304	9
2305	2
2306	2
2307	2
2308	2
2309	1
2310	1
2311	1
2312	5
2313	5
2314	5
2315	5
2316	5
2317	5
2318	5
2319	5
2320	5
2321	5
2322	5
2323	5
2324	5
2325	5
2326	5
2327	5
2328	5
2329	5
2330	13
2331	13
2332	13
2333	13
2334	13
2335	13
2336	13
2337	13
2338	13
2339	13
2340	13
2341	13
2342	13
2343	13
2344	13
2345	13
2346	5
2347	5
2348	5
2349	5
2350	5
2351	5
2352	5
2353	5
2354	5
2355	5
2356	5
2357	5
2358	5
2359	5
2360	5
2361	5
2362	5
2363	5
2364	5
2365	5
2366	9
2367	9
2368	9
2369	9
2370	9
2371	9
2372	9
2373	9
2374	9
2375	9
2376	9
2377	9
2378	9
2379	9
2380	9
2381	9
2382	9
2383	9
2384	9
2385	9
2386	9
2387	9
2388	9
2389	9
2390	9
2391	9
2392	9
2393	9
2394	9
2395	9
2396	9
2397	9
2398	9
2399	9
2400	9
2401	9
2402	9
2403	9
2404	9
2405	9
2406	9
2407	9
2408	9
2409	9
2410	9
2411	9
2412	9
2413	9
2414	9
2415	7
2416	7
2417	8
2418	8
2419	7
2420	7
2421	7
2422	7
2423	8
2424	7
2425	8
2426	7
2427	7
2428	7
2429	7
2430	7
2431	7
2432	7
2433	7
2434	7
2435	7
2436	7
2437	7
2438	7
2439	7
2440	7
2441	7
2442	7
2443	7
2444	8
2445	7
2446	7
2447	7
2448	8
2449	8
2450	8
2451	8
2452	8
2453	8
2454	8
2455	8
2456	8
2457	8
2458	8
2459	8
2460	7
2461	7
2462	8
2463	8
2464	8
2465	7
2466	7
2467	8
2468	8
2469	8
2470	8
2471	8
2472	8
2473	7
2474	7
2475	8
2476	8
2477	8
2478	8
2479	8
2480	8
2481	8
2482	8
2483	8
2484	8
2485	8
2486	8
2487	8
2488	8
2489	8
2490	8
2491	8
2492	8
2493	8
2494	8
2495	8
2496	7
2497	7
2498	7
2499	7
2500	8
2501	8
2502	7
2503	7
2504	7
2505	7
2506	7
2507	7
2508	7
2509	7
2510	7
2511	7
2512	7
2513	7
2514	7
2515	8
2516	7
2517	7
2518	8
2519	7
2520	8
2521	7
2522	7
2523	7
2524	7
2525	7
2526	8
2527	7
2528	7
2529	7
2530	7
2531	7
2532	7
2533	7
2534	7
2535	7
2536	7
2537	7
2538	7
2539	7
2540	7
2541	7
2542	7
2543	7
2544	7
2545	7
2546	7
2547	7
2548	7
2549	7
2550	7
2551	7
2552	7
2553	7
2554	7
2555	7
2556	7
2557	7
2558	7
2559	7
2560	7
2561	7
2562	7
2563	7
2564	7
2565	7
2566	7
2567	7
2568	7
2569	7
2570	7
2571	7
2572	7
2573	7
2574	7
2575	8
2576	8
2577	7
2578	7
2579	7
2580	7
2581	7
2582	7
2583	8
2584	7
2585	8
2586	8
2587	7
2588	7
2589	7
2590	7
2591	7
2592	7
2593	7
2594	8
2595	8
2596	8
2597	8
2598	7
2599	8
2600	7
2601	7
2602	7
2603	7
2604	7
2605	7
2606	1
2607	1
2608	1
2609	1
2610	1
2611	1
2612	1
2613	1
2614	1
2615	1
2616	1
2617	1
2618	1
2619	1
2620	1
2621	1
2622	1
2623	1
2624	1
2625	1
2626	1
2627	1
2628	1
2629	1
2630	1
2631	1
2632	1
2633	1
2634	1
2635	1
2636	1
2637	1
2638	1
2639	1
2640	12
2641	12
2642	12
2643	12
2644	12
2645	12
2646	12
2647	12
2648	12
2649	12
2650	12
2651	12
2652	12
2653	12
2654	12
2655	12
2656	12
2657	11
2658	12
2659	12
2660	12
2661	12
2662	12
2663	12
2664	12
2665	12
2666	12
2667	12
2668	12
2669	12
2670	12
2671	12
2672	12
2673	12
2674	12
2675	12
2676	12
2677	12
2678	12
2679	12
2680	12
2681	12
2682	12
2683	12
2684	12
2685	12
2686	12
2687	12
2688	13
2689	13
2690	13
2691	13
315	6
1657	4
