0	9
1	9
2	9
3	9
4	9
5	9
6	9
7	10
8	10
9	10
10	10
11	10
12	10
13	10
14	10
15	10
16	10
17	10
18	10
19	10
20	10
21	8
22	8
23	8
24	8
25	8
26	8
27	8
28	8
29	10
30	10
31	10
32	10
33	10
34	10
35	10
36	10
37	10
38	10
39	10
40	10
41	10
42	10
43	10
44	10
45	10
46	10
47	10
48	10
49	2
50	2
51	2
52	2
53	12
54	12
55	12
56	12
57	12
58	2
59	2
60	2
61	2
62	2
63	2
64	2
65	12
66	12
67	12
68	12
69	12
70	12
71	8
72	8
73	8
74	8
75	2
76	2
77	2
78	2
79	2
80	2
81	2
82	2
83	7
84	7
85	7
86	11
87	11
88	11
89	7
90	11
91	7
92	7
93	7
94	7
95	11
96	10
97	10
98	10
99	10
100	10
101	10
102	10
103	10
104	10
105	10
106	10
107	10
108	10
109	10
110	10
111	10
112	10
113	10
114	10
115	10
116	10
117	10
118	10
119	10
120	10
121	10
122	10
123	10
124	10
125	10
126	10
127	10
128	10
129	13
130	13
131	13
132	13
133	13
134	13
135	13
136	13
137	13
138	13
139	13
140	13
141	13
142	13
143	13
144	13
145	13
146	13
147	13
148	13
149	13
150	13
151	13
152	13
153	13
154	13
155	13
156	13
157	13
158	13
159	13
160	13
161	13
162	13
163	13
164	13
165	13
166	7
167	7
168	7
169	7
170	7
171	7
172	7
173	7
174	7
175	7
176	7
177	7
178	7
179	7
180	7
181	7
182	7
183	2
184	2
185	2
186	2
187	2
188	2
189	2
190	2
191	2
192	2
193	2
194	2
195	2
196	2
197	2
198	2
199	2
200	2
201	2
202	2
203	2
204	2
205	2
206	2
207	2
208	8
209	8
210	8
211	8
212	8
213	8
214	8
215	8
216	8
217	8
218	8
219	8
220	8
221	8
222	8
223	8
224	8
225	8
226	8
227	8
228	8
229	8
230	8
231	8
232	8
233	8
234	8
235	8
236	8
237	8
238	8
239	8
240	8
241	8
242	8
243	8
244	8
245	8
246	8
247	8
248	2
249	2
250	2
251	2
252	2
253	2
254	2
255	2
256	2
257	2
258	2
259	2
260	2
261	4
262	4
263	4
264	4
265	4
266	4
267	4
268	4
269	4
270	4
271	4
272	4
273	4
274	4
275	4
276	4
277	4
278	4
279	4
280	4
281	4
282	4
283	4
284	4
285	4
286	4
287	4
288	4
289	4
290	4
291	4
292	4
293	4
294	4
295	4
296	4
297	4
298	4
299	4
300	4
301	4
302	2
303	2
304	2
305	2
306	12
307	12
308	12
309	1
310	12
311	1
312	12
313	12
314	12
316	10
317	10
318	10
319	10
320	10
321	10
322	10
323	10
324	10
325	10
326	10
327	10
328	10
329	10
330	10
331	12
332	12
333	12
334	12
335	12
336	1
337	10
338	10
339	10
340	12
341	12
342	12
343	12
344	12
345	12
346	12
347	12
348	12
349	12
350	12
351	12
352	12
353	12
354	12
355	12
356	1
357	1
358	1
359	1
360	1
361	1
362	1
363	1
364	1
365	1
366	1
367	1
368	1
369	12
370	12
371	12
372	12
373	1
374	12
375	12
376	12
377	12
378	12
379	12
380	12
381	12
382	12
383	12
384	12
385	12
386	12
387	12
388	12
389	10
390	10
391	10
392	10
393	10
394	12
395	12
396	12
397	12
398	10
399	10
400	10
401	10
402	10
403	8
404	8
405	8
406	8
407	8
408	8
409	9
410	9
411	9
412	9
413	9
414	9
415	9
416	9
417	9
418	9
419	9
420	9
421	9
422	9
423	9
424	9
425	7
426	7
427	7
428	7
429	7
430	7
431	7
432	7
433	9
434	9
435	9
436	9
437	9
438	9
439	9
440	9
441	9
442	9
443	9
444	9
445	9
446	7
447	7
448	7
449	7
450	7
451	9
452	9
453	9
454	7
455	7
456	7
457	9
458	9
459	9
460	9
461	9
462	9
463	7
464	7
465	7
466	7
467	7
468	7
469	7
470	7
471	7
472	7
473	9
474	9
475	4
476	4
477	4
478	4
479	7
480	4
481	4
482	7
483	7
484	8
485	8
486	4
487	4
488	7
489	4
490	4
491	4
492	4
493	4
494	4
495	4
496	7
497	4
498	8
499	7
500	4
501	7
502	8
503	4
504	4
505	4
506	8
507	8
508	8
509	8
510	8
511	8
512	8
513	8
514	8
515	8
516	8
517	8
518	8
519	8
520	8
521	8
522	11
523	11
524	11
525	11
526	2
527	2
528	11
529	11
530	11
531	11
532	11
533	11
534	11
535	11
536	11
537	11
538	2
539	2
540	2
541	2
542	2
543	2
544	2
545	2
546	2
547	2
548	2
549	2
550	2
551	2
552	2
553	2
554	2
555	2
556	2
557	2
558	2
559	8
560	8
561	4
562	8
563	8
564	8
565	2
566	2
567	2
568	2
569	2
570	11
571	11
572	11
573	11
574	11
575	11
576	11
577	11
578	11
579	11
580	11
581	2
582	2
583	2
584	2
585	2
586	2
587	4
588	8
589	8
590	8
591	8
592	8
593	8
594	4
595	8
596	4
597	8
598	4
599	8
600	8
601	8
602	8
603	2
604	2
605	2
606	2
607	2
608	2
609	2
610	2
611	2
612	2
613	2
614	2
615	2
616	2
617	4
618	8
619	8
620	4
621	4
622	4
623	4
624	4
625	4
626	4
627	4
628	8
629	8
630	8
631	8
632	8
633	8
634	4
635	8
636	4
637	4
638	4
639	2
640	2
641	2
642	2
643	2
644	2
645	2
646	2
647	2
648	2
649	2
650	2
651	2
652	2
653	2
654	2
655	2
656	2
657	7
658	7
659	7
660	7
661	9
662	9
663	9
664	9
665	9
666	9
667	9
668	9
669	9
670	4
671	4
672	4
673	4
674	4
675	4
676	4
677	4
678	4
679	4
680	9
681	9
682	9
683	9
684	9
685	9
686	9
687	9
688	9
689	9
690	9
691	9
692	9
693	9
694	9
695	9
696	9
697	4
698	4
699	4
700	4
701	4
702	4
703	4
704	4
705	4
706	4
707	4
708	4
709	4
710	4
711	4
712	4
713	4
714	9
715	9
716	4
717	4
718	4
719	4
720	4
721	4
722	4
723	4
724	4
725	4
726	4
727	4
728	4
729	4
730	4
731	4
732	10
733	10
734	10
735	10
736	10
737	7
738	7
739	7
740	7
741	7
742	7
743	7
744	7
745	10
746	10
747	10
748	10
749	10
750	10
751	10
752	10
753	10
754	10
755	10
756	10
757	10
758	10
759	10
760	10
761	10
762	10
763	10
764	10
765	10
766	7
767	7
768	7
769	7
770	10
771	10
772	7
773	7
774	7
775	7
776	7
777	7
778	7
779	7
780	7
781	7
782	7
783	7
784	7
785	8
786	7
787	7
788	7
789	7
790	7
791	8
792	8
793	8
794	8
795	8
796	8
797	8
798	8
799	8
800	8
801	7
802	7
803	7
804	7
805	8
806	8
807	8
808	7
809	7
810	7
811	6
812	6
813	6
814	6
815	1
816	1
817	6
818	6
819	6
820	6
821	6
822	1
823	6
824	1
825	1
826	1
827	6
828	1
829	6
830	6
831	6
832	1
833	1
834	6
835	6
836	6
837	6
838	6
839	1
840	6
841	1
842	6
843	6
844	6
845	1
846	6
847	6
848	6
849	6
850	6
851	6
852	6
853	6
854	6
855	1
856	6
857	6
858	2
859	2
860	2
861	2
862	2
863	2
864	2
865	2
866	2
867	2
868	2
869	2
870	2
871	6
872	6
873	1
874	1
875	6
876	1
877	1
878	1
879	1
880	6
881	6
882	6
883	6
884	6
885	6
886	6
887	6
888	6
889	1
890	1
891	6
892	6
893	6
894	6
895	6
896	6
897	1
898	6
899	6
900	6
901	6
902	6
903	6
904	6
905	6
906	1
907	6
908	6
909	1
910	6
911	6
912	6
913	6
914	6
915	6
916	1
917	6
918	1
919	1
920	6
921	6
922	6
923	6
924	6
925	6
926	1
927	6
928	6
929	6
930	6
931	6
932	6
933	6
934	1
935	6
936	6
937	6
938	1
939	6
940	6
941	1
942	6
943	6
944	6
945	6
946	1
947	6
948	6
949	6
950	6
951	6
952	6
953	1
954	6
955	6
956	6
957	6
958	6
959	6
960	1
961	6
962	6
963	6
964	6
965	6
966	6
967	1
968	6
969	6
970	1
971	1
972	6
973	6
974	6
975	6
976	6
977	6
978	1
979	6
980	1
981	1
982	6
983	6
984	10
985	1
986	1
987	1
988	1
989	1
990	1
991	1
992	7
993	1
994	1
995	1
996	1
997	1
998	1
999	1
1000	7
1001	7
1002	1
1003	1
1004	1
1005	1
1006	1
1007	10
1008	10
1009	1
1010	10
1011	6
1012	6
1013	6
1014	6
1015	6
1016	6
1017	10
1018	6
1019	6
1020	10
1021	10
1022	10
1023	10
1024	10
1025	10
1026	10
1027	10
1028	6
1029	6
1030	6
1031	6
1032	10
1033	6
1034	10
1035	10
1036	10
1037	10
1038	10
1039	6
1040	10
1041	10
1042	10
1043	10
1044	6
1045	6
1046	10
1047	10
1048	6
1049	6
1050	10
1051	6
1052	6
1053	10
1054	10
1055	10
1056	10
1057	10
1058	10
1059	6
1060	10
1061	10
1062	6
1063	10
1064	10
1065	10
1066	10
1067	10
1068	10
1069	10
1070	10
1071	6
1072	6
1073	10
1074	10
1075	2
1076	2
1077	2
1078	2
1079	2
1080	2
1081	2
1082	2
1083	2
1084	2
1085	2
1086	2
1087	4
1088	4
1089	4
1090	4
1091	4
1092	4
1093	4
1094	8
1095	8
1096	8
1097	8
1098	8
1099	8
1100	8
1101	8
1102	8
1103	8
1104	8
1105	8
1106	8
1107	1
1108	1
1109	1
1110	1
1111	1
1112	1
1113	1
1114	12
1115	1
1116	12
1117	1
1118	12
1119	1
1120	1
1121	1
1122	12
1123	1
1124	12
1125	12
1126	1
1127	1
1128	1
1129	1
1130	1
1131	12
1132	12
1133	12
1134	1
1135	1
1136	1
1137	1
1138	1
1139	1
1140	1
1141	1
1142	1
1143	1
1144	1
1145	1
1146	12
1147	12
1148	1
1149	1
1150	1
1151	1
1152	1
1153	1
1154	8
1155	8
1156	8
1157	8
1158	12
1159	8
1160	8
1161	8
1162	12
1163	12
1164	12
1165	12
1166	12
1167	12
1168	8
1169	6
1170	10
1171	6
1172	6
1173	10
1174	10
1175	10
1176	6
1177	6
1178	6
1179	6
1180	6
1181	6
1182	6
1183	6
1184	10
1185	6
1186	10
1187	6
1188	6
1189	6
1190	10
1191	10
1192	6
1193	6
1194	10
1195	6
1196	10
1197	6
1198	10
1199	6
1200	11
1201	11
1202	11
1203	6
1204	11
1205	6
1206	6
1207	6
1208	11
1209	6
1210	6
1211	11
1212	11
1213	11
1214	6
1215	11
1216	6
1217	11
1218	6
1219	6
1220	6
1221	11
1222	6
1223	6
1224	11
1225	6
1226	6
1227	11
1228	11
1229	6
1230	6
1231	11
1232	11
1233	6
1234	11
1235	11
1236	6
1237	6
1238	6
1239	11
1240	4
1241	4
1242	8
1243	8
1244	8
1245	4
1246	8
1247	8
1248	8
1249	8
1250	8
1251	8
1252	8
1253	9
1254	9
1255	9
1256	9
1257	9
1258	8
1259	8
1260	8
1261	8
1262	4
1263	4
1264	9
1265	9
1266	9
1267	9
1268	9
1269	9
1270	9
1271	9
1272	9
1273	9
1274	9
1275	9
1276	9
1277	9
1278	8
1279	8
1280	8
1281	8
1282	4
1283	4
1284	9
1285	9
1286	9
1287	9
1288	8
1289	8
1290	8
1291	8
1292	8
1293	8
1294	8
1295	8
1296	8
1297	8
1298	8
1299	8
1300	8
1301	8
1302	8
1303	2
1304	2
1305	2
1306	2
1307	2
1308	2
1309	2
1310	2
1311	2
1312	2
1313	2
1314	1
1315	1
1316	1
1317	1
1318	1
1319	1
1320	1
1321	1
1322	1
1323	1
1324	1
1325	1
1326	1
1327	1
1328	1
1329	1
1330	1
1331	1
1332	1
1333	1
1334	1
1335	1
1336	1
1337	1
1338	1
1339	1
1340	1
1341	1
1342	1
1343	1
1344	1
1345	1
1346	2
1347	2
1348	2
1349	2
1350	2
1351	2
1352	2
1353	2
1354	2
1355	2
1356	2
1357	2
1358	2
1359	2
1360	2
1361	2
1362	2
1363	1
1364	1
1365	1
1366	1
1367	1
1368	1
1369	1
1370	1
1371	1
1372	1
1373	1
1374	1
1375	1
1376	1
1377	1
1378	1
1379	1
1380	1
1381	8
1382	8
1383	8
1384	8
1385	8
1386	8
1387	8
1388	8
1389	8
1390	8
1391	8
1392	8
1393	8
1394	8
1395	8
1396	8
1397	9
1398	2
1399	9
1400	2
1401	9
1402	2
1403	2
1404	9
1405	2
1406	2
1407	2
1408	9
1409	2
1410	9
1411	2
1412	2
1413	9
1414	9
1415	2
1416	2
1417	9
1418	9
1419	2
1420	9
1421	2
1422	9
1423	2
1424	9
1425	9
1426	9
1427	2
1428	11
1429	11
1430	11
1431	3
1432	11
1433	11
1434	11
1435	11
1436	3
1437	11
1438	11
1439	3
1440	3
1441	10
1442	10
1443	10
1444	10
1445	10
1446	10
1447	10
1448	10
1449	10
1450	10
1451	10
1452	10
1453	10
1454	10
1455	11
1456	11
1457	3
1458	11
1459	11
1460	3
1461	11
1462	11
1463	11
1464	3
1465	8
1466	8
1467	8
1468	8
1469	8
1470	8
1471	8
1472	8
1473	8
1474	8
1475	8
1476	8
1477	8
1478	8
1479	8
1480	8
1481	8
1482	8
1483	8
1484	8
1485	8
1486	8
1487	8
1488	8
1489	10
1490	10
1491	10
1492	10
1493	10
1494	10
1495	10
1496	10
1497	10
1498	10
1499	10
1500	10
1501	9
1502	9
1503	9
1504	9
1505	9
1506	9
1507	9
1508	9
1509	9
1510	9
1511	9
1512	9
1513	9
1514	9
1515	9
1516	9
1517	9
1518	9
1519	9
1520	9
1521	9
1522	9
1523	9
1524	9
1525	9
1526	9
1527	9
1528	9
1529	7
1530	7
1531	7
1532	7
1533	7
1534	7
1535	7
1536	7
1537	7
1538	7
1539	7
1540	7
1541	7
1542	7
1543	7
1544	7
1545	7
1546	7
1547	7
1548	7
1549	7
1550	7
1551	7
1552	11
1553	11
1554	11
1555	11
1556	11
1557	11
1558	11
1559	11
1560	11
1561	11
1562	11
1563	11
1564	11
1565	11
1566	11
1567	11
1568	11
1569	11
1570	11
1571	11
1572	11
1573	11
1574	11
1575	11
1576	10
1577	10
1578	10
1579	10
1580	10
1581	10
1582	10
1583	10
1584	10
1585	10
1586	10
1587	10
1588	10
1589	10
1590	10
1591	10
1592	10
1593	2
1594	2
1595	2
1596	2
1597	2
1598	2
1599	2
1600	2
1601	2
1602	11
1603	11
1604	11
1605	11
1606	11
1607	11
1608	11
1609	11
1610	11
1611	11
1612	11
1613	11
1614	11
1615	11
1616	11
1617	11
1618	8
1619	8
1620	8
1621	8
1622	8
1623	8
1624	8
1625	8
1626	8
1627	8
1628	8
1629	11
1630	10
1631	11
1632	10
1633	11
1634	11
1635	11
1636	11
1637	11
1638	11
1639	11
1640	11
1641	11
1642	11
1643	11
1644	8
1645	8
1646	8
1647	8
1648	8
1649	11
1650	11
1651	11
1652	11
1653	11
1654	11
1655	11
1656	11
1658	11
1659	11
1660	11
1661	11
1662	11
1663	11
1664	11
1665	11
1666	10
1667	10
1668	10
1669	11
1670	11
1671	11
1672	11
1673	8
1674	11
1675	11
1676	11
1677	8
1678	4
1679	4
1680	4
1681	4
1682	4
1683	4
1684	4
1685	9
1686	9
1687	9
1688	9
1689	9
1690	9
1691	9
1692	9
1693	9
1694	9
1695	9
1696	9
1697	9
1698	9
1699	9
1700	9
1701	9
1702	9
1703	3
1704	3
1705	10
1706	10
1707	9
1708	10
1709	9
1710	10
1711	9
1712	10
1713	8
1714	8
1715	8
1716	8
1717	8
1718	8
1719	8
1720	8
1721	8
1722	8
1723	8
1724	8
1725	10
1726	10
1727	10
1728	8
1729	9
1730	10
1731	10
1732	10
1733	10
1734	9
1735	10
1736	9
1737	9
1738	9
1739	9
1740	9
1741	10
1742	5
1743	5
1744	5
1745	5
1746	9
1747	5
1748	5
1749	5
1750	5
1751	9
1752	9
1753	9
1754	5
1755	9
1756	5
1757	8
1758	8
1759	8
1760	8
1761	9
1762	5
1763	5
1764	5
1765	5
1766	9
1767	5
1768	5
1769	9
1770	9
1771	9
1772	5
1773	9
1774	8
1775	8
1776	8
1777	8
1778	8
1779	8
1780	8
1781	8
1782	8
1783	8
1784	8
1785	8
1786	8
1787	5
1788	5
1789	5
1790	9
1791	5
1792	9
1793	5
1794	5
1795	8
1796	8
1797	8
1798	8
1799	5
1800	9
1801	9
1802	5
1803	5
1804	5
1805	5
1806	5
1807	5
1808	5
1809	3
1810	3
1811	3
1812	3
1813	3
1814	3
1815	3
1816	3
1817	3
1818	3
1819	3
1820	3
1821	3
1822	3
1823	3
1824	3
1825	3
1826	3
1827	3
1828	3
1829	3
1830	4
1831	4
1832	4
1833	4
1834	4
1835	3
1836	3
1837	4
1838	3
1839	3
1840	1
1841	1
1842	1
1843	1
1844	1
1845	3
1846	3
1847	3
1848	3
1849	3
1850	3
1851	3
1852	3
1853	3
1854	3
1855	3
1856	3
1857	8
1858	8
1859	8
1860	8
1861	8
1862	8
1863	3
1864	3
1865	3
1866	3
1867	3
1868	3
1869	3
1870	3
1871	3
1872	7
1873	7
1874	4
1875	4
1876	7
1877	4
1878	4
1879	4
1880	4
1881	4
1882	7
1883	4
1884	4
1885	4
1886	4
1887	4
1888	7
1889	4
1890	7
1891	4
1892	4
1893	7
1894	7
1895	2
1896	2
1897	2
1898	12
1899	12
1900	12
1901	12
1902	12
1903	12
1904	2
1905	2
1906	2
1907	2
1908	2
1909	2
1910	2
1911	2
1912	2
1913	2
1914	2
1915	2
1916	12
1917	12
1918	12
1919	12
1920	12
1921	12
1922	12
1923	12
1924	2
1925	2
1926	2
1927	2
1928	2
1929	2
1930	2
1931	2
1932	2
1933	2
1934	2
1935	2
1936	2
1937	2
1938	2
1939	2
1940	2
1941	2
1942	2
1943	2
1944	2
1945	2
1946	2
1947	2
1948	2
1949	2
1950	2
1951	2
1952	2
1953	2
1954	2
1955	2
1956	2
1957	2
1958	2
1959	2
1960	2
1961	2
1962	2
1963	2
1964	2
1965	2
1966	2
1967	2
1968	2
1969	2
1970	2
1971	2
1972	2
1973	2
1974	2
1975	2
1976	7
1977	7
1978	7
1979	7
1980	7
1981	7
1982	7
1983	7
1984	7
1985	7
1986	7
1987	7
1988	7
1989	7
1990	7
1991	7
1992	7
1993	7
1994	7
1995	7
1996	7
1997	7
1998	7
1999	7
2000	7
2001	7
2002	7
2003	7
2004	7
2005	7
2006	7
2007	7
2008	7
2009	7
2010	7
2011	7
2012	7
2013	7
2014	7
2015	7
2016	7
2017	4
2018	4
2019	4
2020	4
2021	4
2022	4
2023	4
2024	7
2025	4
2026	4
2027	4
2028	4
2029	4
2030	7
2031	7
2032	7
2033	7
2034	7
2035	7
2036	7
2037	7
2038	4
2039	4
2040	4
2041	4
2042	4
2043	4
2044	4
2045	4
2046	7
2047	7
2048	4
2049	4
2050	4
2051	7
2052	7
2053	7
2054	7
2055	7
2056	7
2057	7
2058	7
2059	7
2060	7
2061	7
2062	7
2063	7
2064	7
2065	7
2066	7
2067	7
2068	4
2069	4
2070	4
2071	4
2072	4
2073	8
2074	4
2075	4
2076	4
2077	8
2078	8
2079	4
2080	8
2081	4
2082	8
2083	4
2084	4
2085	4
2086	4
2087	4
2088	4
2089	10
2090	10
2091	10
2092	10
2093	10
2094	10
2095	10
2096	9
2097	9
2098	9
2099	9
2100	9
2101	9
2102	9
2103	9
2104	9
2105	9
2106	9
2107	9
2108	9
2109	9
2110	9
2111	9
2112	9
2113	5
2114	5
2115	5
2116	5
2117	5
2118	3
2119	3
2120	5
2121	5
2122	3
2123	3
2124	4
2125	5
2126	5
2127	5
2128	5
2129	5
2130	3
2131	5
2132	5
2133	3
2134	5
2135	5
2136	3
2137	3
2138	3
2139	3
2140	3
2141	5
2142	5
2143	5
2144	5
2145	5
2146	3
2147	3
2148	5
2149	3
2150	5
2151	5
2152	5
2153	5
2154	5
2155	5
2156	5
2157	5
2158	5
2159	3
2160	5
2161	5
2162	5
2163	3
2164	3
2165	3
2166	5
2167	3
2168	3
2169	5
2170	5
2171	5
2172	5
2173	5
2174	3
2175	3
2176	3
2177	3
2178	5
2179	5
2180	3
2181	3
2182	5
2183	5
2184	5
2185	5
2186	5
2187	5
2188	3
2189	5
2190	5
2191	5
2192	5
2193	5
2194	3
2195	5
2196	3
2197	3
2198	5
2199	3
2200	5
2201	5
2202	5
2203	5
2204	5
2205	5
2206	5
2207	5
2208	5
2209	5
2210	5
2211	5
2212	5
2213	5
2214	5
2215	3
2216	3
2217	5
2218	5
2219	5
2220	5
2221	5
2222	3
2223	3
2224	5
2225	5
2226	5
2227	5
2228	5
2229	3
2230	3
2231	3
2232	5
2233	3
2234	3
2235	5
2236	3
2237	3
2238	3
2239	5
2240	5
2241	3
2242	3
2243	3
2244	5
2245	3
2246	5
2247	3
2248	3
2249	5
2250	5
2251	5
2252	5
2253	3
2254	3
2255	5
2256	3
2257	5
2258	3
2259	5
2260	5
2261	3
2262	5
2263	5
2264	5
2265	5
2266	5
2267	5
2268	5
2269	3
2270	3
2271	5
2272	5
2273	5
2274	5
2275	5
2276	5
2277	3
2278	5
2279	5
2280	5
2281	5
2282	3
2283	3
2284	4
2285	4
2286	5
2287	5
2288	5
2289	5
2290	5
2291	5
2292	5
2293	5
2294	5
2295	5
2296	5
2297	3
2298	3
2299	3
2300	3
2301	5
2302	3
2303	3
2304	3
2305	5
2306	5
2307	5
2308	5
2309	4
2310	4
2311	4
2312	12
2313	6
2314	12
2315	6
2316	6
2317	12
2318	6
2319	6
2320	6
2321	6
2322	6
2323	6
2324	6
2325	12
2326	6
2327	6
2328	6
2329	6
2330	2
2331	2
2332	2
2333	2
2334	2
2335	2
2336	2
2337	2
2338	2
2339	2
2340	2
2341	2
2342	2
2343	2
2344	2
2345	2
2346	6
2347	6
2348	6
2349	6
2350	6
2351	6
2352	6
2353	6
2354	6
2355	6
2356	6
2357	6
2358	6
2359	6
2360	6
2361	6
2362	6
2363	6
2364	6
2365	6
2366	3
2367	3
2368	3
2369	3
2370	3
2371	3
2372	3
2373	3
2374	3
2375	3
2376	3
2377	3
2378	3
2379	3
2380	3
2381	3
2382	3
2383	3
2384	3
2385	3
2386	3
2387	3
2388	3
2389	3
2390	3
2391	3
2392	3
2393	3
2394	3
2395	3
2396	3
2397	3
2398	3
2399	3
2400	3
2401	3
2402	3
2403	3
2404	3
2405	3
2406	3
2407	3
2408	3
2409	3
2410	3
2411	3
2412	3
2413	3
2414	3
2415	12
2416	12
2417	12
2418	12
2419	13
2420	13
2421	13
2422	13
2423	12
2424	12
2425	12
2426	12
2427	13
2428	13
2429	13
2430	13
2431	13
2432	13
2433	12
2434	13
2435	12
2436	13
2437	13
2438	13
2439	13
2440	13
2441	13
2442	13
2443	12
2444	12
2445	13
2446	13
2447	13
2448	12
2449	13
2450	13
2451	13
2452	13
2453	12
2454	12
2455	12
2456	12
2457	12
2458	12
2459	12
2460	13
2461	13
2462	12
2463	12
2464	12
2465	13
2466	13
2467	12
2468	12
2469	12
2470	12
2471	12
2472	13
2473	13
2474	13
2475	12
2476	12
2477	12
2478	12
2479	12
2480	12
2481	12
2482	12
2483	13
2484	12
2485	12
2486	12
2487	12
2488	12
2489	12
2490	12
2491	13
2492	12
2493	12
2494	12
2495	12
2496	13
2497	13
2498	13
2499	13
2500	12
2501	12
2502	12
2503	12
2504	12
2505	12
2506	12
2507	12
2508	13
2509	13
2510	13
2511	12
2512	12
2513	13
2514	12
2515	13
2516	13
2517	13
2518	13
2519	13
2520	13
2521	13
2522	13
2523	13
2524	13
2525	13
2526	13
2527	13
2528	13
2529	13
2530	13
2531	13
2532	13
2533	13
2534	13
2535	13
2536	13
2537	13
2538	13
2539	13
2540	13
2541	13
2542	13
2543	13
2544	13
2545	13
2546	13
2547	13
2548	13
2549	13
2550	13
2551	13
2552	13
2553	13
2554	13
2555	13
2556	13
2557	13
2558	12
2559	12
2560	12
2561	12
2562	13
2563	13
2564	13
2565	13
2566	13
2567	13
2568	13
2569	13
2570	13
2571	13
2572	13
2573	13
2574	13
2575	13
2576	13
2577	13
2578	13
2579	13
2580	13
2581	13
2582	13
2583	13
2584	13
2585	12
2586	12
2587	13
2588	13
2589	13
2590	13
2591	13
2592	13
2593	13
2594	12
2595	12
2596	12
2597	12
2598	12
2599	12
2600	13
2601	13
2602	13
2603	13
2604	13
2605	13
2606	4
2607	4
2608	4
2609	4
2610	4
2611	4
2612	4
2613	4
2614	4
2615	4
2616	4
2617	4
2618	4
2619	4
2620	4
2621	4
2622	4
2623	4
2624	4
2625	4
2626	4
2627	4
2628	4
2629	4
2630	4
2631	4
2632	4
2633	4
2634	4
2635	4
2636	4
2637	4
2638	4
2639	4
2640	11
2641	11
2642	11
2643	11
2644	11
2645	11
2646	11
2647	11
2648	11
2649	11
2650	11
2651	11
2652	11
2653	11
2654	11
2655	11
2656	11
2657	1
2658	1
2659	11
2660	11
2661	1
2662	1
2663	11
2664	11
2665	11
2666	11
2667	11
2668	11
2669	11
2670	1
2671	11
2672	11
2673	11
2674	1
2675	1
2676	11
2677	11
2678	1
2679	11
2680	11
2681	11
2682	11
2683	11
2684	11
2685	11
2686	11
2687	11
2688	2
2689	2
2690	2
2691	2
315	10
1657	11
