0	9
1	9
2	9
3	9
4	9
5	9
6	9
7	2
8	2
9	2
10	2
11	2
12	2
13	2
14	2
15	2
16	2
17	2
18	3
19	3
20	3
21	13
22	13
23	13
24	13
25	13
26	13
27	13
28	13
29	7
30	7
31	7
32	7
33	3
34	7
35	7
36	7
37	7
38	7
39	7
40	7
41	3
42	7
43	7
44	3
45	7
46	7
47	3
48	7
49	7
50	7
51	7
52	7
53	8
54	8
55	8
56	8
57	8
58	7
59	7
60	7
61	7
62	7
63	7
64	7
65	8
66	8
67	8
68	8
69	8
70	8
71	13
72	13
73	13
74	13
75	7
76	7
77	7
78	7
79	7
80	7
81	7
82	7
83	8
84	8
85	8
86	8
87	8
88	8
89	8
90	8
91	8
92	8
93	8
94	8
95	12
96	2
97	2
98	2
99	2
100	2
101	2
102	2
103	2
104	2
105	2
106	2
107	2
108	2
109	2
110	2
111	2
112	2
113	2
114	2
115	2
116	2
117	2
118	2
119	2
120	2
121	2
122	2
123	2
124	2
125	2
126	2
127	2
128	2
129	11
130	11
131	11
132	11
133	11
134	11
135	11
136	11
137	11
138	11
139	11
140	11
141	11
142	6
143	11
144	11
145	11
146	11
147	6
148	11
149	11
150	11
151	11
152	11
153	11
154	11
155	11
156	11
157	11
158	11
159	6
160	6
161	6
162	6
163	6
164	11
165	11
166	4
167	4
168	4
169	4
170	4
171	4
172	4
173	4
174	4
175	4
176	4
177	4
178	4
179	4
180	4
181	4
182	4
183	7
184	7
185	7
186	7
187	7
188	7
189	7
190	7
191	7
192	7
193	7
194	7
195	7
196	7
197	7
198	7
199	7
200	7
201	7
202	7
203	7
204	7
205	7
206	7
207	7
208	13
209	13
210	13
211	13
212	13
213	13
214	13
215	13
216	13
217	13
218	13
219	13
220	13
221	13
222	13
223	13
224	13
225	13
226	5
227	5
228	5
229	5
230	5
231	5
232	5
233	5
234	5
235	5
236	13
237	13
238	13
239	13
240	13
241	13
242	13
243	13
244	13
245	13
246	13
247	13
248	7
249	7
250	7
251	7
252	7
253	7
254	7
255	7
256	7
257	7
258	7
259	7
260	7
261	5
262	5
263	5
264	5
265	5
266	5
267	5
268	5
269	5
270	5
271	5
272	5
273	5
274	5
275	5
276	5
277	5
278	5
279	5
280	5
281	5
282	5
283	5
284	5
285	5
286	5
287	5
288	5
289	5
290	5
291	5
292	5
293	5
294	5
295	5
296	5
297	5
298	5
299	5
300	5
301	5
302	7
303	7
304	7
305	7
306	8
307	8
308	8
309	8
310	8
311	8
312	8
313	8
314	8
316	3
317	3
318	3
319	3
320	3
321	3
322	3
323	3
324	3
325	3
326	3
327	3
328	3
329	3
330	3
331	8
332	8
333	8
334	8
335	8
336	8
337	3
338	3
339	3
340	8
341	8
342	8
343	8
344	8
345	6
346	8
347	8
348	8
349	8
350	8
351	8
352	8
353	8
354	8
355	8
356	8
357	6
358	8
359	6
360	6
361	8
362	6
363	6
364	8
365	8
366	6
367	8
368	6
369	8
370	8
371	8
372	8
373	8
374	8
375	8
376	8
377	8
378	8
379	8
380	8
381	8
382	8
383	8
384	8
385	8
386	8
387	8
388	8
389	3
390	3
391	3
392	3
393	3
394	8
395	8
396	8
397	8
398	3
399	3
400	3
401	3
402	3
403	13
404	13
405	13
406	11
407	11
408	11
409	9
410	9
411	9
412	9
413	9
414	9
415	9
416	9
417	9
418	9
419	9
420	9
421	9
422	9
423	9
424	9
425	4
426	4
427	4
428	4
429	4
430	4
431	4
432	4
433	9
434	9
435	9
436	9
437	9
438	9
439	9
440	9
441	9
442	9
443	9
444	9
445	9
446	4
447	4
448	4
449	4
450	4
451	9
452	9
453	9
454	4
455	4
456	4
457	9
458	9
459	9
460	9
461	9
462	9
463	4
464	4
465	4
466	4
467	4
468	4
469	4
470	4
471	4
472	4
473	9
474	9
475	5
476	5
477	11
478	11
479	11
480	11
481	11
482	11
483	11
484	13
485	13
486	11
487	11
488	11
489	5
490	5
491	5
492	5
493	5
494	5
495	11
496	11
497	11
498	13
499	11
500	11
501	11
502	13
503	11
504	11
505	11
506	11
507	11
508	13
509	13
510	13
511	13
512	13
513	11
514	11
515	13
516	11
517	11
518	11
519	11
520	13
521	11
522	2
523	12
524	12
525	12
526	7
527	7
528	12
529	12
530	12
531	12
532	12
533	12
534	12
535	12
536	12
537	12
538	7
539	7
540	7
541	7
542	7
543	7
544	7
545	7
546	7
547	7
548	7
549	7
550	7
551	7
552	7
553	7
554	7
555	7
556	7
557	7
558	7
559	13
560	13
561	13
562	13
563	13
564	13
565	7
566	7
567	7
568	7
569	7
570	12
571	12
572	12
573	12
574	12
575	12
576	12
577	12
578	12
579	12
580	12
581	7
582	7
583	7
584	7
585	7
586	7
587	5
588	5
589	5
590	5
591	5
592	5
593	5
594	5
595	5
596	5
597	5
598	5
599	5
600	5
601	5
602	5
603	7
604	7
605	7
606	7
607	7
608	7
609	7
610	7
611	7
612	7
613	7
614	7
615	7
616	7
617	5
618	5
619	5
620	5
621	5
622	5
623	5
624	5
625	5
626	5
627	5
628	5
629	5
630	5
631	5
632	5
633	5
634	5
635	5
636	5
637	5
638	5
639	7
640	7
641	7
642	7
643	7
644	7
645	7
646	7
647	7
648	7
649	7
650	7
651	7
652	7
653	7
654	7
655	7
656	7
657	11
658	4
659	11
660	11
661	9
662	9
663	9
664	9
665	9
666	9
667	9
668	9
669	9
670	11
671	11
672	11
673	11
674	11
675	11
676	11
677	11
678	11
679	11
680	9
681	9
682	9
683	9
684	9
685	9
686	9
687	9
688	9
689	9
690	9
691	9
692	9
693	9
694	9
695	9
696	9
697	11
698	11
699	11
700	11
701	11
702	11
703	11
704	11
705	11
706	11
707	11
708	11
709	11
710	11
711	11
712	11
713	11
714	9
715	9
716	13
717	5
718	11
719	11
720	11
721	13
722	13
723	5
724	13
725	13
726	13
727	13
728	13
729	13
730	13
731	13
732	3
733	3
734	3
735	3
736	3
737	11
738	4
739	4
740	11
741	4
742	4
743	11
744	11
745	3
746	3
747	3
748	3
749	3
750	3
751	3
752	3
753	3
754	3
755	3
756	3
757	3
758	3
759	3
760	3
761	3
762	3
763	3
764	3
765	3
766	11
767	4
768	4
769	4
770	3
771	3
772	4
773	4
774	4
775	4
776	11
777	11
778	11
779	11
780	11
781	11
782	11
783	4
784	4
785	13
786	11
787	11
788	11
789	11
790	11
791	13
792	13
793	13
794	13
795	13
796	13
797	13
798	13
799	13
800	13
801	11
802	11
803	11
804	11
805	13
806	13
807	13
808	11
809	11
810	4
811	10
812	2
813	10
814	10
815	10
816	10
817	10
818	2
819	2
820	2
821	10
822	10
823	10
824	10
825	10
826	10
827	2
828	10
829	2
830	10
831	10
832	10
833	10
834	10
835	10
836	10
837	10
838	10
839	10
840	10
841	10
842	10
843	10
844	10
845	10
846	10
847	2
848	2
849	2
850	2
851	2
852	10
853	10
854	10
855	10
856	2
857	2
858	7
859	7
860	7
861	7
862	7
863	7
864	7
865	7
866	7
867	7
868	7
869	7
870	7
871	10
872	10
873	10
874	10
875	10
876	10
877	10
878	10
879	10
880	2
881	10
882	10
883	10
884	10
885	10
886	10
887	10
888	10
889	10
890	10
891	2
892	2
893	10
894	10
895	10
896	10
897	10
898	2
899	2
900	2
901	2
902	10
903	10
904	10
905	10
906	10
907	2
908	10
909	10
910	2
911	2
912	2
913	2
914	10
915	10
916	10
917	10
918	10
919	10
920	2
921	2
922	2
923	2
924	2
925	10
926	10
927	10
928	10
929	10
930	10
931	10
932	2
933	2
934	10
935	10
936	10
937	10
938	10
939	2
940	2
941	10
942	10
943	2
944	2
945	2
946	10
947	10
948	10
949	10
950	2
951	2
952	2
953	2
954	2
955	2
956	2
957	10
958	10
959	10
960	2
961	2
962	10
963	10
964	10
965	10
966	2
967	10
968	2
969	10
970	10
971	10
972	10
973	10
974	2
975	10
976	10
977	10
978	10
979	2
980	10
981	10
982	3
983	10
984	10
985	11
986	11
987	11
988	11
989	11
990	11
991	11
992	11
993	11
994	11
995	11
996	11
997	11
998	11
999	11
1000	11
1001	11
1002	11
1003	11
1004	11
1005	11
1006	11
1007	3
1008	10
1009	11
1010	10
1011	10
1012	10
1013	10
1014	3
1015	3
1016	3
1017	10
1018	10
1019	10
1020	3
1021	3
1022	3
1023	3
1024	3
1025	3
1026	3
1027	3
1028	3
1029	10
1030	3
1031	10
1032	3
1033	3
1034	3
1035	3
1036	3
1037	3
1038	3
1039	10
1040	3
1041	3
1042	3
1043	3
1044	3
1045	3
1046	3
1047	3
1048	10
1049	10
1050	3
1051	10
1052	10
1053	3
1054	3
1055	3
1056	3
1057	3
1058	3
1059	3
1060	3
1061	3
1062	10
1063	3
1064	3
1065	3
1066	3
1067	3
1068	3
1069	3
1070	3
1071	3
1072	3
1073	3
1074	3
1075	7
1076	7
1077	7
1078	7
1079	7
1080	7
1081	7
1082	7
1083	7
1084	7
1085	7
1086	7
1087	5
1088	5
1089	5
1090	5
1091	5
1092	5
1093	5
1094	13
1095	13
1096	13
1097	13
1098	13
1099	13
1100	13
1101	13
1102	13
1103	13
1104	13
1105	13
1106	13
1107	8
1108	8
1109	8
1110	8
1111	8
1112	8
1113	8
1114	8
1115	8
1116	8
1117	8
1118	8
1119	8
1120	8
1121	8
1122	8
1123	8
1124	8
1125	8
1126	8
1127	8
1128	8
1129	8
1130	8
1131	8
1132	8
1133	8
1134	8
1135	8
1136	10
1137	10
1138	10
1139	10
1140	8
1141	8
1142	8
1143	8
1144	8
1145	8
1146	8
1147	8
1148	8
1149	8
1150	8
1151	8
1152	8
1153	8
1154	13
1155	13
1156	13
1157	13
1158	8
1159	13
1160	13
1161	13
1162	13
1163	8
1164	8
1165	13
1166	8
1167	8
1168	13
1169	10
1170	3
1171	10
1172	10
1173	10
1174	3
1175	3
1176	10
1177	10
1178	10
1179	10
1180	10
1181	10
1182	10
1183	10
1184	10
1185	10
1186	10
1187	3
1188	10
1189	3
1190	10
1191	3
1192	10
1193	10
1194	10
1195	3
1196	10
1197	10
1198	10
1199	10
1200	2
1201	2
1202	2
1203	2
1204	2
1205	2
1206	2
1207	2
1208	2
1209	2
1210	2
1211	2
1212	2
1213	2
1214	2
1215	2
1216	2
1217	2
1218	2
1219	2
1220	2
1221	2
1222	2
1223	2
1224	2
1225	2
1226	2
1227	2
1228	2
1229	2
1230	2
1231	2
1232	2
1233	2
1234	2
1235	2
1236	2
1237	2
1238	2
1239	2
1240	5
1241	5
1242	5
1243	5
1244	5
1245	5
1246	5
1247	5
1248	5
1249	5
1250	5
1251	5
1252	5
1253	7
1254	3
1255	7
1256	3
1257	3
1258	5
1259	5
1260	5
1261	5
1262	5
1263	5
1264	3
1265	3
1266	3
1267	7
1268	3
1269	3
1270	3
1271	3
1272	3
1273	3
1274	3
1275	3
1276	7
1277	3
1278	13
1279	13
1280	13
1281	5
1282	5
1283	5
1284	3
1285	3
1286	3
1287	3
1288	13
1289	13
1290	13
1291	13
1292	13
1293	13
1294	13
1295	13
1296	13
1297	13
1298	13
1299	13
1300	13
1301	13
1302	13
1303	7
1304	7
1305	7
1306	7
1307	7
1308	7
1309	7
1310	7
1311	7
1312	7
1313	7
1314	10
1315	10
1316	10
1317	10
1318	10
1319	10
1320	10
1321	10
1322	10
1323	10
1324	10
1325	10
1326	10
1327	10
1328	10
1329	10
1330	10
1331	10
1332	10
1333	10
1334	10
1335	10
1336	10
1337	10
1338	10
1339	10
1340	10
1341	10
1342	10
1343	10
1344	10
1345	10
1346	7
1347	9
1348	9
1349	9
1350	7
1351	7
1352	7
1353	7
1354	9
1355	9
1356	7
1357	9
1358	7
1359	7
1360	9
1361	7
1362	7
1363	8
1364	8
1365	8
1366	8
1367	8
1368	8
1369	8
1370	8
1371	8
1372	8
1373	8
1374	8
1375	8
1376	8
1377	8
1378	8
1379	8
1380	8
1381	13
1382	13
1383	13
1384	13
1385	13
1386	13
1387	13
1388	13
1389	13
1390	13
1391	13
1392	13
1393	13
1394	13
1395	13
1396	13
1397	9
1398	7
1399	9
1400	9
1401	9
1402	9
1403	7
1404	9
1405	7
1406	7
1407	9
1408	9
1409	9
1410	9
1411	9
1412	9
1413	9
1414	9
1415	9
1416	9
1417	9
1418	9
1419	9
1420	9
1421	9
1422	9
1423	9
1424	9
1425	9
1426	9
1427	9
1428	2
1429	2
1430	2
1431	2
1432	12
1433	2
1434	2
1435	2
1436	2
1437	2
1438	2
1439	2
1440	2
1441	2
1442	2
1443	2
1444	2
1445	2
1446	2
1447	2
1448	2
1449	2
1450	2
1451	2
1452	2
1453	2
1454	2
1455	2
1456	12
1457	2
1458	12
1459	2
1460	2
1461	2
1462	2
1463	2
1464	2
1465	11
1466	11
1467	11
1468	11
1469	11
1470	11
1471	11
1472	11
1473	11
1474	11
1475	11
1476	11
1477	11
1478	11
1479	11
1480	11
1481	11
1482	11
1483	11
1484	11
1485	11
1486	11
1487	11
1488	11
1489	3
1490	3
1491	3
1492	3
1493	3
1494	3
1495	3
1496	3
1497	3
1498	3
1499	3
1500	3
1501	9
1502	9
1503	9
1504	9
1505	9
1506	9
1507	9
1508	9
1509	9
1510	9
1511	9
1512	9
1513	9
1514	9
1515	9
1516	9
1517	9
1518	9
1519	9
1520	9
1521	9
1522	9
1523	9
1524	9
1525	9
1526	9
1527	9
1528	9
1529	4
1530	4
1531	4
1532	4
1533	4
1534	4
1535	4
1536	4
1537	4
1538	4
1539	4
1540	4
1541	4
1542	4
1543	4
1544	4
1545	4
1546	4
1547	4
1548	4
1549	4
1550	4
1551	4
1552	8
1553	12
1554	12
1555	8
1556	12
1557	8
1558	12
1559	12
1560	12
1561	12
1562	12
1563	12
1564	12
1565	12
1566	8
1567	12
1568	12
1569	12
1570	12
1571	12
1572	12
1573	12
1574	12
1575	12
1576	3
1577	3
1578	3
1579	3
1580	3
1581	3
1582	3
1583	3
1584	3
1585	3
1586	3
1587	3
1588	3
1589	3
1590	3
1591	3
1592	3
1593	7
1594	7
1595	7
1596	7
1597	7
1598	7
1599	7
1600	7
1601	7
1602	12
1603	12
1604	12
1605	12
1606	12
1607	12
1608	12
1609	12
1610	12
1611	12
1612	12
1613	12
1614	12
1615	12
1616	12
1617	12
1618	13
1619	13
1620	13
1621	13
1622	13
1623	13
1624	13
1625	13
1626	13
1627	13
1628	13
1629	2
1630	2
1631	2
1632	2
1633	2
1634	2
1635	2
1636	2
1637	2
1638	2
1639	2
1640	2
1641	2
1642	2
1643	2
1644	13
1645	13
1646	13
1647	13
1648	13
1649	2
1650	2
1651	2
1652	2
1653	2
1654	2
1655	2
1656	2
1658	2
1659	2
1660	2
1661	2
1662	2
1663	2
1664	2
1665	2
1666	2
1667	2
1668	2
1669	2
1670	2
1671	2
1672	2
1673	13
1674	2
1675	2
1676	2
1677	13
1678	5
1679	5
1680	5
1681	5
1682	5
1683	5
1684	5
1685	3
1686	3
1687	3
1688	3
1689	3
1690	3
1691	3
1692	3
1693	3
1694	3
1695	3
1696	3
1697	3
1698	3
1699	3
1700	3
1701	3
1702	3
1703	1
1704	1
1705	3
1706	3
1707	3
1708	3
1709	3
1710	3
1711	3
1712	3
1713	13
1714	13
1715	13
1716	13
1717	13
1718	13
1719	13
1720	13
1721	13
1722	13
1723	13
1724	13
1725	3
1726	3
1727	3
1728	13
1729	3
1730	3
1731	3
1732	3
1733	3
1734	3
1735	3
1736	3
1737	3
1738	3
1739	3
1740	3
1741	3
1742	9
1743	9
1744	9
1745	9
1746	9
1747	9
1748	9
1749	9
1750	9
1751	9
1752	9
1753	9
1754	9
1755	9
1756	9
1757	13
1758	13
1759	13
1760	13
1761	9
1762	9
1763	9
1764	9
1765	9
1766	9
1767	9
1768	9
1769	9
1770	9
1771	9
1772	9
1773	9
1774	5
1775	13
1776	13
1777	13
1778	5
1779	5
1780	13
1781	13
1782	13
1783	13
1784	13
1785	13
1786	5
1787	9
1788	9
1789	9
1790	9
1791	9
1792	9
1793	9
1794	9
1795	5
1796	13
1797	13
1798	5
1799	9
1800	9
1801	9
1802	9
1803	9
1804	9
1805	9
1806	9
1807	9
1808	9
1809	1
1810	1
1811	1
1812	1
1813	1
1814	1
1815	1
1816	1
1817	1
1818	1
1819	2
1820	1
1821	2
1822	1
1823	2
1824	1
1825	1
1826	1
1827	1
1828	1
1829	1
1830	5
1831	5
1832	5
1833	5
1834	5
1835	1
1836	1
1837	5
1838	1
1839	1
1840	8
1841	8
1842	8
1843	8
1844	8
1845	1
1846	2
1847	1
1848	1
1849	1
1850	2
1851	1
1852	1
1853	2
1854	1
1855	1
1856	1
1857	13
1858	13
1859	13
1860	13
1861	13
1862	13
1863	1
1864	2
1865	2
1866	2
1867	2
1868	1
1869	2
1870	2
1871	1
1872	5
1873	5
1874	5
1875	11
1876	5
1877	5
1878	5
1879	5
1880	11
1881	5
1882	5
1883	11
1884	5
1885	5
1886	5
1887	5
1888	5
1889	11
1890	11
1891	5
1892	11
1893	5
1894	5
1895	7
1896	7
1897	7
1898	8
1899	8
1900	8
1901	8
1902	8
1903	8
1904	7
1905	7
1906	7
1907	7
1908	7
1909	7
1910	7
1911	7
1912	7
1913	7
1914	7
1915	7
1916	8
1917	8
1918	8
1919	8
1920	8
1921	8
1922	8
1923	8
1924	7
1925	7
1926	7
1927	7
1928	7
1929	7
1930	7
1931	7
1932	7
1933	7
1934	7
1935	7
1936	7
1937	7
1938	7
1939	7
1940	7
1941	7
1942	7
1943	7
1944	7
1945	7
1946	7
1947	7
1948	7
1949	7
1950	7
1951	7
1952	7
1953	7
1954	7
1955	7
1956	7
1957	7
1958	7
1959	7
1960	7
1961	7
1962	7
1963	7
1964	7
1965	7
1966	7
1967	7
1968	7
1969	7
1970	7
1971	7
1972	7
1973	7
1974	7
1975	7
1976	4
1977	4
1978	4
1979	4
1980	4
1981	4
1982	4
1983	4
1984	4
1985	4
1986	4
1987	4
1988	4
1989	4
1990	4
1991	4
1992	4
1993	4
1994	4
1995	4
1996	4
1997	4
1998	4
1999	4
2000	4
2001	4
2002	4
2003	4
2004	4
2005	4
2006	4
2007	4
2008	4
2009	4
2010	4
2011	4
2012	4
2013	4
2014	4
2015	4
2016	4
2017	5
2018	5
2019	5
2020	5
2021	5
2022	5
2023	5
2024	11
2025	5
2026	5
2027	5
2028	5
2029	5
2030	11
2031	4
2032	4
2033	11
2034	11
2035	11
2036	11
2037	11
2038	13
2039	13
2040	13
2041	13
2042	13
2043	5
2044	5
2045	5
2046	11
2047	11
2048	13
2049	13
2050	5
2051	11
2052	11
2053	11
2054	11
2055	11
2056	11
2057	11
2058	12
2059	12
2060	12
2061	12
2062	12
2063	12
2064	12
2065	12
2066	12
2067	12
2068	5
2069	5
2070	5
2071	5
2072	5
2073	5
2074	5
2075	5
2076	5
2077	5
2078	5
2079	5
2080	5
2081	5
2082	5
2083	5
2084	5
2085	5
2086	5
2087	5
2088	5
2089	3
2090	3
2091	3
2092	3
2093	3
2094	3
2095	3
2096	9
2097	9
2098	9
2099	9
2100	9
2101	9
2102	9
2103	9
2104	9
2105	9
2106	9
2107	9
2108	9
2109	9
2110	9
2111	9
2112	9
2113	12
2114	1
2115	1
2116	1
2117	1
2118	12
2119	12
2120	1
2121	1
2122	12
2123	12
2124	5
2125	1
2126	1
2127	1
2128	1
2129	1
2130	12
2131	1
2132	1
2133	12
2134	12
2135	1
2136	12
2137	12
2138	12
2139	1
2140	12
2141	12
2142	12
2143	12
2144	12
2145	12
2146	12
2147	12
2148	1
2149	12
2150	1
2151	1
2152	1
2153	1
2154	12
2155	12
2156	12
2157	12
2158	1
2159	12
2160	1
2161	1
2162	1
2163	1
2164	1
2165	1
2166	12
2167	12
2168	12
2169	1
2170	1
2171	12
2172	1
2173	1
2174	12
2175	12
2176	12
2177	12
2178	1
2179	1
2180	1
2181	1
2182	1
2183	1
2184	1
2185	1
2186	1
2187	1
2188	12
2189	1
2190	1
2191	1
2192	1
2193	1
2194	12
2195	1
2196	12
2197	12
2198	1
2199	12
2200	1
2201	12
2202	12
2203	12
2204	1
2205	1
2206	1
2207	1
2208	1
2209	1
2210	1
2211	12
2212	12
2213	1
2214	1
2215	12
2216	12
2217	1
2218	1
2219	1
2220	1
2221	1
2222	12
2223	12
2224	1
2225	1
2226	1
2227	1
2228	12
2229	12
2230	1
2231	1
2232	1
2233	12
2234	12
2235	1
2236	12
2237	12
2238	12
2239	1
2240	1
2241	12
2242	12
2243	12
2244	12
2245	12
2246	1
2247	1
2248	1
2249	1
2250	1
2251	1
2252	1
2253	12
2254	12
2255	12
2256	1
2257	1
2258	1
2259	1
2260	1
2261	1
2262	1
2263	1
2264	1
2265	1
2266	12
2267	1
2268	1
2269	12
2270	12
2271	12
2272	1
2273	12
2274	1
2275	1
2276	1
2277	12
2278	12
2279	12
2280	1
2281	1
2282	12
2283	12
2284	5
2285	5
2286	12
2287	12
2288	1
2289	1
2290	1
2291	1
2292	1
2293	1
2294	1
2295	1
2296	1
2297	12
2298	12
2299	12
2300	12
2301	1
2302	12
2303	1
2304	12
2305	1
2306	1
2307	1
2308	1
2309	5
2310	5
2311	5
2312	10
2313	10
2314	10
2315	10
2316	10
2317	10
2318	10
2319	10
2320	10
2321	10
2322	10
2323	10
2324	10
2325	10
2326	10
2327	10
2328	10
2329	10
2330	7
2331	7
2332	7
2333	7
2334	7
2335	7
2336	7
2337	7
2338	7
2339	7
2340	7
2341	7
2342	7
2343	7
2344	7
2345	7
2346	3
2347	3
2348	3
2349	3
2350	3
2351	3
2352	3
2353	3
2354	3
2355	3
2356	3
2357	3
2358	3
2359	3
2360	3
2361	3
2362	3
2363	3
2364	3
2365	3
2366	12
2367	12
2368	12
2369	12
2370	12
2371	12
2372	12
2373	12
2374	12
2375	12
2376	12
2377	12
2378	12
2379	12
2380	12
2381	12
2382	12
2383	12
2384	12
2385	12
2386	12
2387	12
2388	12
2389	12
2390	12
2391	12
2392	12
2393	12
2394	12
2395	12
2396	12
2397	12
2398	12
2399	12
2400	12
2401	12
2402	12
2403	12
2404	12
2405	12
2406	12
2407	12
2408	12
2409	12
2410	12
2411	12
2412	12
2413	12
2414	12
2415	6
2416	6
2417	6
2418	6
2419	13
2420	13
2421	6
2422	6
2423	6
2424	6
2425	6
2426	6
2427	13
2428	13
2429	13
2430	13
2431	6
2432	6
2433	6
2434	6
2435	6
2436	6
2437	6
2438	6
2439	13
2440	6
2441	6
2442	6
2443	6
2444	6
2445	6
2446	6
2447	6
2448	6
2449	6
2450	6
2451	6
2452	6
2453	6
2454	6
2455	6
2456	6
2457	6
2458	6
2459	6
2460	6
2461	6
2462	6
2463	6
2464	6
2465	6
2466	6
2467	6
2468	6
2469	6
2470	6
2471	6
2472	6
2473	6
2474	6
2475	6
2476	6
2477	6
2478	6
2479	6
2480	6
2481	6
2482	6
2483	6
2484	6
2485	6
2486	6
2487	6
2488	6
2489	6
2490	6
2491	6
2492	6
2493	6
2494	6
2495	6
2496	13
2497	13
2498	6
2499	6
2500	6
2501	6
2502	6
2503	6
2504	6
2505	6
2506	6
2507	6
2508	13
2509	13
2510	13
2511	6
2512	6
2513	13
2514	6
2515	6
2516	6
2517	6
2518	6
2519	6
2520	6
2521	6
2522	6
2523	13
2524	6
2525	13
2526	6
2527	6
2528	6
2529	13
2530	13
2531	13
2532	13
2533	13
2534	13
2535	13
2536	13
2537	13
2538	13
2539	6
2540	13
2541	6
2542	13
2543	6
2544	13
2545	6
2546	6
2547	13
2548	6
2549	6
2550	6
2551	6
2552	13
2553	13
2554	6
2555	6
2556	6
2557	6
2558	6
2559	6
2560	6
2561	6
2562	13
2563	13
2564	6
2565	13
2566	6
2567	6
2568	13
2569	13
2570	13
2571	6
2572	13
2573	6
2574	13
2575	6
2576	6
2577	6
2578	6
2579	6
2580	6
2581	13
2582	6
2583	6
2584	6
2585	6
2586	6
2587	13
2588	13
2589	13
2590	13
2591	13
2592	13
2593	13
2594	6
2595	6
2596	6
2597	6
2598	6
2599	6
2600	6
2601	6
2602	6
2603	6
2604	13
2605	13
2606	5
2607	5
2608	5
2609	5
2610	5
2611	5
2612	5
2613	5
2614	5
2615	5
2616	5
2617	5
2618	5
2619	5
2620	5
2621	5
2622	5
2623	5
2624	5
2625	5
2626	5
2627	5
2628	5
2629	5
2630	5
2631	5
2632	5
2633	5
2634	5
2635	5
2636	5
2637	5
2638	5
2639	5
2640	4
2641	4
2642	4
2643	4
2644	4
2645	4
2646	4
2647	4
2648	4
2649	4
2650	4
2651	4
2652	4
2653	4
2654	4
2655	4
2656	4
2657	4
2658	4
2659	4
2660	4
2661	4
2662	4
2663	4
2664	4
2665	4
2666	4
2667	4
2668	4
2669	4
2670	4
2671	4
2672	4
2673	4
2674	4
2675	4
2676	4
2677	4
2678	4
2679	4
2680	4
2681	4
2682	4
2683	4
2684	4
2685	4
2686	4
2687	4
2688	7
2689	7
2690	7
2691	7
315	3
1657	2
