0	1
1	1
2	1
3	1
4	1
5	1
6	1
7	11
8	11
9	11
10	11
11	11
12	11
13	11
14	11
15	11
16	11
17	11
18	1
19	1
20	6
21	12
22	12
23	12
24	12
25	12
26	12
27	12
28	12
29	5
30	2
31	5
32	5
33	2
34	2
35	2
36	2
37	5
38	5
39	2
40	5
41	2
42	5
43	2
44	2
45	5
46	5
47	2
48	2
49	5
50	5
51	5
52	5
53	13
54	13
55	13
56	13
57	13
58	5
59	5
60	5
61	5
62	5
63	5
64	5
65	13
66	13
67	13
68	13
69	13
70	13
71	12
72	12
73	12
74	12
75	5
76	5
77	5
78	5
79	5
80	5
81	5
82	5
83	7
84	7
85	7
86	7
87	7
88	7
89	7
90	7
91	7
92	7
93	7
94	7
95	7
96	11
97	11
98	11
99	11
100	11
101	11
102	11
103	11
104	11
105	11
106	11
107	11
108	11
109	11
110	11
111	11
112	11
113	11
114	11
115	11
116	11
117	11
118	11
119	11
120	11
121	11
122	11
123	11
124	11
125	11
126	11
127	11
128	11
129	3
130	3
131	3
132	3
133	3
134	3
135	3
136	3
137	3
138	3
139	3
140	3
141	3
142	3
143	3
144	3
145	3
146	3
147	3
148	3
149	3
150	3
151	3
152	3
153	3
154	3
155	3
156	3
157	3
158	3
159	3
160	3
161	3
162	3
163	3
164	3
165	3
166	7
167	7
168	7
169	7
170	7
171	7
172	7
173	7
174	7
175	7
176	7
177	7
178	7
179	7
180	7
181	3
182	3
183	5
184	5
185	5
186	5
187	5
188	5
189	5
190	5
191	5
192	5
193	5
194	5
195	5
196	5
197	5
198	5
199	5
200	5
201	5
202	5
203	5
204	5
205	5
206	5
207	5
208	12
209	12
210	12
211	12
212	12
213	12
214	12
215	12
216	12
217	12
218	12
219	12
220	12
221	12
222	12
223	12
224	12
225	12
226	4
227	4
228	4
229	4
230	4
231	4
232	4
233	4
234	4
235	4
236	12
237	12
238	12
239	12
240	12
241	12
242	12
243	12
244	12
245	12
246	12
247	12
248	5
249	5
250	5
251	5
252	5
253	5
254	5
255	5
256	5
257	5
258	5
259	5
260	5
261	4
262	4
263	4
264	4
265	4
266	4
267	4
268	4
269	4
270	4
271	4
272	4
273	4
274	4
275	4
276	4
277	4
278	4
279	4
280	4
281	4
282	4
283	4
284	4
285	4
286	4
287	4
288	4
289	4
290	4
291	4
292	4
293	4
294	4
295	4
296	4
297	4
298	4
299	4
300	4
301	4
302	5
303	5
304	5
305	5
306	9
307	9
308	10
309	9
310	9
311	9
312	10
313	10
314	9
316	2
317	2
318	2
319	2
320	2
321	2
322	2
323	2
324	2
325	2
326	2
327	2
328	2
329	2
330	2
331	10
332	10
333	10
334	9
335	10
336	9
337	2
338	2
339	2
340	10
341	10
342	9
343	9
344	10
345	10
346	10
347	9
348	10
349	9
350	9
351	10
352	10
353	9
354	9
355	9
356	3
357	3
358	3
359	3
360	3
361	3
362	3
363	3
364	3
365	3
366	3
367	3
368	3
369	9
370	10
371	9
372	9
373	9
374	9
375	9
376	9
377	9
378	9
379	9
380	9
381	10
382	10
383	9
384	9
385	10
386	9
387	9
388	9
389	2
390	2
391	2
392	2
393	2
394	9
395	9
396	10
397	9
398	2
399	2
400	2
401	2
402	2
403	12
404	12
405	12
406	12
407	3
408	3
409	1
410	1
411	1
412	1
413	1
414	1
415	1
416	1
417	1
418	1
419	1
420	1
421	1
422	1
423	1
424	1
425	7
426	7
427	7
428	7
429	7
430	7
431	7
432	7
433	1
434	1
435	1
436	1
437	1
438	1
439	1
440	1
441	1
442	1
443	1
444	1
445	1
446	7
447	7
448	7
449	7
450	7
451	1
452	1
453	1
454	7
455	7
456	7
457	1
458	1
459	1
460	1
461	1
462	1
463	7
464	7
465	7
466	7
467	7
468	7
469	7
470	7
471	7
472	7
473	1
474	1
475	4
476	4
477	3
478	3
479	3
480	3
481	3
482	3
483	3
484	12
485	12
486	3
487	3
488	3
489	4
490	4
491	4
492	4
493	4
494	4
495	3
496	3
497	3
498	12
499	3
500	3
501	3
502	12
503	3
504	3
505	3
506	3
507	12
508	12
509	12
510	12
511	12
512	12
513	12
514	12
515	12
516	12
517	12
518	12
519	3
520	12
521	12
522	11
523	11
524	11
525	11
526	5
527	5
528	11
529	11
530	11
531	11
532	11
533	11
534	11
535	11
536	11
537	11
538	5
539	5
540	5
541	5
542	5
543	5
544	5
545	5
546	5
547	5
548	5
549	5
550	5
551	5
552	5
553	5
554	5
555	5
556	5
557	5
558	5
559	12
560	12
561	12
562	12
563	12
564	12
565	5
566	5
567	5
568	5
569	5
570	11
571	11
572	11
573	11
574	11
575	11
576	11
577	11
578	11
579	11
580	11
581	5
582	5
583	5
584	5
585	5
586	5
587	4
588	4
589	4
590	4
591	4
592	12
593	12
594	4
595	12
596	4
597	12
598	4
599	12
600	12
601	12
602	12
603	5
604	5
605	5
606	5
607	5
608	5
609	5
610	5
611	5
612	5
613	5
614	5
615	5
616	5
617	4
618	12
619	12
620	4
621	4
622	4
623	4
624	4
625	4
626	4
627	4
628	12
629	12
630	12
631	12
632	12
633	12
634	4
635	12
636	4
637	4
638	4
639	5
640	5
641	5
642	5
643	5
644	5
645	5
646	5
647	5
648	5
649	5
650	5
651	5
652	5
653	5
654	5
655	5
656	5
657	3
658	3
659	3
660	3
661	1
662	1
663	1
664	1
665	1
666	1
667	1
668	1
669	1
670	4
671	4
672	3
673	4
674	3
675	4
676	3
677	3
678	3
679	3
680	1
681	1
682	1
683	1
684	1
685	1
686	1
687	1
688	1
689	1
690	1
691	1
692	1
693	1
694	1
695	1
696	1
697	4
698	4
699	3
700	4
701	4
702	3
703	4
704	3
705	4
706	3
707	4
708	4
709	3
710	4
711	4
712	4
713	4
714	1
715	1
716	12
717	4
718	4
719	4
720	3
721	12
722	12
723	4
724	12
725	12
726	12
727	12
728	12
729	12
730	12
731	12
732	2
733	2
734	2
735	2
736	2
737	3
738	7
739	7
740	3
741	3
742	3
743	3
744	3
745	2
746	2
747	2
748	2
749	2
750	2
751	2
752	2
753	2
754	2
755	2
756	2
757	2
758	2
759	2
760	2
761	2
762	2
763	2
764	2
765	2
766	3
767	3
768	3
769	3
770	2
771	2
772	3
773	3
774	3
775	3
776	3
777	3
778	3
779	3
780	3
781	3
782	3
783	3
784	3
785	12
786	3
787	3
788	3
789	3
790	3
791	12
792	12
793	12
794	12
795	12
796	12
797	12
798	12
799	12
800	12
801	3
802	3
803	3
804	3
805	12
806	12
807	12
808	3
809	3
810	3
811	13
812	2
813	13
814	13
815	13
816	13
817	13
818	2
819	2
820	2
821	13
822	13
823	13
824	13
825	13
826	13
827	13
828	13
829	2
830	13
831	13
832	13
833	13
834	13
835	13
836	13
837	13
838	13
839	13
840	13
841	13
842	13
843	13
844	13
845	13
846	13
847	2
848	13
849	13
850	2
851	2
852	13
853	13
854	13
855	13
856	2
857	2
858	5
859	5
860	5
861	5
862	5
863	5
864	5
865	5
866	5
867	5
868	5
869	5
870	5
871	13
872	13
873	13
874	13
875	13
876	13
877	13
878	13
879	13
880	13
881	13
882	13
883	13
884	13
885	13
886	13
887	13
888	2
889	13
890	13
891	13
892	2
893	13
894	13
895	13
896	13
897	13
898	13
899	2
900	2
901	2
902	13
903	13
904	13
905	13
906	13
907	13
908	13
909	13
910	2
911	2
912	2
913	2
914	13
915	13
916	13
917	13
918	13
919	13
920	13
921	13
922	2
923	2
924	13
925	13
926	13
927	13
928	13
929	13
930	2
931	2
932	13
933	2
934	13
935	13
936	13
937	13
938	13
939	13
940	13
941	13
942	2
943	13
944	2
945	2
946	13
947	13
948	13
949	2
950	13
951	13
952	13
953	13
954	2
955	2
956	2
957	13
958	13
959	13
960	13
961	13
962	2
963	13
964	13
965	13
966	13
967	13
968	13
969	13
970	13
971	13
972	13
973	13
974	2
975	2
976	13
977	13
978	13
979	13
980	13
981	13
982	2
983	2
984	2
985	3
986	7
987	7
988	3
989	7
990	3
991	7
992	3
993	3
994	3
995	3
996	3
997	3
998	3
999	3
1000	3
1001	3
1002	3
1003	3
1004	3
1005	7
1006	7
1007	2
1008	2
1009	7
1010	2
1011	2
1012	2
1013	2
1014	2
1015	2
1016	2
1017	2
1018	2
1019	2
1020	2
1021	2
1022	2
1023	2
1024	2
1025	2
1026	2
1027	2
1028	2
1029	2
1030	2
1031	2
1032	2
1033	2
1034	2
1035	2
1036	2
1037	2
1038	2
1039	2
1040	2
1041	2
1042	2
1043	2
1044	2
1045	2
1046	2
1047	2
1048	2
1049	2
1050	2
1051	2
1052	2
1053	2
1054	2
1055	2
1056	2
1057	2
1058	2
1059	2
1060	2
1061	2
1062	2
1063	2
1064	2
1065	2
1066	2
1067	2
1068	2
1069	2
1070	2
1071	2
1072	2
1073	2
1074	2
1075	5
1076	5
1077	5
1078	5
1079	5
1080	5
1081	5
1082	5
1083	5
1084	5
1085	5
1086	5
1087	4
1088	4
1089	4
1090	4
1091	4
1092	4
1093	4
1094	12
1095	12
1096	12
1097	12
1098	12
1099	12
1100	12
1101	12
1102	12
1103	12
1104	12
1105	12
1106	12
1107	9
1108	13
1109	13
1110	9
1111	13
1112	9
1113	9
1114	13
1115	9
1116	13
1117	13
1118	13
1119	9
1120	13
1121	9
1122	13
1123	13
1124	13
1125	13
1126	13
1127	9
1128	13
1129	9
1130	13
1131	13
1132	13
1133	13
1134	9
1135	13
1136	13
1137	13
1138	11
1139	13
1140	9
1141	9
1142	13
1143	13
1144	13
1145	13
1146	13
1147	13
1148	9
1149	13
1150	9
1151	13
1152	9
1153	13
1154	12
1155	12
1156	12
1157	12
1158	12
1159	12
1160	12
1161	12
1162	12
1163	12
1164	12
1165	12
1166	12
1167	12
1168	12
1169	2
1170	2
1171	2
1172	2
1173	2
1174	2
1175	2
1176	2
1177	2
1178	2
1179	2
1180	2
1181	2
1182	2
1183	2
1184	2
1185	2
1186	2
1187	2
1188	2
1189	2
1190	2
1191	2
1192	2
1193	2
1194	2
1195	2
1196	2
1197	2
1198	2
1199	2
1200	11
1201	11
1202	11
1203	11
1204	11
1205	11
1206	11
1207	11
1208	11
1209	11
1210	11
1211	11
1212	11
1213	11
1214	11
1215	11
1216	11
1217	11
1218	11
1219	11
1220	11
1221	11
1222	11
1223	11
1224	11
1225	11
1226	11
1227	11
1228	11
1229	11
1230	11
1231	11
1232	11
1233	11
1234	11
1235	11
1236	11
1237	11
1238	11
1239	11
1240	4
1241	4
1242	4
1243	4
1244	4
1245	4
1246	4
1247	4
1248	4
1249	4
1250	4
1251	4
1252	4
1253	5
1254	5
1255	5
1256	5
1257	5
1258	4
1259	4
1260	4
1261	4
1262	4
1263	4
1264	5
1265	5
1266	5
1267	5
1268	5
1269	5
1270	5
1271	5
1272	5
1273	5
1274	5
1275	5
1276	5
1277	5
1278	12
1279	12
1280	12
1281	4
1282	4
1283	4
1284	5
1285	5
1286	5
1287	5
1288	12
1289	12
1290	12
1291	12
1292	12
1293	12
1294	12
1295	12
1296	12
1297	12
1298	12
1299	12
1300	12
1301	12
1302	12
1303	5
1304	5
1305	5
1306	5
1307	5
1308	5
1309	5
1310	5
1311	5
1312	5
1313	5
1314	13
1315	13
1316	13
1317	13
1318	13
1319	11
1320	13
1321	11
1322	13
1323	11
1324	13
1325	11
1326	13
1327	11
1328	11
1329	11
1330	11
1331	11
1332	11
1333	11
1334	11
1335	13
1336	13
1337	11
1338	11
1339	13
1340	13
1341	13
1342	13
1343	13
1344	11
1345	13
1346	1
1347	1
1348	1
1349	1
1350	1
1351	1
1352	1
1353	1
1354	1
1355	1
1356	1
1357	1
1358	1
1359	1
1360	1
1361	1
1362	1
1363	9
1364	9
1365	9
1366	9
1367	9
1368	9
1369	9
1370	9
1371	9
1372	9
1373	9
1374	9
1375	9
1376	9
1377	9
1378	9
1379	9
1380	9
1381	12
1382	12
1383	12
1384	12
1385	12
1386	12
1387	12
1388	12
1389	12
1390	12
1391	12
1392	12
1393	12
1394	12
1395	12
1396	12
1397	1
1398	1
1399	1
1400	1
1401	1
1402	1
1403	1
1404	1
1405	1
1406	1
1407	1
1408	1
1409	1
1410	1
1411	1
1412	1
1413	1
1414	1
1415	1
1416	1
1417	1
1418	1
1419	1
1420	1
1421	1
1422	1
1423	1
1424	1
1425	1
1426	1
1427	1
1428	11
1429	11
1430	11
1431	11
1432	11
1433	11
1434	11
1435	11
1436	11
1437	11
1438	11
1439	11
1440	11
1441	11
1442	11
1443	2
1444	11
1445	2
1446	11
1447	11
1448	2
1449	11
1450	2
1451	2
1452	2
1453	2
1454	2
1455	11
1456	11
1457	11
1458	11
1459	11
1460	11
1461	11
1462	11
1463	11
1464	11
1465	12
1466	12
1467	3
1468	12
1469	3
1470	12
1471	12
1472	3
1473	3
1474	12
1475	12
1476	3
1477	12
1478	12
1479	12
1480	12
1481	12
1482	12
1483	12
1484	12
1485	12
1486	12
1487	3
1488	12
1489	2
1490	2
1491	2
1492	2
1493	2
1494	2
1495	2
1496	2
1497	2
1498	2
1499	2
1500	2
1501	1
1502	1
1503	1
1504	1
1505	1
1506	1
1507	1
1508	1
1509	1
1510	1
1511	1
1512	1
1513	1
1514	1
1515	1
1516	1
1517	1
1518	1
1519	1
1520	1
1521	1
1522	1
1523	1
1524	1
1525	1
1526	1
1527	1
1528	1
1529	7
1530	7
1531	7
1532	7
1533	7
1534	7
1535	7
1536	7
1537	7
1538	7
1539	7
1540	7
1541	7
1542	7
1543	7
1544	7
1545	7
1546	7
1547	7
1548	7
1549	7
1550	7
1551	7
1552	7
1553	9
1554	9
1555	9
1556	9
1557	9
1558	9
1559	9
1560	9
1561	9
1562	9
1563	9
1564	9
1565	9
1566	9
1567	9
1568	9
1569	9
1570	9
1571	9
1572	9
1573	9
1574	9
1575	9
1576	2
1577	2
1578	2
1579	2
1580	2
1581	2
1582	2
1583	2
1584	2
1585	2
1586	2
1587	2
1588	2
1589	2
1590	2
1591	2
1592	2
1593	5
1594	5
1595	5
1596	5
1597	5
1598	5
1599	5
1600	5
1601	5
1602	11
1603	9
1604	11
1605	11
1606	11
1607	9
1608	11
1609	11
1610	11
1611	11
1612	11
1613	9
1614	9
1615	11
1616	11
1617	11
1618	12
1619	12
1620	12
1621	12
1622	12
1623	12
1624	12
1625	12
1626	12
1627	12
1628	12
1629	11
1630	11
1631	11
1632	11
1633	11
1634	11
1635	11
1636	11
1637	11
1638	11
1639	11
1640	11
1641	11
1642	11
1643	11
1644	12
1645	12
1646	12
1647	12
1648	12
1649	11
1650	11
1651	11
1652	11
1653	11
1654	11
1655	11
1656	11
1658	11
1659	11
1660	11
1661	11
1662	11
1663	11
1664	11
1665	11
1666	11
1667	11
1668	11
1669	11
1670	11
1671	11
1672	11
1673	12
1674	11
1675	11
1676	11
1677	12
1678	4
1679	4
1680	4
1681	4
1682	4
1683	4
1684	4
1685	1
1686	1
1687	1
1688	1
1689	1
1690	1
1691	1
1692	1
1693	1
1694	1
1695	1
1696	1
1697	1
1698	1
1699	1
1700	1
1701	6
1702	1
1703	6
1704	6
1705	1
1706	1
1707	1
1708	1
1709	6
1710	1
1711	1
1712	1
1713	12
1714	12
1715	12
1716	12
1717	12
1718	12
1719	12
1720	12
1721	12
1722	12
1723	12
1724	12
1725	1
1726	1
1727	1
1728	12
1729	1
1730	1
1731	1
1732	1
1733	1
1734	1
1735	1
1736	6
1737	6
1738	6
1739	6
1740	6
1741	1
1742	8
1743	8
1744	8
1745	8
1746	1
1747	8
1748	8
1749	8
1750	8
1751	8
1752	8
1753	1
1754	8
1755	1
1756	8
1757	12
1758	12
1759	12
1760	12
1761	1
1762	8
1763	8
1764	8
1765	8
1766	8
1767	8
1768	8
1769	8
1770	1
1771	8
1772	8
1773	1
1774	12
1775	12
1776	12
1777	12
1778	12
1779	12
1780	12
1781	12
1782	12
1783	12
1784	12
1785	12
1786	12
1787	8
1788	8
1789	8
1790	8
1791	8
1792	8
1793	8
1794	8
1795	12
1796	12
1797	12
1798	12
1799	8
1800	1
1801	1
1802	8
1803	8
1804	8
1805	8
1806	8
1807	8
1808	8
1809	6
1810	6
1811	6
1812	6
1813	6
1814	6
1815	6
1816	6
1817	6
1818	6
1819	11
1820	11
1821	11
1822	6
1823	11
1824	6
1825	6
1826	6
1827	6
1828	6
1829	6
1830	12
1831	12
1832	12
1833	12
1834	12
1835	6
1836	6
1837	12
1838	6
1839	6
1840	9
1841	9
1842	9
1843	9
1844	9
1845	11
1846	11
1847	6
1848	6
1849	6
1850	11
1851	6
1852	11
1853	11
1854	6
1855	6
1856	6
1857	12
1858	12
1859	12
1860	12
1861	12
1862	12
1863	6
1864	11
1865	11
1866	11
1867	11
1868	11
1869	11
1870	11
1871	6
1872	4
1873	4
1874	4
1875	4
1876	4
1877	4
1878	4
1879	4
1880	4
1881	4
1882	4
1883	4
1884	4
1885	4
1886	4
1887	4
1888	4
1889	4
1890	4
1891	4
1892	4
1893	4
1894	4
1895	5
1896	5
1897	5
1898	12
1899	12
1900	12
1901	12
1902	12
1903	13
1904	5
1905	5
1906	5
1907	5
1908	5
1909	5
1910	5
1911	5
1912	5
1913	1
1914	1
1915	5
1916	12
1917	12
1918	12
1919	12
1920	13
1921	12
1922	13
1923	13
1924	5
1925	5
1926	5
1927	5
1928	1
1929	5
1930	5
1931	5
1932	5
1933	5
1934	5
1935	1
1936	5
1937	5
1938	5
1939	5
1940	5
1941	5
1942	1
1943	5
1944	5
1945	5
1946	1
1947	5
1948	1
1949	5
1950	5
1951	5
1952	5
1953	5
1954	5
1955	5
1956	5
1957	5
1958	5
1959	5
1960	5
1961	5
1962	5
1963	5
1964	5
1965	5
1966	5
1967	5
1968	5
1969	5
1970	5
1971	5
1972	5
1973	5
1974	5
1975	5
1976	7
1977	7
1978	7
1979	7
1980	7
1981	7
1982	7
1983	7
1984	7
1985	7
1986	7
1987	7
1988	7
1989	7
1990	7
1991	7
1992	7
1993	7
1994	7
1995	7
1996	7
1997	7
1998	7
1999	7
2000	7
2001	7
2002	7
2003	7
2004	7
2005	7
2006	7
2007	7
2008	7
2009	7
2010	7
2011	7
2012	7
2013	7
2014	7
2015	7
2016	7
2017	4
2018	4
2019	4
2020	4
2021	4
2022	4
2023	4
2024	3
2025	4
2026	4
2027	4
2028	4
2029	4
2030	3
2031	3
2032	3
2033	3
2034	3
2035	3
2036	3
2037	3
2038	12
2039	12
2040	12
2041	12
2042	12
2043	4
2044	4
2045	4
2046	3
2047	3
2048	12
2049	12
2050	4
2051	3
2052	3
2053	3
2054	3
2055	3
2056	3
2057	3
2058	9
2059	9
2060	9
2061	9
2062	7
2063	9
2064	9
2065	9
2066	9
2067	9
2068	4
2069	4
2070	4
2071	12
2072	4
2073	12
2074	4
2075	4
2076	4
2077	12
2078	12
2079	4
2080	12
2081	4
2082	4
2083	4
2084	4
2085	4
2086	4
2087	4
2088	4
2089	2
2090	2
2091	2
2092	2
2093	2
2094	2
2095	2
2096	1
2097	1
2098	1
2099	1
2100	1
2101	1
2102	1
2103	1
2104	1
2105	1
2106	1
2107	1
2108	1
2109	1
2110	1
2111	1
2112	1
2113	8
2114	8
2115	8
2116	8
2117	8
2118	6
2119	6
2120	6
2121	8
2122	6
2123	6
2124	4
2125	8
2126	8
2127	8
2128	8
2129	8
2130	6
2131	8
2132	8
2133	6
2134	8
2135	8
2136	8
2137	6
2138	6
2139	6
2140	6
2141	8
2142	8
2143	6
2144	6
2145	6
2146	6
2147	6
2148	6
2149	6
2150	8
2151	8
2152	8
2153	8
2154	8
2155	8
2156	6
2157	8
2158	8
2159	6
2160	8
2161	8
2162	8
2163	8
2164	6
2165	6
2166	8
2167	6
2168	6
2169	8
2170	8
2171	8
2172	8
2173	8
2174	6
2175	6
2176	6
2177	6
2178	8
2179	8
2180	6
2181	6
2182	8
2183	8
2184	8
2185	8
2186	8
2187	8
2188	6
2189	6
2190	8
2191	8
2192	8
2193	8
2194	6
2195	8
2196	6
2197	6
2198	8
2199	6
2200	8
2201	6
2202	6
2203	8
2204	8
2205	8
2206	8
2207	8
2208	6
2209	8
2210	8
2211	8
2212	8
2213	8
2214	8
2215	6
2216	6
2217	8
2218	8
2219	8
2220	8
2221	8
2222	6
2223	6
2224	8
2225	8
2226	8
2227	8
2228	6
2229	6
2230	6
2231	6
2232	8
2233	6
2234	6
2235	8
2236	6
2237	6
2238	6
2239	8
2240	8
2241	6
2242	6
2243	6
2244	6
2245	6
2246	8
2247	6
2248	6
2249	8
2250	8
2251	8
2252	8
2253	6
2254	6
2255	6
2256	6
2257	8
2258	6
2259	8
2260	8
2261	6
2262	8
2263	8
2264	8
2265	8
2266	6
2267	8
2268	8
2269	6
2270	6
2271	8
2272	8
2273	8
2274	8
2275	8
2276	8
2277	6
2278	8
2279	6
2280	8
2281	8
2282	6
2283	6
2284	4
2285	4
2286	8
2287	8
2288	8
2289	8
2290	8
2291	8
2292	8
2293	8
2294	6
2295	8
2296	8
2297	6
2298	6
2299	6
2300	6
2301	8
2302	6
2303	6
2304	6
2305	8
2306	8
2307	8
2308	8
2309	4
2310	4
2311	4
2312	13
2313	13
2314	13
2315	13
2316	13
2317	13
2318	13
2319	13
2320	13
2321	13
2322	13
2323	13
2324	13
2325	13
2326	13
2327	13
2328	13
2329	13
2330	5
2331	5
2332	5
2333	5
2334	5
2335	5
2336	5
2337	5
2338	5
2339	5
2340	5
2341	5
2342	5
2343	5
2344	5
2345	5
2346	13
2347	13
2348	13
2349	13
2350	13
2351	13
2352	13
2353	13
2354	13
2355	13
2356	13
2357	13
2358	13
2359	13
2360	13
2361	13
2362	13
2363	13
2364	13
2365	13
2366	6
2367	6
2368	6
2369	6
2370	6
2371	6
2372	6
2373	6
2374	6
2375	6
2376	6
2377	6
2378	6
2379	6
2380	6
2381	6
2382	6
2383	6
2384	6
2385	6
2386	6
2387	6
2388	11
2389	11
2390	6
2391	6
2392	6
2393	6
2394	6
2395	6
2396	6
2397	6
2398	11
2399	11
2400	6
2401	6
2402	6
2403	6
2404	6
2405	6
2406	6
2407	6
2408	11
2409	6
2410	6
2411	6
2412	6
2413	6
2414	6
2415	10
2416	10
2417	10
2418	10
2419	10
2420	10
2421	10
2422	10
2423	10
2424	10
2425	9
2426	10
2427	10
2428	10
2429	10
2430	10
2431	10
2432	10
2433	10
2434	10
2435	10
2436	10
2437	10
2438	10
2439	10
2440	10
2441	10
2442	10
2443	10
2444	10
2445	10
2446	10
2447	10
2448	10
2449	9
2450	9
2451	9
2452	9
2453	9
2454	9
2455	9
2456	9
2457	9
2458	9
2459	9
2460	10
2461	10
2462	9
2463	9
2464	9
2465	10
2466	10
2467	9
2468	9
2469	9
2470	9
2471	9
2472	9
2473	10
2474	10
2475	9
2476	9
2477	9
2478	9
2479	9
2480	9
2481	9
2482	9
2483	9
2484	9
2485	9
2486	9
2487	9
2488	9
2489	9
2490	9
2491	9
2492	9
2493	9
2494	9
2495	9
2496	10
2497	10
2498	10
2499	10
2500	9
2501	9
2502	10
2503	10
2504	10
2505	10
2506	10
2507	10
2508	10
2509	10
2510	10
2511	10
2512	10
2513	10
2514	10
2515	9
2516	10
2517	10
2518	9
2519	10
2520	9
2521	10
2522	10
2523	10
2524	10
2525	10
2526	9
2527	10
2528	10
2529	10
2530	10
2531	10
2532	10
2533	10
2534	10
2535	10
2536	10
2537	10
2538	10
2539	10
2540	10
2541	10
2542	10
2543	10
2544	10
2545	10
2546	10
2547	10
2548	10
2549	10
2550	10
2551	10
2552	10
2553	10
2554	10
2555	10
2556	10
2557	10
2558	10
2559	10
2560	10
2561	10
2562	10
2563	10
2564	10
2565	10
2566	10
2567	10
2568	10
2569	10
2570	10
2571	10
2572	10
2573	10
2574	10
2575	9
2576	9
2577	10
2578	9
2579	10
2580	10
2581	10
2582	10
2583	9
2584	10
2585	10
2586	9
2587	10
2588	10
2589	10
2590	10
2591	10
2592	10
2593	10
2594	10
2595	10
2596	10
2597	10
2598	10
2599	10
2600	9
2601	10
2602	10
2603	10
2604	10
2605	10
2606	4
2607	4
2608	4
2609	4
2610	4
2611	4
2612	4
2613	4
2614	4
2615	4
2616	4
2617	4
2618	4
2619	4
2620	4
2621	4
2622	4
2623	4
2624	4
2625	4
2626	4
2627	4
2628	4
2629	4
2630	4
2631	4
2632	4
2633	4
2634	4
2635	4
2636	4
2637	4
2638	4
2639	4
2640	7
2641	7
2642	7
2643	7
2644	7
2645	7
2646	7
2647	7
2648	7
2649	7
2650	7
2651	7
2652	7
2653	7
2654	7
2655	7
2656	7
2657	7
2658	7
2659	7
2660	7
2661	7
2662	7
2663	7
2664	7
2665	7
2666	7
2667	7
2668	7
2669	7
2670	7
2671	7
2672	7
2673	7
2674	7
2675	7
2676	7
2677	7
2678	7
2679	7
2680	7
2681	7
2682	7
2683	7
2684	7
2685	7
2686	7
2687	7
2688	5
2689	5
2690	5
2691	5
315	2
1657	11
