0	5
1	5
2	5
3	5
4	5
5	5
6	5
7	11
8	11
9	11
10	11
11	11
12	11
13	11
14	11
15	11
16	11
17	11
18	11
19	11
20	11
21	9
22	9
23	9
24	9
25	9
26	9
27	9
28	9
29	8
30	8
31	8
32	8
33	8
34	8
35	8
36	8
37	8
38	8
39	8
40	8
41	8
42	8
43	8
44	8
45	8
46	8
47	8
48	8
49	8
50	8
51	8
52	8
53	12
54	12
55	12
56	12
57	12
58	8
59	8
60	8
61	8
62	8
63	8
64	8
65	12
66	12
67	12
68	12
69	12
70	12
71	9
72	9
73	9
74	9
75	8
76	8
77	8
78	8
79	8
80	8
81	8
82	8
83	3
84	3
85	3
86	3
87	3
88	3
89	3
90	3
91	3
92	3
93	3
94	3
95	3
96	11
97	11
98	11
99	11
100	11
101	11
102	11
103	11
104	11
105	11
106	11
107	11
108	11
109	11
110	11
111	11
112	11
113	11
114	11
115	11
116	11
117	11
118	11
119	11
120	11
121	11
122	11
123	11
124	11
125	11
126	11
127	11
128	11
129	6
130	6
131	6
132	10
133	6
134	6
135	6
136	6
137	6
138	6
139	10
140	6
141	10
142	10
143	6
144	6
145	6
146	6
147	6
148	6
149	6
150	6
151	6
152	6
153	6
154	10
155	10
156	10
157	10
158	10
159	10
160	10
161	10
162	10
163	6
164	6
165	10
166	1
167	1
168	1
169	1
170	1
171	1
172	1
173	1
174	1
175	1
176	1
177	1
178	1
179	1
180	1
181	1
182	1
183	8
184	8
185	8
186	8
187	8
188	8
189	8
190	8
191	8
192	8
193	8
194	8
195	8
196	8
197	8
198	8
199	8
200	8
201	8
202	8
203	8
204	8
205	8
206	8
207	8
208	9
209	9
210	9
211	9
212	9
213	9
214	9
215	9
216	9
217	9
218	9
219	9
220	9
221	9
222	9
223	9
224	9
225	9
226	9
227	9
228	9
229	9
230	9
231	9
232	9
233	9
234	9
235	9
236	9
237	9
238	9
239	9
240	9
241	9
242	9
243	9
244	9
245	9
246	9
247	9
248	8
249	8
250	8
251	8
252	8
253	8
254	8
255	8
256	8
257	8
258	8
259	8
260	8
261	6
262	6
263	6
264	6
265	6
266	6
267	6
268	6
269	6
270	6
271	6
272	6
273	6
274	6
275	6
276	6
277	6
278	6
279	6
280	6
281	6
282	6
283	6
284	6
285	6
286	6
287	6
288	6
289	6
290	6
291	6
292	6
293	6
294	6
295	6
296	6
297	6
298	6
299	6
300	6
301	6
302	8
303	8
304	8
305	8
306	4
307	4
308	4
309	4
310	4
311	4
312	4
313	4
314	4
316	11
317	11
318	11
319	11
320	11
321	11
322	11
323	11
324	11
325	11
326	11
327	11
328	11
329	11
330	11
331	4
332	4
333	4
334	4
335	4
336	4
337	11
338	11
339	11
340	4
341	4
342	4
343	4
344	4
345	4
346	4
347	4
348	4
349	4
350	4
351	4
352	4
353	4
354	4
355	4
356	3
357	3
358	3
359	3
360	3
361	3
362	3
363	3
364	3
365	3
366	3
367	3
368	3
369	4
370	4
371	4
372	4
373	4
374	4
375	4
376	4
377	4
378	4
379	4
380	4
381	4
382	4
383	4
384	4
385	4
386	4
387	4
388	4
389	11
390	11
391	11
392	11
393	11
394	4
395	4
396	4
397	4
398	11
399	11
400	11
401	11
402	11
403	9
404	9
405	9
406	9
407	9
408	6
409	5
410	5
411	5
412	5
413	5
414	5
415	5
416	5
417	5
418	5
419	5
420	5
421	5
422	5
423	5
424	5
425	1
426	1
427	1
428	1
429	1
430	1
431	1
432	1
433	5
434	5
435	5
436	5
437	5
438	5
439	5
440	5
441	5
442	5
443	5
444	5
445	5
446	1
447	1
448	1
449	1
450	1
451	5
452	5
453	5
454	1
455	1
456	1
457	5
458	5
459	5
460	5
461	5
462	5
463	1
464	1
465	1
466	1
467	1
468	1
469	1
470	1
471	1
472	1
473	5
474	5
475	6
476	6
477	1
478	1
479	1
480	1
481	1
482	1
483	1
484	9
485	9
486	1
487	1
488	1
489	6
490	6
491	6
492	6
493	6
494	6
495	1
496	1
497	1
498	9
499	1
500	1
501	1
502	9
503	1
504	1
505	1
506	6
507	9
508	9
509	9
510	9
511	9
512	9
513	9
514	9
515	9
516	9
517	9
518	9
519	9
520	9
521	9
522	2
523	2
524	2
525	2
526	5
527	5
528	2
529	2
530	2
531	2
532	2
533	2
534	2
535	2
536	2
537	2
538	5
539	5
540	5
541	5
542	5
543	5
544	5
545	5
546	5
547	5
548	5
549	5
550	5
551	5
552	5
553	5
554	5
555	5
556	5
557	5
558	5
559	9
560	9
561	9
562	9
563	9
564	9
565	5
566	5
567	5
568	5
569	5
570	2
571	2
572	2
573	2
574	2
575	2
576	2
577	2
578	2
579	2
580	2
581	5
582	5
583	5
584	5
585	5
586	5
587	6
588	9
589	9
590	6
591	6
592	9
593	9
594	9
595	9
596	6
597	9
598	6
599	9
600	9
601	9
602	9
603	8
604	8
605	8
606	8
607	8
608	8
609	8
610	8
611	8
612	8
613	8
614	8
615	8
616	8
617	9
618	9
619	9
620	6
621	6
622	6
623	6
624	6
625	6
626	6
627	6
628	9
629	9
630	9
631	9
632	9
633	6
634	6
635	9
636	9
637	6
638	6
639	8
640	8
641	8
642	8
643	8
644	8
645	8
646	8
647	8
648	8
649	8
650	8
651	8
652	8
653	8
654	8
655	8
656	8
657	1
658	1
659	1
660	1
661	5
662	5
663	5
664	5
665	5
666	5
667	5
668	5
669	5
670	6
671	6
672	6
673	6
674	6
675	6
676	6
677	6
678	6
679	6
680	5
681	5
682	5
683	5
684	5
685	5
686	5
687	5
688	5
689	5
690	5
691	5
692	5
693	5
694	5
695	5
696	5
697	6
698	6
699	6
700	6
701	6
702	6
703	6
704	6
705	6
706	6
707	6
708	6
709	6
710	6
711	6
712	6
713	6
714	5
715	5
716	9
717	9
718	6
719	6
720	6
721	9
722	9
723	9
724	9
725	9
726	9
727	9
728	9
729	9
730	9
731	9
732	11
733	11
734	11
735	11
736	11
737	1
738	1
739	1
740	1
741	1
742	1
743	1
744	1
745	11
746	11
747	11
748	11
749	11
750	11
751	11
752	11
753	11
754	11
755	11
756	11
757	11
758	11
759	11
760	11
761	11
762	11
763	11
764	11
765	11
766	1
767	1
768	1
769	1
770	11
771	11
772	1
773	1
774	1
775	1
776	1
777	1
778	1
779	1
780	1
781	1
782	1
783	1
784	1
785	9
786	1
787	1
788	1
789	1
790	1
791	9
792	9
793	9
794	9
795	9
796	9
797	9
798	9
799	9
800	9
801	1
802	1
803	1
804	1
805	9
806	9
807	9
808	1
809	1
810	1
811	12
812	13
813	12
814	12
815	12
816	13
817	12
818	13
819	13
820	13
821	12
822	13
823	12
824	13
825	13
826	13
827	13
828	13
829	13
830	12
831	12
832	13
833	13
834	12
835	12
836	12
837	12
838	12
839	13
840	12
841	13
842	12
843	12
844	12
845	13
846	12
847	13
848	13
849	13
850	13
851	13
852	12
853	12
854	12
855	13
856	13
857	13
858	8
859	8
860	8
861	8
862	8
863	8
864	8
865	8
866	8
867	8
868	8
869	8
870	8
871	12
872	12
873	13
874	12
875	12
876	12
877	13
878	13
879	13
880	13
881	12
882	12
883	12
884	12
885	12
886	12
887	12
888	13
889	13
890	13
891	13
892	13
893	12
894	12
895	12
896	12
897	13
898	13
899	13
900	13
901	13
902	12
903	12
904	12
905	12
906	13
907	13
908	13
909	13
910	13
911	13
912	13
913	13
914	12
915	12
916	13
917	12
918	13
919	13
920	13
921	13
922	13
923	13
924	13
925	12
926	13
927	12
928	12
929	12
930	12
931	12
932	13
933	13
934	13
935	12
936	12
937	12
938	13
939	13
940	13
941	13
942	12
943	13
944	13
945	13
946	12
947	12
948	12
949	12
950	13
951	13
952	13
953	13
954	13
955	13
956	13
957	12
958	12
959	12
960	13
961	13
962	13
963	12
964	12
965	12
966	13
967	13
968	13
969	12
970	13
971	13
972	12
973	12
974	13
975	13
976	12
977	12
978	13
979	13
980	13
981	13
982	12
983	12
984	12
985	1
986	1
987	1
988	1
989	1
990	1
991	1
992	1
993	1
994	1
995	1
996	1
997	1
998	1
999	1
1000	1
1001	1
1002	1
1003	1
1004	1
1005	1
1006	1
1007	12
1008	12
1009	1
1010	12
1011	12
1012	12
1013	12
1014	12
1015	12
1016	12
1017	12
1018	12
1019	12
1020	12
1021	12
1022	12
1023	12
1024	12
1025	12
1026	12
1027	12
1028	12
1029	12
1030	12
1031	12
1032	12
1033	12
1034	12
1035	11
1036	11
1037	11
1038	12
1039	12
1040	12
1041	12
1042	12
1043	12
1044	12
1045	12
1046	12
1047	11
1048	12
1049	12
1050	11
1051	12
1052	12
1053	12
1054	12
1055	11
1056	11
1057	12
1058	12
1059	12
1060	12
1061	12
1062	12
1063	11
1064	12
1065	11
1066	11
1067	11
1068	12
1069	12
1070	12
1071	12
1072	12
1073	12
1074	12
1075	8
1076	8
1077	8
1078	8
1079	8
1080	8
1081	8
1082	8
1083	8
1084	8
1085	8
1086	8
1087	6
1088	6
1089	6
1090	6
1091	6
1092	6
1093	6
1094	9
1095	9
1096	9
1097	9
1098	9
1099	9
1100	9
1101	9
1102	9
1103	9
1104	9
1105	9
1106	9
1107	13
1108	13
1109	13
1110	13
1111	13
1112	13
1113	13
1114	13
1115	4
1116	13
1117	13
1118	13
1119	4
1120	13
1121	13
1122	13
1123	13
1124	13
1125	13
1126	13
1127	13
1128	13
1129	13
1130	13
1131	13
1132	13
1133	13
1134	4
1135	4
1136	13
1137	13
1138	13
1139	13
1140	13
1141	4
1142	4
1143	13
1144	13
1145	13
1146	13
1147	13
1148	4
1149	13
1150	4
1151	13
1152	13
1153	13
1154	9
1155	9
1156	9
1157	9
1158	9
1159	9
1160	9
1161	9
1162	9
1163	9
1164	9
1165	9
1166	9
1167	9
1168	9
1169	12
1170	12
1171	12
1172	12
1173	12
1174	12
1175	12
1176	12
1177	12
1178	12
1179	12
1180	12
1181	12
1182	12
1183	12
1184	12
1185	12
1186	12
1187	12
1188	12
1189	12
1190	12
1191	12
1192	12
1193	12
1194	12
1195	12
1196	12
1197	12
1198	12
1199	12
1200	4
1201	4
1202	4
1203	13
1204	13
1205	4
1206	4
1207	4
1208	13
1209	4
1210	4
1211	4
1212	4
1213	13
1214	4
1215	4
1216	4
1217	13
1218	4
1219	4
1220	4
1221	4
1222	13
1223	4
1224	13
1225	13
1226	4
1227	13
1228	13
1229	4
1230	13
1231	4
1232	4
1233	4
1234	4
1235	13
1236	4
1237	4
1238	4
1239	13
1240	6
1241	6
1242	6
1243	6
1244	6
1245	6
1246	6
1247	6
1248	6
1249	6
1250	6
1251	6
1252	6
1253	8
1254	8
1255	8
1256	8
1257	8
1258	6
1259	6
1260	6
1261	6
1262	6
1263	6
1264	8
1265	8
1266	8
1267	8
1268	8
1269	8
1270	8
1271	8
1272	8
1273	8
1274	8
1275	8
1276	8
1277	8
1278	9
1279	9
1280	9
1281	6
1282	6
1283	6
1284	8
1285	8
1286	8
1287	8
1288	10
1289	9
1290	9
1291	9
1292	10
1293	9
1294	10
1295	10
1296	9
1297	10
1298	9
1299	10
1300	9
1301	10
1302	10
1303	8
1304	8
1305	8
1306	8
1307	8
1308	8
1309	8
1310	8
1311	8
1312	8
1313	8
1314	13
1315	13
1316	13
1317	13
1318	13
1319	13
1320	13
1321	13
1322	13
1323	13
1324	13
1325	13
1326	13
1327	13
1328	13
1329	13
1330	13
1331	13
1332	13
1333	13
1334	13
1335	13
1336	13
1337	13
1338	13
1339	13
1340	13
1341	13
1342	13
1343	13
1344	13
1345	13
1346	8
1347	8
1348	8
1349	8
1350	8
1351	8
1352	8
1353	8
1354	8
1355	8
1356	8
1357	8
1358	8
1359	8
1360	8
1361	8
1362	8
1363	4
1364	4
1365	4
1366	4
1367	4
1368	4
1369	4
1370	4
1371	4
1372	4
1373	4
1374	4
1375	4
1376	4
1377	4
1378	4
1379	4
1380	4
1381	9
1382	9
1383	9
1384	9
1385	9
1386	9
1387	9
1388	9
1389	9
1390	9
1391	9
1392	9
1393	9
1394	9
1395	9
1396	9
1397	5
1398	8
1399	8
1400	8
1401	8
1402	8
1403	8
1404	5
1405	8
1406	8
1407	8
1408	8
1409	8
1410	8
1411	8
1412	8
1413	8
1414	8
1415	8
1416	8
1417	8
1418	5
1419	8
1420	8
1421	8
1422	5
1423	8
1424	8
1425	5
1426	5
1427	8
1428	2
1429	2
1430	2
1431	2
1432	2
1433	2
1434	2
1435	2
1436	2
1437	2
1438	2
1439	2
1440	2
1441	11
1442	11
1443	11
1444	11
1445	11
1446	11
1447	11
1448	11
1449	11
1450	11
1451	11
1452	11
1453	11
1454	11
1455	2
1456	2
1457	2
1458	2
1459	2
1460	2
1461	2
1462	2
1463	2
1464	2
1465	9
1466	9
1467	9
1468	9
1469	6
1470	9
1471	9
1472	6
1473	6
1474	9
1475	9
1476	9
1477	9
1478	9
1479	9
1480	9
1481	9
1482	9
1483	9
1484	9
1485	9
1486	9
1487	6
1488	9
1489	11
1490	11
1491	11
1492	11
1493	11
1494	11
1495	11
1496	11
1497	11
1498	11
1499	11
1500	11
1501	5
1502	5
1503	5
1504	5
1505	5
1506	5
1507	5
1508	5
1509	5
1510	5
1511	5
1512	5
1513	5
1514	5
1515	5
1516	5
1517	5
1518	5
1519	5
1520	5
1521	5
1522	5
1523	5
1524	5
1525	5
1526	5
1527	5
1528	5
1529	1
1530	1
1531	1
1532	1
1533	1
1534	1
1535	1
1536	1
1537	1
1538	1
1539	1
1540	1
1541	1
1542	1
1543	1
1544	1
1545	1
1546	1
1547	1
1548	1
1549	1
1550	1
1551	1
1552	3
1553	3
1554	3
1555	3
1556	3
1557	3
1558	3
1559	3
1560	3
1561	3
1562	3
1563	3
1564	3
1565	3
1566	3
1567	3
1568	3
1569	3
1570	3
1571	3
1572	3
1573	3
1574	3
1575	3
1576	11
1577	11
1578	11
1579	11
1580	11
1581	11
1582	11
1583	11
1584	11
1585	11
1586	11
1587	11
1588	11
1589	11
1590	11
1591	11
1592	11
1593	8
1594	8
1595	8
1596	8
1597	8
1598	8
1599	8
1600	8
1601	8
1602	2
1603	2
1604	2
1605	2
1606	2
1607	2
1608	2
1609	2
1610	2
1611	2
1612	2
1613	2
1614	2
1615	2
1616	2
1617	2
1618	9
1619	9
1620	9
1621	9
1622	9
1623	9
1624	9
1625	9
1626	9
1627	9
1628	9
1629	13
1630	13
1631	13
1632	13
1633	13
1634	13
1635	13
1636	13
1637	13
1638	13
1639	13
1640	13
1641	13
1642	13
1643	13
1644	9
1645	9
1646	9
1647	9
1648	9
1649	13
1650	13
1651	13
1652	13
1653	13
1654	13
1655	13
1656	13
1658	13
1659	13
1660	13
1661	13
1662	13
1663	13
1664	13
1665	13
1666	13
1667	11
1668	11
1669	13
1670	13
1671	13
1672	13
1673	9
1674	13
1675	13
1676	13
1677	9
1678	6
1679	6
1680	6
1681	6
1682	6
1683	6
1684	6
1685	11
1686	11
1687	11
1688	11
1689	11
1690	11
1691	11
1692	11
1693	11
1694	11
1695	11
1696	11
1697	11
1698	11
1699	11
1700	11
1701	11
1702	11
1703	7
1704	7
1705	11
1706	11
1707	11
1708	11
1709	11
1710	11
1711	11
1712	11
1713	9
1714	9
1715	9
1716	9
1717	9
1718	9
1719	9
1720	9
1721	9
1722	9
1723	9
1724	9
1725	11
1726	11
1727	11
1728	9
1729	11
1730	11
1731	11
1732	11
1733	11
1734	11
1735	11
1736	5
1737	5
1738	11
1739	11
1740	5
1741	11
1742	7
1743	5
1744	7
1745	7
1746	5
1747	5
1748	7
1749	5
1750	5
1751	5
1752	5
1753	5
1754	5
1755	5
1756	5
1757	9
1758	9
1759	9
1760	9
1761	5
1762	7
1763	7
1764	7
1765	7
1766	5
1767	7
1768	7
1769	5
1770	5
1771	5
1772	5
1773	5
1774	9
1775	9
1776	9
1777	9
1778	9
1779	9
1780	9
1781	9
1782	9
1783	9
1784	9
1785	9
1786	9
1787	5
1788	7
1789	7
1790	5
1791	5
1792	5
1793	7
1794	5
1795	9
1796	9
1797	9
1798	9
1799	7
1800	5
1801	5
1802	7
1803	7
1804	7
1805	7
1806	7
1807	7
1808	7
1809	11
1810	11
1811	11
1812	11
1813	2
1814	11
1815	11
1816	11
1817	11
1818	11
1819	11
1820	11
1821	2
1822	11
1823	2
1824	2
1825	11
1826	11
1827	11
1828	11
1829	11
1830	9
1831	9
1832	9
1833	9
1834	9
1835	2
1836	2
1837	9
1838	11
1839	11
1840	3
1841	3
1842	3
1843	3
1844	3
1845	11
1846	2
1847	11
1848	11
1849	11
1850	2
1851	11
1852	2
1853	2
1854	11
1855	2
1856	11
1857	9
1858	9
1859	9
1860	9
1861	9
1862	9
1863	2
1864	2
1865	2
1866	2
1867	2
1868	11
1869	2
1870	11
1871	11
1872	1
1873	1
1874	6
1875	1
1876	1
1877	1
1878	1
1879	1
1880	6
1881	6
1882	1
1883	6
1884	6
1885	6
1886	6
1887	1
1888	1
1889	1
1890	1
1891	6
1892	6
1893	1
1894	1
1895	8
1896	8
1897	5
1898	12
1899	12
1900	12
1901	12
1902	12
1903	12
1904	8
1905	8
1906	8
1907	8
1908	8
1909	8
1910	8
1911	8
1912	8
1913	8
1914	8
1915	8
1916	12
1917	12
1918	12
1919	12
1920	12
1921	12
1922	12
1923	12
1924	5
1925	5
1926	8
1927	8
1928	5
1929	8
1930	5
1931	8
1932	8
1933	8
1934	8
1935	8
1936	8
1937	5
1938	8
1939	8
1940	5
1941	8
1942	8
1943	8
1944	8
1945	8
1946	8
1947	8
1948	8
1949	8
1950	8
1951	5
1952	5
1953	8
1954	8
1955	8
1956	8
1957	5
1958	8
1959	5
1960	8
1961	8
1962	8
1963	8
1964	8
1965	5
1966	8
1967	8
1968	8
1969	8
1970	8
1971	8
1972	5
1973	8
1974	8
1975	8
1976	3
1977	3
1978	3
1979	1
1980	3
1981	1
1982	1
1983	3
1984	1
1985	1
1986	1
1987	3
1988	3
1989	3
1990	3
1991	1
1992	3
1993	3
1994	3
1995	1
1996	3
1997	3
1998	3
1999	3
2000	3
2001	3
2002	3
2003	3
2004	3
2005	3
2006	3
2007	3
2008	3
2009	1
2010	3
2011	1
2012	1
2013	3
2014	3
2015	3
2016	3
2017	6
2018	6
2019	6
2020	6
2021	6
2022	6
2023	6
2024	1
2025	6
2026	6
2027	6
2028	6
2029	6
2030	1
2031	1
2032	1
2033	1
2034	1
2035	1
2036	1
2037	1
2038	9
2039	9
2040	9
2041	9
2042	9
2043	6
2044	6
2045	6
2046	1
2047	1
2048	9
2049	9
2050	6
2051	1
2052	1
2053	1
2054	1
2055	1
2056	1
2057	1
2058	2
2059	2
2060	2
2061	2
2062	3
2063	2
2064	3
2065	3
2066	3
2067	2
2068	6
2069	6
2070	6
2071	6
2072	6
2073	9
2074	6
2075	6
2076	6
2077	9
2078	9
2079	6
2080	9
2081	6
2082	6
2083	6
2084	6
2085	6
2086	6
2087	6
2088	6
2089	11
2090	11
2091	11
2092	11
2093	11
2094	11
2095	11
2096	5
2097	5
2098	5
2099	5
2100	5
2101	5
2102	5
2103	5
2104	5
2105	5
2106	5
2107	5
2108	5
2109	5
2110	5
2111	5
2112	5
2113	2
2114	7
2115	7
2116	7
2117	7
2118	2
2119	2
2120	7
2121	7
2122	2
2123	2
2124	6
2125	7
2126	7
2127	7
2128	7
2129	7
2130	2
2131	7
2132	7
2133	2
2134	2
2135	7
2136	2
2137	2
2138	2
2139	7
2140	2
2141	7
2142	2
2143	2
2144	2
2145	2
2146	2
2147	2
2148	2
2149	2
2150	7
2151	7
2152	7
2153	7
2154	7
2155	7
2156	2
2157	7
2158	7
2159	2
2160	7
2161	7
2162	7
2163	7
2164	7
2165	7
2166	7
2167	2
2168	7
2169	7
2170	7
2171	7
2172	7
2173	7
2174	2
2175	2
2176	2
2177	2
2178	7
2179	7
2180	7
2181	7
2182	7
2183	7
2184	7
2185	7
2186	7
2187	7
2188	2
2189	7
2190	7
2191	7
2192	7
2193	7
2194	2
2195	7
2196	2
2197	2
2198	7
2199	2
2200	7
2201	2
2202	2
2203	7
2204	7
2205	7
2206	7
2207	7
2208	7
2209	7
2210	7
2211	2
2212	7
2213	7
2214	7
2215	2
2216	2
2217	7
2218	7
2219	7
2220	7
2221	7
2222	2
2223	2
2224	7
2225	7
2226	7
2227	7
2228	2
2229	2
2230	7
2231	7
2232	7
2233	2
2234	2
2235	7
2236	2
2237	2
2238	2
2239	7
2240	7
2241	2
2242	2
2243	2
2244	2
2245	2
2246	7
2247	7
2248	7
2249	7
2250	7
2251	7
2252	7
2253	2
2254	2
2255	2
2256	7
2257	7
2258	7
2259	7
2260	7
2261	7
2262	7
2263	7
2264	7
2265	7
2266	2
2267	7
2268	7
2269	2
2270	2
2271	2
2272	7
2273	2
2274	7
2275	7
2276	7
2277	2
2278	2
2279	2
2280	7
2281	7
2282	2
2283	2
2284	6
2285	6
2286	7
2287	7
2288	7
2289	7
2290	7
2291	7
2292	7
2293	7
2294	7
2295	7
2296	7
2297	2
2298	2
2299	2
2300	2
2301	7
2302	2
2303	2
2304	2
2305	7
2306	7
2307	7
2308	7
2309	6
2310	6
2311	6
2312	12
2313	12
2314	12
2315	12
2316	12
2317	12
2318	12
2319	12
2320	12
2321	12
2322	12
2323	12
2324	12
2325	12
2326	12
2327	12
2328	12
2329	12
2330	8
2331	8
2332	8
2333	8
2334	8
2335	8
2336	8
2337	8
2338	8
2339	8
2340	8
2341	8
2342	8
2343	8
2344	8
2345	8
2346	12
2347	12
2348	12
2349	12
2350	12
2351	12
2352	12
2353	12
2354	12
2355	12
2356	12
2357	12
2358	12
2359	12
2360	12
2361	12
2362	12
2363	12
2364	12
2365	12
2366	2
2367	2
2368	2
2369	2
2370	2
2371	2
2372	2
2373	2
2374	2
2375	2
2376	2
2377	2
2378	2
2379	2
2380	2
2381	2
2382	2
2383	2
2384	2
2385	2
2386	2
2387	2
2388	2
2389	2
2390	2
2391	2
2392	2
2393	2
2394	2
2395	2
2396	2
2397	2
2398	2
2399	2
2400	2
2401	2
2402	2
2403	2
2404	2
2405	2
2406	2
2407	2
2408	2
2409	2
2410	2
2411	2
2412	2
2413	2
2414	2
2415	4
2416	4
2417	4
2418	4
2419	10
2420	10
2421	10
2422	10
2423	4
2424	10
2425	4
2426	10
2427	10
2428	10
2429	10
2430	10
2431	10
2432	10
2433	10
2434	10
2435	4
2436	4
2437	10
2438	10
2439	10
2440	10
2441	10
2442	10
2443	10
2444	4
2445	10
2446	10
2447	10
2448	4
2449	10
2450	10
2451	10
2452	10
2453	4
2454	4
2455	4
2456	4
2457	4
2458	4
2459	4
2460	10
2461	10
2462	4
2463	4
2464	4
2465	10
2466	10
2467	4
2468	4
2469	4
2470	4
2471	4
2472	4
2473	10
2474	10
2475	4
2476	4
2477	4
2478	4
2479	4
2480	4
2481	4
2482	4
2483	4
2484	4
2485	4
2486	4
2487	4
2488	4
2489	4
2490	4
2491	10
2492	4
2493	4
2494	4
2495	10
2496	10
2497	10
2498	10
2499	10
2500	4
2501	4
2502	10
2503	4
2504	10
2505	10
2506	4
2507	4
2508	10
2509	10
2510	10
2511	10
2512	10
2513	10
2514	10
2515	10
2516	10
2517	10
2518	10
2519	10
2520	10
2521	10
2522	10
2523	10
2524	10
2525	10
2526	4
2527	10
2528	10
2529	10
2530	10
2531	10
2532	10
2533	10
2534	10
2535	10
2536	10
2537	10
2538	10
2539	10
2540	10
2541	10
2542	10
2543	10
2544	10
2545	10
2546	10
2547	10
2548	10
2549	10
2550	10
2551	10
2552	10
2553	10
2554	10
2555	10
2556	10
2557	10
2558	10
2559	4
2560	10
2561	10
2562	10
2563	10
2564	10
2565	10
2566	10
2567	10
2568	10
2569	10
2570	10
2571	10
2572	10
2573	10
2574	10
2575	10
2576	10
2577	10
2578	10
2579	10
2580	10
2581	10
2582	10
2583	10
2584	10
2585	4
2586	4
2587	10
2588	10
2589	10
2590	10
2591	10
2592	10
2593	10
2594	4
2595	4
2596	4
2597	4
2598	4
2599	4
2600	10
2601	10
2602	10
2603	10
2604	10
2605	10
2606	6
2607	6
2608	6
2609	6
2610	6
2611	6
2612	6
2613	6
2614	6
2615	6
2616	6
2617	6
2618	6
2619	6
2620	6
2621	6
2622	6
2623	6
2624	6
2625	6
2626	6
2627	6
2628	6
2629	6
2630	6
2631	6
2632	6
2633	6
2634	6
2635	6
2636	6
2637	6
2638	6
2639	6
2640	3
2641	3
2642	3
2643	3
2644	3
2645	3
2646	3
2647	3
2648	3
2649	3
2650	3
2651	3
2652	3
2653	3
2654	3
2655	3
2656	3
2657	1
2658	3
2659	3
2660	3
2661	3
2662	3
2663	3
2664	3
2665	3
2666	3
2667	3
2668	3
2669	3
2670	3
2671	3
2672	3
2673	3
2674	3
2675	3
2676	3
2677	3
2678	3
2679	3
2680	3
2681	3
2682	3
2683	3
2684	3
2685	3
2686	3
2687	3
2688	8
2689	8
2690	8
2691	8
315	11
1657	13
