0	2
1	2
2	2
3	2
4	2
5	2
6	2
7	9
8	9
9	9
10	9
11	9
12	9
13	9
14	9
15	9
16	9
17	9
18	8
19	8
20	3
21	10
22	10
23	10
24	10
25	10
26	10
27	10
28	10
29	8
30	8
31	8
32	8
33	8
34	8
35	8
36	8
37	8
38	8
39	8
40	8
41	8
42	8
43	8
44	8
45	8
46	8
47	8
48	8
49	2
50	2
51	2
52	2
53	6
54	6
55	6
56	6
57	6
58	2
59	2
60	2
61	2
62	2
63	2
64	2
65	6
66	6
67	6
68	6
69	6
70	6
71	10
72	10
73	10
74	10
75	2
76	2
77	2
78	2
79	2
80	2
81	2
82	2
83	12
84	12
85	12
86	12
87	12
88	12
89	12
90	12
91	12
92	12
93	12
94	12
95	12
96	9
97	9
98	9
99	9
100	9
101	9
102	9
103	9
104	9
105	9
106	9
107	9
108	9
109	9
110	9
111	9
112	9
113	9
114	9
115	9
116	9
117	9
118	9
119	9
120	9
121	9
122	9
123	9
124	9
125	9
126	9
127	9
128	9
129	12
130	13
131	13
132	13
133	12
134	12
135	13
136	13
137	13
138	12
139	13
140	12
141	13
142	12
143	13
144	12
145	12
146	12
147	12
148	12
149	12
150	12
151	12
152	12
153	12
154	13
155	13
156	13
157	13
158	13
159	13
160	13
161	13
162	12
163	12
164	12
165	13
166	11
167	11
168	11
169	11
170	11
171	11
172	11
173	11
174	11
175	11
176	11
177	11
178	11
179	11
180	11
181	11
182	11
183	2
184	2
185	2
186	2
187	2
188	2
189	2
190	2
191	2
192	2
193	2
194	2
195	2
196	2
197	2
198	2
199	2
200	2
201	2
202	2
203	2
204	2
205	2
206	2
207	2
208	10
209	10
210	4
211	10
212	10
213	10
214	10
215	4
216	10
217	10
218	4
219	10
220	10
221	10
222	10
223	10
224	10
225	10
226	10
227	10
228	10
229	10
230	10
231	10
232	10
233	10
234	10
235	10
236	10
237	10
238	10
239	10
240	10
241	10
242	10
243	10
244	10
245	10
246	10
247	10
248	2
249	2
250	2
251	2
252	2
253	2
254	2
255	2
256	2
257	2
258	2
259	2
260	2
261	1
262	1
263	1
264	1
265	1
266	1
267	1
268	10
269	10
270	1
271	1
272	1
273	1
274	1
275	1
276	1
277	1
278	10
279	10
280	10
281	10
282	10
283	10
284	10
285	1
286	1
287	1
288	10
289	1
290	1
291	10
292	10
293	10
294	1
295	10
296	1
297	1
298	10
299	1
300	1
301	1
302	2
303	2
304	2
305	2
306	6
307	4
308	4
309	6
310	6
311	6
312	4
313	4
314	6
316	8
317	8
318	8
319	8
320	8
321	8
322	8
323	8
324	8
325	8
326	8
327	8
328	8
329	8
330	8
331	4
332	4
333	4
334	4
335	4
336	6
337	8
338	8
339	8
340	4
341	4
342	4
343	4
344	4
345	4
346	4
347	6
348	4
349	4
350	6
351	4
352	4
353	6
354	4
355	6
356	12
357	12
358	12
359	12
360	12
361	12
362	12
363	12
364	12
365	12
366	12
367	12
368	12
369	6
370	4
371	4
372	6
373	6
374	6
375	6
376	6
377	4
378	4
379	4
380	4
381	4
382	4
383	4
384	4
385	4
386	4
387	6
388	6
389	8
390	8
391	8
392	8
393	8
394	4
395	4
396	4
397	6
398	8
399	8
400	8
401	8
402	8
403	4
404	4
405	4
406	4
407	4
408	4
409	5
410	5
411	5
412	5
413	5
414	5
415	5
416	5
417	5
418	5
419	5
420	5
421	5
422	5
423	5
424	5
425	11
426	11
427	11
428	11
429	11
430	11
431	11
432	11
433	5
434	5
435	5
436	5
437	5
438	5
439	5
440	5
441	5
442	5
443	5
444	5
445	3
446	11
447	11
448	11
449	11
450	11
451	5
452	5
453	5
454	11
455	11
456	11
457	5
458	5
459	5
460	5
461	5
462	5
463	11
464	11
465	11
466	11
467	11
468	11
469	11
470	11
471	11
472	11
473	5
474	5
475	1
476	1
477	1
478	1
479	1
480	1
481	1
482	1
483	1
484	4
485	4
486	1
487	1
488	1
489	1
490	1
491	1
492	1
493	1
494	1
495	1
496	1
497	1
498	4
499	1
500	1
501	1
502	4
503	1
504	1
505	1
506	4
507	4
508	4
509	4
510	4
511	4
512	4
513	4
514	4
515	4
516	4
517	4
518	4
519	4
520	4
521	4
522	12
523	12
524	12
525	12
526	2
527	2
528	12
529	12
530	12
531	12
532	12
533	12
534	12
535	12
536	12
537	12
538	2
539	2
540	2
541	2
542	2
543	2
544	2
545	2
546	2
547	2
548	2
549	2
550	2
551	2
552	2
553	2
554	2
555	2
556	2
557	2
558	2
559	10
560	10
561	10
562	10
563	10
564	10
565	2
566	2
567	2
568	2
569	2
570	11
571	11
572	11
573	11
574	11
575	11
576	11
577	11
578	11
579	11
580	11
581	2
582	2
583	2
584	2
585	2
586	2
587	10
588	10
589	10
590	10
591	10
592	10
593	10
594	10
595	10
596	10
597	10
598	10
599	10
600	10
601	10
602	10
603	2
604	2
605	2
606	2
607	2
608	2
609	2
610	2
611	2
612	2
613	2
614	2
615	2
616	2
617	10
618	10
619	10
620	10
621	10
622	10
623	10
624	10
625	10
626	10
627	10
628	10
629	10
630	10
631	10
632	10
633	10
634	10
635	10
636	10
637	10
638	10
639	2
640	2
641	2
642	2
643	2
644	2
645	2
646	2
647	2
648	2
649	2
650	2
651	2
652	2
653	2
654	2
655	2
656	2
657	1
658	1
659	1
660	1
661	5
662	5
663	5
664	3
665	3
666	5
667	5
668	3
669	3
670	10
671	10
672	12
673	10
674	12
675	10
676	10
677	12
678	12
679	12
680	3
681	5
682	3
683	5
684	3
685	5
686	5
687	3
688	5
689	5
690	5
691	5
692	5
693	5
694	5
695	5
696	5
697	10
698	10
699	10
700	10
701	10
702	10
703	10
704	12
705	10
706	12
707	10
708	10
709	12
710	10
711	10
712	10
713	10
714	5
715	5
716	1
717	1
718	10
719	10
720	12
721	1
722	1
723	1
724	1
725	1
726	1
727	1
728	1
729	1
730	1
731	1
732	8
733	8
734	8
735	8
736	8
737	1
738	11
739	11
740	1
741	11
742	11
743	1
744	1
745	8
746	8
747	8
748	8
749	8
750	8
751	8
752	8
753	8
754	8
755	8
756	8
757	8
758	8
759	8
760	8
761	8
762	8
763	8
764	8
765	8
766	1
767	11
768	1
769	11
770	8
771	8
772	1
773	1
774	1
775	11
776	1
777	1
778	1
779	1
780	1
781	1
782	1
783	11
784	11
785	4
786	1
787	1
788	1
789	1
790	1
791	4
792	4
793	4
794	4
795	4
796	4
797	4
798	4
799	4
800	4
801	1
802	1
803	1
804	1
805	4
806	4
807	4
808	1
809	1
810	1
811	6
812	9
813	6
814	6
815	6
816	6
817	9
818	9
819	9
820	9
821	6
822	6
823	9
824	6
825	6
826	6
827	9
828	6
829	9
830	6
831	6
832	6
833	6
834	6
835	6
836	6
837	6
838	6
839	6
840	6
841	6
842	6
843	9
844	9
845	6
846	9
847	9
848	9
849	9
850	9
851	9
852	6
853	6
854	9
855	6
856	9
857	9
858	2
859	2
860	2
861	2
862	2
863	2
864	2
865	2
866	2
867	2
868	2
869	2
870	2
871	6
872	6
873	6
874	6
875	9
876	9
877	9
878	6
879	9
880	9
881	6
882	6
883	9
884	6
885	9
886	6
887	9
888	9
889	9
890	9
891	9
892	9
893	9
894	9
895	9
896	6
897	6
898	9
899	9
900	9
901	9
902	6
903	9
904	6
905	9
906	6
907	9
908	9
909	6
910	9
911	9
912	9
913	9
914	9
915	6
916	6
917	6
918	9
919	6
920	9
921	9
922	9
923	9
924	9
925	9
926	6
927	6
928	9
929	6
930	9
931	9
932	9
933	9
934	6
935	9
936	6
937	6
938	9
939	9
940	9
941	9
942	9
943	9
944	9
945	9
946	6
947	9
948	9
949	9
950	9
951	9
952	9
953	9
954	9
955	9
956	9
957	9
958	9
959	6
960	9
961	9
962	9
963	6
964	9
965	6
966	9
967	9
968	9
969	9
970	6
971	6
972	9
973	9
974	9
975	9
976	9
977	9
978	9
979	9
980	6
981	6
982	8
983	8
984	9
985	11
986	11
987	11
988	11
989	11
990	11
991	11
992	11
993	11
994	11
995	11
996	11
997	11
998	11
999	11
1000	11
1001	11
1002	11
1003	11
1004	11
1005	11
1006	11
1007	8
1008	9
1009	11
1010	9
1011	8
1012	9
1013	8
1014	8
1015	8
1016	8
1017	9
1018	9
1019	8
1020	8
1021	8
1022	8
1023	8
1024	8
1025	8
1026	8
1027	9
1028	8
1029	8
1030	8
1031	8
1032	8
1033	8
1034	8
1035	8
1036	8
1037	8
1038	8
1039	8
1040	8
1041	8
1042	9
1043	8
1044	8
1045	8
1046	8
1047	8
1048	8
1049	8
1050	8
1051	9
1052	8
1053	8
1054	8
1055	8
1056	8
1057	8
1058	8
1059	8
1060	8
1061	8
1062	9
1063	8
1064	8
1065	8
1066	8
1067	8
1068	8
1069	8
1070	8
1071	8
1072	8
1073	8
1074	8
1075	2
1076	2
1077	2
1078	2
1079	2
1080	2
1081	2
1082	2
1083	2
1084	2
1085	2
1086	2
1087	1
1088	1
1089	1
1090	1
1091	1
1092	1
1093	1
1094	10
1095	10
1096	10
1097	10
1098	10
1099	10
1100	10
1101	10
1102	10
1103	10
1104	10
1105	10
1106	10
1107	6
1108	6
1109	6
1110	6
1111	6
1112	6
1113	6
1114	6
1115	6
1116	6
1117	6
1118	6
1119	6
1120	6
1121	6
1122	6
1123	6
1124	6
1125	6
1126	6
1127	6
1128	6
1129	6
1130	6
1131	6
1132	6
1133	6
1134	6
1135	6
1136	6
1137	6
1138	6
1139	6
1140	6
1141	6
1142	6
1143	6
1144	6
1145	6
1146	6
1147	6
1148	6
1149	6
1150	6
1151	6
1152	6
1153	6
1154	4
1155	4
1156	4
1157	4
1158	4
1159	4
1160	4
1161	4
1162	4
1163	4
1164	4
1165	4
1166	4
1167	4
1168	4
1169	8
1170	8
1171	9
1172	8
1173	8
1174	8
1175	8
1176	8
1177	9
1178	8
1179	9
1180	9
1181	8
1182	8
1183	8
1184	9
1185	8
1186	8
1187	8
1188	8
1189	8
1190	9
1191	8
1192	8
1193	8
1194	9
1195	8
1196	8
1197	8
1198	8
1199	8
1200	12
1201	12
1202	12
1203	9
1204	9
1205	12
1206	12
1207	12
1208	9
1209	12
1210	12
1211	12
1212	12
1213	9
1214	12
1215	12
1216	12
1217	9
1218	12
1219	12
1220	12
1221	12
1222	9
1223	12
1224	9
1225	9
1226	12
1227	9
1228	9
1229	12
1230	9
1231	12
1232	12
1233	12
1234	12
1235	9
1236	12
1237	12
1238	12
1239	9
1240	10
1241	10
1242	10
1243	10
1244	10
1245	10
1246	10
1247	10
1248	10
1249	10
1250	10
1251	10
1252	10
1253	5
1254	5
1255	5
1256	5
1257	5
1258	10
1259	10
1260	10
1261	10
1262	10
1263	10
1264	5
1265	5
1266	5
1267	5
1268	5
1269	5
1270	5
1271	5
1272	5
1273	5
1274	5
1275	5
1276	5
1277	5
1278	4
1279	4
1280	4
1281	10
1282	10
1283	10
1284	5
1285	5
1286	5
1287	5
1288	4
1289	4
1290	4
1291	4
1292	4
1293	4
1294	4
1295	4
1296	4
1297	4
1298	4
1299	4
1300	4
1301	4
1302	4
1303	2
1304	2
1305	2
1306	2
1307	2
1308	2
1309	2
1310	2
1311	2
1312	2
1313	2
1314	6
1315	6
1316	6
1317	6
1318	6
1319	6
1320	6
1321	6
1322	6
1323	6
1324	6
1325	6
1326	6
1327	6
1328	6
1329	6
1330	6
1331	6
1332	6
1333	6
1334	6
1335	6
1336	6
1337	6
1338	6
1339	6
1340	6
1341	6
1342	6
1343	6
1344	6
1345	6
1346	2
1347	2
1348	2
1349	2
1350	2
1351	2
1352	2
1353	2
1354	2
1355	2
1356	2
1357	2
1358	2
1359	2
1360	2
1361	2
1362	2
1363	12
1364	12
1365	12
1366	12
1367	12
1368	12
1369	12
1370	12
1371	12
1372	12
1373	12
1374	12
1375	12
1376	12
1377	12
1378	12
1379	12
1380	12
1381	4
1382	4
1383	4
1384	4
1385	4
1386	4
1387	4
1388	4
1389	4
1390	4
1391	4
1392	4
1393	4
1394	4
1395	4
1396	4
1397	5
1398	2
1399	5
1400	5
1401	5
1402	5
1403	5
1404	5
1405	5
1406	5
1407	5
1408	5
1409	5
1410	5
1411	5
1412	5
1413	5
1414	5
1415	5
1416	5
1417	5
1418	5
1419	5
1420	5
1421	5
1422	5
1423	5
1424	5
1425	5
1426	5
1427	5
1428	3
1429	3
1430	3
1431	3
1432	3
1433	3
1434	3
1435	3
1436	3
1437	3
1438	3
1439	3
1440	3
1441	8
1442	9
1443	8
1444	9
1445	8
1446	9
1447	9
1448	8
1449	9
1450	9
1451	9
1452	8
1453	8
1454	8
1455	3
1456	3
1457	3
1458	3
1459	3
1460	3
1461	3
1462	3
1463	3
1464	3
1465	10
1466	10
1467	10
1468	10
1469	10
1470	10
1471	10
1472	10
1473	10
1474	10
1475	10
1476	10
1477	10
1478	10
1479	10
1480	10
1481	10
1482	10
1483	10
1484	10
1485	10
1486	10
1487	10
1488	10
1489	8
1490	8
1491	8
1492	8
1493	8
1494	8
1495	8
1496	8
1497	8
1498	8
1499	8
1500	8
1501	5
1502	5
1503	5
1504	5
1505	5
1506	5
1507	5
1508	5
1509	5
1510	5
1511	5
1512	5
1513	5
1514	5
1515	5
1516	5
1517	5
1518	5
1519	5
1520	5
1521	5
1522	5
1523	5
1524	5
1525	5
1526	5
1527	5
1528	5
1529	11
1530	11
1531	11
1532	11
1533	11
1534	11
1535	11
1536	11
1537	11
1538	11
1539	11
1540	11
1541	11
1542	11
1543	11
1544	11
1545	11
1546	11
1547	11
1548	11
1549	11
1550	11
1551	11
1552	12
1553	12
1554	12
1555	12
1556	12
1557	12
1558	12
1559	12
1560	12
1561	12
1562	12
1563	12
1564	12
1565	12
1566	12
1567	12
1568	12
1569	12
1570	12
1571	12
1572	12
1573	12
1574	12
1575	12
1576	8
1577	8
1578	8
1579	8
1580	8
1581	8
1582	8
1583	8
1584	8
1585	8
1586	8
1587	8
1588	8
1589	8
1590	8
1591	8
1592	8
1593	2
1594	2
1595	2
1596	2
1597	2
1598	2
1599	2
1600	2
1601	2
1602	11
1603	11
1604	11
1605	11
1606	11
1607	11
1608	11
1609	11
1610	11
1611	11
1612	11
1613	11
1614	11
1615	11
1616	11
1617	11
1618	10
1619	10
1620	10
1621	10
1622	10
1623	10
1624	10
1625	10
1626	10
1627	10
1628	10
1629	9
1630	9
1631	9
1632	9
1633	9
1634	9
1635	9
1636	9
1637	9
1638	9
1639	9
1640	9
1641	9
1642	9
1643	9
1644	10
1645	10
1646	10
1647	10
1648	10
1649	9
1650	9
1651	9
1652	9
1653	9
1654	9
1655	9
1656	9
1658	9
1659	9
1660	9
1661	9
1662	9
1663	9
1664	9
1665	9
1666	9
1667	9
1668	9
1669	9
1670	9
1671	9
1672	9
1673	10
1674	9
1675	9
1676	9
1677	10
1678	10
1679	10
1680	1
1681	1
1682	10
1683	10
1684	10
1685	5
1686	5
1687	5
1688	8
1689	8
1690	8
1691	8
1692	8
1693	8
1694	8
1695	8
1696	8
1697	8
1698	8
1699	5
1700	5
1701	3
1702	8
1703	3
1704	3
1705	8
1706	8
1707	8
1708	8
1709	3
1710	8
1711	8
1712	8
1713	10
1714	10
1715	10
1716	10
1717	10
1718	10
1719	10
1720	10
1721	10
1722	10
1723	10
1724	10
1725	8
1726	8
1727	8
1728	10
1729	8
1730	8
1731	8
1732	8
1733	8
1734	8
1735	8
1736	3
1737	3
1738	3
1739	3
1740	3
1741	8
1742	5
1743	5
1744	5
1745	5
1746	5
1747	5
1748	5
1749	5
1750	5
1751	5
1752	5
1753	5
1754	5
1755	5
1756	5
1757	10
1758	10
1759	10
1760	10
1761	5
1762	5
1763	5
1764	3
1765	5
1766	5
1767	3
1768	5
1769	5
1770	5
1771	5
1772	5
1773	5
1774	10
1775	10
1776	10
1777	10
1778	10
1779	10
1780	10
1781	10
1782	10
1783	10
1784	10
1785	10
1786	10
1787	3
1788	5
1789	5
1790	5
1791	5
1792	5
1793	5
1794	5
1795	10
1796	10
1797	10
1798	10
1799	5
1800	5
1801	5
1802	5
1803	5
1804	5
1805	5
1806	5
1807	5
1808	5
1809	3
1810	3
1811	3
1812	3
1813	3
1814	3
1815	3
1816	3
1817	3
1818	3
1819	3
1820	3
1821	3
1822	3
1823	3
1824	3
1825	3
1826	3
1827	3
1828	3
1829	3
1830	10
1831	10
1832	10
1833	10
1834	10
1835	3
1836	3
1837	10
1838	3
1839	3
1840	12
1841	12
1842	12
1843	12
1844	12
1845	3
1846	3
1847	3
1848	3
1849	3
1850	3
1851	3
1852	3
1853	3
1854	3
1855	3
1856	3
1857	10
1858	10
1859	10
1860	10
1861	10
1862	10
1863	3
1864	3
1865	3
1866	3
1867	3
1868	3
1869	3
1870	3
1871	3
1872	1
1873	1
1874	1
1875	1
1876	1
1877	1
1878	1
1879	1
1880	1
1881	1
1882	1
1883	1
1884	1
1885	1
1886	1
1887	1
1888	1
1889	1
1890	1
1891	1
1892	1
1893	1
1894	1
1895	2
1896	2
1897	2
1898	6
1899	6
1900	6
1901	6
1902	6
1903	6
1904	2
1905	2
1906	2
1907	2
1908	2
1909	2
1910	2
1911	2
1912	2
1913	2
1914	2
1915	2
1916	6
1917	6
1918	6
1919	6
1920	6
1921	6
1922	6
1923	6
1924	2
1925	2
1926	2
1927	2
1928	2
1929	2
1930	2
1931	2
1932	2
1933	2
1934	2
1935	2
1936	2
1937	2
1938	2
1939	2
1940	2
1941	2
1942	2
1943	2
1944	2
1945	2
1946	2
1947	2
1948	2
1949	2
1950	2
1951	2
1952	2
1953	2
1954	2
1955	2
1956	2
1957	2
1958	2
1959	2
1960	2
1961	2
1962	2
1963	2
1964	2
1965	2
1966	2
1967	2
1968	2
1969	2
1970	2
1971	2
1972	2
1973	2
1974	2
1975	2
1976	11
1977	11
1978	11
1979	11
1980	11
1981	11
1982	11
1983	11
1984	11
1985	11
1986	11
1987	11
1988	11
1989	11
1990	11
1991	11
1992	11
1993	11
1994	11
1995	11
1996	11
1997	11
1998	11
1999	11
2000	11
2001	11
2002	11
2003	11
2004	11
2005	11
2006	11
2007	11
2008	11
2009	11
2010	11
2011	11
2012	11
2013	11
2014	11
2015	11
2016	11
2017	1
2018	1
2019	1
2020	1
2021	1
2022	1
2023	1
2024	1
2025	1
2026	1
2027	1
2028	1
2029	1
2030	11
2031	11
2032	11
2033	11
2034	1
2035	1
2036	1
2037	1
2038	1
2039	1
2040	1
2041	1
2042	1
2043	1
2044	1
2045	1
2046	1
2047	1
2048	1
2049	1
2050	1
2051	1
2052	1
2053	1
2054	1
2055	1
2056	1
2057	1
2058	11
2059	11
2060	11
2061	11
2062	11
2063	11
2064	11
2065	11
2066	11
2067	11
2068	10
2069	1
2070	1
2071	10
2072	10
2073	10
2074	10
2075	1
2076	10
2077	10
2078	10
2079	10
2080	10
2081	1
2082	10
2083	10
2084	1
2085	1
2086	1
2087	1
2088	10
2089	8
2090	8
2091	8
2092	8
2093	8
2094	8
2095	8
2096	2
2097	2
2098	2
2099	2
2100	2
2101	5
2102	5
2103	5
2104	5
2105	5
2106	5
2107	2
2108	5
2109	2
2110	5
2111	5
2112	5
2113	7
2114	7
2115	3
2116	3
2117	7
2118	7
2119	7
2120	7
2121	3
2122	7
2123	7
2124	1
2125	3
2126	3
2127	3
2128	3
2129	7
2130	7
2131	7
2132	7
2133	7
2134	7
2135	7
2136	7
2137	7
2138	7
2139	7
2140	7
2141	7
2142	7
2143	7
2144	7
2145	7
2146	7
2147	7
2148	7
2149	7
2150	3
2151	3
2152	3
2153	3
2154	7
2155	7
2156	7
2157	7
2158	3
2159	7
2160	3
2161	3
2162	3
2163	3
2164	3
2165	3
2166	7
2167	7
2168	7
2169	7
2170	7
2171	7
2172	7
2173	7
2174	7
2175	7
2176	7
2177	7
2178	3
2179	3
2180	3
2181	3
2182	7
2183	7
2184	7
2185	3
2186	3
2187	3
2188	7
2189	7
2190	3
2191	7
2192	7
2193	3
2194	7
2195	7
2196	7
2197	7
2198	7
2199	7
2200	7
2201	7
2202	7
2203	7
2204	3
2205	3
2206	3
2207	3
2208	7
2209	3
2210	3
2211	7
2212	7
2213	7
2214	7
2215	7
2216	7
2217	7
2218	7
2219	7
2220	7
2221	7
2222	7
2223	7
2224	3
2225	7
2226	7
2227	3
2228	7
2229	7
2230	3
2231	3
2232	3
2233	7
2234	7
2235	7
2236	7
2237	7
2238	7
2239	3
2240	3
2241	7
2242	7
2243	7
2244	7
2245	7
2246	3
2247	3
2248	3
2249	3
2250	7
2251	3
2252	7
2253	7
2254	7
2255	7
2256	3
2257	7
2258	3
2259	3
2260	3
2261	3
2262	3
2263	3
2264	3
2265	3
2266	7
2267	7
2268	7
2269	7
2270	7
2271	7
2272	7
2273	7
2274	7
2275	3
2276	3
2277	7
2278	7
2279	7
2280	7
2281	7
2282	7
2283	7
2284	1
2285	1
2286	7
2287	7
2288	7
2289	3
2290	7
2291	7
2292	7
2293	3
2294	7
2295	3
2296	3
2297	7
2298	7
2299	7
2300	7
2301	3
2302	7
2303	7
2304	7
2305	3
2306	3
2307	3
2308	7
2309	1
2310	1
2311	1
2312	6
2313	6
2314	6
2315	6
2316	6
2317	6
2318	6
2319	6
2320	6
2321	6
2322	6
2323	6
2324	6
2325	6
2326	6
2327	6
2328	6
2329	6
2330	2
2331	2
2332	2
2333	2
2334	2
2335	2
2336	2
2337	2
2338	2
2339	2
2340	2
2341	2
2342	2
2343	2
2344	2
2345	2
2346	8
2347	8
2348	8
2349	8
2350	8
2351	8
2352	8
2353	8
2354	8
2355	8
2356	8
2357	8
2358	8
2359	8
2360	8
2361	8
2362	8
2363	8
2364	8
2365	8
2366	7
2367	7
2368	7
2369	7
2370	7
2371	7
2372	7
2373	7
2374	7
2375	7
2376	7
2377	7
2378	7
2379	7
2380	7
2381	7
2382	7
2383	7
2384	7
2385	7
2386	7
2387	7
2388	7
2389	7
2390	7
2391	7
2392	7
2393	7
2394	7
2395	7
2396	7
2397	7
2398	7
2399	7
2400	7
2401	7
2402	7
2403	7
2404	7
2405	7
2406	7
2407	7
2408	7
2409	7
2410	7
2411	7
2412	7
2413	7
2414	7
2415	13
2416	4
2417	13
2418	13
2419	13
2420	13
2421	13
2422	13
2423	13
2424	13
2425	13
2426	13
2427	4
2428	13
2429	4
2430	4
2431	13
2432	13
2433	13
2434	13
2435	13
2436	13
2437	13
2438	13
2439	4
2440	13
2441	13
2442	13
2443	13
2444	13
2445	13
2446	13
2447	13
2448	13
2449	13
2450	13
2451	13
2452	13
2453	13
2454	13
2455	13
2456	13
2457	13
2458	13
2459	13
2460	13
2461	13
2462	13
2463	13
2464	13
2465	13
2466	13
2467	13
2468	13
2469	13
2470	13
2471	13
2472	13
2473	13
2474	13
2475	13
2476	13
2477	13
2478	13
2479	13
2480	13
2481	13
2482	13
2483	13
2484	13
2485	13
2486	13
2487	13
2488	13
2489	13
2490	13
2491	13
2492	13
2493	13
2494	13
2495	13
2496	4
2497	4
2498	4
2499	4
2500	13
2501	13
2502	4
2503	4
2504	4
2505	4
2506	4
2507	4
2508	4
2509	4
2510	4
2511	4
2512	4
2513	4
2514	4
2515	13
2516	13
2517	13
2518	13
2519	13
2520	13
2521	13
2522	13
2523	4
2524	13
2525	4
2526	13
2527	13
2528	4
2529	4
2530	4
2531	4
2532	4
2533	13
2534	4
2535	4
2536	4
2537	13
2538	4
2539	13
2540	13
2541	13
2542	4
2543	13
2544	13
2545	13
2546	13
2547	4
2548	13
2549	4
2550	13
2551	13
2552	13
2553	13
2554	13
2555	13
2556	13
2557	13
2558	4
2559	4
2560	4
2561	4
2562	4
2563	4
2564	13
2565	4
2566	13
2567	13
2568	13
2569	4
2570	4
2571	4
2572	4
2573	4
2574	4
2575	13
2576	13
2577	13
2578	13
2579	13
2580	13
2581	4
2582	13
2583	13
2584	13
2585	13
2586	13
2587	13
2588	13
2589	13
2590	13
2591	4
2592	13
2593	4
2594	13
2595	13
2596	13
2597	4
2598	4
2599	13
2600	13
2601	13
2602	13
2603	13
2604	4
2605	13
2606	1
2607	1
2608	1
2609	1
2610	1
2611	1
2612	1
2613	1
2614	1
2615	1
2616	1
2617	1
2618	1
2619	1
2620	1
2621	1
2622	1
2623	1
2624	1
2625	1
2626	1
2627	1
2628	1
2629	1
2630	1
2631	1
2632	1
2633	1
2634	1
2635	1
2636	1
2637	1
2638	1
2639	1
2640	12
2641	12
2642	12
2643	12
2644	12
2645	11
2646	11
2647	11
2648	12
2649	12
2650	12
2651	11
2652	11
2653	11
2654	11
2655	11
2656	11
2657	11
2658	11
2659	12
2660	12
2661	11
2662	11
2663	12
2664	11
2665	12
2666	11
2667	11
2668	12
2669	11
2670	11
2671	12
2672	11
2673	12
2674	11
2675	11
2676	12
2677	11
2678	11
2679	12
2680	11
2681	11
2682	12
2683	12
2684	12
2685	12
2686	12
2687	12
2688	2
2689	2
2690	2
2691	2
315	8
1657	9
