0	10
1	10
2	10
3	10
4	10
5	10
6	10
7	2
8	2
9	2
10	2
11	2
12	2
13	2
14	2
15	2
16	2
17	2
18	2
19	2
20	2
21	4
22	4
23	4
24	4
25	4
26	4
27	4
28	4
29	5
30	5
31	5
32	5
33	5
34	5
35	5
36	5
37	5
38	5
39	5
40	5
41	5
42	5
43	5
44	5
45	5
46	5
47	5
48	5
49	7
50	7
51	7
52	7
53	9
54	9
55	9
56	9
57	9
58	7
59	7
60	7
61	7
62	7
63	7
64	7
65	9
66	9
67	9
68	9
69	9
70	9
71	4
72	4
73	4
74	4
75	7
76	7
77	7
78	7
79	7
80	7
81	7
82	7
83	8
84	8
85	8
86	8
87	8
88	8
89	8
90	8
91	8
92	8
93	8
94	8
95	8
96	2
97	2
98	2
99	2
100	2
101	2
102	2
103	2
104	2
105	2
106	2
107	2
108	2
109	2
110	2
111	2
112	2
113	2
114	2
115	2
116	2
117	2
118	2
119	2
120	2
121	2
122	2
123	2
124	2
125	2
126	2
127	2
128	2
129	11
130	11
131	11
132	11
133	11
134	11
135	11
136	11
137	11
138	11
139	11
140	11
141	11
142	11
143	11
144	11
145	11
146	11
147	11
148	11
149	11
150	11
151	11
152	11
153	11
154	11
155	11
156	11
157	11
158	11
159	11
160	11
161	11
162	11
163	11
164	11
165	11
166	8
167	8
168	8
169	8
170	8
171	8
172	8
173	8
174	13
175	8
176	8
177	8
178	8
179	8
180	8
181	13
182	8
183	7
184	7
185	7
186	7
187	7
188	7
189	7
190	7
191	7
192	7
193	7
194	7
195	7
196	7
197	7
198	7
199	7
200	7
201	7
202	7
203	7
204	7
205	7
206	7
207	7
208	4
209	4
210	4
211	4
212	4
213	4
214	4
215	4
216	4
217	4
218	4
219	4
220	4
221	4
222	4
223	4
224	4
225	4
226	11
227	11
228	11
229	11
230	11
231	11
232	11
233	11
234	11
235	11
236	4
237	4
238	4
239	4
240	4
241	4
242	4
243	4
244	4
245	4
246	4
247	4
248	7
249	7
250	7
251	7
252	7
253	7
254	7
255	7
256	7
257	7
258	7
259	7
260	7
261	11
262	11
263	11
264	11
265	11
266	11
267	11
268	13
269	11
270	13
271	11
272	11
273	11
274	11
275	11
276	11
277	11
278	13
279	11
280	11
281	11
282	13
283	13
284	13
285	13
286	11
287	13
288	13
289	13
290	13
291	13
292	13
293	13
294	13
295	13
296	11
297	13
298	11
299	13
300	13
301	11
302	7
303	7
304	7
305	7
306	9
307	9
308	9
309	12
310	12
311	12
312	9
313	9
314	9
316	5
317	5
318	5
319	5
320	5
321	5
322	5
323	5
324	5
325	5
326	5
327	5
328	5
329	5
330	5
331	9
332	9
333	9
334	9
335	9
336	12
337	5
338	5
339	5
340	9
341	9
342	9
343	9
344	9
345	9
346	9
347	9
348	9
349	9
350	12
351	9
352	9
353	12
354	9
355	9
356	12
357	11
358	12
359	11
360	11
361	12
362	11
363	11
364	12
365	12
366	11
367	12
368	12
369	12
370	9
371	9
372	12
373	12
374	9
375	9
376	12
377	9
378	9
379	9
380	9
381	9
382	9
383	9
384	9
385	9
386	9
387	9
388	9
389	5
390	5
391	5
392	5
393	5
394	9
395	9
396	9
397	12
398	5
399	5
400	5
401	5
402	5
403	4
404	4
405	4
406	4
407	4
408	4
409	10
410	10
411	10
412	10
413	10
414	10
415	10
416	10
417	10
418	10
419	10
420	10
421	10
422	10
423	10
424	10
425	8
426	8
427	8
428	8
429	8
430	8
431	8
432	8
433	10
434	10
435	10
436	10
437	10
438	10
439	10
440	10
441	10
442	10
443	10
444	10
445	10
446	8
447	8
448	8
449	8
450	8
451	10
452	10
453	10
454	8
455	8
456	8
457	10
458	10
459	10
460	10
461	10
462	10
463	8
464	8
465	8
466	8
467	8
468	8
469	8
470	8
471	8
472	8
473	10
474	10
475	11
476	11
477	13
478	13
479	13
480	13
481	13
482	13
483	13
484	4
485	4
486	13
487	13
488	13
489	11
490	11
491	11
492	11
493	11
494	11
495	13
496	13
497	13
498	4
499	13
500	13
501	13
502	4
503	13
504	13
505	13
506	4
507	4
508	4
509	4
510	4
511	4
512	4
513	4
514	4
515	4
516	4
517	4
518	4
519	4
520	4
521	4
522	3
523	3
524	3
525	3
526	10
527	10
528	3
529	3
530	3
531	3
532	3
533	3
534	3
535	3
536	3
537	3
538	10
539	10
540	10
541	10
542	10
543	10
544	10
545	10
546	10
547	10
548	10
549	10
550	10
551	10
552	10
553	10
554	10
555	10
556	7
557	10
558	10
559	4
560	4
561	4
562	4
563	4
564	4
565	7
566	10
567	10
568	10
569	10
570	3
571	3
572	3
573	3
574	3
575	3
576	3
577	3
578	3
579	3
580	3
581	10
582	10
583	10
584	10
585	10
586	10
587	11
588	11
589	11
590	11
591	11
592	4
593	4
594	11
595	4
596	11
597	4
598	11
599	4
600	4
601	4
602	4
603	7
604	7
605	7
606	7
607	7
608	7
609	7
610	7
611	7
612	7
613	7
614	7
615	7
616	7
617	4
618	4
619	4
620	11
621	11
622	11
623	11
624	11
625	11
626	11
627	11
628	4
629	4
630	4
631	4
632	11
633	4
634	11
635	4
636	11
637	11
638	11
639	7
640	7
641	7
642	7
643	7
644	7
645	7
646	7
647	7
648	7
649	7
650	7
651	7
652	7
653	7
654	7
655	7
656	7
657	13
658	13
659	13
660	13
661	10
662	10
663	10
664	10
665	10
666	10
667	10
668	6
669	6
670	11
671	11
672	11
673	11
674	11
675	11
676	11
677	11
678	11
679	11
680	10
681	10
682	6
683	10
684	10
685	10
686	10
687	10
688	10
689	10
690	10
691	10
692	10
693	10
694	10
695	10
696	10
697	11
698	11
699	11
700	11
701	11
702	11
703	11
704	11
705	11
706	11
707	11
708	11
709	11
710	11
711	11
712	11
713	11
714	10
715	10
716	4
717	4
718	11
719	11
720	11
721	4
722	4
723	4
724	4
725	4
726	4
727	4
728	4
729	4
730	4
731	4
732	5
733	5
734	5
735	5
736	5
737	13
738	13
739	13
740	13
741	13
742	13
743	13
744	13
745	5
746	5
747	5
748	5
749	5
750	5
751	5
752	5
753	5
754	5
755	5
756	5
757	5
758	5
759	5
760	5
761	5
762	5
763	5
764	5
765	5
766	13
767	13
768	13
769	13
770	5
771	5
772	13
773	13
774	13
775	13
776	13
777	13
778	13
779	13
780	13
781	13
782	13
783	13
784	13
785	4
786	13
787	13
788	13
789	13
790	13
791	4
792	4
793	4
794	4
795	4
796	4
797	4
798	4
799	4
800	4
801	13
802	13
803	13
804	13
805	4
806	4
807	4
808	13
809	13
810	13
811	5
812	9
813	9
814	5
815	9
816	9
817	9
818	9
819	9
820	9
821	5
822	9
823	5
824	9
825	9
826	9
827	9
828	9
829	9
830	9
831	9
832	9
833	9
834	5
835	5
836	9
837	5
838	9
839	9
840	5
841	9
842	5
843	5
844	5
845	9
846	9
847	9
848	9
849	9
850	9
851	9
852	9
853	9
854	9
855	9
856	9
857	9
858	7
859	7
860	7
861	7
862	7
863	7
864	7
865	7
866	7
867	7
868	7
869	7
870	7
871	9
872	9
873	9
874	9
875	5
876	9
877	9
878	9
879	9
880	9
881	9
882	9
883	5
884	9
885	5
886	9
887	9
888	9
889	9
890	9
891	9
892	9
893	5
894	5
895	5
896	9
897	9
898	9
899	9
900	9
901	9
902	9
903	5
904	9
905	5
906	9
907	9
908	9
909	9
910	9
911	9
912	9
913	9
914	5
915	9
916	9
917	9
918	9
919	9
920	9
921	9
922	9
923	9
924	9
925	5
926	9
927	9
928	5
929	9
930	5
931	5
932	9
933	9
934	9
935	9
936	9
937	9
938	9
939	9
940	9
941	9
942	5
943	9
944	9
945	9
946	9
947	5
948	5
949	5
950	9
951	9
952	9
953	9
954	9
955	9
956	9
957	5
958	5
959	9
960	9
961	9
962	5
963	9
964	5
965	9
966	9
967	9
968	9
969	9
970	9
971	9
972	5
973	5
974	9
975	9
976	5
977	5
978	9
979	9
980	9
981	9
982	5
983	5
984	2
985	13
986	12
987	12
988	13
989	12
990	13
991	12
992	13
993	13
994	13
995	13
996	13
997	13
998	12
999	13
1000	13
1001	13
1002	13
1003	13
1004	13
1005	12
1006	12
1007	5
1008	2
1009	12
1010	2
1011	5
1012	2
1013	2
1014	5
1015	5
1016	5
1017	2
1018	5
1019	5
1020	5
1021	5
1022	5
1023	5
1024	5
1025	5
1026	5
1027	2
1028	5
1029	5
1030	5
1031	5
1032	5
1033	5
1034	5
1035	5
1036	5
1037	2
1038	5
1039	5
1040	5
1041	2
1042	2
1043	5
1044	5
1045	5
1046	5
1047	5
1048	2
1049	5
1050	5
1051	5
1052	5
1053	5
1054	5
1055	5
1056	2
1057	2
1058	5
1059	5
1060	5
1061	5
1062	5
1063	5
1064	5
1065	2
1066	2
1067	2
1068	2
1069	5
1070	2
1071	5
1072	5
1073	5
1074	5
1075	7
1076	7
1077	7
1078	7
1079	7
1080	7
1081	7
1082	7
1083	7
1084	7
1085	7
1086	7
1087	11
1088	11
1089	11
1090	11
1091	11
1092	11
1093	11
1094	4
1095	4
1096	4
1097	4
1098	4
1099	4
1100	4
1101	4
1102	4
1103	4
1104	4
1105	4
1106	4
1107	12
1108	12
1109	12
1110	12
1111	12
1112	12
1113	12
1114	12
1115	12
1116	12
1117	12
1118	12
1119	12
1120	12
1121	12
1122	12
1123	12
1124	12
1125	12
1126	12
1127	12
1128	12
1129	12
1130	12
1131	12
1132	12
1133	12
1134	12
1135	12
1136	12
1137	12
1138	12
1139	12
1140	12
1141	12
1142	12
1143	12
1144	12
1145	12
1146	12
1147	12
1148	12
1149	12
1150	12
1151	12
1152	12
1153	12
1154	4
1155	4
1156	4
1157	4
1158	4
1159	4
1160	4
1161	4
1162	4
1163	4
1164	4
1165	4
1166	4
1167	4
1168	4
1169	5
1170	2
1171	5
1172	5
1173	2
1174	5
1175	2
1176	5
1177	5
1178	5
1179	5
1180	5
1181	5
1182	5
1183	5
1184	2
1185	5
1186	5
1187	5
1188	5
1189	5
1190	2
1191	2
1192	5
1193	5
1194	2
1195	5
1196	2
1197	5
1198	2
1199	5
1200	2
1201	2
1202	2
1203	2
1204	2
1205	2
1206	2
1207	2
1208	2
1209	2
1210	2
1211	2
1212	2
1213	2
1214	2
1215	2
1216	2
1217	2
1218	2
1219	2
1220	2
1221	2
1222	2
1223	2
1224	2
1225	2
1226	2
1227	2
1228	2
1229	2
1230	2
1231	2
1232	2
1233	2
1234	2
1235	2
1236	2
1237	2
1238	2
1239	2
1240	13
1241	13
1242	11
1243	11
1244	11
1245	13
1246	11
1247	11
1248	11
1249	11
1250	11
1251	11
1252	11
1253	7
1254	7
1255	7
1256	7
1257	7
1258	11
1259	11
1260	11
1261	11
1262	11
1263	13
1264	7
1265	7
1266	7
1267	7
1268	7
1269	7
1270	7
1271	7
1272	7
1273	7
1274	7
1275	7
1276	7
1277	7
1278	4
1279	4
1280	4
1281	11
1282	13
1283	13
1284	7
1285	7
1286	7
1287	7
1288	4
1289	4
1290	4
1291	4
1292	4
1293	4
1294	4
1295	4
1296	4
1297	4
1298	4
1299	4
1300	4
1301	4
1302	4
1303	7
1304	7
1305	7
1306	7
1307	7
1308	7
1309	7
1310	7
1311	7
1312	7
1313	7
1314	12
1315	12
1316	12
1317	12
1318	12
1319	12
1320	12
1321	12
1322	12
1323	12
1324	12
1325	12
1326	12
1327	12
1328	12
1329	12
1330	12
1331	12
1332	12
1333	12
1334	12
1335	12
1336	12
1337	12
1338	12
1339	12
1340	12
1341	12
1342	12
1343	12
1344	12
1345	12
1346	7
1347	7
1348	7
1349	7
1350	7
1351	7
1352	7
1353	7
1354	7
1355	7
1356	7
1357	7
1358	7
1359	7
1360	7
1361	7
1362	7
1363	12
1364	12
1365	12
1366	12
1367	12
1368	12
1369	12
1370	12
1371	12
1372	12
1373	12
1374	12
1375	12
1376	12
1377	12
1378	12
1379	12
1380	12
1381	4
1382	4
1383	4
1384	4
1385	4
1386	4
1387	4
1388	4
1389	4
1390	4
1391	4
1392	4
1393	4
1394	4
1395	4
1396	4
1397	10
1398	7
1399	7
1400	7
1401	10
1402	7
1403	7
1404	10
1405	7
1406	7
1407	7
1408	7
1409	7
1410	10
1411	7
1412	7
1413	7
1414	7
1415	7
1416	7
1417	10
1418	10
1419	7
1420	10
1421	7
1422	10
1423	7
1424	7
1425	10
1426	10
1427	7
1428	3
1429	3
1430	3
1431	3
1432	3
1433	3
1434	3
1435	3
1436	3
1437	3
1438	3
1439	3
1440	3
1441	2
1442	2
1443	2
1444	2
1445	2
1446	2
1447	2
1448	2
1449	2
1450	2
1451	2
1452	2
1453	2
1454	2
1455	3
1456	3
1457	3
1458	3
1459	3
1460	3
1461	3
1462	3
1463	3
1464	3
1465	4
1466	4
1467	4
1468	4
1469	4
1470	4
1471	4
1472	4
1473	4
1474	4
1475	4
1476	4
1477	4
1478	4
1479	4
1480	4
1481	4
1482	4
1483	4
1484	4
1485	4
1486	4
1487	4
1488	4
1489	5
1490	5
1491	5
1492	5
1493	5
1494	5
1495	5
1496	5
1497	5
1498	5
1499	5
1500	5
1501	10
1502	10
1503	10
1504	10
1505	10
1506	10
1507	10
1508	10
1509	10
1510	10
1511	10
1512	10
1513	10
1514	10
1515	10
1516	10
1517	10
1518	10
1519	10
1520	10
1521	10
1522	10
1523	10
1524	10
1525	10
1526	10
1527	10
1528	10
1529	13
1530	13
1531	13
1532	8
1533	13
1534	13
1535	13
1536	13
1537	13
1538	8
1539	13
1540	13
1541	13
1542	13
1543	13
1544	13
1545	13
1546	13
1547	13
1548	8
1549	13
1550	13
1551	13
1552	8
1553	8
1554	8
1555	8
1556	8
1557	8
1558	8
1559	8
1560	8
1561	8
1562	8
1563	8
1564	8
1565	8
1566	8
1567	8
1568	8
1569	8
1570	8
1571	8
1572	8
1573	8
1574	8
1575	8
1576	5
1577	5
1578	5
1579	5
1580	5
1581	5
1582	5
1583	5
1584	5
1585	5
1586	5
1587	5
1588	5
1589	5
1590	5
1591	5
1592	5
1593	7
1594	7
1595	7
1596	7
1597	7
1598	7
1599	7
1600	7
1601	7
1602	3
1603	8
1604	3
1605	3
1606	3
1607	8
1608	3
1609	3
1610	3
1611	3
1612	3
1613	8
1614	8
1615	3
1616	3
1617	3
1618	4
1619	4
1620	4
1621	4
1622	4
1623	4
1624	4
1625	4
1626	4
1627	4
1628	4
1629	2
1630	2
1631	2
1632	2
1633	2
1634	2
1635	2
1636	2
1637	2
1638	2
1639	2
1640	2
1641	2
1642	2
1643	2
1644	4
1645	4
1646	4
1647	4
1648	4
1649	2
1650	2
1651	2
1652	2
1653	2
1654	2
1655	2
1656	2
1658	2
1659	2
1660	2
1661	2
1662	2
1663	2
1664	2
1665	2
1666	2
1667	2
1668	2
1669	2
1670	2
1671	2
1672	2
1673	4
1674	2
1675	2
1676	2
1677	4
1678	13
1679	13
1680	13
1681	13
1682	13
1683	13
1684	13
1685	5
1686	5
1687	5
1688	5
1689	5
1690	5
1691	5
1692	5
1693	5
1694	5
1695	5
1696	5
1697	5
1698	5
1699	5
1700	5
1701	2
1702	2
1703	6
1704	6
1705	2
1706	2
1707	2
1708	2
1709	6
1710	2
1711	2
1712	2
1713	4
1714	4
1715	4
1716	4
1717	4
1718	4
1719	4
1720	4
1721	4
1722	4
1723	4
1724	4
1725	2
1726	2
1727	2
1728	4
1729	2
1730	2
1731	2
1732	2
1733	2
1734	2
1735	2
1736	6
1737	6
1738	6
1739	2
1740	6
1741	2
1742	10
1743	10
1744	10
1745	10
1746	10
1747	10
1748	10
1749	10
1750	10
1751	10
1752	10
1753	10
1754	10
1755	10
1756	10
1757	4
1758	4
1759	4
1760	4
1761	10
1762	10
1763	10
1764	6
1765	10
1766	10
1767	6
1768	10
1769	10
1770	10
1771	10
1772	10
1773	10
1774	4
1775	4
1776	4
1777	4
1778	4
1779	4
1780	4
1781	4
1782	4
1783	4
1784	4
1785	4
1786	4
1787	10
1788	10
1789	10
1790	10
1791	10
1792	10
1793	10
1794	10
1795	4
1796	4
1797	4
1798	4
1799	10
1800	10
1801	10
1802	10
1803	10
1804	6
1805	10
1806	10
1807	10
1808	10
1809	2
1810	3
1811	3
1812	3
1813	3
1814	3
1815	3
1816	3
1817	3
1818	2
1819	3
1820	2
1821	3
1822	2
1823	3
1824	3
1825	2
1826	3
1827	3
1828	2
1829	3
1830	4
1831	4
1832	4
1833	4
1834	4
1835	3
1836	3
1837	4
1838	3
1839	3
1840	8
1841	8
1842	8
1843	8
1844	8
1845	2
1846	3
1847	3
1848	3
1849	3
1850	3
1851	3
1852	3
1853	3
1854	3
1855	3
1856	3
1857	4
1858	4
1859	4
1860	4
1861	4
1862	4
1863	3
1864	3
1865	3
1866	3
1867	3
1868	2
1869	3
1870	2
1871	2
1872	13
1873	13
1874	13
1875	13
1876	13
1877	13
1878	13
1879	13
1880	13
1881	13
1882	13
1883	13
1884	13
1885	13
1886	13
1887	13
1888	13
1889	13
1890	13
1891	13
1892	13
1893	13
1894	13
1895	7
1896	7
1897	7
1898	9
1899	9
1900	9
1901	9
1902	9
1903	9
1904	7
1905	7
1906	7
1907	7
1908	7
1909	7
1910	7
1911	7
1912	7
1913	7
1914	7
1915	7
1916	9
1917	9
1918	9
1919	9
1920	9
1921	9
1922	9
1923	9
1924	7
1925	7
1926	7
1927	7
1928	7
1929	7
1930	7
1931	7
1932	7
1933	7
1934	7
1935	7
1936	7
1937	7
1938	7
1939	7
1940	7
1941	7
1942	7
1943	7
1944	7
1945	7
1946	7
1947	7
1948	7
1949	7
1950	7
1951	7
1952	7
1953	7
1954	7
1955	7
1956	7
1957	7
1958	7
1959	7
1960	7
1961	7
1962	7
1963	7
1964	7
1965	7
1966	7
1967	7
1968	7
1969	7
1970	7
1971	7
1972	7
1973	7
1974	7
1975	7
1976	8
1977	8
1978	8
1979	8
1980	8
1981	8
1982	8
1983	8
1984	8
1985	8
1986	8
1987	8
1988	8
1989	8
1990	8
1991	8
1992	8
1993	8
1994	8
1995	8
1996	8
1997	8
1998	8
1999	8
2000	8
2001	8
2002	8
2003	8
2004	8
2005	8
2006	8
2007	8
2008	8
2009	8
2010	8
2011	8
2012	8
2013	8
2014	8
2015	8
2016	8
2017	11
2018	11
2019	11
2020	11
2021	11
2022	11
2023	11
2024	13
2025	11
2026	11
2027	11
2028	11
2029	11
2030	13
2031	13
2032	13
2033	13
2034	13
2035	13
2036	13
2037	13
2038	4
2039	4
2040	4
2041	4
2042	4
2043	11
2044	11
2045	11
2046	13
2047	13
2048	4
2049	4
2050	11
2051	13
2052	13
2053	13
2054	13
2055	13
2056	13
2057	13
2058	8
2059	8
2060	8
2061	8
2062	8
2063	8
2064	8
2065	8
2066	8
2067	8
2068	11
2069	11
2070	11
2071	11
2072	11
2073	11
2074	11
2075	11
2076	11
2077	11
2078	11
2079	11
2080	11
2081	11
2082	11
2083	11
2084	11
2085	11
2086	11
2087	11
2088	11
2089	5
2090	5
2091	5
2092	5
2093	5
2094	5
2095	5
2096	10
2097	10
2098	10
2099	10
2100	10
2101	10
2102	10
2103	10
2104	10
2105	10
2106	10
2107	10
2108	10
2109	10
2110	10
2111	10
2112	10
2113	6
2114	6
2115	6
2116	3
2117	6
2118	3
2119	6
2120	3
2121	3
2122	3
2123	6
2124	11
2125	3
2126	3
2127	6
2128	6
2129	6
2130	3
2131	6
2132	6
2133	3
2134	6
2135	6
2136	6
2137	6
2138	3
2139	3
2140	3
2141	6
2142	6
2143	6
2144	6
2145	3
2146	6
2147	6
2148	3
2149	3
2150	3
2151	3
2152	6
2153	6
2154	6
2155	6
2156	6
2157	6
2158	3
2159	3
2160	6
2161	6
2162	6
2163	6
2164	6
2165	6
2166	6
2167	3
2168	3
2169	6
2170	6
2171	6
2172	6
2173	6
2174	6
2175	6
2176	6
2177	3
2178	3
2179	3
2180	6
2181	6
2182	6
2183	6
2184	6
2185	6
2186	6
2187	6
2188	6
2189	3
2190	3
2191	3
2192	3
2193	6
2194	6
2195	6
2196	3
2197	6
2198	6
2199	6
2200	6
2201	6
2202	6
2203	6
2204	3
2205	3
2206	3
2207	3
2208	3
2209	6
2210	6
2211	6
2212	6
2213	3
2214	3
2215	6
2216	6
2217	3
2218	6
2219	6
2220	6
2221	3
2222	3
2223	6
2224	3
2225	6
2226	6
2227	6
2228	6
2229	6
2230	6
2231	6
2232	6
2233	3
2234	6
2235	6
2236	6
2237	6
2238	6
2239	6
2240	6
2241	6
2242	6
2243	6
2244	6
2245	6
2246	3
2247	6
2248	6
2249	6
2250	6
2251	6
2252	6
2253	6
2254	6
2255	6
2256	6
2257	6
2258	3
2259	3
2260	3
2261	6
2262	6
2263	6
2264	6
2265	3
2266	6
2267	6
2268	6
2269	6
2270	6
2271	6
2272	6
2273	6
2274	6
2275	6
2276	6
2277	3
2278	6
2279	6
2280	6
2281	6
2282	3
2283	3
2284	11
2285	11
2286	6
2287	6
2288	6
2289	6
2290	6
2291	6
2292	6
2293	6
2294	3
2295	3
2296	3
2297	3
2298	6
2299	6
2300	6
2301	6
2302	6
2303	3
2304	3
2305	6
2306	6
2307	6
2308	6
2309	11
2310	11
2311	11
2312	9
2313	9
2314	9
2315	9
2316	9
2317	9
2318	9
2319	9
2320	9
2321	9
2322	5
2323	9
2324	5
2325	9
2326	9
2327	9
2328	9
2329	9
2330	7
2331	7
2332	7
2333	7
2334	7
2335	7
2336	7
2337	7
2338	7
2339	7
2340	7
2341	7
2342	7
2343	7
2344	7
2345	7
2346	5
2347	5
2348	5
2349	5
2350	5
2351	5
2352	5
2353	5
2354	5
2355	5
2356	5
2357	5
2358	5
2359	5
2360	5
2361	5
2362	5
2363	5
2364	5
2365	5
2366	3
2367	6
2368	3
2369	6
2370	3
2371	3
2372	3
2373	3
2374	3
2375	3
2376	3
2377	3
2378	3
2379	3
2380	3
2381	3
2382	3
2383	3
2384	3
2385	3
2386	3
2387	3
2388	3
2389	3
2390	3
2391	3
2392	3
2393	3
2394	3
2395	3
2396	3
2397	3
2398	3
2399	3
2400	3
2401	3
2402	3
2403	3
2404	3
2405	3
2406	3
2407	3
2408	3
2409	3
2410	3
2411	3
2412	3
2413	3
2414	3
2415	1
2416	1
2417	1
2418	1
2419	1
2420	1
2421	1
2422	1
2423	1
2424	1
2425	1
2426	1
2427	1
2428	1
2429	1
2430	1
2431	1
2432	1
2433	1
2434	1
2435	1
2436	1
2437	1
2438	1
2439	1
2440	1
2441	1
2442	1
2443	1
2444	1
2445	1
2446	1
2447	1
2448	1
2449	12
2450	12
2451	12
2452	12
2453	12
2454	1
2455	1
2456	1
2457	1
2458	1
2459	1
2460	1
2461	1
2462	1
2463	1
2464	1
2465	1
2466	1
2467	1
2468	1
2469	1
2470	1
2471	1
2472	1
2473	1
2474	1
2475	1
2476	1
2477	1
2478	1
2479	1
2480	1
2481	1
2482	1
2483	1
2484	1
2485	12
2486	12
2487	1
2488	1
2489	12
2490	12
2491	12
2492	1
2493	1
2494	12
2495	12
2496	1
2497	1
2498	1
2499	1
2500	1
2501	12
2502	1
2503	1
2504	1
2505	1
2506	1
2507	1
2508	1
2509	1
2510	1
2511	1
2512	1
2513	1
2514	1
2515	1
2516	12
2517	1
2518	12
2519	1
2520	1
2521	12
2522	1
2523	1
2524	1
2525	1
2526	1
2527	1
2528	1
2529	1
2530	1
2531	1
2532	1
2533	1
2534	1
2535	1
2536	1
2537	1
2538	1
2539	1
2540	1
2541	1
2542	1
2543	1
2544	1
2545	1
2546	1
2547	1
2548	1
2549	1
2550	1
2551	1
2552	1
2553	1
2554	1
2555	12
2556	12
2557	1
2558	1
2559	1
2560	1
2561	1
2562	1
2563	1
2564	1
2565	1
2566	1
2567	1
2568	1
2569	1
2570	1
2571	1
2572	1
2573	1
2574	1
2575	12
2576	12
2577	12
2578	12
2579	12
2580	12
2581	1
2582	1
2583	12
2584	12
2585	1
2586	1
2587	1
2588	1
2589	1
2590	1
2591	1
2592	1
2593	1
2594	1
2595	1
2596	1
2597	1
2598	1
2599	1
2600	1
2601	1
2602	1
2603	1
2604	1
2605	1
2606	11
2607	11
2608	11
2609	11
2610	11
2611	11
2612	11
2613	11
2614	13
2615	13
2616	11
2617	11
2618	11
2619	13
2620	11
2621	11
2622	11
2623	11
2624	13
2625	11
2626	11
2627	11
2628	11
2629	11
2630	11
2631	11
2632	11
2633	11
2634	11
2635	11
2636	13
2637	11
2638	11
2639	11
2640	8
2641	8
2642	8
2643	8
2644	8
2645	8
2646	8
2647	8
2648	8
2649	8
2650	8
2651	8
2652	8
2653	8
2654	12
2655	8
2656	8
2657	12
2658	8
2659	8
2660	8
2661	12
2662	12
2663	8
2664	12
2665	8
2666	8
2667	8
2668	8
2669	8
2670	12
2671	8
2672	8
2673	8
2674	8
2675	12
2676	8
2677	8
2678	12
2679	8
2680	8
2681	8
2682	8
2683	8
2684	8
2685	8
2686	8
2687	8
2688	7
2689	7
2690	7
2691	7
315	5
1657	2
