0	1
1	1
2	1
3	1
4	1
5	1
6	1
7	10
8	10
9	10
10	10
11	10
12	10
13	10
14	10
15	10
16	10
17	10
18	8
19	8
20	8
21	4
22	4
23	4
24	4
25	4
26	4
27	4
28	4
29	6
30	6
31	6
32	6
33	6
34	6
35	6
36	6
37	6
38	6
39	6
40	6
41	6
42	6
43	6
44	6
45	6
46	6
47	6
48	6
49	6
50	6
51	6
52	6
53	2
54	2
55	2
56	2
57	2
58	6
59	6
60	6
61	6
62	6
63	6
64	6
65	2
66	2
67	2
68	2
69	2
70	2
71	4
72	4
73	4
74	4
75	6
76	6
77	6
78	6
79	6
80	6
81	6
82	6
83	5
84	5
85	5
86	5
87	5
88	5
89	5
90	5
91	5
92	5
93	5
94	5
95	5
96	10
97	10
98	10
99	10
100	10
101	10
102	10
103	10
104	10
105	10
106	10
107	10
108	10
109	10
110	10
111	5
112	5
113	5
114	10
115	10
116	10
117	5
118	10
119	5
120	10
121	5
122	10
123	10
124	10
125	10
126	5
127	10
128	5
129	5
130	5
131	5
132	5
133	5
134	5
135	5
136	5
137	5
138	5
139	5
140	5
141	5
142	5
143	5
144	5
145	5
146	5
147	5
148	5
149	5
150	5
151	5
152	5
153	5
154	5
155	5
156	5
157	5
158	5
159	5
160	5
161	5
162	5
163	5
164	5
165	5
166	12
167	12
168	12
169	12
170	12
171	12
172	12
173	12
174	12
175	12
176	12
177	12
178	12
179	12
180	12
181	12
182	12
183	6
184	6
185	6
186	6
187	6
188	6
189	6
190	6
191	6
192	6
193	6
194	6
195	6
196	6
197	6
198	6
199	6
200	6
201	6
202	6
203	6
204	6
205	6
206	6
207	6
208	4
209	4
210	4
211	4
212	4
213	4
214	4
215	4
216	4
217	11
218	4
219	4
220	11
221	11
222	11
223	11
224	11
225	11
226	4
227	4
228	4
229	4
230	4
231	4
232	4
233	4
234	4
235	4
236	11
237	11
238	11
239	11
240	4
241	4
242	4
243	4
244	4
245	4
246	4
247	4
248	6
249	6
250	6
251	6
252	6
253	6
254	6
255	6
256	6
257	6
258	6
259	6
260	6
261	7
262	7
263	7
264	7
265	7
266	7
267	7
268	7
269	7
270	7
271	7
272	7
273	7
274	7
275	7
276	7
277	7
278	7
279	7
280	7
281	7
282	7
283	7
284	7
285	7
286	7
287	7
288	7
289	7
290	7
291	7
292	7
293	7
294	7
295	7
296	7
297	7
298	7
299	7
300	7
301	7
302	6
303	6
304	6
305	6
306	2
307	11
308	11
309	2
310	2
311	2
312	11
313	11
314	2
316	8
317	8
318	8
319	8
320	8
321	8
322	8
323	8
324	8
325	8
326	8
327	8
328	8
329	8
330	8
331	11
332	11
333	11
334	11
335	11
336	2
337	8
338	8
339	8
340	11
341	11
342	11
343	11
344	11
345	11
346	11
347	2
348	11
349	11
350	2
351	11
352	11
353	2
354	11
355	2
356	5
357	5
358	5
359	5
360	5
361	5
362	5
363	5
364	5
365	5
366	5
367	5
368	5
369	2
370	11
371	11
372	2
373	2
374	11
375	2
376	2
377	11
378	11
379	2
380	11
381	11
382	11
383	11
384	11
385	11
386	11
387	11
388	11
389	8
390	8
391	8
392	8
393	8
394	11
395	2
396	11
397	2
398	8
399	8
400	8
401	8
402	8
403	4
404	4
405	4
406	4
407	4
408	4
409	8
410	8
411	8
412	8
413	6
414	6
415	6
416	8
417	6
418	8
419	6
420	6
421	6
422	8
423	8
424	6
425	12
426	12
427	12
428	12
429	12
430	12
431	12
432	12
433	6
434	6
435	6
436	6
437	6
438	6
439	8
440	6
441	6
442	8
443	6
444	6
445	8
446	12
447	12
448	12
449	12
450	12
451	6
452	8
453	8
454	12
455	12
456	12
457	6
458	8
459	6
460	8
461	6
462	6
463	12
464	12
465	12
466	12
467	12
468	12
469	12
470	12
471	12
472	12
473	6
474	8
475	7
476	7
477	12
478	12
479	12
480	12
481	12
482	12
483	12
484	4
485	4
486	12
487	12
488	12
489	7
490	7
491	7
492	7
493	7
494	7
495	12
496	12
497	12
498	4
499	12
500	12
501	12
502	4
503	12
504	12
505	12
506	4
507	4
508	4
509	4
510	4
511	4
512	4
513	4
514	4
515	4
516	4
517	4
518	4
519	4
520	4
521	4
522	5
523	5
524	5
525	5
526	1
527	1
528	5
529	5
530	5
531	5
532	5
533	5
534	5
535	5
536	5
537	5
538	1
539	1
540	1
541	1
542	1
543	1
544	1
545	1
546	1
547	1
548	1
549	1
550	1
551	1
552	1
553	1
554	1
555	1
556	1
557	1
558	1
559	4
560	4
561	4
562	4
563	4
564	4
565	1
566	1
567	1
568	1
569	1
570	10
571	10
572	10
573	10
574	10
575	10
576	10
577	10
578	10
579	10
580	10
581	1
582	1
583	1
584	1
585	1
586	1
587	7
588	4
589	4
590	4
591	4
592	4
593	4
594	7
595	4
596	7
597	4
598	7
599	4
600	4
601	4
602	4
603	6
604	6
605	6
606	6
607	6
608	6
609	6
610	6
611	6
612	6
613	6
614	6
615	6
616	6
617	4
618	4
619	4
620	7
621	7
622	7
623	7
624	7
625	7
626	7
627	7
628	4
629	4
630	4
631	4
632	7
633	4
634	7
635	4
636	7
637	7
638	7
639	6
640	6
641	6
642	6
643	6
644	6
645	6
646	6
647	6
648	6
649	6
650	6
651	6
652	6
653	6
654	6
655	6
656	6
657	7
658	7
659	7
660	7
661	1
662	1
663	1
664	1
665	1
666	1
667	1
668	1
669	1
670	4
671	4
672	4
673	4
674	4
675	4
676	4
677	4
678	4
679	4
680	1
681	1
682	1
683	1
684	1
685	1
686	1
687	1
688	1
689	1
690	1
691	1
692	1
693	1
694	1
695	1
696	1
697	4
698	4
699	4
700	4
701	4
702	4
703	4
704	4
705	4
706	4
707	4
708	4
709	4
710	4
711	4
712	4
713	4
714	1
715	1
716	4
717	4
718	4
719	4
720	4
721	4
722	4
723	4
724	4
725	4
726	4
727	4
728	4
729	4
730	4
731	4
732	8
733	8
734	8
735	8
736	8
737	12
738	12
739	12
740	12
741	12
742	12
743	12
744	7
745	8
746	8
747	8
748	8
749	8
750	8
751	8
752	8
753	8
754	8
755	8
756	8
757	8
758	8
759	8
760	8
761	8
762	8
763	8
764	8
765	8
766	7
767	12
768	7
769	12
770	8
771	8
772	7
773	7
774	7
775	12
776	12
777	7
778	12
779	7
780	7
781	7
782	7
783	7
784	7
785	11
786	7
787	7
788	7
789	7
790	7
791	11
792	11
793	11
794	11
795	11
796	11
797	11
798	11
799	11
800	11
801	7
802	7
803	7
804	7
805	11
806	11
807	11
808	7
809	7
810	7
811	9
812	9
813	9
814	9
815	9
816	9
817	9
818	9
819	9
820	9
821	9
822	9
823	9
824	9
825	9
826	9
827	9
828	3
829	9
830	9
831	9
832	9
833	9
834	9
835	9
836	9
837	9
838	9
839	9
840	9
841	9
842	9
843	9
844	9
845	9
846	9
847	9
848	9
849	9
850	9
851	9
852	9
853	9
854	9
855	9
856	3
857	9
858	6
859	6
860	6
861	6
862	6
863	6
864	6
865	6
866	6
867	6
868	6
869	6
870	6
871	9
872	9
873	9
874	9
875	9
876	9
877	9
878	9
879	9
880	3
881	9
882	9
883	9
884	9
885	9
886	9
887	9
888	9
889	9
890	9
891	9
892	3
893	9
894	9
895	9
896	9
897	9
898	9
899	3
900	3
901	9
902	9
903	9
904	9
905	9
906	9
907	9
908	9
909	9
910	3
911	3
912	3
913	3
914	9
915	9
916	9
917	9
918	9
919	9
920	9
921	9
922	3
923	3
924	3
925	9
926	9
927	9
928	9
929	9
930	9
931	9
932	9
933	3
934	3
935	9
936	9
937	9
938	9
939	9
940	9
941	9
942	9
943	3
944	3
945	3
946	9
947	9
948	9
949	9
950	9
951	9
952	9
953	9
954	3
955	3
956	3
957	9
958	9
959	9
960	9
961	9
962	9
963	9
964	9
965	9
966	9
967	9
968	9
969	9
970	9
971	9
972	9
973	9
974	9
975	9
976	9
977	9
978	3
979	9
980	3
981	3
982	9
983	9
984	8
985	12
986	12
987	12
988	12
989	12
990	12
991	12
992	12
993	12
994	12
995	12
996	12
997	12
998	12
999	12
1000	12
1001	12
1002	12
1003	12
1004	12
1005	12
1006	12
1007	8
1008	8
1009	12
1010	8
1011	9
1012	9
1013	8
1014	9
1015	9
1016	9
1017	8
1018	9
1019	9
1020	8
1021	8
1022	8
1023	8
1024	9
1025	8
1026	8
1027	8
1028	9
1029	9
1030	9
1031	9
1032	9
1033	9
1034	8
1035	8
1036	8
1037	8
1038	8
1039	9
1040	9
1041	8
1042	8
1043	8
1044	9
1045	9
1046	8
1047	8
1048	9
1049	9
1050	8
1051	9
1052	8
1053	8
1054	8
1055	8
1056	8
1057	8
1058	8
1059	9
1060	8
1061	8
1062	9
1063	8
1064	8
1065	8
1066	8
1067	8
1068	8
1069	9
1070	8
1071	9
1072	9
1073	9
1074	8
1075	6
1076	6
1077	6
1078	6
1079	6
1080	6
1081	6
1082	6
1083	6
1084	6
1085	6
1086	6
1087	7
1088	7
1089	7
1090	7
1091	7
1092	7
1093	7
1094	4
1095	4
1096	4
1097	4
1098	4
1099	4
1100	4
1101	4
1102	4
1103	4
1104	4
1105	4
1106	4
1107	3
1108	3
1109	3
1110	3
1111	3
1112	3
1113	3
1114	2
1115	3
1116	3
1117	3
1118	2
1119	3
1120	3
1121	3
1122	2
1123	3
1124	2
1125	2
1126	3
1127	3
1128	3
1129	3
1130	3
1131	2
1132	3
1133	3
1134	3
1135	3
1136	3
1137	3
1138	3
1139	3
1140	3
1141	3
1142	3
1143	3
1144	3
1145	3
1146	3
1147	2
1148	3
1149	3
1150	3
1151	3
1152	3
1153	3
1154	11
1155	11
1156	11
1157	11
1158	11
1159	11
1160	11
1161	11
1162	11
1163	11
1164	11
1165	11
1166	11
1167	11
1168	11
1169	9
1170	8
1171	9
1172	9
1173	8
1174	8
1175	8
1176	9
1177	9
1178	9
1179	9
1180	9
1181	9
1182	9
1183	9
1184	8
1185	9
1186	8
1187	9
1188	9
1189	8
1190	8
1191	8
1192	9
1193	9
1194	8
1195	9
1196	8
1197	9
1198	8
1199	9
1200	3
1201	3
1202	3
1203	3
1204	3
1205	3
1206	3
1207	3
1208	3
1209	3
1210	3
1211	3
1212	3
1213	3
1214	3
1215	3
1216	3
1217	3
1218	3
1219	3
1220	3
1221	3
1222	3
1223	3
1224	3
1225	3
1226	3
1227	3
1228	3
1229	3
1230	3
1231	3
1232	3
1233	3
1234	3
1235	3
1236	3
1237	3
1238	3
1239	3
1240	7
1241	7
1242	4
1243	4
1244	4
1245	7
1246	4
1247	4
1248	4
1249	4
1250	4
1251	4
1252	4
1253	6
1254	6
1255	6
1256	6
1257	6
1258	4
1259	4
1260	4
1261	4
1262	4
1263	7
1264	6
1265	6
1266	6
1267	6
1268	6
1269	6
1270	6
1271	6
1272	6
1273	6
1274	6
1275	6
1276	6
1277	6
1278	11
1279	11
1280	11
1281	4
1282	7
1283	7
1284	6
1285	6
1286	6
1287	6
1288	11
1289	11
1290	11
1291	11
1292	11
1293	11
1294	11
1295	11
1296	11
1297	11
1298	11
1299	11
1300	11
1301	11
1302	11
1303	6
1304	6
1305	6
1306	6
1307	6
1308	6
1309	6
1310	6
1311	6
1312	6
1313	6
1314	3
1315	3
1316	3
1317	3
1318	3
1319	3
1320	3
1321	3
1322	3
1323	3
1324	3
1325	3
1326	3
1327	3
1328	3
1329	3
1330	3
1331	3
1332	3
1333	3
1334	3
1335	3
1336	3
1337	3
1338	3
1339	3
1340	3
1341	3
1342	3
1343	3
1344	3
1345	3
1346	6
1347	1
1348	1
1349	1
1350	6
1351	6
1352	6
1353	6
1354	1
1355	1
1356	6
1357	1
1358	1
1359	1
1360	6
1361	6
1362	6
1363	3
1364	3
1365	3
1366	3
1367	3
1368	3
1369	3
1370	3
1371	3
1372	3
1373	3
1374	3
1375	3
1376	3
1377	3
1378	3
1379	3
1380	3
1381	11
1382	11
1383	11
1384	11
1385	11
1386	11
1387	11
1388	11
1389	11
1390	11
1391	11
1392	11
1393	11
1394	11
1395	11
1396	11
1397	6
1398	6
1399	6
1400	6
1401	6
1402	6
1403	6
1404	6
1405	6
1406	6
1407	6
1408	6
1409	6
1410	6
1411	6
1412	6
1413	6
1414	6
1415	6
1416	6
1417	6
1418	6
1419	6
1420	6
1421	6
1422	6
1423	6
1424	6
1425	6
1426	6
1427	6
1428	5
1429	5
1430	5
1431	10
1432	10
1433	5
1434	5
1435	5
1436	5
1437	5
1438	5
1439	10
1440	10
1441	8
1442	8
1443	8
1444	8
1445	8
1446	8
1447	8
1448	8
1449	8
1450	8
1451	8
1452	8
1453	8
1454	8
1455	5
1456	10
1457	10
1458	5
1459	5
1460	10
1461	5
1462	5
1463	5
1464	10
1465	4
1466	4
1467	4
1468	4
1469	4
1470	4
1471	4
1472	4
1473	4
1474	4
1475	4
1476	4
1477	4
1478	4
1479	4
1480	4
1481	4
1482	4
1483	4
1484	4
1485	4
1486	4
1487	4
1488	4
1489	8
1490	8
1491	8
1492	8
1493	8
1494	8
1495	8
1496	8
1497	8
1498	8
1499	8
1500	8
1501	1
1502	1
1503	1
1504	1
1505	1
1506	1
1507	1
1508	1
1509	1
1510	1
1511	1
1512	1
1513	1
1514	1
1515	1
1516	1
1517	1
1518	1
1519	1
1520	1
1521	1
1522	1
1523	1
1524	1
1525	1
1526	1
1527	1
1528	1
1529	12
1530	12
1531	12
1532	12
1533	12
1534	12
1535	12
1536	12
1537	12
1538	12
1539	12
1540	12
1541	12
1542	12
1543	12
1544	12
1545	12
1546	12
1547	12
1548	12
1549	12
1550	12
1551	12
1552	5
1553	5
1554	5
1555	5
1556	5
1557	5
1558	5
1559	5
1560	5
1561	5
1562	5
1563	5
1564	5
1565	5
1566	5
1567	5
1568	5
1569	5
1570	5
1571	5
1572	5
1573	5
1574	5
1575	5
1576	8
1577	8
1578	8
1579	8
1580	8
1581	8
1582	8
1583	8
1584	8
1585	8
1586	8
1587	8
1588	8
1589	8
1590	8
1591	8
1592	8
1593	6
1594	6
1595	6
1596	6
1597	6
1598	6
1599	6
1600	6
1601	6
1602	5
1603	5
1604	5
1605	5
1606	5
1607	5
1608	5
1609	5
1610	5
1611	5
1612	5
1613	5
1614	5
1615	5
1616	5
1617	5
1618	11
1619	11
1620	4
1621	4
1622	4
1623	4
1624	4
1625	4
1626	4
1627	4
1628	4
1629	3
1630	8
1631	3
1632	8
1633	3
1634	3
1635	3
1636	8
1637	3
1638	3
1639	3
1640	3
1641	3
1642	3
1643	3
1644	4
1645	4
1646	4
1647	4
1648	4
1649	3
1650	3
1651	3
1652	3
1653	3
1654	3
1655	3
1656	3
1658	3
1659	3
1660	3
1661	3
1662	3
1663	3
1664	3
1665	3
1666	8
1667	8
1668	8
1669	3
1670	3
1671	3
1672	3
1673	4
1674	3
1675	3
1676	3
1677	4
1678	7
1679	7
1680	7
1681	7
1682	7
1683	7
1684	7
1685	8
1686	8
1687	8
1688	8
1689	8
1690	8
1691	8
1692	8
1693	8
1694	8
1695	8
1696	8
1697	8
1698	8
1699	8
1700	8
1701	8
1702	8
1703	13
1704	13
1705	8
1706	8
1707	8
1708	8
1709	8
1710	8
1711	8
1712	8
1713	4
1714	4
1715	4
1716	4
1717	4
1718	4
1719	4
1720	4
1721	4
1722	4
1723	4
1724	4
1725	8
1726	8
1727	8
1728	4
1729	8
1730	8
1731	8
1732	8
1733	8
1734	8
1735	8
1736	8
1737	8
1738	8
1739	8
1740	8
1741	8
1742	1
1743	1
1744	1
1745	1
1746	1
1747	1
1748	1
1749	1
1750	1
1751	1
1752	1
1753	1
1754	1
1755	1
1756	1
1757	4
1758	4
1759	4
1760	4
1761	1
1762	1
1763	1
1764	1
1765	1
1766	1
1767	1
1768	1
1769	1
1770	1
1771	1
1772	1
1773	1
1774	4
1775	4
1776	4
1777	4
1778	4
1779	4
1780	4
1781	4
1782	4
1783	4
1784	4
1785	4
1786	4
1787	1
1788	1
1789	1
1790	1
1791	1
1792	1
1793	1
1794	1
1795	4
1796	4
1797	4
1798	4
1799	1
1800	1
1801	1
1802	1
1803	1
1804	1
1805	1
1806	1
1807	1
1808	1
1809	10
1810	10
1811	10
1812	10
1813	10
1814	10
1815	10
1816	10
1817	10
1818	10
1819	10
1820	10
1821	10
1822	10
1823	10
1824	10
1825	10
1826	10
1827	10
1828	10
1829	10
1830	4
1831	4
1832	4
1833	4
1834	4
1835	10
1836	10
1837	4
1838	10
1839	10
1840	3
1841	3
1842	3
1843	3
1844	3
1845	10
1846	10
1847	10
1848	10
1849	10
1850	10
1851	10
1852	10
1853	10
1854	10
1855	10
1856	10
1857	4
1858	4
1859	4
1860	4
1861	4
1862	4
1863	10
1864	10
1865	10
1866	10
1867	10
1868	10
1869	10
1870	10
1871	10
1872	7
1873	7
1874	7
1875	7
1876	7
1877	7
1878	7
1879	7
1880	7
1881	7
1882	7
1883	7
1884	7
1885	7
1886	7
1887	7
1888	7
1889	7
1890	7
1891	7
1892	7
1893	7
1894	7
1895	1
1896	1
1897	1
1898	2
1899	2
1900	2
1901	2
1902	2
1903	2
1904	6
1905	6
1906	6
1907	6
1908	1
1909	1
1910	6
1911	1
1912	6
1913	6
1914	6
1915	6
1916	2
1917	2
1918	2
1919	2
1920	2
1921	2
1922	2
1923	2
1924	1
1925	1
1926	1
1927	1
1928	1
1929	1
1930	1
1931	6
1932	6
1933	1
1934	6
1935	6
1936	6
1937	1
1938	6
1939	6
1940	1
1941	1
1942	6
1943	1
1944	1
1945	6
1946	6
1947	6
1948	6
1949	6
1950	6
1951	1
1952	1
1953	1
1954	6
1955	6
1956	1
1957	1
1958	6
1959	1
1960	6
1961	6
1962	1
1963	6
1964	1
1965	1
1966	6
1967	6
1968	6
1969	6
1970	1
1971	1
1972	1
1973	6
1974	1
1975	1
1976	5
1977	12
1978	5
1979	12
1980	5
1981	12
1982	12
1983	12
1984	5
1985	12
1986	12
1987	12
1988	5
1989	5
1990	5
1991	12
1992	5
1993	12
1994	12
1995	12
1996	5
1997	12
1998	5
1999	12
2000	12
2001	5
2002	5
2003	5
2004	5
2005	5
2006	5
2007	5
2008	5
2009	12
2010	12
2011	12
2012	12
2013	5
2014	5
2015	12
2016	5
2017	7
2018	7
2019	7
2020	7
2021	7
2022	7
2023	7
2024	12
2025	7
2026	7
2027	7
2028	7
2029	7
2030	12
2031	12
2032	12
2033	12
2034	12
2035	12
2036	12
2037	7
2038	4
2039	4
2040	4
2041	4
2042	4
2043	7
2044	7
2045	7
2046	12
2047	12
2048	4
2049	4
2050	7
2051	12
2052	12
2053	7
2054	7
2055	12
2056	7
2057	12
2058	5
2059	5
2060	5
2061	5
2062	5
2063	5
2064	5
2065	5
2066	5
2067	5
2068	7
2069	7
2070	7
2071	7
2072	7
2073	7
2074	7
2075	7
2076	7
2077	7
2078	7
2079	7
2080	7
2081	7
2082	7
2083	7
2084	7
2085	7
2086	7
2087	7
2088	7
2089	8
2090	8
2091	8
2092	8
2093	8
2094	8
2095	8
2096	1
2097	1
2098	1
2099	1
2100	1
2101	1
2102	1
2103	1
2104	1
2105	1
2106	1
2107	1
2108	1
2109	1
2110	1
2111	1
2112	1
2113	13
2114	13
2115	13
2116	10
2117	13
2118	13
2119	13
2120	13
2121	13
2122	13
2123	10
2124	7
2125	10
2126	10
2127	13
2128	13
2129	13
2130	13
2131	13
2132	13
2133	13
2134	10
2135	13
2136	10
2137	10
2138	13
2139	13
2140	10
2141	13
2142	13
2143	13
2144	13
2145	13
2146	13
2147	13
2148	13
2149	13
2150	10
2151	10
2152	13
2153	13
2154	13
2155	13
2156	13
2157	13
2158	10
2159	13
2160	13
2161	13
2162	10
2163	10
2164	13
2165	13
2166	10
2167	13
2168	13
2169	13
2170	13
2171	13
2172	13
2173	13
2174	13
2175	13
2176	10
2177	13
2178	10
2179	10
2180	13
2181	13
2182	13
2183	13
2184	13
2185	13
2186	13
2187	13
2188	13
2189	13
2190	13
2191	13
2192	13
2193	13
2194	13
2195	13
2196	13
2197	13
2198	13
2199	10
2200	13
2201	13
2202	13
2203	13
2204	10
2205	13
2206	10
2207	13
2208	13
2209	13
2210	13
2211	13
2212	13
2213	13
2214	13
2215	10
2216	10
2217	13
2218	13
2219	13
2220	13
2221	13
2222	13
2223	13
2224	10
2225	13
2226	13
2227	13
2228	13
2229	13
2230	13
2231	13
2232	13
2233	13
2234	10
2235	13
2236	10
2237	10
2238	10
2239	13
2240	13
2241	13
2242	13
2243	13
2244	13
2245	10
2246	10
2247	13
2248	13
2249	13
2250	13
2251	13
2252	13
2253	13
2254	13
2255	13
2256	13
2257	13
2258	10
2259	10
2260	10
2261	13
2262	13
2263	13
2264	13
2265	10
2266	13
2267	13
2268	13
2269	13
2270	13
2271	10
2272	13
2273	10
2274	13
2275	13
2276	13
2277	13
2278	13
2279	13
2280	13
2281	13
2282	13
2283	13
2284	7
2285	7
2286	13
2287	13
2288	13
2289	13
2290	13
2291	13
2292	13
2293	13
2294	13
2295	13
2296	13
2297	13
2298	13
2299	13
2300	10
2301	13
2302	10
2303	10
2304	13
2305	13
2306	13
2307	13
2308	13
2309	7
2310	7
2311	7
2312	9
2313	9
2314	9
2315	9
2316	9
2317	9
2318	9
2319	9
2320	9
2321	9
2322	9
2323	9
2324	9
2325	9
2326	9
2327	9
2328	9
2329	9
2330	6
2331	6
2332	6
2333	6
2334	6
2335	6
2336	6
2337	6
2338	6
2339	6
2340	6
2341	6
2342	6
2343	6
2344	6
2345	6
2346	9
2347	9
2348	9
2349	9
2350	9
2351	9
2352	9
2353	9
2354	9
2355	9
2356	9
2357	9
2358	9
2359	9
2360	9
2361	9
2362	9
2363	9
2364	9
2365	9
2366	10
2367	10
2368	10
2369	10
2370	10
2371	13
2372	10
2373	10
2374	10
2375	13
2376	10
2377	10
2378	10
2379	13
2380	13
2381	10
2382	10
2383	10
2384	10
2385	10
2386	10
2387	10
2388	10
2389	10
2390	10
2391	10
2392	10
2393	10
2394	10
2395	10
2396	10
2397	10
2398	10
2399	10
2400	10
2401	13
2402	13
2403	10
2404	13
2405	13
2406	10
2407	13
2408	10
2409	10
2410	10
2411	10
2412	13
2413	13
2414	13
2415	2
2416	11
2417	2
2418	2
2419	11
2420	11
2421	2
2422	2
2423	2
2424	2
2425	2
2426	2
2427	11
2428	11
2429	11
2430	11
2431	11
2432	2
2433	2
2434	2
2435	2
2436	2
2437	2
2438	11
2439	11
2440	2
2441	2
2442	2
2443	2
2444	2
2445	2
2446	2
2447	2
2448	2
2449	2
2450	2
2451	2
2452	2
2453	2
2454	2
2455	2
2456	2
2457	2
2458	2
2459	2
2460	2
2461	2
2462	2
2463	2
2464	2
2465	2
2466	2
2467	2
2468	2
2469	2
2470	2
2471	2
2472	2
2473	2
2474	2
2475	2
2476	2
2477	2
2478	2
2479	2
2480	2
2481	2
2482	2
2483	2
2484	2
2485	2
2486	2
2487	2
2488	2
2489	2
2490	2
2491	2
2492	2
2493	2
2494	2
2495	2
2496	11
2497	11
2498	11
2499	11
2500	2
2501	2
2502	11
2503	2
2504	11
2505	11
2506	11
2507	2
2508	11
2509	11
2510	11
2511	11
2512	11
2513	11
2514	11
2515	2
2516	2
2517	2
2518	2
2519	2
2520	2
2521	2
2522	2
2523	11
2524	11
2525	11
2526	2
2527	2
2528	11
2529	11
2530	11
2531	11
2532	11
2533	11
2534	11
2535	11
2536	11
2537	11
2538	11
2539	2
2540	11
2541	2
2542	11
2543	11
2544	2
2545	2
2546	2
2547	11
2548	11
2549	11
2550	2
2551	2
2552	11
2553	11
2554	2
2555	2
2556	2
2557	2
2558	11
2559	11
2560	11
2561	11
2562	11
2563	11
2564	2
2565	11
2566	2
2567	2
2568	11
2569	11
2570	11
2571	11
2572	11
2573	11
2574	11
2575	2
2576	2
2577	2
2578	2
2579	2
2580	2
2581	11
2582	2
2583	2
2584	2
2585	2
2586	2
2587	11
2588	11
2589	11
2590	11
2591	11
2592	11
2593	11
2594	2
2595	2
2596	2
2597	2
2598	2
2599	2
2600	2
2601	2
2602	2
2603	2
2604	11
2605	11
2606	7
2607	7
2608	7
2609	7
2610	7
2611	7
2612	7
2613	7
2614	7
2615	7
2616	7
2617	7
2618	7
2619	7
2620	7
2621	7
2622	7
2623	7
2624	7
2625	7
2626	7
2627	7
2628	7
2629	7
2630	7
2631	7
2632	7
2633	7
2634	7
2635	7
2636	7
2637	7
2638	7
2639	7
2640	12
2641	12
2642	12
2643	12
2644	12
2645	12
2646	12
2647	12
2648	12
2649	12
2650	12
2651	12
2652	12
2653	12
2654	12
2655	12
2656	12
2657	12
2658	12
2659	12
2660	12
2661	12
2662	12
2663	12
2664	12
2665	5
2666	12
2667	12
2668	5
2669	5
2670	12
2671	5
2672	12
2673	5
2674	12
2675	12
2676	12
2677	12
2678	12
2679	5
2680	12
2681	5
2682	5
2683	5
2684	5
2685	12
2686	12
2687	12
2688	6
2689	6
2690	6
2691	6
315	8
1657	3
