0	7
1	7
2	7
3	7
4	7
5	7
6	7
7	6
8	6
9	6
10	6
11	6
12	6
13	6
14	6
15	6
16	6
17	6
18	6
19	6
20	6
21	13
22	13
23	13
24	13
25	13
26	13
27	13
28	13
29	11
30	11
31	11
32	11
33	6
34	11
35	11
36	11
37	11
38	11
39	11
40	11
41	6
42	11
43	11
44	6
45	11
46	11
47	6
48	11
49	11
50	11
51	11
52	11
53	9
54	9
55	9
56	9
57	9
58	11
59	11
60	11
61	11
62	11
63	11
64	11
65	9
66	9
67	9
68	9
69	9
70	9
71	13
72	13
73	13
74	13
75	11
76	11
77	11
78	11
79	11
80	11
81	11
82	11
83	1
84	1
85	1
86	1
87	1
88	1
89	1
90	1
91	1
92	1
93	1
94	1
95	1
96	6
97	6
98	6
99	6
100	6
101	6
102	6
103	6
104	6
105	6
106	6
107	6
108	6
109	6
110	6
111	6
112	6
113	6
114	6
115	6
116	6
117	6
118	6
119	6
120	6
121	6
122	6
123	6
124	6
125	6
126	6
127	6
128	6
129	1
130	1
131	1
132	1
133	1
134	1
135	1
136	1
137	1
138	1
139	1
140	1
141	1
142	1
143	1
144	1
145	1
146	1
147	1
148	1
149	1
150	1
151	1
152	1
153	1
154	1
155	1
156	1
157	1
158	1
159	1
160	1
161	1
162	1
163	1
164	1
165	1
166	12
167	12
168	12
169	12
170	12
171	12
172	12
173	12
174	12
175	12
176	12
177	12
178	12
179	12
180	12
181	12
182	12
183	11
184	11
185	11
186	11
187	11
188	11
189	11
190	11
191	11
192	11
193	11
194	11
195	11
196	11
197	11
198	11
199	11
200	11
201	11
202	11
203	11
204	11
205	11
206	11
207	11
208	8
209	8
210	8
211	8
212	8
213	8
214	8
215	8
216	8
217	8
218	8
219	8
220	8
221	8
222	8
223	8
224	8
225	8
226	8
227	8
228	8
229	8
230	8
231	8
232	8
233	8
234	8
235	8
236	8
237	8
238	8
239	8
240	8
241	8
242	8
243	8
244	8
245	8
246	8
247	8
248	11
249	11
250	11
251	11
252	11
253	11
254	11
255	11
256	11
257	11
258	11
259	11
260	11
261	13
262	13
263	13
264	13
265	13
266	13
267	13
268	13
269	13
270	13
271	13
272	13
273	13
274	13
275	13
276	13
277	13
278	13
279	13
280	13
281	13
282	13
283	13
284	13
285	13
286	13
287	13
288	13
289	13
290	13
291	13
292	13
293	13
294	13
295	13
296	13
297	13
298	13
299	13
300	13
301	13
302	11
303	11
304	11
305	11
306	8
307	8
308	8
309	3
310	3
311	3
312	8
313	8
314	3
316	6
317	6
318	6
319	6
320	6
321	6
322	6
323	6
324	6
325	6
326	6
327	6
328	6
329	6
330	6
331	8
332	8
333	8
334	8
335	8
336	3
337	6
338	6
339	6
340	8
341	8
342	8
343	8
344	8
345	3
346	8
347	3
348	8
349	8
350	8
351	8
352	8
353	3
354	8
355	3
356	3
357	3
358	3
359	3
360	3
361	3
362	3
363	3
364	3
365	3
366	3
367	3
368	3
369	3
370	3
371	3
372	8
373	3
374	8
375	3
376	3
377	8
378	8
379	8
380	8
381	8
382	8
383	8
384	8
385	8
386	8
387	8
388	8
389	6
390	6
391	6
392	6
393	6
394	8
395	8
396	8
397	3
398	6
399	6
400	6
401	6
402	6
403	8
404	8
405	8
406	2
407	2
408	2
409	6
410	7
411	6
412	6
413	7
414	7
415	7
416	6
417	7
418	6
419	6
420	7
421	7
422	7
423	6
424	7
425	12
426	12
427	12
428	12
429	12
430	12
431	12
432	12
433	6
434	7
435	7
436	6
437	7
438	7
439	6
440	7
441	7
442	6
443	7
444	7
445	6
446	12
447	12
448	12
449	12
450	12
451	7
452	6
453	7
454	12
455	12
456	12
457	7
458	6
459	7
460	7
461	7
462	7
463	12
464	12
465	12
466	12
467	12
468	12
469	12
470	12
471	12
472	12
473	7
474	6
475	13
476	13
477	12
478	12
479	12
480	12
481	12
482	12
483	12
484	8
485	8
486	12
487	12
488	12
489	13
490	13
491	13
492	13
493	13
494	13
495	12
496	12
497	12
498	8
499	12
500	12
501	12
502	8
503	12
504	12
505	12
506	2
507	8
508	8
509	8
510	8
511	8
512	8
513	2
514	8
515	8
516	8
517	2
518	2
519	2
520	8
521	8
522	5
523	5
524	5
525	5
526	7
527	7
528	5
529	5
530	5
531	5
532	5
533	5
534	5
535	5
536	5
537	5
538	11
539	11
540	11
541	7
542	7
543	7
544	7
545	11
546	7
547	7
548	11
549	11
550	11
551	11
552	11
553	11
554	11
555	11
556	11
557	11
558	11
559	13
560	13
561	13
562	13
563	13
564	13
565	11
566	11
567	11
568	11
569	11
570	5
571	5
572	5
573	5
574	5
575	5
576	5
577	5
578	5
579	5
580	5
581	7
582	11
583	7
584	7
585	11
586	11
587	13
588	8
589	8
590	8
591	8
592	8
593	8
594	8
595	8
596	13
597	8
598	13
599	8
600	8
601	8
602	8
603	11
604	11
605	11
606	11
607	11
608	11
609	11
610	11
611	11
612	11
613	11
614	11
615	11
616	11
617	13
618	8
619	8
620	13
621	13
622	13
623	13
624	13
625	13
626	13
627	13
628	13
629	13
630	8
631	8
632	13
633	8
634	13
635	8
636	13
637	13
638	13
639	11
640	11
641	11
642	11
643	11
644	11
645	11
646	11
647	11
648	11
649	11
650	11
651	11
652	11
653	11
654	11
655	11
656	11
657	12
658	12
659	12
660	12
661	7
662	7
663	7
664	7
665	7
666	7
667	7
668	7
669	7
670	1
671	1
672	1
673	1
674	1
675	1
676	1
677	1
678	1
679	1
680	7
681	7
682	7
683	7
684	7
685	7
686	7
687	7
688	7
689	7
690	7
691	7
692	7
693	7
694	7
695	7
696	7
697	1
698	1
699	1
700	1
701	1
702	1
703	1
704	1
705	1
706	1
707	1
708	1
709	1
710	1
711	1
712	1
713	1
714	7
715	7
716	13
717	13
718	1
719	1
720	1
721	13
722	13
723	13
724	13
725	13
726	13
727	13
728	13
729	13
730	13
731	13
732	6
733	6
734	6
735	6
736	6
737	12
738	12
739	12
740	12
741	12
742	12
743	12
744	12
745	6
746	6
747	6
748	6
749	6
750	6
751	6
752	6
753	6
754	6
755	6
756	6
757	6
758	6
759	6
760	6
761	6
762	6
763	6
764	6
765	6
766	12
767	12
768	12
769	12
770	6
771	6
772	12
773	12
774	12
775	12
776	12
777	12
778	12
779	12
780	12
781	12
782	12
783	12
784	12
785	8
786	12
787	12
788	12
789	12
790	12
791	8
792	8
793	8
794	8
795	8
796	8
797	8
798	8
799	8
800	8
801	12
802	12
803	12
804	12
805	8
806	8
807	8
808	12
809	12
810	12
811	10
812	9
813	9
814	10
815	9
816	9
817	9
818	9
819	9
820	9
821	10
822	9
823	9
824	9
825	9
826	9
827	9
828	9
829	10
830	10
831	9
832	9
833	9
834	10
835	10
836	10
837	10
838	9
839	9
840	10
841	9
842	10
843	10
844	9
845	9
846	9
847	10
848	9
849	9
850	9
851	9
852	10
853	9
854	10
855	9
856	10
857	9
858	11
859	11
860	11
861	11
862	11
863	11
864	11
865	11
866	11
867	11
868	11
869	11
870	11
871	9
872	9
873	9
874	9
875	10
876	9
877	9
878	9
879	9
880	9
881	9
882	9
883	10
884	9
885	10
886	9
887	9
888	10
889	9
890	9
891	9
892	9
893	10
894	10
895	10
896	9
897	9
898	9
899	9
900	9
901	9
902	9
903	10
904	9
905	10
906	9
907	10
908	9
909	9
910	9
911	9
912	9
913	9
914	9
915	9
916	9
917	9
918	9
919	9
920	10
921	10
922	9
923	9
924	9
925	10
926	9
927	9
928	9
929	9
930	10
931	10
932	10
933	9
934	9
935	9
936	9
937	9
938	9
939	9
940	9
941	9
942	10
943	9
944	9
945	9
946	9
947	10
948	9
949	10
950	9
951	10
952	10
953	9
954	9
955	9
956	9
957	9
958	10
959	9
960	9
961	9
962	10
963	9
964	10
965	9
966	9
967	9
968	9
969	9
970	9
971	9
972	9
973	10
974	9
975	10
976	9
977	10
978	9
979	9
980	9
981	9
982	10
983	10
984	10
985	1
986	1
987	1
988	1
989	1
990	1
991	1
992	12
993	1
994	1
995	1
996	1
997	1
998	1
999	1
1000	12
1001	12
1002	1
1003	1
1004	1
1005	1
1006	1
1007	10
1008	10
1009	1
1010	10
1011	10
1012	10
1013	10
1014	10
1015	10
1016	10
1017	10
1018	10
1019	10
1020	10
1021	10
1022	10
1023	10
1024	10
1025	10
1026	10
1027	10
1028	10
1029	10
1030	10
1031	10
1032	10
1033	10
1034	10
1035	10
1036	10
1037	10
1038	10
1039	10
1040	10
1041	10
1042	10
1043	10
1044	10
1045	10
1046	10
1047	10
1048	10
1049	10
1050	10
1051	10
1052	10
1053	10
1054	10
1055	10
1056	10
1057	10
1058	10
1059	10
1060	10
1061	10
1062	10
1063	10
1064	10
1065	10
1066	10
1067	10
1068	10
1069	10
1070	10
1071	10
1072	10
1073	10
1074	10
1075	11
1076	11
1077	11
1078	11
1079	11
1080	11
1081	11
1082	11
1083	11
1084	11
1085	11
1086	11
1087	13
1088	13
1089	13
1090	13
1091	13
1092	13
1093	13
1094	13
1095	13
1096	13
1097	13
1098	13
1099	13
1100	13
1101	13
1102	13
1103	13
1104	13
1105	13
1106	13
1107	9
1108	9
1109	9
1110	9
1111	9
1112	9
1113	9
1114	9
1115	9
1116	9
1117	9
1118	9
1119	9
1120	9
1121	9
1122	9
1123	9
1124	9
1125	9
1126	9
1127	9
1128	9
1129	9
1130	9
1131	9
1132	9
1133	9
1134	9
1135	9
1136	9
1137	9
1138	9
1139	9
1140	9
1141	9
1142	9
1143	9
1144	9
1145	9
1146	9
1147	9
1148	9
1149	9
1150	9
1151	9
1152	9
1153	9
1154	8
1155	8
1156	8
1157	8
1158	8
1159	8
1160	8
1161	8
1162	8
1163	8
1164	8
1165	8
1166	8
1167	8
1168	8
1169	10
1170	10
1171	10
1172	10
1173	10
1174	10
1175	10
1176	10
1177	10
1178	10
1179	10
1180	10
1181	10
1182	10
1183	10
1184	10
1185	10
1186	10
1187	10
1188	10
1189	10
1190	10
1191	10
1192	10
1193	10
1194	10
1195	10
1196	10
1197	10
1198	10
1199	10
1200	3
1201	3
1202	3
1203	9
1204	9
1205	9
1206	3
1207	9
1208	3
1209	3
1210	3
1211	3
1212	3
1213	3
1214	9
1215	3
1216	9
1217	9
1218	9
1219	9
1220	9
1221	3
1222	9
1223	3
1224	9
1225	9
1226	9
1227	9
1228	9
1229	3
1230	9
1231	3
1232	3
1233	3
1234	3
1235	9
1236	9
1237	9
1238	9
1239	9
1240	13
1241	13
1242	13
1243	13
1244	8
1245	13
1246	8
1247	8
1248	13
1249	8
1250	13
1251	13
1252	8
1253	11
1254	11
1255	11
1256	11
1257	11
1258	13
1259	13
1260	8
1261	8
1262	13
1263	13
1264	11
1265	11
1266	11
1267	11
1268	11
1269	11
1270	11
1271	11
1272	11
1273	11
1274	11
1275	11
1276	11
1277	11
1278	8
1279	8
1280	8
1281	13
1282	13
1283	13
1284	11
1285	11
1286	11
1287	11
1288	2
1289	2
1290	2
1291	2
1292	2
1293	2
1294	2
1295	2
1296	2
1297	2
1298	8
1299	2
1300	2
1301	2
1302	2
1303	11
1304	11
1305	11
1306	11
1307	11
1308	11
1309	11
1310	11
1311	11
1312	11
1313	11
1314	9
1315	9
1316	9
1317	9
1318	9
1319	9
1320	9
1321	9
1322	9
1323	9
1324	9
1325	9
1326	9
1327	9
1328	9
1329	9
1330	9
1331	9
1332	9
1333	9
1334	9
1335	9
1336	9
1337	9
1338	9
1339	9
1340	9
1341	9
1342	9
1343	9
1344	9
1345	9
1346	7
1347	7
1348	7
1349	7
1350	7
1351	7
1352	7
1353	7
1354	7
1355	7
1356	7
1357	7
1358	7
1359	7
1360	7
1361	7
1362	7
1363	3
1364	3
1365	3
1366	3
1367	3
1368	3
1369	3
1370	3
1371	3
1372	3
1373	3
1374	3
1375	3
1376	3
1377	3
1378	3
1379	3
1380	3
1381	8
1382	8
1383	8
1384	8
1385	8
1386	8
1387	8
1388	8
1389	8
1390	8
1391	8
1392	8
1393	8
1394	8
1395	8
1396	8
1397	7
1398	7
1399	7
1400	7
1401	7
1402	7
1403	7
1404	7
1405	7
1406	7
1407	7
1408	7
1409	7
1410	7
1411	7
1412	7
1413	7
1414	7
1415	7
1416	7
1417	7
1418	7
1419	7
1420	7
1421	7
1422	7
1423	7
1424	7
1425	7
1426	7
1427	7
1428	5
1429	5
1430	5
1431	5
1432	5
1433	5
1434	5
1435	5
1436	5
1437	5
1438	5
1439	5
1440	5
1441	6
1442	6
1443	6
1444	6
1445	10
1446	6
1447	6
1448	10
1449	6
1450	10
1451	10
1452	10
1453	10
1454	10
1455	5
1456	5
1457	5
1458	5
1459	5
1460	5
1461	5
1462	5
1463	5
1464	5
1465	1
1466	1
1467	1
1468	1
1469	1
1470	1
1471	1
1472	1
1473	1
1474	8
1475	8
1476	1
1477	8
1478	1
1479	1
1480	1
1481	1
1482	8
1483	8
1484	1
1485	1
1486	8
1487	1
1488	1
1489	6
1490	6
1491	6
1492	6
1493	6
1494	6
1495	6
1496	6
1497	6
1498	6
1499	6
1500	6
1501	7
1502	7
1503	7
1504	7
1505	7
1506	7
1507	7
1508	7
1509	7
1510	7
1511	7
1512	7
1513	7
1514	7
1515	7
1516	7
1517	7
1518	7
1519	7
1520	7
1521	7
1522	7
1523	7
1524	7
1525	7
1526	7
1527	7
1528	7
1529	12
1530	12
1531	12
1532	12
1533	12
1534	12
1535	12
1536	12
1537	12
1538	12
1539	12
1540	12
1541	12
1542	12
1543	12
1544	12
1545	12
1546	12
1547	12
1548	12
1549	12
1550	12
1551	12
1552	3
1553	3
1554	3
1555	3
1556	3
1557	3
1558	3
1559	3
1560	3
1561	3
1562	3
1563	3
1564	3
1565	3
1566	3
1567	3
1568	3
1569	3
1570	3
1571	3
1572	3
1573	3
1574	3
1575	3
1576	6
1577	6
1578	6
1579	6
1580	6
1581	6
1582	6
1583	6
1584	6
1585	6
1586	6
1587	6
1588	6
1589	6
1590	6
1591	6
1592	6
1593	11
1594	11
1595	11
1596	11
1597	11
1598	11
1599	11
1600	11
1601	11
1602	5
1603	5
1604	5
1605	5
1606	5
1607	5
1608	5
1609	5
1610	5
1611	5
1612	5
1613	5
1614	5
1615	5
1616	5
1617	5
1618	8
1619	8
1620	8
1621	8
1622	8
1623	8
1624	8
1625	8
1626	8
1627	8
1628	8
1629	10
1630	10
1631	6
1632	6
1633	10
1634	6
1635	6
1636	6
1637	10
1638	6
1639	10
1640	6
1641	10
1642	6
1643	6
1644	8
1645	8
1646	8
1647	8
1648	8
1649	6
1650	10
1651	6
1652	10
1653	10
1654	6
1655	6
1656	6
1658	6
1659	10
1660	6
1661	6
1662	6
1663	6
1664	6
1665	6
1666	10
1667	6
1668	6
1669	10
1670	10
1671	6
1672	6
1673	8
1674	10
1675	6
1676	6
1677	8
1678	13
1679	13
1680	13
1681	13
1682	13
1683	13
1684	13
1685	6
1686	6
1687	6
1688	6
1689	6
1690	6
1691	6
1692	6
1693	6
1694	6
1695	6
1696	6
1697	6
1698	6
1699	6
1700	6
1701	6
1702	6
1703	4
1704	4
1705	6
1706	6
1707	6
1708	6
1709	6
1710	6
1711	6
1712	6
1713	8
1714	8
1715	8
1716	8
1717	8
1718	8
1719	8
1720	8
1721	8
1722	8
1723	8
1724	8
1725	6
1726	6
1727	6
1728	8
1729	6
1730	6
1731	6
1732	6
1733	6
1734	6
1735	6
1736	6
1737	6
1738	6
1739	6
1740	6
1741	6
1742	7
1743	7
1744	7
1745	7
1746	7
1747	7
1748	7
1749	7
1750	7
1751	7
1752	7
1753	7
1754	7
1755	7
1756	7
1757	8
1758	8
1759	8
1760	8
1761	7
1762	7
1763	7
1764	7
1765	7
1766	7
1767	7
1768	7
1769	7
1770	7
1771	7
1772	7
1773	7
1774	8
1775	8
1776	8
1777	8
1778	8
1779	8
1780	8
1781	8
1782	8
1783	8
1784	8
1785	8
1786	8
1787	7
1788	7
1789	7
1790	7
1791	7
1792	7
1793	7
1794	7
1795	8
1796	8
1797	8
1798	8
1799	7
1800	7
1801	7
1802	7
1803	7
1804	7
1805	7
1806	7
1807	7
1808	7
1809	5
1810	4
1811	4
1812	4
1813	4
1814	4
1815	4
1816	5
1817	4
1818	4
1819	5
1820	4
1821	5
1822	4
1823	5
1824	4
1825	4
1826	4
1827	4
1828	4
1829	4
1830	13
1831	13
1832	13
1833	13
1834	13
1835	4
1836	4
1837	13
1838	5
1839	5
1840	3
1841	3
1842	3
1843	3
1844	3
1845	4
1846	5
1847	5
1848	5
1849	4
1850	5
1851	5
1852	5
1853	5
1854	4
1855	4
1856	4
1857	8
1858	8
1859	8
1860	8
1861	8
1862	8
1863	4
1864	5
1865	5
1866	5
1867	5
1868	4
1869	5
1870	5
1871	4
1872	13
1873	13
1874	13
1875	13
1876	13
1877	13
1878	13
1879	13
1880	13
1881	13
1882	13
1883	13
1884	13
1885	13
1886	13
1887	13
1888	13
1889	13
1890	13
1891	13
1892	13
1893	13
1894	13
1895	11
1896	11
1897	11
1898	8
1899	8
1900	8
1901	8
1902	8
1903	8
1904	11
1905	11
1906	11
1907	11
1908	11
1909	11
1910	11
1911	11
1912	11
1913	11
1914	11
1915	11
1916	8
1917	8
1918	8
1919	8
1920	8
1921	8
1922	8
1923	8
1924	11
1925	11
1926	11
1927	11
1928	7
1929	11
1930	11
1931	11
1932	11
1933	11
1934	11
1935	11
1936	11
1937	11
1938	11
1939	11
1940	11
1941	11
1942	11
1943	11
1944	11
1945	11
1946	11
1947	11
1948	11
1949	11
1950	11
1951	11
1952	11
1953	11
1954	11
1955	11
1956	11
1957	11
1958	11
1959	11
1960	11
1961	11
1962	11
1963	11
1964	11
1965	11
1966	11
1967	11
1968	11
1969	11
1970	11
1971	11
1972	11
1973	11
1974	11
1975	11
1976	12
1977	12
1978	1
1979	12
1980	12
1981	12
1982	12
1983	12
1984	12
1985	12
1986	12
1987	12
1988	12
1989	12
1990	1
1991	12
1992	12
1993	12
1994	12
1995	12
1996	1
1997	12
1998	12
1999	12
2000	12
2001	12
2002	1
2003	12
2004	12
2005	12
2006	12
2007	12
2008	12
2009	12
2010	12
2011	12
2012	12
2013	12
2014	12
2015	12
2016	1
2017	13
2018	13
2019	13
2020	13
2021	13
2022	13
2023	13
2024	12
2025	13
2026	13
2027	13
2028	13
2029	13
2030	12
2031	12
2032	12
2033	12
2034	12
2035	12
2036	12
2037	12
2038	13
2039	13
2040	13
2041	13
2042	13
2043	13
2044	13
2045	13
2046	12
2047	12
2048	13
2049	13
2050	13
2051	12
2052	12
2053	12
2054	12
2055	12
2056	12
2057	12
2058	1
2059	1
2060	1
2061	1
2062	1
2063	1
2064	1
2065	1
2066	1
2067	1
2068	13
2069	13
2070	13
2071	13
2072	13
2073	13
2074	13
2075	13
2076	13
2077	13
2078	13
2079	13
2080	13
2081	13
2082	13
2083	13
2084	13
2085	13
2086	13
2087	13
2088	13
2089	6
2090	6
2091	6
2092	6
2093	6
2094	6
2095	6
2096	7
2097	7
2098	7
2099	7
2100	7
2101	7
2102	7
2103	7
2104	7
2105	7
2106	7
2107	7
2108	7
2109	7
2110	7
2111	7
2112	7
2113	5
2114	5
2115	4
2116	4
2117	4
2118	5
2119	5
2120	4
2121	4
2122	5
2123	5
2124	13
2125	4
2126	4
2127	4
2128	4
2129	4
2130	5
2131	4
2132	4
2133	5
2134	4
2135	4
2136	5
2137	5
2138	5
2139	4
2140	5
2141	5
2142	5
2143	5
2144	5
2145	5
2146	5
2147	5
2148	5
2149	5
2150	4
2151	4
2152	4
2153	4
2154	5
2155	5
2156	5
2157	5
2158	4
2159	5
2160	4
2161	4
2162	4
2163	4
2164	4
2165	4
2166	4
2167	5
2168	4
2169	4
2170	4
2171	5
2172	4
2173	4
2174	5
2175	5
2176	5
2177	5
2178	4
2179	4
2180	4
2181	4
2182	4
2183	4
2184	4
2185	4
2186	4
2187	4
2188	5
2189	4
2190	4
2191	4
2192	4
2193	4
2194	5
2195	5
2196	5
2197	5
2198	4
2199	5
2200	4
2201	5
2202	5
2203	5
2204	4
2205	4
2206	4
2207	4
2208	4
2209	4
2210	4
2211	5
2212	5
2213	4
2214	4
2215	5
2216	5
2217	4
2218	4
2219	4
2220	4
2221	4
2222	5
2223	5
2224	4
2225	4
2226	4
2227	4
2228	5
2229	5
2230	4
2231	4
2232	4
2233	5
2234	5
2235	4
2236	5
2237	5
2238	5
2239	4
2240	4
2241	5
2242	5
2243	5
2244	5
2245	5
2246	4
2247	4
2248	4
2249	4
2250	4
2251	4
2252	4
2253	5
2254	5
2255	5
2256	4
2257	4
2258	4
2259	4
2260	4
2261	4
2262	4
2263	4
2264	4
2265	4
2266	5
2267	4
2268	4
2269	5
2270	5
2271	4
2272	4
2273	5
2274	4
2275	4
2276	4
2277	5
2278	5
2279	5
2280	4
2281	4
2282	5
2283	5
2284	13
2285	13
2286	5
2287	5
2288	4
2289	4
2290	4
2291	4
2292	4
2293	4
2294	4
2295	4
2296	4
2297	5
2298	5
2299	5
2300	5
2301	4
2302	5
2303	4
2304	5
2305	4
2306	4
2307	4
2308	4
2309	13
2310	13
2311	13
2312	10
2313	10
2314	10
2315	10
2316	10
2317	10
2318	10
2319	10
2320	10
2321	10
2322	10
2323	10
2324	10
2325	10
2326	10
2327	10
2328	10
2329	10
2330	11
2331	11
2332	11
2333	11
2334	11
2335	11
2336	11
2337	11
2338	11
2339	11
2340	11
2341	11
2342	11
2343	11
2344	11
2345	11
2346	10
2347	10
2348	10
2349	10
2350	10
2351	10
2352	10
2353	10
2354	10
2355	10
2356	10
2357	10
2358	10
2359	10
2360	10
2361	10
2362	10
2363	10
2364	10
2365	10
2366	5
2367	5
2368	5
2369	5
2370	5
2371	5
2372	5
2373	5
2374	5
2375	5
2376	5
2377	5
2378	5
2379	5
2380	5
2381	5
2382	5
2383	5
2384	5
2385	5
2386	5
2387	5
2388	5
2389	5
2390	5
2391	5
2392	5
2393	5
2394	5
2395	5
2396	5
2397	5
2398	5
2399	5
2400	5
2401	5
2402	5
2403	5
2404	5
2405	5
2406	5
2407	5
2408	5
2409	5
2410	5
2411	5
2412	5
2413	5
2414	5
2415	2
2416	2
2417	3
2418	2
2419	2
2420	2
2421	2
2422	2
2423	2
2424	2
2425	3
2426	2
2427	2
2428	2
2429	2
2430	2
2431	2
2432	2
2433	2
2434	2
2435	2
2436	2
2437	2
2438	2
2439	2
2440	2
2441	2
2442	2
2443	2
2444	2
2445	2
2446	2
2447	2
2448	2
2449	3
2450	2
2451	3
2452	3
2453	3
2454	3
2455	3
2456	3
2457	3
2458	3
2459	3
2460	2
2461	2
2462	3
2463	3
2464	3
2465	2
2466	2
2467	3
2468	3
2469	3
2470	3
2471	3
2472	2
2473	2
2474	2
2475	3
2476	3
2477	3
2478	3
2479	3
2480	2
2481	3
2482	3
2483	2
2484	3
2485	3
2486	3
2487	3
2488	3
2489	3
2490	3
2491	2
2492	3
2493	3
2494	3
2495	3
2496	2
2497	2
2498	2
2499	2
2500	3
2501	3
2502	2
2503	2
2504	2
2505	2
2506	2
2507	2
2508	2
2509	2
2510	2
2511	2
2512	2
2513	2
2514	2
2515	2
2516	2
2517	2
2518	2
2519	2
2520	2
2521	2
2522	2
2523	2
2524	2
2525	2
2526	2
2527	2
2528	2
2529	2
2530	2
2531	2
2532	2
2533	2
2534	2
2535	2
2536	2
2537	2
2538	2
2539	2
2540	2
2541	2
2542	2
2543	2
2544	2
2545	2
2546	2
2547	2
2548	2
2549	2
2550	2
2551	2
2552	2
2553	2
2554	2
2555	2
2556	2
2557	2
2558	2
2559	2
2560	2
2561	2
2562	2
2563	2
2564	2
2565	2
2566	2
2567	2
2568	2
2569	2
2570	2
2571	2
2572	2
2573	2
2574	2
2575	3
2576	3
2577	2
2578	3
2579	2
2580	2
2581	2
2582	2
2583	3
2584	2
2585	2
2586	3
2587	2
2588	2
2589	2
2590	2
2591	2
2592	2
2593	2
2594	3
2595	2
2596	2
2597	3
2598	2
2599	2
2600	2
2601	2
2602	2
2603	2
2604	2
2605	2
2606	13
2607	13
2608	13
2609	13
2610	13
2611	13
2612	13
2613	13
2614	13
2615	13
2616	13
2617	13
2618	13
2619	13
2620	13
2621	13
2622	13
2623	13
2624	13
2625	13
2626	13
2627	13
2628	13
2629	13
2630	13
2631	13
2632	13
2633	13
2634	13
2635	13
2636	13
2637	13
2638	13
2639	13
2640	1
2641	1
2642	12
2643	12
2644	12
2645	1
2646	1
2647	1
2648	1
2649	1
2650	1
2651	1
2652	1
2653	1
2654	1
2655	1
2656	12
2657	1
2658	1
2659	12
2660	12
2661	1
2662	1
2663	12
2664	1
2665	1
2666	1
2667	1
2668	1
2669	1
2670	1
2671	1
2672	1
2673	1
2674	1
2675	1
2676	1
2677	1
2678	1
2679	1
2680	1
2681	1
2682	1
2683	1
2684	1
2685	1
2686	1
2687	12
2688	11
2689	11
2690	11
2691	11
315	6
1657	6
