0	11
1	11
2	11
3	11
4	11
5	11
6	11
7	5
8	5
9	5
10	5
11	5
12	5
13	5
14	5
15	5
16	5
17	5
18	10
19	5
20	5
21	6
22	6
23	6
24	6
25	6
26	6
27	6
28	6
29	7
30	7
31	7
32	7
33	7
34	7
35	7
36	7
37	7
38	7
39	7
40	7
41	7
42	7
43	7
44	7
45	7
46	7
47	7
48	7
49	10
50	10
51	10
52	10
53	7
54	7
55	7
56	7
57	7
58	10
59	10
60	10
61	10
62	10
63	10
64	10
65	7
66	7
67	7
68	7
69	7
70	7
71	6
72	6
73	6
74	6
75	10
76	10
77	10
78	10
79	10
80	10
81	10
82	10
83	2
84	2
85	2
86	2
87	2
88	2
89	2
90	2
91	2
92	2
93	2
94	2
95	2
96	5
97	5
98	5
99	5
100	5
101	5
102	5
103	5
104	5
105	5
106	5
107	5
108	5
109	5
110	5
111	5
112	5
113	5
114	5
115	5
116	5
117	5
118	5
119	5
120	5
121	5
122	5
123	5
124	5
125	5
126	5
127	5
128	5
129	4
130	4
131	4
132	4
133	2
134	4
135	4
136	4
137	4
138	4
139	4
140	4
141	4
142	2
143	4
144	4
145	4
146	4
147	2
148	4
149	4
150	2
151	4
152	4
153	2
154	4
155	4
156	4
157	4
158	4
159	4
160	2
161	2
162	2
163	2
164	4
165	4
166	1
167	1
168	1
169	1
170	1
171	1
172	1
173	1
174	1
175	1
176	1
177	1
178	1
179	1
180	1
181	1
182	1
183	11
184	11
185	11
186	11
187	11
188	11
189	11
190	11
191	11
192	11
193	11
194	11
195	11
196	11
197	11
198	11
199	11
200	11
201	11
202	11
203	11
204	11
205	11
206	11
207	11
208	6
209	6
210	6
211	6
212	6
213	6
214	6
215	6
216	6
217	6
218	6
219	6
220	6
221	6
222	6
223	6
224	6
225	6
226	6
227	6
228	6
229	6
230	6
231	6
232	6
233	6
234	6
235	6
236	6
237	6
238	6
239	6
240	6
241	6
242	6
243	6
244	6
245	6
246	6
247	6
248	11
249	11
250	11
251	11
252	11
253	11
254	11
255	11
256	11
257	11
258	11
259	11
260	11
261	6
262	6
263	6
264	6
265	6
266	6
267	6
268	12
269	12
270	12
271	6
272	6
273	6
274	6
275	6
276	6
277	6
278	12
279	12
280	12
281	12
282	12
283	12
284	12
285	12
286	12
287	12
288	12
289	12
290	12
291	12
292	12
293	12
294	12
295	12
296	12
297	12
298	12
299	12
300	12
301	12
302	11
303	11
304	11
305	11
306	13
307	8
308	13
309	13
310	8
311	13
312	13
313	13
314	13
316	7
317	7
318	7
319	7
320	7
321	7
322	7
323	7
324	7
325	7
326	7
327	7
328	7
329	7
330	7
331	13
332	13
333	13
334	13
335	13
336	13
337	7
338	7
339	7
340	13
341	13
342	13
343	13
344	13
345	13
346	13
347	13
348	13
349	13
350	8
351	13
352	13
353	8
354	8
355	8
356	2
357	2
358	2
359	2
360	2
361	2
362	2
363	2
364	2
365	2
366	2
367	2
368	2
369	8
370	13
371	8
372	8
373	13
374	13
375	8
376	8
377	13
378	8
379	8
380	13
381	13
382	13
383	13
384	13
385	13
386	13
387	13
388	13
389	7
390	7
391	7
392	7
393	7
394	13
395	8
396	13
397	13
398	7
399	7
400	7
401	7
402	7
403	6
404	6
405	6
406	6
407	6
408	6
409	10
410	10
411	10
412	10
413	10
414	10
415	10
416	10
417	10
418	10
419	10
420	10
421	10
422	10
423	10
424	10
425	1
426	1
427	1
428	1
429	1
430	1
431	1
432	1
433	10
434	10
435	10
436	10
437	10
438	10
439	10
440	10
441	10
442	10
443	10
444	10
445	10
446	1
447	1
448	1
449	1
450	1
451	10
452	10
453	10
454	1
455	1
456	1
457	10
458	10
459	10
460	10
461	10
462	10
463	1
464	1
465	1
466	1
467	1
468	1
469	1
470	1
471	1
472	1
473	10
474	10
475	12
476	12
477	12
478	12
479	12
480	12
481	12
482	12
483	12
484	6
485	6
486	12
487	12
488	12
489	12
490	12
491	12
492	12
493	12
494	12
495	12
496	12
497	12
498	6
499	12
500	12
501	12
502	6
503	12
504	12
505	12
506	6
507	6
508	6
509	6
510	6
511	6
512	6
513	6
514	6
515	6
516	6
517	6
518	6
519	6
520	6
521	6
522	9
523	9
524	9
525	9
526	11
527	11
528	9
529	9
530	9
531	9
532	9
533	9
534	9
535	9
536	9
537	9
538	11
539	11
540	11
541	11
542	11
543	11
544	11
545	11
546	11
547	11
548	11
549	11
550	11
551	11
552	11
553	11
554	11
555	11
556	11
557	11
558	11
559	6
560	6
561	6
562	6
563	6
564	6
565	11
566	11
567	11
568	11
569	11
570	9
571	9
572	9
573	9
574	2
575	9
576	9
577	9
578	2
579	9
580	9
581	11
582	11
583	11
584	11
585	11
586	11
587	12
588	12
589	12
590	12
591	12
592	6
593	6
594	12
595	6
596	12
597	6
598	12
599	6
600	6
601	6
602	6
603	11
604	11
605	11
606	11
607	11
608	11
609	11
610	11
611	11
612	11
613	11
614	11
615	11
616	11
617	6
618	6
619	6
620	12
621	12
622	12
623	12
624	12
625	12
626	12
627	12
628	6
629	6
630	6
631	6
632	12
633	12
634	12
635	6
636	12
637	12
638	12
639	11
640	11
641	11
642	11
643	11
644	11
645	11
646	11
647	11
648	11
649	11
650	11
651	11
652	11
653	11
654	11
655	11
656	11
657	1
658	1
659	1
660	1
661	3
662	3
663	10
664	10
665	10
666	3
667	3
668	10
669	10
670	12
671	12
672	12
673	12
674	12
675	12
676	12
677	12
678	12
679	12
680	3
681	3
682	3
683	3
684	10
685	3
686	3
687	10
688	3
689	3
690	3
691	3
692	3
693	3
694	3
695	3
696	3
697	12
698	12
699	12
700	12
701	12
702	12
703	12
704	12
705	12
706	12
707	12
708	12
709	12
710	12
711	12
712	12
713	12
714	3
715	3
716	6
717	6
718	12
719	12
720	12
721	6
722	6
723	6
724	6
725	6
726	6
727	6
728	6
729	6
730	6
731	6
732	7
733	7
734	7
735	7
736	10
737	1
738	1
739	1
740	1
741	1
742	1
743	1
744	1
745	7
746	7
747	7
748	10
749	10
750	10
751	7
752	7
753	7
754	10
755	7
756	7
757	7
758	7
759	7
760	7
761	7
762	10
763	10
764	10
765	10
766	1
767	1
768	1
769	1
770	10
771	10
772	1
773	1
774	1
775	1
776	1
777	1
778	1
779	1
780	1
781	1
782	1
783	1
784	1
785	6
786	1
787	1
788	1
789	1
790	1
791	6
792	6
793	6
794	6
795	6
796	6
797	6
798	6
799	6
800	6
801	1
802	1
803	1
804	1
805	6
806	6
807	6
808	1
809	1
810	1
811	7
812	8
813	8
814	7
815	8
816	8
817	8
818	8
819	8
820	8
821	7
822	8
823	8
824	8
825	8
826	8
827	8
828	8
829	8
830	7
831	7
832	7
833	7
834	7
835	7
836	7
837	7
838	7
839	7
840	7
841	7
842	7
843	8
844	8
845	8
846	8
847	8
848	8
849	8
850	8
851	8
852	7
853	7
854	8
855	8
856	8
857	8
858	11
859	11
860	11
861	11
862	11
863	11
864	11
865	11
866	11
867	11
868	11
869	11
870	11
871	7
872	7
873	8
874	8
875	8
876	8
877	8
878	8
879	8
880	8
881	7
882	7
883	7
884	8
885	7
886	7
887	8
888	8
889	8
890	8
891	8
892	8
893	7
894	7
895	7
896	7
897	8
898	8
899	8
900	8
901	8
902	7
903	7
904	8
905	7
906	8
907	8
908	8
909	8
910	8
911	8
912	8
913	8
914	7
915	7
916	8
917	8
918	8
919	8
920	8
921	8
922	8
923	8
924	8
925	7
926	8
927	8
928	7
929	8
930	7
931	7
932	8
933	8
934	8
935	8
936	8
937	8
938	8
939	8
940	8
941	8
942	7
943	8
944	8
945	8
946	8
947	7
948	8
949	7
950	8
951	8
952	8
953	8
954	8
955	8
956	8
957	8
958	8
959	8
960	8
961	8
962	8
963	8
964	7
965	8
966	8
967	8
968	8
969	8
970	8
971	8
972	8
973	8
974	8
975	7
976	8
977	7
978	8
979	8
980	8
981	8
982	7
983	7
984	5
985	2
986	2
987	2
988	2
989	2
990	2
991	2
992	2
993	2
994	2
995	2
996	2
997	2
998	2
999	2
1000	1
1001	2
1002	2
1003	2
1004	2
1005	2
1006	2
1007	5
1008	7
1009	2
1010	5
1011	7
1012	7
1013	7
1014	7
1015	7
1016	7
1017	5
1018	7
1019	7
1020	5
1021	5
1022	5
1023	5
1024	5
1025	5
1026	5
1027	5
1028	7
1029	7
1030	7
1031	7
1032	7
1033	7
1034	5
1035	5
1036	5
1037	5
1038	5
1039	7
1040	7
1041	5
1042	5
1043	5
1044	7
1045	7
1046	5
1047	5
1048	7
1049	7
1050	5
1051	7
1052	7
1053	5
1054	5
1055	5
1056	5
1057	5
1058	5
1059	7
1060	5
1061	5
1062	7
1063	5
1064	5
1065	5
1066	5
1067	5
1068	5
1069	7
1070	5
1071	7
1072	7
1073	7
1074	7
1075	10
1076	10
1077	10
1078	10
1079	10
1080	10
1081	10
1082	10
1083	10
1084	10
1085	10
1086	10
1087	12
1088	12
1089	12
1090	12
1091	12
1092	12
1093	12
1094	6
1095	6
1096	6
1097	6
1098	6
1099	6
1100	6
1101	6
1102	6
1103	6
1104	6
1105	6
1106	6
1107	13
1108	13
1109	13
1110	13
1111	13
1112	13
1113	13
1114	13
1115	13
1116	13
1117	13
1118	13
1119	13
1120	13
1121	13
1122	13
1123	13
1124	13
1125	13
1126	13
1127	13
1128	13
1129	13
1130	13
1131	13
1132	13
1133	13
1134	13
1135	13
1136	7
1137	8
1138	8
1139	8
1140	13
1141	13
1142	13
1143	13
1144	13
1145	13
1146	13
1147	13
1148	13
1149	13
1150	13
1151	13
1152	13
1153	13
1154	6
1155	6
1156	6
1157	6
1158	13
1159	6
1160	13
1161	13
1162	13
1163	13
1164	13
1165	13
1166	13
1167	13
1168	6
1169	7
1170	5
1171	7
1172	7
1173	5
1174	5
1175	5
1176	7
1177	7
1178	7
1179	7
1180	7
1181	7
1182	7
1183	7
1184	5
1185	7
1186	5
1187	7
1188	7
1189	7
1190	5
1191	5
1192	7
1193	7
1194	5
1195	7
1196	5
1197	7
1198	5
1199	7
1200	8
1201	8
1202	8
1203	8
1204	8
1205	8
1206	8
1207	8
1208	8
1209	8
1210	8
1211	8
1212	8
1213	8
1214	8
1215	8
1216	8
1217	8
1218	8
1219	8
1220	8
1221	8
1222	8
1223	8
1224	8
1225	8
1226	8
1227	8
1228	8
1229	8
1230	8
1231	8
1232	8
1233	8
1234	8
1235	8
1236	8
1237	8
1238	8
1239	8
1240	12
1241	12
1242	12
1243	6
1244	12
1245	12
1246	12
1247	12
1248	6
1249	6
1250	6
1251	6
1252	6
1253	10
1254	10
1255	10
1256	10
1257	10
1258	6
1259	6
1260	6
1261	6
1262	12
1263	12
1264	10
1265	10
1266	10
1267	10
1268	10
1269	10
1270	10
1271	10
1272	10
1273	10
1274	10
1275	10
1276	10
1277	10
1278	6
1279	6
1280	6
1281	6
1282	12
1283	12
1284	10
1285	10
1286	10
1287	10
1288	13
1289	6
1290	6
1291	6
1292	6
1293	6
1294	13
1295	6
1296	6
1297	6
1298	6
1299	13
1300	6
1301	6
1302	6
1303	10
1304	10
1305	10
1306	10
1307	10
1308	10
1309	10
1310	10
1311	10
1312	10
1313	10
1314	8
1315	8
1316	8
1317	8
1318	8
1319	8
1320	8
1321	8
1322	7
1323	8
1324	8
1325	8
1326	8
1327	8
1328	8
1329	8
1330	8
1331	8
1332	8
1333	8
1334	8
1335	7
1336	8
1337	8
1338	8
1339	7
1340	7
1341	8
1342	7
1343	8
1344	8
1345	7
1346	10
1347	10
1348	10
1349	10
1350	10
1351	10
1352	10
1353	10
1354	10
1355	10
1356	10
1357	10
1358	10
1359	10
1360	10
1361	10
1362	10
1363	8
1364	8
1365	8
1366	8
1367	8
1368	8
1369	8
1370	8
1371	8
1372	8
1373	8
1374	8
1375	8
1376	8
1377	8
1378	8
1379	8
1380	8
1381	6
1382	6
1383	6
1384	6
1385	6
1386	6
1387	6
1388	6
1389	6
1390	6
1391	6
1392	6
1393	6
1394	6
1395	6
1396	6
1397	10
1398	10
1399	10
1400	10
1401	10
1402	10
1403	10
1404	10
1405	10
1406	10
1407	10
1408	10
1409	10
1410	10
1411	10
1412	10
1413	10
1414	10
1415	10
1416	10
1417	10
1418	10
1419	10
1420	10
1421	10
1422	10
1423	10
1424	10
1425	10
1426	10
1427	10
1428	9
1429	9
1430	9
1431	9
1432	9
1433	9
1434	9
1435	9
1436	9
1437	9
1438	9
1439	9
1440	9
1441	5
1442	5
1443	5
1444	5
1445	5
1446	5
1447	5
1448	5
1449	5
1450	5
1451	5
1452	5
1453	5
1454	5
1455	9
1456	9
1457	9
1458	9
1459	9
1460	9
1461	9
1462	9
1463	9
1464	9
1465	6
1466	6
1467	6
1468	6
1469	12
1470	6
1471	6
1472	12
1473	12
1474	6
1475	6
1476	6
1477	6
1478	6
1479	6
1480	6
1481	6
1482	6
1483	6
1484	6
1485	6
1486	6
1487	12
1488	12
1489	5
1490	5
1491	5
1492	5
1493	5
1494	5
1495	5
1496	5
1497	5
1498	5
1499	5
1500	5
1501	3
1502	3
1503	3
1504	3
1505	3
1506	11
1507	11
1508	3
1509	11
1510	11
1511	3
1512	11
1513	11
1514	11
1515	11
1516	3
1517	3
1518	3
1519	3
1520	3
1521	11
1522	3
1523	11
1524	11
1525	11
1526	3
1527	11
1528	3
1529	1
1530	1
1531	1
1532	1
1533	1
1534	1
1535	1
1536	1
1537	1
1538	1
1539	1
1540	1
1541	1
1542	1
1543	1
1544	1
1545	1
1546	1
1547	1
1548	1
1549	1
1550	1
1551	1
1552	2
1553	2
1554	2
1555	2
1556	2
1557	2
1558	2
1559	2
1560	2
1561	2
1562	2
1563	2
1564	2
1565	2
1566	2
1567	2
1568	2
1569	2
1570	2
1571	2
1572	2
1573	2
1574	2
1575	2
1576	7
1577	7
1578	7
1579	7
1580	7
1581	7
1582	7
1583	7
1584	7
1585	7
1586	7
1587	7
1588	7
1589	7
1590	7
1591	7
1592	7
1593	10
1594	10
1595	10
1596	10
1597	10
1598	10
1599	10
1600	10
1601	10
1602	2
1603	2
1604	2
1605	2
1606	2
1607	2
1608	2
1609	2
1610	2
1611	2
1612	2
1613	2
1614	2
1615	2
1616	2
1617	2
1618	6
1619	6
1620	6
1621	6
1622	6
1623	6
1624	6
1625	6
1626	6
1627	6
1628	6
1629	5
1630	5
1631	5
1632	5
1633	5
1634	5
1635	5
1636	5
1637	5
1638	5
1639	5
1640	5
1641	5
1642	5
1643	5
1644	6
1645	6
1646	6
1647	6
1648	6
1649	5
1650	5
1651	5
1652	5
1653	5
1654	5
1655	5
1656	5
1658	5
1659	5
1660	5
1661	5
1662	5
1663	5
1664	5
1665	5
1666	5
1667	5
1668	5
1669	5
1670	5
1671	5
1672	5
1673	6
1674	5
1675	5
1676	5
1677	6
1678	12
1679	12
1680	12
1681	12
1682	12
1683	12
1684	12
1685	10
1686	10
1687	10
1688	10
1689	10
1690	10
1691	10
1692	10
1693	10
1694	10
1695	10
1696	10
1697	10
1698	10
1699	10
1700	10
1701	5
1702	10
1703	9
1704	9
1705	10
1706	10
1707	10
1708	10
1709	5
1710	5
1711	10
1712	10
1713	6
1714	6
1715	6
1716	6
1717	6
1718	6
1719	6
1720	6
1721	6
1722	6
1723	6
1724	6
1725	10
1726	5
1727	10
1728	6
1729	10
1730	10
1731	10
1732	10
1733	10
1734	10
1735	10
1736	5
1737	10
1738	5
1739	5
1740	10
1741	10
1742	11
1743	3
1744	11
1745	11
1746	3
1747	11
1748	11
1749	3
1750	11
1751	3
1752	3
1753	11
1754	11
1755	3
1756	11
1757	6
1758	6
1759	6
1760	6
1761	3
1762	11
1763	11
1764	3
1765	11
1766	3
1767	3
1768	11
1769	3
1770	11
1771	11
1772	11
1773	3
1774	6
1775	6
1776	6
1777	6
1778	6
1779	6
1780	6
1781	6
1782	6
1783	6
1784	6
1785	6
1786	6
1787	3
1788	11
1789	11
1790	3
1791	3
1792	3
1793	11
1794	11
1795	6
1796	6
1797	6
1798	6
1799	11
1800	3
1801	3
1802	11
1803	11
1804	11
1805	11
1806	11
1807	11
1808	11
1809	5
1810	5
1811	5
1812	5
1813	5
1814	5
1815	5
1816	5
1817	5
1818	5
1819	5
1820	5
1821	9
1822	5
1823	9
1824	9
1825	5
1826	5
1827	5
1828	5
1829	5
1830	6
1831	6
1832	6
1833	6
1834	6
1835	9
1836	9
1837	6
1838	5
1839	5
1840	2
1841	2
1842	2
1843	2
1844	2
1845	5
1846	5
1847	5
1848	5
1849	5
1850	5
1851	5
1852	5
1853	9
1854	5
1855	9
1856	9
1857	6
1858	6
1859	6
1860	6
1861	6
1862	6
1863	9
1864	5
1865	9
1866	9
1867	9
1868	5
1869	5
1870	5
1871	5
1872	1
1873	1
1874	12
1875	12
1876	1
1877	12
1878	12
1879	12
1880	12
1881	12
1882	1
1883	12
1884	12
1885	12
1886	12
1887	12
1888	1
1889	12
1890	1
1891	12
1892	12
1893	1
1894	1
1895	11
1896	11
1897	11
1898	13
1899	13
1900	13
1901	13
1902	13
1903	13
1904	10
1905	10
1906	10
1907	10
1908	11
1909	11
1910	11
1911	11
1912	10
1913	10
1914	10
1915	10
1916	13
1917	13
1918	13
1919	13
1920	13
1921	13
1922	13
1923	13
1924	11
1925	11
1926	11
1927	11
1928	11
1929	10
1930	11
1931	10
1932	11
1933	11
1934	10
1935	10
1936	10
1937	11
1938	10
1939	10
1940	11
1941	11
1942	10
1943	10
1944	11
1945	10
1946	10
1947	10
1948	10
1949	10
1950	10
1951	11
1952	11
1953	11
1954	10
1955	10
1956	11
1957	11
1958	11
1959	11
1960	10
1961	10
1962	11
1963	11
1964	11
1965	11
1966	10
1967	10
1968	10
1969	10
1970	11
1971	10
1972	11
1973	10
1974	11
1975	11
1976	1
1977	1
1978	2
1979	1
1980	1
1981	1
1982	1
1983	1
1984	1
1985	1
1986	1
1987	1
1988	1
1989	2
1990	2
1991	1
1992	1
1993	1
1994	1
1995	1
1996	2
1997	2
1998	2
1999	1
2000	2
2001	2
2002	2
2003	2
2004	1
2005	2
2006	1
2007	1
2008	1
2009	1
2010	1
2011	1
2012	1
2013	1
2014	1
2015	1
2016	2
2017	12
2018	12
2019	12
2020	12
2021	12
2022	12
2023	12
2024	1
2025	12
2026	12
2027	12
2028	12
2029	12
2030	1
2031	1
2032	1
2033	1
2034	1
2035	1
2036	1
2037	1
2038	6
2039	6
2040	6
2041	6
2042	6
2043	12
2044	12
2045	12
2046	1
2047	1
2048	6
2049	6
2050	12
2051	1
2052	1
2053	1
2054	1
2055	1
2056	1
2057	1
2058	2
2059	2
2060	2
2061	2
2062	2
2063	2
2064	2
2065	2
2066	2
2067	2
2068	12
2069	12
2070	12
2071	12
2072	12
2073	12
2074	12
2075	12
2076	12
2077	12
2078	12
2079	12
2080	12
2081	12
2082	12
2083	12
2084	12
2085	12
2086	12
2087	12
2088	12
2089	7
2090	7
2091	7
2092	7
2093	7
2094	7
2095	7
2096	11
2097	11
2098	11
2099	11
2100	11
2101	11
2102	11
2103	11
2104	11
2105	11
2106	11
2107	11
2108	11
2109	11
2110	11
2111	11
2112	11
2113	3
2114	3
2115	3
2116	3
2117	3
2118	9
2119	9
2120	3
2121	3
2122	9
2123	9
2124	12
2125	3
2126	3
2127	3
2128	3
2129	3
2130	9
2131	3
2132	3
2133	9
2134	3
2135	3
2136	9
2137	9
2138	9
2139	3
2140	9
2141	3
2142	9
2143	9
2144	9
2145	3
2146	9
2147	9
2148	3
2149	9
2150	3
2151	3
2152	3
2153	3
2154	9
2155	9
2156	9
2157	9
2158	3
2159	9
2160	3
2161	3
2162	9
2163	9
2164	9
2165	9
2166	3
2167	3
2168	3
2169	3
2170	3
2171	9
2172	3
2173	3
2174	9
2175	9
2176	9
2177	9
2178	3
2179	3
2180	9
2181	9
2182	3
2183	3
2184	3
2185	3
2186	3
2187	3
2188	9
2189	3
2190	3
2191	3
2192	3
2193	3
2194	9
2195	3
2196	9
2197	9
2198	3
2199	9
2200	3
2201	9
2202	9
2203	9
2204	3
2205	3
2206	3
2207	3
2208	3
2209	3
2210	3
2211	9
2212	9
2213	3
2214	3
2215	9
2216	9
2217	3
2218	3
2219	3
2220	3
2221	3
2222	9
2223	9
2224	3
2225	3
2226	3
2227	3
2228	9
2229	9
2230	9
2231	9
2232	3
2233	9
2234	9
2235	3
2236	9
2237	9
2238	9
2239	3
2240	3
2241	9
2242	9
2243	9
2244	9
2245	9
2246	3
2247	9
2248	9
2249	3
2250	3
2251	3
2252	3
2253	9
2254	9
2255	9
2256	9
2257	3
2258	3
2259	3
2260	3
2261	9
2262	3
2263	3
2264	3
2265	9
2266	9
2267	3
2268	3
2269	9
2270	9
2271	3
2272	3
2273	3
2274	3
2275	3
2276	3
2277	9
2278	3
2279	9
2280	3
2281	3
2282	3
2283	9
2284	12
2285	12
2286	9
2287	9
2288	3
2289	3
2290	3
2291	3
2292	3
2293	3
2294	3
2295	3
2296	3
2297	9
2298	9
2299	9
2300	9
2301	3
2302	9
2303	3
2304	9
2305	3
2306	3
2307	3
2308	3
2309	12
2310	12
2311	12
2312	7
2313	7
2314	7
2315	7
2316	7
2317	7
2318	7
2319	7
2320	7
2321	7
2322	7
2323	7
2324	7
2325	7
2326	7
2327	7
2328	7
2329	7
2330	11
2331	11
2332	11
2333	11
2334	11
2335	11
2336	11
2337	11
2338	11
2339	11
2340	11
2341	11
2342	11
2343	11
2344	11
2345	11
2346	7
2347	7
2348	7
2349	7
2350	7
2351	7
2352	7
2353	7
2354	7
2355	7
2356	7
2357	7
2358	7
2359	7
2360	7
2361	7
2362	7
2363	7
2364	7
2365	7
2366	9
2367	9
2368	9
2369	9
2370	9
2371	9
2372	9
2373	9
2374	9
2375	9
2376	9
2377	9
2378	9
2379	9
2380	9
2381	9
2382	9
2383	9
2384	9
2385	9
2386	9
2387	9
2388	9
2389	9
2390	9
2391	9
2392	9
2393	9
2394	9
2395	9
2396	9
2397	9
2398	9
2399	9
2400	9
2401	9
2402	9
2403	9
2404	9
2405	9
2406	9
2407	9
2408	9
2409	9
2410	9
2411	9
2412	9
2413	9
2414	9
2415	13
2416	13
2417	13
2418	13
2419	4
2420	4
2421	4
2422	13
2423	4
2424	13
2425	4
2426	13
2427	4
2428	4
2429	4
2430	4
2431	13
2432	13
2433	4
2434	13
2435	13
2436	13
2437	13
2438	4
2439	4
2440	4
2441	4
2442	13
2443	13
2444	4
2445	4
2446	4
2447	4
2448	4
2449	4
2450	4
2451	4
2452	4
2453	4
2454	4
2455	4
2456	4
2457	4
2458	4
2459	4
2460	4
2461	4
2462	4
2463	4
2464	4
2465	4
2466	4
2467	4
2468	4
2469	4
2470	4
2471	4
2472	4
2473	4
2474	4
2475	4
2476	4
2477	4
2478	4
2479	4
2480	4
2481	4
2482	4
2483	4
2484	4
2485	4
2486	4
2487	4
2488	4
2489	4
2490	4
2491	4
2492	4
2493	4
2494	4
2495	4
2496	13
2497	13
2498	13
2499	13
2500	4
2501	4
2502	13
2503	13
2504	13
2505	13
2506	13
2507	13
2508	13
2509	13
2510	13
2511	13
2512	13
2513	13
2514	13
2515	4
2516	4
2517	4
2518	4
2519	4
2520	4
2521	4
2522	4
2523	13
2524	13
2525	4
2526	4
2527	4
2528	13
2529	13
2530	4
2531	13
2532	13
2533	4
2534	13
2535	13
2536	13
2537	4
2538	13
2539	4
2540	4
2541	4
2542	13
2543	13
2544	4
2545	4
2546	4
2547	13
2548	13
2549	13
2550	4
2551	4
2552	4
2553	4
2554	4
2555	4
2556	4
2557	4
2558	13
2559	13
2560	13
2561	13
2562	13
2563	4
2564	13
2565	13
2566	13
2567	13
2568	4
2569	13
2570	13
2571	13
2572	13
2573	13
2574	13
2575	4
2576	4
2577	4
2578	4
2579	4
2580	4
2581	4
2582	4
2583	4
2584	4
2585	4
2586	4
2587	4
2588	4
2589	4
2590	4
2591	4
2592	4
2593	4
2594	4
2595	4
2596	4
2597	13
2598	13
2599	13
2600	4
2601	4
2602	13
2603	4
2604	4
2605	4
2606	12
2607	12
2608	12
2609	12
2610	12
2611	12
2612	12
2613	12
2614	12
2615	12
2616	12
2617	12
2618	12
2619	12
2620	12
2621	12
2622	12
2623	12
2624	12
2625	12
2626	12
2627	12
2628	12
2629	12
2630	12
2631	12
2632	12
2633	12
2634	12
2635	12
2636	12
2637	12
2638	12
2639	12
2640	2
2641	2
2642	1
2643	1
2644	1
2645	2
2646	2
2647	2
2648	2
2649	2
2650	1
2651	2
2652	2
2653	2
2654	2
2655	2
2656	1
2657	2
2658	1
2659	1
2660	1
2661	2
2662	2
2663	1
2664	2
2665	2
2666	2
2667	2
2668	2
2669	2
2670	2
2671	2
2672	1
2673	2
2674	1
2675	2
2676	2
2677	2
2678	2
2679	2
2680	2
2681	2
2682	2
2683	2
2684	2
2685	2
2686	2
2687	1
2688	11
2689	11
2690	11
2691	11
315	7
1657	5
