0	3
1	3
2	3
3	3
4	3
5	3
6	3
7	1
8	1
9	1
10	1
11	1
12	1
13	1
14	1
15	1
16	1
17	1
18	4
19	4
20	1
21	10
22	10
23	10
24	10
25	10
26	10
27	10
28	10
29	5
30	5
31	5
32	5
33	5
34	5
35	5
36	5
37	5
38	5
39	5
40	5
41	5
42	5
43	5
44	5
45	5
46	5
47	5
48	5
49	5
50	5
51	5
52	5
53	7
54	7
55	7
56	7
57	7
58	5
59	5
60	5
61	5
62	5
63	5
64	5
65	7
66	7
67	7
68	7
69	7
70	7
71	10
72	10
73	10
74	10
75	5
76	5
77	5
78	5
79	5
80	5
81	5
82	5
83	12
84	12
85	12
86	12
87	12
88	12
89	12
90	12
91	12
92	12
93	12
94	12
95	12
96	1
97	1
98	1
99	1
100	1
101	1
102	1
103	1
104	1
105	1
106	1
107	1
108	1
109	1
110	1
111	1
112	1
113	1
114	1
115	1
116	1
117	1
118	1
119	1
120	1
121	1
122	1
123	1
124	1
125	1
126	1
127	1
128	1
129	8
130	8
131	8
132	8
133	12
134	8
135	8
136	8
137	8
138	8
139	8
140	8
141	8
142	12
143	8
144	8
145	8
146	8
147	12
148	8
149	8
150	12
151	8
152	8
153	12
154	8
155	8
156	8
157	8
158	8
159	12
160	12
161	12
162	12
163	12
164	8
165	8
166	11
167	11
168	11
169	11
170	11
171	11
172	11
173	11
174	11
175	11
176	11
177	11
178	11
179	11
180	11
181	11
182	11
183	3
184	3
185	3
186	3
187	3
188	3
189	3
190	3
191	3
192	3
193	3
194	3
195	3
196	3
197	3
198	3
199	3
200	3
201	3
202	3
203	3
204	3
205	3
206	3
207	3
208	10
209	10
210	10
211	10
212	10
213	10
214	10
215	10
216	10
217	10
218	10
219	10
220	10
221	10
222	10
223	10
224	10
225	10
226	10
227	10
228	10
229	10
230	10
231	10
232	10
233	10
234	10
235	10
236	10
237	10
238	10
239	10
240	10
241	10
242	10
243	10
244	10
245	10
246	10
247	10
248	3
249	3
250	3
251	3
252	3
253	3
254	3
255	3
256	3
257	3
258	3
259	3
260	3
261	8
262	8
263	8
264	8
265	8
266	8
267	8
268	8
269	8
270	8
271	8
272	8
273	8
274	8
275	8
276	8
277	8
278	8
279	8
280	8
281	8
282	8
283	8
284	8
285	8
286	8
287	8
288	8
289	8
290	8
291	8
292	8
293	8
294	8
295	8
296	8
297	8
298	8
299	8
300	8
301	8
302	3
303	3
304	3
305	3
306	7
307	7
308	7
309	9
310	7
311	7
312	7
313	7
314	7
316	2
317	2
318	2
319	2
320	2
321	2
322	2
323	2
324	2
325	2
326	2
327	2
328	2
329	2
330	2
331	7
332	7
333	7
334	7
335	7
336	7
337	2
338	2
339	2
340	7
341	7
342	7
343	7
344	7
345	7
346	7
347	7
348	7
349	7
350	7
351	7
352	7
353	9
354	7
355	9
356	12
357	12
358	12
359	12
360	12
361	12
362	12
363	12
364	12
365	12
366	12
367	12
368	12
369	9
370	7
371	7
372	7
373	7
374	7
375	9
376	9
377	7
378	7
379	7
380	7
381	7
382	7
383	7
384	7
385	7
386	7
387	7
388	7
389	2
390	2
391	2
392	2
393	2
394	7
395	7
396	7
397	7
398	2
399	2
400	2
401	2
402	2
403	10
404	10
405	10
406	10
407	10
408	10
409	4
410	5
411	5
412	5
413	5
414	5
415	5
416	5
417	5
418	5
419	5
420	5
421	5
422	5
423	5
424	5
425	11
426	11
427	11
428	11
429	11
430	11
431	11
432	11
433	5
434	5
435	5
436	5
437	5
438	5
439	5
440	5
441	5
442	5
443	5
444	5
445	4
446	11
447	11
448	11
449	11
450	11
451	5
452	5
453	5
454	11
455	11
456	11
457	5
458	4
459	5
460	5
461	5
462	5
463	11
464	11
465	11
466	11
467	11
468	11
469	11
470	11
471	11
472	11
473	5
474	5
475	8
476	8
477	8
478	8
479	11
480	8
481	8
482	11
483	11
484	10
485	10
486	8
487	8
488	11
489	8
490	8
491	8
492	8
493	8
494	8
495	11
496	8
497	8
498	10
499	11
500	8
501	11
502	10
503	8
504	8
505	8
506	10
507	10
508	10
509	10
510	10
511	10
512	10
513	10
514	10
515	10
516	10
517	10
518	10
519	10
520	10
521	10
522	1
523	1
524	1
525	1
526	3
527	3
528	1
529	1
530	1
531	1
532	1
533	1
534	1
535	1
536	1
537	1
538	3
539	3
540	3
541	3
542	3
543	3
544	3
545	3
546	3
547	3
548	3
549	3
550	3
551	3
552	3
553	3
554	3
555	3
556	3
557	3
558	3
559	10
560	10
561	10
562	10
563	10
564	10
565	3
566	3
567	3
568	3
569	3
570	1
571	1
572	1
573	1
574	1
575	1
576	1
577	1
578	1
579	1
580	1
581	3
582	3
583	3
584	3
585	3
586	3
587	10
588	10
589	10
590	10
591	10
592	10
593	10
594	10
595	10
596	10
597	10
598	10
599	10
600	10
601	10
602	10
603	3
604	3
605	3
606	3
607	3
608	3
609	3
610	3
611	3
612	3
613	3
614	3
615	3
616	3
617	10
618	10
619	10
620	10
621	10
622	10
623	10
624	10
625	10
626	10
627	10
628	10
629	10
630	10
631	10
632	10
633	10
634	10
635	10
636	10
637	10
638	10
639	3
640	3
641	3
642	3
643	3
644	3
645	3
646	3
647	3
648	3
649	3
650	3
651	3
652	3
653	3
654	3
655	3
656	3
657	11
658	11
659	11
660	11
661	3
662	3
663	4
664	4
665	4
666	4
667	4
668	4
669	4
670	8
671	8
672	8
673	8
674	8
675	8
676	8
677	8
678	8
679	8
680	4
681	4
682	4
683	3
684	4
685	3
686	3
687	4
688	3
689	3
690	3
691	3
692	3
693	3
694	4
695	3
696	3
697	8
698	8
699	8
700	8
701	8
702	8
703	8
704	8
705	8
706	8
707	8
708	8
709	8
710	8
711	8
712	8
713	8
714	4
715	4
716	10
717	10
718	8
719	8
720	8
721	10
722	10
723	10
724	10
725	10
726	10
727	10
728	10
729	10
730	10
731	10
732	5
733	5
734	5
735	5
736	5
737	11
738	11
739	11
740	11
741	11
742	11
743	11
744	11
745	5
746	5
747	5
748	5
749	5
750	5
751	5
752	5
753	5
754	5
755	5
756	5
757	5
758	5
759	5
760	5
761	5
762	5
763	5
764	5
765	5
766	11
767	11
768	11
769	11
770	5
771	5
772	11
773	11
774	11
775	11
776	11
777	11
778	11
779	11
780	11
781	11
782	11
783	11
784	11
785	10
786	11
787	11
788	11
789	11
790	11
791	10
792	10
793	10
794	10
795	10
796	10
797	10
798	10
799	10
800	10
801	11
802	11
803	11
804	11
805	10
806	10
807	10
808	11
809	11
810	11
811	2
812	2
813	6
814	2
815	6
816	6
817	6
818	2
819	6
820	2
821	2
822	6
823	6
824	6
825	6
826	6
827	6
828	6
829	2
830	2
831	6
832	6
833	6
834	2
835	2
836	2
837	2
838	6
839	6
840	2
841	6
842	2
843	6
844	6
845	6
846	6
847	2
848	6
849	6
850	2
851	2
852	2
853	6
854	6
855	6
856	2
857	2
858	3
859	3
860	3
861	3
862	3
863	3
864	3
865	3
866	3
867	3
868	3
869	3
870	3
871	6
872	6
873	6
874	6
875	6
876	6
877	6
878	6
879	6
880	6
881	2
882	6
883	2
884	6
885	2
886	6
887	6
888	2
889	6
890	6
891	6
892	2
893	2
894	2
895	2
896	6
897	6
898	6
899	6
900	6
901	6
902	6
903	6
904	6
905	6
906	6
907	6
908	2
909	6
910	6
911	2
912	2
913	6
914	6
915	6
916	6
917	6
918	6
919	6
920	6
921	6
922	6
923	6
924	6
925	2
926	6
927	6
928	6
929	6
930	2
931	2
932	6
933	6
934	6
935	6
936	6
937	6
938	6
939	6
940	6
941	6
942	2
943	6
944	6
945	6
946	6
947	2
948	6
949	2
950	6
951	6
952	6
953	6
954	6
955	6
956	6
957	6
958	6
959	6
960	6
961	6
962	2
963	6
964	2
965	6
966	6
967	6
968	6
969	6
970	6
971	6
972	6
973	6
974	6
975	2
976	6
977	2
978	6
979	6
980	6
981	6
982	2
983	2
984	2
985	12
986	12
987	12
988	12
989	12
990	12
991	12
992	11
993	12
994	12
995	12
996	12
997	12
998	12
999	12
1000	11
1001	11
1002	12
1003	12
1004	12
1005	12
1006	12
1007	2
1008	2
1009	12
1010	2
1011	2
1012	2
1013	2
1014	2
1015	2
1016	2
1017	2
1018	2
1019	2
1020	2
1021	2
1022	2
1023	2
1024	2
1025	2
1026	2
1027	2
1028	2
1029	2
1030	2
1031	2
1032	2
1033	2
1034	2
1035	2
1036	2
1037	2
1038	2
1039	2
1040	2
1041	2
1042	2
1043	2
1044	2
1045	2
1046	2
1047	2
1048	2
1049	2
1050	2
1051	2
1052	2
1053	2
1054	2
1055	2
1056	2
1057	2
1058	2
1059	2
1060	2
1061	2
1062	2
1063	2
1064	2
1065	2
1066	2
1067	2
1068	2
1069	2
1070	2
1071	2
1072	2
1073	2
1074	2
1075	3
1076	3
1077	3
1078	3
1079	5
1080	5
1081	5
1082	3
1083	3
1084	3
1085	3
1086	5
1087	8
1088	8
1089	8
1090	8
1091	8
1092	8
1093	8
1094	10
1095	10
1096	10
1097	10
1098	10
1099	10
1100	10
1101	10
1102	10
1103	10
1104	10
1105	10
1106	10
1107	6
1108	6
1109	6
1110	6
1111	6
1112	6
1113	6
1114	6
1115	9
1116	6
1117	6
1118	6
1119	6
1120	6
1121	6
1122	6
1123	6
1124	6
1125	6
1126	6
1127	6
1128	6
1129	9
1130	6
1131	6
1132	6
1133	6
1134	6
1135	6
1136	6
1137	6
1138	6
1139	6
1140	6
1141	6
1142	6
1143	6
1144	6
1145	6
1146	6
1147	6
1148	9
1149	6
1150	9
1151	6
1152	6
1153	6
1154	7
1155	7
1156	7
1157	7
1158	7
1159	7
1160	7
1161	7
1162	7
1163	7
1164	7
1165	7
1166	7
1167	7
1168	7
1169	2
1170	2
1171	2
1172	2
1173	2
1174	2
1175	2
1176	2
1177	2
1178	2
1179	2
1180	2
1181	2
1182	2
1183	2
1184	2
1185	2
1186	2
1187	2
1188	2
1189	2
1190	2
1191	2
1192	2
1193	2
1194	2
1195	2
1196	2
1197	2
1198	2
1199	2
1200	1
1201	1
1202	1
1203	6
1204	6
1205	6
1206	6
1207	6
1208	1
1209	6
1210	6
1211	1
1212	1
1213	1
1214	6
1215	1
1216	6
1217	6
1218	6
1219	6
1220	6
1221	1
1222	6
1223	6
1224	1
1225	6
1226	6
1227	6
1228	6
1229	6
1230	6
1231	1
1232	1
1233	6
1234	1
1235	6
1236	6
1237	6
1238	6
1239	6
1240	8
1241	8
1242	8
1243	10
1244	8
1245	8
1246	8
1247	8
1248	10
1249	10
1250	10
1251	10
1252	10
1253	5
1254	5
1255	5
1256	5
1257	5
1258	10
1259	10
1260	10
1261	10
1262	8
1263	8
1264	5
1265	5
1266	5
1267	5
1268	5
1269	5
1270	5
1271	5
1272	5
1273	5
1274	5
1275	5
1276	5
1277	5
1278	7
1279	10
1280	10
1281	10
1282	8
1283	8
1284	5
1285	5
1286	5
1287	5
1288	7
1289	7
1290	7
1291	7
1292	7
1293	7
1294	7
1295	7
1296	7
1297	7
1298	10
1299	7
1300	7
1301	7
1302	7
1303	5
1304	5
1305	5
1306	5
1307	5
1308	5
1309	5
1310	5
1311	5
1312	5
1313	5
1314	6
1315	6
1316	6
1317	6
1318	6
1319	6
1320	6
1321	6
1322	6
1323	6
1324	6
1325	6
1326	6
1327	6
1328	6
1329	6
1330	6
1331	6
1332	6
1333	6
1334	6
1335	6
1336	6
1337	6
1338	6
1339	6
1340	6
1341	6
1342	6
1343	6
1344	6
1345	6
1346	5
1347	5
1348	5
1349	5
1350	5
1351	5
1352	5
1353	5
1354	5
1355	5
1356	5
1357	5
1358	5
1359	5
1360	5
1361	5
1362	5
1363	9
1364	9
1365	9
1366	9
1367	9
1368	9
1369	9
1370	9
1371	9
1372	9
1373	9
1374	9
1375	9
1376	9
1377	9
1378	9
1379	9
1380	9
1381	7
1382	7
1383	7
1384	7
1385	7
1386	7
1387	7
1388	7
1389	7
1390	7
1391	7
1392	7
1393	7
1394	7
1395	7
1396	7
1397	5
1398	5
1399	5
1400	5
1401	5
1402	5
1403	5
1404	5
1405	5
1406	5
1407	5
1408	5
1409	5
1410	5
1411	5
1412	5
1413	5
1414	5
1415	5
1416	5
1417	5
1418	5
1419	5
1420	5
1421	5
1422	5
1423	5
1424	5
1425	5
1426	5
1427	5
1428	1
1429	1
1430	1
1431	1
1432	1
1433	1
1434	1
1435	1
1436	1
1437	1
1438	1
1439	1
1440	1
1441	1
1442	1
1443	1
1444	1
1445	1
1446	1
1447	1
1448	1
1449	1
1450	1
1451	1
1452	1
1453	1
1454	1
1455	1
1456	1
1457	1
1458	1
1459	1
1460	1
1461	1
1462	1
1463	1
1464	1
1465	10
1466	10
1467	10
1468	10
1469	10
1470	10
1471	10
1472	10
1473	10
1474	10
1475	10
1476	10
1477	10
1478	10
1479	10
1480	10
1481	10
1482	10
1483	10
1484	10
1485	10
1486	10
1487	10
1488	10
1489	2
1490	2
1491	2
1492	2
1493	2
1494	2
1495	2
1496	2
1497	2
1498	2
1499	2
1500	2
1501	3
1502	3
1503	3
1504	3
1505	3
1506	3
1507	3
1508	3
1509	3
1510	3
1511	3
1512	3
1513	3
1514	3
1515	3
1516	3
1517	3
1518	3
1519	3
1520	3
1521	3
1522	3
1523	3
1524	3
1525	3
1526	3
1527	3
1528	3
1529	11
1530	11
1531	11
1532	11
1533	11
1534	11
1535	11
1536	11
1537	11
1538	11
1539	11
1540	11
1541	11
1542	11
1543	11
1544	11
1545	11
1546	11
1547	11
1548	11
1549	11
1550	11
1551	11
1552	12
1553	12
1554	12
1555	12
1556	1
1557	12
1558	12
1559	12
1560	12
1561	12
1562	12
1563	12
1564	12
1565	12
1566	12
1567	12
1568	12
1569	12
1570	12
1571	12
1572	12
1573	12
1574	12
1575	12
1576	5
1577	5
1578	5
1579	5
1580	5
1581	5
1582	5
1583	5
1584	5
1585	5
1586	5
1587	5
1588	5
1589	5
1590	5
1591	5
1592	5
1593	5
1594	5
1595	5
1596	5
1597	5
1598	5
1599	5
1600	5
1601	5
1602	1
1603	12
1604	1
1605	1
1606	1
1607	12
1608	1
1609	1
1610	1
1611	1
1612	1
1613	12
1614	12
1615	1
1616	1
1617	1
1618	10
1619	10
1620	10
1621	10
1622	10
1623	10
1624	10
1625	10
1626	10
1627	10
1628	10
1629	1
1630	1
1631	1
1632	1
1633	1
1634	1
1635	1
1636	1
1637	1
1638	1
1639	1
1640	1
1641	1
1642	1
1643	1
1644	10
1645	10
1646	10
1647	10
1648	10
1649	1
1650	1
1651	1
1652	1
1653	1
1654	1
1655	1
1656	1
1658	1
1659	1
1660	1
1661	1
1662	1
1663	1
1664	1
1665	1
1666	1
1667	1
1668	1
1669	1
1670	1
1671	1
1672	1
1673	10
1674	1
1675	1
1676	1
1677	10
1678	8
1679	8
1680	8
1681	8
1682	8
1683	8
1684	8
1685	5
1686	5
1687	5
1688	5
1689	5
1690	5
1691	5
1692	5
1693	5
1694	5
1695	5
1696	5
1697	5
1698	5
1699	5
1700	5
1701	1
1702	4
1703	4
1704	4
1705	4
1706	4
1707	4
1708	4
1709	4
1710	4
1711	4
1712	4
1713	10
1714	10
1715	10
1716	10
1717	10
1718	10
1719	10
1720	10
1721	10
1722	10
1723	10
1724	10
1725	4
1726	4
1727	4
1728	10
1729	4
1730	4
1731	4
1732	4
1733	4
1734	4
1735	4
1736	4
1737	4
1738	4
1739	1
1740	4
1741	4
1742	4
1743	4
1744	4
1745	4
1746	3
1747	4
1748	4
1749	4
1750	4
1751	4
1752	4
1753	3
1754	4
1755	3
1756	4
1757	10
1758	10
1759	10
1760	10
1761	3
1762	4
1763	4
1764	4
1765	4
1766	4
1767	4
1768	4
1769	4
1770	3
1771	3
1772	4
1773	3
1774	10
1775	10
1776	10
1777	10
1778	10
1779	10
1780	10
1781	10
1782	10
1783	10
1784	10
1785	10
1786	10
1787	4
1788	4
1789	4
1790	4
1791	4
1792	4
1793	4
1794	4
1795	10
1796	10
1797	10
1798	10
1799	4
1800	3
1801	3
1802	3
1803	4
1804	4
1805	4
1806	4
1807	4
1808	4
1809	1
1810	1
1811	1
1812	1
1813	1
1814	1
1815	1
1816	1
1817	1
1818	1
1819	1
1820	1
1821	1
1822	1
1823	1
1824	1
1825	1
1826	1
1827	1
1828	1
1829	1
1830	10
1831	10
1832	10
1833	10
1834	10
1835	1
1836	1
1837	10
1838	1
1839	1
1840	12
1841	12
1842	12
1843	12
1844	12
1845	1
1846	1
1847	1
1848	1
1849	1
1850	1
1851	1
1852	1
1853	1
1854	1
1855	1
1856	1
1857	10
1858	10
1859	10
1860	10
1861	10
1862	10
1863	1
1864	1
1865	1
1866	1
1867	1
1868	1
1869	1
1870	1
1871	1
1872	11
1873	11
1874	8
1875	8
1876	11
1877	8
1878	11
1879	8
1880	8
1881	8
1882	11
1883	8
1884	8
1885	8
1886	8
1887	11
1888	11
1889	8
1890	11
1891	8
1892	8
1893	11
1894	11
1895	3
1896	3
1897	3
1898	7
1899	7
1900	7
1901	7
1902	7
1903	7
1904	5
1905	5
1906	5
1907	5
1908	5
1909	3
1910	3
1911	3
1912	5
1913	5
1914	5
1915	5
1916	7
1917	7
1918	7
1919	7
1920	7
1921	7
1922	7
1923	7
1924	3
1925	3
1926	3
1927	3
1928	5
1929	5
1930	3
1931	5
1932	5
1933	5
1934	5
1935	5
1936	3
1937	3
1938	5
1939	5
1940	3
1941	3
1942	5
1943	5
1944	5
1945	5
1946	5
1947	5
1948	5
1949	5
1950	5
1951	5
1952	3
1953	5
1954	5
1955	3
1956	3
1957	3
1958	3
1959	3
1960	5
1961	5
1962	3
1963	3
1964	3
1965	3
1966	5
1967	5
1968	5
1969	5
1970	3
1971	5
1972	3
1973	3
1974	3
1975	5
1976	11
1977	11
1978	11
1979	11
1980	11
1981	11
1982	11
1983	11
1984	11
1985	11
1986	11
1987	11
1988	11
1989	11
1990	11
1991	11
1992	11
1993	11
1994	11
1995	11
1996	11
1997	11
1998	11
1999	11
2000	11
2001	11
2002	11
2003	11
2004	11
2005	11
2006	11
2007	11
2008	11
2009	11
2010	11
2011	11
2012	11
2013	11
2014	11
2015	11
2016	11
2017	8
2018	8
2019	8
2020	8
2021	8
2022	8
2023	8
2024	11
2025	8
2026	8
2027	8
2028	8
2029	8
2030	11
2031	11
2032	11
2033	11
2034	11
2035	11
2036	11
2037	11
2038	10
2039	10
2040	10
2041	10
2042	10
2043	8
2044	8
2045	8
2046	11
2047	11
2048	10
2049	10
2050	8
2051	11
2052	11
2053	11
2054	11
2055	11
2056	11
2057	11
2058	12
2059	12
2060	12
2061	12
2062	12
2063	12
2064	12
2065	12
2066	12
2067	12
2068	8
2069	8
2070	8
2071	8
2072	8
2073	10
2074	8
2075	8
2076	8
2077	10
2078	10
2079	8
2080	10
2081	8
2082	8
2083	8
2084	8
2085	8
2086	8
2087	8
2088	8
2089	5
2090	5
2091	5
2092	5
2093	5
2094	5
2095	5
2096	3
2097	3
2098	3
2099	3
2100	3
2101	3
2102	3
2103	3
2104	3
2105	3
2106	3
2107	3
2108	3
2109	3
2110	3
2111	3
2112	3
2113	13
2114	13
2115	4
2116	4
2117	13
2118	13
2119	13
2120	13
2121	13
2122	13
2123	13
2124	8
2125	4
2126	13
2127	13
2128	13
2129	13
2130	13
2131	13
2132	13
2133	13
2134	13
2135	13
2136	13
2137	13
2138	13
2139	13
2140	13
2141	13
2142	13
2143	13
2144	13
2145	13
2146	13
2147	13
2148	13
2149	13
2150	4
2151	4
2152	4
2153	4
2154	13
2155	13
2156	13
2157	13
2158	4
2159	13
2160	4
2161	4
2162	4
2163	4
2164	4
2165	4
2166	13
2167	13
2168	13
2169	4
2170	4
2171	13
2172	13
2173	13
2174	13
2175	13
2176	13
2177	13
2178	4
2179	4
2180	4
2181	4
2182	13
2183	13
2184	13
2185	4
2186	4
2187	4
2188	13
2189	13
2190	13
2191	13
2192	13
2193	4
2194	13
2195	13
2196	13
2197	13
2198	13
2199	13
2200	13
2201	13
2202	13
2203	13
2204	4
2205	13
2206	13
2207	13
2208	13
2209	4
2210	4
2211	13
2212	13
2213	13
2214	13
2215	13
2216	13
2217	13
2218	13
2219	4
2220	4
2221	13
2222	13
2223	13
2224	4
2225	4
2226	4
2227	4
2228	13
2229	13
2230	4
2231	4
2232	4
2233	13
2234	13
2235	13
2236	13
2237	13
2238	13
2239	4
2240	4
2241	13
2242	13
2243	13
2244	13
2245	13
2246	4
2247	4
2248	4
2249	4
2250	13
2251	4
2252	4
2253	13
2254	13
2255	13
2256	4
2257	4
2258	13
2259	13
2260	13
2261	4
2262	4
2263	4
2264	4
2265	4
2266	13
2267	13
2268	13
2269	13
2270	13
2271	13
2272	13
2273	13
2274	13
2275	4
2276	4
2277	13
2278	13
2279	13
2280	13
2281	13
2282	13
2283	13
2284	8
2285	8
2286	13
2287	13
2288	4
2289	4
2290	4
2291	4
2292	4
2293	4
2294	13
2295	13
2296	13
2297	13
2298	13
2299	13
2300	13
2301	4
2302	13
2303	13
2304	13
2305	4
2306	4
2307	4
2308	4
2309	8
2310	8
2311	8
2312	2
2313	2
2314	2
2315	2
2316	2
2317	2
2318	2
2319	2
2320	2
2321	2
2322	2
2323	2
2324	2
2325	2
2326	2
2327	2
2328	2
2329	2
2330	3
2331	3
2332	3
2333	3
2334	3
2335	3
2336	3
2337	3
2338	3
2339	3
2340	3
2341	3
2342	3
2343	3
2344	3
2345	3
2346	2
2347	2
2348	2
2349	2
2350	2
2351	2
2352	2
2353	2
2354	2
2355	2
2356	2
2357	2
2358	2
2359	2
2360	2
2361	2
2362	2
2363	2
2364	2
2365	2
2366	13
2367	13
2368	13
2369	13
2370	13
2371	13
2372	13
2373	13
2374	13
2375	13
2376	13
2377	13
2378	13
2379	13
2380	13
2381	13
2382	13
2383	13
2384	13
2385	13
2386	13
2387	13
2388	13
2389	13
2390	13
2391	13
2392	13
2393	13
2394	13
2395	13
2396	13
2397	13
2398	13
2399	13
2400	13
2401	13
2402	13
2403	13
2404	13
2405	13
2406	13
2407	13
2408	13
2409	13
2410	13
2411	13
2412	13
2413	13
2414	13
2415	9
2416	9
2417	9
2418	9
2419	7
2420	7
2421	9
2422	9
2423	9
2424	9
2425	9
2426	9
2427	7
2428	9
2429	7
2430	7
2431	9
2432	9
2433	9
2434	9
2435	9
2436	9
2437	9
2438	9
2439	7
2440	9
2441	9
2442	9
2443	9
2444	9
2445	9
2446	9
2447	9
2448	9
2449	9
2450	9
2451	9
2452	9
2453	9
2454	9
2455	9
2456	9
2457	9
2458	9
2459	9
2460	9
2461	9
2462	9
2463	9
2464	9
2465	9
2466	9
2467	9
2468	9
2469	9
2470	9
2471	9
2472	9
2473	9
2474	9
2475	9
2476	9
2477	9
2478	9
2479	9
2480	9
2481	9
2482	9
2483	9
2484	9
2485	9
2486	9
2487	9
2488	9
2489	9
2490	9
2491	9
2492	9
2493	9
2494	9
2495	9
2496	7
2497	7
2498	7
2499	7
2500	9
2501	9
2502	9
2503	9
2504	9
2505	7
2506	7
2507	9
2508	7
2509	7
2510	7
2511	7
2512	7
2513	7
2514	7
2515	9
2516	9
2517	9
2518	9
2519	9
2520	9
2521	9
2522	9
2523	7
2524	9
2525	7
2526	9
2527	9
2528	9
2529	7
2530	7
2531	7
2532	7
2533	7
2534	7
2535	7
2536	7
2537	7
2538	7
2539	9
2540	7
2541	9
2542	9
2543	9
2544	9
2545	9
2546	9
2547	9
2548	9
2549	9
2550	9
2551	9
2552	7
2553	7
2554	9
2555	9
2556	9
2557	9
2558	7
2559	7
2560	9
2561	9
2562	7
2563	7
2564	9
2565	7
2566	9
2567	9
2568	7
2569	7
2570	7
2571	9
2572	9
2573	9
2574	7
2575	9
2576	9
2577	9
2578	9
2579	9
2580	9
2581	7
2582	9
2583	9
2584	9
2585	9
2586	9
2587	7
2588	7
2589	7
2590	7
2591	7
2592	7
2593	7
2594	9
2595	9
2596	9
2597	9
2598	9
2599	9
2600	9
2601	9
2602	9
2603	9
2604	7
2605	9
2606	8
2607	8
2608	8
2609	8
2610	8
2611	8
2612	8
2613	8
2614	8
2615	8
2616	8
2617	8
2618	8
2619	8
2620	8
2621	8
2622	8
2623	8
2624	8
2625	8
2626	8
2627	8
2628	8
2629	8
2630	8
2631	8
2632	8
2633	8
2634	8
2635	8
2636	8
2637	8
2638	8
2639	8
2640	12
2641	12
2642	12
2643	12
2644	11
2645	12
2646	12
2647	12
2648	12
2649	12
2650	12
2651	12
2652	12
2653	12
2654	12
2655	12
2656	11
2657	12
2658	11
2659	12
2660	12
2661	12
2662	12
2663	12
2664	12
2665	12
2666	12
2667	12
2668	12
2669	12
2670	12
2671	12
2672	12
2673	12
2674	12
2675	12
2676	12
2677	12
2678	12
2679	12
2680	12
2681	12
2682	12
2683	12
2684	12
2685	12
2686	12
2687	12
2688	3
2689	3
2690	3
2691	3
315	2
1657	1
