0	3
1	3
2	3
3	3
4	3
5	3
6	3
7	6
8	6
9	6
10	6
11	13
12	13
13	13
14	13
15	13
16	13
17	13
18	8
19	8
20	8
21	1
22	1
23	1
24	1
25	1
26	1
27	1
28	1
29	5
30	5
31	5
32	5
33	5
34	5
35	5
36	5
37	5
38	5
39	5
40	5
41	5
42	5
43	5
44	5
45	5
46	5
47	5
48	5
49	5
50	5
51	5
52	5
53	11
54	11
55	11
56	11
57	11
58	5
59	5
60	5
61	5
62	5
63	5
64	5
65	11
66	11
67	11
68	11
69	11
70	11
71	1
72	1
73	1
74	1
75	5
76	5
77	5
78	5
79	5
80	5
81	5
82	5
83	13
84	13
85	13
86	13
87	13
88	13
89	13
90	13
91	13
92	13
93	13
94	13
95	13
96	13
97	13
98	13
99	13
100	13
101	6
102	6
103	13
104	6
105	13
106	13
107	13
108	13
109	13
110	13
111	13
112	13
113	13
114	6
115	6
116	13
117	13
118	13
119	13
120	13
121	13
122	13
123	6
124	13
125	13
126	13
127	13
128	13
129	10
130	10
131	2
132	10
133	10
134	10
135	10
136	10
137	10
138	10
139	2
140	10
141	10
142	10
143	10
144	10
145	10
146	10
147	10
148	10
149	10
150	10
151	10
152	10
153	10
154	2
155	2
156	2
157	10
158	10
159	10
160	10
161	10
162	10
163	10
164	10
165	10
166	12
167	12
168	12
169	12
170	12
171	12
172	12
173	12
174	12
175	12
176	12
177	12
178	12
179	12
180	12
181	12
182	12
183	3
184	3
185	3
186	3
187	3
188	3
189	3
190	3
191	3
192	3
193	3
194	3
195	3
196	3
197	3
198	3
199	3
200	3
201	3
202	3
203	3
204	3
205	3
206	3
207	3
208	1
209	1
210	1
211	1
212	1
213	1
214	1
215	2
216	1
217	1
218	2
219	1
220	1
221	1
222	1
223	1
224	1
225	1
226	1
227	1
228	1
229	1
230	1
231	1
232	1
233	1
234	1
235	1
236	1
237	1
238	1
239	1
240	1
241	1
242	1
243	1
244	1
245	1
246	1
247	1
248	3
249	3
250	3
251	3
252	3
253	3
254	3
255	3
256	3
257	3
258	3
259	3
260	3
261	1
262	1
263	1
264	1
265	1
266	1
267	1
268	10
269	10
270	10
271	1
272	1
273	1
274	1
275	1
276	1
277	1
278	10
279	10
280	10
281	10
282	10
283	10
284	10
285	10
286	10
287	10
288	10
289	10
290	10
291	10
292	10
293	10
294	10
295	10
296	10
297	10
298	10
299	10
300	10
301	10
302	3
303	3
304	3
305	3
306	9
307	9
308	9
309	9
310	9
311	9
312	9
313	9
314	9
316	8
317	8
318	8
319	8
320	8
321	8
322	8
323	8
324	8
325	8
326	8
327	8
328	8
329	8
330	8
331	9
332	9
333	9
334	9
335	9
336	9
337	8
338	8
339	8
340	9
341	9
342	9
343	9
344	9
345	9
346	9
347	9
348	9
349	9
350	9
351	9
352	9
353	9
354	9
355	9
356	7
357	7
358	7
359	7
360	7
361	7
362	7
363	7
364	7
365	7
366	7
367	7
368	7
369	9
370	9
371	9
372	9
373	9
374	9
375	9
376	9
377	9
378	9
379	9
380	9
381	9
382	9
383	9
384	9
385	9
386	9
387	9
388	9
389	8
390	8
391	8
392	8
393	8
394	9
395	9
396	9
397	9
398	8
399	8
400	8
401	8
402	8
403	2
404	1
405	1
406	2
407	2
408	2
409	8
410	5
411	8
412	8
413	5
414	5
415	5
416	8
417	8
418	8
419	8
420	8
421	8
422	5
423	8
424	5
425	12
426	12
427	12
428	12
429	12
430	12
431	12
432	12
433	8
434	5
435	5
436	8
437	8
438	5
439	8
440	8
441	5
442	8
443	5
444	8
445	8
446	12
447	12
448	12
449	12
450	12
451	8
452	8
453	8
454	12
455	12
456	12
457	8
458	8
459	5
460	5
461	8
462	8
463	12
464	12
465	12
466	12
467	12
468	12
469	12
470	12
471	12
472	12
473	8
474	8
475	10
476	10
477	10
478	10
479	10
480	10
481	10
482	10
483	10
484	2
485	2
486	10
487	10
488	10
489	10
490	10
491	10
492	10
493	10
494	10
495	10
496	10
497	10
498	2
499	10
500	10
501	10
502	2
503	10
504	10
505	10
506	2
507	2
508	2
509	1
510	2
511	1
512	1
513	2
514	1
515	2
516	2
517	2
518	2
519	2
520	1
521	2
522	13
523	13
524	13
525	13
526	3
527	3
528	13
529	13
530	13
531	13
532	13
533	13
534	13
535	13
536	13
537	13
538	3
539	3
540	3
541	3
542	3
543	3
544	3
545	3
546	3
547	3
548	3
549	3
550	3
551	3
552	3
553	3
554	3
555	3
556	3
557	3
558	3
559	1
560	1
561	1
562	1
563	1
564	1
565	3
566	3
567	3
568	3
569	3
570	6
571	6
572	6
573	6
574	6
575	6
576	6
577	6
578	6
579	6
580	6
581	3
582	3
583	3
584	3
585	3
586	3
587	1
588	1
589	1
590	1
591	1
592	1
593	1
594	1
595	1
596	1
597	1
598	1
599	1
600	1
601	1
602	1
603	3
604	3
605	3
606	3
607	3
608	3
609	3
610	3
611	3
612	3
613	3
614	3
615	3
616	3
617	1
618	1
619	1
620	1
621	1
622	1
623	1
624	1
625	1
626	1
627	1
628	1
629	1
630	1
631	1
632	1
633	1
634	1
635	1
636	1
637	1
638	1
639	3
640	3
641	3
642	3
643	3
644	3
645	3
646	3
647	3
648	3
649	3
650	3
651	3
652	3
653	3
654	3
655	3
656	3
657	12
658	12
659	12
660	12
661	5
662	5
663	5
664	5
665	5
666	5
667	5
668	5
669	5
670	1
671	1
672	10
673	10
674	10
675	1
676	10
677	10
678	10
679	10
680	5
681	5
682	5
683	5
684	5
685	5
686	5
687	5
688	5
689	5
690	5
691	5
692	5
693	5
694	5
695	5
696	5
697	1
698	10
699	1
700	1
701	1
702	1
703	1
704	10
705	1
706	10
707	1
708	1
709	10
710	1
711	1
712	1
713	1
714	5
715	5
716	1
717	1
718	1
719	1
720	10
721	1
722	1
723	1
724	1
725	1
726	1
727	1
728	1
729	1
730	1
731	1
732	8
733	5
734	8
735	8
736	8
737	12
738	12
739	12
740	12
741	12
742	12
743	12
744	12
745	8
746	8
747	8
748	8
749	8
750	8
751	8
752	8
753	8
754	8
755	8
756	5
757	5
758	8
759	8
760	8
761	8
762	8
763	8
764	8
765	8
766	12
767	12
768	12
769	12
770	8
771	5
772	12
773	12
774	12
775	12
776	12
777	12
778	12
779	12
780	12
781	12
782	12
783	12
784	12
785	2
786	12
787	12
788	12
789	12
790	12
791	2
792	2
793	2
794	2
795	2
796	2
797	2
798	2
799	2
800	2
801	12
802	12
803	12
804	12
805	2
806	2
807	2
808	12
809	12
810	12
811	11
812	11
813	11
814	11
815	11
816	11
817	11
818	11
819	13
820	11
821	11
822	11
823	11
824	11
825	11
826	11
827	13
828	13
829	11
830	11
831	11
832	11
833	11
834	11
835	11
836	11
837	11
838	11
839	11
840	11
841	11
842	11
843	11
844	11
845	11
846	11
847	11
848	13
849	13
850	11
851	13
852	11
853	11
854	11
855	11
856	13
857	13
858	3
859	3
860	3
861	3
862	3
863	3
864	3
865	3
866	3
867	3
868	3
869	3
870	3
871	11
872	11
873	11
874	11
875	11
876	11
877	11
878	11
879	11
880	13
881	11
882	11
883	11
884	11
885	11
886	11
887	11
888	11
889	11
890	11
891	13
892	11
893	11
894	11
895	11
896	11
897	11
898	11
899	13
900	13
901	13
902	11
903	11
904	11
905	11
906	11
907	11
908	11
909	11
910	13
911	11
912	13
913	13
914	11
915	11
916	11
917	11
918	11
919	11
920	11
921	11
922	13
923	11
924	13
925	11
926	11
927	11
928	11
929	11
930	11
931	11
932	11
933	13
934	13
935	11
936	11
937	11
938	11
939	11
940	11
941	11
942	11
943	13
944	13
945	13
946	11
947	11
948	11
949	11
950	11
951	11
952	11
953	11
954	13
955	13
956	13
957	11
958	11
959	11
960	11
961	13
962	11
963	11
964	11
965	11
966	11
967	11
968	11
969	11
970	11
971	11
972	11
973	11
974	13
975	11
976	11
977	11
978	13
979	11
980	13
981	13
982	8
983	11
984	8
985	7
986	7
987	7
988	7
989	7
990	7
991	7
992	7
993	7
994	7
995	7
996	7
997	7
998	7
999	7
1000	12
1001	7
1002	7
1003	7
1004	7
1005	7
1006	7
1007	8
1008	8
1009	7
1010	8
1011	11
1012	11
1013	11
1014	8
1015	11
1016	8
1017	8
1018	11
1019	11
1020	8
1021	8
1022	8
1023	8
1024	8
1025	8
1026	8
1027	8
1028	11
1029	11
1030	8
1031	11
1032	8
1033	11
1034	8
1035	8
1036	8
1037	8
1038	8
1039	11
1040	8
1041	8
1042	8
1043	8
1044	11
1045	11
1046	8
1047	8
1048	11
1049	11
1050	8
1051	11
1052	11
1053	8
1054	8
1055	8
1056	8
1057	8
1058	8
1059	8
1060	8
1061	8
1062	11
1063	8
1064	8
1065	8
1066	8
1067	8
1068	8
1069	8
1070	8
1071	11
1072	8
1073	8
1074	8
1075	3
1076	3
1077	3
1078	3
1079	3
1080	3
1081	3
1082	3
1083	3
1084	3
1085	3
1086	3
1087	10
1088	10
1089	10
1090	10
1091	10
1092	10
1093	10
1094	1
1095	1
1096	1
1097	1
1098	1
1099	1
1100	1
1101	1
1102	1
1103	1
1104	1
1105	1
1106	1
1107	7
1108	7
1109	7
1110	7
1111	7
1112	7
1113	7
1114	7
1115	7
1116	7
1117	7
1118	7
1119	7
1120	7
1121	7
1122	7
1123	7
1124	7
1125	7
1126	7
1127	7
1128	7
1129	7
1130	7
1131	7
1132	7
1133	7
1134	7
1135	7
1136	7
1137	7
1138	7
1139	7
1140	7
1141	7
1142	7
1143	7
1144	7
1145	7
1146	7
1147	7
1148	7
1149	7
1150	7
1151	7
1152	7
1153	7
1154	9
1155	9
1156	9
1157	9
1158	9
1159	9
1160	9
1161	9
1162	9
1163	9
1164	9
1165	9
1166	9
1167	9
1168	9
1169	11
1170	8
1171	11
1172	11
1173	8
1174	8
1175	8
1176	11
1177	11
1178	11
1179	11
1180	11
1181	11
1182	11
1183	11
1184	8
1185	11
1186	8
1187	8
1188	11
1189	8
1190	8
1191	8
1192	11
1193	11
1194	8
1195	11
1196	8
1197	11
1198	8
1199	11
1200	13
1201	13
1202	13
1203	13
1204	13
1205	13
1206	13
1207	13
1208	13
1209	13
1210	13
1211	13
1212	13
1213	13
1214	13
1215	13
1216	13
1217	13
1218	13
1219	13
1220	13
1221	13
1222	13
1223	13
1224	13
1225	13
1226	13
1227	13
1228	13
1229	13
1230	13
1231	13
1232	13
1233	13
1234	13
1235	13
1236	13
1237	13
1238	13
1239	13
1240	10
1241	10
1242	10
1243	1
1244	10
1245	10
1246	10
1247	10
1248	1
1249	1
1250	1
1251	1
1252	1
1253	5
1254	5
1255	5
1256	5
1257	5
1258	1
1259	1
1260	1
1261	1
1262	10
1263	10
1264	5
1265	5
1266	5
1267	5
1268	5
1269	5
1270	5
1271	5
1272	5
1273	5
1274	5
1275	5
1276	5
1277	5
1278	2
1279	2
1280	2
1281	1
1282	10
1283	10
1284	5
1285	5
1286	5
1287	5
1288	2
1289	2
1290	2
1291	2
1292	2
1293	2
1294	2
1295	2
1296	2
1297	2
1298	2
1299	2
1300	2
1301	2
1302	2
1303	3
1304	3
1305	3
1306	3
1307	3
1308	3
1309	3
1310	3
1311	3
1312	3
1313	3
1314	7
1315	13
1316	7
1317	13
1318	7
1319	7
1320	13
1321	13
1322	13
1323	13
1324	7
1325	7
1326	7
1327	13
1328	13
1329	13
1330	13
1331	7
1332	7
1333	7
1334	13
1335	13
1336	7
1337	7
1338	7
1339	7
1340	7
1341	7
1342	7
1343	13
1344	7
1345	7
1346	5
1347	5
1348	5
1349	5
1350	5
1351	5
1352	5
1353	5
1354	5
1355	5
1356	5
1357	5
1358	5
1359	5
1360	5
1361	5
1362	5
1363	7
1364	7
1365	7
1366	7
1367	7
1368	7
1369	7
1370	7
1371	7
1372	7
1373	7
1374	7
1375	7
1376	7
1377	7
1378	7
1379	7
1380	7
1381	2
1382	2
1383	2
1384	2
1385	2
1386	2
1387	2
1388	2
1389	2
1390	2
1391	2
1392	2
1393	2
1394	2
1395	2
1396	2
1397	5
1398	5
1399	5
1400	5
1401	5
1402	5
1403	5
1404	5
1405	5
1406	5
1407	5
1408	5
1409	5
1410	5
1411	5
1412	5
1413	5
1414	5
1415	5
1416	5
1417	5
1418	5
1419	5
1420	5
1421	5
1422	5
1423	5
1424	5
1425	5
1426	5
1427	5
1428	6
1429	6
1430	6
1431	6
1432	6
1433	6
1434	6
1435	6
1436	6
1437	6
1438	6
1439	6
1440	6
1441	8
1442	8
1443	8
1444	13
1445	8
1446	13
1447	13
1448	8
1449	8
1450	8
1451	8
1452	8
1453	8
1454	8
1455	6
1456	6
1457	6
1458	6
1459	6
1460	6
1461	6
1462	6
1463	6
1464	6
1465	1
1466	1
1467	1
1468	1
1469	1
1470	1
1471	1
1472	1
1473	1
1474	1
1475	1
1476	1
1477	1
1478	1
1479	1
1480	1
1481	1
1482	1
1483	1
1484	1
1485	1
1486	1
1487	1
1488	1
1489	8
1490	8
1491	8
1492	8
1493	8
1494	8
1495	8
1496	8
1497	8
1498	8
1499	8
1500	8
1501	5
1502	5
1503	5
1504	5
1505	5
1506	5
1507	3
1508	5
1509	3
1510	5
1511	5
1512	5
1513	5
1514	5
1515	5
1516	5
1517	5
1518	5
1519	5
1520	5
1521	5
1522	5
1523	3
1524	3
1525	3
1526	5
1527	5
1528	5
1529	12
1530	12
1531	12
1532	12
1533	12
1534	12
1535	12
1536	12
1537	12
1538	12
1539	12
1540	12
1541	12
1542	12
1543	12
1544	12
1545	12
1546	12
1547	12
1548	12
1549	12
1550	12
1551	12
1552	13
1553	13
1554	13
1555	13
1556	13
1557	13
1558	13
1559	13
1560	13
1561	13
1562	13
1563	13
1564	13
1565	13
1566	13
1567	13
1568	13
1569	13
1570	13
1571	13
1572	13
1573	13
1574	13
1575	13
1576	5
1577	5
1578	5
1579	5
1580	5
1581	5
1582	5
1583	5
1584	5
1585	5
1586	5
1587	5
1588	5
1589	5
1590	5
1591	5
1592	5
1593	3
1594	3
1595	3
1596	3
1597	3
1598	3
1599	3
1600	3
1601	3
1602	6
1603	6
1604	6
1605	6
1606	6
1607	6
1608	6
1609	6
1610	6
1611	6
1612	6
1613	6
1614	6
1615	6
1616	6
1617	6
1618	1
1619	1
1620	1
1621	1
1622	1
1623	1
1624	1
1625	1
1626	1
1627	1
1628	1
1629	13
1630	13
1631	13
1632	13
1633	13
1634	13
1635	13
1636	13
1637	13
1638	13
1639	13
1640	13
1641	13
1642	13
1643	13
1644	1
1645	1
1646	1
1647	1
1648	1
1649	13
1650	13
1651	13
1652	13
1653	13
1654	13
1655	13
1656	13
1658	13
1659	13
1660	13
1661	13
1662	13
1663	13
1664	13
1665	13
1666	13
1667	13
1668	13
1669	13
1670	13
1671	13
1672	13
1673	1
1674	13
1675	13
1676	13
1677	1
1678	10
1679	10
1680	10
1681	10
1682	10
1683	10
1684	10
1685	8
1686	8
1687	8
1688	8
1689	8
1690	8
1691	8
1692	8
1693	8
1694	8
1695	8
1696	8
1697	8
1698	8
1699	8
1700	8
1701	8
1702	8
1703	6
1704	6
1705	8
1706	8
1707	8
1708	8
1709	8
1710	8
1711	8
1712	8
1713	1
1714	1
1715	1
1716	1
1717	1
1718	1
1719	1
1720	1
1721	1
1722	1
1723	1
1724	1
1725	8
1726	8
1727	8
1728	1
1729	8
1730	8
1731	8
1732	8
1733	8
1734	8
1735	8
1736	8
1737	8
1738	8
1739	8
1740	8
1741	8
1742	5
1743	5
1744	5
1745	5
1746	5
1747	5
1748	5
1749	5
1750	5
1751	5
1752	5
1753	5
1754	5
1755	5
1756	5
1757	1
1758	1
1759	1
1760	1
1761	5
1762	5
1763	5
1764	5
1765	5
1766	5
1767	5
1768	5
1769	5
1770	5
1771	5
1772	5
1773	5
1774	1
1775	1
1776	1
1777	1
1778	1
1779	1
1780	1
1781	1
1782	1
1783	1
1784	1
1785	1
1786	1
1787	5
1788	5
1789	5
1790	5
1791	5
1792	5
1793	5
1794	5
1795	1
1796	1
1797	1
1798	1
1799	5
1800	5
1801	5
1802	5
1803	5
1804	5
1805	5
1806	5
1807	5
1808	5
1809	6
1810	6
1811	6
1812	4
1813	4
1814	4
1815	4
1816	6
1817	4
1818	6
1819	6
1820	6
1821	6
1822	6
1823	6
1824	4
1825	6
1826	6
1827	6
1828	6
1829	6
1830	1
1831	1
1832	1
1833	1
1834	1
1835	4
1836	4
1837	1
1838	6
1839	6
1840	7
1841	7
1842	7
1843	7
1844	7
1845	6
1846	4
1847	6
1848	6
1849	6
1850	6
1851	6
1852	4
1853	6
1854	6
1855	4
1856	4
1857	1
1858	1
1859	1
1860	1
1861	1
1862	1
1863	4
1864	6
1865	6
1866	6
1867	6
1868	6
1869	6
1870	6
1871	6
1872	10
1873	10
1874	10
1875	10
1876	10
1877	10
1878	10
1879	10
1880	10
1881	10
1882	10
1883	10
1884	10
1885	10
1886	10
1887	10
1888	10
1889	10
1890	10
1891	10
1892	10
1893	10
1894	10
1895	3
1896	3
1897	3
1898	9
1899	11
1900	11
1901	11
1902	9
1903	11
1904	3
1905	3
1906	3
1907	3
1908	3
1909	3
1910	3
1911	3
1912	3
1913	3
1914	3
1915	3
1916	11
1917	11
1918	11
1919	11
1920	11
1921	9
1922	11
1923	11
1924	3
1925	3
1926	3
1927	3
1928	3
1929	3
1930	3
1931	3
1932	3
1933	3
1934	3
1935	3
1936	3
1937	3
1938	3
1939	3
1940	3
1941	3
1942	3
1943	3
1944	3
1945	3
1946	3
1947	3
1948	3
1949	3
1950	3
1951	3
1952	3
1953	3
1954	3
1955	3
1956	3
1957	3
1958	3
1959	3
1960	3
1961	3
1962	3
1963	3
1964	3
1965	3
1966	3
1967	3
1968	3
1969	3
1970	3
1971	3
1972	3
1973	3
1974	3
1975	3
1976	12
1977	12
1978	12
1979	12
1980	12
1981	12
1982	12
1983	12
1984	12
1985	12
1986	12
1987	12
1988	12
1989	12
1990	12
1991	12
1992	12
1993	12
1994	12
1995	12
1996	12
1997	12
1998	12
1999	12
2000	12
2001	12
2002	12
2003	12
2004	12
2005	12
2006	12
2007	12
2008	12
2009	12
2010	12
2011	12
2012	12
2013	12
2014	12
2015	12
2016	12
2017	10
2018	1
2019	10
2020	10
2021	10
2022	10
2023	10
2024	12
2025	10
2026	10
2027	10
2028	10
2029	10
2030	12
2031	12
2032	12
2033	12
2034	12
2035	12
2036	12
2037	12
2038	1
2039	1
2040	1
2041	1
2042	1
2043	10
2044	10
2045	10
2046	12
2047	12
2048	1
2049	1
2050	10
2051	12
2052	12
2053	12
2054	12
2055	12
2056	12
2057	12
2058	13
2059	12
2060	12
2061	13
2062	13
2063	12
2064	12
2065	12
2066	12
2067	13
2068	10
2069	10
2070	10
2071	10
2072	10
2073	1
2074	10
2075	10
2076	10
2077	1
2078	1
2079	10
2080	1
2081	10
2082	10
2083	10
2084	10
2085	10
2086	10
2087	10
2088	10
2089	8
2090	8
2091	8
2092	8
2093	8
2094	8
2095	8
2096	3
2097	3
2098	3
2099	3
2100	3
2101	3
2102	3
2103	3
2104	3
2105	3
2106	3
2107	3
2108	3
2109	3
2110	3
2111	3
2112	3
2113	4
2114	4
2115	4
2116	4
2117	4
2118	6
2119	4
2120	4
2121	4
2122	4
2123	6
2124	1
2125	4
2126	4
2127	4
2128	4
2129	4
2130	4
2131	4
2132	4
2133	6
2134	4
2135	4
2136	6
2137	6
2138	6
2139	4
2140	6
2141	4
2142	4
2143	4
2144	4
2145	4
2146	6
2147	4
2148	4
2149	4
2150	4
2151	4
2152	4
2153	4
2154	4
2155	4
2156	4
2157	4
2158	4
2159	4
2160	4
2161	4
2162	4
2163	6
2164	6
2165	6
2166	4
2167	4
2168	4
2169	4
2170	4
2171	4
2172	4
2173	4
2174	4
2175	4
2176	6
2177	6
2178	4
2179	4
2180	6
2181	6
2182	4
2183	4
2184	4
2185	4
2186	4
2187	4
2188	4
2189	4
2190	4
2191	4
2192	4
2193	4
2194	4
2195	4
2196	6
2197	4
2198	4
2199	6
2200	4
2201	4
2202	4
2203	4
2204	4
2205	4
2206	4
2207	4
2208	4
2209	4
2210	4
2211	4
2212	4
2213	4
2214	4
2215	4
2216	6
2217	4
2218	4
2219	4
2220	4
2221	4
2222	4
2223	6
2224	4
2225	4
2226	4
2227	4
2228	4
2229	4
2230	6
2231	6
2232	4
2233	6
2234	6
2235	4
2236	6
2237	6
2238	6
2239	4
2240	4
2241	4
2242	4
2243	4
2244	4
2245	6
2246	4
2247	6
2248	6
2249	4
2250	4
2251	4
2252	4
2253	4
2254	4
2255	4
2256	6
2257	4
2258	4
2259	4
2260	4
2261	6
2262	6
2263	4
2264	4
2265	4
2266	4
2267	4
2268	4
2269	4
2270	4
2271	4
2272	4
2273	4
2274	4
2275	4
2276	4
2277	6
2278	4
2279	4
2280	4
2281	4
2282	4
2283	6
2284	10
2285	10
2286	4
2287	4
2288	4
2289	4
2290	4
2291	4
2292	4
2293	4
2294	4
2295	4
2296	4
2297	4
2298	4
2299	4
2300	6
2301	4
2302	6
2303	6
2304	6
2305	4
2306	4
2307	4
2308	4
2309	1
2310	1
2311	1
2312	11
2313	11
2314	11
2315	11
2316	11
2317	11
2318	11
2319	11
2320	11
2321	11
2322	11
2323	11
2324	11
2325	11
2326	11
2327	11
2328	11
2329	11
2330	3
2331	3
2332	3
2333	3
2334	3
2335	3
2336	3
2337	3
2338	3
2339	3
2340	3
2341	3
2342	3
2343	3
2344	3
2345	3
2346	11
2347	11
2348	11
2349	11
2350	11
2351	11
2352	11
2353	11
2354	11
2355	11
2356	11
2357	11
2358	11
2359	11
2360	11
2361	11
2362	11
2363	11
2364	11
2365	11
2366	6
2367	6
2368	6
2369	6
2370	6
2371	6
2372	6
2373	6
2374	6
2375	6
2376	6
2377	6
2378	6
2379	6
2380	6
2381	6
2382	6
2383	6
2384	6
2385	6
2386	6
2387	6
2388	6
2389	6
2390	6
2391	6
2392	6
2393	6
2394	6
2395	6
2396	6
2397	6
2398	6
2399	6
2400	6
2401	6
2402	6
2403	6
2404	6
2405	6
2406	6
2407	6
2408	6
2409	6
2410	6
2411	6
2412	6
2413	6
2414	6
2415	9
2416	9
2417	9
2418	9
2419	2
2420	2
2421	9
2422	9
2423	9
2424	9
2425	9
2426	9
2427	2
2428	2
2429	2
2430	2
2431	9
2432	9
2433	9
2434	9
2435	9
2436	9
2437	9
2438	2
2439	2
2440	9
2441	9
2442	9
2443	9
2444	9
2445	9
2446	9
2447	9
2448	9
2449	2
2450	2
2451	2
2452	2
2453	2
2454	9
2455	9
2456	9
2457	9
2458	9
2459	9
2460	9
2461	9
2462	9
2463	9
2464	9
2465	9
2466	9
2467	9
2468	9
2469	9
2470	9
2471	9
2472	2
2473	9
2474	9
2475	9
2476	9
2477	9
2478	9
2479	2
2480	2
2481	9
2482	9
2483	9
2484	9
2485	2
2486	2
2487	9
2488	2
2489	2
2490	2
2491	2
2492	9
2493	2
2494	9
2495	2
2496	2
2497	2
2498	2
2499	9
2500	9
2501	2
2502	9
2503	9
2504	9
2505	9
2506	9
2507	9
2508	2
2509	2
2510	2
2511	9
2512	9
2513	2
2514	2
2515	2
2516	2
2517	2
2518	2
2519	2
2520	2
2521	2
2522	2
2523	2
2524	9
2525	2
2526	9
2527	2
2528	9
2529	2
2530	2
2531	2
2532	2
2533	2
2534	2
2535	2
2536	2
2537	2
2538	2
2539	2
2540	2
2541	2
2542	2
2543	9
2544	2
2545	2
2546	2
2547	9
2548	9
2549	9
2550	2
2551	2
2552	2
2553	2
2554	2
2555	2
2556	2
2557	2
2558	9
2559	9
2560	9
2561	9
2562	2
2563	2
2564	9
2565	2
2566	9
2567	9
2568	2
2569	2
2570	2
2571	9
2572	9
2573	9
2574	2
2575	2
2576	2
2577	2
2578	2
2579	2
2580	2
2581	2
2582	9
2583	2
2584	2
2585	9
2586	9
2587	2
2588	2
2589	2
2590	2
2591	2
2592	2
2593	2
2594	9
2595	9
2596	9
2597	9
2598	9
2599	9
2600	2
2601	9
2602	9
2603	9
2604	2
2605	2
2606	10
2607	10
2608	10
2609	10
2610	10
2611	10
2612	10
2613	10
2614	10
2615	10
2616	10
2617	10
2618	10
2619	10
2620	10
2621	10
2622	10
2623	10
2624	10
2625	10
2626	10
2627	10
2628	10
2629	10
2630	10
2631	10
2632	10
2633	10
2634	10
2635	10
2636	10
2637	10
2638	10
2639	10
2640	7
2641	7
2642	12
2643	12
2644	12
2645	7
2646	7
2647	7
2648	7
2649	7
2650	7
2651	7
2652	7
2653	7
2654	7
2655	7
2656	12
2657	7
2658	12
2659	12
2660	12
2661	7
2662	7
2663	12
2664	7
2665	7
2666	7
2667	7
2668	7
2669	7
2670	7
2671	7
2672	12
2673	7
2674	12
2675	7
2676	7
2677	7
2678	7
2679	7
2680	7
2681	7
2682	7
2683	7
2684	7
2685	7
2686	12
2687	12
2688	3
2689	3
2690	3
2691	3
315	8
1657	13
