0	4
1	4
2	4
3	4
4	4
5	4
6	4
7	11
8	11
9	11
10	11
11	11
12	11
13	11
14	11
15	11
16	11
17	11
18	1
19	1
20	1
21	12
22	12
23	12
24	12
25	12
26	12
27	12
28	12
29	5
30	1
31	1
32	5
33	1
34	1
35	1
36	1
37	5
38	5
39	1
40	1
41	1
42	5
43	1
44	1
45	1
46	5
47	1
48	1
49	5
50	5
51	5
52	5
53	6
54	6
55	6
56	6
57	6
58	5
59	5
60	5
61	5
62	5
63	5
64	5
65	6
66	6
67	6
68	6
69	6
70	6
71	12
72	12
73	12
74	12
75	5
76	5
77	5
78	5
79	5
80	5
81	5
82	5
83	7
84	7
85	7
86	7
87	7
88	7
89	7
90	7
91	7
92	7
93	7
94	7
95	7
96	11
97	11
98	11
99	11
100	11
101	11
102	11
103	11
104	11
105	11
106	11
107	11
108	11
109	11
110	11
111	11
112	11
113	11
114	11
115	11
116	11
117	11
118	11
119	11
120	11
121	11
122	11
123	11
124	11
125	11
126	11
127	11
128	11
129	13
130	13
131	13
132	3
133	3
134	13
135	13
136	13
137	3
138	3
139	3
140	13
141	3
142	3
143	3
144	13
145	13
146	13
147	3
148	13
149	13
150	3
151	13
152	13
153	13
154	3
155	3
156	3
157	3
158	3
159	3
160	3
161	3
162	3
163	3
164	13
165	3
166	7
167	7
168	7
169	7
170	7
171	7
172	7
173	7
174	7
175	7
176	7
177	7
178	7
179	7
180	7
181	7
182	7
183	4
184	4
185	4
186	4
187	4
188	4
189	4
190	4
191	4
192	4
193	4
194	4
195	4
196	4
197	4
198	4
199	4
200	4
201	4
202	4
203	4
204	4
205	4
206	4
207	4
208	12
209	12
210	13
211	13
212	13
213	12
214	12
215	13
216	12
217	12
218	13
219	13
220	12
221	12
222	12
223	12
224	12
225	12
226	8
227	8
228	8
229	8
230	8
231	8
232	8
233	8
234	8
235	8
236	12
237	12
238	12
239	12
240	12
241	12
242	12
243	12
244	12
245	12
246	12
247	12
248	4
249	4
250	4
251	4
252	4
253	4
254	4
255	4
256	4
257	4
258	4
259	4
260	4
261	8
262	8
263	8
264	8
265	8
266	8
267	8
268	8
269	8
270	8
271	8
272	8
273	8
274	8
275	8
276	8
277	8
278	8
279	8
280	8
281	8
282	8
283	8
284	8
285	8
286	8
287	8
288	8
289	8
290	8
291	8
292	8
293	8
294	8
295	8
296	8
297	8
298	8
299	8
300	8
301	8
302	4
303	4
304	4
305	4
306	12
307	12
308	12
309	10
310	12
311	12
312	12
313	12
314	12
316	1
317	1
318	1
319	1
320	1
321	1
322	1
323	1
324	1
325	1
326	1
327	1
328	1
329	1
330	1
331	12
332	12
333	12
334	12
335	12
336	12
337	1
338	1
339	1
340	12
341	12
342	12
343	12
344	12
345	12
346	12
347	12
348	12
349	12
350	12
351	12
352	12
353	10
354	12
355	12
356	3
357	3
358	11
359	3
360	3
361	11
362	3
363	3
364	3
365	11
366	3
367	11
368	3
369	10
370	12
371	12
372	12
373	12
374	12
375	12
376	12
377	12
378	12
379	12
380	12
381	12
382	12
383	12
384	12
385	12
386	12
387	12
388	12
389	1
390	1
391	1
392	1
393	1
394	12
395	12
396	12
397	12
398	1
399	1
400	1
401	1
402	1
403	13
404	13
405	13
406	13
407	13
408	13
409	5
410	5
411	5
412	5
413	5
414	5
415	5
416	5
417	5
418	5
419	5
420	5
421	5
422	5
423	5
424	5
425	7
426	7
427	7
428	7
429	7
430	7
431	7
432	7
433	5
434	5
435	5
436	5
437	5
438	5
439	5
440	5
441	5
442	5
443	5
444	5
445	5
446	7
447	7
448	7
449	7
450	7
451	5
452	5
453	5
454	7
455	7
456	7
457	5
458	5
459	5
460	5
461	5
462	5
463	7
464	7
465	7
466	7
467	7
468	7
469	7
470	7
471	7
472	7
473	5
474	5
475	8
476	8
477	7
478	7
479	7
480	7
481	7
482	7
483	7
484	13
485	13
486	7
487	7
488	7
489	8
490	8
491	8
492	8
493	8
494	8
495	7
496	7
497	7
498	13
499	7
500	7
501	7
502	13
503	7
504	7
505	7
506	13
507	13
508	13
509	13
510	13
511	13
512	13
513	13
514	13
515	13
516	13
517	13
518	13
519	13
520	13
521	13
522	11
523	11
524	11
525	11
526	4
527	4
528	11
529	11
530	11
531	11
532	11
533	11
534	11
535	11
536	11
537	11
538	4
539	4
540	4
541	4
542	4
543	4
544	4
545	4
546	4
547	4
548	4
549	4
550	4
551	4
552	4
553	4
554	4
555	4
556	4
557	4
558	4
559	12
560	12
561	12
562	12
563	12
564	12
565	4
566	4
567	4
568	4
569	4
570	2
571	2
572	2
573	2
574	2
575	2
576	2
577	2
578	2
579	2
580	2
581	4
582	4
583	4
584	4
585	4
586	4
587	8
588	8
589	8
590	8
591	8
592	12
593	12
594	8
595	12
596	8
597	12
598	8
599	12
600	12
601	12
602	12
603	4
604	4
605	4
606	4
607	4
608	4
609	4
610	4
611	4
612	4
613	4
614	4
615	4
616	4
617	12
618	12
619	12
620	8
621	8
622	8
623	8
624	8
625	8
626	8
627	8
628	12
629	12
630	12
631	12
632	12
633	8
634	8
635	12
636	12
637	8
638	8
639	4
640	4
641	4
642	4
643	4
644	4
645	4
646	4
647	4
648	4
649	4
650	4
651	4
652	4
653	4
654	4
655	4
656	4
657	7
658	7
659	8
660	8
661	5
662	5
663	5
664	5
665	5
666	5
667	5
668	5
669	5
670	13
671	13
672	13
673	13
674	13
675	13
676	13
677	13
678	13
679	13
680	5
681	5
682	5
683	5
684	5
685	5
686	5
687	5
688	5
689	5
690	5
691	5
692	5
693	5
694	5
695	5
696	5
697	13
698	13
699	13
700	13
701	13
702	13
703	13
704	13
705	13
706	13
707	13
708	13
709	13
710	13
711	13
712	13
713	13
714	5
715	5
716	12
717	12
718	13
719	13
720	13
721	12
722	12
723	12
724	12
725	12
726	12
727	12
728	12
729	12
730	12
731	12
732	1
733	1
734	1
735	1
736	1
737	7
738	7
739	7
740	7
741	7
742	7
743	8
744	8
745	1
746	1
747	1
748	1
749	1
750	1
751	1
752	1
753	1
754	1
755	1
756	1
757	1
758	1
759	1
760	1
761	1
762	1
763	1
764	1
765	1
766	8
767	7
768	7
769	7
770	1
771	1
772	7
773	7
774	7
775	7
776	8
777	8
778	7
779	7
780	7
781	7
782	7
783	7
784	7
785	12
786	7
787	8
788	7
789	7
790	8
791	12
792	12
793	12
794	12
795	12
796	12
797	12
798	12
799	12
800	12
801	7
802	8
803	7
804	8
805	12
806	12
807	12
808	7
809	7
810	7
811	6
812	6
813	6
814	6
815	6
816	6
817	6
818	6
819	11
820	6
821	6
822	6
823	6
824	6
825	6
826	6
827	11
828	11
829	6
830	6
831	6
832	6
833	6
834	6
835	6
836	6
837	6
838	6
839	6
840	6
841	6
842	6
843	6
844	6
845	6
846	6
847	6
848	11
849	11
850	6
851	11
852	6
853	6
854	6
855	6
856	6
857	11
858	4
859	4
860	4
861	4
862	4
863	4
864	4
865	4
866	4
867	4
868	4
869	4
870	4
871	6
872	6
873	6
874	6
875	6
876	6
877	6
878	6
879	6
880	11
881	6
882	6
883	6
884	6
885	6
886	6
887	6
888	6
889	6
890	6
891	11
892	6
893	6
894	6
895	6
896	6
897	6
898	6
899	11
900	11
901	11
902	6
903	6
904	6
905	6
906	6
907	6
908	6
909	6
910	11
911	11
912	6
913	11
914	6
915	6
916	6
917	6
918	6
919	6
920	11
921	11
922	11
923	11
924	11
925	6
926	6
927	6
928	6
929	6
930	6
931	6
932	11
933	11
934	11
935	6
936	6
937	6
938	6
939	11
940	11
941	6
942	6
943	11
944	11
945	11
946	6
947	6
948	6
949	6
950	11
951	11
952	11
953	11
954	11
955	11
956	11
957	6
958	6
959	6
960	11
961	11
962	6
963	6
964	6
965	6
966	11
967	11
968	11
969	6
970	6
971	6
972	6
973	6
974	11
975	6
976	6
977	6
978	11
979	11
980	11
981	11
982	1
983	1
984	6
985	13
986	13
987	13
988	13
989	13
990	13
991	13
992	7
993	13
994	13
995	13
996	13
997	13
998	13
999	13
1000	7
1001	7
1002	13
1003	13
1004	13
1005	13
1006	13
1007	1
1008	6
1009	13
1010	6
1011	1
1012	6
1013	1
1014	1
1015	1
1016	1
1017	6
1018	6
1019	1
1020	1
1021	1
1022	1
1023	1
1024	1
1025	1
1026	1
1027	6
1028	1
1029	1
1030	1
1031	1
1032	1
1033	1
1034	1
1035	1
1036	1
1037	6
1038	1
1039	6
1040	1
1041	1
1042	6
1043	1
1044	1
1045	1
1046	1
1047	1
1048	1
1049	1
1050	1
1051	6
1052	1
1053	1
1054	1
1055	1
1056	6
1057	1
1058	1
1059	1
1060	1
1061	1
1062	6
1063	1
1064	1
1065	6
1066	6
1067	6
1068	1
1069	1
1070	6
1071	1
1072	1
1073	1
1074	1
1075	4
1076	4
1077	4
1078	4
1079	4
1080	4
1081	4
1082	4
1083	4
1084	4
1085	4
1086	4
1087	8
1088	8
1089	8
1090	8
1091	8
1092	8
1093	8
1094	12
1095	12
1096	12
1097	12
1098	12
1099	12
1100	12
1101	12
1102	12
1103	12
1104	12
1105	12
1106	12
1107	10
1108	10
1109	10
1110	10
1111	10
1112	10
1113	10
1114	10
1115	10
1116	10
1117	10
1118	10
1119	10
1120	10
1121	10
1122	10
1123	10
1124	10
1125	10
1126	10
1127	10
1128	10
1129	10
1130	10
1131	10
1132	10
1133	10
1134	10
1135	10
1136	10
1137	10
1138	10
1139	10
1140	10
1141	10
1142	10
1143	10
1144	10
1145	10
1146	10
1147	10
1148	10
1149	10
1150	10
1151	10
1152	10
1153	10
1154	12
1155	12
1156	12
1157	12
1158	12
1159	12
1160	12
1161	12
1162	12
1163	12
1164	12
1165	12
1166	12
1167	12
1168	12
1169	1
1170	6
1171	6
1172	6
1173	1
1174	1
1175	6
1176	1
1177	6
1178	1
1179	6
1180	6
1181	1
1182	1
1183	1
1184	6
1185	1
1186	1
1187	1
1188	1
1189	1
1190	6
1191	1
1192	6
1193	1
1194	6
1195	1
1196	1
1197	1
1198	6
1199	1
1200	11
1201	11
1202	11
1203	11
1204	11
1205	11
1206	11
1207	11
1208	11
1209	11
1210	11
1211	11
1212	11
1213	11
1214	11
1215	11
1216	11
1217	11
1218	11
1219	11
1220	11
1221	11
1222	11
1223	11
1224	11
1225	11
1226	11
1227	11
1228	11
1229	11
1230	11
1231	11
1232	11
1233	11
1234	11
1235	11
1236	11
1237	11
1238	11
1239	11
1240	8
1241	8
1242	8
1243	8
1244	8
1245	8
1246	8
1247	8
1248	8
1249	8
1250	8
1251	8
1252	8
1253	5
1254	5
1255	5
1256	5
1257	5
1258	8
1259	8
1260	8
1261	8
1262	8
1263	8
1264	5
1265	5
1266	5
1267	5
1268	5
1269	5
1270	5
1271	5
1272	5
1273	5
1274	5
1275	5
1276	5
1277	5
1278	12
1279	12
1280	12
1281	8
1282	8
1283	8
1284	5
1285	5
1286	5
1287	5
1288	12
1289	12
1290	12
1291	12
1292	3
1293	12
1294	12
1295	3
1296	3
1297	3
1298	12
1299	12
1300	12
1301	3
1302	3
1303	4
1304	4
1305	4
1306	4
1307	4
1308	4
1309	4
1310	4
1311	4
1312	4
1313	4
1314	10
1315	10
1316	10
1317	10
1318	10
1319	10
1320	10
1321	10
1322	10
1323	10
1324	10
1325	10
1326	10
1327	10
1328	10
1329	10
1330	10
1331	10
1332	10
1333	10
1334	10
1335	10
1336	10
1337	10
1338	10
1339	10
1340	10
1341	10
1342	10
1343	10
1344	10
1345	10
1346	4
1347	4
1348	4
1349	4
1350	4
1351	4
1352	4
1353	4
1354	4
1355	4
1356	4
1357	4
1358	4
1359	4
1360	4
1361	4
1362	4
1363	10
1364	10
1365	10
1366	10
1367	10
1368	10
1369	10
1370	10
1371	10
1372	10
1373	10
1374	10
1375	10
1376	10
1377	10
1378	10
1379	10
1380	10
1381	12
1382	12
1383	12
1384	12
1385	12
1386	12
1387	12
1388	12
1389	12
1390	12
1391	12
1392	12
1393	12
1394	12
1395	12
1396	12
1397	5
1398	5
1399	5
1400	5
1401	5
1402	5
1403	5
1404	5
1405	5
1406	5
1407	5
1408	5
1409	5
1410	5
1411	5
1412	5
1413	5
1414	5
1415	5
1416	5
1417	5
1418	5
1419	5
1420	5
1421	5
1422	5
1423	5
1424	5
1425	5
1426	5
1427	5
1428	2
1429	2
1430	2
1431	2
1432	2
1433	2
1434	2
1435	2
1436	2
1437	2
1438	2
1439	2
1440	2
1441	6
1442	6
1443	6
1444	6
1445	6
1446	6
1447	6
1448	6
1449	6
1450	6
1451	6
1452	6
1453	6
1454	6
1455	2
1456	2
1457	2
1458	2
1459	2
1460	2
1461	2
1462	2
1463	2
1464	2
1465	13
1466	13
1467	13
1468	13
1469	13
1470	13
1471	13
1472	13
1473	13
1474	13
1475	13
1476	13
1477	13
1478	13
1479	13
1480	13
1481	13
1482	13
1483	13
1484	13
1485	13
1486	13
1487	13
1488	13
1489	1
1490	1
1491	1
1492	1
1493	1
1494	1
1495	1
1496	1
1497	1
1498	1
1499	1
1500	1
1501	5
1502	5
1503	5
1504	5
1505	5
1506	5
1507	5
1508	5
1509	5
1510	5
1511	5
1512	5
1513	5
1514	5
1515	5
1516	5
1517	5
1518	5
1519	5
1520	5
1521	5
1522	5
1523	5
1524	5
1525	5
1526	5
1527	5
1528	5
1529	7
1530	7
1531	7
1532	7
1533	7
1534	7
1535	7
1536	7
1537	7
1538	7
1539	7
1540	7
1541	7
1542	7
1543	7
1544	7
1545	7
1546	7
1547	7
1548	7
1549	7
1550	7
1551	7
1552	7
1553	11
1554	11
1555	11
1556	11
1557	11
1558	11
1559	11
1560	11
1561	11
1562	11
1563	11
1564	11
1565	11
1566	11
1567	11
1568	11
1569	11
1570	11
1571	11
1572	11
1573	11
1574	11
1575	11
1576	1
1577	1
1578	1
1579	1
1580	1
1581	1
1582	1
1583	1
1584	1
1585	1
1586	1
1587	1
1588	1
1589	1
1590	1
1591	1
1592	1
1593	4
1594	4
1595	4
1596	4
1597	4
1598	4
1599	4
1600	4
1601	4
1602	2
1603	2
1604	2
1605	2
1606	2
1607	2
1608	2
1609	2
1610	2
1611	2
1612	2
1613	2
1614	2
1615	2
1616	2
1617	2
1618	12
1619	12
1620	12
1621	12
1622	12
1623	12
1624	12
1625	12
1626	12
1627	12
1628	12
1629	6
1630	6
1631	11
1632	6
1633	11
1634	11
1635	11
1636	11
1637	11
1638	11
1639	6
1640	11
1641	11
1642	11
1643	11
1644	12
1645	12
1646	12
1647	12
1648	12
1649	11
1650	6
1651	6
1652	6
1653	6
1654	6
1655	11
1656	11
1658	11
1659	6
1660	11
1661	11
1662	6
1663	11
1664	11
1665	11
1666	6
1667	6
1668	6
1669	6
1670	11
1671	11
1672	11
1673	12
1674	11
1675	11
1676	11
1677	12
1678	8
1679	8
1680	8
1681	8
1682	8
1683	8
1684	8
1685	1
1686	1
1687	1
1688	1
1689	1
1690	1
1691	1
1692	1
1693	1
1694	1
1695	1
1696	1
1697	1
1698	1
1699	1
1700	1
1701	1
1702	1
1703	2
1704	2
1705	1
1706	1
1707	1
1708	1
1709	1
1710	1
1711	1
1712	1
1713	12
1714	12
1715	12
1716	12
1717	12
1718	12
1719	12
1720	12
1721	12
1722	12
1723	12
1724	12
1725	1
1726	1
1727	1
1728	12
1729	1
1730	1
1731	1
1732	1
1733	1
1734	1
1735	1
1736	1
1737	1
1738	1
1739	1
1740	1
1741	1
1742	5
1743	5
1744	9
1745	5
1746	5
1747	9
1748	5
1749	5
1750	5
1751	5
1752	5
1753	5
1754	5
1755	5
1756	9
1757	13
1758	13
1759	13
1760	13
1761	5
1762	5
1763	5
1764	9
1765	5
1766	5
1767	9
1768	5
1769	5
1770	5
1771	5
1772	5
1773	5
1774	13
1775	13
1776	13
1777	13
1778	13
1779	13
1780	13
1781	13
1782	13
1783	13
1784	13
1785	13
1786	13
1787	5
1788	5
1789	5
1790	5
1791	5
1792	5
1793	5
1794	5
1795	13
1796	13
1797	13
1798	13
1799	5
1800	5
1801	5
1802	5
1803	9
1804	9
1805	5
1806	9
1807	5
1808	9
1809	2
1810	2
1811	2
1812	2
1813	2
1814	2
1815	2
1816	2
1817	2
1818	2
1819	2
1820	2
1821	2
1822	2
1823	2
1824	2
1825	2
1826	2
1827	2
1828	2
1829	2
1830	12
1831	12
1832	12
1833	12
1834	12
1835	2
1836	2
1837	12
1838	2
1839	2
1840	11
1841	11
1842	11
1843	11
1844	11
1845	2
1846	2
1847	2
1848	2
1849	2
1850	2
1851	2
1852	2
1853	2
1854	2
1855	2
1856	2
1857	12
1858	12
1859	12
1860	12
1861	12
1862	12
1863	2
1864	2
1865	2
1866	2
1867	2
1868	2
1869	2
1870	2
1871	2
1872	8
1873	8
1874	8
1875	8
1876	8
1877	8
1878	8
1879	8
1880	8
1881	8
1882	8
1883	8
1884	8
1885	8
1886	8
1887	8
1888	8
1889	8
1890	8
1891	8
1892	8
1893	8
1894	8
1895	4
1896	4
1897	4
1898	6
1899	6
1900	6
1901	6
1902	6
1903	6
1904	4
1905	4
1906	4
1907	4
1908	4
1909	4
1910	4
1911	4
1912	4
1913	4
1914	4
1915	4
1916	6
1917	6
1918	6
1919	6
1920	6
1921	6
1922	6
1923	6
1924	4
1925	4
1926	4
1927	4
1928	4
1929	4
1930	4
1931	4
1932	4
1933	4
1934	4
1935	4
1936	4
1937	4
1938	4
1939	4
1940	4
1941	4
1942	4
1943	4
1944	4
1945	4
1946	4
1947	4
1948	4
1949	4
1950	4
1951	4
1952	4
1953	4
1954	4
1955	4
1956	4
1957	4
1958	4
1959	4
1960	4
1961	4
1962	4
1963	4
1964	4
1965	4
1966	4
1967	4
1968	4
1969	4
1970	4
1971	4
1972	4
1973	4
1974	4
1975	4
1976	7
1977	7
1978	7
1979	7
1980	7
1981	7
1982	7
1983	7
1984	7
1985	7
1986	7
1987	7
1988	7
1989	7
1990	7
1991	7
1992	7
1993	7
1994	7
1995	7
1996	7
1997	7
1998	7
1999	7
2000	7
2001	7
2002	7
2003	7
2004	7
2005	7
2006	7
2007	7
2008	7
2009	7
2010	7
2011	7
2012	7
2013	7
2014	7
2015	7
2016	7
2017	8
2018	8
2019	8
2020	8
2021	8
2022	8
2023	8
2024	7
2025	8
2026	8
2027	8
2028	8
2029	8
2030	7
2031	7
2032	7
2033	7
2034	7
2035	7
2036	7
2037	8
2038	12
2039	12
2040	12
2041	12
2042	12
2043	8
2044	8
2045	8
2046	7
2047	7
2048	12
2049	12
2050	8
2051	7
2052	7
2053	8
2054	8
2055	7
2056	8
2057	7
2058	7
2059	7
2060	7
2061	7
2062	7
2063	7
2064	7
2065	7
2066	7
2067	7
2068	8
2069	8
2070	8
2071	8
2072	8
2073	12
2074	8
2075	8
2076	8
2077	12
2078	12
2079	8
2080	12
2081	8
2082	8
2083	8
2084	8
2085	8
2086	8
2087	8
2088	8
2089	1
2090	1
2091	1
2092	1
2093	1
2094	1
2095	1
2096	4
2097	4
2098	4
2099	4
2100	4
2101	4
2102	4
2103	5
2104	5
2105	5
2106	5
2107	4
2108	4
2109	4
2110	5
2111	5
2112	5
2113	9
2114	9
2115	9
2116	9
2117	9
2118	2
2119	9
2120	9
2121	9
2122	9
2123	2
2124	8
2125	9
2126	9
2127	9
2128	9
2129	9
2130	9
2131	9
2132	9
2133	2
2134	9
2135	9
2136	9
2137	2
2138	2
2139	9
2140	2
2141	9
2142	9
2143	9
2144	9
2145	9
2146	9
2147	9
2148	9
2149	9
2150	9
2151	9
2152	9
2153	9
2154	9
2155	9
2156	9
2157	9
2158	9
2159	9
2160	9
2161	9
2162	2
2163	2
2164	2
2165	2
2166	9
2167	9
2168	9
2169	9
2170	9
2171	9
2172	9
2173	9
2174	9
2175	9
2176	2
2177	2
2178	9
2179	9
2180	2
2181	2
2182	9
2183	9
2184	9
2185	9
2186	9
2187	9
2188	9
2189	9
2190	9
2191	9
2192	9
2193	9
2194	9
2195	9
2196	9
2197	9
2198	9
2199	2
2200	9
2201	9
2202	9
2203	9
2204	9
2205	9
2206	9
2207	9
2208	9
2209	9
2210	2
2211	9
2212	9
2213	9
2214	9
2215	9
2216	9
2217	9
2218	9
2219	9
2220	9
2221	9
2222	9
2223	9
2224	9
2225	9
2226	9
2227	9
2228	9
2229	9
2230	2
2231	2
2232	9
2233	2
2234	2
2235	9
2236	2
2237	2
2238	2
2239	9
2240	9
2241	9
2242	9
2243	9
2244	9
2245	2
2246	9
2247	2
2248	2
2249	9
2250	9
2251	9
2252	9
2253	9
2254	9
2255	9
2256	2
2257	9
2258	9
2259	9
2260	9
2261	2
2262	9
2263	9
2264	9
2265	2
2266	9
2267	9
2268	9
2269	9
2270	9
2271	9
2272	9
2273	9
2274	9
2275	9
2276	9
2277	2
2278	9
2279	9
2280	9
2281	9
2282	9
2283	2
2284	8
2285	8
2286	9
2287	9
2288	9
2289	9
2290	9
2291	9
2292	9
2293	9
2294	9
2295	9
2296	9
2297	9
2298	9
2299	9
2300	9
2301	9
2302	2
2303	9
2304	2
2305	9
2306	9
2307	9
2308	9
2309	8
2310	8
2311	8
2312	6
2313	6
2314	6
2315	6
2316	6
2317	6
2318	6
2319	6
2320	6
2321	6
2322	6
2323	6
2324	6
2325	6
2326	6
2327	6
2328	6
2329	6
2330	4
2331	4
2332	4
2333	4
2334	4
2335	4
2336	4
2337	4
2338	4
2339	4
2340	4
2341	4
2342	4
2343	4
2344	4
2345	4
2346	1
2347	1
2348	1
2349	1
2350	1
2351	1
2352	1
2353	1
2354	1
2355	1
2356	1
2357	1
2358	1
2359	1
2360	1
2361	1
2362	1
2363	1
2364	1
2365	1
2366	2
2367	2
2368	2
2369	2
2370	2
2371	2
2372	2
2373	2
2374	2
2375	2
2376	2
2377	2
2378	2
2379	2
2380	2
2381	2
2382	2
2383	2
2384	2
2385	2
2386	2
2387	2
2388	2
2389	2
2390	2
2391	2
2392	2
2393	2
2394	2
2395	2
2396	2
2397	2
2398	2
2399	2
2400	2
2401	2
2402	2
2403	2
2404	2
2405	2
2406	2
2407	2
2408	2
2409	2
2410	2
2411	2
2412	2
2413	2
2414	2
2415	3
2416	3
2417	10
2418	10
2419	3
2420	3
2421	10
2422	3
2423	10
2424	3
2425	10
2426	3
2427	3
2428	3
2429	3
2430	3
2431	3
2432	3
2433	10
2434	3
2435	3
2436	3
2437	3
2438	3
2439	3
2440	3
2441	3
2442	3
2443	3
2444	10
2445	3
2446	3
2447	10
2448	10
2449	10
2450	10
2451	3
2452	10
2453	10
2454	10
2455	10
2456	10
2457	10
2458	10
2459	10
2460	10
2461	10
2462	10
2463	10
2464	10
2465	3
2466	10
2467	10
2468	10
2469	10
2470	10
2471	10
2472	10
2473	10
2474	10
2475	10
2476	10
2477	10
2478	10
2479	10
2480	10
2481	10
2482	10
2483	10
2484	10
2485	10
2486	10
2487	10
2488	10
2489	10
2490	10
2491	10
2492	10
2493	10
2494	10
2495	10
2496	3
2497	3
2498	3
2499	3
2500	10
2501	10
2502	3
2503	3
2504	3
2505	3
2506	3
2507	3
2508	3
2509	3
2510	3
2511	3
2512	3
2513	3
2514	3
2515	10
2516	3
2517	10
2518	10
2519	3
2520	10
2521	3
2522	10
2523	3
2524	3
2525	3
2526	10
2527	10
2528	3
2529	3
2530	3
2531	3
2532	3
2533	3
2534	3
2535	3
2536	3
2537	3
2538	3
2539	3
2540	3
2541	3
2542	3
2543	3
2544	3
2545	3
2546	3
2547	3
2548	3
2549	3
2550	10
2551	3
2552	3
2553	3
2554	3
2555	3
2556	3
2557	3
2558	3
2559	3
2560	3
2561	3
2562	3
2563	3
2564	3
2565	3
2566	3
2567	3
2568	3
2569	3
2570	3
2571	3
2572	3
2573	3
2574	3
2575	3
2576	3
2577	3
2578	3
2579	3
2580	3
2581	3
2582	10
2583	3
2584	3
2585	10
2586	10
2587	3
2588	3
2589	3
2590	3
2591	3
2592	3
2593	3
2594	10
2595	10
2596	10
2597	10
2598	3
2599	10
2600	10
2601	10
2602	3
2603	10
2604	3
2605	3
2606	8
2607	8
2608	8
2609	8
2610	8
2611	8
2612	8
2613	8
2614	8
2615	8
2616	8
2617	8
2618	8
2619	8
2620	8
2621	8
2622	8
2623	8
2624	8
2625	8
2626	8
2627	8
2628	8
2629	8
2630	8
2631	8
2632	8
2633	8
2634	8
2635	8
2636	8
2637	8
2638	8
2639	8
2640	13
2641	13
2642	7
2643	13
2644	7
2645	13
2646	13
2647	13
2648	13
2649	13
2650	13
2651	13
2652	13
2653	13
2654	13
2655	13
2656	7
2657	13
2658	7
2659	7
2660	7
2661	13
2662	13
2663	13
2664	13
2665	13
2666	13
2667	13
2668	13
2669	13
2670	13
2671	13
2672	13
2673	13
2674	13
2675	13
2676	13
2677	13
2678	13
2679	13
2680	13
2681	13
2682	13
2683	13
2684	13
2685	13
2686	13
2687	13
2688	4
2689	4
2690	4
2691	4
315	1
1657	11
