0	1
1	1
2	1
3	1
4	1
5	1
6	1
7	8
8	8
9	8
10	8
11	8
12	8
13	8
14	8
15	8
16	8
17	8
18	12
19	12
20	12
21	9
22	9
23	9
24	9
25	9
26	9
27	9
28	9
29	3
30	3
31	3
32	3
33	3
34	3
35	3
36	3
37	3
38	3
39	3
40	3
41	3
42	3
43	3
44	3
45	3
46	3
47	3
48	3
49	12
50	12
51	12
52	12
53	6
54	6
55	6
56	6
57	6
58	12
59	12
60	12
61	12
62	12
63	12
64	12
65	6
66	6
67	6
68	6
69	6
70	6
71	9
72	9
73	9
74	9
75	12
76	12
77	12
78	12
79	12
80	12
81	12
82	12
83	11
84	7
85	7
86	11
87	11
88	11
89	7
90	7
91	11
92	11
93	11
94	11
95	11
96	8
97	8
98	8
99	8
100	8
101	8
102	8
103	8
104	8
105	8
106	8
107	8
108	8
109	8
110	8
111	8
112	8
113	8
114	8
115	8
116	8
117	8
118	8
119	8
120	8
121	8
122	8
123	8
124	8
125	8
126	8
127	8
128	8
129	2
130	2
131	10
132	10
133	2
134	2
135	10
136	2
137	2
138	2
139	10
140	2
141	10
142	2
143	2
144	2
145	2
146	2
147	2
148	2
149	2
150	2
151	2
152	2
153	2
154	10
155	10
156	10
157	10
158	10
159	2
160	2
161	2
162	2
163	2
164	2
165	10
166	7
167	7
168	7
169	5
170	7
171	7
172	7
173	7
174	5
175	5
176	5
177	7
178	5
179	7
180	7
181	5
182	5
183	1
184	1
185	1
186	1
187	1
188	1
189	1
190	1
191	1
192	1
193	1
194	1
195	1
196	1
197	1
198	1
199	1
200	1
201	1
202	1
203	1
204	1
205	1
206	1
207	1
208	9
209	9
210	9
211	9
212	9
213	9
214	9
215	9
216	9
217	9
218	9
219	9
220	9
221	9
222	9
223	9
224	9
225	9
226	9
227	9
228	9
229	9
230	9
231	9
232	9
233	9
234	9
235	9
236	9
237	9
238	9
239	9
240	9
241	9
242	9
243	9
244	9
245	9
246	9
247	9
248	1
249	1
250	1
251	1
252	1
253	1
254	1
255	1
256	1
257	1
258	1
259	1
260	1
261	2
262	2
263	2
264	2
265	2
266	2
267	2
268	9
269	9
270	2
271	2
272	2
273	2
274	2
275	2
276	2
277	2
278	9
279	9
280	9
281	9
282	9
283	9
284	9
285	9
286	9
287	9
288	9
289	2
290	9
291	9
292	9
293	9
294	2
295	9
296	2
297	2
298	9
299	9
300	9
301	2
302	1
303	1
304	1
305	1
306	6
307	10
308	6
309	6
310	6
311	6
312	6
313	6
314	6
316	3
317	3
318	3
319	3
320	3
321	3
322	3
323	3
324	3
325	3
326	3
327	3
328	3
329	3
330	3
331	6
332	6
333	6
334	6
335	6
336	6
337	3
338	3
339	3
340	6
341	6
342	6
343	6
344	6
345	10
346	6
347	6
348	6
349	6
350	6
351	6
352	6
353	6
354	10
355	10
356	5
357	5
358	7
359	5
360	5
361	7
362	5
363	5
364	5
365	7
366	5
367	7
368	5
369	6
370	10
371	10
372	6
373	6
374	6
375	6
376	6
377	6
378	6
379	6
380	6
381	6
382	6
383	6
384	6
385	6
386	6
387	6
388	6
389	3
390	3
391	3
392	3
393	3
394	6
395	6
396	6
397	6
398	3
399	3
400	3
401	3
402	3
403	9
404	9
405	9
406	6
407	6
408	6
409	12
410	12
411	12
412	12
413	12
414	12
415	12
416	12
417	12
418	12
419	12
420	12
421	12
422	12
423	12
424	12
425	7
426	7
427	7
428	7
429	7
430	7
431	7
432	7
433	12
434	12
435	12
436	12
437	12
438	12
439	12
440	12
441	12
442	12
443	12
444	12
445	12
446	7
447	7
448	7
449	7
450	7
451	12
452	12
453	12
454	7
455	7
456	7
457	12
458	12
459	12
460	12
461	12
462	12
463	7
464	7
465	7
466	7
467	7
468	7
469	7
470	7
471	7
472	7
473	12
474	12
475	9
476	9
477	2
478	2
479	2
480	2
481	2
482	2
483	2
484	9
485	9
486	2
487	2
488	2
489	9
490	9
491	9
492	9
493	9
494	9
495	2
496	2
497	2
498	9
499	2
500	2
501	2
502	9
503	2
504	2
505	2
506	6
507	9
508	9
509	9
510	6
511	9
512	9
513	6
514	9
515	9
516	9
517	6
518	6
519	6
520	9
521	9
522	8
523	8
524	8
525	8
526	1
527	1
528	8
529	8
530	8
531	8
532	8
533	8
534	8
535	8
536	8
537	8
538	1
539	1
540	1
541	1
542	1
543	1
544	1
545	1
546	1
547	1
548	1
549	1
550	1
551	1
552	1
553	1
554	1
555	1
556	1
557	1
558	1
559	9
560	9
561	9
562	9
563	9
564	9
565	1
566	1
567	1
568	1
569	1
570	8
571	8
572	8
573	8
574	8
575	8
576	8
577	8
578	8
579	8
580	8
581	1
582	1
583	1
584	1
585	1
586	1
587	9
588	9
589	9
590	9
591	9
592	9
593	9
594	9
595	9
596	9
597	9
598	9
599	9
600	9
601	9
602	9
603	1
604	1
605	1
606	1
607	1
608	1
609	1
610	1
611	1
612	1
613	1
614	1
615	1
616	1
617	9
618	9
619	9
620	9
621	9
622	9
623	9
624	9
625	9
626	9
627	9
628	9
629	9
630	9
631	9
632	9
633	9
634	9
635	9
636	9
637	9
638	9
639	1
640	1
641	1
642	1
643	1
644	1
645	1
646	1
647	1
648	1
649	1
650	1
651	1
652	1
653	1
654	1
655	1
656	1
657	5
658	5
659	5
660	5
661	12
662	12
663	12
664	12
665	12
666	12
667	12
668	4
669	4
670	2
671	2
672	2
673	2
674	2
675	2
676	2
677	2
678	2
679	2
680	4
681	12
682	4
683	12
684	12
685	12
686	12
687	12
688	12
689	12
690	12
691	12
692	12
693	12
694	12
695	12
696	12
697	2
698	2
699	2
700	2
701	2
702	2
703	2
704	2
705	2
706	2
707	2
708	2
709	2
710	2
711	2
712	2
713	2
714	12
715	12
716	2
717	2
718	2
719	2
720	2
721	2
722	2
723	2
724	2
725	2
726	2
727	2
728	2
729	2
730	2
731	2
732	3
733	3
734	3
735	3
736	3
737	5
738	7
739	7
740	5
741	5
742	5
743	5
744	5
745	3
746	3
747	3
748	3
749	3
750	3
751	3
752	3
753	3
754	3
755	3
756	3
757	3
758	3
759	3
760	3
761	3
762	3
763	3
764	3
765	3
766	5
767	5
768	5
769	5
770	3
771	3
772	5
773	5
774	5
775	5
776	5
777	5
778	5
779	5
780	5
781	5
782	5
783	5
784	5
785	6
786	5
787	5
788	5
789	5
790	5
791	6
792	6
793	6
794	6
795	6
796	6
797	6
798	6
799	6
800	6
801	5
802	5
803	5
804	5
805	6
806	6
807	6
808	5
809	5
810	5
811	11
812	8
813	11
814	11
815	11
816	11
817	11
818	8
819	8
820	8
821	11
822	11
823	11
824	11
825	11
826	11
827	8
828	11
829	8
830	11
831	11
832	11
833	11
834	11
835	11
836	11
837	11
838	11
839	11
840	11
841	11
842	11
843	11
844	11
845	11
846	11
847	8
848	8
849	11
850	8
851	8
852	11
853	11
854	11
855	11
856	8
857	8
858	1
859	1
860	1
861	1
862	1
863	1
864	1
865	1
866	1
867	1
868	1
869	1
870	1
871	11
872	11
873	11
874	11
875	11
876	11
877	11
878	11
879	11
880	11
881	11
882	11
883	11
884	11
885	11
886	11
887	11
888	8
889	11
890	11
891	8
892	8
893	11
894	11
895	11
896	11
897	11
898	11
899	8
900	8
901	8
902	11
903	11
904	11
905	11
906	11
907	11
908	8
909	11
910	8
911	8
912	8
913	8
914	11
915	11
916	11
917	11
918	11
919	11
920	8
921	8
922	8
923	8
924	11
925	11
926	11
927	11
928	11
929	11
930	8
931	8
932	8
933	8
934	11
935	11
936	11
937	11
938	11
939	8
940	8
941	11
942	8
943	8
944	8
945	8
946	11
947	11
948	11
949	8
950	11
951	8
952	8
953	11
954	8
955	8
956	8
957	11
958	11
959	11
960	11
961	8
962	8
963	11
964	11
965	11
966	8
967	11
968	11
969	11
970	11
971	11
972	11
973	11
974	8
975	8
976	11
977	11
978	11
979	11
980	11
981	11
982	3
983	3
984	3
985	5
986	5
987	5
988	5
989	5
990	5
991	5
992	5
993	5
994	5
995	5
996	5
997	5
998	5
999	5
1000	5
1001	5
1002	5
1003	5
1004	5
1005	5
1006	5
1007	3
1008	3
1009	5
1010	3
1011	3
1012	3
1013	3
1014	3
1015	3
1016	3
1017	3
1018	3
1019	3
1020	3
1021	3
1022	3
1023	3
1024	3
1025	3
1026	3
1027	3
1028	3
1029	3
1030	3
1031	3
1032	3
1033	3
1034	3
1035	3
1036	3
1037	3
1038	3
1039	3
1040	3
1041	3
1042	3
1043	3
1044	3
1045	3
1046	3
1047	3
1048	3
1049	3
1050	3
1051	3
1052	3
1053	3
1054	3
1055	3
1056	3
1057	3
1058	3
1059	3
1060	3
1061	3
1062	3
1063	3
1064	3
1065	3
1066	3
1067	3
1068	3
1069	3
1070	3
1071	3
1072	3
1073	3
1074	3
1075	12
1076	12
1077	12
1078	12
1079	12
1080	12
1081	12
1082	12
1083	12
1084	12
1085	12
1086	12
1087	9
1088	2
1089	2
1090	2
1091	9
1092	2
1093	2
1094	9
1095	9
1096	9
1097	9
1098	9
1099	9
1100	9
1101	9
1102	9
1103	9
1104	9
1105	9
1106	9
1107	6
1108	6
1109	6
1110	6
1111	6
1112	6
1113	6
1114	6
1115	6
1116	6
1117	6
1118	6
1119	6
1120	6
1121	6
1122	6
1123	6
1124	6
1125	6
1126	6
1127	6
1128	6
1129	6
1130	6
1131	6
1132	6
1133	6
1134	6
1135	6
1136	6
1137	6
1138	6
1139	6
1140	6
1141	6
1142	6
1143	6
1144	6
1145	6
1146	6
1147	6
1148	6
1149	6
1150	6
1151	6
1152	6
1153	6
1154	6
1155	6
1156	6
1157	6
1158	6
1159	6
1160	6
1161	6
1162	6
1163	6
1164	6
1165	6
1166	6
1167	6
1168	6
1169	3
1170	3
1171	3
1172	3
1173	3
1174	3
1175	3
1176	3
1177	3
1178	3
1179	3
1180	3
1181	3
1182	3
1183	3
1184	3
1185	3
1186	3
1187	3
1188	3
1189	3
1190	3
1191	3
1192	3
1193	3
1194	3
1195	3
1196	3
1197	3
1198	3
1199	3
1200	11
1201	11
1202	8
1203	8
1204	8
1205	8
1206	8
1207	8
1208	8
1209	11
1210	8
1211	8
1212	8
1213	8
1214	8
1215	8
1216	8
1217	8
1218	8
1219	8
1220	8
1221	8
1222	8
1223	11
1224	8
1225	8
1226	8
1227	8
1228	8
1229	11
1230	8
1231	8
1232	11
1233	11
1234	8
1235	8
1236	11
1237	11
1238	11
1239	8
1240	9
1241	2
1242	2
1243	9
1244	2
1245	2
1246	2
1247	2
1248	9
1249	9
1250	9
1251	9
1252	9
1253	12
1254	12
1255	12
1256	12
1257	12
1258	9
1259	9
1260	9
1261	9
1262	2
1263	2
1264	12
1265	12
1266	12
1267	12
1268	12
1269	12
1270	12
1271	12
1272	12
1273	12
1274	12
1275	12
1276	12
1277	12
1278	6
1279	6
1280	6
1281	9
1282	2
1283	2
1284	12
1285	12
1286	12
1287	12
1288	6
1289	6
1290	6
1291	6
1292	6
1293	6
1294	6
1295	6
1296	6
1297	6
1298	6
1299	6
1300	6
1301	6
1302	6
1303	12
1304	12
1305	12
1306	12
1307	12
1308	12
1309	12
1310	12
1311	12
1312	12
1313	12
1314	6
1315	11
1316	6
1317	11
1318	6
1319	6
1320	11
1321	11
1322	11
1323	11
1324	6
1325	6
1326	6
1327	11
1328	11
1329	11
1330	11
1331	11
1332	11
1333	11
1334	11
1335	11
1336	6
1337	11
1338	6
1339	11
1340	6
1341	6
1342	11
1343	11
1344	6
1345	6
1346	12
1347	12
1348	12
1349	12
1350	12
1351	12
1352	12
1353	12
1354	12
1355	12
1356	12
1357	12
1358	12
1359	12
1360	12
1361	12
1362	12
1363	7
1364	7
1365	11
1366	7
1367	7
1368	11
1369	7
1370	7
1371	7
1372	7
1373	11
1374	11
1375	11
1376	7
1377	11
1378	7
1379	7
1380	7
1381	6
1382	6
1383	6
1384	6
1385	6
1386	6
1387	6
1388	6
1389	6
1390	6
1391	6
1392	6
1393	6
1394	6
1395	6
1396	6
1397	12
1398	12
1399	12
1400	12
1401	12
1402	12
1403	12
1404	12
1405	12
1406	12
1407	12
1408	12
1409	12
1410	12
1411	12
1412	12
1413	12
1414	12
1415	12
1416	12
1417	12
1418	12
1419	12
1420	12
1421	12
1422	12
1423	12
1424	12
1425	12
1426	12
1427	12
1428	8
1429	8
1430	8
1431	8
1432	8
1433	8
1434	8
1435	8
1436	8
1437	8
1438	8
1439	8
1440	8
1441	3
1442	8
1443	3
1444	8
1445	3
1446	8
1447	8
1448	3
1449	8
1450	3
1451	3
1452	3
1453	3
1454	3
1455	8
1456	8
1457	8
1458	8
1459	8
1460	8
1461	8
1462	8
1463	8
1464	8
1465	9
1466	9
1467	9
1468	9
1469	9
1470	9
1471	9
1472	9
1473	9
1474	9
1475	9
1476	9
1477	9
1478	9
1479	9
1480	9
1481	9
1482	9
1483	9
1484	9
1485	9
1486	9
1487	9
1488	9
1489	3
1490	3
1491	3
1492	3
1493	3
1494	3
1495	3
1496	3
1497	3
1498	3
1499	3
1500	3
1501	1
1502	12
1503	12
1504	1
1505	12
1506	1
1507	1
1508	12
1509	1
1510	1
1511	1
1512	1
1513	1
1514	1
1515	1
1516	12
1517	1
1518	1
1519	1
1520	1
1521	1
1522	1
1523	1
1524	1
1525	1
1526	1
1527	1
1528	1
1529	7
1530	7
1531	7
1532	7
1533	7
1534	7
1535	7
1536	7
1537	7
1538	7
1539	7
1540	7
1541	7
1542	7
1543	7
1544	7
1545	7
1546	7
1547	7
1548	7
1549	7
1550	7
1551	7
1552	11
1553	11
1554	11
1555	11
1556	11
1557	11
1558	11
1559	11
1560	11
1561	11
1562	11
1563	11
1564	11
1565	11
1566	11
1567	11
1568	11
1569	11
1570	11
1571	11
1572	11
1573	11
1574	11
1575	11
1576	3
1577	3
1578	3
1579	3
1580	3
1581	3
1582	3
1583	3
1584	3
1585	3
1586	3
1587	3
1588	3
1589	3
1590	3
1591	3
1592	3
1593	12
1594	12
1595	12
1596	12
1597	12
1598	12
1599	12
1600	12
1601	12
1602	8
1603	11
1604	8
1605	8
1606	8
1607	11
1608	8
1609	8
1610	8
1611	8
1612	8
1613	11
1614	11
1615	8
1616	8
1617	8
1618	9
1619	9
1620	9
1621	9
1622	9
1623	9
1624	9
1625	9
1626	9
1627	9
1628	9
1629	3
1630	8
1631	8
1632	8
1633	8
1634	8
1635	8
1636	8
1637	8
1638	8
1639	3
1640	8
1641	8
1642	8
1643	8
1644	9
1645	9
1646	9
1647	9
1648	9
1649	8
1650	3
1651	8
1652	3
1653	8
1654	8
1655	8
1656	8
1658	8
1659	8
1660	8
1661	8
1662	8
1663	8
1664	8
1665	8
1666	3
1667	8
1668	8
1669	3
1670	8
1671	8
1672	8
1673	9
1674	8
1675	8
1676	8
1677	9
1678	2
1679	2
1680	2
1681	2
1682	2
1683	2
1684	2
1685	12
1686	12
1687	12
1688	12
1689	12
1690	12
1691	12
1692	12
1693	12
1694	12
1695	12
1696	12
1697	12
1698	12
1699	12
1700	12
1701	12
1702	12
1703	4
1704	4
1705	12
1706	12
1707	12
1708	12
1709	12
1710	12
1711	12
1712	12
1713	9
1714	9
1715	9
1716	9
1717	9
1718	9
1719	9
1720	9
1721	9
1722	9
1723	9
1724	9
1725	12
1726	12
1727	12
1728	9
1729	12
1730	12
1731	12
1732	12
1733	12
1734	12
1735	12
1736	12
1737	12
1738	12
1739	12
1740	12
1741	12
1742	4
1743	4
1744	4
1745	4
1746	4
1747	4
1748	4
1749	4
1750	4
1751	4
1752	4
1753	4
1754	4
1755	4
1756	4
1757	9
1758	9
1759	9
1760	9
1761	4
1762	4
1763	4
1764	4
1765	4
1766	4
1767	4
1768	4
1769	4
1770	4
1771	4
1772	4
1773	4
1774	9
1775	9
1776	9
1777	9
1778	9
1779	9
1780	9
1781	9
1782	9
1783	9
1784	9
1785	9
1786	9
1787	4
1788	4
1789	4
1790	4
1791	4
1792	4
1793	4
1794	4
1795	9
1796	9
1797	9
1798	9
1799	4
1800	4
1801	4
1802	4
1803	4
1804	4
1805	4
1806	4
1807	4
1808	4
1809	13
1810	13
1811	13
1812	13
1813	13
1814	13
1815	13
1816	13
1817	13
1818	13
1819	8
1820	13
1821	8
1822	13
1823	8
1824	13
1825	13
1826	13
1827	13
1828	13
1829	13
1830	9
1831	9
1832	9
1833	9
1834	9
1835	13
1836	13
1837	9
1838	13
1839	13
1840	7
1841	7
1842	7
1843	7
1844	7
1845	13
1846	8
1847	13
1848	13
1849	13
1850	8
1851	13
1852	8
1853	8
1854	13
1855	13
1856	13
1857	9
1858	9
1859	9
1860	9
1861	9
1862	9
1863	13
1864	8
1865	8
1866	8
1867	8
1868	8
1869	8
1870	8
1871	13
1872	2
1873	2
1874	2
1875	2
1876	2
1877	2
1878	2
1879	2
1880	2
1881	2
1882	2
1883	2
1884	2
1885	2
1886	2
1887	2
1888	2
1889	2
1890	2
1891	2
1892	2
1893	2
1894	2
1895	1
1896	1
1897	1
1898	6
1899	6
1900	6
1901	6
1902	6
1903	6
1904	1
1905	1
1906	1
1907	1
1908	1
1909	1
1910	1
1911	1
1912	1
1913	1
1914	1
1915	1
1916	6
1917	6
1918	6
1919	6
1920	6
1921	6
1922	6
1923	6
1924	1
1925	1
1926	1
1927	1
1928	1
1929	1
1930	1
1931	1
1932	1
1933	1
1934	1
1935	1
1936	1
1937	1
1938	1
1939	1
1940	1
1941	1
1942	1
1943	1
1944	1
1945	1
1946	1
1947	1
1948	1
1949	1
1950	1
1951	1
1952	1
1953	1
1954	1
1955	1
1956	1
1957	1
1958	1
1959	1
1960	1
1961	1
1962	1
1963	1
1964	1
1965	1
1966	1
1967	1
1968	1
1969	1
1970	1
1971	1
1972	1
1973	1
1974	1
1975	1
1976	7
1977	7
1978	7
1979	7
1980	7
1981	7
1982	7
1983	7
1984	7
1985	7
1986	7
1987	7
1988	7
1989	7
1990	7
1991	7
1992	7
1993	7
1994	7
1995	7
1996	7
1997	7
1998	7
1999	7
2000	7
2001	7
2002	7
2003	7
2004	7
2005	7
2006	7
2007	7
2008	7
2009	7
2010	7
2011	7
2012	7
2013	7
2014	7
2015	7
2016	7
2017	2
2018	2
2019	2
2020	2
2021	2
2022	2
2023	2
2024	5
2025	2
2026	2
2027	2
2028	2
2029	2
2030	5
2031	5
2032	5
2033	5
2034	5
2035	5
2036	5
2037	5
2038	2
2039	2
2040	2
2041	2
2042	2
2043	2
2044	2
2045	2
2046	5
2047	5
2048	2
2049	2
2050	2
2051	5
2052	5
2053	5
2054	5
2055	5
2056	5
2057	5
2058	11
2059	11
2060	11
2061	11
2062	11
2063	11
2064	11
2065	11
2066	11
2067	11
2068	9
2069	9
2070	9
2071	9
2072	9
2073	9
2074	9
2075	9
2076	9
2077	9
2078	9
2079	9
2080	9
2081	9
2082	9
2083	9
2084	9
2085	9
2086	9
2087	9
2088	9
2089	3
2090	3
2091	3
2092	3
2093	3
2094	3
2095	3
2096	12
2097	12
2098	1
2099	1
2100	1
2101	1
2102	1
2103	1
2104	12
2105	12
2106	1
2107	1
2108	1
2109	1
2110	1
2111	1
2112	1
2113	13
2114	13
2115	13
2116	13
2117	13
2118	4
2119	4
2120	13
2121	13
2122	4
2123	4
2124	2
2125	13
2126	13
2127	13
2128	13
2129	13
2130	4
2131	13
2132	13
2133	4
2134	4
2135	13
2136	4
2137	4
2138	4
2139	13
2140	4
2141	13
2142	13
2143	13
2144	13
2145	13
2146	4
2147	4
2148	13
2149	4
2150	13
2151	13
2152	13
2153	13
2154	13
2155	13
2156	13
2157	13
2158	13
2159	13
2160	13
2161	13
2162	13
2163	13
2164	4
2165	4
2166	4
2167	13
2168	13
2169	13
2170	13
2171	13
2172	13
2173	13
2174	4
2175	13
2176	4
2177	4
2178	13
2179	13
2180	4
2181	4
2182	13
2183	13
2184	13
2185	13
2186	13
2187	13
2188	4
2189	13
2190	13
2191	13
2192	13
2193	13
2194	13
2195	13
2196	4
2197	4
2198	13
2199	4
2200	13
2201	13
2202	13
2203	13
2204	13
2205	13
2206	13
2207	13
2208	13
2209	13
2210	13
2211	13
2212	13
2213	13
2214	13
2215	4
2216	4
2217	13
2218	13
2219	13
2220	13
2221	13
2222	4
2223	4
2224	13
2225	13
2226	13
2227	13
2228	13
2229	4
2230	4
2231	4
2232	13
2233	4
2234	4
2235	13
2236	4
2237	4
2238	4
2239	13
2240	13
2241	4
2242	4
2243	4
2244	13
2245	4
2246	13
2247	4
2248	4
2249	13
2250	13
2251	13
2252	13
2253	4
2254	4
2255	13
2256	4
2257	13
2258	13
2259	13
2260	13
2261	4
2262	4
2263	13
2264	13
2265	13
2266	13
2267	13
2268	13
2269	4
2270	13
2271	4
2272	13
2273	4
2274	13
2275	13
2276	13
2277	4
2278	13
2279	13
2280	13
2281	13
2282	13
2283	4
2284	2
2285	2
2286	13
2287	13
2288	13
2289	13
2290	13
2291	13
2292	13
2293	13
2294	13
2295	13
2296	13
2297	4
2298	4
2299	4
2300	4
2301	13
2302	4
2303	13
2304	4
2305	13
2306	13
2307	4
2308	13
2309	2
2310	2
2311	2
2312	11
2313	11
2314	11
2315	11
2316	11
2317	11
2318	11
2319	11
2320	11
2321	11
2322	11
2323	11
2324	11
2325	11
2326	11
2327	11
2328	11
2329	11
2330	1
2331	1
2332	1
2333	1
2334	1
2335	1
2336	1
2337	1
2338	1
2339	1
2340	1
2341	1
2342	1
2343	1
2344	1
2345	1
2346	3
2347	3
2348	3
2349	3
2350	3
2351	3
2352	3
2353	3
2354	3
2355	3
2356	3
2357	3
2358	3
2359	3
2360	3
2361	3
2362	3
2363	3
2364	3
2365	3
2366	4
2367	4
2368	4
2369	4
2370	4
2371	4
2372	4
2373	4
2374	4
2375	4
2376	4
2377	4
2378	4
2379	4
2380	4
2381	4
2382	4
2383	4
2384	4
2385	4
2386	4
2387	4
2388	4
2389	4
2390	4
2391	4
2392	4
2393	4
2394	4
2395	4
2396	4
2397	4
2398	4
2399	4
2400	4
2401	4
2402	4
2403	4
2404	4
2405	4
2406	4
2407	4
2408	4
2409	4
2410	4
2411	4
2412	4
2413	4
2414	4
2415	10
2416	10
2417	10
2418	10
2419	10
2420	10
2421	5
2422	10
2423	10
2424	10
2425	10
2426	10
2427	10
2428	10
2429	10
2430	10
2431	10
2432	10
2433	10
2434	10
2435	10
2436	10
2437	10
2438	10
2439	10
2440	10
2441	10
2442	10
2443	10
2444	10
2445	10
2446	10
2447	10
2448	10
2449	5
2450	5
2451	5
2452	5
2453	5
2454	10
2455	10
2456	10
2457	10
2458	10
2459	10
2460	10
2461	10
2462	10
2463	5
2464	10
2465	10
2466	10
2467	10
2468	5
2469	5
2470	5
2471	10
2472	5
2473	10
2474	10
2475	10
2476	5
2477	10
2478	10
2479	5
2480	5
2481	10
2482	5
2483	5
2484	5
2485	5
2486	5
2487	10
2488	5
2489	5
2490	5
2491	5
2492	10
2493	5
2494	10
2495	5
2496	10
2497	10
2498	10
2499	10
2500	5
2501	5
2502	10
2503	10
2504	10
2505	10
2506	10
2507	10
2508	10
2509	10
2510	10
2511	10
2512	10
2513	10
2514	10
2515	5
2516	5
2517	5
2518	5
2519	5
2520	5
2521	5
2522	5
2523	10
2524	10
2525	10
2526	5
2527	5
2528	10
2529	10
2530	10
2531	10
2532	10
2533	10
2534	10
2535	10
2536	10
2537	10
2538	10
2539	10
2540	10
2541	10
2542	10
2543	10
2544	10
2545	5
2546	10
2547	10
2548	10
2549	10
2550	5
2551	10
2552	10
2553	10
2554	10
2555	5
2556	5
2557	10
2558	10
2559	10
2560	10
2561	10
2562	10
2563	10
2564	10
2565	10
2566	10
2567	10
2568	10
2569	10
2570	10
2571	10
2572	10
2573	10
2574	10
2575	5
2576	5
2577	5
2578	5
2579	5
2580	5
2581	10
2582	10
2583	5
2584	5
2585	10
2586	10
2587	10
2588	10
2589	10
2590	10
2591	10
2592	10
2593	10
2594	10
2595	10
2596	10
2597	10
2598	10
2599	10
2600	5
2601	5
2602	10
2603	10
2604	10
2605	10
2606	2
2607	2
2608	2
2609	2
2610	2
2611	2
2612	2
2613	2
2614	2
2615	2
2616	2
2617	2
2618	2
2619	2
2620	2
2621	2
2622	2
2623	2
2624	2
2625	2
2626	2
2627	2
2628	2
2629	2
2630	2
2631	2
2632	2
2633	2
2634	2
2635	2
2636	2
2637	2
2638	2
2639	2
2640	7
2641	7
2642	7
2643	7
2644	7
2645	7
2646	7
2647	7
2648	7
2649	7
2650	7
2651	7
2652	7
2653	5
2654	7
2655	5
2656	5
2657	5
2658	5
2659	7
2660	7
2661	5
2662	5
2663	7
2664	7
2665	7
2666	5
2667	7
2668	7
2669	7
2670	5
2671	7
2672	5
2673	7
2674	5
2675	5
2676	7
2677	7
2678	5
2679	7
2680	7
2681	7
2682	7
2683	7
2684	7
2685	7
2686	7
2687	7
2688	1
2689	1
2690	1
2691	1
315	3
1657	8
