0	4
1	4
2	4
3	4
4	4
5	4
6	4
7	12
8	12
9	12
10	12
11	12
12	12
13	12
14	12
15	12
16	12
17	12
18	2
19	13
20	13
21	11
22	11
23	11
24	11
25	11
26	11
27	11
28	11
29	2
30	2
31	2
32	2
33	2
34	2
35	2
36	2
37	2
38	2
39	2
40	2
41	2
42	2
43	2
44	2
45	2
46	2
47	2
48	2
49	2
50	2
51	2
52	2
53	11
54	11
55	11
56	11
57	11
58	2
59	2
60	2
61	2
62	2
63	2
64	2
65	11
66	11
67	11
68	11
69	11
70	11
71	11
72	11
73	11
74	11
75	2
76	2
77	2
78	2
79	2
80	2
81	2
82	2
83	10
84	10
85	10
86	10
87	10
88	10
89	10
90	10
91	10
92	10
93	10
94	10
95	10
96	12
97	12
98	12
99	12
100	12
101	12
102	12
103	12
104	12
105	12
106	12
107	12
108	12
109	12
110	12
111	12
112	12
113	12
114	12
115	12
116	12
117	12
118	12
119	12
120	12
121	12
122	12
123	12
124	12
125	12
126	12
127	12
128	12
129	9
130	9
131	9
132	9
133	9
134	9
135	9
136	9
137	9
138	9
139	9
140	9
141	9
142	9
143	9
144	9
145	9
146	9
147	9
148	9
149	9
150	9
151	9
152	9
153	9
154	9
155	9
156	9
157	9
158	9
159	9
160	9
161	9
162	9
163	9
164	9
165	9
166	7
167	7
168	7
169	7
170	7
171	7
172	7
173	7
174	7
175	7
176	7
177	7
178	7
179	7
180	7
181	7
182	7
183	4
184	4
185	4
186	4
187	4
188	4
189	4
190	4
191	4
192	4
193	4
194	4
195	4
196	4
197	4
198	4
199	4
200	4
201	4
202	4
203	4
204	4
205	4
206	4
207	4
208	11
209	11
210	11
211	11
212	11
213	11
214	11
215	11
216	11
217	11
218	11
219	11
220	11
221	11
222	11
223	11
224	11
225	11
226	9
227	9
228	9
229	9
230	9
231	9
232	9
233	9
234	9
235	9
236	11
237	11
238	11
239	11
240	11
241	11
242	11
243	11
244	11
245	11
246	11
247	11
248	4
249	4
250	4
251	4
252	4
253	4
254	4
255	4
256	4
257	4
258	4
259	4
260	4
261	1
262	1
263	1
264	1
265	1
266	1
267	1
268	9
269	1
270	1
271	1
272	1
273	1
274	1
275	1
276	1
277	1
278	9
279	1
280	1
281	1
282	9
283	9
284	9
285	9
286	1
287	9
288	9
289	1
290	9
291	9
292	1
293	9
294	1
295	9
296	1
297	1
298	1
299	9
300	1
301	1
302	4
303	4
304	4
305	4
306	5
307	6
308	6
309	5
310	5
311	5
312	6
313	6
314	5
316	2
317	2
318	2
319	2
320	2
321	2
322	2
323	2
324	2
325	2
326	2
327	2
328	2
329	2
330	2
331	6
332	5
333	6
334	6
335	5
336	5
337	2
338	2
339	2
340	5
341	5
342	6
343	6
344	6
345	6
346	6
347	6
348	5
349	6
350	5
351	6
352	6
353	5
354	6
355	6
356	9
357	9
358	10
359	9
360	9
361	9
362	9
363	9
364	9
365	10
366	9
367	10
368	10
369	5
370	6
371	6
372	5
373	5
374	5
375	5
376	5
377	6
378	5
379	5
380	6
381	6
382	6
383	6
384	6
385	6
386	6
387	6
388	6
389	2
390	2
391	2
392	2
393	2
394	5
395	5
396	5
397	5
398	2
399	2
400	2
401	2
402	2
403	11
404	11
405	11
406	11
407	11
408	11
409	13
410	13
411	13
412	13
413	13
414	13
415	13
416	13
417	13
418	2
419	2
420	13
421	13
422	13
423	2
424	13
425	7
426	7
427	7
428	7
429	7
430	7
431	7
432	7
433	2
434	13
435	13
436	2
437	13
438	13
439	13
440	13
441	13
442	13
443	13
444	13
445	13
446	7
447	7
448	7
449	7
450	7
451	13
452	13
453	13
454	7
455	7
456	7
457	13
458	13
459	13
460	13
461	13
462	13
463	7
464	7
465	7
466	7
467	7
468	7
469	7
470	7
471	7
472	7
473	2
474	13
475	1
476	1
477	9
478	9
479	9
480	9
481	9
482	9
483	9
484	11
485	11
486	9
487	9
488	9
489	1
490	1
491	1
492	1
493	1
494	1
495	9
496	9
497	9
498	11
499	9
500	9
501	9
502	11
503	9
504	9
505	9
506	11
507	11
508	11
509	11
510	11
511	11
512	11
513	11
514	11
515	11
516	11
517	11
518	11
519	11
520	11
521	11
522	10
523	10
524	10
525	10
526	4
527	4
528	10
529	10
530	10
531	10
532	10
533	10
534	10
535	10
536	10
537	10
538	4
539	4
540	4
541	4
542	4
543	4
544	4
545	4
546	4
547	4
548	4
549	4
550	4
551	4
552	4
553	4
554	4
555	4
556	4
557	4
558	4
559	11
560	11
561	1
562	11
563	11
564	11
565	4
566	4
567	4
568	4
569	4
570	12
571	12
572	12
573	12
574	10
575	12
576	12
577	12
578	10
579	12
580	12
581	4
582	4
583	4
584	4
585	4
586	4
587	1
588	9
589	9
590	9
591	9
592	1
593	9
594	1
595	1
596	1
597	9
598	1
599	9
600	1
601	9
602	9
603	4
604	4
605	4
606	4
607	4
608	4
609	4
610	4
611	4
612	4
613	4
614	4
615	4
616	4
617	1
618	1
619	9
620	1
621	1
622	1
623	1
624	1
625	1
626	1
627	1
628	1
629	1
630	9
631	9
632	1
633	9
634	1
635	9
636	1
637	1
638	1
639	4
640	4
641	4
642	4
643	4
644	4
645	4
646	4
647	4
648	4
649	4
650	4
651	4
652	4
653	4
654	4
655	4
656	4
657	1
658	1
659	1
660	1
661	13
662	13
663	13
664	13
665	13
666	13
667	13
668	13
669	13
670	9
671	9
672	9
673	9
674	9
675	9
676	9
677	9
678	9
679	9
680	13
681	13
682	13
683	13
684	13
685	13
686	13
687	13
688	13
689	13
690	13
691	13
692	13
693	13
694	13
695	13
696	13
697	9
698	9
699	9
700	9
701	9
702	9
703	9
704	9
705	9
706	9
707	9
708	9
709	9
710	9
711	9
712	9
713	9
714	13
715	13
716	1
717	1
718	9
719	9
720	9
721	1
722	1
723	1
724	1
725	1
726	1
727	1
728	1
729	1
730	1
731	1
732	2
733	2
734	2
735	2
736	2
737	1
738	7
739	7
740	7
741	1
742	1
743	1
744	1
745	2
746	2
747	2
748	2
749	2
750	2
751	2
752	2
753	2
754	2
755	2
756	2
757	2
758	2
759	2
760	2
761	2
762	2
763	2
764	2
765	2
766	1
767	7
768	1
769	7
770	2
771	2
772	1
773	1
774	1
775	7
776	1
777	1
778	7
779	7
780	1
781	1
782	1
783	7
784	7
785	11
786	1
787	1
788	1
789	1
790	1
791	11
792	11
793	11
794	11
795	11
796	11
797	11
798	11
799	11
800	11
801	1
802	1
803	1
804	1
805	11
806	11
807	11
808	1
809	1
810	1
811	5
812	8
813	5
814	5
815	5
816	5
817	5
818	8
819	8
820	8
821	5
822	5
823	5
824	5
825	5
826	5
827	8
828	5
829	8
830	5
831	5
832	5
833	5
834	5
835	5
836	5
837	5
838	5
839	5
840	5
841	5
842	5
843	5
844	5
845	5
846	5
847	8
848	8
849	8
850	8
851	8
852	5
853	5
854	5
855	5
856	8
857	8
858	4
859	4
860	4
861	4
862	4
863	4
864	4
865	4
866	4
867	4
868	4
869	4
870	4
871	5
872	5
873	5
874	5
875	5
876	5
877	5
878	5
879	5
880	8
881	5
882	5
883	8
884	5
885	5
886	5
887	5
888	8
889	5
890	5
891	8
892	8
893	5
894	5
895	5
896	5
897	5
898	5
899	8
900	8
901	8
902	5
903	5
904	5
905	5
906	5
907	8
908	8
909	5
910	8
911	8
912	8
913	8
914	5
915	5
916	5
917	5
918	5
919	5
920	8
921	8
922	8
923	8
924	8
925	5
926	5
927	5
928	5
929	5
930	8
931	8
932	8
933	8
934	5
935	5
936	5
937	5
938	5
939	8
940	8
941	5
942	8
943	8
944	8
945	8
946	5
947	8
948	5
949	8
950	8
951	8
952	8
953	5
954	8
955	8
956	8
957	5
958	5
959	5
960	8
961	8
962	8
963	5
964	5
965	5
966	8
967	5
968	8
969	5
970	5
971	5
972	5
973	5
974	8
975	8
976	5
977	5
978	5
979	8
980	5
981	5
982	8
983	8
984	8
985	9
986	7
987	7
988	9
989	7
990	9
991	7
992	7
993	7
994	9
995	9
996	9
997	7
998	7
999	9
1000	7
1001	7
1002	7
1003	9
1004	9
1005	7
1006	7
1007	8
1008	8
1009	7
1010	8
1011	8
1012	8
1013	8
1014	8
1015	8
1016	8
1017	8
1018	8
1019	8
1020	8
1021	8
1022	8
1023	8
1024	8
1025	8
1026	8
1027	8
1028	8
1029	8
1030	8
1031	8
1032	8
1033	8
1034	8
1035	8
1036	8
1037	8
1038	8
1039	8
1040	8
1041	8
1042	8
1043	8
1044	8
1045	8
1046	8
1047	8
1048	8
1049	8
1050	8
1051	8
1052	8
1053	8
1054	8
1055	8
1056	8
1057	8
1058	8
1059	8
1060	8
1061	8
1062	8
1063	8
1064	8
1065	8
1066	8
1067	8
1068	8
1069	8
1070	8
1071	8
1072	8
1073	8
1074	8
1075	2
1076	2
1077	2
1078	2
1079	2
1080	2
1081	2
1082	2
1083	2
1084	2
1085	2
1086	2
1087	1
1088	1
1089	1
1090	1
1091	1
1092	1
1093	1
1094	11
1095	11
1096	11
1097	11
1098	11
1099	11
1100	11
1101	11
1102	11
1103	11
1104	11
1105	11
1106	11
1107	5
1108	5
1109	5
1110	5
1111	5
1112	5
1113	5
1114	5
1115	5
1116	5
1117	5
1118	5
1119	5
1120	5
1121	5
1122	5
1123	5
1124	5
1125	5
1126	5
1127	5
1128	5
1129	5
1130	5
1131	5
1132	5
1133	5
1134	5
1135	5
1136	11
1137	11
1138	5
1139	11
1140	5
1141	5
1142	5
1143	5
1144	5
1145	5
1146	5
1147	5
1148	5
1149	5
1150	5
1151	5
1152	5
1153	5
1154	11
1155	11
1156	11
1157	11
1158	11
1159	11
1160	11
1161	11
1162	11
1163	11
1164	11
1165	11
1166	11
1167	11
1168	11
1169	8
1170	8
1171	8
1172	8
1173	8
1174	8
1175	8
1176	8
1177	8
1178	8
1179	8
1180	8
1181	8
1182	8
1183	8
1184	8
1185	8
1186	8
1187	8
1188	8
1189	8
1190	8
1191	8
1192	8
1193	8
1194	8
1195	8
1196	8
1197	8
1198	8
1199	8
1200	8
1201	8
1202	8
1203	8
1204	8
1205	8
1206	8
1207	8
1208	8
1209	8
1210	8
1211	8
1212	8
1213	8
1214	8
1215	8
1216	8
1217	8
1218	8
1219	8
1220	8
1221	8
1222	8
1223	8
1224	8
1225	8
1226	8
1227	8
1228	8
1229	8
1230	8
1231	8
1232	8
1233	8
1234	8
1235	8
1236	8
1237	8
1238	8
1239	8
1240	9
1241	9
1242	9
1243	9
1244	9
1245	9
1246	9
1247	9
1248	9
1249	9
1250	9
1251	9
1252	9
1253	2
1254	2
1255	2
1256	2
1257	2
1258	9
1259	9
1260	9
1261	9
1262	9
1263	9
1264	2
1265	2
1266	2
1267	2
1268	2
1269	2
1270	2
1271	2
1272	2
1273	2
1274	2
1275	2
1276	2
1277	2
1278	11
1279	11
1280	11
1281	9
1282	9
1283	9
1284	2
1285	2
1286	2
1287	2
1288	11
1289	11
1290	11
1291	11
1292	11
1293	11
1294	11
1295	11
1296	11
1297	11
1298	11
1299	11
1300	11
1301	11
1302	11
1303	2
1304	2
1305	2
1306	2
1307	2
1308	2
1309	2
1310	2
1311	2
1312	2
1313	2
1314	11
1315	11
1316	11
1317	5
1318	11
1319	11
1320	11
1321	11
1322	5
1323	5
1324	11
1325	5
1326	11
1327	5
1328	5
1329	5
1330	5
1331	5
1332	5
1333	5
1334	11
1335	5
1336	11
1337	5
1338	11
1339	5
1340	11
1341	11
1342	5
1343	5
1344	5
1345	11
1346	4
1347	4
1348	4
1349	4
1350	4
1351	4
1352	4
1353	4
1354	4
1355	4
1356	4
1357	4
1358	4
1359	4
1360	4
1361	4
1362	4
1363	10
1364	10
1365	10
1366	10
1367	10
1368	10
1369	10
1370	10
1371	10
1372	10
1373	10
1374	10
1375	10
1376	10
1377	10
1378	10
1379	10
1380	10
1381	11
1382	11
1383	11
1384	11
1385	11
1386	11
1387	11
1388	11
1389	11
1390	11
1391	11
1392	11
1393	11
1394	11
1395	11
1396	11
1397	4
1398	4
1399	4
1400	4
1401	4
1402	4
1403	4
1404	4
1405	4
1406	4
1407	4
1408	4
1409	4
1410	4
1411	4
1412	4
1413	4
1414	4
1415	4
1416	4
1417	4
1418	4
1419	4
1420	4
1421	4
1422	4
1423	4
1424	4
1425	4
1426	4
1427	4
1428	12
1429	12
1430	12
1431	12
1432	12
1433	12
1434	12
1435	12
1436	12
1437	12
1438	12
1439	12
1440	12
1441	12
1442	12
1443	12
1444	12
1445	12
1446	12
1447	12
1448	12
1449	12
1450	12
1451	12
1452	12
1453	12
1454	12
1455	12
1456	12
1457	12
1458	12
1459	12
1460	12
1461	12
1462	12
1463	12
1464	12
1465	11
1466	11
1467	11
1468	11
1469	11
1470	11
1471	11
1472	11
1473	11
1474	11
1475	11
1476	11
1477	11
1478	11
1479	11
1480	11
1481	11
1482	11
1483	11
1484	11
1485	11
1486	11
1487	11
1488	11
1489	2
1490	2
1491	2
1492	2
1493	2
1494	2
1495	2
1496	2
1497	2
1498	2
1499	2
1500	2
1501	4
1502	4
1503	4
1504	4
1505	4
1506	4
1507	4
1508	4
1509	4
1510	4
1511	4
1512	4
1513	4
1514	4
1515	4
1516	4
1517	4
1518	4
1519	4
1520	4
1521	4
1522	4
1523	4
1524	4
1525	4
1526	4
1527	4
1528	4
1529	7
1530	7
1531	7
1532	7
1533	7
1534	7
1535	7
1536	7
1537	7
1538	7
1539	7
1540	7
1541	7
1542	7
1543	7
1544	7
1545	7
1546	7
1547	7
1548	7
1549	7
1550	7
1551	7
1552	10
1553	10
1554	10
1555	10
1556	10
1557	10
1558	10
1559	10
1560	10
1561	10
1562	10
1563	10
1564	10
1565	10
1566	10
1567	10
1568	10
1569	10
1570	10
1571	10
1572	10
1573	10
1574	10
1575	10
1576	2
1577	2
1578	2
1579	2
1580	2
1581	2
1582	2
1583	2
1584	2
1585	2
1586	2
1587	2
1588	2
1589	2
1590	2
1591	2
1592	2
1593	2
1594	2
1595	2
1596	2
1597	2
1598	2
1599	2
1600	2
1601	2
1602	10
1603	10
1604	10
1605	10
1606	10
1607	10
1608	10
1609	10
1610	10
1611	10
1612	10
1613	10
1614	10
1615	10
1616	10
1617	10
1618	11
1619	11
1620	11
1621	11
1622	11
1623	11
1624	11
1625	11
1626	11
1627	11
1628	11
1629	8
1630	12
1631	12
1632	12
1633	12
1634	12
1635	12
1636	12
1637	12
1638	12
1639	12
1640	12
1641	12
1642	12
1643	12
1644	11
1645	11
1646	11
1647	11
1648	11
1649	12
1650	12
1651	12
1652	12
1653	12
1654	12
1655	12
1656	12
1658	12
1659	12
1660	12
1661	12
1662	12
1663	12
1664	12
1665	12
1666	12
1667	12
1668	12
1669	12
1670	12
1671	12
1672	12
1673	11
1674	12
1675	12
1676	12
1677	11
1678	9
1679	9
1680	9
1681	9
1682	9
1683	9
1684	9
1685	2
1686	2
1687	2
1688	2
1689	2
1690	2
1691	2
1692	2
1693	2
1694	2
1695	2
1696	2
1697	2
1698	2
1699	2
1700	2
1701	13
1702	13
1703	13
1704	13
1705	2
1706	2
1707	2
1708	2
1709	13
1710	2
1711	2
1712	2
1713	11
1714	11
1715	11
1716	11
1717	11
1718	11
1719	11
1720	11
1721	11
1722	11
1723	11
1724	11
1725	2
1726	2
1727	2
1728	11
1729	2
1730	2
1731	2
1732	2
1733	2
1734	2
1735	2
1736	13
1737	13
1738	13
1739	13
1740	13
1741	2
1742	3
1743	3
1744	3
1745	3
1746	3
1747	3
1748	3
1749	3
1750	3
1751	3
1752	3
1753	3
1754	3
1755	13
1756	3
1757	11
1758	11
1759	11
1760	11
1761	13
1762	3
1763	3
1764	3
1765	3
1766	3
1767	3
1768	3
1769	3
1770	3
1771	3
1772	3
1773	3
1774	11
1775	11
1776	11
1777	11
1778	11
1779	11
1780	11
1781	11
1782	11
1783	11
1784	11
1785	11
1786	11
1787	3
1788	3
1789	3
1790	3
1791	3
1792	3
1793	3
1794	3
1795	11
1796	11
1797	11
1798	11
1799	3
1800	13
1801	13
1802	3
1803	3
1804	3
1805	3
1806	3
1807	3
1808	3
1809	12
1810	13
1811	13
1812	12
1813	12
1814	13
1815	12
1816	12
1817	13
1818	13
1819	12
1820	12
1821	12
1822	12
1823	12
1824	13
1825	12
1826	12
1827	12
1828	12
1829	12
1830	1
1831	1
1832	1
1833	1
1834	1
1835	13
1836	13
1837	1
1838	12
1839	12
1840	10
1841	10
1842	10
1843	10
1844	10
1845	12
1846	12
1847	12
1848	12
1849	13
1850	12
1851	12
1852	12
1853	12
1854	13
1855	13
1856	13
1857	11
1858	11
1859	11
1860	11
1861	11
1862	11
1863	13
1864	12
1865	12
1866	12
1867	12
1868	12
1869	12
1870	12
1871	12
1872	1
1873	1
1874	1
1875	9
1876	1
1877	1
1878	9
1879	9
1880	9
1881	9
1882	1
1883	9
1884	9
1885	9
1886	1
1887	9
1888	1
1889	9
1890	1
1891	1
1892	9
1893	1
1894	1
1895	2
1896	2
1897	4
1898	11
1899	11
1900	11
1901	11
1902	11
1903	11
1904	2
1905	2
1906	2
1907	2
1908	2
1909	4
1910	2
1911	2
1912	2
1913	2
1914	2
1915	2
1916	11
1917	11
1918	11
1919	11
1920	11
1921	11
1922	11
1923	11
1924	4
1925	4
1926	2
1927	2
1928	4
1929	2
1930	4
1931	2
1932	2
1933	2
1934	2
1935	2
1936	2
1937	4
1938	2
1939	2
1940	4
1941	2
1942	2
1943	2
1944	2
1945	2
1946	2
1947	2
1948	2
1949	2
1950	2
1951	4
1952	4
1953	2
1954	2
1955	2
1956	2
1957	4
1958	2
1959	4
1960	2
1961	2
1962	4
1963	2
1964	4
1965	4
1966	2
1967	2
1968	2
1969	2
1970	2
1971	2
1972	4
1973	2
1974	4
1975	2
1976	7
1977	7
1978	7
1979	7
1980	7
1981	7
1982	7
1983	7
1984	7
1985	7
1986	7
1987	7
1988	7
1989	7
1990	7
1991	7
1992	7
1993	7
1994	7
1995	7
1996	7
1997	7
1998	7
1999	7
2000	7
2001	7
2002	7
2003	7
2004	7
2005	7
2006	7
2007	7
2008	7
2009	7
2010	7
2011	7
2012	7
2013	7
2014	7
2015	7
2016	7
2017	1
2018	1
2019	1
2020	1
2021	1
2022	1
2023	1
2024	1
2025	1
2026	1
2027	1
2028	1
2029	1
2030	7
2031	7
2032	7
2033	7
2034	7
2035	1
2036	1
2037	1
2038	1
2039	1
2040	1
2041	1
2042	1
2043	1
2044	1
2045	1
2046	1
2047	1
2048	1
2049	1
2050	1
2051	1
2052	1
2053	1
2054	1
2055	1
2056	1
2057	1
2058	10
2059	7
2060	7
2061	10
2062	10
2063	10
2064	7
2065	7
2066	7
2067	7
2068	1
2069	1
2070	1
2071	1
2072	1
2073	1
2074	1
2075	1
2076	1
2077	1
2078	1
2079	1
2080	1
2081	1
2082	1
2083	1
2084	1
2085	1
2086	1
2087	1
2088	1
2089	2
2090	2
2091	2
2092	2
2093	2
2094	2
2095	2
2096	4
2097	4
2098	4
2099	4
2100	4
2101	4
2102	4
2103	4
2104	4
2105	4
2106	4
2107	4
2108	4
2109	4
2110	4
2111	4
2112	4
2113	13
2114	3
2115	3
2116	3
2117	3
2118	13
2119	13
2120	13
2121	3
2122	13
2123	13
2124	1
2125	3
2126	3
2127	3
2128	3
2129	3
2130	13
2131	3
2132	3
2133	13
2134	3
2135	3
2136	13
2137	13
2138	13
2139	13
2140	13
2141	3
2142	13
2143	13
2144	13
2145	13
2146	13
2147	13
2148	13
2149	13
2150	3
2151	3
2152	3
2153	3
2154	3
2155	3
2156	13
2157	3
2158	3
2159	13
2160	3
2161	3
2162	3
2163	3
2164	13
2165	13
2166	3
2167	13
2168	13
2169	3
2170	3
2171	3
2172	3
2173	3
2174	13
2175	13
2176	13
2177	13
2178	3
2179	3
2180	13
2181	13
2182	3
2183	3
2184	3
2185	3
2186	3
2187	3
2188	13
2189	13
2190	3
2191	13
2192	3
2193	3
2194	13
2195	3
2196	13
2197	13
2198	3
2199	13
2200	3
2201	13
2202	13
2203	3
2204	3
2205	3
2206	3
2207	3
2208	13
2209	3
2210	3
2211	3
2212	3
2213	3
2214	13
2215	13
2216	13
2217	3
2218	3
2219	3
2220	3
2221	13
2222	13
2223	13
2224	3
2225	3
2226	3
2227	3
2228	13
2229	13
2230	13
2231	13
2232	3
2233	13
2234	13
2235	3
2236	13
2237	13
2238	13
2239	3
2240	3
2241	13
2242	13
2243	13
2244	13
2245	13
2246	3
2247	13
2248	13
2249	3
2250	3
2251	3
2252	3
2253	13
2254	13
2255	13
2256	13
2257	3
2258	13
2259	3
2260	3
2261	13
2262	3
2263	3
2264	3
2265	3
2266	13
2267	3
2268	3
2269	13
2270	13
2271	3
2272	3
2273	13
2274	3
2275	3
2276	3
2277	13
2278	3
2279	13
2280	3
2281	3
2282	13
2283	13
2284	1
2285	1
2286	3
2287	3
2288	3
2289	3
2290	3
2291	3
2292	3
2293	3
2294	3
2295	3
2296	3
2297	13
2298	13
2299	13
2300	13
2301	3
2302	13
2303	13
2304	13
2305	3
2306	3
2307	3
2308	3
2309	1
2310	1
2311	1
2312	5
2313	5
2314	5
2315	5
2316	5
2317	5
2318	5
2319	5
2320	5
2321	5
2322	5
2323	5
2324	5
2325	5
2326	5
2327	5
2328	5
2329	5
2330	4
2331	4
2332	4
2333	4
2334	4
2335	4
2336	4
2337	4
2338	4
2339	4
2340	4
2341	4
2342	4
2343	4
2344	4
2345	4
2346	8
2347	8
2348	8
2349	8
2350	8
2351	8
2352	8
2353	8
2354	8
2355	8
2356	8
2357	8
2358	8
2359	8
2360	8
2361	8
2362	8
2363	8
2364	8
2365	8
2366	12
2367	12
2368	12
2369	12
2370	12
2371	12
2372	12
2373	12
2374	12
2375	12
2376	12
2377	12
2378	12
2379	12
2380	12
2381	12
2382	12
2383	12
2384	12
2385	12
2386	12
2387	12
2388	12
2389	12
2390	12
2391	12
2392	12
2393	12
2394	12
2395	12
2396	12
2397	12
2398	12
2399	12
2400	12
2401	12
2402	12
2403	12
2404	12
2405	12
2406	12
2407	12
2408	12
2409	12
2410	12
2411	12
2412	12
2413	12
2414	12
2415	10
2416	6
2417	10
2418	10
2419	6
2420	6
2421	6
2422	6
2423	10
2424	6
2425	10
2426	6
2427	6
2428	6
2429	6
2430	6
2431	6
2432	6
2433	10
2434	6
2435	6
2436	6
2437	6
2438	6
2439	6
2440	6
2441	6
2442	6
2443	6
2444	10
2445	6
2446	6
2447	6
2448	10
2449	10
2450	10
2451	10
2452	10
2453	10
2454	10
2455	10
2456	10
2457	10
2458	10
2459	10
2460	6
2461	6
2462	10
2463	10
2464	10
2465	6
2466	6
2467	10
2468	10
2469	10
2470	10
2471	10
2472	10
2473	6
2474	6
2475	10
2476	10
2477	10
2478	10
2479	10
2480	10
2481	10
2482	10
2483	10
2484	10
2485	10
2486	10
2487	10
2488	10
2489	10
2490	10
2491	10
2492	10
2493	10
2494	10
2495	10
2496	6
2497	6
2498	6
2499	6
2500	10
2501	10
2502	6
2503	6
2504	6
2505	6
2506	6
2507	6
2508	6
2509	6
2510	6
2511	6
2512	6
2513	6
2514	6
2515	6
2516	6
2517	6
2518	6
2519	6
2520	6
2521	6
2522	6
2523	6
2524	6
2525	6
2526	10
2527	6
2528	6
2529	6
2530	6
2531	6
2532	6
2533	6
2534	6
2535	6
2536	6
2537	6
2538	6
2539	6
2540	6
2541	6
2542	6
2543	6
2544	6
2545	6
2546	6
2547	6
2548	6
2549	6
2550	6
2551	6
2552	6
2553	6
2554	6
2555	6
2556	6
2557	6
2558	6
2559	6
2560	6
2561	6
2562	6
2563	6
2564	6
2565	6
2566	6
2567	6
2568	6
2569	6
2570	6
2571	6
2572	6
2573	6
2574	6
2575	10
2576	10
2577	6
2578	10
2579	6
2580	6
2581	6
2582	6
2583	10
2584	6
2585	10
2586	10
2587	6
2588	6
2589	6
2590	6
2591	6
2592	6
2593	6
2594	10
2595	10
2596	10
2597	6
2598	6
2599	10
2600	6
2601	6
2602	6
2603	6
2604	6
2605	6
2606	1
2607	1
2608	1
2609	1
2610	1
2611	1
2612	1
2613	1
2614	1
2615	1
2616	1
2617	1
2618	1
2619	1
2620	1
2621	1
2622	1
2623	1
2624	1
2625	1
2626	1
2627	1
2628	1
2629	1
2630	1
2631	1
2632	1
2633	1
2634	1
2635	1
2636	1
2637	1
2638	1
2639	1
2640	7
2641	7
2642	7
2643	7
2644	7
2645	7
2646	7
2647	7
2648	7
2649	7
2650	7
2651	7
2652	7
2653	7
2654	7
2655	7
2656	7
2657	7
2658	7
2659	7
2660	7
2661	7
2662	7
2663	7
2664	7
2665	7
2666	7
2667	7
2668	7
2669	10
2670	7
2671	7
2672	7
2673	7
2674	7
2675	7
2676	7
2677	7
2678	7
2679	7
2680	7
2681	7
2682	7
2683	7
2684	7
2685	7
2686	7
2687	7
2688	4
2689	4
2690	4
2691	4
315	2
1657	12
