0	7
1	7
2	7
3	7
4	7
5	7
6	7
7	6
8	6
9	6
10	6
11	2
12	6
13	6
14	2
15	6
16	6
17	6
18	6
19	6
20	6
21	10
22	10
23	10
24	10
25	10
26	10
27	10
28	10
29	13
30	13
31	13
32	13
33	13
34	13
35	13
36	13
37	13
38	13
39	13
40	13
41	13
42	13
43	13
44	13
45	13
46	13
47	13
48	13
49	13
50	13
51	13
52	13
53	8
54	8
55	8
56	8
57	8
58	13
59	13
60	13
61	13
62	13
63	13
64	13
65	8
66	8
67	8
68	8
69	8
70	8
71	10
72	10
73	10
74	10
75	13
76	13
77	13
78	13
79	13
80	13
81	13
82	13
83	3
84	3
85	3
86	3
87	3
88	3
89	3
90	3
91	3
92	3
93	3
94	3
95	3
96	6
97	2
98	6
99	6
100	6
101	6
102	6
103	6
104	6
105	6
106	6
107	6
108	6
109	6
110	6
111	2
112	2
113	2
114	6
115	6
116	6
117	2
118	2
119	2
120	2
121	2
122	6
123	6
124	2
125	6
126	2
127	6
128	2
129	9
130	9
131	9
132	9
133	9
134	9
135	9
136	9
137	9
138	9
139	9
140	9
141	9
142	9
143	9
144	9
145	9
146	9
147	9
148	9
149	9
150	9
151	9
152	9
153	9
154	9
155	9
156	9
157	9
158	9
159	9
160	9
161	9
162	9
163	9
164	9
165	9
166	3
167	3
168	3
169	3
170	3
171	3
172	3
173	3
174	3
175	3
176	3
177	3
178	3
179	3
180	3
181	3
182	3
183	13
184	13
185	13
186	13
187	13
188	13
189	13
190	13
191	13
192	13
193	13
194	13
195	13
196	13
197	13
198	13
199	13
200	13
201	13
202	13
203	13
204	13
205	13
206	13
207	13
208	10
209	10
210	10
211	10
212	10
213	10
214	10
215	10
216	10
217	10
218	10
219	10
220	10
221	10
222	10
223	10
224	10
225	10
226	10
227	10
228	10
229	10
230	10
231	10
232	10
233	10
234	10
235	10
236	10
237	10
238	10
239	10
240	10
241	10
242	10
243	10
244	10
245	10
246	10
247	10
248	13
249	13
250	13
251	13
252	7
253	7
254	7
255	7
256	7
257	7
258	7
259	7
260	7
261	10
262	10
263	10
264	10
265	10
266	10
267	10
268	12
269	12
270	12
271	10
272	10
273	10
274	10
275	10
276	10
277	10
278	12
279	12
280	12
281	12
282	12
283	12
284	12
285	12
286	12
287	12
288	12
289	12
290	12
291	12
292	12
293	12
294	12
295	12
296	12
297	12
298	12
299	12
300	12
301	12
302	7
303	7
304	7
305	7
306	8
307	8
308	8
309	8
310	8
311	8
312	8
313	8
314	8
316	6
317	6
318	6
319	6
320	6
321	6
322	6
323	6
324	6
325	6
326	6
327	6
328	6
329	6
330	6
331	8
332	8
333	8
334	8
335	8
336	8
337	6
338	6
339	6
340	8
341	8
342	8
343	8
344	8
345	8
346	8
347	8
348	8
349	8
350	8
351	8
352	8
353	8
354	8
355	8
356	9
357	9
358	9
359	9
360	9
361	9
362	9
363	9
364	9
365	9
366	9
367	9
368	9
369	8
370	8
371	8
372	8
373	8
374	8
375	8
376	8
377	8
378	8
379	8
380	8
381	8
382	8
383	8
384	8
385	8
386	8
387	8
388	8
389	6
390	6
391	6
392	6
393	6
394	8
395	8
396	8
397	8
398	6
399	6
400	6
401	6
402	6
403	10
404	10
405	10
406	10
407	10
408	10
409	13
410	13
411	13
412	13
413	13
414	13
415	13
416	13
417	13
418	13
419	13
420	13
421	13
422	13
423	13
424	13
425	3
426	3
427	3
428	3
429	3
430	3
431	3
432	3
433	13
434	13
435	13
436	13
437	13
438	13
439	13
440	13
441	13
442	13
443	13
444	13
445	13
446	3
447	3
448	3
449	3
450	3
451	13
452	13
453	13
454	3
455	3
456	3
457	13
458	13
459	13
460	13
461	13
462	13
463	3
464	3
465	3
466	3
467	3
468	3
469	3
470	3
471	3
472	3
473	13
474	13
475	12
476	12
477	12
478	12
479	12
480	12
481	12
482	12
483	12
484	10
485	10
486	12
487	12
488	12
489	12
490	12
491	12
492	12
493	12
494	12
495	12
496	12
497	12
498	10
499	12
500	12
501	12
502	10
503	12
504	12
505	12
506	10
507	10
508	10
509	10
510	10
511	10
512	10
513	10
514	10
515	10
516	10
517	10
518	10
519	10
520	10
521	10
522	2
523	2
524	2
525	2
526	7
527	7
528	2
529	2
530	2
531	2
532	2
533	2
534	2
535	2
536	2
537	2
538	7
539	7
540	7
541	7
542	7
543	7
544	7
545	7
546	7
547	7
548	7
549	7
550	7
551	7
552	7
553	7
554	7
555	7
556	7
557	7
558	7
559	10
560	10
561	10
562	10
563	10
564	10
565	7
566	7
567	7
568	7
569	7
570	5
571	5
572	5
573	5
574	5
575	5
576	5
577	5
578	5
579	5
580	5
581	7
582	7
583	7
584	7
585	7
586	7
587	10
588	10
589	10
590	10
591	10
592	10
593	10
594	10
595	10
596	12
597	10
598	10
599	10
600	10
601	10
602	10
603	7
604	7
605	7
606	7
607	7
608	7
609	7
610	7
611	7
612	7
613	7
614	7
615	7
616	7
617	10
618	10
619	10
620	12
621	12
622	12
623	12
624	12
625	10
626	12
627	12
628	10
629	10
630	10
631	10
632	12
633	10
634	12
635	10
636	10
637	10
638	12
639	7
640	7
641	7
642	7
643	7
644	7
645	7
646	7
647	7
648	7
649	7
650	7
651	7
652	7
653	7
654	7
655	7
656	7
657	12
658	3
659	12
660	12
661	13
662	13
663	13
664	13
665	13
666	13
667	13
668	13
669	13
670	9
671	9
672	9
673	9
674	9
675	9
676	9
677	9
678	9
679	9
680	13
681	13
682	13
683	13
684	13
685	13
686	13
687	13
688	13
689	13
690	13
691	13
692	13
693	13
694	13
695	13
696	13
697	9
698	9
699	9
700	9
701	9
702	9
703	9
704	9
705	9
706	9
707	9
708	9
709	9
710	9
711	9
712	9
713	9
714	13
715	13
716	10
717	10
718	9
719	9
720	9
721	10
722	10
723	10
724	10
725	10
726	10
727	10
728	10
729	10
730	10
731	10
732	6
733	6
734	6
735	6
736	6
737	12
738	3
739	3
740	3
741	3
742	3
743	12
744	12
745	6
746	6
747	6
748	6
749	6
750	6
751	6
752	6
753	6
754	6
755	6
756	6
757	6
758	6
759	6
760	6
761	6
762	6
763	6
764	6
765	6
766	12
767	12
768	12
769	12
770	6
771	6
772	12
773	12
774	12
775	12
776	12
777	12
778	3
779	3
780	12
781	3
782	3
783	3
784	3
785	8
786	3
787	12
788	12
789	12
790	12
791	8
792	8
793	8
794	8
795	8
796	8
797	8
798	8
799	8
800	8
801	12
802	12
803	12
804	12
805	8
806	8
807	8
808	12
809	12
810	3
811	4
812	2
813	4
814	2
815	4
816	4
817	4
818	2
819	4
820	2
821	2
822	4
823	4
824	4
825	4
826	4
827	4
828	4
829	2
830	4
831	4
832	4
833	4
834	2
835	2
836	4
837	2
838	4
839	4
840	2
841	4
842	2
843	4
844	4
845	4
846	4
847	2
848	4
849	4
850	2
851	2
852	4
853	4
854	4
855	4
856	2
857	2
858	7
859	7
860	7
861	7
862	7
863	7
864	7
865	7
866	7
867	7
868	7
869	7
870	7
871	4
872	4
873	4
874	4
875	4
876	4
877	4
878	4
879	4
880	4
881	4
882	4
883	2
884	4
885	2
886	4
887	4
888	2
889	4
890	4
891	4
892	2
893	2
894	2
895	2
896	4
897	4
898	4
899	2
900	4
901	2
902	4
903	4
904	4
905	2
906	4
907	4
908	2
909	4
910	4
911	2
912	2
913	4
914	4
915	4
916	4
917	4
918	4
919	4
920	4
921	4
922	2
923	2
924	4
925	2
926	4
927	4
928	4
929	4
930	2
931	2
932	4
933	2
934	4
935	4
936	4
937	4
938	4
939	4
940	4
941	4
942	2
943	4
944	2
945	2
946	4
947	2
948	4
949	2
950	4
951	4
952	4
953	4
954	2
955	4
956	2
957	4
958	4
959	4
960	4
961	4
962	2
963	4
964	2
965	4
966	4
967	4
968	4
969	4
970	4
971	4
972	4
973	4
974	4
975	2
976	4
977	2
978	4
979	4
980	4
981	4
982	2
983	2
984	2
985	9
986	9
987	9
988	9
989	9
990	9
991	9
992	3
993	9
994	9
995	9
996	9
997	9
998	9
999	9
1000	3
1001	3
1002	9
1003	9
1004	9
1005	9
1006	9
1007	2
1008	2
1009	9
1010	2
1011	2
1012	2
1013	2
1014	2
1015	2
1016	2
1017	2
1018	2
1019	2
1020	2
1021	2
1022	2
1023	2
1024	2
1025	2
1026	2
1027	2
1028	2
1029	2
1030	2
1031	2
1032	2
1033	2
1034	2
1035	2
1036	6
1037	6
1038	2
1039	2
1040	2
1041	2
1042	2
1043	2
1044	2
1045	2
1046	6
1047	6
1048	2
1049	2
1050	6
1051	2
1052	2
1053	6
1054	2
1055	6
1056	2
1057	2
1058	2
1059	2
1060	2
1061	2
1062	2
1063	6
1064	6
1065	2
1066	6
1067	2
1068	2
1069	2
1070	2
1071	2
1072	2
1073	6
1074	6
1075	13
1076	13
1077	13
1078	13
1079	13
1080	13
1081	13
1082	13
1083	13
1084	13
1085	13
1086	13
1087	12
1088	12
1089	12
1090	12
1091	12
1092	12
1093	12
1094	10
1095	10
1096	10
1097	10
1098	10
1099	10
1100	10
1101	10
1102	10
1103	10
1104	10
1105	10
1106	10
1107	4
1108	4
1109	4
1110	4
1111	4
1112	4
1113	4
1114	8
1115	4
1116	8
1117	4
1118	8
1119	4
1120	4
1121	4
1122	8
1123	4
1124	8
1125	8
1126	4
1127	4
1128	4
1129	4
1130	4
1131	8
1132	8
1133	8
1134	8
1135	8
1136	4
1137	4
1138	4
1139	4
1140	4
1141	4
1142	4
1143	4
1144	4
1145	8
1146	8
1147	8
1148	4
1149	4
1150	4
1151	4
1152	4
1153	8
1154	8
1155	8
1156	8
1157	8
1158	8
1159	8
1160	8
1161	8
1162	11
1163	8
1164	8
1165	11
1166	8
1167	8
1168	8
1169	2
1170	2
1171	2
1172	2
1173	2
1174	2
1175	2
1176	2
1177	2
1178	2
1179	2
1180	2
1181	2
1182	2
1183	2
1184	2
1185	2
1186	2
1187	2
1188	2
1189	2
1190	2
1191	2
1192	2
1193	2
1194	2
1195	2
1196	2
1197	2
1198	2
1199	2
1200	4
1201	4
1202	4
1203	4
1204	2
1205	4
1206	4
1207	4
1208	2
1209	4
1210	4
1211	4
1212	2
1213	2
1214	4
1215	2
1216	4
1217	2
1218	4
1219	4
1220	4
1221	2
1222	4
1223	4
1224	2
1225	4
1226	4
1227	2
1228	2
1229	4
1230	2
1231	2
1232	4
1233	4
1234	4
1235	2
1236	4
1237	4
1238	4
1239	2
1240	12
1241	12
1242	10
1243	10
1244	10
1245	12
1246	10
1247	10
1248	10
1249	10
1250	10
1251	10
1252	10
1253	13
1254	13
1255	13
1256	13
1257	13
1258	10
1259	10
1260	10
1261	10
1262	10
1263	12
1264	13
1265	13
1266	13
1267	13
1268	13
1269	13
1270	13
1271	13
1272	13
1273	13
1274	13
1275	13
1276	13
1277	13
1278	8
1279	8
1280	11
1281	10
1282	12
1283	12
1284	13
1285	13
1286	13
1287	13
1288	11
1289	11
1290	11
1291	11
1292	11
1293	11
1294	11
1295	11
1296	11
1297	11
1298	8
1299	11
1300	11
1301	11
1302	11
1303	13
1304	13
1305	13
1306	13
1307	13
1308	13
1309	13
1310	13
1311	13
1312	13
1313	13
1314	4
1315	4
1316	4
1317	4
1318	4
1319	4
1320	4
1321	4
1322	4
1323	4
1324	4
1325	4
1326	4
1327	4
1328	4
1329	4
1330	4
1331	4
1332	4
1333	4
1334	4
1335	4
1336	4
1337	4
1338	4
1339	4
1340	4
1341	4
1342	4
1343	4
1344	4
1345	4
1346	13
1347	7
1348	7
1349	7
1350	13
1351	13
1352	7
1353	13
1354	13
1355	7
1356	13
1357	7
1358	7
1359	7
1360	13
1361	13
1362	13
1363	4
1364	4
1365	4
1366	4
1367	4
1368	4
1369	4
1370	4
1371	4
1372	4
1373	4
1374	4
1375	4
1376	4
1377	4
1378	4
1379	4
1380	4
1381	8
1382	8
1383	8
1384	8
1385	8
1386	8
1387	8
1388	8
1389	8
1390	8
1391	8
1392	8
1393	8
1394	8
1395	8
1396	8
1397	13
1398	13
1399	13
1400	13
1401	13
1402	13
1403	13
1404	13
1405	13
1406	13
1407	13
1408	13
1409	13
1410	13
1411	13
1412	13
1413	13
1414	13
1415	13
1416	13
1417	13
1418	13
1419	13
1420	13
1421	13
1422	13
1423	13
1424	13
1425	13
1426	13
1427	13
1428	5
1429	5
1430	5
1431	5
1432	5
1433	5
1434	5
1435	5
1436	5
1437	5
1438	5
1439	5
1440	5
1441	6
1442	6
1443	6
1444	6
1445	6
1446	6
1447	6
1448	6
1449	6
1450	6
1451	6
1452	6
1453	6
1454	6
1455	5
1456	5
1457	5
1458	5
1459	5
1460	5
1461	5
1462	5
1463	5
1464	5
1465	10
1466	10
1467	10
1468	10
1469	10
1470	10
1471	10
1472	10
1473	10
1474	10
1475	10
1476	10
1477	10
1478	10
1479	10
1480	10
1481	10
1482	10
1483	10
1484	10
1485	10
1486	10
1487	10
1488	10
1489	6
1490	6
1491	6
1492	6
1493	6
1494	6
1495	6
1496	6
1497	6
1498	6
1499	6
1500	6
1501	7
1502	7
1503	7
1504	7
1505	7
1506	7
1507	7
1508	7
1509	7
1510	7
1511	7
1512	7
1513	7
1514	7
1515	7
1516	7
1517	7
1518	7
1519	7
1520	7
1521	7
1522	7
1523	7
1524	7
1525	7
1526	7
1527	7
1528	7
1529	3
1530	3
1531	3
1532	3
1533	3
1534	3
1535	3
1536	3
1537	3
1538	3
1539	3
1540	3
1541	3
1542	3
1543	3
1544	3
1545	3
1546	3
1547	3
1548	3
1549	3
1550	3
1551	3
1552	3
1553	9
1554	9
1555	9
1556	9
1557	9
1558	9
1559	3
1560	9
1561	9
1562	9
1563	9
1564	9
1565	9
1566	9
1567	3
1568	9
1569	9
1570	9
1571	9
1572	3
1573	9
1574	9
1575	3
1576	6
1577	6
1578	6
1579	6
1580	6
1581	6
1582	6
1583	6
1584	6
1585	6
1586	6
1587	6
1588	6
1589	6
1590	6
1591	6
1592	6
1593	13
1594	13
1595	13
1596	13
1597	13
1598	13
1599	13
1600	13
1601	13
1602	3
1603	3
1604	3
1605	3
1606	3
1607	3
1608	3
1609	3
1610	3
1611	3
1612	3
1613	3
1614	3
1615	3
1616	3
1617	3
1618	10
1619	10
1620	10
1621	10
1622	10
1623	10
1624	10
1625	10
1626	10
1627	10
1628	10
1629	2
1630	2
1631	2
1632	2
1633	2
1634	2
1635	2
1636	2
1637	2
1638	2
1639	2
1640	2
1641	2
1642	2
1643	2
1644	10
1645	10
1646	10
1647	10
1648	10
1649	2
1650	2
1651	2
1652	2
1653	2
1654	2
1655	2
1656	2
1658	2
1659	2
1660	2
1661	2
1662	2
1663	2
1664	2
1665	2
1666	2
1667	2
1668	2
1669	2
1670	2
1671	2
1672	2
1673	10
1674	2
1675	2
1676	2
1677	10
1678	12
1679	12
1680	12
1681	12
1682	12
1683	12
1684	12
1685	13
1686	13
1687	6
1688	6
1689	6
1690	6
1691	6
1692	6
1693	6
1694	6
1695	6
1696	6
1697	6
1698	6
1699	6
1700	6
1701	6
1702	6
1703	5
1704	5
1705	6
1706	6
1707	6
1708	6
1709	6
1710	6
1711	6
1712	6
1713	10
1714	10
1715	10
1716	10
1717	10
1718	10
1719	10
1720	10
1721	10
1722	10
1723	10
1724	10
1725	6
1726	6
1727	6
1728	10
1729	6
1730	6
1731	6
1732	6
1733	6
1734	6
1735	6
1736	6
1737	6
1738	6
1739	6
1740	6
1741	6
1742	7
1743	7
1744	5
1745	5
1746	7
1747	5
1748	7
1749	5
1750	5
1751	7
1752	7
1753	7
1754	7
1755	7
1756	5
1757	10
1758	10
1759	10
1760	10
1761	7
1762	7
1763	7
1764	5
1765	7
1766	7
1767	5
1768	5
1769	5
1770	7
1771	7
1772	7
1773	7
1774	10
1775	10
1776	10
1777	10
1778	10
1779	10
1780	10
1781	10
1782	10
1783	10
1784	10
1785	10
1786	10
1787	5
1788	5
1789	7
1790	7
1791	5
1792	7
1793	7
1794	7
1795	10
1796	10
1797	10
1798	10
1799	7
1800	7
1801	7
1802	7
1803	5
1804	5
1805	7
1806	5
1807	7
1808	5
1809	5
1810	5
1811	5
1812	5
1813	5
1814	5
1815	5
1816	5
1817	5
1818	5
1819	5
1820	5
1821	5
1822	5
1823	5
1824	5
1825	5
1826	5
1827	5
1828	5
1829	5
1830	10
1831	10
1832	10
1833	10
1834	10
1835	5
1836	5
1837	10
1838	5
1839	5
1840	9
1841	9
1842	9
1843	9
1844	9
1845	5
1846	5
1847	5
1848	5
1849	5
1850	5
1851	5
1852	5
1853	5
1854	5
1855	5
1856	5
1857	10
1858	10
1859	10
1860	10
1861	10
1862	10
1863	5
1864	5
1865	5
1866	5
1867	5
1868	5
1869	5
1870	5
1871	5
1872	12
1873	12
1874	12
1875	12
1876	12
1877	12
1878	12
1879	12
1880	12
1881	12
1882	12
1883	12
1884	12
1885	12
1886	12
1887	12
1888	12
1889	12
1890	12
1891	12
1892	12
1893	12
1894	12
1895	13
1896	13
1897	7
1898	8
1899	8
1900	8
1901	8
1902	8
1903	8
1904	13
1905	13
1906	7
1907	7
1908	7
1909	13
1910	13
1911	13
1912	7
1913	7
1914	7
1915	13
1916	8
1917	8
1918	8
1919	8
1920	8
1921	8
1922	8
1923	8
1924	7
1925	7
1926	7
1927	7
1928	7
1929	7
1930	7
1931	13
1932	7
1933	7
1934	13
1935	7
1936	13
1937	7
1938	7
1939	13
1940	7
1941	13
1942	7
1943	13
1944	13
1945	7
1946	7
1947	13
1948	7
1949	7
1950	13
1951	7
1952	7
1953	7
1954	13
1955	13
1956	13
1957	7
1958	13
1959	7
1960	13
1961	7
1962	13
1963	13
1964	13
1965	7
1966	7
1967	7
1968	13
1969	7
1970	13
1971	7
1972	7
1973	13
1974	13
1975	7
1976	3
1977	3
1978	3
1979	3
1980	3
1981	3
1982	3
1983	3
1984	3
1985	3
1986	3
1987	3
1988	3
1989	3
1990	3
1991	3
1992	3
1993	3
1994	3
1995	3
1996	3
1997	3
1998	3
1999	3
2000	3
2001	3
2002	3
2003	3
2004	3
2005	3
2006	3
2007	3
2008	3
2009	3
2010	3
2011	3
2012	3
2013	3
2014	3
2015	3
2016	3
2017	10
2018	10
2019	10
2020	10
2021	10
2022	10
2023	10
2024	12
2025	10
2026	10
2027	10
2028	10
2029	12
2030	3
2031	3
2032	3
2033	3
2034	3
2035	12
2036	12
2037	12
2038	10
2039	10
2040	10
2041	10
2042	10
2043	12
2044	12
2045	12
2046	12
2047	12
2048	10
2049	10
2050	10
2051	12
2052	12
2053	12
2054	12
2055	12
2056	12
2057	12
2058	3
2059	3
2060	3
2061	3
2062	3
2063	3
2064	3
2065	3
2066	3
2067	3
2068	12
2069	12
2070	12
2071	12
2072	12
2073	12
2074	12
2075	12
2076	12
2077	12
2078	12
2079	12
2080	12
2081	12
2082	12
2083	12
2084	12
2085	12
2086	12
2087	12
2088	12
2089	6
2090	6
2091	6
2092	6
2093	6
2094	6
2095	6
2096	7
2097	7
2098	7
2099	7
2100	7
2101	7
2102	7
2103	7
2104	7
2105	7
2106	7
2107	7
2108	7
2109	7
2110	7
2111	7
2112	7
2113	1
2114	1
2115	1
2116	1
2117	1
2118	1
2119	1
2120	1
2121	1
2122	1
2123	1
2124	10
2125	1
2126	1
2127	1
2128	1
2129	1
2130	1
2131	1
2132	1
2133	1
2134	5
2135	1
2136	1
2137	1
2138	1
2139	1
2140	5
2141	1
2142	1
2143	1
2144	1
2145	1
2146	1
2147	1
2148	1
2149	1
2150	1
2151	1
2152	5
2153	5
2154	1
2155	1
2156	1
2157	1
2158	1
2159	1
2160	5
2161	5
2162	5
2163	5
2164	5
2165	5
2166	5
2167	1
2168	1
2169	1
2170	1
2171	1
2172	1
2173	1
2174	1
2175	1
2176	1
2177	1
2178	1
2179	1
2180	5
2181	5
2182	1
2183	1
2184	1
2185	1
2186	1
2187	1
2188	1
2189	1
2190	1
2191	1
2192	1
2193	1
2194	1
2195	1
2196	1
2197	1
2198	1
2199	1
2200	1
2201	1
2202	1
2203	1
2204	1
2205	1
2206	1
2207	1
2208	1
2209	1
2210	5
2211	1
2212	1
2213	1
2214	1
2215	1
2216	1
2217	1
2218	1
2219	1
2220	1
2221	1
2222	1
2223	1
2224	1
2225	1
2226	1
2227	1
2228	1
2229	1
2230	5
2231	5
2232	5
2233	1
2234	1
2235	1
2236	1
2237	1
2238	1
2239	1
2240	1
2241	1
2242	1
2243	1
2244	1
2245	1
2246	1
2247	5
2248	5
2249	1
2250	1
2251	1
2252	1
2253	1
2254	1
2255	1
2256	5
2257	1
2258	1
2259	1
2260	1
2261	5
2262	5
2263	1
2264	5
2265	5
2266	1
2267	1
2268	1
2269	1
2270	1
2271	1
2272	1
2273	1
2274	1
2275	1
2276	5
2277	1
2278	1
2279	1
2280	1
2281	1
2282	1
2283	1
2284	10
2285	10
2286	1
2287	1
2288	1
2289	1
2290	1
2291	1
2292	1
2293	1
2294	1
2295	1
2296	1
2297	1
2298	1
2299	1
2300	1
2301	1
2302	1
2303	1
2304	5
2305	1
2306	1
2307	5
2308	1
2309	10
2310	10
2311	10
2312	6
2313	6
2314	6
2315	6
2316	6
2317	6
2318	6
2319	6
2320	6
2321	6
2322	6
2323	6
2324	6
2325	6
2326	6
2327	6
2328	6
2329	6
2330	7
2331	7
2332	7
2333	7
2334	7
2335	7
2336	7
2337	7
2338	7
2339	7
2340	7
2341	7
2342	7
2343	7
2344	7
2345	7
2346	6
2347	6
2348	6
2349	6
2350	6
2351	6
2352	6
2353	6
2354	6
2355	6
2356	6
2357	6
2358	6
2359	6
2360	6
2361	6
2362	6
2363	6
2364	6
2365	6
2366	5
2367	1
2368	5
2369	1
2370	5
2371	5
2372	5
2373	5
2374	5
2375	5
2376	5
2377	5
2378	5
2379	5
2380	1
2381	5
2382	5
2383	5
2384	5
2385	5
2386	5
2387	5
2388	5
2389	5
2390	5
2391	5
2392	5
2393	5
2394	5
2395	5
2396	5
2397	5
2398	5
2399	5
2400	5
2401	5
2402	5
2403	5
2404	5
2405	5
2406	5
2407	5
2408	5
2409	5
2410	5
2411	5
2412	5
2413	5
2414	5
2415	11
2416	8
2417	11
2418	11
2419	8
2420	8
2421	11
2422	8
2423	11
2424	8
2425	11
2426	11
2427	8
2428	8
2429	8
2430	8
2431	8
2432	11
2433	11
2434	11
2435	11
2436	8
2437	8
2438	8
2439	8
2440	11
2441	11
2442	8
2443	11
2444	11
2445	11
2446	11
2447	11
2448	11
2449	11
2450	11
2451	11
2452	11
2453	11
2454	11
2455	11
2456	11
2457	11
2458	11
2459	11
2460	11
2461	11
2462	11
2463	11
2464	11
2465	11
2466	11
2467	11
2468	11
2469	11
2470	11
2471	11
2472	11
2473	11
2474	11
2475	11
2476	11
2477	11
2478	11
2479	11
2480	11
2481	11
2482	11
2483	11
2484	11
2485	11
2486	11
2487	11
2488	11
2489	11
2490	11
2491	11
2492	11
2493	11
2494	11
2495	11
2496	11
2497	11
2498	11
2499	11
2500	11
2501	11
2502	8
2503	8
2504	11
2505	11
2506	8
2507	8
2508	11
2509	11
2510	11
2511	11
2512	11
2513	11
2514	11
2515	11
2516	11
2517	11
2518	11
2519	11
2520	11
2521	11
2522	11
2523	8
2524	8
2525	8
2526	11
2527	11
2528	8
2529	8
2530	8
2531	11
2532	8
2533	11
2534	8
2535	11
2536	8
2537	11
2538	8
2539	11
2540	11
2541	11
2542	8
2543	8
2544	11
2545	11
2546	11
2547	8
2548	8
2549	8
2550	11
2551	11
2552	8
2553	11
2554	11
2555	11
2556	11
2557	11
2558	11
2559	8
2560	11
2561	11
2562	8
2563	8
2564	8
2565	8
2566	8
2567	11
2568	8
2569	8
2570	8
2571	8
2572	8
2573	8
2574	8
2575	11
2576	11
2577	11
2578	11
2579	11
2580	11
2581	8
2582	11
2583	11
2584	11
2585	11
2586	11
2587	11
2588	11
2589	11
2590	11
2591	11
2592	11
2593	11
2594	11
2595	11
2596	11
2597	8
2598	8
2599	11
2600	11
2601	11
2602	11
2603	11
2604	8
2605	8
2606	12
2607	12
2608	12
2609	12
2610	12
2611	12
2612	12
2613	12
2614	12
2615	12
2616	12
2617	12
2618	12
2619	12
2620	12
2621	12
2622	12
2623	12
2624	12
2625	12
2626	12
2627	12
2628	12
2629	12
2630	12
2631	12
2632	12
2633	12
2634	12
2635	12
2636	12
2637	12
2638	12
2639	12
2640	9
2641	9
2642	3
2643	3
2644	3
2645	9
2646	9
2647	9
2648	9
2649	9
2650	9
2651	9
2652	9
2653	9
2654	9
2655	9
2656	3
2657	9
2658	9
2659	3
2660	3
2661	9
2662	9
2663	3
2664	9
2665	3
2666	9
2667	9
2668	3
2669	3
2670	9
2671	3
2672	9
2673	3
2674	9
2675	9
2676	9
2677	9
2678	9
2679	3
2680	9
2681	3
2682	3
2683	3
2684	3
2685	3
2686	3
2687	3
2688	7
2689	7
2690	7
2691	7
315	6
1657	2
