0	9
1	9
2	9
3	9
4	9
5	9
6	9
7	7
8	7
9	7
10	7
11	7
12	7
13	7
14	7
15	7
16	7
17	7
18	4
19	9
20	9
21	10
22	10
23	10
24	10
25	10
26	10
27	10
28	10
29	4
30	4
31	4
32	4
33	4
34	4
35	4
36	4
37	4
38	4
39	4
40	4
41	4
42	4
43	4
44	4
45	4
46	4
47	4
48	4
49	2
50	2
51	2
52	2
53	5
54	5
55	5
56	5
57	5
58	2
59	2
60	2
61	2
62	2
63	2
64	2
65	5
66	5
67	5
68	5
69	5
70	5
71	10
72	10
73	10
74	10
75	2
76	2
77	2
78	2
79	2
80	2
81	2
82	2
83	12
84	12
85	12
86	6
87	6
88	6
89	12
90	12
91	12
92	12
93	12
94	12
95	6
96	7
97	7
98	7
99	7
100	7
101	7
102	7
103	7
104	7
105	7
106	7
107	7
108	7
109	7
110	7
111	7
112	7
113	7
114	7
115	7
116	7
117	7
118	7
119	7
120	7
121	7
122	7
123	7
124	7
125	7
126	7
127	7
128	7
129	8
130	8
131	8
132	8
133	8
134	8
135	8
136	8
137	8
138	8
139	8
140	8
141	8
142	8
143	8
144	8
145	8
146	8
147	8
148	8
149	8
150	8
151	8
152	8
153	8
154	8
155	8
156	8
157	8
158	8
159	8
160	8
161	8
162	8
163	8
164	8
165	8
166	13
167	13
168	13
169	13
170	13
171	13
172	13
173	13
174	13
175	13
176	13
177	13
178	13
179	13
180	13
181	13
182	13
183	2
184	2
185	2
186	2
187	2
188	2
189	2
190	2
191	2
192	2
193	2
194	2
195	2
196	2
197	2
198	2
199	2
200	2
201	2
202	2
203	2
204	2
205	2
206	2
207	2
208	1
209	10
210	10
211	10
212	10
213	10
214	10
215	10
216	1
217	1
218	10
219	10
220	1
221	1
222	1
223	1
224	1
225	1
226	10
227	10
228	10
229	10
230	10
231	10
232	10
233	10
234	10
235	10
236	1
237	1
238	1
239	1
240	1
241	10
242	10
243	10
244	10
245	10
246	10
247	10
248	2
249	2
250	2
251	2
252	2
253	2
254	2
255	2
256	2
257	2
258	2
259	2
260	2
261	10
262	10
263	10
264	10
265	10
266	10
267	10
268	11
269	11
270	11
271	10
272	10
273	10
274	10
275	10
276	10
277	10
278	11
279	11
280	11
281	11
282	11
283	11
284	11
285	11
286	11
287	11
288	11
289	11
290	11
291	11
292	11
293	11
294	11
295	11
296	11
297	11
298	11
299	11
300	11
301	11
302	2
303	2
304	2
305	2
306	5
307	1
308	1
309	5
310	5
311	5
312	5
313	1
314	5
316	4
317	4
318	4
319	4
320	4
321	4
322	4
323	4
324	4
325	4
326	4
327	4
328	4
329	4
330	4
331	1
332	5
333	1
334	1
335	5
336	5
337	4
338	4
339	4
340	5
341	5
342	1
343	1
344	1
345	1
346	1
347	5
348	5
349	1
350	1
351	1
352	1
353	1
354	1
355	1
356	6
357	6
358	6
359	6
360	6
361	6
362	6
363	6
364	6
365	6
366	6
367	6
368	6
369	1
370	1
371	1
372	1
373	5
374	5
375	1
376	1
377	1
378	1
379	1
380	1
381	1
382	1
383	1
384	1
385	1
386	1
387	5
388	5
389	4
390	4
391	4
392	4
393	4
394	1
395	1
396	5
397	5
398	4
399	4
400	4
401	4
402	4
403	10
404	10
405	10
406	10
407	10
408	10
409	9
410	9
411	9
412	9
413	9
414	9
415	9
416	9
417	9
418	4
419	4
420	9
421	4
422	9
423	4
424	9
425	13
426	13
427	13
428	13
429	13
430	13
431	13
432	13
433	4
434	9
435	9
436	4
437	4
438	9
439	9
440	9
441	9
442	9
443	9
444	4
445	9
446	13
447	13
448	13
449	13
450	13
451	9
452	9
453	9
454	13
455	13
456	13
457	9
458	9
459	9
460	9
461	9
462	9
463	13
464	13
465	13
466	13
467	13
468	13
469	13
470	13
471	13
472	13
473	4
474	9
475	11
476	11
477	11
478	11
479	11
480	11
481	11
482	11
483	11
484	10
485	10
486	11
487	11
488	11
489	11
490	11
491	11
492	11
493	11
494	11
495	11
496	11
497	11
498	10
499	11
500	11
501	11
502	10
503	11
504	11
505	11
506	10
507	10
508	10
509	10
510	10
511	10
512	10
513	10
514	10
515	10
516	10
517	10
518	10
519	10
520	10
521	10
522	7
523	7
524	7
525	7
526	9
527	9
528	7
529	7
530	7
531	7
532	7
533	7
534	7
535	7
536	7
537	7
538	2
539	9
540	2
541	9
542	9
543	9
544	9
545	9
546	2
547	9
548	2
549	2
550	2
551	2
552	2
553	2
554	2
555	2
556	2
557	2
558	2
559	10
560	10
561	10
562	10
563	10
564	10
565	2
566	9
567	2
568	9
569	2
570	12
571	12
572	12
573	12
574	12
575	12
576	12
577	12
578	12
579	12
580	12
581	9
582	2
583	9
584	9
585	9
586	2
587	11
588	11
589	11
590	11
591	11
592	10
593	10
594	11
595	10
596	11
597	10
598	11
599	10
600	10
601	10
602	10
603	2
604	2
605	2
606	2
607	2
608	2
609	2
610	2
611	2
612	2
613	2
614	2
615	2
616	2
617	11
618	10
619	10
620	11
621	11
622	11
623	11
624	11
625	11
626	11
627	11
628	10
629	10
630	10
631	10
632	11
633	11
634	11
635	10
636	11
637	11
638	11
639	2
640	2
641	2
642	2
643	2
644	2
645	2
646	2
647	2
648	2
649	2
650	2
651	2
652	2
653	2
654	2
655	2
656	2
657	13
658	13
659	11
660	11
661	9
662	9
663	9
664	9
665	9
666	9
667	9
668	9
669	9
670	10
671	10
672	10
673	10
674	10
675	10
676	10
677	10
678	10
679	10
680	9
681	9
682	9
683	9
684	9
685	9
686	9
687	9
688	9
689	9
690	9
691	9
692	9
693	9
694	9
695	9
696	9
697	10
698	10
699	10
700	10
701	10
702	10
703	10
704	10
705	10
706	10
707	10
708	10
709	10
710	10
711	10
712	10
713	10
714	9
715	9
716	10
717	10
718	10
719	10
720	10
721	10
722	10
723	10
724	10
725	10
726	10
727	10
728	10
729	10
730	10
731	10
732	4
733	4
734	4
735	4
736	4
737	11
738	13
739	13
740	13
741	13
742	13
743	11
744	11
745	4
746	4
747	4
748	4
749	4
750	4
751	4
752	4
753	4
754	4
755	4
756	4
757	4
758	4
759	4
760	4
761	4
762	4
763	4
764	4
765	4
766	11
767	13
768	13
769	13
770	4
771	4
772	13
773	13
774	13
775	13
776	11
777	11
778	13
779	13
780	13
781	13
782	13
783	13
784	13
785	1
786	13
787	11
788	13
789	13
790	11
791	1
792	1
793	1
794	1
795	1
796	1
797	1
798	1
799	1
800	1
801	13
802	11
803	13
804	11
805	1
806	1
807	1
808	13
809	13
810	13
811	5
812	6
813	5
814	5
815	6
816	5
817	6
818	6
819	6
820	6
821	5
822	6
823	6
824	6
825	5
826	6
827	6
828	6
829	6
830	5
831	5
832	5
833	5
834	5
835	5
836	5
837	5
838	5
839	5
840	5
841	5
842	5
843	6
844	6
845	6
846	6
847	6
848	6
849	6
850	6
851	6
852	5
853	5
854	6
855	5
856	6
857	6
858	2
859	2
860	2
861	2
862	2
863	2
864	2
865	2
866	2
867	2
868	2
869	2
870	2
871	5
872	5
873	5
874	5
875	6
876	6
877	6
878	5
879	6
880	6
881	5
882	5
883	6
884	5
885	6
886	5
887	6
888	6
889	6
890	6
891	6
892	6
893	6
894	6
895	6
896	5
897	5
898	6
899	6
900	6
901	6
902	6
903	6
904	5
905	6
906	5
907	6
908	6
909	5
910	6
911	6
912	6
913	6
914	6
915	5
916	5
917	5
918	6
919	5
920	6
921	6
922	6
923	6
924	6
925	6
926	5
927	6
928	6
929	5
930	6
931	6
932	6
933	6
934	6
935	6
936	6
937	5
938	6
939	6
940	6
941	6
942	6
943	6
944	6
945	6
946	5
947	6
948	6
949	6
950	6
951	6
952	6
953	6
954	6
955	6
956	6
957	6
958	6
959	5
960	6
961	6
962	6
963	6
964	6
965	6
966	6
967	6
968	6
969	6
970	5
971	5
972	6
973	6
974	6
975	6
976	6
977	6
978	6
979	6
980	6
981	6
982	4
983	4
984	7
985	13
986	13
987	13
988	13
989	13
990	13
991	13
992	13
993	13
994	13
995	13
996	13
997	13
998	13
999	13
1000	13
1001	13
1002	13
1003	13
1004	13
1005	13
1006	13
1007	4
1008	7
1009	13
1010	7
1011	4
1012	7
1013	4
1014	4
1015	4
1016	4
1017	7
1018	7
1019	4
1020	4
1021	4
1022	4
1023	4
1024	4
1025	4
1026	4
1027	7
1028	4
1029	4
1030	4
1031	4
1032	4
1033	4
1034	4
1035	4
1036	4
1037	4
1038	4
1039	4
1040	4
1041	4
1042	7
1043	4
1044	4
1045	4
1046	4
1047	4
1048	4
1049	4
1050	4
1051	7
1052	4
1053	4
1054	4
1055	4
1056	7
1057	4
1058	4
1059	4
1060	4
1061	4
1062	4
1063	4
1064	4
1065	4
1066	4
1067	4
1068	4
1069	4
1070	4
1071	4
1072	4
1073	4
1074	4
1075	2
1076	2
1077	2
1078	2
1079	2
1080	2
1081	2
1082	2
1083	2
1084	2
1085	2
1086	2
1087	11
1088	11
1089	11
1090	11
1091	11
1092	11
1093	11
1094	10
1095	10
1096	10
1097	10
1098	10
1099	10
1100	10
1101	10
1102	10
1103	10
1104	10
1105	10
1106	10
1107	5
1108	5
1109	5
1110	5
1111	5
1112	5
1113	5
1114	5
1115	5
1116	5
1117	5
1118	5
1119	5
1120	5
1121	5
1122	5
1123	5
1124	5
1125	5
1126	5
1127	5
1128	5
1129	5
1130	5
1131	5
1132	5
1133	5
1134	5
1135	5
1136	5
1137	5
1138	5
1139	5
1140	5
1141	5
1142	5
1143	5
1144	5
1145	5
1146	5
1147	5
1148	5
1149	5
1150	5
1151	5
1152	5
1153	5
1154	1
1155	1
1156	1
1157	1
1158	1
1159	1
1160	1
1161	1
1162	1
1163	1
1164	1
1165	1
1166	1
1167	1
1168	1
1169	4
1170	7
1171	7
1172	4
1173	4
1174	4
1175	4
1176	4
1177	4
1178	4
1179	4
1180	7
1181	4
1182	4
1183	4
1184	7
1185	4
1186	4
1187	4
1188	4
1189	4
1190	7
1191	4
1192	4
1193	4
1194	7
1195	4
1196	4
1197	4
1198	7
1199	4
1200	6
1201	6
1202	6
1203	7
1204	7
1205	7
1206	7
1207	7
1208	7
1209	6
1210	7
1211	6
1212	7
1213	7
1214	7
1215	7
1216	7
1217	7
1218	7
1219	7
1220	7
1221	7
1222	7
1223	6
1224	7
1225	7
1226	7
1227	7
1228	7
1229	6
1230	7
1231	7
1232	6
1233	6
1234	6
1235	7
1236	6
1237	6
1238	6
1239	7
1240	11
1241	11
1242	10
1243	10
1244	10
1245	11
1246	10
1247	10
1248	10
1249	10
1250	10
1251	10
1252	10
1253	2
1254	2
1255	2
1256	2
1257	2
1258	10
1259	10
1260	10
1261	10
1262	10
1263	11
1264	2
1265	2
1266	2
1267	2
1268	2
1269	2
1270	2
1271	2
1272	2
1273	2
1274	2
1275	2
1276	2
1277	2
1278	1
1279	1
1280	1
1281	10
1282	11
1283	11
1284	2
1285	2
1286	2
1287	2
1288	1
1289	1
1290	1
1291	1
1292	1
1293	1
1294	1
1295	1
1296	1
1297	1
1298	1
1299	1
1300	1
1301	1
1302	1
1303	2
1304	2
1305	2
1306	2
1307	2
1308	2
1309	2
1310	2
1311	2
1312	2
1313	2
1314	5
1315	5
1316	5
1317	5
1318	5
1319	5
1320	5
1321	5
1322	5
1323	5
1324	5
1325	5
1326	5
1327	6
1328	5
1329	5
1330	5
1331	6
1332	6
1333	5
1334	5
1335	5
1336	5
1337	5
1338	5
1339	5
1340	5
1341	5
1342	5
1343	5
1344	5
1345	5
1346	2
1347	2
1348	2
1349	2
1350	2
1351	2
1352	2
1353	2
1354	2
1355	2
1356	2
1357	2
1358	2
1359	2
1360	2
1361	2
1362	2
1363	6
1364	6
1365	6
1366	6
1367	6
1368	6
1369	6
1370	6
1371	6
1372	6
1373	6
1374	6
1375	6
1376	6
1377	6
1378	6
1379	6
1380	6
1381	1
1382	1
1383	1
1384	1
1385	1
1386	1
1387	1
1388	1
1389	1
1390	1
1391	1
1392	1
1393	1
1394	1
1395	1
1396	1
1397	9
1398	2
1399	2
1400	2
1401	9
1402	2
1403	2
1404	9
1405	2
1406	2
1407	2
1408	2
1409	2
1410	9
1411	2
1412	2
1413	2
1414	2
1415	2
1416	2
1417	9
1418	9
1419	2
1420	9
1421	2
1422	9
1423	2
1424	2
1425	9
1426	9
1427	2
1428	7
1429	7
1430	7
1431	12
1432	12
1433	7
1434	7
1435	7
1436	7
1437	7
1438	7
1439	7
1440	12
1441	4
1442	7
1443	4
1444	7
1445	4
1446	7
1447	7
1448	4
1449	7
1450	7
1451	7
1452	4
1453	4
1454	4
1455	7
1456	12
1457	12
1458	7
1459	7
1460	12
1461	7
1462	7
1463	7
1464	12
1465	10
1466	10
1467	10
1468	10
1469	10
1470	10
1471	10
1472	10
1473	10
1474	10
1475	10
1476	10
1477	10
1478	10
1479	10
1480	10
1481	10
1482	10
1483	10
1484	10
1485	10
1486	10
1487	10
1488	10
1489	4
1490	4
1491	4
1492	4
1493	4
1494	4
1495	4
1496	4
1497	4
1498	4
1499	4
1500	4
1501	9
1502	9
1503	9
1504	9
1505	9
1506	9
1507	9
1508	9
1509	9
1510	9
1511	9
1512	9
1513	9
1514	9
1515	9
1516	9
1517	9
1518	9
1519	9
1520	9
1521	9
1522	9
1523	9
1524	9
1525	9
1526	9
1527	9
1528	9
1529	13
1530	13
1531	13
1532	13
1533	13
1534	13
1535	13
1536	13
1537	13
1538	13
1539	13
1540	13
1541	13
1542	13
1543	13
1544	13
1545	13
1546	13
1547	13
1548	13
1549	13
1550	13
1551	13
1552	6
1553	6
1554	6
1555	6
1556	6
1557	6
1558	6
1559	6
1560	6
1561	6
1562	6
1563	6
1564	6
1565	6
1566	6
1567	6
1568	6
1569	6
1570	6
1571	6
1572	6
1573	6
1574	6
1575	6
1576	4
1577	4
1578	4
1579	4
1580	4
1581	4
1582	4
1583	4
1584	4
1585	4
1586	4
1587	4
1588	4
1589	4
1590	4
1591	4
1592	4
1593	2
1594	2
1595	2
1596	2
1597	2
1598	2
1599	2
1600	2
1601	2
1602	12
1603	12
1604	12
1605	12
1606	12
1607	12
1608	12
1609	12
1610	12
1611	12
1612	12
1613	12
1614	12
1615	12
1616	12
1617	12
1618	1
1619	1
1620	10
1621	10
1622	10
1623	10
1624	10
1625	10
1626	10
1627	10
1628	10
1629	7
1630	7
1631	7
1632	7
1633	7
1634	7
1635	7
1636	7
1637	7
1638	7
1639	7
1640	7
1641	7
1642	7
1643	7
1644	10
1645	10
1646	10
1647	10
1648	10
1649	7
1650	7
1651	7
1652	7
1653	7
1654	7
1655	7
1656	7
1658	7
1659	7
1660	7
1661	7
1662	7
1663	7
1664	7
1665	7
1666	7
1667	7
1668	7
1669	7
1670	7
1671	7
1672	7
1673	10
1674	7
1675	7
1676	7
1677	10
1678	11
1679	11
1680	11
1681	11
1682	11
1683	11
1684	11
1685	4
1686	4
1687	4
1688	4
1689	4
1690	4
1691	4
1692	4
1693	4
1694	4
1695	4
1696	4
1697	4
1698	4
1699	4
1700	4
1701	9
1702	9
1703	3
1704	3
1705	4
1706	4
1707	4
1708	4
1709	9
1710	4
1711	4
1712	4
1713	10
1714	10
1715	10
1716	10
1717	10
1718	10
1719	10
1720	10
1721	10
1722	10
1723	10
1724	10
1725	4
1726	4
1727	4
1728	10
1729	4
1730	4
1731	4
1732	4
1733	4
1734	4
1735	4
1736	9
1737	9
1738	9
1739	9
1740	9
1741	4
1742	9
1743	9
1744	3
1745	9
1746	9
1747	3
1748	9
1749	3
1750	3
1751	9
1752	9
1753	9
1754	9
1755	9
1756	3
1757	10
1758	10
1759	10
1760	10
1761	9
1762	9
1763	9
1764	3
1765	9
1766	9
1767	3
1768	9
1769	9
1770	9
1771	9
1772	9
1773	9
1774	10
1775	10
1776	10
1777	10
1778	10
1779	10
1780	10
1781	10
1782	10
1783	10
1784	10
1785	10
1786	10
1787	3
1788	9
1789	9
1790	9
1791	3
1792	9
1793	9
1794	9
1795	10
1796	10
1797	10
1798	10
1799	9
1800	9
1801	9
1802	9
1803	3
1804	3
1805	9
1806	3
1807	9
1808	3
1809	7
1810	7
1811	7
1812	7
1813	7
1814	7
1815	7
1816	7
1817	7
1818	7
1819	7
1820	7
1821	7
1822	7
1823	7
1824	7
1825	7
1826	7
1827	7
1828	7
1829	7
1830	10
1831	10
1832	10
1833	10
1834	10
1835	7
1836	7
1837	10
1838	7
1839	7
1840	6
1841	6
1842	6
1843	6
1844	6
1845	7
1846	7
1847	7
1848	7
1849	7
1850	7
1851	7
1852	7
1853	7
1854	7
1855	7
1856	7
1857	10
1858	10
1859	10
1860	10
1861	10
1862	10
1863	7
1864	7
1865	7
1866	7
1867	7
1868	7
1869	7
1870	7
1871	7
1872	11
1873	11
1874	11
1875	11
1876	11
1877	11
1878	11
1879	11
1880	11
1881	11
1882	11
1883	11
1884	11
1885	11
1886	11
1887	11
1888	11
1889	11
1890	11
1891	11
1892	11
1893	11
1894	11
1895	2
1896	2
1897	9
1898	5
1899	5
1900	5
1901	5
1902	5
1903	5
1904	2
1905	2
1906	2
1907	2
1908	9
1909	2
1910	2
1911	2
1912	2
1913	2
1914	2
1915	2
1916	5
1917	5
1918	5
1919	5
1920	5
1921	5
1922	5
1923	5
1924	9
1925	9
1926	2
1927	2
1928	9
1929	2
1930	9
1931	2
1932	2
1933	2
1934	2
1935	2
1936	2
1937	9
1938	2
1939	2
1940	9
1941	2
1942	2
1943	2
1944	2
1945	2
1946	2
1947	2
1948	2
1949	2
1950	2
1951	9
1952	9
1953	2
1954	2
1955	2
1956	2
1957	2
1958	2
1959	9
1960	2
1961	2
1962	2
1963	2
1964	2
1965	9
1966	2
1967	2
1968	2
1969	2
1970	2
1971	2
1972	2
1973	2
1974	2
1975	2
1976	12
1977	12
1978	12
1979	12
1980	12
1981	12
1982	12
1983	12
1984	12
1985	12
1986	12
1987	12
1988	12
1989	12
1990	12
1991	12
1992	12
1993	12
1994	12
1995	12
1996	12
1997	12
1998	12
1999	12
2000	12
2001	12
2002	12
2003	12
2004	12
2005	12
2006	12
2007	12
2008	12
2009	12
2010	12
2011	12
2012	12
2013	12
2014	12
2015	12
2016	12
2017	11
2018	11
2019	11
2020	11
2021	11
2022	11
2023	11
2024	11
2025	11
2026	11
2027	11
2028	11
2029	11
2030	13
2031	13
2032	13
2033	13
2034	13
2035	11
2036	11
2037	11
2038	10
2039	10
2040	10
2041	10
2042	10
2043	11
2044	11
2045	11
2046	11
2047	11
2048	10
2049	10
2050	11
2051	11
2052	11
2053	11
2054	11
2055	11
2056	11
2057	11
2058	12
2059	12
2060	12
2061	12
2062	12
2063	12
2064	12
2065	12
2066	12
2067	12
2068	11
2069	11
2070	11
2071	11
2072	11
2073	11
2074	11
2075	11
2076	11
2077	11
2078	11
2079	11
2080	11
2081	11
2082	11
2083	11
2084	11
2085	11
2086	11
2087	11
2088	11
2089	4
2090	4
2091	4
2092	4
2093	4
2094	4
2095	4
2096	9
2097	9
2098	9
2099	9
2100	9
2101	9
2102	9
2103	9
2104	9
2105	9
2106	9
2107	9
2108	9
2109	9
2110	9
2111	9
2112	9
2113	3
2114	3
2115	3
2116	3
2117	3
2118	12
2119	3
2120	12
2121	3
2122	12
2123	12
2124	10
2125	3
2126	3
2127	3
2128	3
2129	3
2130	12
2131	3
2132	3
2133	12
2134	3
2135	3
2136	12
2137	12
2138	12
2139	12
2140	12
2141	3
2142	3
2143	3
2144	3
2145	12
2146	12
2147	12
2148	12
2149	12
2150	3
2151	3
2152	3
2153	3
2154	3
2155	3
2156	3
2157	3
2158	3
2159	12
2160	3
2161	3
2162	3
2163	3
2164	3
2165	3
2166	3
2167	12
2168	12
2169	3
2170	3
2171	3
2172	3
2173	3
2174	3
2175	3
2176	12
2177	12
2178	3
2179	3
2180	3
2181	3
2182	3
2183	3
2184	3
2185	3
2186	3
2187	3
2188	3
2189	12
2190	3
2191	12
2192	3
2193	3
2194	3
2195	3
2196	12
2197	12
2198	3
2199	12
2200	3
2201	3
2202	3
2203	3
2204	3
2205	3
2206	3
2207	3
2208	12
2209	3
2210	3
2211	3
2212	3
2213	3
2214	12
2215	3
2216	12
2217	3
2218	3
2219	3
2220	3
2221	12
2222	12
2223	12
2224	3
2225	3
2226	3
2227	3
2228	3
2229	12
2230	3
2231	3
2232	3
2233	12
2234	12
2235	3
2236	12
2237	12
2238	12
2239	3
2240	3
2241	12
2242	12
2243	12
2244	12
2245	12
2246	3
2247	3
2248	3
2249	3
2250	3
2251	3
2252	3
2253	12
2254	3
2255	3
2256	3
2257	3
2258	12
2259	3
2260	3
2261	3
2262	3
2263	3
2264	3
2265	3
2266	3
2267	3
2268	3
2269	3
2270	3
2271	3
2272	3
2273	3
2274	3
2275	3
2276	3
2277	12
2278	3
2279	3
2280	3
2281	3
2282	12
2283	12
2284	11
2285	11
2286	3
2287	3
2288	3
2289	3
2290	3
2291	3
2292	3
2293	3
2294	12
2295	3
2296	3
2297	12
2298	12
2299	12
2300	12
2301	3
2302	12
2303	12
2304	12
2305	3
2306	3
2307	3
2308	3
2309	10
2310	10
2311	10
2312	5
2313	5
2314	5
2315	5
2316	5
2317	5
2318	5
2319	5
2320	5
2321	5
2322	5
2323	5
2324	5
2325	5
2326	5
2327	5
2328	5
2329	5
2330	2
2331	2
2332	2
2333	2
2334	2
2335	2
2336	2
2337	2
2338	2
2339	2
2340	2
2341	2
2342	2
2343	2
2344	2
2345	2
2346	5
2347	5
2348	5
2349	5
2350	5
2351	5
2352	5
2353	5
2354	5
2355	5
2356	5
2357	5
2358	5
2359	5
2360	5
2361	5
2362	5
2363	5
2364	5
2365	5
2366	12
2367	12
2368	12
2369	12
2370	12
2371	12
2372	12
2373	12
2374	12
2375	12
2376	12
2377	12
2378	12
2379	12
2380	12
2381	12
2382	12
2383	12
2384	12
2385	12
2386	12
2387	12
2388	12
2389	12
2390	12
2391	12
2392	12
2393	12
2394	12
2395	12
2396	12
2397	12
2398	12
2399	12
2400	12
2401	12
2402	12
2403	12
2404	12
2405	12
2406	12
2407	12
2408	12
2409	12
2410	12
2411	12
2412	12
2413	12
2414	12
2415	8
2416	1
2417	8
2418	8
2419	1
2420	1
2421	8
2422	8
2423	8
2424	8
2425	8
2426	8
2427	1
2428	8
2429	1
2430	1
2431	8
2432	8
2433	8
2434	8
2435	8
2436	8
2437	8
2438	8
2439	1
2440	8
2441	8
2442	8
2443	8
2444	8
2445	8
2446	8
2447	8
2448	8
2449	8
2450	8
2451	8
2452	8
2453	8
2454	8
2455	8
2456	8
2457	8
2458	8
2459	8
2460	8
2461	8
2462	8
2463	8
2464	8
2465	8
2466	8
2467	8
2468	8
2469	8
2470	8
2471	8
2472	8
2473	8
2474	8
2475	8
2476	8
2477	8
2478	8
2479	8
2480	8
2481	8
2482	8
2483	8
2484	8
2485	8
2486	8
2487	8
2488	8
2489	8
2490	8
2491	8
2492	8
2493	8
2494	8
2495	8
2496	1
2497	1
2498	1
2499	1
2500	8
2501	8
2502	1
2503	1
2504	1
2505	1
2506	1
2507	8
2508	1
2509	1
2510	1
2511	1
2512	1
2513	1
2514	1
2515	8
2516	8
2517	8
2518	8
2519	8
2520	8
2521	8
2522	8
2523	1
2524	8
2525	1
2526	8
2527	8
2528	1
2529	1
2530	1
2531	1
2532	1
2533	1
2534	1
2535	1
2536	1
2537	1
2538	1
2539	8
2540	1
2541	8
2542	1
2543	8
2544	8
2545	8
2546	8
2547	1
2548	8
2549	1
2550	8
2551	8
2552	1
2553	1
2554	8
2555	8
2556	8
2557	8
2558	1
2559	1
2560	1
2561	1
2562	1
2563	1
2564	8
2565	1
2566	8
2567	8
2568	1
2569	1
2570	1
2571	1
2572	1
2573	1
2574	1
2575	8
2576	8
2577	8
2578	8
2579	8
2580	8
2581	1
2582	8
2583	8
2584	8
2585	8
2586	8
2587	1
2588	1
2589	1
2590	1
2591	1
2592	1
2593	1
2594	8
2595	8
2596	8
2597	1
2598	8
2599	8
2600	8
2601	8
2602	8
2603	8
2604	1
2605	8
2606	11
2607	11
2608	11
2609	11
2610	11
2611	11
2612	11
2613	11
2614	11
2615	11
2616	11
2617	11
2618	11
2619	11
2620	11
2621	11
2622	11
2623	11
2624	11
2625	11
2626	11
2627	11
2628	11
2629	11
2630	11
2631	11
2632	11
2633	11
2634	11
2635	11
2636	11
2637	11
2638	11
2639	11
2640	13
2641	13
2642	13
2643	13
2644	13
2645	13
2646	13
2647	13
2648	13
2649	13
2650	13
2651	13
2652	13
2653	13
2654	13
2655	13
2656	13
2657	13
2658	13
2659	13
2660	13
2661	13
2662	13
2663	13
2664	13
2665	13
2666	13
2667	13
2668	13
2669	13
2670	13
2671	13
2672	13
2673	13
2674	13
2675	13
2676	13
2677	13
2678	13
2679	13
2680	13
2681	13
2682	13
2683	13
2684	13
2685	13
2686	13
2687	13
2688	2
2689	2
2690	2
2691	2
315	4
1657	7
