0	3
1	3
2	3
3	3
4	3
5	3
6	3
7	6
8	6
9	6
10	6
11	6
12	6
13	6
14	6
15	6
16	6
17	6
18	6
19	6
20	6
21	5
22	5
23	5
24	5
25	5
26	5
27	5
28	5
29	13
30	13
31	13
32	13
33	13
34	13
35	13
36	13
37	13
38	13
39	13
40	13
41	13
42	13
43	13
44	13
45	13
46	13
47	13
48	13
49	7
50	7
51	7
52	7
53	10
54	10
55	10
56	10
57	10
58	7
59	7
60	7
61	7
62	7
63	7
64	7
65	10
66	10
67	10
68	10
69	10
70	10
71	5
72	5
73	5
74	5
75	7
76	7
77	7
78	7
79	7
80	7
81	7
82	7
83	8
84	8
85	8
86	8
87	8
88	8
89	8
90	8
91	8
92	8
93	8
94	8
95	8
96	6
97	6
98	6
99	6
100	6
101	6
102	6
103	6
104	6
105	6
106	6
107	6
108	6
109	6
110	6
111	6
112	6
113	6
114	6
115	6
116	6
117	6
118	6
119	6
120	6
121	6
122	6
123	6
124	6
125	6
126	6
127	6
128	6
129	2
130	2
131	2
132	2
133	2
134	2
135	2
136	2
137	2
138	2
139	2
140	2
141	2
142	2
143	2
144	2
145	2
146	2
147	2
148	2
149	2
150	2
151	2
152	2
153	2
154	2
155	2
156	2
157	2
158	2
159	2
160	2
161	2
162	2
163	2
164	2
165	2
166	8
167	8
168	8
169	2
170	8
171	8
172	8
173	8
174	2
175	2
176	2
177	8
178	2
179	8
180	8
181	2
182	2
183	7
184	7
185	7
186	7
187	7
188	7
189	7
190	7
191	7
192	7
193	7
194	7
195	7
196	7
197	7
198	7
199	7
200	7
201	7
202	7
203	7
204	7
205	7
206	7
207	7
208	5
209	5
210	5
211	5
212	5
213	5
214	5
215	5
216	5
217	5
218	5
219	5
220	5
221	5
222	5
223	5
224	5
225	5
226	5
227	5
228	5
229	5
230	5
231	5
232	5
233	5
234	5
235	5
236	5
237	5
238	5
239	5
240	5
241	5
242	5
243	5
244	5
245	5
246	5
247	5
248	7
249	7
250	7
251	7
252	7
253	7
254	7
255	7
256	7
257	7
258	7
259	7
260	7
261	12
262	12
263	12
264	12
265	12
266	12
267	12
268	12
269	12
270	12
271	12
272	12
273	12
274	12
275	12
276	12
277	12
278	12
279	12
280	12
281	12
282	12
283	12
284	12
285	12
286	12
287	12
288	12
289	12
290	12
291	12
292	12
293	12
294	12
295	12
296	12
297	12
298	12
299	12
300	12
301	12
302	7
303	7
304	7
305	7
306	10
307	10
308	10
309	10
310	10
311	10
312	10
313	10
314	10
316	13
317	13
318	13
319	13
320	13
321	13
322	13
323	13
324	13
325	13
326	13
327	13
328	13
329	13
330	13
331	10
332	10
333	10
334	10
335	10
336	10
337	13
338	13
339	13
340	10
341	10
342	10
343	10
344	10
345	11
346	10
347	10
348	10
349	10
350	10
351	10
352	10
353	10
354	10
355	10
356	2
357	2
358	6
359	2
360	2
361	6
362	2
363	2
364	2
365	6
366	2
367	6
368	6
369	10
370	10
371	10
372	10
373	10
374	10
375	10
376	10
377	10
378	10
379	10
380	10
381	10
382	10
383	10
384	10
385	10
386	10
387	10
388	10
389	13
390	13
391	13
392	13
393	13
394	10
395	10
396	10
397	10
398	13
399	13
400	13
401	13
402	13
403	5
404	5
405	5
406	11
407	11
408	11
409	3
410	3
411	3
412	3
413	3
414	3
415	3
416	3
417	3
418	3
419	3
420	3
421	3
422	3
423	3
424	3
425	8
426	8
427	8
428	8
429	8
430	8
431	8
432	8
433	3
434	3
435	3
436	3
437	3
438	3
439	3
440	3
441	3
442	3
443	3
444	3
445	3
446	8
447	8
448	8
449	8
450	8
451	3
452	3
453	3
454	8
455	8
456	8
457	3
458	3
459	3
460	3
461	3
462	3
463	8
464	8
465	8
466	8
467	8
468	8
469	8
470	8
471	8
472	8
473	3
474	3
475	12
476	12
477	2
478	2
479	2
480	2
481	2
482	2
483	2
484	5
485	5
486	2
487	2
488	2
489	12
490	12
491	12
492	12
493	12
494	12
495	2
496	2
497	2
498	5
499	2
500	2
501	2
502	5
503	2
504	2
505	2
506	11
507	5
508	5
509	5
510	5
511	5
512	5
513	11
514	5
515	5
516	5
517	11
518	11
519	11
520	5
521	5
522	8
523	8
524	8
525	8
526	3
527	3
528	8
529	8
530	8
531	8
532	8
533	8
534	8
535	8
536	8
537	8
538	3
539	3
540	3
541	3
542	3
543	3
544	3
545	3
546	3
547	3
548	3
549	3
550	3
551	3
552	3
553	3
554	3
555	3
556	7
557	3
558	7
559	5
560	5
561	5
562	5
563	5
564	5
565	7
566	3
567	3
568	3
569	3
570	4
571	4
572	4
573	4
574	4
575	4
576	4
577	4
578	4
579	4
580	4
581	3
582	3
583	3
584	3
585	7
586	3
587	5
588	5
589	5
590	5
591	5
592	5
593	5
594	5
595	5
596	5
597	5
598	5
599	5
600	5
601	5
602	5
603	7
604	7
605	7
606	7
607	7
608	7
609	7
610	7
611	7
612	7
613	7
614	7
615	7
616	7
617	5
618	5
619	5
620	5
621	5
622	5
623	5
624	5
625	5
626	5
627	5
628	5
629	5
630	5
631	5
632	5
633	5
634	5
635	5
636	5
637	5
638	5
639	7
640	7
641	7
642	7
643	7
644	7
645	7
646	7
647	7
648	7
649	7
650	7
651	7
652	7
653	7
654	7
655	7
656	7
657	12
658	12
659	12
660	12
661	3
662	3
663	3
664	3
665	3
666	3
667	3
668	3
669	3
670	5
671	5
672	5
673	5
674	5
675	5
676	5
677	2
678	2
679	2
680	3
681	3
682	3
683	3
684	3
685	3
686	3
687	3
688	3
689	3
690	3
691	3
692	3
693	3
694	3
695	3
696	3
697	5
698	5
699	2
700	5
701	5
702	2
703	5
704	2
705	2
706	2
707	5
708	5
709	2
710	5
711	5
712	5
713	5
714	3
715	3
716	12
717	12
718	5
719	5
720	5
721	12
722	12
723	12
724	12
725	12
726	12
727	12
728	12
729	12
730	12
731	12
732	13
733	13
734	13
735	13
736	13
737	12
738	8
739	8
740	12
741	12
742	12
743	12
744	12
745	13
746	13
747	13
748	13
749	13
750	13
751	13
752	13
753	13
754	13
755	13
756	13
757	13
758	13
759	13
760	13
761	13
762	13
763	13
764	13
765	13
766	12
767	8
768	12
769	8
770	13
771	13
772	12
773	12
774	12
775	8
776	12
777	12
778	12
779	12
780	12
781	12
782	12
783	12
784	12
785	10
786	12
787	12
788	12
789	12
790	12
791	10
792	10
793	10
794	10
795	10
796	10
797	10
798	10
799	10
800	10
801	12
802	12
803	12
804	12
805	10
806	10
807	10
808	12
809	12
810	12
811	9
812	9
813	9
814	9
815	9
816	9
817	9
818	9
819	9
820	9
821	9
822	9
823	9
824	9
825	9
826	9
827	9
828	9
829	9
830	9
831	9
832	9
833	9
834	9
835	9
836	9
837	9
838	9
839	9
840	9
841	9
842	9
843	9
844	9
845	9
846	9
847	9
848	9
849	9
850	9
851	9
852	9
853	9
854	9
855	9
856	9
857	9
858	7
859	7
860	7
861	7
862	7
863	7
864	7
865	7
866	7
867	7
868	7
869	7
870	7
871	9
872	9
873	9
874	9
875	9
876	9
877	9
878	9
879	9
880	9
881	9
882	9
883	9
884	9
885	9
886	9
887	9
888	9
889	9
890	9
891	9
892	9
893	9
894	9
895	9
896	9
897	9
898	9
899	9
900	9
901	9
902	9
903	9
904	9
905	9
906	9
907	9
908	9
909	9
910	9
911	9
912	9
913	9
914	9
915	9
916	9
917	9
918	9
919	9
920	9
921	9
922	9
923	9
924	9
925	9
926	9
927	9
928	9
929	9
930	9
931	9
932	9
933	9
934	9
935	9
936	9
937	9
938	9
939	9
940	9
941	9
942	9
943	9
944	9
945	9
946	9
947	9
948	9
949	9
950	9
951	9
952	9
953	9
954	9
955	9
956	9
957	9
958	9
959	9
960	9
961	9
962	9
963	9
964	9
965	9
966	9
967	9
968	9
969	9
970	9
971	9
972	9
973	9
974	9
975	9
976	9
977	9
978	9
979	9
980	9
981	9
982	13
983	13
984	13
985	2
986	2
987	2
988	2
989	2
990	2
991	2
992	2
993	2
994	2
995	2
996	2
997	2
998	2
999	2
1000	2
1001	2
1002	2
1003	2
1004	2
1005	2
1006	2
1007	13
1008	13
1009	2
1010	13
1011	13
1012	13
1013	13
1014	13
1015	13
1016	13
1017	13
1018	13
1019	13
1020	13
1021	13
1022	13
1023	13
1024	13
1025	13
1026	13
1027	13
1028	13
1029	13
1030	13
1031	13
1032	13
1033	13
1034	13
1035	13
1036	13
1037	13
1038	13
1039	13
1040	13
1041	13
1042	13
1043	13
1044	13
1045	13
1046	13
1047	13
1048	13
1049	13
1050	13
1051	9
1052	13
1053	13
1054	13
1055	13
1056	13
1057	13
1058	13
1059	13
1060	13
1061	13
1062	9
1063	13
1064	13
1065	13
1066	13
1067	13
1068	13
1069	13
1070	13
1071	13
1072	13
1073	13
1074	13
1075	7
1076	7
1077	7
1078	7
1079	7
1080	7
1081	7
1082	7
1083	7
1084	7
1085	7
1086	7
1087	12
1088	12
1089	12
1090	12
1091	12
1092	12
1093	12
1094	5
1095	5
1096	5
1097	5
1098	5
1099	5
1100	5
1101	5
1102	5
1103	5
1104	5
1105	5
1106	5
1107	10
1108	10
1109	10
1110	10
1111	10
1112	10
1113	10
1114	10
1115	10
1116	10
1117	10
1118	10
1119	10
1120	10
1121	10
1122	10
1123	10
1124	10
1125	10
1126	10
1127	10
1128	10
1129	10
1130	10
1131	10
1132	10
1133	10
1134	10
1135	10
1136	9
1137	9
1138	9
1139	9
1140	10
1141	10
1142	10
1143	10
1144	10
1145	10
1146	10
1147	10
1148	10
1149	10
1150	10
1151	10
1152	10
1153	10
1154	10
1155	10
1156	10
1157	10
1158	10
1159	10
1160	10
1161	10
1162	10
1163	10
1164	10
1165	10
1166	10
1167	10
1168	10
1169	13
1170	13
1171	13
1172	13
1173	13
1174	13
1175	13
1176	13
1177	9
1178	13
1179	13
1180	9
1181	13
1182	13
1183	13
1184	13
1185	13
1186	13
1187	13
1188	13
1189	13
1190	13
1191	13
1192	13
1193	13
1194	13
1195	13
1196	13
1197	13
1198	13
1199	13
1200	6
1201	6
1202	6
1203	6
1204	6
1205	6
1206	6
1207	6
1208	6
1209	6
1210	6
1211	6
1212	6
1213	6
1214	6
1215	6
1216	6
1217	6
1218	6
1219	6
1220	6
1221	6
1222	6
1223	6
1224	6
1225	6
1226	6
1227	6
1228	6
1229	6
1230	6
1231	6
1232	6
1233	6
1234	6
1235	6
1236	6
1237	6
1238	6
1239	6
1240	5
1241	5
1242	5
1243	5
1244	5
1245	5
1246	5
1247	5
1248	5
1249	5
1250	5
1251	5
1252	5
1253	7
1254	13
1255	7
1256	13
1257	13
1258	5
1259	5
1260	5
1261	5
1262	5
1263	5
1264	13
1265	13
1266	7
1267	7
1268	13
1269	7
1270	7
1271	7
1272	7
1273	7
1274	13
1275	7
1276	7
1277	7
1278	10
1279	10
1280	10
1281	5
1282	5
1283	5
1284	7
1285	13
1286	7
1287	7
1288	10
1289	10
1290	10
1291	10
1292	11
1293	10
1294	10
1295	11
1296	11
1297	11
1298	10
1299	10
1300	10
1301	11
1302	11
1303	7
1304	7
1305	7
1306	7
1307	7
1308	7
1309	7
1310	7
1311	7
1312	7
1313	7
1314	9
1315	9
1316	9
1317	9
1318	9
1319	9
1320	9
1321	9
1322	9
1323	9
1324	9
1325	9
1326	9
1327	9
1328	9
1329	9
1330	9
1331	9
1332	9
1333	9
1334	9
1335	9
1336	9
1337	9
1338	9
1339	9
1340	9
1341	9
1342	9
1343	9
1344	9
1345	9
1346	7
1347	7
1348	7
1349	7
1350	7
1351	7
1352	7
1353	7
1354	7
1355	7
1356	7
1357	7
1358	7
1359	7
1360	7
1361	7
1362	7
1363	6
1364	6
1365	6
1366	10
1367	6
1368	6
1369	6
1370	6
1371	6
1372	6
1373	6
1374	6
1375	6
1376	6
1377	6
1378	6
1379	6
1380	10
1381	10
1382	10
1383	10
1384	10
1385	10
1386	10
1387	10
1388	10
1389	10
1390	10
1391	10
1392	10
1393	10
1394	10
1395	10
1396	10
1397	3
1398	7
1399	7
1400	7
1401	7
1402	7
1403	7
1404	3
1405	7
1406	7
1407	7
1408	7
1409	7
1410	7
1411	7
1412	7
1413	7
1414	7
1415	7
1416	7
1417	7
1418	3
1419	7
1420	7
1421	7
1422	3
1423	7
1424	7
1425	3
1426	3
1427	7
1428	4
1429	4
1430	4
1431	4
1432	4
1433	4
1434	4
1435	4
1436	4
1437	4
1438	4
1439	4
1440	4
1441	6
1442	6
1443	6
1444	6
1445	6
1446	6
1447	6
1448	6
1449	6
1450	6
1451	6
1452	6
1453	6
1454	6
1455	4
1456	4
1457	4
1458	4
1459	4
1460	4
1461	4
1462	4
1463	4
1464	4
1465	5
1466	5
1467	5
1468	5
1469	5
1470	5
1471	5
1472	5
1473	5
1474	5
1475	5
1476	5
1477	5
1478	5
1479	5
1480	5
1481	5
1482	5
1483	5
1484	5
1485	5
1486	5
1487	5
1488	5
1489	13
1490	13
1491	13
1492	13
1493	13
1494	13
1495	13
1496	13
1497	13
1498	13
1499	13
1500	13
1501	3
1502	3
1503	3
1504	3
1505	3
1506	3
1507	3
1508	3
1509	3
1510	3
1511	3
1512	3
1513	3
1514	3
1515	3
1516	3
1517	3
1518	3
1519	3
1520	3
1521	3
1522	3
1523	3
1524	3
1525	3
1526	3
1527	3
1528	3
1529	8
1530	8
1531	8
1532	8
1533	8
1534	8
1535	8
1536	8
1537	8
1538	8
1539	8
1540	8
1541	8
1542	8
1543	8
1544	8
1545	8
1546	8
1547	8
1548	8
1549	8
1550	8
1551	8
1552	8
1553	8
1554	6
1555	6
1556	6
1557	6
1558	8
1559	8
1560	8
1561	8
1562	8
1563	8
1564	8
1565	8
1566	6
1567	8
1568	8
1569	8
1570	8
1571	8
1572	8
1573	8
1574	8
1575	8
1576	13
1577	13
1578	13
1579	13
1580	13
1581	13
1582	13
1583	13
1584	13
1585	13
1586	13
1587	13
1588	13
1589	13
1590	13
1591	13
1592	13
1593	7
1594	7
1595	7
1596	7
1597	7
1598	7
1599	7
1600	7
1601	7
1602	4
1603	4
1604	4
1605	4
1606	4
1607	4
1608	4
1609	4
1610	4
1611	4
1612	4
1613	4
1614	4
1615	4
1616	4
1617	4
1618	5
1619	5
1620	5
1621	5
1622	5
1623	5
1624	5
1625	5
1626	5
1627	5
1628	5
1629	9
1630	9
1631	6
1632	6
1633	9
1634	6
1635	6
1636	6
1637	9
1638	6
1639	9
1640	6
1641	9
1642	9
1643	6
1644	5
1645	5
1646	5
1647	5
1648	5
1649	9
1650	9
1651	9
1652	9
1653	9
1654	9
1655	6
1656	6
1658	6
1659	9
1660	6
1661	6
1662	9
1663	6
1664	6
1665	6
1666	9
1667	6
1668	6
1669	9
1670	9
1671	6
1672	6
1673	5
1674	9
1675	9
1676	6
1677	5
1678	12
1679	12
1680	12
1681	12
1682	12
1683	12
1684	12
1685	13
1686	13
1687	13
1688	13
1689	13
1690	13
1691	13
1692	13
1693	13
1694	13
1695	13
1696	13
1697	13
1698	13
1699	13
1700	13
1701	6
1702	6
1703	1
1704	1
1705	6
1706	6
1707	13
1708	6
1709	6
1710	6
1711	13
1712	13
1713	5
1714	5
1715	5
1716	5
1717	5
1718	5
1719	5
1720	5
1721	5
1722	5
1723	5
1724	5
1725	13
1726	6
1727	6
1728	5
1729	6
1730	6
1731	6
1732	6
1733	6
1734	13
1735	6
1736	6
1737	6
1738	6
1739	6
1740	6
1741	6
1742	3
1743	3
1744	3
1745	3
1746	3
1747	3
1748	3
1749	3
1750	3
1751	3
1752	3
1753	3
1754	3
1755	3
1756	3
1757	5
1758	5
1759	5
1760	5
1761	3
1762	3
1763	3
1764	3
1765	3
1766	3
1767	3
1768	3
1769	3
1770	3
1771	3
1772	3
1773	3
1774	5
1775	5
1776	5
1777	5
1778	5
1779	5
1780	5
1781	5
1782	5
1783	5
1784	5
1785	5
1786	5
1787	3
1788	3
1789	3
1790	3
1791	3
1792	3
1793	3
1794	3
1795	5
1796	5
1797	5
1798	5
1799	3
1800	3
1801	3
1802	3
1803	3
1804	3
1805	3
1806	3
1807	3
1808	3
1809	1
1810	1
1811	1
1812	1
1813	1
1814	1
1815	1
1816	1
1817	1
1818	1
1819	4
1820	1
1821	4
1822	1
1823	4
1824	1
1825	1
1826	1
1827	1
1828	1
1829	1
1830	5
1831	5
1832	5
1833	5
1834	5
1835	1
1836	1
1837	5
1838	1
1839	1
1840	6
1841	6
1842	6
1843	6
1844	6
1845	1
1846	4
1847	1
1848	1
1849	1
1850	4
1851	1
1852	1
1853	4
1854	1
1855	1
1856	1
1857	5
1858	5
1859	5
1860	5
1861	5
1862	5
1863	1
1864	4
1865	4
1866	4
1867	4
1868	1
1869	4
1870	4
1871	1
1872	12
1873	12
1874	12
1875	12
1876	12
1877	12
1878	12
1879	12
1880	12
1881	12
1882	12
1883	12
1884	12
1885	12
1886	12
1887	12
1888	12
1889	12
1890	12
1891	12
1892	12
1893	12
1894	12
1895	7
1896	7
1897	7
1898	10
1899	10
1900	10
1901	10
1902	10
1903	10
1904	7
1905	7
1906	7
1907	7
1908	7
1909	7
1910	7
1911	7
1912	7
1913	7
1914	7
1915	7
1916	10
1917	10
1918	10
1919	10
1920	10
1921	10
1922	10
1923	10
1924	7
1925	7
1926	7
1927	7
1928	7
1929	7
1930	7
1931	7
1932	7
1933	7
1934	7
1935	7
1936	7
1937	7
1938	7
1939	7
1940	7
1941	7
1942	7
1943	7
1944	7
1945	7
1946	7
1947	7
1948	7
1949	7
1950	7
1951	7
1952	7
1953	7
1954	7
1955	7
1956	7
1957	7
1958	7
1959	7
1960	7
1961	7
1962	7
1963	7
1964	7
1965	7
1966	7
1967	7
1968	7
1969	7
1970	7
1971	7
1972	7
1973	7
1974	7
1975	7
1976	8
1977	8
1978	8
1979	8
1980	8
1981	8
1982	8
1983	8
1984	8
1985	8
1986	8
1987	8
1988	8
1989	8
1990	8
1991	8
1992	8
1993	8
1994	8
1995	8
1996	8
1997	8
1998	8
1999	8
2000	8
2001	8
2002	8
2003	8
2004	8
2005	8
2006	8
2007	8
2008	8
2009	8
2010	8
2011	8
2012	8
2013	8
2014	8
2015	8
2016	8
2017	12
2018	12
2019	12
2020	12
2021	12
2022	12
2023	12
2024	2
2025	12
2026	12
2027	12
2028	12
2029	12
2030	2
2031	2
2032	2
2033	2
2034	2
2035	2
2036	2
2037	12
2038	12
2039	12
2040	12
2041	12
2042	12
2043	12
2044	12
2045	12
2046	2
2047	2
2048	12
2049	12
2050	12
2051	2
2052	2
2053	12
2054	12
2055	2
2056	12
2057	2
2058	4
2059	4
2060	4
2061	4
2062	4
2063	4
2064	4
2065	4
2066	4
2067	4
2068	12
2069	12
2070	12
2071	5
2072	12
2073	5
2074	12
2075	12
2076	12
2077	5
2078	5
2079	12
2080	5
2081	12
2082	5
2083	12
2084	12
2085	12
2086	12
2087	12
2088	12
2089	13
2090	13
2091	13
2092	13
2093	13
2094	13
2095	13
2096	3
2097	3
2098	3
2099	3
2100	3
2101	3
2102	3
2103	3
2104	3
2105	3
2106	3
2107	3
2108	3
2109	3
2110	3
2111	3
2112	3
2113	4
2114	4
2115	1
2116	1
2117	1
2118	4
2119	4
2120	4
2121	1
2122	4
2123	4
2124	12
2125	1
2126	1
2127	1
2128	1
2129	1
2130	4
2131	1
2132	1
2133	4
2134	1
2135	1
2136	4
2137	4
2138	4
2139	4
2140	4
2141	4
2142	4
2143	4
2144	4
2145	4
2146	4
2147	4
2148	4
2149	4
2150	1
2151	1
2152	1
2153	1
2154	4
2155	4
2156	4
2157	4
2158	1
2159	4
2160	1
2161	1
2162	1
2163	1
2164	1
2165	1
2166	1
2167	4
2168	4
2169	1
2170	1
2171	4
2172	1
2173	1
2174	4
2175	4
2176	4
2177	4
2178	1
2179	1
2180	1
2181	1
2182	1
2183	1
2184	1
2185	1
2186	1
2187	1
2188	4
2189	4
2190	1
2191	1
2192	1
2193	1
2194	4
2195	4
2196	4
2197	4
2198	1
2199	4
2200	1
2201	4
2202	4
2203	4
2204	1
2205	1
2206	1
2207	1
2208	4
2209	1
2210	1
2211	4
2212	4
2213	1
2214	1
2215	4
2216	4
2217	1
2218	1
2219	1
2220	1
2221	1
2222	4
2223	4
2224	1
2225	1
2226	1
2227	1
2228	4
2229	4
2230	1
2231	1
2232	1
2233	4
2234	4
2235	1
2236	4
2237	4
2238	4
2239	1
2240	1
2241	4
2242	4
2243	4
2244	4
2245	4
2246	1
2247	1
2248	1
2249	1
2250	1
2251	1
2252	1
2253	4
2254	4
2255	4
2256	1
2257	1
2258	1
2259	1
2260	1
2261	1
2262	1
2263	1
2264	1
2265	1
2266	4
2267	1
2268	1
2269	4
2270	4
2271	1
2272	1
2273	4
2274	1
2275	1
2276	1
2277	4
2278	4
2279	4
2280	1
2281	1
2282	4
2283	4
2284	12
2285	12
2286	4
2287	4
2288	1
2289	1
2290	1
2291	1
2292	1
2293	1
2294	1
2295	1
2296	1
2297	4
2298	4
2299	4
2300	4
2301	1
2302	4
2303	4
2304	4
2305	1
2306	1
2307	1
2308	1
2309	12
2310	12
2311	12
2312	10
2313	10
2314	10
2315	10
2316	10
2317	10
2318	10
2319	10
2320	10
2321	10
2322	10
2323	10
2324	10
2325	10
2326	10
2327	10
2328	10
2329	10
2330	7
2331	7
2332	7
2333	7
2334	7
2335	7
2336	7
2337	7
2338	7
2339	7
2340	7
2341	7
2342	7
2343	7
2344	7
2345	7
2346	13
2347	13
2348	13
2349	13
2350	13
2351	13
2352	13
2353	13
2354	13
2355	13
2356	13
2357	13
2358	13
2359	13
2360	13
2361	13
2362	13
2363	13
2364	13
2365	13
2366	4
2367	4
2368	4
2369	4
2370	4
2371	4
2372	4
2373	4
2374	4
2375	4
2376	4
2377	4
2378	4
2379	4
2380	4
2381	4
2382	4
2383	4
2384	4
2385	4
2386	4
2387	4
2388	4
2389	4
2390	4
2391	4
2392	4
2393	4
2394	4
2395	4
2396	4
2397	4
2398	4
2399	4
2400	4
2401	4
2402	4
2403	4
2404	4
2405	4
2406	4
2407	4
2408	4
2409	4
2410	4
2411	4
2412	4
2413	4
2414	4
2415	11
2416	11
2417	11
2418	11
2419	11
2420	11
2421	11
2422	11
2423	11
2424	11
2425	11
2426	11
2427	11
2428	11
2429	11
2430	11
2431	11
2432	11
2433	11
2434	11
2435	11
2436	11
2437	11
2438	11
2439	11
2440	11
2441	11
2442	11
2443	11
2444	11
2445	11
2446	11
2447	11
2448	11
2449	2
2450	2
2451	2
2452	2
2453	2
2454	11
2455	11
2456	11
2457	11
2458	11
2459	11
2460	11
2461	11
2462	11
2463	11
2464	11
2465	11
2466	11
2467	11
2468	11
2469	11
2470	11
2471	11
2472	2
2473	11
2474	11
2475	11
2476	11
2477	11
2478	11
2479	11
2480	11
2481	11
2482	11
2483	2
2484	11
2485	2
2486	2
2487	11
2488	2
2489	11
2490	2
2491	2
2492	11
2493	11
2494	11
2495	2
2496	11
2497	11
2498	11
2499	11
2500	11
2501	2
2502	11
2503	11
2504	11
2505	11
2506	11
2507	11
2508	11
2509	11
2510	11
2511	11
2512	11
2513	11
2514	11
2515	2
2516	2
2517	2
2518	2
2519	2
2520	2
2521	2
2522	2
2523	11
2524	11
2525	11
2526	11
2527	2
2528	11
2529	11
2530	11
2531	11
2532	11
2533	11
2534	11
2535	11
2536	11
2537	11
2538	11
2539	2
2540	11
2541	2
2542	11
2543	11
2544	2
2545	2
2546	2
2547	11
2548	11
2549	11
2550	2
2551	2
2552	11
2553	11
2554	2
2555	2
2556	2
2557	2
2558	11
2559	11
2560	11
2561	11
2562	11
2563	11
2564	11
2565	11
2566	11
2567	11
2568	11
2569	11
2570	11
2571	11
2572	11
2573	11
2574	11
2575	2
2576	2
2577	2
2578	2
2579	2
2580	2
2581	11
2582	11
2583	2
2584	2
2585	11
2586	11
2587	11
2588	11
2589	11
2590	11
2591	11
2592	11
2593	11
2594	11
2595	11
2596	11
2597	11
2598	11
2599	11
2600	2
2601	11
2602	11
2603	11
2604	11
2605	11
2606	12
2607	12
2608	12
2609	12
2610	12
2611	12
2612	12
2613	12
2614	12
2615	12
2616	12
2617	12
2618	12
2619	12
2620	12
2621	12
2622	12
2623	12
2624	12
2625	12
2626	12
2627	12
2628	12
2629	12
2630	12
2631	12
2632	12
2633	12
2634	12
2635	12
2636	12
2637	12
2638	12
2639	12
2640	8
2641	8
2642	8
2643	8
2644	8
2645	8
2646	8
2647	2
2648	8
2649	8
2650	8
2651	8
2652	8
2653	8
2654	2
2655	2
2656	8
2657	2
2658	8
2659	8
2660	8
2661	2
2662	2
2663	8
2664	2
2665	8
2666	8
2667	2
2668	8
2669	8
2670	2
2671	8
2672	8
2673	8
2674	8
2675	2
2676	8
2677	8
2678	2
2679	8
2680	8
2681	8
2682	8
2683	8
2684	8
2685	8
2686	8
2687	8
2688	7
2689	7
2690	7
2691	7
315	13
1657	6
