0	6
1	6
2	6
3	6
4	6
5	6
6	6
7	2
8	2
9	2
10	2
11	2
12	2
13	2
14	2
15	2
16	2
17	2
18	2
19	6
20	6
21	3
22	3
23	3
24	3
25	3
26	3
27	3
28	3
29	2
30	2
31	2
32	2
33	2
34	2
35	2
36	2
37	2
38	2
39	2
40	2
41	2
42	2
43	2
44	2
45	2
46	2
47	2
48	2
49	5
50	5
51	5
52	5
53	8
54	8
55	8
56	8
57	8
58	5
59	5
60	5
61	5
62	5
63	5
64	5
65	8
66	8
67	8
68	8
69	8
70	8
71	3
72	3
73	3
74	3
75	5
76	5
77	5
78	5
79	5
80	5
81	5
82	5
83	9
84	9
85	9
86	9
87	9
88	9
89	9
90	9
91	9
92	9
93	9
94	9
95	9
96	2
97	2
98	2
99	2
100	2
101	2
102	2
103	2
104	2
105	2
106	2
107	2
108	2
109	2
110	2
111	2
112	2
113	2
114	2
115	2
116	2
117	2
118	2
119	2
120	2
121	2
122	2
123	2
124	2
125	2
126	2
127	2
128	2
129	10
130	10
131	12
132	12
133	10
134	10
135	12
136	10
137	10
138	10
139	12
140	10
141	12
142	10
143	10
144	10
145	10
146	10
147	10
148	10
149	10
150	10
151	10
152	10
153	10
154	12
155	12
156	12
157	12
158	12
159	12
160	12
161	12
162	10
163	10
164	10
165	12
166	10
167	10
168	10
169	10
170	10
171	10
172	10
173	10
174	10
175	10
176	10
177	10
178	10
179	10
180	10
181	10
182	10
183	5
184	5
185	5
186	5
187	5
188	5
189	5
190	5
191	5
192	5
193	5
194	5
195	5
196	5
197	5
198	5
199	5
200	5
201	5
202	5
203	5
204	5
205	5
206	5
207	5
208	3
209	3
210	3
211	3
212	3
213	3
214	3
215	3
216	3
217	3
218	3
219	3
220	3
221	3
222	3
223	3
224	3
225	3
226	3
227	3
228	3
229	3
230	3
231	3
232	3
233	3
234	3
235	3
236	3
237	3
238	3
239	3
240	3
241	3
242	3
243	3
244	3
245	3
246	3
247	3
248	5
249	5
250	5
251	5
252	5
253	5
254	5
255	5
256	5
257	5
258	5
259	5
260	5
261	1
262	1
263	1
264	1
265	1
266	1
267	1
268	1
269	1
270	1
271	1
272	1
273	1
274	1
275	1
276	1
277	1
278	1
279	1
280	1
281	1
282	1
283	1
284	1
285	1
286	1
287	1
288	1
289	1
290	1
291	1
292	1
293	1
294	1
295	1
296	1
297	1
298	1
299	1
300	1
301	1
302	5
303	5
304	5
305	5
306	7
307	7
308	7
309	7
310	7
311	7
312	7
313	7
314	7
316	2
317	2
318	2
319	2
320	2
321	2
322	2
323	2
324	2
325	2
326	2
327	2
328	2
329	2
330	2
331	7
332	7
333	7
334	7
335	7
336	7
337	2
338	2
339	2
340	7
341	7
342	7
343	7
344	7
345	7
346	7
347	7
348	7
349	7
350	7
351	7
352	7
353	7
354	7
355	7
356	9
357	10
358	9
359	10
360	10
361	9
362	10
363	10
364	9
365	9
366	10
367	9
368	9
369	7
370	7
371	7
372	7
373	7
374	7
375	7
376	7
377	7
378	7
379	7
380	7
381	7
382	7
383	7
384	7
385	7
386	7
387	7
388	7
389	2
390	2
391	2
392	2
393	2
394	7
395	7
396	7
397	7
398	2
399	2
400	2
401	2
402	2
403	3
404	3
405	3
406	3
407	3
408	3
409	6
410	6
411	6
412	6
413	6
414	6
415	6
416	6
417	6
418	6
419	6
420	6
421	6
422	6
423	6
424	6
425	10
426	10
427	10
428	10
429	10
430	10
431	10
432	10
433	6
434	6
435	6
436	6
437	6
438	6
439	6
440	6
441	6
442	6
443	6
444	6
445	6
446	10
447	10
448	10
449	10
450	10
451	6
452	6
453	6
454	10
455	10
456	10
457	6
458	6
459	6
460	6
461	6
462	6
463	10
464	10
465	10
466	10
467	10
468	10
469	10
470	10
471	10
472	10
473	6
474	6
475	1
476	1
477	10
478	10
479	10
480	10
481	10
482	10
483	10
484	3
485	3
486	10
487	10
488	10
489	1
490	1
491	1
492	1
493	1
494	1
495	10
496	10
497	10
498	3
499	10
500	10
501	10
502	3
503	10
504	10
505	10
506	3
507	3
508	3
509	3
510	3
511	3
512	3
513	3
514	3
515	3
516	3
517	3
518	3
519	3
520	3
521	3
522	13
523	13
524	13
525	13
526	5
527	5
528	13
529	13
530	13
531	13
532	13
533	13
534	13
535	13
536	13
537	13
538	5
539	5
540	5
541	5
542	5
543	5
544	5
545	5
546	5
547	5
548	5
549	5
550	5
551	5
552	5
553	5
554	5
555	5
556	5
557	5
558	5
559	1
560	1
561	1
562	1
563	1
564	1
565	5
566	5
567	5
568	5
569	5
570	4
571	4
572	4
573	4
574	4
575	4
576	4
577	4
578	4
579	4
580	4
581	5
582	5
583	5
584	5
585	5
586	5
587	1
588	3
589	3
590	3
591	3
592	3
593	3
594	1
595	3
596	1
597	3
598	1
599	3
600	3
601	3
602	3
603	5
604	5
605	5
606	5
607	5
608	5
609	5
610	5
611	5
612	5
613	5
614	5
615	5
616	5
617	3
618	3
619	3
620	1
621	1
622	1
623	1
624	1
625	1
626	1
627	1
628	3
629	3
630	3
631	3
632	1
633	3
634	1
635	3
636	1
637	1
638	1
639	5
640	5
641	5
642	5
643	5
644	5
645	5
646	5
647	5
648	5
649	5
650	5
651	5
652	5
653	5
654	5
655	5
656	5
657	10
658	10
659	1
660	1
661	6
662	6
663	6
664	6
665	6
666	6
667	6
668	6
669	6
670	3
671	3
672	10
673	3
674	10
675	3
676	10
677	10
678	10
679	10
680	6
681	6
682	6
683	6
684	6
685	6
686	6
687	6
688	6
689	6
690	6
691	6
692	6
693	6
694	6
695	6
696	6
697	3
698	3
699	10
700	3
701	3
702	10
703	3
704	10
705	10
706	10
707	3
708	3
709	10
710	3
711	3
712	3
713	3
714	6
715	6
716	1
717	1
718	3
719	3
720	10
721	1
722	1
723	1
724	1
725	1
726	1
727	1
728	1
729	1
730	1
731	1
732	2
733	2
734	2
735	2
736	2
737	10
738	10
739	10
740	10
741	10
742	10
743	1
744	1
745	2
746	2
747	2
748	2
749	2
750	2
751	2
752	2
753	2
754	2
755	2
756	2
757	2
758	2
759	2
760	2
761	2
762	2
763	2
764	2
765	2
766	1
767	10
768	10
769	10
770	2
771	2
772	10
773	10
774	10
775	10
776	10
777	10
778	10
779	10
780	10
781	10
782	10
783	10
784	10
785	3
786	10
787	10
788	10
789	10
790	1
791	3
792	3
793	3
794	3
795	3
796	3
797	3
798	3
799	3
800	3
801	10
802	10
803	10
804	10
805	3
806	3
807	3
808	10
809	10
810	10
811	8
812	8
813	13
814	8
815	13
816	13
817	8
818	8
819	13
820	13
821	8
822	13
823	8
824	13
825	13
826	13
827	13
828	13
829	8
830	8
831	8
832	13
833	13
834	8
835	8
836	8
837	8
838	13
839	13
840	8
841	13
842	8
843	8
844	8
845	13
846	8
847	8
848	13
849	13
850	13
851	13
852	8
853	8
854	8
855	13
856	8
857	13
858	5
859	5
860	5
861	5
862	5
863	5
864	5
865	5
866	5
867	5
868	5
869	5
870	5
871	8
872	8
873	13
874	13
875	8
876	8
877	13
878	13
879	13
880	13
881	8
882	13
883	8
884	13
885	8
886	13
887	8
888	13
889	13
890	13
891	13
892	8
893	8
894	8
895	8
896	8
897	13
898	13
899	13
900	13
901	13
902	8
903	8
904	13
905	8
906	13
907	13
908	13
909	13
910	13
911	13
912	8
913	13
914	8
915	13
916	13
917	13
918	13
919	13
920	13
921	13
922	13
923	13
924	13
925	8
926	13
927	13
928	8
929	13
930	8
931	8
932	13
933	13
934	13
935	8
936	13
937	13
938	13
939	13
940	13
941	13
942	8
943	13
944	13
945	13
946	13
947	8
948	8
949	8
950	13
951	13
952	13
953	13
954	13
955	13
956	13
957	8
958	8
959	13
960	13
961	13
962	13
963	13
964	8
965	8
966	13
967	13
968	13
969	8
970	13
971	13
972	8
973	8
974	13
975	8
976	8
977	8
978	13
979	13
980	13
981	13
982	8
983	8
984	8
985	10
986	10
987	10
988	10
989	10
990	10
991	10
992	10
993	10
994	10
995	10
996	10
997	10
998	10
999	10
1000	10
1001	10
1002	10
1003	10
1004	10
1005	10
1006	10
1007	8
1008	8
1009	10
1010	8
1011	8
1012	8
1013	8
1014	8
1015	8
1016	8
1017	8
1018	8
1019	8
1020	8
1021	8
1022	8
1023	8
1024	8
1025	8
1026	8
1027	8
1028	8
1029	8
1030	8
1031	8
1032	8
1033	8
1034	8
1035	8
1036	8
1037	8
1038	8
1039	8
1040	8
1041	8
1042	8
1043	8
1044	8
1045	8
1046	8
1047	8
1048	8
1049	8
1050	8
1051	8
1052	8
1053	8
1054	8
1055	8
1056	8
1057	8
1058	8
1059	8
1060	8
1061	8
1062	8
1063	8
1064	8
1065	8
1066	8
1067	8
1068	8
1069	8
1070	8
1071	8
1072	8
1073	8
1074	8
1075	5
1076	5
1077	5
1078	5
1079	5
1080	5
1081	5
1082	5
1083	5
1084	5
1085	5
1086	5
1087	1
1088	1
1089	1
1090	1
1091	1
1092	1
1093	1
1094	3
1095	3
1096	3
1097	3
1098	3
1099	3
1100	3
1101	3
1102	3
1103	3
1104	3
1105	3
1106	3
1107	7
1108	7
1109	7
1110	13
1111	7
1112	13
1113	13
1114	7
1115	13
1116	7
1117	7
1118	7
1119	7
1120	7
1121	13
1122	7
1123	7
1124	7
1125	7
1126	7
1127	7
1128	7
1129	13
1130	7
1131	7
1132	7
1133	7
1134	7
1135	7
1136	13
1137	13
1138	13
1139	13
1140	13
1141	7
1142	7
1143	7
1144	7
1145	7
1146	7
1147	7
1148	7
1149	7
1150	7
1151	7
1152	13
1153	7
1154	7
1155	7
1156	7
1157	7
1158	7
1159	7
1160	7
1161	7
1162	7
1163	7
1164	7
1165	7
1166	7
1167	7
1168	7
1169	8
1170	8
1171	8
1172	8
1173	8
1174	8
1175	8
1176	8
1177	8
1178	8
1179	8
1180	8
1181	8
1182	8
1183	8
1184	8
1185	8
1186	8
1187	8
1188	8
1189	8
1190	8
1191	8
1192	8
1193	8
1194	8
1195	8
1196	8
1197	8
1198	8
1199	8
1200	13
1201	13
1202	13
1203	13
1204	13
1205	13
1206	13
1207	13
1208	13
1209	13
1210	13
1211	13
1212	13
1213	13
1214	13
1215	13
1216	13
1217	13
1218	13
1219	13
1220	13
1221	13
1222	13
1223	13
1224	13
1225	13
1226	13
1227	13
1228	13
1229	13
1230	13
1231	13
1232	13
1233	13
1234	13
1235	13
1236	13
1237	13
1238	13
1239	13
1240	1
1241	1
1242	3
1243	3
1244	3
1245	1
1246	3
1247	3
1248	3
1249	3
1250	3
1251	3
1252	3
1253	5
1254	2
1255	5
1256	2
1257	2
1258	3
1259	3
1260	3
1261	3
1262	3
1263	1
1264	2
1265	2
1266	5
1267	5
1268	2
1269	2
1270	5
1271	2
1272	5
1273	2
1274	2
1275	2
1276	5
1277	2
1278	3
1279	3
1280	3
1281	3
1282	1
1283	1
1284	2
1285	2
1286	5
1287	2
1288	3
1289	3
1290	3
1291	3
1292	3
1293	3
1294	3
1295	3
1296	3
1297	3
1298	3
1299	3
1300	3
1301	3
1302	3
1303	5
1304	5
1305	5
1306	5
1307	5
1308	5
1309	5
1310	5
1311	5
1312	5
1313	5
1314	13
1315	13
1316	13
1317	13
1318	13
1319	13
1320	13
1321	13
1322	13
1323	13
1324	13
1325	13
1326	13
1327	13
1328	13
1329	13
1330	13
1331	13
1332	13
1333	13
1334	13
1335	13
1336	13
1337	13
1338	13
1339	13
1340	13
1341	13
1342	13
1343	13
1344	13
1345	13
1346	5
1347	5
1348	5
1349	5
1350	5
1351	5
1352	5
1353	5
1354	5
1355	5
1356	5
1357	5
1358	5
1359	5
1360	5
1361	5
1362	5
1363	13
1364	13
1365	13
1366	13
1367	13
1368	13
1369	13
1370	13
1371	13
1372	13
1373	13
1374	13
1375	13
1376	13
1377	13
1378	13
1379	13
1380	13
1381	3
1382	3
1383	3
1384	3
1385	3
1386	3
1387	3
1388	3
1389	3
1390	3
1391	3
1392	3
1393	3
1394	3
1395	3
1396	3
1397	6
1398	5
1399	6
1400	6
1401	6
1402	6
1403	5
1404	6
1405	5
1406	5
1407	6
1408	5
1409	6
1410	6
1411	5
1412	5
1413	6
1414	6
1415	6
1416	6
1417	6
1418	6
1419	6
1420	6
1421	6
1422	6
1423	6
1424	6
1425	6
1426	6
1427	6
1428	4
1429	4
1430	4
1431	4
1432	4
1433	4
1434	4
1435	4
1436	4
1437	4
1438	4
1439	4
1440	4
1441	2
1442	2
1443	2
1444	2
1445	2
1446	2
1447	2
1448	2
1449	2
1450	2
1451	2
1452	2
1453	2
1454	2
1455	4
1456	4
1457	4
1458	4
1459	4
1460	4
1461	4
1462	4
1463	4
1464	4
1465	3
1466	3
1467	3
1468	3
1469	3
1470	3
1471	3
1472	3
1473	3
1474	3
1475	3
1476	3
1477	3
1478	3
1479	3
1480	3
1481	3
1482	3
1483	3
1484	3
1485	3
1486	3
1487	3
1488	3
1489	2
1490	2
1491	2
1492	2
1493	2
1494	2
1495	2
1496	2
1497	2
1498	2
1499	2
1500	2
1501	6
1502	6
1503	6
1504	6
1505	6
1506	6
1507	6
1508	6
1509	6
1510	6
1511	6
1512	6
1513	6
1514	6
1515	6
1516	6
1517	6
1518	6
1519	6
1520	6
1521	6
1522	6
1523	6
1524	6
1525	6
1526	6
1527	6
1528	6
1529	10
1530	10
1531	10
1532	10
1533	10
1534	10
1535	10
1536	10
1537	10
1538	10
1539	10
1540	10
1541	10
1542	10
1543	10
1544	10
1545	10
1546	10
1547	10
1548	10
1549	10
1550	10
1551	10
1552	9
1553	9
1554	13
1555	13
1556	13
1557	9
1558	9
1559	9
1560	9
1561	9
1562	13
1563	9
1564	9
1565	9
1566	9
1567	9
1568	9
1569	9
1570	9
1571	9
1572	9
1573	9
1574	9
1575	9
1576	2
1577	2
1578	2
1579	2
1580	2
1581	2
1582	2
1583	2
1584	2
1585	2
1586	2
1587	2
1588	2
1589	2
1590	2
1591	2
1592	2
1593	5
1594	5
1595	5
1596	5
1597	5
1598	5
1599	5
1600	5
1601	5
1602	4
1603	9
1604	4
1605	4
1606	4
1607	9
1608	4
1609	4
1610	4
1611	4
1612	4
1613	9
1614	9
1615	4
1616	4
1617	4
1618	3
1619	3
1620	3
1621	3
1622	3
1623	3
1624	3
1625	3
1626	3
1627	3
1628	3
1629	8
1630	2
1631	2
1632	2
1633	2
1634	2
1635	2
1636	2
1637	2
1638	2
1639	8
1640	2
1641	2
1642	2
1643	2
1644	3
1645	3
1646	3
1647	3
1648	3
1649	2
1650	8
1651	2
1652	8
1653	2
1654	2
1655	2
1656	2
1658	2
1659	8
1660	2
1661	2
1662	2
1663	2
1664	2
1665	2
1666	8
1667	2
1668	2
1669	8
1670	2
1671	2
1672	2
1673	3
1674	2
1675	2
1676	2
1677	3
1678	1
1679	1
1680	1
1681	1
1682	1
1683	1
1684	1
1685	2
1686	2
1687	2
1688	2
1689	2
1690	2
1691	2
1692	2
1693	2
1694	2
1695	2
1696	2
1697	2
1698	2
1699	2
1700	2
1701	6
1702	6
1703	11
1704	11
1705	2
1706	2
1707	2
1708	2
1709	6
1710	2
1711	2
1712	2
1713	3
1714	3
1715	3
1716	3
1717	3
1718	3
1719	3
1720	3
1721	3
1722	3
1723	3
1724	3
1725	2
1726	2
1727	2
1728	3
1729	6
1730	2
1731	2
1732	2
1733	2
1734	2
1735	2
1736	6
1737	6
1738	6
1739	6
1740	6
1741	2
1742	6
1743	11
1744	11
1745	6
1746	6
1747	11
1748	6
1749	11
1750	11
1751	6
1752	6
1753	6
1754	11
1755	6
1756	11
1757	3
1758	3
1759	3
1760	3
1761	6
1762	11
1763	11
1764	11
1765	11
1766	6
1767	11
1768	6
1769	6
1770	6
1771	6
1772	11
1773	6
1774	3
1775	3
1776	3
1777	3
1778	3
1779	3
1780	3
1781	3
1782	3
1783	3
1784	3
1785	3
1786	3
1787	11
1788	6
1789	6
1790	6
1791	11
1792	6
1793	6
1794	11
1795	3
1796	3
1797	3
1798	3
1799	6
1800	6
1801	6
1802	6
1803	11
1804	11
1805	11
1806	11
1807	6
1808	11
1809	4
1810	4
1811	4
1812	4
1813	4
1814	4
1815	4
1816	4
1817	4
1818	6
1819	4
1820	6
1821	4
1822	6
1823	4
1824	4
1825	6
1826	4
1827	4
1828	6
1829	4
1830	1
1831	1
1832	1
1833	1
1834	1
1835	4
1836	4
1837	1
1838	4
1839	4
1840	9
1841	9
1842	9
1843	9
1844	9
1845	6
1846	4
1847	4
1848	4
1849	6
1850	4
1851	4
1852	4
1853	4
1854	6
1855	4
1856	4
1857	1
1858	1
1859	1
1860	1
1861	1
1862	1
1863	4
1864	4
1865	4
1866	4
1867	4
1868	4
1869	4
1870	4
1871	6
1872	1
1873	1
1874	1
1875	1
1876	1
1877	1
1878	1
1879	1
1880	1
1881	1
1882	1
1883	1
1884	1
1885	1
1886	1
1887	1
1888	1
1889	1
1890	1
1891	1
1892	1
1893	1
1894	1
1895	5
1896	5
1897	5
1898	7
1899	7
1900	7
1901	7
1902	7
1903	7
1904	5
1905	5
1906	5
1907	5
1908	5
1909	5
1910	5
1911	5
1912	5
1913	5
1914	5
1915	5
1916	7
1917	7
1918	7
1919	7
1920	7
1921	7
1922	7
1923	7
1924	5
1925	5
1926	5
1927	5
1928	5
1929	5
1930	5
1931	5
1932	5
1933	5
1934	5
1935	5
1936	5
1937	5
1938	5
1939	5
1940	5
1941	5
1942	5
1943	5
1944	5
1945	5
1946	5
1947	5
1948	5
1949	5
1950	5
1951	5
1952	5
1953	5
1954	5
1955	5
1956	5
1957	5
1958	5
1959	5
1960	5
1961	5
1962	5
1963	5
1964	5
1965	5
1966	5
1967	5
1968	5
1969	5
1970	5
1971	5
1972	5
1973	5
1974	5
1975	5
1976	9
1977	9
1978	9
1979	9
1980	9
1981	9
1982	9
1983	9
1984	9
1985	9
1986	9
1987	9
1988	9
1989	9
1990	9
1991	9
1992	9
1993	9
1994	9
1995	9
1996	9
1997	9
1998	9
1999	9
2000	9
2001	9
2002	9
2003	9
2004	9
2005	9
2006	9
2007	9
2008	9
2009	9
2010	9
2011	9
2012	9
2013	9
2014	9
2015	9
2016	9
2017	1
2018	1
2019	1
2020	1
2021	1
2022	1
2023	1
2024	10
2025	1
2026	1
2027	1
2028	1
2029	1
2030	10
2031	10
2032	10
2033	10
2034	10
2035	10
2036	10
2037	1
2038	1
2039	1
2040	1
2041	1
2042	1
2043	1
2044	1
2045	1
2046	10
2047	10
2048	1
2049	1
2050	1
2051	10
2052	10
2053	1
2054	1
2055	10
2056	1
2057	10
2058	9
2059	9
2060	9
2061	9
2062	9
2063	9
2064	9
2065	9
2066	9
2067	9
2068	1
2069	1
2070	1
2071	1
2072	1
2073	1
2074	1
2075	1
2076	1
2077	1
2078	1
2079	1
2080	1
2081	1
2082	1
2083	1
2084	1
2085	1
2086	1
2087	1
2088	1
2089	2
2090	2
2091	2
2092	2
2093	2
2094	2
2095	2
2096	6
2097	6
2098	6
2099	6
2100	6
2101	6
2102	6
2103	6
2104	6
2105	6
2106	6
2107	6
2108	6
2109	6
2110	6
2111	6
2112	6
2113	4
2114	11
2115	11
2116	11
2117	11
2118	4
2119	4
2120	11
2121	11
2122	4
2123	4
2124	1
2125	11
2126	11
2127	11
2128	11
2129	11
2130	4
2131	11
2132	11
2133	4
2134	11
2135	11
2136	4
2137	4
2138	4
2139	11
2140	4
2141	11
2142	4
2143	4
2144	4
2145	11
2146	4
2147	4
2148	11
2149	4
2150	11
2151	11
2152	11
2153	11
2154	4
2155	4
2156	4
2157	4
2158	11
2159	4
2160	11
2161	11
2162	11
2163	11
2164	11
2165	11
2166	11
2167	4
2168	11
2169	11
2170	11
2171	4
2172	11
2173	11
2174	4
2175	4
2176	4
2177	4
2178	11
2179	11
2180	11
2181	11
2182	11
2183	11
2184	11
2185	11
2186	11
2187	11
2188	4
2189	11
2190	11
2191	11
2192	11
2193	11
2194	4
2195	4
2196	4
2197	4
2198	11
2199	4
2200	11
2201	4
2202	4
2203	4
2204	11
2205	11
2206	11
2207	11
2208	11
2209	11
2210	11
2211	4
2212	4
2213	11
2214	11
2215	4
2216	4
2217	11
2218	11
2219	11
2220	11
2221	11
2222	4
2223	4
2224	11
2225	11
2226	11
2227	11
2228	4
2229	4
2230	11
2231	11
2232	11
2233	4
2234	4
2235	11
2236	4
2237	4
2238	4
2239	11
2240	11
2241	4
2242	4
2243	4
2244	4
2245	4
2246	11
2247	11
2248	11
2249	11
2250	11
2251	11
2252	11
2253	4
2254	4
2255	4
2256	11
2257	11
2258	11
2259	11
2260	11
2261	11
2262	11
2263	11
2264	11
2265	11
2266	4
2267	11
2268	11
2269	4
2270	4
2271	11
2272	11
2273	4
2274	11
2275	11
2276	11
2277	4
2278	4
2279	4
2280	11
2281	11
2282	4
2283	4
2284	1
2285	1
2286	4
2287	4
2288	11
2289	11
2290	11
2291	11
2292	11
2293	11
2294	11
2295	11
2296	11
2297	4
2298	4
2299	4
2300	4
2301	11
2302	4
2303	11
2304	4
2305	11
2306	11
2307	11
2308	11
2309	1
2310	1
2311	1
2312	8
2313	8
2314	8
2315	8
2316	8
2317	8
2318	8
2319	8
2320	8
2321	8
2322	8
2323	8
2324	8
2325	8
2326	8
2327	8
2328	8
2329	8
2330	5
2331	5
2332	5
2333	5
2334	5
2335	5
2336	5
2337	5
2338	5
2339	5
2340	5
2341	5
2342	5
2343	5
2344	5
2345	5
2346	8
2347	8
2348	8
2349	8
2350	8
2351	8
2352	8
2353	8
2354	8
2355	8
2356	8
2357	8
2358	8
2359	8
2360	8
2361	8
2362	8
2363	8
2364	8
2365	8
2366	4
2367	4
2368	4
2369	4
2370	4
2371	4
2372	4
2373	4
2374	4
2375	4
2376	4
2377	4
2378	4
2379	4
2380	4
2381	4
2382	4
2383	4
2384	4
2385	4
2386	4
2387	4
2388	4
2389	4
2390	4
2391	4
2392	4
2393	4
2394	4
2395	4
2396	4
2397	4
2398	4
2399	4
2400	4
2401	4
2402	4
2403	4
2404	4
2405	4
2406	4
2407	4
2408	4
2409	4
2410	4
2411	4
2412	4
2413	4
2414	4
2415	7
2416	7
2417	7
2418	7
2419	12
2420	12
2421	12
2422	7
2423	12
2424	7
2425	7
2426	12
2427	12
2428	12
2429	12
2430	12
2431	12
2432	12
2433	12
2434	12
2435	7
2436	7
2437	12
2438	12
2439	12
2440	12
2441	12
2442	12
2443	12
2444	7
2445	12
2446	12
2447	12
2448	12
2449	12
2450	12
2451	12
2452	12
2453	7
2454	7
2455	7
2456	7
2457	7
2458	7
2459	7
2460	12
2461	12
2462	7
2463	7
2464	7
2465	12
2466	12
2467	7
2468	12
2469	7
2470	7
2471	7
2472	12
2473	12
2474	12
2475	7
2476	7
2477	7
2478	7
2479	12
2480	12
2481	7
2482	12
2483	12
2484	12
2485	7
2486	7
2487	7
2488	12
2489	7
2490	7
2491	12
2492	7
2493	7
2494	7
2495	12
2496	12
2497	12
2498	12
2499	12
2500	7
2501	7
2502	7
2503	7
2504	7
2505	7
2506	7
2507	7
2508	12
2509	12
2510	12
2511	12
2512	12
2513	12
2514	12
2515	12
2516	12
2517	12
2518	12
2519	12
2520	12
2521	12
2522	12
2523	12
2524	12
2525	12
2526	12
2527	12
2528	12
2529	12
2530	12
2531	12
2532	12
2533	12
2534	12
2535	12
2536	12
2537	12
2538	12
2539	12
2540	12
2541	12
2542	12
2543	12
2544	12
2545	12
2546	12
2547	12
2548	12
2549	12
2550	12
2551	12
2552	12
2553	12
2554	12
2555	12
2556	12
2557	12
2558	7
2559	7
2560	12
2561	12
2562	12
2563	12
2564	12
2565	12
2566	12
2567	12
2568	12
2569	12
2570	12
2571	12
2572	12
2573	12
2574	12
2575	12
2576	12
2577	12
2578	12
2579	12
2580	12
2581	12
2582	12
2583	12
2584	12
2585	12
2586	12
2587	12
2588	12
2589	12
2590	12
2591	12
2592	12
2593	12
2594	7
2595	7
2596	7
2597	7
2598	7
2599	7
2600	12
2601	12
2602	12
2603	12
2604	12
2605	12
2606	1
2607	1
2608	1
2609	1
2610	1
2611	1
2612	1
2613	1
2614	1
2615	1
2616	1
2617	1
2618	1
2619	1
2620	1
2621	1
2622	1
2623	1
2624	1
2625	1
2626	1
2627	1
2628	1
2629	1
2630	1
2631	1
2632	1
2633	1
2634	1
2635	1
2636	1
2637	1
2638	1
2639	1
2640	9
2641	9
2642	9
2643	9
2644	9
2645	9
2646	9
2647	9
2648	9
2649	9
2650	9
2651	9
2652	9
2653	9
2654	9
2655	9
2656	9
2657	10
2658	10
2659	9
2660	9
2661	9
2662	9
2663	9
2664	9
2665	9
2666	9
2667	9
2668	9
2669	9
2670	9
2671	9
2672	9
2673	9
2674	10
2675	9
2676	9
2677	9
2678	9
2679	9
2680	9
2681	9
2682	9
2683	9
2684	9
2685	9
2686	9
2687	9
2688	5
2689	5
2690	5
2691	5
315	2
1657	2
