0	4
1	4
2	4
3	4
4	4
5	4
6	4
7	5
8	5
9	5
10	5
11	5
12	5
13	5
14	5
15	5
16	5
17	5
18	5
19	5
20	5
21	13
22	13
23	13
24	13
25	13
26	13
27	13
28	13
29	2
30	2
31	2
32	2
33	2
34	2
35	2
36	2
37	2
38	2
39	2
40	2
41	2
42	2
43	2
44	2
45	2
46	2
47	2
48	2
49	2
50	2
51	2
52	2
53	10
54	10
55	10
56	10
57	10
58	2
59	2
60	2
61	2
62	2
63	2
64	2
65	10
66	10
67	10
68	10
69	10
70	10
71	13
72	13
73	13
74	13
75	2
76	2
77	2
78	2
79	2
80	2
81	2
82	2
83	12
84	12
85	12
86	1
87	1
88	1
89	12
90	12
91	12
92	12
93	12
94	12
95	12
96	5
97	9
98	5
99	5
100	5
101	5
102	5
103	5
104	5
105	5
106	5
107	5
108	5
109	5
110	5
111	5
112	5
113	9
114	5
115	5
116	5
117	5
118	9
119	9
120	9
121	5
122	5
123	5
124	5
125	5
126	5
127	5
128	5
129	13
130	13
131	13
132	1
133	1
134	13
135	13
136	13
137	13
138	13
139	1
140	13
141	1
142	1
143	13
144	13
145	13
146	13
147	1
148	1
149	13
150	1
151	13
152	13
153	1
154	1
155	1
156	1
157	1
158	1
159	1
160	1
161	1
162	1
163	1
164	1
165	1
166	12
167	12
168	12
169	12
170	12
171	12
172	12
173	12
174	12
175	12
176	12
177	12
178	12
179	12
180	12
181	12
182	12
183	2
184	2
185	2
186	2
187	2
188	2
189	2
190	2
191	2
192	2
193	2
194	2
195	2
196	2
197	2
198	2
199	2
200	2
201	2
202	2
203	2
204	2
205	2
206	2
207	2
208	13
209	13
210	13
211	13
212	13
213	13
214	13
215	13
216	13
217	13
218	13
219	13
220	13
221	13
222	13
223	13
224	13
225	13
226	13
227	13
228	13
229	13
230	13
231	13
232	13
233	13
234	13
235	13
236	13
237	13
238	13
239	13
240	13
241	13
242	13
243	13
244	13
245	13
246	13
247	13
248	2
249	2
250	2
251	2
252	2
253	2
254	2
255	2
256	2
257	2
258	2
259	2
260	2
261	11
262	11
263	11
264	11
265	11
266	11
267	11
268	11
269	11
270	11
271	11
272	11
273	11
274	11
275	11
276	11
277	11
278	11
279	11
280	11
281	11
282	11
283	11
284	11
285	11
286	11
287	11
288	11
289	11
290	11
291	11
292	11
293	11
294	11
295	11
296	11
297	11
298	11
299	11
300	11
301	11
302	2
303	2
304	2
305	2
306	10
307	10
308	10
309	10
310	10
311	10
312	10
313	10
314	10
316	5
317	5
318	5
319	5
320	5
321	5
322	5
323	5
324	5
325	5
326	5
327	5
328	5
329	5
330	5
331	10
332	10
333	10
334	10
335	10
336	10
337	5
338	5
339	5
340	10
341	10
342	10
343	10
344	10
345	10
346	10
347	10
348	10
349	10
350	10
351	10
352	10
353	10
354	10
355	10
356	1
357	1
358	1
359	1
360	1
361	1
362	1
363	1
364	1
365	1
366	1
367	1
368	1
369	10
370	10
371	10
372	10
373	10
374	10
375	10
376	10
377	10
378	10
379	10
380	10
381	10
382	10
383	10
384	10
385	10
386	10
387	10
388	10
389	5
390	5
391	5
392	5
393	5
394	10
395	10
396	10
397	10
398	5
399	5
400	5
401	5
402	5
403	13
404	13
405	13
406	13
407	13
408	13
409	4
410	4
411	4
412	4
413	4
414	4
415	4
416	4
417	4
418	4
419	4
420	4
421	4
422	4
423	4
424	4
425	12
426	12
427	12
428	12
429	12
430	12
431	12
432	12
433	4
434	4
435	4
436	4
437	4
438	4
439	4
440	4
441	4
442	4
443	4
444	4
445	4
446	12
447	12
448	12
449	12
450	12
451	4
452	4
453	4
454	12
455	12
456	12
457	4
458	4
459	4
460	4
461	4
462	4
463	12
464	12
465	12
466	12
467	12
468	12
469	12
470	12
471	12
472	12
473	4
474	4
475	11
476	11
477	11
478	11
479	11
480	11
481	11
482	11
483	11
484	13
485	13
486	11
487	11
488	11
489	11
490	11
491	11
492	11
493	11
494	11
495	11
496	11
497	11
498	13
499	11
500	11
501	11
502	13
503	11
504	11
505	11
506	13
507	13
508	13
509	13
510	13
511	13
512	13
513	13
514	13
515	13
516	13
517	13
518	13
519	13
520	13
521	13
522	7
523	7
524	7
525	7
526	4
527	4
528	7
529	7
530	7
531	7
532	7
533	7
534	7
535	7
536	7
537	7
538	4
539	4
540	4
541	4
542	4
543	4
544	4
545	4
546	4
547	4
548	4
549	4
550	4
551	4
552	4
553	4
554	4
555	4
556	4
557	4
558	4
559	13
560	13
561	11
562	13
563	13
564	13
565	4
566	4
567	4
568	4
569	4
570	9
571	9
572	9
573	9
574	7
575	9
576	9
577	9
578	7
579	9
580	9
581	4
582	4
583	4
584	4
585	4
586	4
587	11
588	13
589	13
590	13
591	13
592	13
593	13
594	11
595	13
596	11
597	13
598	11
599	13
600	13
601	13
602	13
603	2
604	2
605	2
606	2
607	2
608	2
609	2
610	2
611	2
612	2
613	2
614	2
615	2
616	2
617	11
618	13
619	13
620	11
621	11
622	11
623	11
624	11
625	11
626	11
627	11
628	13
629	13
630	13
631	13
632	11
633	11
634	11
635	13
636	11
637	11
638	11
639	2
640	4
641	2
642	4
643	2
644	4
645	4
646	4
647	4
648	4
649	4
650	4
651	4
652	4
653	2
654	2
655	2
656	4
657	12
658	12
659	12
660	12
661	4
662	4
663	4
664	4
665	4
666	4
667	4
668	4
669	4
670	13
671	13
672	13
673	13
674	13
675	13
676	13
677	13
678	13
679	13
680	4
681	4
682	4
683	4
684	4
685	4
686	4
687	4
688	4
689	4
690	4
691	4
692	4
693	4
694	4
695	4
696	4
697	13
698	13
699	13
700	13
701	13
702	13
703	13
704	13
705	13
706	13
707	13
708	13
709	13
710	13
711	13
712	13
713	13
714	4
715	4
716	11
717	11
718	13
719	13
720	13
721	11
722	11
723	11
724	11
725	11
726	11
727	11
728	11
729	11
730	11
731	11
732	5
733	5
734	5
735	5
736	5
737	12
738	12
739	12
740	12
741	12
742	12
743	12
744	12
745	5
746	5
747	5
748	5
749	5
750	5
751	5
752	5
753	5
754	5
755	5
756	5
757	5
758	5
759	5
760	5
761	5
762	5
763	5
764	5
765	5
766	12
767	12
768	12
769	12
770	5
771	5
772	12
773	12
774	12
775	12
776	12
777	12
778	12
779	12
780	12
781	12
782	12
783	12
784	12
785	10
786	12
787	12
788	12
789	12
790	12
791	10
792	10
793	10
794	10
795	10
796	10
797	10
798	10
799	10
800	10
801	12
802	12
803	12
804	12
805	10
806	10
807	10
808	12
809	12
810	12
811	6
812	6
813	6
814	6
815	6
816	7
817	6
818	6
819	7
820	7
821	6
822	7
823	6
824	7
825	7
826	7
827	7
828	7
829	6
830	6
831	6
832	7
833	7
834	6
835	6
836	6
837	6
838	6
839	7
840	6
841	7
842	6
843	6
844	6
845	7
846	7
847	6
848	7
849	7
850	7
851	7
852	6
853	6
854	6
855	7
856	6
857	7
858	2
859	2
860	2
861	2
862	2
863	2
864	2
865	2
866	2
867	2
868	2
869	2
870	2
871	6
872	6
873	7
874	7
875	6
876	7
877	7
878	7
879	7
880	7
881	6
882	6
883	6
884	6
885	6
886	6
887	7
888	6
889	7
890	7
891	7
892	6
893	6
894	6
895	6
896	6
897	7
898	7
899	7
900	7
901	7
902	6
903	6
904	6
905	6
906	7
907	7
908	6
909	7
910	7
911	7
912	6
913	7
914	6
915	6
916	7
917	6
918	7
919	7
920	7
921	7
922	7
923	7
924	7
925	6
926	7
927	6
928	6
929	6
930	6
931	6
932	7
933	7
934	7
935	6
936	6
937	7
938	7
939	7
940	7
941	7
942	6
943	7
944	7
945	7
946	7
947	6
948	6
949	6
950	7
951	7
952	7
953	7
954	7
955	7
956	7
957	6
958	6
959	7
960	7
961	7
962	6
963	6
964	6
965	6
966	7
967	7
968	7
969	6
970	7
971	7
972	6
973	6
974	7
975	6
976	6
977	6
978	7
979	7
980	7
981	7
982	6
983	6
984	6
985	1
986	1
987	1
988	1
989	1
990	1
991	1
992	12
993	1
994	1
995	1
996	1
997	1
998	1
999	1
1000	12
1001	12
1002	1
1003	1
1004	1
1005	1
1006	1
1007	5
1008	6
1009	1
1010	6
1011	6
1012	6
1013	6
1014	6
1015	6
1016	6
1017	6
1018	6
1019	6
1020	5
1021	6
1022	5
1023	6
1024	6
1025	5
1026	5
1027	5
1028	6
1029	6
1030	6
1031	6
1032	6
1033	6
1034	5
1035	5
1036	5
1037	5
1038	5
1039	6
1040	5
1041	5
1042	5
1043	5
1044	6
1045	6
1046	5
1047	5
1048	6
1049	6
1050	5
1051	6
1052	6
1053	5
1054	5
1055	5
1056	5
1057	5
1058	5
1059	6
1060	5
1061	5
1062	6
1063	5
1064	5
1065	5
1066	5
1067	5
1068	6
1069	6
1070	5
1071	6
1072	6
1073	5
1074	5
1075	2
1076	2
1077	2
1078	2
1079	2
1080	2
1081	2
1082	2
1083	2
1084	2
1085	2
1086	2
1087	11
1088	11
1089	11
1090	11
1091	11
1092	11
1093	11
1094	13
1095	13
1096	13
1097	13
1098	13
1099	13
1100	13
1101	13
1102	13
1103	13
1104	13
1105	13
1106	13
1107	7
1108	7
1109	7
1110	7
1111	7
1112	7
1113	7
1114	10
1115	7
1116	10
1117	7
1118	10
1119	7
1120	7
1121	7
1122	10
1123	7
1124	10
1125	10
1126	7
1127	7
1128	7
1129	7
1130	7
1131	10
1132	10
1133	10
1134	7
1135	10
1136	7
1137	7
1138	7
1139	7
1140	7
1141	7
1142	7
1143	7
1144	7
1145	10
1146	10
1147	10
1148	7
1149	7
1150	7
1151	7
1152	7
1153	10
1154	10
1155	10
1156	10
1157	10
1158	10
1159	10
1160	10
1161	10
1162	10
1163	10
1164	10
1165	10
1166	10
1167	10
1168	10
1169	6
1170	5
1171	6
1172	6
1173	6
1174	5
1175	5
1176	6
1177	6
1178	6
1179	6
1180	6
1181	6
1182	6
1183	6
1184	6
1185	6
1186	6
1187	6
1188	6
1189	6
1190	6
1191	6
1192	6
1193	6
1194	6
1195	6
1196	6
1197	6
1198	6
1199	6
1200	7
1201	7
1202	7
1203	7
1204	7
1205	7
1206	7
1207	7
1208	7
1209	7
1210	7
1211	7
1212	7
1213	7
1214	7
1215	7
1216	7
1217	7
1218	7
1219	7
1220	7
1221	7
1222	7
1223	7
1224	7
1225	7
1226	7
1227	7
1228	7
1229	7
1230	7
1231	7
1232	7
1233	7
1234	7
1235	7
1236	7
1237	7
1238	7
1239	7
1240	11
1241	11
1242	11
1243	13
1244	13
1245	11
1246	11
1247	13
1248	13
1249	13
1250	13
1251	13
1252	13
1253	2
1254	2
1255	2
1256	2
1257	2
1258	13
1259	11
1260	13
1261	13
1262	11
1263	11
1264	2
1265	2
1266	2
1267	2
1268	2
1269	2
1270	2
1271	2
1272	2
1273	2
1274	2
1275	2
1276	2
1277	2
1278	10
1279	10
1280	10
1281	13
1282	11
1283	11
1284	2
1285	2
1286	2
1287	2
1288	8
1289	10
1290	10
1291	10
1292	8
1293	10
1294	8
1295	8
1296	8
1297	8
1298	10
1299	8
1300	10
1301	8
1302	8
1303	2
1304	2
1305	2
1306	2
1307	2
1308	2
1309	2
1310	2
1311	2
1312	2
1313	2
1314	7
1315	7
1316	7
1317	7
1318	7
1319	7
1320	7
1321	7
1322	7
1323	7
1324	7
1325	7
1326	7
1327	7
1328	7
1329	7
1330	7
1331	7
1332	7
1333	7
1334	7
1335	7
1336	7
1337	7
1338	7
1339	7
1340	7
1341	7
1342	7
1343	7
1344	7
1345	7
1346	2
1347	2
1348	2
1349	2
1350	2
1351	2
1352	2
1353	2
1354	2
1355	2
1356	2
1357	2
1358	2
1359	2
1360	2
1361	2
1362	2
1363	1
1364	1
1365	1
1366	1
1367	1
1368	1
1369	1
1370	1
1371	1
1372	1
1373	1
1374	1
1375	1
1376	1
1377	1
1378	1
1379	1
1380	1
1381	10
1382	10
1383	10
1384	10
1385	10
1386	10
1387	10
1388	10
1389	10
1390	10
1391	10
1392	10
1393	10
1394	10
1395	10
1396	10
1397	2
1398	2
1399	2
1400	2
1401	2
1402	2
1403	2
1404	2
1405	2
1406	2
1407	2
1408	2
1409	2
1410	2
1411	2
1412	2
1413	2
1414	2
1415	2
1416	2
1417	2
1418	2
1419	2
1420	2
1421	2
1422	2
1423	2
1424	2
1425	2
1426	2
1427	2
1428	9
1429	9
1430	9
1431	9
1432	9
1433	9
1434	9
1435	9
1436	9
1437	9
1438	9
1439	9
1440	9
1441	5
1442	5
1443	5
1444	5
1445	5
1446	5
1447	5
1448	5
1449	5
1450	5
1451	5
1452	5
1453	5
1454	5
1455	9
1456	9
1457	9
1458	9
1459	9
1460	9
1461	9
1462	9
1463	9
1464	9
1465	13
1466	13
1467	13
1468	13
1469	13
1470	13
1471	13
1472	13
1473	13
1474	13
1475	13
1476	13
1477	13
1478	13
1479	13
1480	13
1481	13
1482	13
1483	13
1484	13
1485	13
1486	13
1487	13
1488	13
1489	5
1490	5
1491	5
1492	5
1493	5
1494	5
1495	5
1496	5
1497	5
1498	5
1499	5
1500	5
1501	4
1502	4
1503	4
1504	4
1505	4
1506	4
1507	4
1508	4
1509	4
1510	4
1511	4
1512	4
1513	4
1514	4
1515	4
1516	4
1517	4
1518	4
1519	4
1520	4
1521	4
1522	4
1523	4
1524	4
1525	4
1526	4
1527	4
1528	4
1529	12
1530	12
1531	12
1532	12
1533	12
1534	12
1535	12
1536	12
1537	12
1538	12
1539	12
1540	12
1541	12
1542	12
1543	12
1544	12
1545	12
1546	12
1547	12
1548	12
1549	12
1550	12
1551	12
1552	1
1553	1
1554	7
1555	1
1556	7
1557	1
1558	1
1559	1
1560	1
1561	1
1562	7
1563	1
1564	1
1565	1
1566	1
1567	7
1568	1
1569	1
1570	1
1571	1
1572	1
1573	1
1574	1
1575	1
1576	5
1577	5
1578	5
1579	5
1580	5
1581	5
1582	5
1583	5
1584	5
1585	5
1586	5
1587	5
1588	5
1589	5
1590	5
1591	5
1592	5
1593	2
1594	2
1595	2
1596	2
1597	2
1598	2
1599	2
1600	2
1601	2
1602	7
1603	7
1604	7
1605	7
1606	7
1607	7
1608	7
1609	7
1610	7
1611	7
1612	7
1613	7
1614	7
1615	7
1616	7
1617	7
1618	13
1619	13
1620	13
1621	13
1622	13
1623	13
1624	13
1625	13
1626	13
1627	13
1628	13
1629	6
1630	5
1631	6
1632	5
1633	6
1634	6
1635	6
1636	6
1637	6
1638	6
1639	6
1640	6
1641	6
1642	6
1643	6
1644	13
1645	13
1646	13
1647	13
1648	13
1649	6
1650	6
1651	6
1652	6
1653	6
1654	6
1655	6
1656	6
1658	6
1659	6
1660	6
1661	6
1662	6
1663	6
1664	6
1665	6
1666	5
1667	5
1668	5
1669	6
1670	6
1671	6
1672	6
1673	13
1674	6
1675	6
1676	6
1677	13
1678	11
1679	11
1680	11
1681	11
1682	11
1683	11
1684	11
1685	5
1686	5
1687	5
1688	5
1689	5
1690	5
1691	5
1692	5
1693	5
1694	5
1695	5
1696	5
1697	5
1698	5
1699	5
1700	5
1701	5
1702	5
1703	9
1704	9
1705	5
1706	5
1707	5
1708	5
1709	5
1710	5
1711	5
1712	5
1713	13
1714	13
1715	13
1716	13
1717	13
1718	13
1719	13
1720	13
1721	13
1722	13
1723	13
1724	13
1725	5
1726	5
1727	5
1728	13
1729	5
1730	5
1731	5
1732	5
1733	5
1734	5
1735	5
1736	5
1737	5
1738	5
1739	5
1740	5
1741	5
1742	4
1743	4
1744	3
1745	4
1746	4
1747	3
1748	4
1749	3
1750	3
1751	4
1752	4
1753	4
1754	3
1755	4
1756	3
1757	13
1758	13
1759	13
1760	13
1761	4
1762	4
1763	4
1764	3
1765	4
1766	4
1767	3
1768	4
1769	4
1770	4
1771	4
1772	3
1773	4
1774	13
1775	13
1776	13
1777	13
1778	13
1779	13
1780	13
1781	13
1782	13
1783	13
1784	13
1785	13
1786	13
1787	3
1788	4
1789	4
1790	4
1791	3
1792	4
1793	4
1794	3
1795	13
1796	13
1797	13
1798	13
1799	4
1800	4
1801	4
1802	4
1803	3
1804	3
1805	4
1806	3
1807	4
1808	3
1809	9
1810	9
1811	9
1812	9
1813	9
1814	9
1815	9
1816	9
1817	9
1818	9
1819	9
1820	9
1821	9
1822	9
1823	9
1824	9
1825	9
1826	9
1827	9
1828	9
1829	9
1830	11
1831	11
1832	11
1833	11
1834	11
1835	9
1836	9
1837	11
1838	9
1839	9
1840	1
1841	1
1842	1
1843	1
1844	1
1845	9
1846	9
1847	9
1848	9
1849	9
1850	9
1851	9
1852	9
1853	9
1854	9
1855	9
1856	9
1857	13
1858	13
1859	13
1860	13
1861	13
1862	13
1863	9
1864	9
1865	9
1866	9
1867	9
1868	9
1869	9
1870	9
1871	9
1872	11
1873	11
1874	11
1875	11
1876	11
1877	11
1878	11
1879	11
1880	11
1881	11
1882	11
1883	11
1884	11
1885	11
1886	11
1887	11
1888	11
1889	11
1890	11
1891	11
1892	11
1893	11
1894	11
1895	2
1896	2
1897	4
1898	10
1899	10
1900	10
1901	10
1902	10
1903	10
1904	2
1905	2
1906	2
1907	2
1908	2
1909	2
1910	2
1911	2
1912	2
1913	2
1914	2
1915	2
1916	10
1917	10
1918	10
1919	10
1920	10
1921	10
1922	10
1923	10
1924	4
1925	4
1926	2
1927	2
1928	2
1929	2
1930	4
1931	2
1932	2
1933	2
1934	2
1935	2
1936	2
1937	4
1938	2
1939	2
1940	4
1941	2
1942	2
1943	2
1944	2
1945	2
1946	2
1947	2
1948	2
1949	2
1950	2
1951	2
1952	4
1953	2
1954	2
1955	2
1956	2
1957	2
1958	2
1959	4
1960	2
1961	2
1962	2
1963	2
1964	2
1965	4
1966	2
1967	2
1968	2
1969	2
1970	2
1971	2
1972	4
1973	2
1974	2
1975	2
1976	12
1977	12
1978	12
1979	12
1980	12
1981	12
1982	12
1983	12
1984	12
1985	12
1986	12
1987	12
1988	12
1989	12
1990	12
1991	12
1992	12
1993	12
1994	12
1995	12
1996	12
1997	12
1998	12
1999	12
2000	12
2001	12
2002	12
2003	12
2004	12
2005	12
2006	12
2007	12
2008	12
2009	12
2010	12
2011	12
2012	12
2013	12
2014	12
2015	12
2016	12
2017	11
2018	11
2019	11
2020	11
2021	11
2022	11
2023	11
2024	12
2025	11
2026	11
2027	11
2028	11
2029	11
2030	12
2031	12
2032	12
2033	12
2034	12
2035	12
2036	12
2037	12
2038	11
2039	11
2040	11
2041	11
2042	11
2043	11
2044	11
2045	11
2046	12
2047	12
2048	11
2049	11
2050	11
2051	12
2052	12
2053	12
2054	12
2055	12
2056	12
2057	12
2058	12
2059	12
2060	12
2061	12
2062	12
2063	12
2064	12
2065	12
2066	12
2067	12
2068	11
2069	11
2070	11
2071	11
2072	11
2073	11
2074	11
2075	11
2076	11
2077	11
2078	11
2079	11
2080	11
2081	11
2082	11
2083	11
2084	11
2085	11
2086	11
2087	11
2088	11
2089	5
2090	5
2091	5
2092	5
2093	5
2094	5
2095	5
2096	4
2097	4
2098	4
2099	4
2100	4
2101	4
2102	4
2103	4
2104	4
2105	4
2106	4
2107	4
2108	4
2109	4
2110	4
2111	4
2112	4
2113	3
2114	3
2115	9
2116	9
2117	3
2118	3
2119	3
2120	3
2121	9
2122	3
2123	3
2124	11
2125	9
2126	9
2127	3
2128	3
2129	3
2130	3
2131	3
2132	3
2133	3
2134	3
2135	3
2136	3
2137	3
2138	3
2139	9
2140	9
2141	3
2142	3
2143	3
2144	3
2145	3
2146	3
2147	3
2148	3
2149	3
2150	9
2151	9
2152	9
2153	9
2154	3
2155	3
2156	3
2157	3
2158	9
2159	3
2160	9
2161	9
2162	9
2163	9
2164	9
2165	9
2166	3
2167	9
2168	9
2169	3
2170	3
2171	3
2172	3
2173	3
2174	3
2175	3
2176	3
2177	3
2178	9
2179	9
2180	9
2181	9
2182	3
2183	3
2184	3
2185	3
2186	3
2187	3
2188	3
2189	9
2190	9
2191	3
2192	3
2193	3
2194	3
2195	3
2196	3
2197	3
2198	3
2199	3
2200	3
2201	3
2202	3
2203	3
2204	9
2205	9
2206	9
2207	9
2208	3
2209	9
2210	9
2211	3
2212	3
2213	3
2214	3
2215	3
2216	3
2217	3
2218	3
2219	3
2220	3
2221	3
2222	3
2223	3
2224	9
2225	3
2226	3
2227	3
2228	3
2229	3
2230	9
2231	9
2232	3
2233	3
2234	3
2235	3
2236	3
2237	3
2238	3
2239	3
2240	3
2241	3
2242	3
2243	3
2244	3
2245	3
2246	9
2247	9
2248	9
2249	9
2250	3
2251	3
2252	3
2253	3
2254	3
2255	3
2256	9
2257	3
2258	9
2259	9
2260	9
2261	9
2262	3
2263	3
2264	3
2265	9
2266	3
2267	3
2268	3
2269	3
2270	3
2271	3
2272	3
2273	3
2274	3
2275	3
2276	9
2277	3
2278	3
2279	3
2280	3
2281	3
2282	3
2283	3
2284	11
2285	11
2286	3
2287	3
2288	3
2289	3
2290	3
2291	3
2292	3
2293	9
2294	9
2295	9
2296	9
2297	3
2298	3
2299	3
2300	3
2301	3
2302	3
2303	9
2304	9
2305	3
2306	3
2307	3
2308	3
2309	11
2310	11
2311	11
2312	6
2313	6
2314	6
2315	6
2316	6
2317	6
2318	6
2319	6
2320	6
2321	6
2322	6
2323	6
2324	6
2325	6
2326	6
2327	6
2328	6
2329	6
2330	2
2331	2
2332	2
2333	2
2334	2
2335	2
2336	2
2337	2
2338	2
2339	2
2340	2
2341	2
2342	2
2343	2
2344	2
2345	2
2346	6
2347	6
2348	6
2349	6
2350	6
2351	6
2352	6
2353	6
2354	6
2355	6
2356	6
2357	6
2358	6
2359	6
2360	6
2361	6
2362	6
2363	6
2364	6
2365	6
2366	9
2367	9
2368	9
2369	9
2370	9
2371	3
2372	9
2373	9
2374	9
2375	3
2376	9
2377	9
2378	9
2379	3
2380	3
2381	9
2382	9
2383	9
2384	9
2385	9
2386	9
2387	9
2388	9
2389	9
2390	9
2391	9
2392	9
2393	9
2394	9
2395	9
2396	9
2397	9
2398	9
2399	9
2400	9
2401	3
2402	3
2403	9
2404	3
2405	3
2406	9
2407	3
2408	9
2409	9
2410	9
2411	3
2412	3
2413	3
2414	3
2415	8
2416	8
2417	8
2418	8
2419	10
2420	10
2421	8
2422	8
2423	8
2424	8
2425	10
2426	10
2427	10
2428	10
2429	10
2430	10
2431	10
2432	10
2433	8
2434	10
2435	8
2436	8
2437	8
2438	10
2439	10
2440	10
2441	10
2442	8
2443	8
2444	8
2445	10
2446	8
2447	8
2448	10
2449	8
2450	8
2451	8
2452	8
2453	8
2454	8
2455	10
2456	10
2457	8
2458	8
2459	8
2460	8
2461	8
2462	8
2463	8
2464	8
2465	8
2466	8
2467	8
2468	8
2469	8
2470	8
2471	8
2472	8
2473	8
2474	8
2475	8
2476	8
2477	8
2478	8
2479	8
2480	8
2481	8
2482	8
2483	8
2484	8
2485	8
2486	8
2487	8
2488	8
2489	8
2490	8
2491	8
2492	8
2493	8
2494	10
2495	8
2496	8
2497	8
2498	8
2499	8
2500	8
2501	8
2502	8
2503	8
2504	8
2505	8
2506	8
2507	8
2508	8
2509	8
2510	8
2511	8
2512	8
2513	8
2514	8
2515	8
2516	8
2517	8
2518	8
2519	8
2520	8
2521	8
2522	8
2523	8
2524	8
2525	10
2526	8
2527	8
2528	8
2529	10
2530	10
2531	8
2532	10
2533	8
2534	10
2535	8
2536	10
2537	8
2538	10
2539	8
2540	10
2541	8
2542	10
2543	8
2544	8
2545	8
2546	8
2547	8
2548	8
2549	8
2550	8
2551	8
2552	10
2553	8
2554	8
2555	8
2556	8
2557	8
2558	8
2559	10
2560	8
2561	8
2562	8
2563	10
2564	8
2565	10
2566	10
2567	10
2568	10
2569	8
2570	8
2571	8
2572	8
2573	8
2574	8
2575	8
2576	8
2577	8
2578	8
2579	8
2580	8
2581	10
2582	8
2583	8
2584	8
2585	8
2586	8
2587	8
2588	8
2589	8
2590	8
2591	8
2592	8
2593	8
2594	8
2595	8
2596	8
2597	8
2598	8
2599	8
2600	8
2601	8
2602	10
2603	8
2604	10
2605	10
2606	11
2607	11
2608	11
2609	11
2610	11
2611	11
2612	11
2613	11
2614	11
2615	11
2616	11
2617	11
2618	11
2619	11
2620	11
2621	11
2622	11
2623	11
2624	11
2625	11
2626	11
2627	11
2628	11
2629	11
2630	11
2631	11
2632	11
2633	11
2634	11
2635	11
2636	11
2637	11
2638	11
2639	11
2640	1
2641	1
2642	1
2643	1
2644	12
2645	1
2646	1
2647	1
2648	1
2649	1
2650	1
2651	1
2652	1
2653	1
2654	1
2655	1
2656	12
2657	1
2658	12
2659	12
2660	12
2661	1
2662	1
2663	1
2664	1
2665	1
2666	1
2667	1
2668	1
2669	1
2670	1
2671	1
2672	12
2673	1
2674	12
2675	1
2676	1
2677	1
2678	1
2679	1
2680	1
2681	1
2682	1
2683	1
2684	1
2685	1
2686	1
2687	1
2688	2
2689	2
2690	2
2691	2
315	5
1657	6
