0	11
1	11
2	11
3	11
4	11
5	11
6	11
7	13
8	13
9	13
10	13
11	1
12	13
13	13
14	1
15	1
16	13
17	1
18	13
19	13
20	13
21	3
22	3
23	3
24	3
25	3
26	3
27	3
28	3
29	12
30	12
31	12
32	12
33	12
34	12
35	12
36	12
37	12
38	12
39	12
40	12
41	12
42	12
43	12
44	12
45	12
46	12
47	12
48	12
49	12
50	12
51	12
52	12
53	4
54	4
55	4
56	4
57	4
58	12
59	12
60	12
61	12
62	12
63	12
64	12
65	4
66	4
67	4
68	4
69	4
70	4
71	3
72	3
73	3
74	3
75	12
76	12
77	12
78	12
79	12
80	12
81	12
82	12
83	6
84	6
85	6
86	6
87	6
88	6
89	6
90	6
91	6
92	6
93	6
94	6
95	6
96	1
97	1
98	13
99	1
100	1
101	13
102	13
103	13
104	13
105	13
106	13
107	13
108	13
109	13
110	13
111	1
112	1
113	1
114	13
115	13
116	1
117	1
118	1
119	1
120	1
121	1
122	13
123	13
124	1
125	1
126	1
127	13
128	1
129	10
130	10
131	10
132	10
133	10
134	10
135	10
136	10
137	10
138	10
139	10
140	10
141	10
142	10
143	10
144	10
145	10
146	10
147	10
148	10
149	10
150	10
151	10
152	10
153	10
154	10
155	10
156	10
157	10
158	10
159	10
160	10
161	10
162	10
163	10
164	10
165	10
166	7
167	7
168	7
169	7
170	7
171	7
172	7
173	7
174	7
175	7
176	7
177	7
178	7
179	7
180	7
181	7
182	7
183	11
184	11
185	11
186	11
187	11
188	11
189	11
190	11
191	11
192	11
193	11
194	11
195	11
196	11
197	11
198	11
199	11
200	11
201	11
202	11
203	11
204	11
205	11
206	11
207	11
208	3
209	3
210	3
211	3
212	3
213	3
214	3
215	3
216	3
217	3
218	3
219	3
220	3
221	3
222	3
223	3
224	3
225	3
226	3
227	3
228	3
229	3
230	3
231	3
232	3
233	3
234	3
235	3
236	3
237	3
238	3
239	3
240	3
241	3
242	3
243	3
244	3
245	3
246	3
247	3
248	11
249	11
250	11
251	11
252	11
253	11
254	11
255	11
256	11
257	11
258	11
259	11
260	11
261	8
262	8
263	8
264	8
265	8
266	8
267	8
268	8
269	8
270	8
271	8
272	8
273	8
274	8
275	8
276	8
277	8
278	8
279	8
280	8
281	8
282	8
283	8
284	8
285	8
286	8
287	8
288	8
289	8
290	8
291	8
292	8
293	8
294	8
295	8
296	8
297	8
298	8
299	8
300	8
301	8
302	11
303	11
304	11
305	11
306	9
307	4
308	4
309	9
310	9
311	9
312	4
313	4
314	9
316	12
317	12
318	12
319	12
320	12
321	12
322	12
323	12
324	12
325	12
326	12
327	12
328	12
329	12
330	12
331	4
332	4
333	4
334	4
335	4
336	9
337	12
338	12
339	12
340	4
341	4
342	9
343	4
344	4
345	9
346	4
347	9
348	4
349	9
350	4
351	4
352	4
353	9
354	4
355	4
356	6
357	6
358	6
359	6
360	6
361	6
362	6
363	6
364	6
365	6
366	6
367	6
368	6
369	9
370	4
371	4
372	4
373	9
374	4
375	4
376	9
377	4
378	4
379	4
380	4
381	4
382	4
383	4
384	4
385	4
386	4
387	9
388	9
389	12
390	12
391	12
392	12
393	12
394	4
395	4
396	4
397	9
398	12
399	12
400	12
401	12
402	12
403	3
404	3
405	3
406	3
407	3
408	3
409	13
410	2
411	13
412	13
413	13
414	13
415	2
416	13
417	13
418	13
419	13
420	2
421	13
422	2
423	13
424	2
425	7
426	7
427	7
428	7
429	7
430	7
431	7
432	7
433	13
434	2
435	2
436	13
437	13
438	2
439	13
440	2
441	2
442	13
443	13
444	13
445	13
446	7
447	7
448	7
449	7
450	7
451	13
452	13
453	13
454	7
455	7
456	7
457	13
458	13
459	2
460	2
461	13
462	13
463	7
464	7
465	7
466	7
467	7
468	7
469	7
470	7
471	7
472	7
473	13
474	13
475	8
476	8
477	8
478	8
479	8
480	8
481	8
482	8
483	8
484	3
485	3
486	8
487	8
488	8
489	8
490	8
491	8
492	8
493	8
494	8
495	8
496	8
497	8
498	3
499	8
500	8
501	8
502	3
503	8
504	8
505	8
506	3
507	3
508	3
509	3
510	3
511	3
512	3
513	3
514	3
515	3
516	3
517	3
518	3
519	3
520	3
521	3
522	13
523	13
524	13
525	13
526	11
527	11
528	13
529	13
530	13
531	13
532	13
533	13
534	13
535	13
536	13
537	13
538	11
539	11
540	11
541	11
542	11
543	11
544	11
545	11
546	11
547	11
548	11
549	11
550	11
551	11
552	11
553	11
554	11
555	11
556	11
557	11
558	11
559	3
560	3
561	3
562	3
563	3
564	3
565	11
566	11
567	11
568	11
569	11
570	13
571	13
572	13
573	13
574	13
575	13
576	13
577	13
578	13
579	13
580	13
581	11
582	11
583	11
584	11
585	11
586	11
587	8
588	3
589	3
590	3
591	3
592	3
593	3
594	3
595	3
596	8
597	3
598	3
599	3
600	3
601	3
602	3
603	11
604	11
605	11
606	11
607	11
608	11
609	11
610	11
611	11
612	11
613	11
614	11
615	11
616	11
617	3
618	3
619	3
620	8
621	3
622	8
623	8
624	8
625	3
626	8
627	8
628	3
629	3
630	3
631	3
632	8
633	3
634	8
635	3
636	8
637	3
638	8
639	11
640	11
641	11
642	11
643	11
644	11
645	11
646	11
647	11
648	11
649	11
650	11
651	11
652	11
653	11
654	11
655	11
656	11
657	7
658	7
659	7
660	7
661	2
662	2
663	2
664	2
665	2
666	2
667	2
668	5
669	5
670	3
671	3
672	3
673	3
674	3
675	3
676	3
677	3
678	3
679	3
680	2
681	2
682	2
683	2
684	2
685	2
686	2
687	2
688	2
689	2
690	2
691	2
692	2
693	2
694	2
695	2
696	2
697	3
698	3
699	3
700	3
701	3
702	3
703	3
704	3
705	3
706	3
707	3
708	3
709	3
710	3
711	3
712	3
713	3
714	2
715	2
716	8
717	8
718	3
719	3
720	3
721	8
722	8
723	8
724	8
725	8
726	8
727	8
728	8
729	8
730	8
731	8
732	12
733	12
734	12
735	12
736	12
737	8
738	7
739	7
740	7
741	7
742	7
743	8
744	7
745	12
746	12
747	12
748	12
749	12
750	12
751	12
752	12
753	12
754	12
755	12
756	12
757	12
758	12
759	12
760	12
761	12
762	12
763	12
764	12
765	12
766	7
767	7
768	7
769	7
770	12
771	12
772	8
773	7
774	7
775	7
776	8
777	8
778	7
779	7
780	8
781	7
782	8
783	7
784	7
785	9
786	8
787	8
788	8
789	8
790	7
791	9
792	9
793	9
794	9
795	9
796	9
797	9
798	9
799	9
800	9
801	8
802	7
803	8
804	8
805	9
806	9
807	9
808	8
809	8
810	7
811	4
812	1
813	4
814	1
815	4
816	4
817	4
818	1
819	4
820	1
821	1
822	4
823	4
824	4
825	4
826	4
827	4
828	4
829	1
830	4
831	4
832	4
833	4
834	1
835	1
836	4
837	1
838	4
839	4
840	1
841	4
842	1
843	1
844	4
845	4
846	4
847	1
848	4
849	4
850	4
851	1
852	4
853	4
854	4
855	4
856	1
857	4
858	11
859	11
860	11
861	11
862	11
863	11
864	11
865	11
866	11
867	11
868	11
869	11
870	11
871	4
872	4
873	4
874	4
875	4
876	4
877	4
878	4
879	4
880	4
881	4
882	4
883	1
884	4
885	1
886	4
887	4
888	1
889	4
890	4
891	4
892	1
893	1
894	1
895	1
896	4
897	4
898	4
899	4
900	4
901	4
902	4
903	1
904	4
905	1
906	4
907	4
908	4
909	4
910	4
911	1
912	1
913	4
914	1
915	4
916	4
917	4
918	4
919	4
920	4
921	4
922	4
923	1
924	4
925	1
926	4
927	4
928	1
929	4
930	1
931	1
932	4
933	4
934	4
935	1
936	4
937	4
938	4
939	4
940	4
941	4
942	1
943	4
944	4
945	1
946	4
947	1
948	1
949	1
950	4
951	4
952	4
953	4
954	4
955	4
956	1
957	1
958	1
959	4
960	4
961	4
962	1
963	4
964	1
965	4
966	4
967	4
968	4
969	4
970	4
971	4
972	1
973	1
974	4
975	1
976	1
977	1
978	4
979	4
980	4
981	4
982	12
983	1
984	1
985	7
986	7
987	7
988	7
989	7
990	7
991	7
992	7
993	7
994	7
995	7
996	7
997	7
998	7
999	7
1000	7
1001	7
1002	7
1003	7
1004	7
1005	7
1006	7
1007	12
1008	1
1009	7
1010	1
1011	1
1012	1
1013	1
1014	1
1015	1
1016	1
1017	1
1018	1
1019	1
1020	1
1021	1
1022	1
1023	1
1024	1
1025	12
1026	1
1027	1
1028	12
1029	1
1030	12
1031	1
1032	12
1033	1
1034	12
1035	12
1036	12
1037	1
1038	12
1039	1
1040	12
1041	1
1042	1
1043	12
1044	1
1045	12
1046	12
1047	12
1048	1
1049	1
1050	12
1051	1
1052	1
1053	12
1054	1
1055	12
1056	1
1057	1
1058	1
1059	12
1060	1
1061	1
1062	1
1063	12
1064	12
1065	1
1066	12
1067	1
1068	1
1069	12
1070	1
1071	12
1072	12
1073	12
1074	12
1075	11
1076	11
1077	11
1078	11
1079	11
1080	11
1081	11
1082	11
1083	11
1084	11
1085	11
1086	11
1087	8
1088	8
1089	8
1090	8
1091	8
1092	8
1093	8
1094	3
1095	3
1096	3
1097	3
1098	3
1099	3
1100	3
1101	3
1102	3
1103	3
1104	3
1105	3
1106	3
1107	9
1108	9
1109	9
1110	9
1111	9
1112	9
1113	9
1114	9
1115	9
1116	9
1117	9
1118	9
1119	9
1120	9
1121	9
1122	4
1123	9
1124	9
1125	9
1126	9
1127	9
1128	9
1129	9
1130	9
1131	4
1132	9
1133	9
1134	9
1135	9
1136	4
1137	6
1138	6
1139	6
1140	9
1141	9
1142	9
1143	9
1144	9
1145	9
1146	4
1147	4
1148	9
1149	9
1150	9
1151	9
1152	9
1153	9
1154	9
1155	9
1156	9
1157	9
1158	9
1159	9
1160	9
1161	9
1162	9
1163	9
1164	9
1165	9
1166	9
1167	9
1168	9
1169	1
1170	1
1171	1
1172	1
1173	1
1174	1
1175	1
1176	1
1177	1
1178	1
1179	1
1180	1
1181	1
1182	1
1183	1
1184	1
1185	1
1186	1
1187	1
1188	1
1189	1
1190	1
1191	1
1192	1
1193	1
1194	1
1195	1
1196	1
1197	1
1198	1
1199	1
1200	6
1201	6
1202	6
1203	1
1204	1
1205	1
1206	1
1207	1
1208	1
1209	6
1210	1
1211	6
1212	1
1213	1
1214	1
1215	1
1216	1
1217	1
1218	1
1219	1
1220	1
1221	1
1222	1
1223	6
1224	1
1225	1
1226	1
1227	1
1228	1
1229	6
1230	1
1231	1
1232	6
1233	6
1234	1
1235	1
1236	6
1237	6
1238	6
1239	1
1240	8
1241	8
1242	3
1243	3
1244	3
1245	8
1246	3
1247	3
1248	3
1249	3
1250	3
1251	3
1252	3
1253	12
1254	12
1255	12
1256	12
1257	12
1258	3
1259	3
1260	3
1261	3
1262	3
1263	8
1264	12
1265	12
1266	12
1267	12
1268	12
1269	12
1270	12
1271	12
1272	12
1273	12
1274	12
1275	12
1276	12
1277	12
1278	9
1279	9
1280	10
1281	3
1282	8
1283	8
1284	12
1285	12
1286	12
1287	12
1288	9
1289	9
1290	9
1291	10
1292	10
1293	10
1294	9
1295	10
1296	10
1297	10
1298	9
1299	9
1300	10
1301	10
1302	10
1303	12
1304	12
1305	12
1306	12
1307	12
1308	12
1309	12
1310	12
1311	12
1312	12
1313	12
1314	6
1315	6
1316	6
1317	6
1318	4
1319	6
1320	6
1321	6
1322	6
1323	6
1324	6
1325	6
1326	4
1327	6
1328	6
1329	6
1330	6
1331	6
1332	6
1333	6
1334	6
1335	4
1336	6
1337	6
1338	6
1339	4
1340	4
1341	6
1342	4
1343	6
1344	6
1345	4
1346	12
1347	12
1348	12
1349	12
1350	12
1351	12
1352	12
1353	12
1354	12
1355	12
1356	12
1357	12
1358	12
1359	12
1360	12
1361	12
1362	12
1363	6
1364	6
1365	6
1366	6
1367	6
1368	6
1369	6
1370	6
1371	6
1372	6
1373	6
1374	6
1375	6
1376	6
1377	6
1378	6
1379	6
1380	6
1381	9
1382	9
1383	9
1384	9
1385	9
1386	9
1387	9
1388	9
1389	9
1390	9
1391	9
1392	9
1393	9
1394	9
1395	9
1396	9
1397	12
1398	12
1399	12
1400	12
1401	12
1402	12
1403	12
1404	12
1405	12
1406	12
1407	12
1408	12
1409	12
1410	12
1411	12
1412	12
1413	12
1414	12
1415	12
1416	12
1417	12
1418	12
1419	12
1420	12
1421	12
1422	12
1423	12
1424	12
1425	12
1426	12
1427	12
1428	13
1429	13
1430	13
1431	13
1432	13
1433	13
1434	13
1435	13
1436	13
1437	13
1438	13
1439	13
1440	13
1441	12
1442	12
1443	12
1444	1
1445	12
1446	1
1447	1
1448	12
1449	12
1450	1
1451	12
1452	12
1453	12
1454	12
1455	13
1456	13
1457	13
1458	13
1459	13
1460	13
1461	13
1462	13
1463	13
1464	13
1465	3
1466	3
1467	3
1468	3
1469	3
1470	3
1471	3
1472	3
1473	3
1474	3
1475	3
1476	3
1477	3
1478	3
1479	3
1480	3
1481	3
1482	3
1483	3
1484	3
1485	3
1486	3
1487	3
1488	3
1489	12
1490	12
1491	12
1492	12
1493	12
1494	12
1495	12
1496	12
1497	12
1498	12
1499	12
1500	12
1501	2
1502	11
1503	11
1504	11
1505	11
1506	2
1507	11
1508	11
1509	11
1510	2
1511	11
1512	11
1513	11
1514	2
1515	2
1516	11
1517	11
1518	11
1519	11
1520	2
1521	11
1522	11
1523	11
1524	11
1525	11
1526	11
1527	2
1528	2
1529	7
1530	7
1531	7
1532	7
1533	7
1534	7
1535	7
1536	7
1537	7
1538	7
1539	7
1540	7
1541	7
1542	7
1543	7
1544	7
1545	7
1546	7
1547	7
1548	7
1549	7
1550	7
1551	7
1552	6
1553	6
1554	6
1555	6
1556	6
1557	6
1558	6
1559	6
1560	6
1561	6
1562	6
1563	6
1564	6
1565	6
1566	6
1567	6
1568	6
1569	6
1570	6
1571	6
1572	6
1573	6
1574	6
1575	6
1576	12
1577	12
1578	12
1579	12
1580	12
1581	12
1582	12
1583	12
1584	12
1585	12
1586	12
1587	12
1588	12
1589	12
1590	12
1591	12
1592	12
1593	12
1594	12
1595	12
1596	12
1597	12
1598	12
1599	12
1600	12
1601	12
1602	13
1603	13
1604	13
1605	13
1606	13
1607	13
1608	13
1609	13
1610	13
1611	13
1612	13
1613	13
1614	13
1615	13
1616	13
1617	13
1618	3
1619	3
1620	3
1621	3
1622	3
1623	3
1624	3
1625	3
1626	3
1627	3
1628	3
1629	1
1630	1
1631	1
1632	1
1633	1
1634	1
1635	1
1636	1
1637	1
1638	1
1639	1
1640	1
1641	1
1642	1
1643	1
1644	3
1645	3
1646	3
1647	3
1648	3
1649	1
1650	1
1651	1
1652	1
1653	1
1654	1
1655	1
1656	1
1658	1
1659	1
1660	1
1661	1
1662	1
1663	1
1664	1
1665	1
1666	1
1667	1
1668	1
1669	1
1670	1
1671	1
1672	1
1673	3
1674	1
1675	1
1676	1
1677	3
1678	8
1679	8
1680	8
1681	8
1682	8
1683	8
1684	8
1685	13
1686	13
1687	13
1688	13
1689	13
1690	13
1691	13
1692	13
1693	13
1694	13
1695	13
1696	13
1697	13
1698	13
1699	13
1700	13
1701	13
1702	13
1703	5
1704	5
1705	13
1706	13
1707	13
1708	13
1709	13
1710	13
1711	13
1712	13
1713	3
1714	3
1715	3
1716	3
1717	3
1718	3
1719	3
1720	3
1721	3
1722	3
1723	3
1724	3
1725	13
1726	13
1727	13
1728	3
1729	13
1730	13
1731	13
1732	13
1733	13
1734	13
1735	13
1736	13
1737	13
1738	13
1739	13
1740	13
1741	13
1742	2
1743	2
1744	2
1745	2
1746	2
1747	2
1748	2
1749	2
1750	2
1751	2
1752	2
1753	2
1754	2
1755	2
1756	2
1757	3
1758	3
1759	3
1760	3
1761	2
1762	2
1763	2
1764	2
1765	2
1766	2
1767	2
1768	2
1769	2
1770	2
1771	2
1772	2
1773	2
1774	3
1775	3
1776	3
1777	3
1778	3
1779	3
1780	3
1781	3
1782	3
1783	3
1784	3
1785	3
1786	3
1787	2
1788	2
1789	2
1790	2
1791	2
1792	2
1793	2
1794	2
1795	3
1796	3
1797	3
1798	3
1799	2
1800	2
1801	2
1802	2
1803	2
1804	2
1805	2
1806	2
1807	2
1808	2
1809	13
1810	13
1811	13
1812	13
1813	13
1814	13
1815	13
1816	13
1817	13
1818	13
1819	13
1820	13
1821	13
1822	13
1823	13
1824	13
1825	13
1826	13
1827	13
1828	13
1829	13
1830	3
1831	3
1832	3
1833	3
1834	3
1835	13
1836	13
1837	3
1838	13
1839	13
1840	6
1841	6
1842	6
1843	6
1844	6
1845	13
1846	13
1847	13
1848	13
1849	13
1850	13
1851	13
1852	13
1853	13
1854	13
1855	13
1856	13
1857	3
1858	3
1859	3
1860	3
1861	3
1862	3
1863	13
1864	13
1865	13
1866	13
1867	13
1868	13
1869	13
1870	13
1871	13
1872	7
1873	7
1874	8
1875	8
1876	8
1877	8
1878	8
1879	8
1880	8
1881	8
1882	7
1883	8
1884	8
1885	8
1886	8
1887	8
1888	8
1889	8
1890	8
1891	8
1892	8
1893	8
1894	7
1895	11
1896	11
1897	11
1898	4
1899	4
1900	4
1901	4
1902	4
1903	4
1904	11
1905	11
1906	11
1907	11
1908	11
1909	11
1910	11
1911	11
1912	11
1913	12
1914	12
1915	11
1916	4
1917	4
1918	4
1919	4
1920	4
1921	4
1922	4
1923	4
1924	11
1925	11
1926	11
1927	11
1928	11
1929	11
1930	11
1931	11
1932	11
1933	11
1934	11
1935	12
1936	11
1937	11
1938	11
1939	11
1940	11
1941	11
1942	12
1943	11
1944	11
1945	11
1946	12
1947	11
1948	12
1949	11
1950	11
1951	11
1952	11
1953	11
1954	11
1955	11
1956	11
1957	11
1958	11
1959	11
1960	11
1961	11
1962	11
1963	11
1964	11
1965	11
1966	11
1967	11
1968	11
1969	11
1970	11
1971	11
1972	11
1973	11
1974	11
1975	11
1976	7
1977	7
1978	7
1979	7
1980	7
1981	7
1982	7
1983	7
1984	7
1985	7
1986	7
1987	7
1988	7
1989	7
1990	7
1991	7
1992	7
1993	7
1994	7
1995	7
1996	7
1997	7
1998	7
1999	7
2000	7
2001	7
2002	7
2003	7
2004	7
2005	7
2006	7
2007	7
2008	7
2009	7
2010	7
2011	7
2012	7
2013	7
2014	7
2015	7
2016	7
2017	8
2018	8
2019	8
2020	8
2021	8
2022	8
2023	8
2024	8
2025	8
2026	8
2027	8
2028	8
2029	8
2030	7
2031	7
2032	7
2033	7
2034	8
2035	8
2036	8
2037	7
2038	8
2039	8
2040	8
2041	8
2042	8
2043	8
2044	8
2045	8
2046	8
2047	8
2048	8
2049	8
2050	8
2051	8
2052	8
2053	7
2054	7
2055	8
2056	7
2057	8
2058	7
2059	7
2060	7
2061	7
2062	7
2063	7
2064	7
2065	7
2066	7
2067	7
2068	8
2069	8
2070	8
2071	8
2072	8
2073	8
2074	8
2075	8
2076	8
2077	8
2078	8
2079	8
2080	8
2081	8
2082	8
2083	8
2084	8
2085	8
2086	8
2087	8
2088	8
2089	12
2090	12
2091	12
2092	12
2093	12
2094	12
2095	12
2096	11
2097	11
2098	11
2099	11
2100	11
2101	11
2102	11
2103	11
2104	11
2105	11
2106	11
2107	11
2108	11
2109	11
2110	11
2111	11
2112	11
2113	2
2114	2
2115	5
2116	5
2117	5
2118	5
2119	2
2120	5
2121	5
2122	5
2123	2
2124	8
2125	5
2126	5
2127	5
2128	5
2129	2
2130	5
2131	2
2132	2
2133	5
2134	2
2135	2
2136	2
2137	2
2138	5
2139	5
2140	5
2141	2
2142	2
2143	2
2144	2
2145	5
2146	2
2147	2
2148	5
2149	5
2150	5
2151	5
2152	5
2153	5
2154	2
2155	2
2156	2
2157	2
2158	5
2159	5
2160	5
2161	5
2162	5
2163	5
2164	5
2165	5
2166	2
2167	5
2168	5
2169	2
2170	2
2171	2
2172	2
2173	2
2174	2
2175	2
2176	2
2177	5
2178	5
2179	5
2180	5
2181	5
2182	2
2183	5
2184	5
2185	2
2186	2
2187	5
2188	2
2189	5
2190	5
2191	5
2192	5
2193	2
2194	2
2195	2
2196	5
2197	2
2198	2
2199	2
2200	2
2201	2
2202	2
2203	2
2204	5
2205	5
2206	5
2207	5
2208	5
2209	5
2210	5
2211	2
2212	2
2213	5
2214	5
2215	2
2216	2
2217	5
2218	2
2219	2
2220	2
2221	5
2222	5
2223	2
2224	5
2225	2
2226	2
2227	2
2228	2
2229	2
2230	5
2231	5
2232	5
2233	5
2234	5
2235	2
2236	2
2237	2
2238	2
2239	5
2240	5
2241	5
2242	2
2243	2
2244	2
2245	2
2246	5
2247	5
2248	5
2249	5
2250	5
2251	5
2252	2
2253	2
2254	2
2255	2
2256	5
2257	2
2258	5
2259	5
2260	5
2261	5
2262	5
2263	5
2264	5
2265	5
2266	2
2267	5
2268	5
2269	2
2270	2
2271	2
2272	2
2273	2
2274	2
2275	5
2276	5
2277	5
2278	2
2279	2
2280	2
2281	2
2282	5
2283	5
2284	8
2285	8
2286	2
2287	2
2288	2
2289	2
2290	2
2291	2
2292	2
2293	5
2294	5
2295	5
2296	5
2297	5
2298	2
2299	2
2300	2
2301	5
2302	2
2303	5
2304	5
2305	5
2306	5
2307	5
2308	2
2309	8
2310	8
2311	8
2312	4
2313	4
2314	4
2315	4
2316	4
2317	4
2318	4
2319	4
2320	4
2321	4
2322	4
2323	4
2324	4
2325	4
2326	4
2327	4
2328	4
2329	4
2330	11
2331	11
2332	11
2333	11
2334	11
2335	11
2336	11
2337	11
2338	11
2339	11
2340	11
2341	11
2342	11
2343	11
2344	11
2345	11
2346	12
2347	12
2348	12
2349	12
2350	12
2351	12
2352	12
2353	12
2354	12
2355	12
2356	12
2357	12
2358	12
2359	12
2360	12
2361	12
2362	12
2363	12
2364	12
2365	12
2366	5
2367	5
2368	5
2369	5
2370	5
2371	5
2372	5
2373	5
2374	5
2375	5
2376	5
2377	5
2378	5
2379	5
2380	5
2381	5
2382	5
2383	5
2384	5
2385	5
2386	5
2387	5
2388	13
2389	13
2390	5
2391	5
2392	5
2393	5
2394	5
2395	5
2396	5
2397	5
2398	13
2399	13
2400	5
2401	5
2402	5
2403	5
2404	5
2405	5
2406	5
2407	5
2408	13
2409	5
2410	5
2411	5
2412	5
2413	5
2414	5
2415	9
2416	9
2417	9
2418	9
2419	10
2420	10
2421	10
2422	9
2423	9
2424	9
2425	9
2426	9
2427	10
2428	10
2429	10
2430	10
2431	10
2432	10
2433	10
2434	10
2435	9
2436	9
2437	9
2438	10
2439	10
2440	10
2441	10
2442	9
2443	9
2444	9
2445	10
2446	10
2447	10
2448	9
2449	10
2450	10
2451	10
2452	10
2453	10
2454	9
2455	9
2456	9
2457	9
2458	9
2459	9
2460	10
2461	10
2462	9
2463	9
2464	9
2465	10
2466	10
2467	9
2468	9
2469	9
2470	9
2471	9
2472	9
2473	10
2474	10
2475	9
2476	9
2477	9
2478	9
2479	10
2480	9
2481	9
2482	9
2483	9
2484	9
2485	9
2486	10
2487	9
2488	10
2489	9
2490	10
2491	10
2492	9
2493	9
2494	9
2495	10
2496	10
2497	10
2498	9
2499	9
2500	9
2501	10
2502	9
2503	9
2504	9
2505	9
2506	9
2507	9
2508	10
2509	10
2510	9
2511	9
2512	9
2513	10
2514	9
2515	10
2516	10
2517	10
2518	10
2519	10
2520	10
2521	10
2522	10
2523	10
2524	9
2525	10
2526	9
2527	10
2528	9
2529	10
2530	10
2531	10
2532	10
2533	10
2534	10
2535	10
2536	10
2537	10
2538	10
2539	10
2540	10
2541	10
2542	10
2543	9
2544	10
2545	10
2546	10
2547	9
2548	9
2549	9
2550	10
2551	10
2552	10
2553	10
2554	10
2555	10
2556	10
2557	10
2558	9
2559	9
2560	9
2561	9
2562	10
2563	10
2564	9
2565	10
2566	9
2567	10
2568	10
2569	10
2570	10
2571	9
2572	9
2573	9
2574	10
2575	10
2576	10
2577	10
2578	10
2579	10
2580	10
2581	10
2582	10
2583	10
2584	10
2585	9
2586	9
2587	10
2588	10
2589	10
2590	10
2591	10
2592	10
2593	10
2594	9
2595	9
2596	9
2597	9
2598	9
2599	9
2600	10
2601	10
2602	9
2603	10
2604	10
2605	10
2606	8
2607	8
2608	8
2609	8
2610	8
2611	8
2612	8
2613	8
2614	8
2615	8
2616	8
2617	8
2618	8
2619	8
2620	8
2621	8
2622	8
2623	8
2624	8
2625	8
2626	8
2627	8
2628	8
2629	8
2630	8
2631	8
2632	8
2633	8
2634	8
2635	8
2636	8
2637	8
2638	8
2639	8
2640	6
2641	6
2642	6
2643	7
2644	7
2645	6
2646	6
2647	6
2648	6
2649	7
2650	7
2651	6
2652	6
2653	6
2654	6
2655	7
2656	7
2657	7
2658	7
2659	6
2660	6
2661	7
2662	7
2663	6
2664	6
2665	6
2666	7
2667	6
2668	6
2669	6
2670	6
2671	6
2672	7
2673	6
2674	7
2675	7
2676	6
2677	6
2678	7
2679	6
2680	6
2681	6
2682	6
2683	6
2684	6
2685	6
2686	6
2687	6
2688	11
2689	11
2690	11
2691	11
315	12
1657	1
