0	6
1	6
2	6
3	6
4	6
5	6
6	6
7	3
8	3
9	3
10	3
11	8
12	3
13	3
14	3
15	3
16	8
17	8
18	9
19	9
20	9
21	10
22	10
23	10
24	10
25	10
26	10
27	10
28	10
29	4
30	4
31	4
32	4
33	4
34	4
35	4
36	4
37	4
38	4
39	4
40	4
41	4
42	4
43	4
44	4
45	4
46	4
47	4
48	4
49	4
50	4
51	4
52	4
53	7
54	7
55	7
56	7
57	7
58	4
59	4
60	4
61	4
62	4
63	4
64	4
65	7
66	7
67	7
68	7
69	7
70	7
71	10
72	10
73	10
74	10
75	4
76	4
77	4
78	4
79	4
80	4
81	4
82	4
83	1
84	1
85	1
86	1
87	1
88	1
89	1
90	1
91	1
92	1
93	1
94	1
95	1
96	8
97	3
98	8
99	8
100	3
101	3
102	3
103	8
104	3
105	8
106	3
107	3
108	8
109	3
110	3
111	8
112	8
113	8
114	3
115	3
116	3
117	8
118	3
119	8
120	3
121	8
122	8
123	3
124	8
125	8
126	8
127	8
128	8
129	5
130	5
131	5
132	5
133	11
134	5
135	5
136	5
137	5
138	5
139	5
140	5
141	5
142	11
143	5
144	5
145	5
146	5
147	11
148	5
149	5
150	11
151	5
152	5
153	5
154	5
155	5
156	5
157	5
158	5
159	11
160	11
161	11
162	11
163	11
164	5
165	5
166	2
167	2
168	2
169	2
170	2
171	2
172	2
173	2
174	2
175	2
176	2
177	2
178	2
179	2
180	2
181	2
182	2
183	6
184	6
185	6
186	6
187	6
188	6
189	6
190	6
191	6
192	6
193	6
194	6
195	6
196	6
197	6
198	6
199	6
200	6
201	6
202	6
203	6
204	6
205	6
206	6
207	6
208	10
209	10
210	10
211	10
212	10
213	10
214	10
215	10
216	10
217	10
218	10
219	10
220	10
221	10
222	10
223	10
224	10
225	10
226	10
227	10
228	10
229	10
230	10
231	10
232	10
233	10
234	10
235	10
236	10
237	10
238	10
239	10
240	10
241	10
242	10
243	10
244	10
245	10
246	10
247	10
248	6
249	6
250	6
251	6
252	6
253	6
254	6
255	6
256	6
257	6
258	6
259	6
260	6
261	13
262	13
263	13
264	13
265	13
266	13
267	13
268	13
269	13
270	13
271	13
272	13
273	13
274	13
275	13
276	13
277	13
278	13
279	13
280	13
281	13
282	13
283	13
284	13
285	13
286	13
287	13
288	13
289	13
290	13
291	13
292	13
293	13
294	13
295	13
296	13
297	13
298	13
299	13
300	13
301	13
302	6
303	6
304	6
305	6
306	5
307	5
308	7
309	5
310	5
311	5
312	5
313	5
314	5
316	4
317	4
318	4
319	4
320	4
321	4
322	4
323	4
324	4
325	4
326	4
327	4
328	4
329	4
330	4
331	7
332	7
333	7
334	5
335	7
336	5
337	4
338	4
339	4
340	7
341	7
342	5
343	5
344	5
345	5
346	7
347	5
348	7
349	5
350	5
351	5
352	5
353	5
354	5
355	5
356	11
357	11
358	11
359	11
360	11
361	11
362	11
363	11
364	11
365	1
366	11
367	11
368	11
369	5
370	5
371	5
372	5
373	5
374	5
375	5
376	5
377	5
378	5
379	5
380	5
381	5
382	5
383	5
384	5
385	5
386	5
387	5
388	5
389	4
390	4
391	4
392	4
393	4
394	5
395	5
396	7
397	5
398	4
399	4
400	4
401	4
402	4
403	10
404	10
405	10
406	10
407	10
408	10
409	9
410	9
411	9
412	9
413	9
414	9
415	9
416	9
417	9
418	9
419	9
420	9
421	9
422	9
423	9
424	9
425	2
426	2
427	2
428	2
429	2
430	2
431	2
432	2
433	9
434	9
435	9
436	9
437	9
438	9
439	9
440	9
441	9
442	9
443	9
444	9
445	9
446	2
447	2
448	2
449	2
450	2
451	9
452	9
453	9
454	2
455	2
456	2
457	9
458	9
459	9
460	9
461	9
462	9
463	2
464	2
465	2
466	2
467	2
468	2
469	2
470	2
471	2
472	2
473	9
474	9
475	13
476	13
477	2
478	2
479	2
480	2
481	2
482	2
483	2
484	10
485	10
486	2
487	2
488	2
489	13
490	13
491	13
492	13
493	13
494	13
495	2
496	2
497	2
498	10
499	2
500	2
501	2
502	10
503	2
504	2
505	2
506	10
507	10
508	10
509	10
510	10
511	10
512	10
513	10
514	10
515	10
516	10
517	10
518	10
519	10
520	10
521	10
522	3
523	3
524	3
525	3
526	6
527	6
528	3
529	3
530	3
531	3
532	3
533	3
534	3
535	3
536	3
537	1
538	6
539	6
540	6
541	6
542	6
543	6
544	6
545	6
546	6
547	6
548	6
549	6
550	6
551	6
552	6
553	6
554	6
555	6
556	6
557	6
558	6
559	10
560	10
561	10
562	10
563	10
564	10
565	6
566	6
567	6
568	6
569	6
570	1
571	1
572	1
573	1
574	1
575	1
576	1
577	1
578	1
579	1
580	1
581	6
582	6
583	6
584	6
585	6
586	6
587	13
588	10
589	10
590	10
591	10
592	10
593	10
594	13
595	10
596	13
597	10
598	13
599	10
600	10
601	10
602	10
603	6
604	6
605	6
606	6
607	6
608	6
609	6
610	6
611	6
612	6
613	6
614	6
615	6
616	6
617	13
618	10
619	10
620	13
621	13
622	13
623	13
624	13
625	13
626	13
627	13
628	10
629	10
630	10
631	10
632	13
633	10
634	13
635	10
636	13
637	13
638	13
639	6
640	6
641	6
642	6
643	6
644	6
645	6
646	6
647	6
648	6
649	6
650	6
651	6
652	6
653	6
654	6
655	6
656	6
657	13
658	2
659	13
660	13
661	9
662	9
663	9
664	9
665	9
666	9
667	9
668	9
669	9
670	10
671	10
672	10
673	10
674	10
675	10
676	10
677	2
678	2
679	2
680	9
681	9
682	9
683	9
684	9
685	9
686	9
687	9
688	9
689	9
690	9
691	9
692	9
693	9
694	9
695	9
696	9
697	10
698	10
699	10
700	10
701	10
702	10
703	10
704	10
705	10
706	2
707	10
708	10
709	2
710	10
711	10
712	10
713	10
714	9
715	9
716	10
717	10
718	10
719	10
720	10
721	10
722	10
723	10
724	10
725	10
726	10
727	10
728	10
729	10
730	10
731	10
732	4
733	4
734	4
735	4
736	4
737	13
738	2
739	2
740	2
741	2
742	2
743	13
744	13
745	4
746	4
747	4
748	4
749	4
750	4
751	4
752	4
753	4
754	4
755	4
756	4
757	4
758	4
759	4
760	4
761	4
762	4
763	4
764	4
765	4
766	13
767	2
768	2
769	2
770	4
771	4
772	2
773	2
774	2
775	2
776	13
777	13
778	2
779	2
780	13
781	2
782	13
783	2
784	2
785	5
786	13
787	13
788	13
789	13
790	13
791	5
792	5
793	5
794	5
795	5
796	5
797	5
798	5
799	5
800	5
801	13
802	13
803	13
804	13
805	5
806	5
807	5
808	13
809	2
810	2
811	7
812	8
813	7
814	8
815	7
816	7
817	7
818	8
819	8
820	8
821	7
822	7
823	7
824	7
825	7
826	7
827	8
828	7
829	8
830	7
831	7
832	7
833	7
834	8
835	8
836	7
837	8
838	7
839	7
840	8
841	7
842	8
843	8
844	7
845	7
846	7
847	8
848	8
849	8
850	8
851	8
852	7
853	7
854	8
855	7
856	8
857	8
858	6
859	6
860	6
861	6
862	6
863	6
864	6
865	6
866	6
867	6
868	6
869	6
870	6
871	7
872	7
873	7
874	7
875	8
876	7
877	7
878	7
879	7
880	7
881	7
882	7
883	8
884	7
885	8
886	7
887	7
888	8
889	7
890	7
891	8
892	8
893	8
894	8
895	8
896	7
897	7
898	7
899	8
900	8
901	8
902	7
903	7
904	7
905	8
906	7
907	8
908	8
909	7
910	8
911	8
912	8
913	8
914	7
915	7
916	7
917	7
918	7
919	7
920	8
921	8
922	8
923	8
924	7
925	8
926	7
927	7
928	7
929	7
930	8
931	8
932	8
933	8
934	7
935	7
936	7
937	7
938	7
939	8
940	8
941	7
942	8
943	8
944	8
945	8
946	7
947	8
948	7
949	8
950	8
951	8
952	8
953	8
954	8
955	8
956	8
957	7
958	8
959	7
960	8
961	8
962	8
963	7
964	8
965	7
966	8
967	7
968	8
969	7
970	7
971	7
972	7
973	8
974	8
975	8
976	7
977	8
978	7
979	8
980	7
981	7
982	4
983	8
984	4
985	2
986	2
987	2
988	2
989	2
990	2
991	2
992	2
993	2
994	2
995	2
996	2
997	2
998	2
999	2
1000	2
1001	2
1002	2
1003	2
1004	2
1005	2
1006	2
1007	4
1008	8
1009	2
1010	4
1011	8
1012	8
1013	8
1014	4
1015	8
1016	4
1017	4
1018	8
1019	8
1020	4
1021	4
1022	4
1023	4
1024	4
1025	4
1026	4
1027	4
1028	8
1029	8
1030	4
1031	8
1032	4
1033	8
1034	4
1035	4
1036	4
1037	4
1038	4
1039	8
1040	4
1041	4
1042	4
1043	4
1044	8
1045	8
1046	4
1047	4
1048	8
1049	8
1050	4
1051	8
1052	4
1053	4
1054	4
1055	4
1056	4
1057	4
1058	4
1059	4
1060	4
1061	4
1062	8
1063	4
1064	4
1065	4
1066	4
1067	4
1068	4
1069	4
1070	4
1071	8
1072	4
1073	4
1074	4
1075	6
1076	6
1077	6
1078	6
1079	6
1080	6
1081	6
1082	6
1083	6
1084	6
1085	6
1086	6
1087	13
1088	13
1089	13
1090	13
1091	13
1092	13
1093	13
1094	10
1095	10
1096	10
1097	10
1098	10
1099	10
1100	10
1101	10
1102	10
1103	10
1104	10
1105	10
1106	10
1107	1
1108	1
1109	1
1110	1
1111	1
1112	1
1113	1
1114	7
1115	1
1116	7
1117	1
1118	7
1119	1
1120	1
1121	1
1122	7
1123	1
1124	7
1125	7
1126	1
1127	1
1128	1
1129	1
1130	1
1131	7
1132	7
1133	7
1134	1
1135	1
1136	7
1137	7
1138	1
1139	7
1140	1
1141	1
1142	1
1143	1
1144	1
1145	1
1146	7
1147	7
1148	1
1149	1
1150	1
1151	1
1152	1
1153	7
1154	7
1155	7
1156	7
1157	7
1158	7
1159	7
1160	7
1161	7
1162	7
1163	7
1164	7
1165	7
1166	7
1167	7
1168	7
1169	8
1170	4
1171	8
1172	8
1173	4
1174	4
1175	4
1176	8
1177	8
1178	8
1179	8
1180	8
1181	8
1182	8
1183	8
1184	4
1185	8
1186	4
1187	4
1188	8
1189	4
1190	8
1191	4
1192	8
1193	4
1194	8
1195	4
1196	4
1197	8
1198	4
1199	8
1200	1
1201	1
1202	1
1203	8
1204	8
1205	8
1206	1
1207	1
1208	8
1209	1
1210	1
1211	1
1212	8
1213	8
1214	1
1215	8
1216	1
1217	8
1218	8
1219	1
1220	8
1221	8
1222	8
1223	1
1224	8
1225	8
1226	8
1227	8
1228	8
1229	1
1230	8
1231	8
1232	1
1233	1
1234	1
1235	8
1236	1
1237	1
1238	1
1239	8
1240	13
1241	13
1242	10
1243	10
1244	10
1245	13
1246	10
1247	10
1248	10
1249	10
1250	10
1251	10
1252	10
1253	4
1254	4
1255	4
1256	4
1257	4
1258	10
1259	10
1260	10
1261	10
1262	10
1263	13
1264	4
1265	4
1266	4
1267	4
1268	4
1269	4
1270	4
1271	4
1272	4
1273	4
1274	4
1275	4
1276	4
1277	4
1278	5
1279	5
1280	5
1281	10
1282	13
1283	13
1284	4
1285	4
1286	4
1287	4
1288	5
1289	5
1290	5
1291	5
1292	5
1293	5
1294	5
1295	5
1296	5
1297	5
1298	5
1299	5
1300	5
1301	5
1302	5
1303	4
1304	4
1305	4
1306	4
1307	4
1308	4
1309	4
1310	4
1311	4
1312	4
1313	4
1314	7
1315	7
1316	7
1317	7
1318	7
1319	7
1320	7
1321	7
1322	7
1323	7
1324	7
1325	7
1326	7
1327	1
1328	7
1329	7
1330	7
1331	1
1332	1
1333	7
1334	7
1335	7
1336	7
1337	7
1338	7
1339	7
1340	7
1341	7
1342	7
1343	7
1344	7
1345	7
1346	4
1347	4
1348	4
1349	4
1350	4
1351	4
1352	4
1353	4
1354	4
1355	4
1356	4
1357	4
1358	4
1359	4
1360	4
1361	4
1362	4
1363	1
1364	1
1365	1
1366	1
1367	1
1368	1
1369	1
1370	1
1371	1
1372	1
1373	1
1374	1
1375	1
1376	1
1377	1
1378	1
1379	1
1380	1
1381	7
1382	7
1383	7
1384	7
1385	7
1386	7
1387	7
1388	7
1389	7
1390	7
1391	7
1392	7
1393	7
1394	7
1395	7
1396	7
1397	9
1398	4
1399	4
1400	4
1401	4
1402	4
1403	4
1404	9
1405	4
1406	4
1407	4
1408	4
1409	4
1410	4
1411	4
1412	4
1413	4
1414	4
1415	4
1416	4
1417	4
1418	9
1419	4
1420	4
1421	4
1422	4
1423	4
1424	4
1425	9
1426	9
1427	4
1428	3
1429	3
1430	3
1431	3
1432	3
1433	3
1434	3
1435	3
1436	3
1437	3
1438	3
1439	3
1440	3
1441	9
1442	9
1443	9
1444	8
1445	9
1446	8
1447	8
1448	9
1449	9
1450	9
1451	9
1452	9
1453	9
1454	9
1455	3
1456	3
1457	3
1458	3
1459	3
1460	3
1461	3
1462	3
1463	3
1464	3
1465	10
1466	10
1467	10
1468	10
1469	10
1470	10
1471	10
1472	10
1473	10
1474	10
1475	10
1476	10
1477	10
1478	10
1479	10
1480	10
1481	10
1482	10
1483	10
1484	10
1485	10
1486	10
1487	10
1488	10
1489	4
1490	4
1491	4
1492	4
1493	4
1494	4
1495	4
1496	4
1497	4
1498	4
1499	4
1500	4
1501	9
1502	9
1503	9
1504	9
1505	9
1506	9
1507	6
1508	9
1509	6
1510	9
1511	6
1512	6
1513	6
1514	9
1515	9
1516	9
1517	6
1518	6
1519	6
1520	9
1521	6
1522	6
1523	6
1524	6
1525	6
1526	6
1527	9
1528	9
1529	2
1530	2
1531	2
1532	2
1533	2
1534	2
1535	2
1536	2
1537	2
1538	2
1539	2
1540	2
1541	2
1542	2
1543	2
1544	2
1545	2
1546	2
1547	2
1548	2
1549	2
1550	2
1551	2
1552	1
1553	1
1554	1
1555	1
1556	1
1557	1
1558	1
1559	1
1560	1
1561	1
1562	1
1563	1
1564	1
1565	1
1566	1
1567	1
1568	1
1569	1
1570	1
1571	1
1572	1
1573	1
1574	1
1575	1
1576	4
1577	4
1578	4
1579	4
1580	4
1581	4
1582	4
1583	4
1584	4
1585	4
1586	4
1587	4
1588	4
1589	4
1590	4
1591	4
1592	4
1593	4
1594	4
1595	4
1596	4
1597	4
1598	4
1599	4
1600	4
1601	4
1602	1
1603	1
1604	1
1605	1
1606	1
1607	1
1608	1
1609	1
1610	1
1611	1
1612	1
1613	1
1614	1
1615	1
1616	1
1617	1
1618	10
1619	10
1620	10
1621	10
1622	10
1623	10
1624	10
1625	10
1626	10
1627	10
1628	10
1629	8
1630	8
1631	8
1632	8
1633	8
1634	8
1635	8
1636	8
1637	8
1638	8
1639	8
1640	8
1641	8
1642	8
1643	8
1644	10
1645	10
1646	10
1647	10
1648	10
1649	8
1650	8
1651	8
1652	8
1653	8
1654	8
1655	8
1656	8
1658	8
1659	8
1660	8
1661	8
1662	8
1663	8
1664	8
1665	8
1666	8
1667	8
1668	8
1669	8
1670	8
1671	8
1672	8
1673	10
1674	8
1675	8
1676	8
1677	10
1678	13
1679	13
1680	13
1681	13
1682	13
1683	13
1684	13
1685	9
1686	9
1687	9
1688	9
1689	9
1690	9
1691	9
1692	9
1693	9
1694	9
1695	9
1696	9
1697	9
1698	9
1699	9
1700	9
1701	9
1702	9
1703	12
1704	12
1705	9
1706	9
1707	9
1708	9
1709	9
1710	9
1711	9
1712	9
1713	10
1714	10
1715	10
1716	10
1717	10
1718	10
1719	10
1720	10
1721	10
1722	10
1723	10
1724	10
1725	9
1726	9
1727	9
1728	10
1729	9
1730	9
1731	9
1732	9
1733	9
1734	9
1735	9
1736	9
1737	9
1738	9
1739	9
1740	9
1741	9
1742	9
1743	9
1744	9
1745	9
1746	9
1747	9
1748	9
1749	9
1750	9
1751	9
1752	9
1753	9
1754	9
1755	9
1756	9
1757	10
1758	10
1759	10
1760	10
1761	9
1762	9
1763	9
1764	9
1765	9
1766	9
1767	9
1768	9
1769	9
1770	9
1771	9
1772	9
1773	9
1774	10
1775	10
1776	10
1777	10
1778	10
1779	10
1780	10
1781	10
1782	10
1783	10
1784	10
1785	10
1786	10
1787	9
1788	9
1789	9
1790	9
1791	9
1792	9
1793	9
1794	9
1795	10
1796	10
1797	10
1798	10
1799	9
1800	9
1801	9
1802	9
1803	9
1804	9
1805	9
1806	9
1807	9
1808	9
1809	3
1810	3
1811	3
1812	3
1813	3
1814	3
1815	3
1816	3
1817	3
1818	12
1819	3
1820	3
1821	3
1822	3
1823	3
1824	3
1825	3
1826	3
1827	3
1828	3
1829	3
1830	10
1831	10
1832	10
1833	10
1834	10
1835	3
1836	3
1837	10
1838	3
1839	3
1840	1
1841	1
1842	1
1843	1
1844	1
1845	3
1846	3
1847	3
1848	3
1849	12
1850	3
1851	3
1852	3
1853	3
1854	12
1855	3
1856	3
1857	10
1858	10
1859	10
1860	10
1861	10
1862	10
1863	3
1864	3
1865	3
1866	3
1867	3
1868	3
1869	3
1870	3
1871	3
1872	13
1873	13
1874	13
1875	13
1876	13
1877	13
1878	13
1879	13
1880	13
1881	13
1882	13
1883	13
1884	13
1885	13
1886	13
1887	13
1888	13
1889	13
1890	13
1891	13
1892	13
1893	13
1894	13
1895	6
1896	6
1897	6
1898	7
1899	7
1900	7
1901	7
1902	7
1903	7
1904	6
1905	6
1906	6
1907	6
1908	6
1909	6
1910	6
1911	6
1912	6
1913	6
1914	6
1915	6
1916	7
1917	7
1918	7
1919	7
1920	7
1921	7
1922	7
1923	7
1924	6
1925	6
1926	6
1927	6
1928	6
1929	6
1930	6
1931	6
1932	6
1933	6
1934	6
1935	6
1936	6
1937	6
1938	6
1939	6
1940	6
1941	6
1942	6
1943	6
1944	6
1945	6
1946	6
1947	6
1948	6
1949	6
1950	6
1951	6
1952	6
1953	6
1954	6
1955	6
1956	6
1957	6
1958	6
1959	6
1960	6
1961	6
1962	6
1963	6
1964	6
1965	6
1966	6
1967	6
1968	6
1969	6
1970	6
1971	6
1972	6
1973	6
1974	6
1975	6
1976	2
1977	2
1978	2
1979	2
1980	2
1981	2
1982	2
1983	2
1984	2
1985	2
1986	2
1987	2
1988	2
1989	2
1990	2
1991	2
1992	2
1993	2
1994	2
1995	2
1996	2
1997	2
1998	2
1999	2
2000	2
2001	2
2002	2
2003	2
2004	2
2005	2
2006	2
2007	2
2008	2
2009	2
2010	2
2011	2
2012	2
2013	2
2014	2
2015	2
2016	2
2017	13
2018	13
2019	13
2020	13
2021	13
2022	13
2023	13
2024	13
2025	13
2026	13
2027	13
2028	13
2029	13
2030	2
2031	2
2032	2
2033	2
2034	2
2035	13
2036	13
2037	13
2038	10
2039	10
2040	10
2041	10
2042	10
2043	13
2044	13
2045	13
2046	13
2047	2
2048	10
2049	10
2050	13
2051	13
2052	13
2053	13
2054	13
2055	13
2056	13
2057	2
2058	1
2059	1
2060	1
2061	1
2062	1
2063	1
2064	1
2065	1
2066	1
2067	1
2068	13
2069	13
2070	13
2071	13
2072	13
2073	13
2074	13
2075	13
2076	13
2077	13
2078	13
2079	13
2080	13
2081	13
2082	13
2083	13
2084	13
2085	13
2086	13
2087	13
2088	13
2089	4
2090	4
2091	4
2092	4
2093	4
2094	4
2095	4
2096	6
2097	6
2098	6
2099	6
2100	6
2101	6
2102	6
2103	6
2104	6
2105	6
2106	6
2107	6
2108	6
2109	6
2110	6
2111	6
2112	6
2113	12
2114	12
2115	12
2116	12
2117	12
2118	3
2119	3
2120	12
2121	12
2122	3
2123	3
2124	13
2125	12
2126	12
2127	12
2128	12
2129	12
2130	3
2131	12
2132	12
2133	3
2134	12
2135	12
2136	3
2137	3
2138	3
2139	12
2140	3
2141	12
2142	12
2143	12
2144	3
2145	12
2146	3
2147	3
2148	12
2149	3
2150	12
2151	12
2152	12
2153	12
2154	12
2155	12
2156	12
2157	12
2158	12
2159	12
2160	12
2161	12
2162	12
2163	12
2164	12
2165	12
2166	12
2167	12
2168	12
2169	12
2170	12
2171	12
2172	12
2173	12
2174	3
2175	3
2176	3
2177	3
2178	12
2179	12
2180	12
2181	12
2182	12
2183	12
2184	12
2185	12
2186	12
2187	12
2188	3
2189	12
2190	12
2191	12
2192	12
2193	12
2194	3
2195	12
2196	3
2197	3
2198	12
2199	3
2200	12
2201	12
2202	3
2203	12
2204	12
2205	12
2206	12
2207	12
2208	12
2209	12
2210	12
2211	12
2212	12
2213	12
2214	12
2215	3
2216	3
2217	12
2218	12
2219	12
2220	12
2221	12
2222	12
2223	3
2224	12
2225	12
2226	12
2227	12
2228	12
2229	12
2230	12
2231	12
2232	12
2233	3
2234	3
2235	12
2236	3
2237	3
2238	3
2239	12
2240	12
2241	12
2242	3
2243	3
2244	3
2245	3
2246	12
2247	12
2248	12
2249	12
2250	12
2251	12
2252	12
2253	3
2254	3
2255	3
2256	12
2257	12
2258	12
2259	12
2260	12
2261	12
2262	12
2263	12
2264	12
2265	12
2266	3
2267	12
2268	12
2269	3
2270	3
2271	12
2272	12
2273	12
2274	12
2275	12
2276	12
2277	3
2278	12
2279	12
2280	12
2281	12
2282	12
2283	3
2284	13
2285	13
2286	12
2287	12
2288	12
2289	12
2290	12
2291	12
2292	12
2293	12
2294	12
2295	12
2296	12
2297	12
2298	3
2299	3
2300	3
2301	12
2302	3
2303	12
2304	3
2305	12
2306	12
2307	12
2308	12
2309	13
2310	13
2311	13
2312	7
2313	7
2314	7
2315	7
2316	7
2317	7
2318	7
2319	7
2320	7
2321	7
2322	7
2323	7
2324	7
2325	7
2326	7
2327	7
2328	7
2329	7
2330	6
2331	6
2332	6
2333	6
2334	6
2335	6
2336	6
2337	6
2338	6
2339	6
2340	6
2341	6
2342	6
2343	6
2344	6
2345	6
2346	8
2347	8
2348	8
2349	8
2350	8
2351	8
2352	8
2353	8
2354	8
2355	8
2356	8
2357	8
2358	8
2359	8
2360	8
2361	8
2362	8
2363	8
2364	8
2365	8
2366	3
2367	3
2368	3
2369	3
2370	3
2371	3
2372	3
2373	3
2374	3
2375	3
2376	3
2377	3
2378	3
2379	3
2380	3
2381	3
2382	3
2383	3
2384	3
2385	3
2386	3
2387	3
2388	3
2389	3
2390	3
2391	3
2392	3
2393	3
2394	3
2395	3
2396	3
2397	3
2398	3
2399	3
2400	3
2401	3
2402	3
2403	3
2404	3
2405	3
2406	3
2407	3
2408	3
2409	3
2410	3
2411	3
2412	3
2413	3
2414	3
2415	11
2416	5
2417	5
2418	11
2419	11
2420	11
2421	11
2422	11
2423	11
2424	11
2425	11
2426	11
2427	11
2428	11
2429	11
2430	11
2431	5
2432	11
2433	11
2434	11
2435	11
2436	11
2437	5
2438	11
2439	11
2440	11
2441	11
2442	11
2443	11
2444	11
2445	11
2446	11
2447	11
2448	11
2449	11
2450	11
2451	11
2452	11
2453	11
2454	11
2455	11
2456	11
2457	11
2458	11
2459	11
2460	11
2461	11
2462	11
2463	11
2464	11
2465	11
2466	11
2467	11
2468	11
2469	11
2470	11
2471	11
2472	11
2473	11
2474	11
2475	11
2476	11
2477	11
2478	11
2479	11
2480	11
2481	11
2482	11
2483	11
2484	11
2485	11
2486	11
2487	11
2488	11
2489	11
2490	11
2491	11
2492	11
2493	11
2494	11
2495	11
2496	5
2497	5
2498	5
2499	5
2500	11
2501	11
2502	5
2503	5
2504	5
2505	5
2506	5
2507	5
2508	5
2509	5
2510	5
2511	5
2512	5
2513	5
2514	5
2515	11
2516	11
2517	11
2518	11
2519	11
2520	11
2521	11
2522	11
2523	5
2524	11
2525	11
2526	11
2527	11
2528	5
2529	5
2530	5
2531	5
2532	5
2533	5
2534	5
2535	5
2536	5
2537	5
2538	5
2539	11
2540	5
2541	11
2542	5
2543	5
2544	11
2545	11
2546	11
2547	5
2548	5
2549	5
2550	11
2551	11
2552	11
2553	5
2554	11
2555	11
2556	11
2557	11
2558	5
2559	5
2560	5
2561	5
2562	5
2563	11
2564	11
2565	5
2566	11
2567	11
2568	11
2569	5
2570	5
2571	5
2572	5
2573	5
2574	5
2575	11
2576	11
2577	11
2578	11
2579	11
2580	11
2581	11
2582	11
2583	11
2584	11
2585	11
2586	11
2587	5
2588	5
2589	5
2590	5
2591	5
2592	5
2593	5
2594	11
2595	11
2596	11
2597	5
2598	5
2599	11
2600	11
2601	11
2602	11
2603	11
2604	11
2605	11
2606	13
2607	13
2608	13
2609	13
2610	13
2611	13
2612	13
2613	13
2614	13
2615	13
2616	13
2617	13
2618	13
2619	13
2620	13
2621	13
2622	13
2623	13
2624	13
2625	13
2626	13
2627	13
2628	13
2629	13
2630	13
2631	13
2632	13
2633	13
2634	13
2635	13
2636	13
2637	13
2638	13
2639	13
2640	2
2641	2
2642	1
2643	1
2644	1
2645	2
2646	2
2647	2
2648	2
2649	2
2650	2
2651	2
2652	2
2653	2
2654	2
2655	2
2656	2
2657	2
2658	2
2659	1
2660	1
2661	2
2662	2
2663	1
2664	1
2665	1
2666	2
2667	2
2668	2
2669	1
2670	2
2671	1
2672	2
2673	1
2674	2
2675	2
2676	2
2677	2
2678	2
2679	2
2680	2
2681	2
2682	2
2683	1
2684	1
2685	2
2686	2
2687	1
2688	6
2689	6
2690	6
2691	6
315	4
1657	8
