0	3
1	3
2	3
3	3
4	3
5	3
6	3
7	6
8	6
9	6
10	6
11	6
12	13
13	13
14	13
15	13
16	6
17	6
18	6
19	6
20	6
21	10
22	10
23	10
24	10
25	10
26	10
27	10
28	10
29	5
30	5
31	5
32	5
33	5
34	5
35	5
36	5
37	5
38	5
39	5
40	5
41	5
42	5
43	5
44	5
45	5
46	5
47	5
48	5
49	5
50	5
51	5
52	5
53	7
54	7
55	7
56	7
57	7
58	5
59	5
60	5
61	5
62	5
63	5
64	5
65	7
66	7
67	7
68	7
69	7
70	7
71	10
72	10
73	10
74	10
75	5
76	5
77	5
78	5
79	5
80	5
81	5
82	5
83	2
84	2
85	2
86	2
87	2
88	2
89	2
90	2
91	2
92	2
93	2
94	2
95	2
96	6
97	13
98	6
99	6
100	13
101	6
102	6
103	6
104	6
105	6
106	6
107	6
108	6
109	6
110	6
111	13
112	13
113	13
114	6
115	6
116	6
117	13
118	13
119	13
120	13
121	6
122	6
123	6
124	6
125	6
126	13
127	6
128	6
129	1
130	1
131	1
132	1
133	1
134	1
135	1
136	1
137	1
138	1
139	1
140	1
141	1
142	1
143	1
144	1
145	1
146	1
147	1
148	1
149	1
150	1
151	1
152	1
153	1
154	1
155	1
156	1
157	1
158	1
159	1
160	1
161	1
162	1
163	1
164	1
165	1
166	8
167	8
168	8
169	8
170	8
171	8
172	8
173	8
174	8
175	8
176	8
177	8
178	8
179	8
180	8
181	8
182	8
183	3
184	3
185	3
186	3
187	3
188	3
189	3
190	3
191	3
192	3
193	3
194	3
195	3
196	3
197	3
198	3
199	3
200	3
201	3
202	3
203	3
204	3
205	3
206	3
207	3
208	10
209	10
210	10
211	10
212	10
213	10
214	10
215	10
216	10
217	10
218	10
219	10
220	10
221	10
222	10
223	10
224	10
225	10
226	8
227	8
228	8
229	8
230	8
231	8
232	8
233	8
234	8
235	8
236	10
237	10
238	10
239	10
240	10
241	10
242	10
243	10
244	10
245	10
246	10
247	10
248	3
249	3
250	3
251	3
252	3
253	3
254	3
255	3
256	3
257	3
258	3
259	3
260	3
261	12
262	12
263	12
264	12
265	12
266	12
267	12
268	12
269	12
270	12
271	12
272	12
273	12
274	12
275	12
276	12
277	12
278	12
279	12
280	12
281	12
282	12
283	12
284	12
285	12
286	12
287	12
288	12
289	12
290	12
291	12
292	12
293	12
294	12
295	12
296	12
297	12
298	12
299	12
300	12
301	12
302	3
303	3
304	3
305	3
306	10
307	10
308	10
309	11
310	11
311	11
312	10
313	10
314	11
316	7
317	7
318	7
319	7
320	7
321	7
322	7
323	7
324	7
325	7
326	7
327	7
328	7
329	7
330	7
331	10
332	10
333	10
334	10
335	10
336	11
337	7
338	7
339	7
340	10
341	10
342	10
343	11
344	10
345	10
346	10
347	10
348	10
349	10
350	11
351	10
352	10
353	11
354	10
355	11
356	1
357	1
358	1
359	1
360	1
361	1
362	1
363	1
364	1
365	1
366	1
367	1
368	1
369	11
370	10
371	10
372	11
373	11
374	11
375	11
376	11
377	10
378	10
379	11
380	10
381	10
382	10
383	10
384	10
385	10
386	10
387	10
388	10
389	7
390	7
391	7
392	7
393	7
394	11
395	10
396	10
397	11
398	7
399	7
400	7
401	7
402	7
403	10
404	10
405	10
406	10
407	10
408	10
409	6
410	5
411	5
412	5
413	5
414	5
415	5
416	5
417	5
418	5
419	5
420	5
421	5
422	5
423	5
424	5
425	8
426	8
427	8
428	8
429	8
430	8
431	8
432	8
433	5
434	5
435	5
436	5
437	5
438	5
439	5
440	5
441	5
442	5
443	5
444	5
445	6
446	8
447	8
448	8
449	8
450	8
451	5
452	5
453	5
454	8
455	8
456	8
457	5
458	6
459	5
460	5
461	5
462	5
463	8
464	8
465	8
466	8
467	8
468	8
469	8
470	8
471	8
472	8
473	5
474	5
475	12
476	12
477	8
478	8
479	8
480	8
481	8
482	8
483	8
484	10
485	10
486	8
487	8
488	8
489	12
490	12
491	12
492	12
493	12
494	12
495	8
496	8
497	8
498	10
499	8
500	8
501	8
502	10
503	8
504	8
505	8
506	10
507	10
508	10
509	10
510	10
511	10
512	10
513	10
514	10
515	10
516	10
517	10
518	10
519	10
520	10
521	10
522	13
523	2
524	2
525	2
526	3
527	3
528	2
529	2
530	2
531	2
532	2
533	2
534	2
535	2
536	2
537	2
538	3
539	3
540	3
541	3
542	3
543	3
544	3
545	3
546	3
547	3
548	3
549	3
550	3
551	3
552	3
553	3
554	3
555	3
556	3
557	3
558	3
559	12
560	12
561	12
562	12
563	12
564	12
565	3
566	3
567	3
568	3
569	3
570	2
571	2
572	2
573	2
574	2
575	2
576	2
577	2
578	2
579	2
580	2
581	3
582	3
583	3
584	3
585	3
586	3
587	8
588	8
589	8
590	8
591	8
592	10
593	10
594	8
595	10
596	8
597	8
598	8
599	10
600	10
601	8
602	10
603	3
604	3
605	3
606	3
607	3
608	3
609	3
610	3
611	3
612	3
613	3
614	3
615	3
616	3
617	10
618	8
619	10
620	8
621	8
622	8
623	8
624	8
625	8
626	8
627	10
628	10
629	10
630	10
631	8
632	10
633	8
634	10
635	8
636	8
637	8
638	8
639	3
640	3
641	3
642	3
643	3
644	3
645	3
646	3
647	3
648	3
649	3
650	3
651	3
652	3
653	3
654	3
655	3
656	3
657	12
658	8
659	12
660	12
661	5
662	5
663	5
664	6
665	6
666	5
667	5
668	6
669	6
670	8
671	8
672	8
673	8
674	8
675	8
676	8
677	8
678	8
679	8
680	6
681	5
682	6
683	5
684	6
685	5
686	5
687	6
688	5
689	5
690	5
691	5
692	5
693	5
694	5
695	5
696	5
697	8
698	8
699	8
700	8
701	8
702	8
703	8
704	8
705	8
706	8
707	8
708	8
709	8
710	8
711	8
712	8
713	8
714	5
715	5
716	12
717	12
718	8
719	8
720	8
721	12
722	12
723	12
724	12
725	12
726	12
727	12
728	12
729	12
730	12
731	12
732	7
733	7
734	7
735	5
736	5
737	12
738	8
739	8
740	8
741	8
742	8
743	12
744	12
745	7
746	7
747	7
748	7
749	7
750	7
751	7
752	7
753	7
754	7
755	7
756	5
757	5
758	5
759	7
760	7
761	7
762	5
763	5
764	5
765	5
766	12
767	8
768	12
769	8
770	5
771	5
772	12
773	12
774	12
775	8
776	12
777	12
778	8
779	8
780	8
781	8
782	8
783	8
784	8
785	10
786	8
787	12
788	12
789	8
790	12
791	10
792	10
793	10
794	10
795	10
796	10
797	10
798	10
799	10
800	10
801	8
802	12
803	8
804	12
805	10
806	10
807	10
808	12
809	12
810	12
811	7
812	7
813	7
814	7
815	7
816	11
817	7
818	7
819	7
820	7
821	7
822	7
823	7
824	7
825	11
826	7
827	7
828	11
829	7
830	7
831	7
832	11
833	11
834	7
835	7
836	7
837	7
838	7
839	11
840	7
841	11
842	7
843	7
844	7
845	7
846	7
847	7
848	7
849	7
850	7
851	7
852	7
853	7
854	7
855	11
856	7
857	7
858	3
859	3
860	3
861	3
862	3
863	3
864	3
865	3
866	3
867	3
868	3
869	3
870	3
871	7
872	7
873	11
874	11
875	7
876	7
877	7
878	11
879	7
880	11
881	7
882	7
883	7
884	7
885	7
886	7
887	7
888	7
889	7
890	7
891	7
892	7
893	7
894	7
895	7
896	7
897	11
898	7
899	7
900	7
901	7
902	7
903	7
904	7
905	7
906	11
907	7
908	7
909	11
910	7
911	7
912	7
913	7
914	7
915	7
916	11
917	7
918	11
919	11
920	7
921	7
922	7
923	7
924	11
925	7
926	11
927	7
928	7
929	7
930	7
931	7
932	7
933	7
934	11
935	7
936	7
937	7
938	7
939	7
940	7
941	11
942	7
943	7
944	7
945	7
946	11
947	7
948	7
949	7
950	7
951	7
952	7
953	7
954	7
955	7
956	7
957	7
958	7
959	7
960	7
961	7
962	7
963	7
964	7
965	7
966	7
967	11
968	7
969	7
970	11
971	11
972	7
973	7
974	7
975	7
976	7
977	7
978	11
979	7
980	11
981	11
982	6
983	7
984	6
985	8
986	1
987	1
988	8
989	1
990	1
991	1
992	8
993	8
994	1
995	8
996	1
997	8
998	1
999	1
1000	8
1001	8
1002	8
1003	1
1004	1
1005	1
1006	1
1007	6
1008	6
1009	1
1010	6
1011	7
1012	6
1013	6
1014	6
1015	6
1016	6
1017	6
1018	6
1019	6
1020	6
1021	6
1022	6
1023	6
1024	6
1025	6
1026	6
1027	6
1028	6
1029	6
1030	6
1031	6
1032	6
1033	6
1034	6
1035	6
1036	6
1037	6
1038	6
1039	6
1040	6
1041	6
1042	6
1043	6
1044	6
1045	6
1046	6
1047	6
1048	6
1049	7
1050	6
1051	6
1052	6
1053	6
1054	6
1055	6
1056	6
1057	6
1058	6
1059	6
1060	6
1061	6
1062	6
1063	6
1064	6
1065	6
1066	6
1067	6
1068	6
1069	6
1070	6
1071	6
1072	6
1073	6
1074	6
1075	5
1076	5
1077	5
1078	5
1079	5
1080	5
1081	5
1082	5
1083	5
1084	5
1085	5
1086	5
1087	12
1088	12
1089	12
1090	12
1091	12
1092	12
1093	12
1094	10
1095	10
1096	10
1097	10
1098	10
1099	10
1100	10
1101	10
1102	10
1103	10
1104	10
1105	10
1106	10
1107	11
1108	11
1109	11
1110	11
1111	11
1112	11
1113	11
1114	11
1115	11
1116	11
1117	11
1118	11
1119	11
1120	11
1121	11
1122	11
1123	11
1124	11
1125	11
1126	11
1127	11
1128	11
1129	11
1130	11
1131	11
1132	11
1133	11
1134	11
1135	11
1136	11
1137	11
1138	11
1139	11
1140	11
1141	11
1142	11
1143	11
1144	11
1145	11
1146	11
1147	11
1148	11
1149	11
1150	11
1151	11
1152	11
1153	11
1154	10
1155	10
1156	10
1157	10
1158	10
1159	10
1160	10
1161	10
1162	9
1163	10
1164	10
1165	9
1166	10
1167	10
1168	10
1169	6
1170	6
1171	6
1172	6
1173	6
1174	6
1175	6
1176	6
1177	6
1178	6
1179	6
1180	6
1181	7
1182	7
1183	6
1184	6
1185	6
1186	6
1187	6
1188	6
1189	6
1190	6
1191	6
1192	6
1193	6
1194	6
1195	6
1196	6
1197	6
1198	6
1199	6
1200	2
1201	2
1202	2
1203	2
1204	13
1205	2
1206	2
1207	2
1208	13
1209	2
1210	2
1211	2
1212	2
1213	13
1214	2
1215	2
1216	2
1217	13
1218	2
1219	2
1220	2
1221	2
1222	2
1223	2
1224	13
1225	2
1226	2
1227	13
1228	13
1229	2
1230	13
1231	2
1232	2
1233	2
1234	2
1235	13
1236	2
1237	2
1238	2
1239	13
1240	8
1241	8
1242	8
1243	8
1244	8
1245	8
1246	8
1247	8
1248	8
1249	8
1250	8
1251	8
1252	8
1253	5
1254	5
1255	5
1256	5
1257	5
1258	8
1259	8
1260	8
1261	8
1262	8
1263	8
1264	5
1265	5
1266	5
1267	5
1268	5
1269	5
1270	5
1271	5
1272	5
1273	5
1274	5
1275	5
1276	5
1277	5
1278	10
1279	10
1280	10
1281	8
1282	8
1283	8
1284	5
1285	5
1286	5
1287	5
1288	9
1289	9
1290	9
1291	10
1292	10
1293	10
1294	9
1295	10
1296	10
1297	10
1298	10
1299	9
1300	10
1301	10
1302	9
1303	5
1304	5
1305	5
1306	5
1307	5
1308	5
1309	5
1310	5
1311	5
1312	5
1313	5
1314	11
1315	11
1316	11
1317	11
1318	11
1319	11
1320	11
1321	11
1322	11
1323	11
1324	11
1325	11
1326	11
1327	11
1328	11
1329	11
1330	11
1331	11
1332	11
1333	11
1334	11
1335	11
1336	11
1337	11
1338	11
1339	11
1340	11
1341	11
1342	11
1343	11
1344	11
1345	11
1346	5
1347	5
1348	5
1349	5
1350	5
1351	5
1352	5
1353	5
1354	5
1355	5
1356	5
1357	5
1358	5
1359	5
1360	5
1361	5
1362	5
1363	11
1364	11
1365	11
1366	11
1367	11
1368	11
1369	11
1370	11
1371	11
1372	11
1373	11
1374	11
1375	11
1376	11
1377	11
1378	11
1379	11
1380	11
1381	10
1382	10
1383	10
1384	10
1385	10
1386	10
1387	10
1388	10
1389	10
1390	10
1391	10
1392	10
1393	10
1394	10
1395	10
1396	10
1397	5
1398	5
1399	5
1400	5
1401	5
1402	5
1403	5
1404	5
1405	5
1406	5
1407	5
1408	5
1409	5
1410	5
1411	5
1412	5
1413	5
1414	5
1415	5
1416	5
1417	5
1418	5
1419	5
1420	5
1421	5
1422	5
1423	5
1424	5
1425	5
1426	5
1427	5
1428	13
1429	13
1430	13
1431	13
1432	2
1433	13
1434	13
1435	13
1436	13
1437	13
1438	13
1439	13
1440	13
1441	6
1442	6
1443	6
1444	6
1445	6
1446	6
1447	6
1448	6
1449	6
1450	6
1451	6
1452	6
1453	6
1454	6
1455	13
1456	2
1457	13
1458	2
1459	13
1460	13
1461	13
1462	13
1463	13
1464	13
1465	1
1466	1
1467	1
1468	1
1469	1
1470	1
1471	1
1472	1
1473	1
1474	1
1475	1
1476	1
1477	1
1478	1
1479	1
1480	1
1481	1
1482	1
1483	1
1484	1
1485	1
1486	1
1487	1
1488	1
1489	6
1490	6
1491	6
1492	6
1493	6
1494	6
1495	6
1496	6
1497	6
1498	6
1499	6
1500	6
1501	3
1502	3
1503	3
1504	3
1505	3
1506	3
1507	3
1508	3
1509	3
1510	3
1511	3
1512	3
1513	3
1514	3
1515	3
1516	3
1517	3
1518	3
1519	3
1520	3
1521	3
1522	3
1523	3
1524	3
1525	3
1526	3
1527	3
1528	3
1529	8
1530	8
1531	8
1532	8
1533	8
1534	8
1535	8
1536	8
1537	8
1538	8
1539	8
1540	8
1541	8
1542	8
1543	8
1544	8
1545	8
1546	8
1547	8
1548	8
1549	8
1550	8
1551	8
1552	2
1553	1
1554	2
1555	1
1556	2
1557	1
1558	1
1559	1
1560	1
1561	1
1562	2
1563	1
1564	1
1565	1
1566	1
1567	2
1568	1
1569	1
1570	1
1571	1
1572	1
1573	1
1574	1
1575	1
1576	7
1577	7
1578	7
1579	7
1580	7
1581	7
1582	7
1583	7
1584	7
1585	7
1586	7
1587	7
1588	7
1589	7
1590	7
1591	7
1592	7
1593	5
1594	5
1595	5
1596	5
1597	5
1598	5
1599	5
1600	5
1601	5
1602	2
1603	2
1604	2
1605	2
1606	2
1607	2
1608	2
1609	2
1610	2
1611	2
1612	2
1613	2
1614	2
1615	2
1616	2
1617	2
1618	10
1619	10
1620	10
1621	10
1622	10
1623	10
1624	10
1625	10
1626	10
1627	10
1628	10
1629	13
1630	13
1631	13
1632	13
1633	13
1634	13
1635	13
1636	13
1637	13
1638	13
1639	13
1640	13
1641	13
1642	13
1643	13
1644	10
1645	10
1646	10
1647	10
1648	10
1649	13
1650	13
1651	13
1652	13
1653	13
1654	13
1655	13
1656	13
1658	13
1659	13
1660	13
1661	13
1662	13
1663	13
1664	13
1665	13
1666	13
1667	13
1668	13
1669	13
1670	13
1671	13
1672	13
1673	10
1674	13
1675	13
1676	13
1677	10
1678	12
1679	12
1680	12
1681	12
1682	12
1683	12
1684	12
1685	5
1686	5
1687	5
1688	5
1689	5
1690	5
1691	5
1692	5
1693	5
1694	5
1695	5
1696	5
1697	5
1698	5
1699	5
1700	5
1701	6
1702	6
1703	4
1704	4
1705	6
1706	6
1707	6
1708	6
1709	6
1710	6
1711	6
1712	6
1713	10
1714	10
1715	10
1716	10
1717	10
1718	10
1719	10
1720	10
1721	10
1722	10
1723	10
1724	10
1725	6
1726	6
1727	6
1728	10
1729	6
1730	6
1731	6
1732	6
1733	6
1734	6
1735	6
1736	6
1737	6
1738	6
1739	6
1740	6
1741	6
1742	3
1743	4
1744	3
1745	3
1746	3
1747	4
1748	3
1749	4
1750	4
1751	4
1752	4
1753	3
1754	4
1755	3
1756	4
1757	10
1758	10
1759	10
1760	10
1761	3
1762	4
1763	4
1764	4
1765	4
1766	4
1767	4
1768	3
1769	4
1770	3
1771	3
1772	4
1773	3
1774	10
1775	10
1776	10
1777	10
1778	10
1779	10
1780	10
1781	10
1782	10
1783	10
1784	10
1785	10
1786	10
1787	4
1788	3
1789	3
1790	4
1791	4
1792	4
1793	3
1794	4
1795	10
1796	10
1797	10
1798	10
1799	4
1800	3
1801	3
1802	3
1803	3
1804	3
1805	4
1806	4
1807	3
1808	3
1809	13
1810	13
1811	13
1812	13
1813	13
1814	13
1815	13
1816	13
1817	13
1818	6
1819	13
1820	6
1821	13
1822	6
1823	13
1824	13
1825	6
1826	13
1827	13
1828	6
1829	13
1830	12
1831	12
1832	12
1833	12
1834	12
1835	13
1836	13
1837	12
1838	13
1839	13
1840	1
1841	1
1842	1
1843	1
1844	1
1845	6
1846	13
1847	13
1848	13
1849	6
1850	13
1851	13
1852	13
1853	13
1854	13
1855	13
1856	13
1857	12
1858	12
1859	12
1860	12
1861	12
1862	12
1863	13
1864	13
1865	13
1866	13
1867	13
1868	13
1869	13
1870	13
1871	6
1872	12
1873	12
1874	12
1875	12
1876	12
1877	12
1878	12
1879	12
1880	12
1881	12
1882	12
1883	12
1884	12
1885	12
1886	12
1887	12
1888	12
1889	12
1890	12
1891	12
1892	12
1893	12
1894	12
1895	3
1896	3
1897	3
1898	10
1899	10
1900	10
1901	10
1902	10
1903	10
1904	5
1905	5
1906	5
1907	5
1908	5
1909	3
1910	5
1911	3
1912	5
1913	5
1914	5
1915	5
1916	10
1917	10
1918	10
1919	10
1920	10
1921	10
1922	10
1923	10
1924	3
1925	3
1926	5
1927	3
1928	3
1929	5
1930	3
1931	5
1932	5
1933	5
1934	5
1935	5
1936	5
1937	3
1938	5
1939	5
1940	3
1941	3
1942	5
1943	5
1944	3
1945	5
1946	5
1947	5
1948	5
1949	5
1950	5
1951	3
1952	3
1953	3
1954	5
1955	5
1956	3
1957	3
1958	5
1959	3
1960	5
1961	5
1962	3
1963	5
1964	3
1965	3
1966	5
1967	5
1968	5
1969	5
1970	3
1971	5
1972	3
1973	5
1974	3
1975	5
1976	2
1977	8
1978	2
1979	8
1980	2
1981	8
1982	8
1983	2
1984	8
1985	8
1986	8
1987	2
1988	2
1989	2
1990	2
1991	8
1992	2
1993	2
1994	2
1995	8
1996	2
1997	2
1998	2
1999	2
2000	2
2001	2
2002	2
2003	2
2004	2
2005	2
2006	2
2007	2
2008	2
2009	8
2010	2
2011	8
2012	8
2013	8
2014	2
2015	2
2016	2
2017	12
2018	12
2019	12
2020	12
2021	12
2022	12
2023	12
2024	12
2025	12
2026	12
2027	12
2028	12
2029	12
2030	8
2031	8
2032	8
2033	8
2034	8
2035	12
2036	12
2037	12
2038	12
2039	12
2040	12
2041	12
2042	12
2043	12
2044	12
2045	12
2046	12
2047	8
2048	12
2049	12
2050	12
2051	12
2052	12
2053	12
2054	12
2055	12
2056	12
2057	8
2058	2
2059	2
2060	2
2061	2
2062	2
2063	2
2064	2
2065	2
2066	2
2067	2
2068	12
2069	12
2070	12
2071	12
2072	12
2073	10
2074	12
2075	12
2076	12
2077	10
2078	10
2079	12
2080	10
2081	12
2082	12
2083	12
2084	12
2085	12
2086	12
2087	12
2088	12
2089	7
2090	7
2091	7
2092	7
2093	7
2094	7
2095	7
2096	3
2097	3
2098	3
2099	3
2100	3
2101	3
2102	3
2103	3
2104	3
2105	3
2106	3
2107	3
2108	3
2109	3
2110	3
2111	3
2112	3
2113	13
2114	4
2115	4
2116	4
2117	4
2118	13
2119	13
2120	4
2121	4
2122	13
2123	13
2124	12
2125	4
2126	4
2127	4
2128	4
2129	4
2130	13
2131	4
2132	4
2133	13
2134	4
2135	4
2136	13
2137	13
2138	13
2139	4
2140	13
2141	13
2142	13
2143	13
2144	13
2145	13
2146	13
2147	13
2148	4
2149	13
2150	4
2151	4
2152	4
2153	4
2154	13
2155	13
2156	13
2157	13
2158	4
2159	13
2160	4
2161	4
2162	4
2163	4
2164	4
2165	4
2166	4
2167	13
2168	4
2169	4
2170	4
2171	13
2172	4
2173	4
2174	13
2175	13
2176	13
2177	13
2178	4
2179	4
2180	4
2181	4
2182	4
2183	4
2184	4
2185	4
2186	4
2187	4
2188	13
2189	4
2190	4
2191	4
2192	4
2193	4
2194	13
2195	4
2196	13
2197	13
2198	4
2199	13
2200	4
2201	13
2202	13
2203	13
2204	4
2205	4
2206	4
2207	4
2208	4
2209	4
2210	4
2211	13
2212	13
2213	4
2214	4
2215	13
2216	13
2217	4
2218	4
2219	4
2220	4
2221	4
2222	13
2223	13
2224	4
2225	4
2226	4
2227	4
2228	13
2229	13
2230	4
2231	4
2232	4
2233	13
2234	13
2235	4
2236	13
2237	13
2238	13
2239	4
2240	4
2241	13
2242	13
2243	13
2244	13
2245	13
2246	4
2247	4
2248	4
2249	4
2250	4
2251	4
2252	4
2253	13
2254	13
2255	13
2256	4
2257	4
2258	13
2259	4
2260	4
2261	4
2262	4
2263	4
2264	4
2265	4
2266	13
2267	4
2268	4
2269	13
2270	13
2271	4
2272	4
2273	4
2274	4
2275	4
2276	4
2277	13
2278	13
2279	13
2280	4
2281	4
2282	13
2283	13
2284	12
2285	12
2286	13
2287	13
2288	4
2289	4
2290	4
2291	4
2292	4
2293	4
2294	4
2295	4
2296	4
2297	13
2298	13
2299	13
2300	13
2301	4
2302	13
2303	13
2304	13
2305	4
2306	4
2307	4
2308	4
2309	12
2310	12
2311	12
2312	7
2313	7
2314	7
2315	7
2316	7
2317	7
2318	7
2319	7
2320	7
2321	7
2322	7
2323	7
2324	7
2325	7
2326	7
2327	7
2328	7
2329	7
2330	3
2331	3
2332	3
2333	3
2334	3
2335	3
2336	3
2337	3
2338	3
2339	3
2340	3
2341	3
2342	3
2343	3
2344	3
2345	3
2346	7
2347	7
2348	7
2349	7
2350	7
2351	7
2352	7
2353	7
2354	7
2355	7
2356	7
2357	7
2358	7
2359	7
2360	7
2361	7
2362	7
2363	7
2364	7
2365	7
2366	2
2367	2
2368	2
2369	2
2370	2
2371	2
2372	2
2373	2
2374	2
2375	2
2376	2
2377	2
2378	2
2379	2
2380	2
2381	2
2382	2
2383	2
2384	2
2385	2
2386	2
2387	2
2388	2
2389	2
2390	2
2391	2
2392	2
2393	2
2394	2
2395	2
2396	2
2397	2
2398	2
2399	2
2400	2
2401	2
2402	2
2403	2
2404	2
2405	2
2406	2
2407	2
2408	2
2409	2
2410	2
2411	2
2412	2
2413	2
2414	2
2415	9
2416	9
2417	9
2418	9
2419	9
2420	9
2421	9
2422	9
2423	9
2424	9
2425	9
2426	9
2427	9
2428	9
2429	9
2430	9
2431	9
2432	9
2433	9
2434	9
2435	9
2436	9
2437	9
2438	9
2439	9
2440	9
2441	9
2442	9
2443	9
2444	9
2445	9
2446	9
2447	9
2448	9
2449	11
2450	9
2451	11
2452	11
2453	11
2454	11
2455	11
2456	11
2457	11
2458	11
2459	9
2460	9
2461	9
2462	11
2463	11
2464	11
2465	9
2466	9
2467	11
2468	11
2469	11
2470	11
2471	11
2472	9
2473	9
2474	9
2475	9
2476	11
2477	11
2478	11
2479	11
2480	9
2481	9
2482	11
2483	9
2484	9
2485	11
2486	11
2487	11
2488	11
2489	11
2490	11
2491	9
2492	11
2493	11
2494	11
2495	11
2496	9
2497	9
2498	9
2499	9
2500	11
2501	11
2502	9
2503	9
2504	9
2505	9
2506	9
2507	9
2508	9
2509	9
2510	9
2511	9
2512	9
2513	9
2514	9
2515	9
2516	9
2517	9
2518	9
2519	9
2520	9
2521	9
2522	9
2523	9
2524	9
2525	9
2526	9
2527	9
2528	9
2529	9
2530	9
2531	9
2532	9
2533	9
2534	9
2535	9
2536	9
2537	9
2538	9
2539	9
2540	9
2541	9
2542	9
2543	9
2544	9
2545	9
2546	9
2547	9
2548	9
2549	9
2550	9
2551	9
2552	9
2553	9
2554	9
2555	9
2556	9
2557	9
2558	9
2559	9
2560	9
2561	9
2562	9
2563	9
2564	9
2565	9
2566	9
2567	9
2568	9
2569	9
2570	9
2571	9
2572	9
2573	9
2574	9
2575	11
2576	11
2577	9
2578	11
2579	9
2580	9
2581	9
2582	9
2583	11
2584	9
2585	9
2586	9
2587	9
2588	9
2589	9
2590	9
2591	9
2592	9
2593	9
2594	9
2595	9
2596	9
2597	9
2598	9
2599	9
2600	9
2601	9
2602	9
2603	9
2604	9
2605	9
2606	12
2607	12
2608	12
2609	12
2610	12
2611	12
2612	12
2613	12
2614	12
2615	12
2616	12
2617	12
2618	12
2619	12
2620	12
2621	12
2622	12
2623	12
2624	12
2625	12
2626	12
2627	12
2628	12
2629	12
2630	12
2631	12
2632	12
2633	12
2634	12
2635	12
2636	12
2637	12
2638	12
2639	12
2640	1
2641	1
2642	1
2643	1
2644	1
2645	1
2646	2
2647	2
2648	1
2649	1
2650	1
2651	1
2652	1
2653	2
2654	2
2655	1
2656	1
2657	1
2658	1
2659	1
2660	1
2661	1
2662	1
2663	1
2664	2
2665	2
2666	1
2667	2
2668	2
2669	2
2670	1
2671	2
2672	1
2673	2
2674	1
2675	1
2676	1
2677	1
2678	1
2679	2
2680	2
2681	2
2682	2
2683	1
2684	1
2685	1
2686	1
2687	1
2688	3
2689	3
2690	3
2691	3
315	7
1657	13
