0	10
1	10
2	10
3	10
4	10
5	10
6	10
7	2
8	2
9	2
10	2
11	11
12	2
13	2
14	2
15	2
16	2
17	11
18	2
19	2
20	2
21	8
22	8
23	8
24	8
25	8
26	8
27	8
28	8
29	7
30	7
31	7
32	7
33	7
34	7
35	7
36	7
37	7
38	7
39	7
40	7
41	7
42	7
43	7
44	7
45	7
46	7
47	7
48	7
49	7
50	7
51	7
52	7
53	6
54	6
55	6
56	6
57	6
58	7
59	7
60	7
61	7
62	7
63	7
64	7
65	6
66	6
67	6
68	6
69	6
70	6
71	8
72	8
73	8
74	8
75	7
76	7
77	7
78	7
79	7
80	7
81	7
82	7
83	3
84	3
85	3
86	3
87	3
88	3
89	3
90	3
91	3
92	3
93	3
94	3
95	3
96	11
97	2
98	2
99	11
100	2
101	2
102	2
103	2
104	2
105	2
106	2
107	2
108	2
109	2
110	2
111	11
112	11
113	11
114	2
115	2
116	2
117	11
118	2
119	11
120	2
121	11
122	2
123	2
124	11
125	11
126	11
127	2
128	11
129	9
130	9
131	9
132	9
133	9
134	9
135	9
136	9
137	9
138	9
139	9
140	9
141	9
142	9
143	9
144	9
145	9
146	9
147	9
148	9
149	9
150	9
151	9
152	9
153	9
154	9
155	9
156	9
157	9
158	9
159	9
160	9
161	9
162	9
163	9
164	9
165	9
166	9
167	9
168	9
169	9
170	9
171	9
172	9
173	9
174	9
175	9
176	9
177	9
178	9
179	9
180	9
181	9
182	9
183	10
184	10
185	10
186	10
187	10
188	10
189	10
190	10
191	10
192	10
193	10
194	10
195	10
196	10
197	10
198	10
199	10
200	10
201	10
202	10
203	10
204	10
205	10
206	10
207	10
208	8
209	8
210	8
211	8
212	8
213	8
214	8
215	8
216	8
217	8
218	8
219	8
220	8
221	8
222	8
223	8
224	8
225	8
226	8
227	8
228	8
229	8
230	8
231	8
232	8
233	8
234	8
235	8
236	8
237	8
238	8
239	8
240	8
241	8
242	8
243	8
244	8
245	8
246	8
247	8
248	10
249	10
250	10
251	10
252	10
253	10
254	10
255	10
256	10
257	10
258	10
259	10
260	10
261	12
262	12
263	12
264	12
265	12
266	12
267	12
268	8
269	12
270	12
271	12
272	12
273	12
274	12
275	12
276	12
277	12
278	8
279	12
280	12
281	12
282	8
283	8
284	8
285	8
286	12
287	12
288	8
289	12
290	8
291	8
292	8
293	8
294	12
295	8
296	12
297	12
298	12
299	8
300	12
301	12
302	10
303	10
304	10
305	10
306	5
307	4
308	4
309	5
310	5
311	5
312	4
313	4
314	5
316	7
317	7
318	7
319	7
320	7
321	7
322	7
323	7
324	7
325	7
326	7
327	7
328	7
329	7
330	7
331	4
332	4
333	4
334	4
335	4
336	5
337	7
338	7
339	7
340	4
341	4
342	4
343	5
344	4
345	4
346	4
347	5
348	4
349	5
350	5
351	4
352	4
353	5
354	4
355	5
356	1
357	1
358	1
359	9
360	1
361	1
362	1
363	1
364	1
365	1
366	1
367	1
368	1
369	5
370	4
371	4
372	5
373	5
374	5
375	5
376	5
377	4
378	4
379	4
380	4
381	4
382	4
383	4
384	4
385	4
386	4
387	5
388	5
389	7
390	7
391	7
392	7
393	7
394	5
395	4
396	4
397	5
398	7
399	7
400	7
401	7
402	7
403	8
404	8
405	8
406	4
407	4
408	4
409	2
410	7
411	7
412	7
413	7
414	7
415	7
416	7
417	7
418	7
419	7
420	7
421	7
422	7
423	7
424	7
425	9
426	9
427	9
428	9
429	9
430	9
431	9
432	9
433	7
434	7
435	7
436	7
437	7
438	7
439	7
440	7
441	7
442	7
443	7
444	7
445	2
446	9
447	9
448	9
449	9
450	9
451	7
452	2
453	7
454	9
455	9
456	9
457	7
458	2
459	7
460	2
461	7
462	7
463	9
464	9
465	9
466	9
467	9
468	9
469	9
470	9
471	9
472	9
473	7
474	2
475	12
476	12
477	12
478	12
479	12
480	12
481	12
482	12
483	12
484	8
485	8
486	9
487	12
488	12
489	12
490	12
491	12
492	12
493	12
494	12
495	12
496	12
497	12
498	8
499	12
500	9
501	12
502	8
503	12
504	12
505	9
506	4
507	8
508	8
509	8
510	8
511	8
512	8
513	8
514	8
515	8
516	8
517	4
518	4
519	4
520	8
521	8
522	1
523	1
524	1
525	1
526	10
527	10
528	1
529	1
530	1
531	1
532	1
533	1
534	1
535	1
536	1
537	1
538	10
539	10
540	10
541	10
542	10
543	10
544	10
545	10
546	10
547	10
548	10
549	10
550	10
551	10
552	10
553	10
554	10
555	10
556	10
557	10
558	10
559	8
560	8
561	8
562	8
563	8
564	8
565	10
566	10
567	10
568	10
569	10
570	3
571	3
572	3
573	3
574	3
575	3
576	3
577	3
578	3
579	3
580	3
581	10
582	10
583	10
584	10
585	10
586	10
587	12
588	8
589	8
590	8
591	8
592	8
593	8
594	12
595	8
596	12
597	8
598	12
599	8
600	8
601	8
602	8
603	10
604	10
605	10
606	10
607	10
608	10
609	10
610	10
611	10
612	10
613	10
614	10
615	10
616	10
617	8
618	8
619	8
620	12
621	12
622	12
623	12
624	12
625	12
626	12
627	12
628	8
629	8
630	8
631	8
632	8
633	8
634	12
635	8
636	8
637	12
638	12
639	10
640	10
641	10
642	10
643	10
644	10
645	10
646	10
647	10
648	10
649	10
650	10
651	10
652	10
653	10
654	10
655	10
656	10
657	12
658	9
659	12
660	12
661	2
662	2
663	2
664	2
665	2
666	2
667	2
668	2
669	2
670	8
671	8
672	9
673	9
674	9
675	8
676	9
677	9
678	9
679	9
680	2
681	2
682	2
683	2
684	2
685	2
686	2
687	2
688	2
689	2
690	2
691	2
692	2
693	2
694	2
695	2
696	2
697	8
698	9
699	9
700	8
701	8
702	9
703	8
704	9
705	9
706	9
707	8
708	8
709	9
710	8
711	8
712	8
713	8
714	2
715	2
716	8
717	8
718	8
719	8
720	9
721	8
722	8
723	8
724	8
725	8
726	8
727	8
728	8
729	8
730	8
731	8
732	7
733	7
734	7
735	7
736	7
737	12
738	9
739	9
740	9
741	9
742	9
743	12
744	12
745	7
746	7
747	7
748	7
749	7
750	7
751	7
752	7
753	7
754	7
755	7
756	7
757	7
758	7
759	7
760	7
761	7
762	7
763	7
764	7
765	7
766	12
767	9
768	12
769	9
770	7
771	7
772	12
773	12
774	12
775	9
776	12
777	12
778	9
779	9
780	12
781	9
782	9
783	9
784	9
785	4
786	9
787	12
788	12
789	9
790	12
791	4
792	4
793	4
794	4
795	4
796	4
797	4
798	4
799	4
800	4
801	12
802	12
803	12
804	12
805	4
806	4
807	4
808	12
809	12
810	9
811	6
812	11
813	6
814	6
815	6
816	6
817	6
818	11
819	6
820	11
821	6
822	6
823	6
824	6
825	6
826	6
827	6
828	6
829	11
830	6
831	6
832	6
833	6
834	6
835	6
836	6
837	6
838	6
839	6
840	6
841	6
842	6
843	6
844	6
845	6
846	6
847	11
848	6
849	6
850	11
851	11
852	6
853	6
854	6
855	6
856	11
857	11
858	10
859	10
860	10
861	10
862	10
863	10
864	10
865	10
866	10
867	10
868	10
869	10
870	10
871	6
872	6
873	6
874	6
875	6
876	6
877	6
878	6
879	6
880	6
881	6
882	6
883	6
884	6
885	6
886	6
887	6
888	11
889	6
890	6
891	6
892	11
893	6
894	6
895	6
896	6
897	6
898	6
899	11
900	6
901	11
902	6
903	6
904	6
905	6
906	6
907	6
908	6
909	6
910	11
911	11
912	11
913	6
914	6
915	6
916	6
917	6
918	6
919	6
920	6
921	6
922	11
923	11
924	6
925	6
926	6
927	6
928	6
929	6
930	11
931	11
932	6
933	11
934	6
935	6
936	6
937	6
938	6
939	6
940	6
941	6
942	11
943	6
944	11
945	11
946	6
947	6
948	6
949	11
950	6
951	6
952	6
953	6
954	11
955	6
956	11
957	6
958	6
959	6
960	6
961	6
962	11
963	6
964	6
965	6
966	6
967	6
968	6
969	6
970	6
971	6
972	6
973	6
974	6
975	11
976	6
977	6
978	6
979	6
980	6
981	6
982	11
983	11
984	11
985	9
986	9
987	9
988	9
989	9
990	9
991	9
992	9
993	9
994	9
995	9
996	9
997	9
998	9
999	9
1000	9
1001	9
1002	9
1003	9
1004	9
1005	9
1006	9
1007	11
1008	11
1009	9
1010	11
1011	11
1012	11
1013	11
1014	11
1015	11
1016	11
1017	11
1018	11
1019	11
1020	11
1021	11
1022	11
1023	11
1024	11
1025	11
1026	11
1027	11
1028	11
1029	11
1030	11
1031	11
1032	11
1033	11
1034	11
1035	11
1036	11
1037	11
1038	11
1039	11
1040	11
1041	11
1042	11
1043	11
1044	11
1045	11
1046	11
1047	11
1048	11
1049	11
1050	11
1051	11
1052	11
1053	11
1054	11
1055	11
1056	11
1057	11
1058	11
1059	11
1060	11
1061	11
1062	11
1063	11
1064	11
1065	11
1066	11
1067	11
1068	11
1069	11
1070	11
1071	11
1072	11
1073	11
1074	11
1075	7
1076	7
1077	7
1078	7
1079	7
1080	7
1081	7
1082	7
1083	7
1084	7
1085	7
1086	7
1087	12
1088	12
1089	12
1090	12
1091	12
1092	12
1093	12
1094	8
1095	8
1096	8
1097	8
1098	8
1099	8
1100	8
1101	8
1102	8
1103	8
1104	8
1105	8
1106	8
1107	5
1108	5
1109	5
1110	1
1111	5
1112	1
1113	1
1114	1
1115	1
1116	1
1117	1
1118	1
1119	5
1120	5
1121	1
1122	1
1123	5
1124	1
1125	1
1126	5
1127	1
1128	5
1129	1
1130	1
1131	1
1132	1
1133	1
1134	5
1135	5
1136	6
1137	6
1138	6
1139	6
1140	1
1141	1
1142	5
1143	1
1144	5
1145	5
1146	1
1147	1
1148	1
1149	1
1150	5
1151	5
1152	1
1153	1
1154	4
1155	4
1156	4
1157	4
1158	4
1159	4
1160	4
1161	4
1162	4
1163	4
1164	4
1165	4
1166	4
1167	4
1168	4
1169	11
1170	11
1171	11
1172	11
1173	11
1174	11
1175	11
1176	11
1177	11
1178	11
1179	11
1180	11
1181	11
1182	11
1183	11
1184	11
1185	11
1186	11
1187	11
1188	11
1189	11
1190	11
1191	11
1192	11
1193	11
1194	11
1195	11
1196	11
1197	11
1198	11
1199	11
1200	1
1201	1
1202	1
1203	6
1204	6
1205	1
1206	1
1207	1
1208	1
1209	1
1210	1
1211	1
1212	1
1213	1
1214	6
1215	1
1216	6
1217	6
1218	6
1219	6
1220	1
1221	1
1222	6
1223	1
1224	1
1225	6
1226	1
1227	6
1228	6
1229	1
1230	6
1231	1
1232	1
1233	1
1234	1
1235	6
1236	6
1237	6
1238	6
1239	6
1240	8
1241	12
1242	8
1243	8
1244	8
1245	12
1246	8
1247	8
1248	8
1249	8
1250	8
1251	8
1252	8
1253	7
1254	7
1255	7
1256	7
1257	7
1258	8
1259	8
1260	8
1261	8
1262	8
1263	12
1264	7
1265	7
1266	7
1267	7
1268	7
1269	7
1270	7
1271	7
1272	7
1273	7
1274	7
1275	7
1276	7
1277	7
1278	4
1279	4
1280	4
1281	8
1282	12
1283	12
1284	7
1285	7
1286	7
1287	7
1288	4
1289	4
1290	4
1291	4
1292	4
1293	4
1294	4
1295	4
1296	4
1297	4
1298	4
1299	4
1300	4
1301	4
1302	4
1303	7
1304	7
1305	7
1306	7
1307	7
1308	7
1309	7
1310	7
1311	7
1312	7
1313	7
1314	6
1315	6
1316	6
1317	6
1318	6
1319	6
1320	6
1321	6
1322	6
1323	6
1324	6
1325	6
1326	6
1327	6
1328	6
1329	6
1330	6
1331	6
1332	6
1333	6
1334	6
1335	6
1336	6
1337	6
1338	6
1339	6
1340	6
1341	6
1342	6
1343	6
1344	6
1345	6
1346	7
1347	7
1348	7
1349	7
1350	7
1351	7
1352	7
1353	7
1354	7
1355	7
1356	7
1357	7
1358	7
1359	7
1360	7
1361	7
1362	7
1363	1
1364	1
1365	1
1366	1
1367	1
1368	1
1369	1
1370	1
1371	1
1372	1
1373	1
1374	1
1375	1
1376	1
1377	1
1378	1
1379	1
1380	1
1381	4
1382	4
1383	4
1384	4
1385	4
1386	4
1387	4
1388	4
1389	4
1390	4
1391	4
1392	4
1393	4
1394	4
1395	4
1396	4
1397	7
1398	7
1399	7
1400	7
1401	7
1402	7
1403	7
1404	7
1405	7
1406	7
1407	7
1408	7
1409	7
1410	7
1411	7
1412	7
1413	7
1414	7
1415	7
1416	7
1417	7
1418	7
1419	7
1420	7
1421	7
1422	7
1423	7
1424	7
1425	7
1426	7
1427	7
1428	1
1429	1
1430	1
1431	1
1432	1
1433	1
1434	1
1435	1
1436	1
1437	1
1438	1
1439	1
1440	1
1441	11
1442	11
1443	11
1444	11
1445	11
1446	11
1447	11
1448	11
1449	11
1450	11
1451	11
1452	11
1453	11
1454	11
1455	1
1456	1
1457	1
1458	1
1459	1
1460	1
1461	1
1462	1
1463	1
1464	1
1465	8
1466	8
1467	8
1468	8
1469	8
1470	8
1471	8
1472	8
1473	8
1474	8
1475	8
1476	8
1477	8
1478	8
1479	8
1480	8
1481	8
1482	8
1483	8
1484	8
1485	8
1486	8
1487	8
1488	8
1489	7
1490	7
1491	7
1492	7
1493	7
1494	7
1495	7
1496	7
1497	7
1498	7
1499	7
1500	7
1501	2
1502	10
1503	10
1504	10
1505	10
1506	2
1507	10
1508	10
1509	10
1510	10
1511	10
1512	10
1513	10
1514	2
1515	2
1516	10
1517	10
1518	10
1519	10
1520	2
1521	10
1522	10
1523	10
1524	10
1525	10
1526	10
1527	10
1528	2
1529	9
1530	9
1531	9
1532	9
1533	9
1534	9
1535	9
1536	9
1537	9
1538	9
1539	9
1540	9
1541	9
1542	9
1543	9
1544	9
1545	9
1546	9
1547	9
1548	9
1549	9
1550	9
1551	9
1552	3
1553	3
1554	1
1555	1
1556	1
1557	1
1558	1
1559	3
1560	3
1561	3
1562	1
1563	3
1564	1
1565	1
1566	1
1567	3
1568	3
1569	1
1570	3
1571	3
1572	3
1573	3
1574	1
1575	3
1576	7
1577	7
1578	7
1579	7
1580	7
1581	7
1582	7
1583	7
1584	7
1585	7
1586	7
1587	7
1588	7
1589	7
1590	7
1591	7
1592	7
1593	7
1594	7
1595	7
1596	7
1597	7
1598	7
1599	7
1600	7
1601	7
1602	3
1603	3
1604	3
1605	3
1606	3
1607	3
1608	3
1609	3
1610	3
1611	3
1612	3
1613	3
1614	3
1615	3
1616	3
1617	3
1618	8
1619	8
1620	8
1621	8
1622	8
1623	8
1624	8
1625	8
1626	8
1627	8
1628	8
1629	11
1630	11
1631	11
1632	11
1633	11
1634	11
1635	11
1636	11
1637	11
1638	11
1639	11
1640	11
1641	11
1642	11
1643	11
1644	8
1645	8
1646	8
1647	8
1648	8
1649	11
1650	11
1651	11
1652	11
1653	11
1654	11
1655	11
1656	11
1658	11
1659	11
1660	11
1661	11
1662	11
1663	11
1664	11
1665	11
1666	11
1667	11
1668	11
1669	11
1670	11
1671	11
1672	11
1673	8
1674	11
1675	11
1676	11
1677	8
1678	12
1679	12
1680	12
1681	12
1682	12
1683	12
1684	12
1685	7
1686	7
1687	7
1688	7
1689	7
1690	7
1691	7
1692	7
1693	7
1694	7
1695	7
1696	7
1697	7
1698	7
1699	7
1700	7
1701	2
1702	2
1703	13
1704	13
1705	2
1706	2
1707	2
1708	2
1709	2
1710	7
1711	2
1712	7
1713	8
1714	8
1715	8
1716	8
1717	8
1718	8
1719	8
1720	8
1721	8
1722	8
1723	8
1724	8
1725	7
1726	2
1727	2
1728	8
1729	2
1730	2
1731	2
1732	2
1733	2
1734	2
1735	2
1736	2
1737	2
1738	2
1739	2
1740	2
1741	2
1742	2
1743	2
1744	2
1745	2
1746	2
1747	2
1748	2
1749	2
1750	2
1751	2
1752	2
1753	2
1754	2
1755	2
1756	2
1757	8
1758	8
1759	8
1760	8
1761	2
1762	2
1763	2
1764	2
1765	2
1766	2
1767	2
1768	2
1769	2
1770	2
1771	2
1772	2
1773	2
1774	8
1775	8
1776	8
1777	8
1778	8
1779	8
1780	8
1781	8
1782	8
1783	8
1784	8
1785	8
1786	8
1787	2
1788	2
1789	2
1790	2
1791	2
1792	2
1793	2
1794	2
1795	8
1796	8
1797	8
1798	8
1799	2
1800	2
1801	2
1802	2
1803	2
1804	2
1805	2
1806	2
1807	2
1808	2
1809	2
1810	2
1811	2
1812	2
1813	2
1814	2
1815	2
1816	2
1817	2
1818	2
1819	2
1820	2
1821	2
1822	2
1823	1
1824	1
1825	2
1826	2
1827	2
1828	2
1829	2
1830	8
1831	8
1832	8
1833	8
1834	8
1835	1
1836	1
1837	8
1838	2
1839	2
1840	1
1841	1
1842	1
1843	1
1844	1
1845	2
1846	2
1847	2
1848	2
1849	2
1850	2
1851	2
1852	2
1853	2
1854	2
1855	1
1856	2
1857	8
1858	8
1859	8
1860	8
1861	8
1862	8
1863	1
1864	2
1865	2
1866	2
1867	1
1868	2
1869	2
1870	2
1871	2
1872	12
1873	12
1874	12
1875	12
1876	12
1877	12
1878	12
1879	12
1880	12
1881	12
1882	12
1883	12
1884	12
1885	12
1886	12
1887	12
1888	12
1889	12
1890	12
1891	12
1892	12
1893	12
1894	12
1895	10
1896	10
1897	10
1898	4
1899	4
1900	4
1901	4
1902	4
1903	4
1904	10
1905	10
1906	10
1907	10
1908	10
1909	10
1910	10
1911	10
1912	10
1913	10
1914	10
1915	10
1916	4
1917	4
1918	4
1919	4
1920	4
1921	4
1922	4
1923	4
1924	10
1925	10
1926	10
1927	10
1928	10
1929	10
1930	10
1931	10
1932	10
1933	10
1934	10
1935	10
1936	10
1937	10
1938	10
1939	10
1940	10
1941	10
1942	10
1943	10
1944	10
1945	10
1946	10
1947	10
1948	10
1949	10
1950	10
1951	10
1952	10
1953	10
1954	10
1955	10
1956	10
1957	10
1958	10
1959	10
1960	10
1961	10
1962	10
1963	10
1964	10
1965	10
1966	10
1967	10
1968	10
1969	10
1970	10
1971	10
1972	10
1973	10
1974	10
1975	10
1976	3
1977	9
1978	3
1979	9
1980	3
1981	9
1982	9
1983	3
1984	9
1985	9
1986	9
1987	3
1988	3
1989	3
1990	3
1991	9
1992	3
1993	3
1994	3
1995	9
1996	3
1997	3
1998	3
1999	3
2000	3
2001	3
2002	3
2003	3
2004	3
2005	3
2006	3
2007	3
2008	3
2009	9
2010	3
2011	9
2012	9
2013	3
2014	3
2015	3
2016	3
2017	12
2018	12
2019	12
2020	12
2021	12
2022	12
2023	12
2024	12
2025	12
2026	12
2027	12
2028	12
2029	12
2030	9
2031	9
2032	9
2033	9
2034	9
2035	12
2036	12
2037	12
2038	8
2039	8
2040	8
2041	8
2042	8
2043	12
2044	12
2045	12
2046	12
2047	12
2048	8
2049	8
2050	12
2051	12
2052	12
2053	12
2054	12
2055	12
2056	12
2057	12
2058	3
2059	3
2060	3
2061	3
2062	3
2063	3
2064	3
2065	3
2066	3
2067	3
2068	12
2069	12
2070	12
2071	8
2072	12
2073	8
2074	12
2075	12
2076	12
2077	8
2078	8
2079	12
2080	8
2081	12
2082	8
2083	12
2084	12
2085	12
2086	12
2087	12
2088	12
2089	7
2090	7
2091	7
2092	7
2093	7
2094	7
2095	7
2096	10
2097	10
2098	10
2099	10
2100	10
2101	10
2102	10
2103	10
2104	10
2105	10
2106	10
2107	10
2108	10
2109	10
2110	10
2111	10
2112	10
2113	13
2114	13
2115	13
2116	1
2117	13
2118	13
2119	13
2120	1
2121	1
2122	13
2123	13
2124	12
2125	1
2126	1
2127	13
2128	1
2129	13
2130	13
2131	13
2132	13
2133	13
2134	13
2135	13
2136	13
2137	13
2138	13
2139	1
2140	1
2141	13
2142	13
2143	13
2144	13
2145	13
2146	13
2147	13
2148	13
2149	13
2150	1
2151	1
2152	13
2153	13
2154	13
2155	13
2156	13
2157	13
2158	1
2159	13
2160	13
2161	13
2162	13
2163	13
2164	13
2165	13
2166	13
2167	1
2168	1
2169	13
2170	13
2171	13
2172	13
2173	13
2174	13
2175	13
2176	13
2177	13
2178	1
2179	1
2180	13
2181	13
2182	13
2183	13
2184	13
2185	13
2186	13
2187	13
2188	13
2189	1
2190	1
2191	13
2192	1
2193	13
2194	13
2195	13
2196	13
2197	13
2198	13
2199	13
2200	13
2201	13
2202	13
2203	13
2204	1
2205	1
2206	1
2207	1
2208	13
2209	13
2210	13
2211	13
2212	13
2213	1
2214	13
2215	13
2216	13
2217	1
2218	13
2219	13
2220	13
2221	13
2222	13
2223	13
2224	1
2225	13
2226	13
2227	13
2228	13
2229	13
2230	13
2231	13
2232	13
2233	13
2234	13
2235	13
2236	13
2237	13
2238	13
2239	13
2240	13
2241	13
2242	13
2243	13
2244	13
2245	13
2246	1
2247	13
2248	13
2249	13
2250	13
2251	13
2252	13
2253	13
2254	13
2255	13
2256	13
2257	13
2258	1
2259	1
2260	1
2261	13
2262	13
2263	13
2264	13
2265	1
2266	13
2267	13
2268	13
2269	13
2270	13
2271	13
2272	13
2273	13
2274	13
2275	13
2276	13
2277	13
2278	13
2279	13
2280	13
2281	13
2282	13
2283	1
2284	12
2285	12
2286	13
2287	13
2288	13
2289	13
2290	13
2291	13
2292	13
2293	13
2294	1
2295	1
2296	1
2297	13
2298	13
2299	13
2300	13
2301	13
2302	13
2303	1
2304	1
2305	13
2306	13
2307	13
2308	13
2309	12
2310	12
2311	12
2312	6
2313	6
2314	6
2315	6
2316	6
2317	6
2318	6
2319	6
2320	6
2321	6
2322	6
2323	6
2324	6
2325	6
2326	6
2327	6
2328	6
2329	6
2330	10
2331	10
2332	10
2333	10
2334	10
2335	10
2336	10
2337	10
2338	10
2339	10
2340	10
2341	10
2342	10
2343	10
2344	10
2345	10
2346	11
2347	11
2348	11
2349	11
2350	11
2351	11
2352	11
2353	11
2354	11
2355	11
2356	11
2357	11
2358	11
2359	11
2360	11
2361	11
2362	11
2363	11
2364	11
2365	11
2366	3
2367	3
2368	3
2369	3
2370	3
2371	3
2372	3
2373	3
2374	3
2375	3
2376	3
2377	3
2378	3
2379	3
2380	3
2381	3
2382	3
2383	3
2384	3
2385	3
2386	3
2387	3
2388	3
2389	3
2390	3
2391	3
2392	3
2393	3
2394	3
2395	3
2396	3
2397	3
2398	3
2399	3
2400	3
2401	3
2402	3
2403	3
2404	3
2405	3
2406	3
2407	3
2408	3
2409	3
2410	3
2411	3
2412	3
2413	3
2414	3
2415	5
2416	4
2417	5
2418	5
2419	4
2420	4
2421	5
2422	5
2423	5
2424	5
2425	5
2426	5
2427	4
2428	4
2429	4
2430	4
2431	5
2432	5
2433	5
2434	5
2435	5
2436	5
2437	5
2438	5
2439	4
2440	5
2441	5
2442	5
2443	5
2444	5
2445	5
2446	5
2447	5
2448	5
2449	5
2450	5
2451	5
2452	5
2453	5
2454	5
2455	5
2456	5
2457	5
2458	5
2459	5
2460	5
2461	5
2462	5
2463	5
2464	5
2465	5
2466	5
2467	5
2468	5
2469	5
2470	5
2471	5
2472	5
2473	5
2474	5
2475	5
2476	5
2477	5
2478	5
2479	5
2480	5
2481	5
2482	5
2483	5
2484	5
2485	5
2486	5
2487	5
2488	5
2489	5
2490	5
2491	5
2492	5
2493	5
2494	5
2495	5
2496	4
2497	4
2498	4
2499	4
2500	5
2501	5
2502	5
2503	5
2504	4
2505	4
2506	4
2507	5
2508	4
2509	4
2510	4
2511	4
2512	4
2513	4
2514	4
2515	5
2516	5
2517	5
2518	5
2519	5
2520	5
2521	5
2522	5
2523	4
2524	5
2525	4
2526	5
2527	5
2528	5
2529	4
2530	4
2531	4
2532	4
2533	4
2534	4
2535	4
2536	4
2537	4
2538	4
2539	5
2540	4
2541	5
2542	4
2543	5
2544	5
2545	5
2546	5
2547	5
2548	5
2549	5
2550	5
2551	5
2552	4
2553	4
2554	5
2555	5
2556	5
2557	5
2558	4
2559	4
2560	4
2561	4
2562	4
2563	4
2564	5
2565	4
2566	5
2567	5
2568	4
2569	4
2570	4
2571	4
2572	4
2573	4
2574	4
2575	5
2576	5
2577	5
2578	5
2579	5
2580	5
2581	5
2582	5
2583	5
2584	5
2585	5
2586	5
2587	4
2588	4
2589	4
2590	4
2591	4
2592	4
2593	4
2594	5
2595	5
2596	5
2597	4
2598	5
2599	5
2600	5
2601	5
2602	5
2603	5
2604	4
2605	4
2606	12
2607	12
2608	12
2609	12
2610	12
2611	12
2612	12
2613	12
2614	12
2615	12
2616	12
2617	12
2618	12
2619	12
2620	12
2621	12
2622	12
2623	12
2624	12
2625	12
2626	12
2627	12
2628	12
2629	12
2630	12
2631	12
2632	12
2633	12
2634	12
2635	12
2636	12
2637	12
2638	12
2639	12
2640	3
2641	3
2642	3
2643	3
2644	3
2645	9
2646	9
2647	9
2648	3
2649	3
2650	3
2651	3
2652	3
2653	3
2654	9
2655	9
2656	3
2657	9
2658	9
2659	3
2660	3
2661	9
2662	9
2663	3
2664	9
2665	3
2666	3
2667	9
2668	3
2669	3
2670	9
2671	3
2672	3
2673	3
2674	9
2675	9
2676	3
2677	3
2678	9
2679	3
2680	3
2681	3
2682	3
2683	3
2684	3
2685	3
2686	3
2687	3
2688	10
2689	10
2690	10
2691	10
315	7
1657	11
