0	3
1	3
2	3
3	3
4	3
5	3
6	3
7	8
8	8
9	8
10	8
11	9
12	8
13	8
14	8
15	8
16	9
17	9
18	9
19	9
20	9
21	12
22	12
23	12
24	12
25	12
26	12
27	12
28	12
29	10
30	10
31	10
32	10
33	10
34	10
35	10
36	10
37	10
38	10
39	10
40	10
41	10
42	10
43	10
44	10
45	10
46	10
47	10
48	10
49	10
50	10
51	10
52	10
53	11
54	11
55	11
56	11
57	11
58	10
59	10
60	10
61	10
62	10
63	10
64	10
65	11
66	11
67	11
68	11
69	11
70	11
71	12
72	12
73	12
74	12
75	10
76	10
77	10
78	10
79	10
80	10
81	10
82	10
83	7
84	7
85	7
86	7
87	7
88	7
89	7
90	7
91	7
92	7
93	7
94	7
95	7
96	9
97	8
98	9
99	9
100	8
101	8
102	8
103	9
104	8
105	9
106	8
107	8
108	9
109	8
110	8
111	8
112	8
113	8
114	8
115	8
116	8
117	8
118	8
119	8
120	8
121	8
122	9
123	8
124	9
125	9
126	8
127	9
128	9
129	7
130	7
131	7
132	7
133	7
134	7
135	7
136	7
137	7
138	7
139	7
140	7
141	7
142	7
143	7
144	7
145	7
146	7
147	7
148	7
149	7
150	7
151	7
152	7
153	7
154	7
155	7
156	7
157	7
158	7
159	7
160	7
161	7
162	7
163	7
164	7
165	7
166	13
167	13
168	13
169	13
170	13
171	13
172	13
173	13
174	13
175	13
176	13
177	13
178	13
179	13
180	13
181	13
182	13
183	3
184	3
185	3
186	3
187	3
188	3
189	3
190	3
191	3
192	3
193	3
194	3
195	3
196	3
197	3
198	3
199	3
200	3
201	3
202	3
203	3
204	3
205	3
206	3
207	3
208	12
209	12
210	12
211	12
212	12
213	12
214	12
215	12
216	12
217	12
218	12
219	12
220	12
221	12
222	12
223	12
224	12
225	12
226	1
227	1
228	1
229	1
230	1
231	1
232	1
233	1
234	1
235	1
236	12
237	12
238	12
239	12
240	12
241	12
242	12
243	12
244	12
245	12
246	12
247	12
248	3
249	3
250	3
251	3
252	3
253	3
254	3
255	3
256	3
257	3
258	3
259	3
260	3
261	12
262	12
263	12
264	12
265	12
266	12
267	12
268	1
269	1
270	1
271	12
272	12
273	12
274	12
275	12
276	12
277	12
278	1
279	1
280	1
281	1
282	1
283	1
284	1
285	1
286	1
287	1
288	1
289	1
290	1
291	1
292	1
293	1
294	1
295	1
296	1
297	1
298	1
299	1
300	1
301	1
302	3
303	3
304	3
305	3
306	6
307	6
308	6
309	6
310	6
311	6
312	6
313	6
314	6
316	9
317	9
318	9
319	9
320	9
321	9
322	9
323	9
324	9
325	9
326	9
327	9
328	9
329	9
330	9
331	6
332	6
333	6
334	6
335	6
336	6
337	9
338	9
339	9
340	6
341	11
342	6
343	6
344	6
345	11
346	11
347	6
348	11
349	6
350	6
351	6
352	6
353	6
354	6
355	6
356	7
357	7
358	7
359	7
360	7
361	7
362	7
363	7
364	7
365	7
366	7
367	7
368	7
369	6
370	6
371	6
372	6
373	6
374	6
375	6
376	6
377	6
378	6
379	6
380	6
381	6
382	6
383	6
384	6
385	6
386	6
387	6
388	6
389	9
390	9
391	9
392	9
393	9
394	6
395	6
396	11
397	6
398	9
399	9
400	9
401	9
402	9
403	12
404	12
405	12
406	12
407	12
408	12
409	9
410	10
411	9
412	9
413	10
414	10
415	10
416	9
417	10
418	9
419	9
420	10
421	10
422	10
423	9
424	10
425	13
426	13
427	13
428	13
429	13
430	13
431	13
432	13
433	9
434	10
435	10
436	9
437	10
438	10
439	9
440	10
441	10
442	9
443	10
444	9
445	9
446	13
447	13
448	13
449	13
450	13
451	10
452	9
453	10
454	13
455	13
456	13
457	10
458	9
459	10
460	10
461	10
462	10
463	13
464	13
465	13
466	13
467	13
468	13
469	13
470	13
471	13
472	13
473	9
474	9
475	1
476	1
477	1
478	1
479	1
480	1
481	1
482	1
483	1
484	12
485	12
486	1
487	1
488	1
489	1
490	1
491	1
492	1
493	1
494	1
495	1
496	1
497	1
498	12
499	1
500	1
501	1
502	12
503	1
504	1
505	1
506	12
507	12
508	12
509	12
510	12
511	12
512	12
513	12
514	12
515	12
516	12
517	12
518	12
519	12
520	12
521	12
522	13
523	13
524	13
525	13
526	3
527	3
528	13
529	13
530	13
531	13
532	13
533	13
534	13
535	13
536	13
537	13
538	3
539	3
540	3
541	3
542	3
543	3
544	3
545	3
546	3
547	3
548	3
549	3
550	3
551	3
552	3
553	3
554	3
555	3
556	3
557	3
558	3
559	12
560	12
561	12
562	12
563	12
564	12
565	3
566	3
567	3
568	3
569	3
570	13
571	13
572	13
573	13
574	13
575	13
576	13
577	13
578	13
579	13
580	13
581	3
582	3
583	3
584	3
585	3
586	3
587	12
588	1
589	12
590	1
591	1
592	12
593	12
594	12
595	12
596	1
597	12
598	12
599	12
600	12
601	12
602	12
603	3
604	3
605	3
606	3
607	3
608	3
609	3
610	3
611	3
612	3
613	3
614	3
615	3
616	3
617	12
618	12
619	12
620	12
621	12
622	12
623	1
624	12
625	12
626	12
627	12
628	12
629	12
630	12
631	12
632	12
633	12
634	12
635	12
636	12
637	12
638	12
639	3
640	3
641	3
642	3
643	3
644	3
645	3
646	3
647	3
648	3
649	3
650	3
651	3
652	3
653	3
654	3
655	3
656	3
657	13
658	13
659	13
660	13
661	10
662	10
663	10
664	10
665	10
666	10
667	10
668	10
669	10
670	1
671	1
672	1
673	1
674	1
675	1
676	1
677	1
678	1
679	1
680	10
681	10
682	10
683	10
684	10
685	10
686	10
687	10
688	10
689	10
690	10
691	10
692	10
693	10
694	10
695	10
696	10
697	1
698	1
699	1
700	1
701	1
702	1
703	1
704	1
705	1
706	1
707	1
708	1
709	1
710	1
711	1
712	1
713	1
714	10
715	10
716	12
717	12
718	1
719	1
720	1
721	12
722	12
723	12
724	12
725	12
726	12
727	12
728	12
729	12
730	12
731	12
732	9
733	10
734	9
735	9
736	9
737	13
738	13
739	13
740	13
741	13
742	13
743	13
744	13
745	9
746	9
747	9
748	9
749	9
750	9
751	9
752	9
753	9
754	9
755	9
756	10
757	10
758	9
759	9
760	9
761	9
762	9
763	9
764	9
765	9
766	13
767	13
768	13
769	13
770	9
771	10
772	13
773	13
774	13
775	13
776	13
777	13
778	13
779	13
780	13
781	13
782	13
783	13
784	13
785	12
786	13
787	13
788	13
789	13
790	13
791	12
792	12
793	12
794	12
795	12
796	12
797	12
798	12
799	12
800	12
801	13
802	13
803	13
804	13
805	12
806	12
807	12
808	13
809	13
810	13
811	11
812	2
813	11
814	2
815	2
816	11
817	2
818	2
819	2
820	2
821	2
822	2
823	2
824	11
825	11
826	11
827	2
828	11
829	2
830	11
831	11
832	11
833	11
834	2
835	2
836	11
837	2
838	11
839	11
840	2
841	11
842	2
843	2
844	2
845	11
846	2
847	2
848	2
849	2
850	2
851	2
852	11
853	11
854	2
855	11
856	2
857	2
858	3
859	3
860	3
861	3
862	3
863	3
864	3
865	3
866	3
867	3
868	3
869	3
870	3
871	11
872	11
873	11
874	11
875	2
876	2
877	2
878	11
879	11
880	2
881	11
882	11
883	2
884	11
885	2
886	11
887	2
888	2
889	2
890	2
891	2
892	2
893	2
894	2
895	2
896	11
897	11
898	2
899	2
900	2
901	2
902	11
903	2
904	11
905	2
906	11
907	2
908	2
909	11
910	2
911	2
912	2
913	2
914	11
915	11
916	11
917	11
918	11
919	11
920	2
921	2
922	2
923	2
924	2
925	2
926	11
927	11
928	2
929	11
930	2
931	2
932	2
933	2
934	11
935	2
936	11
937	11
938	2
939	2
940	2
941	11
942	2
943	2
944	2
945	2
946	11
947	2
948	2
949	2
950	2
951	2
952	2
953	2
954	2
955	2
956	2
957	2
958	2
959	11
960	2
961	2
962	2
963	2
964	2
965	2
966	2
967	2
968	2
969	2
970	11
971	11
972	2
973	2
974	2
975	2
976	2
977	2
978	2
979	2
980	11
981	11
982	2
983	2
984	2
985	7
986	7
987	7
988	7
989	7
990	7
991	7
992	13
993	7
994	7
995	7
996	7
997	7
998	7
999	7
1000	13
1001	13
1002	7
1003	7
1004	7
1005	7
1006	7
1007	9
1008	2
1009	7
1010	2
1011	2
1012	2
1013	2
1014	2
1015	2
1016	2
1017	2
1018	2
1019	2
1020	2
1021	2
1022	9
1023	2
1024	2
1025	9
1026	9
1027	2
1028	9
1029	2
1030	9
1031	2
1032	9
1033	2
1034	9
1035	9
1036	9
1037	9
1038	9
1039	2
1040	9
1041	9
1042	2
1043	9
1044	2
1045	9
1046	9
1047	9
1048	2
1049	2
1050	9
1051	2
1052	2
1053	9
1054	9
1055	9
1056	2
1057	9
1058	9
1059	9
1060	9
1061	2
1062	2
1063	9
1064	9
1065	9
1066	9
1067	9
1068	2
1069	9
1070	2
1071	9
1072	9
1073	9
1074	9
1075	3
1076	3
1077	3
1078	3
1079	3
1080	3
1081	3
1082	3
1083	3
1084	3
1085	3
1086	3
1087	1
1088	1
1089	1
1090	1
1091	1
1092	1
1093	1
1094	12
1095	12
1096	12
1097	12
1098	12
1099	12
1100	12
1101	12
1102	12
1103	12
1104	12
1105	12
1106	12
1107	6
1108	6
1109	6
1110	6
1111	6
1112	6
1113	6
1114	6
1115	6
1116	6
1117	6
1118	6
1119	6
1120	6
1121	6
1122	11
1123	6
1124	6
1125	6
1126	6
1127	6
1128	6
1129	6
1130	6
1131	11
1132	6
1133	6
1134	6
1135	6
1136	11
1137	6
1138	6
1139	6
1140	6
1141	6
1142	6
1143	6
1144	6
1145	6
1146	11
1147	11
1148	6
1149	6
1150	6
1151	6
1152	6
1153	6
1154	11
1155	11
1156	11
1157	11
1158	11
1159	11
1160	11
1161	11
1162	11
1163	11
1164	11
1165	11
1166	11
1167	11
1168	11
1169	2
1170	2
1171	2
1172	2
1173	2
1174	9
1175	9
1176	2
1177	2
1178	2
1179	2
1180	2
1181	2
1182	2
1183	2
1184	2
1185	2
1186	2
1187	2
1188	2
1189	2
1190	2
1191	2
1192	2
1193	2
1194	2
1195	2
1196	2
1197	2
1198	2
1199	2
1200	6
1201	6
1202	6
1203	2
1204	2
1205	6
1206	6
1207	6
1208	2
1209	6
1210	6
1211	6
1212	6
1213	2
1214	6
1215	6
1216	6
1217	2
1218	6
1219	6
1220	6
1221	6
1222	2
1223	6
1224	2
1225	2
1226	6
1227	2
1228	2
1229	6
1230	2
1231	6
1232	6
1233	6
1234	6
1235	2
1236	6
1237	6
1238	6
1239	2
1240	1
1241	1
1242	1
1243	1
1244	1
1245	1
1246	1
1247	1
1248	1
1249	1
1250	1
1251	1
1252	1
1253	10
1254	10
1255	10
1256	10
1257	10
1258	1
1259	1
1260	1
1261	1
1262	1
1263	1
1264	10
1265	10
1266	10
1267	10
1268	10
1269	10
1270	10
1271	10
1272	10
1273	10
1274	10
1275	10
1276	10
1277	10
1278	12
1279	12
1280	12
1281	1
1282	1
1283	1
1284	10
1285	10
1286	10
1287	10
1288	5
1289	12
1290	12
1291	12
1292	12
1293	12
1294	5
1295	12
1296	12
1297	12
1298	12
1299	5
1300	12
1301	12
1302	5
1303	3
1304	3
1305	3
1306	3
1307	3
1308	3
1309	3
1310	3
1311	3
1312	3
1313	3
1314	11
1315	11
1316	6
1317	11
1318	11
1319	11
1320	11
1321	11
1322	11
1323	11
1324	6
1325	6
1326	11
1327	6
1328	11
1329	11
1330	11
1331	6
1332	6
1333	6
1334	11
1335	11
1336	6
1337	6
1338	11
1339	11
1340	11
1341	6
1342	11
1343	11
1344	6
1345	11
1346	3
1347	3
1348	3
1349	3
1350	3
1351	3
1352	3
1353	3
1354	3
1355	3
1356	3
1357	3
1358	3
1359	3
1360	3
1361	3
1362	3
1363	6
1364	6
1365	6
1366	6
1367	6
1368	6
1369	6
1370	6
1371	6
1372	6
1373	6
1374	6
1375	6
1376	6
1377	6
1378	6
1379	6
1380	6
1381	11
1382	11
1383	11
1384	11
1385	11
1386	11
1387	11
1388	11
1389	11
1390	11
1391	11
1392	11
1393	11
1394	11
1395	11
1396	11
1397	10
1398	10
1399	10
1400	10
1401	10
1402	10
1403	10
1404	10
1405	10
1406	10
1407	10
1408	10
1409	10
1410	10
1411	10
1412	10
1413	10
1414	10
1415	10
1416	10
1417	10
1418	10
1419	10
1420	10
1421	10
1422	10
1423	10
1424	10
1425	10
1426	10
1427	10
1428	13
1429	13
1430	13
1431	8
1432	13
1433	8
1434	13
1435	8
1436	8
1437	13
1438	8
1439	8
1440	8
1441	9
1442	9
1443	9
1444	9
1445	9
1446	9
1447	9
1448	9
1449	9
1450	9
1451	9
1452	9
1453	9
1454	9
1455	13
1456	13
1457	8
1458	13
1459	8
1460	8
1461	8
1462	13
1463	8
1464	8
1465	12
1466	12
1467	12
1468	12
1469	12
1470	12
1471	12
1472	12
1473	12
1474	12
1475	12
1476	12
1477	12
1478	12
1479	12
1480	12
1481	12
1482	12
1483	12
1484	12
1485	12
1486	12
1487	12
1488	12
1489	9
1490	9
1491	9
1492	9
1493	9
1494	9
1495	9
1496	9
1497	9
1498	9
1499	9
1500	9
1501	10
1502	10
1503	10
1504	10
1505	10
1506	10
1507	10
1508	10
1509	10
1510	10
1511	10
1512	10
1513	10
1514	10
1515	10
1516	10
1517	10
1518	10
1519	10
1520	10
1521	10
1522	10
1523	10
1524	10
1525	10
1526	10
1527	10
1528	10
1529	13
1530	13
1531	13
1532	13
1533	13
1534	13
1535	13
1536	13
1537	13
1538	13
1539	13
1540	13
1541	13
1542	13
1543	13
1544	13
1545	13
1546	13
1547	13
1548	13
1549	13
1550	13
1551	13
1552	7
1553	6
1554	6
1555	6
1556	6
1557	6
1558	6
1559	6
1560	6
1561	6
1562	6
1563	6
1564	6
1565	6
1566	6
1567	6
1568	6
1569	6
1570	6
1571	6
1572	6
1573	6
1574	6
1575	6
1576	10
1577	10
1578	10
1579	10
1580	10
1581	10
1582	10
1583	10
1584	10
1585	10
1586	10
1587	10
1588	10
1589	10
1590	10
1591	10
1592	10
1593	3
1594	3
1595	3
1596	3
1597	3
1598	3
1599	3
1600	3
1601	3
1602	13
1603	13
1604	13
1605	13
1606	13
1607	13
1608	13
1609	13
1610	13
1611	13
1612	13
1613	13
1614	13
1615	13
1616	13
1617	13
1618	12
1619	12
1620	12
1621	12
1622	12
1623	12
1624	12
1625	12
1626	12
1627	12
1628	12
1629	2
1630	2
1631	2
1632	9
1633	2
1634	2
1635	2
1636	2
1637	2
1638	2
1639	2
1640	2
1641	2
1642	2
1643	2
1644	12
1645	12
1646	12
1647	12
1648	12
1649	2
1650	2
1651	2
1652	2
1653	2
1654	2
1655	2
1656	2
1658	2
1659	2
1660	2
1661	2
1662	2
1663	2
1664	2
1665	2
1666	2
1667	9
1668	9
1669	2
1670	2
1671	2
1672	2
1673	12
1674	2
1675	2
1676	2
1677	12
1678	1
1679	1
1680	1
1681	1
1682	1
1683	1
1684	1
1685	9
1686	9
1687	9
1688	9
1689	9
1690	9
1691	9
1692	9
1693	9
1694	9
1695	9
1696	9
1697	9
1698	9
1699	9
1700	9
1701	9
1702	9
1703	4
1704	4
1705	9
1706	9
1707	9
1708	9
1709	9
1710	9
1711	9
1712	9
1713	12
1714	12
1715	12
1716	12
1717	12
1718	12
1719	12
1720	12
1721	12
1722	12
1723	12
1724	12
1725	9
1726	9
1727	9
1728	12
1729	9
1730	9
1731	9
1732	9
1733	9
1734	9
1735	9
1736	9
1737	9
1738	9
1739	9
1740	9
1741	9
1742	10
1743	10
1744	4
1745	10
1746	10
1747	4
1748	10
1749	10
1750	10
1751	10
1752	10
1753	10
1754	10
1755	10
1756	4
1757	12
1758	12
1759	12
1760	12
1761	10
1762	10
1763	10
1764	4
1765	10
1766	10
1767	4
1768	10
1769	10
1770	10
1771	10
1772	10
1773	10
1774	12
1775	12
1776	12
1777	12
1778	12
1779	12
1780	12
1781	12
1782	12
1783	12
1784	12
1785	12
1786	12
1787	10
1788	10
1789	10
1790	10
1791	10
1792	10
1793	10
1794	10
1795	12
1796	12
1797	12
1798	12
1799	10
1800	10
1801	10
1802	10
1803	10
1804	4
1805	10
1806	4
1807	10
1808	10
1809	8
1810	8
1811	8
1812	8
1813	8
1814	8
1815	8
1816	8
1817	8
1818	8
1819	8
1820	8
1821	8
1822	8
1823	8
1824	8
1825	8
1826	8
1827	8
1828	8
1829	8
1830	12
1831	12
1832	12
1833	12
1834	12
1835	8
1836	8
1837	12
1838	8
1839	8
1840	6
1841	6
1842	6
1843	6
1844	6
1845	8
1846	8
1847	8
1848	8
1849	8
1850	8
1851	8
1852	8
1853	8
1854	8
1855	8
1856	8
1857	12
1858	12
1859	12
1860	12
1861	12
1862	12
1863	8
1864	8
1865	8
1866	8
1867	8
1868	8
1869	8
1870	8
1871	8
1872	1
1873	1
1874	1
1875	1
1876	1
1877	1
1878	1
1879	1
1880	1
1881	1
1882	1
1883	1
1884	1
1885	1
1886	1
1887	1
1888	1
1889	1
1890	1
1891	1
1892	1
1893	1
1894	1
1895	3
1896	3
1897	3
1898	11
1899	11
1900	11
1901	11
1902	11
1903	11
1904	3
1905	3
1906	3
1907	3
1908	3
1909	3
1910	3
1911	3
1912	3
1913	3
1914	3
1915	3
1916	11
1917	11
1918	11
1919	11
1920	11
1921	11
1922	11
1923	11
1924	3
1925	3
1926	3
1927	3
1928	3
1929	3
1930	3
1931	3
1932	3
1933	3
1934	3
1935	3
1936	3
1937	3
1938	3
1939	3
1940	3
1941	3
1942	3
1943	3
1944	3
1945	3
1946	3
1947	3
1948	3
1949	3
1950	3
1951	3
1952	3
1953	3
1954	3
1955	3
1956	3
1957	3
1958	3
1959	3
1960	3
1961	3
1962	3
1963	3
1964	3
1965	3
1966	3
1967	3
1968	3
1969	3
1970	3
1971	3
1972	3
1973	3
1974	3
1975	3
1976	13
1977	13
1978	13
1979	13
1980	13
1981	13
1982	13
1983	13
1984	13
1985	13
1986	13
1987	7
1988	13
1989	7
1990	13
1991	13
1992	13
1993	7
1994	13
1995	13
1996	13
1997	7
1998	7
1999	7
2000	7
2001	13
2002	7
2003	13
2004	13
2005	13
2006	13
2007	13
2008	13
2009	13
2010	13
2011	13
2012	13
2013	13
2014	13
2015	13
2016	13
2017	1
2018	1
2019	1
2020	1
2021	1
2022	1
2023	1
2024	13
2025	1
2026	1
2027	1
2028	1
2029	1
2030	13
2031	13
2032	13
2033	13
2034	13
2035	13
2036	13
2037	13
2038	12
2039	12
2040	12
2041	12
2042	12
2043	1
2044	1
2045	1
2046	13
2047	13
2048	12
2049	12
2050	1
2051	13
2052	13
2053	13
2054	13
2055	13
2056	13
2057	13
2058	13
2059	13
2060	13
2061	13
2062	13
2063	13
2064	13
2065	13
2066	13
2067	13
2068	1
2069	1
2070	1
2071	1
2072	1
2073	12
2074	1
2075	1
2076	1
2077	12
2078	12
2079	1
2080	12
2081	1
2082	12
2083	1
2084	1
2085	1
2086	1
2087	1
2088	1
2089	9
2090	9
2091	9
2092	9
2093	9
2094	9
2095	9
2096	3
2097	3
2098	3
2099	3
2100	3
2101	3
2102	3
2103	10
2104	10
2105	10
2106	10
2107	3
2108	3
2109	3
2110	10
2111	10
2112	10
2113	8
2114	4
2115	4
2116	4
2117	4
2118	8
2119	8
2120	4
2121	4
2122	4
2123	8
2124	1
2125	4
2126	4
2127	4
2128	4
2129	4
2130	4
2131	4
2132	4
2133	8
2134	4
2135	4
2136	8
2137	8
2138	8
2139	4
2140	8
2141	4
2142	8
2143	8
2144	8
2145	4
2146	8
2147	8
2148	4
2149	8
2150	4
2151	4
2152	4
2153	4
2154	4
2155	4
2156	8
2157	4
2158	4
2159	4
2160	4
2161	4
2162	4
2163	4
2164	4
2165	4
2166	4
2167	4
2168	4
2169	4
2170	4
2171	4
2172	4
2173	4
2174	8
2175	8
2176	8
2177	8
2178	4
2179	4
2180	4
2181	4
2182	4
2183	4
2184	4
2185	4
2186	4
2187	4
2188	8
2189	4
2190	4
2191	4
2192	4
2193	4
2194	8
2195	4
2196	8
2197	8
2198	4
2199	8
2200	4
2201	8
2202	8
2203	4
2204	4
2205	4
2206	4
2207	4
2208	4
2209	4
2210	4
2211	4
2212	4
2213	4
2214	4
2215	8
2216	8
2217	4
2218	4
2219	4
2220	4
2221	4
2222	4
2223	8
2224	4
2225	4
2226	4
2227	4
2228	4
2229	8
2230	4
2231	4
2232	4
2233	8
2234	8
2235	4
2236	8
2237	8
2238	8
2239	4
2240	4
2241	4
2242	8
2243	8
2244	8
2245	8
2246	4
2247	4
2248	4
2249	4
2250	4
2251	4
2252	4
2253	8
2254	8
2255	8
2256	4
2257	4
2258	4
2259	4
2260	4
2261	4
2262	4
2263	4
2264	4
2265	4
2266	8
2267	4
2268	4
2269	8
2270	8
2271	4
2272	4
2273	4
2274	4
2275	4
2276	4
2277	8
2278	4
2279	8
2280	4
2281	4
2282	4
2283	8
2284	1
2285	1
2286	4
2287	4
2288	4
2289	4
2290	4
2291	4
2292	4
2293	4
2294	4
2295	4
2296	4
2297	4
2298	8
2299	8
2300	8
2301	4
2302	8
2303	4
2304	8
2305	4
2306	4
2307	4
2308	4
2309	1
2310	1
2311	1
2312	11
2313	11
2314	11
2315	11
2316	11
2317	11
2318	11
2319	11
2320	11
2321	11
2322	11
2323	11
2324	11
2325	11
2326	11
2327	11
2328	11
2329	11
2330	3
2331	3
2332	3
2333	3
2334	3
2335	3
2336	3
2337	3
2338	3
2339	3
2340	3
2341	3
2342	3
2343	3
2344	3
2345	3
2346	9
2347	9
2348	9
2349	9
2350	9
2351	9
2352	9
2353	9
2354	9
2355	9
2356	9
2357	9
2358	9
2359	9
2360	9
2361	9
2362	9
2363	9
2364	9
2365	9
2366	8
2367	8
2368	8
2369	8
2370	8
2371	8
2372	8
2373	8
2374	8
2375	8
2376	8
2377	8
2378	8
2379	8
2380	8
2381	8
2382	8
2383	8
2384	8
2385	8
2386	8
2387	8
2388	8
2389	8
2390	8
2391	8
2392	8
2393	8
2394	8
2395	8
2396	8
2397	8
2398	8
2399	8
2400	8
2401	8
2402	8
2403	8
2404	8
2405	8
2406	8
2407	8
2408	8
2409	8
2410	8
2411	8
2412	8
2413	8
2414	8
2415	11
2416	11
2417	11
2418	11
2419	5
2420	5
2421	5
2422	11
2423	11
2424	11
2425	11
2426	11
2427	5
2428	5
2429	5
2430	5
2431	5
2432	11
2433	11
2434	11
2435	11
2436	11
2437	11
2438	5
2439	5
2440	11
2441	11
2442	11
2443	11
2444	11
2445	11
2446	11
2447	5
2448	11
2449	5
2450	5
2451	5
2452	5
2453	5
2454	5
2455	11
2456	5
2457	5
2458	5
2459	5
2460	5
2461	11
2462	5
2463	5
2464	5
2465	11
2466	11
2467	5
2468	5
2469	5
2470	5
2471	5
2472	5
2473	5
2474	5
2475	5
2476	5
2477	5
2478	5
2479	5
2480	5
2481	5
2482	5
2483	5
2484	5
2485	5
2486	5
2487	5
2488	5
2489	5
2490	5
2491	5
2492	5
2493	5
2494	5
2495	5
2496	5
2497	5
2498	5
2499	5
2500	5
2501	5
2502	11
2503	11
2504	11
2505	11
2506	11
2507	11
2508	5
2509	5
2510	5
2511	5
2512	5
2513	5
2514	5
2515	5
2516	5
2517	5
2518	5
2519	5
2520	5
2521	5
2522	5
2523	5
2524	11
2525	5
2526	5
2527	5
2528	11
2529	5
2530	5
2531	5
2532	5
2533	5
2534	5
2535	5
2536	5
2537	5
2538	5
2539	5
2540	5
2541	5
2542	5
2543	11
2544	5
2545	5
2546	5
2547	11
2548	11
2549	11
2550	5
2551	5
2552	5
2553	5
2554	5
2555	5
2556	5
2557	5
2558	11
2559	11
2560	5
2561	5
2562	5
2563	5
2564	11
2565	5
2566	11
2567	11
2568	5
2569	5
2570	5
2571	5
2572	5
2573	5
2574	5
2575	5
2576	5
2577	5
2578	5
2579	5
2580	5
2581	5
2582	11
2583	5
2584	5
2585	11
2586	5
2587	5
2588	5
2589	5
2590	5
2591	5
2592	5
2593	5
2594	11
2595	11
2596	11
2597	11
2598	11
2599	11
2600	5
2601	5
2602	11
2603	11
2604	5
2605	5
2606	1
2607	1
2608	1
2609	1
2610	1
2611	1
2612	1
2613	1
2614	1
2615	1
2616	1
2617	1
2618	1
2619	1
2620	1
2621	1
2622	1
2623	1
2624	1
2625	1
2626	1
2627	1
2628	1
2629	1
2630	1
2631	1
2632	1
2633	1
2634	1
2635	1
2636	1
2637	1
2638	1
2639	1
2640	7
2641	7
2642	7
2643	7
2644	7
2645	7
2646	7
2647	7
2648	7
2649	7
2650	7
2651	7
2652	7
2653	7
2654	7
2655	7
2656	7
2657	7
2658	7
2659	7
2660	7
2661	7
2662	7
2663	7
2664	7
2665	7
2666	7
2667	7
2668	7
2669	7
2670	7
2671	7
2672	7
2673	7
2674	7
2675	7
2676	7
2677	7
2678	7
2679	7
2680	7
2681	7
2682	7
2683	7
2684	7
2685	7
2686	7
2687	7
2688	3
2689	3
2690	3
2691	3
315	9
1657	2
