0	10
1	10
2	10
3	10
4	10
5	10
6	10
7	9
8	9
9	9
10	9
11	9
12	9
13	9
14	9
15	9
16	9
17	9
18	9
19	9
20	5
21	6
22	6
23	6
24	6
25	6
26	6
27	6
28	6
29	11
30	11
31	11
32	11
33	11
34	11
35	11
36	11
37	11
38	11
39	11
40	11
41	11
42	11
43	11
44	11
45	11
46	11
47	11
48	11
49	11
50	11
51	11
52	11
53	7
54	7
55	7
56	7
57	7
58	11
59	11
60	11
61	11
62	11
63	11
64	11
65	7
66	7
67	7
68	7
69	7
70	7
71	6
72	6
73	6
74	6
75	11
76	11
77	11
78	11
79	11
80	11
81	11
82	11
83	8
84	8
85	8
86	8
87	8
88	8
89	8
90	8
91	8
92	8
93	8
94	8
95	8
96	9
97	9
98	9
99	9
100	9
101	9
102	9
103	9
104	9
105	9
106	9
107	9
108	9
109	9
110	9
111	9
112	9
113	9
114	9
115	9
116	9
117	9
118	9
119	9
120	9
121	9
122	9
123	9
124	9
125	9
126	9
127	9
128	9
129	12
130	12
131	12
132	12
133	12
134	12
135	12
136	12
137	12
138	12
139	12
140	12
141	12
142	12
143	12
144	12
145	12
146	12
147	12
148	12
149	12
150	12
151	12
152	12
153	12
154	12
155	12
156	12
157	12
158	12
159	12
160	12
161	12
162	12
163	12
164	12
165	12
166	4
167	4
168	4
169	4
170	4
171	4
172	4
173	4
174	4
175	4
176	4
177	4
178	4
179	4
180	4
181	4
182	4
183	11
184	11
185	11
186	11
187	11
188	11
189	11
190	11
191	11
192	11
193	11
194	11
195	11
196	11
197	11
198	11
199	11
200	11
201	11
202	11
203	11
204	11
205	11
206	11
207	11
208	6
209	6
210	6
211	6
212	6
213	6
214	6
215	6
216	6
217	6
218	6
219	6
220	6
221	6
222	6
223	6
224	6
225	6
226	6
227	6
228	6
229	6
230	6
231	6
232	6
233	6
234	6
235	6
236	6
237	6
238	6
239	6
240	6
241	6
242	6
243	6
244	6
245	6
246	6
247	6
248	11
249	11
250	11
251	11
252	11
253	11
254	11
255	11
256	11
257	11
258	11
259	11
260	11
261	1
262	1
263	1
264	1
265	1
266	1
267	1
268	1
269	1
270	1
271	1
272	1
273	1
274	1
275	1
276	1
277	1
278	1
279	1
280	1
281	1
282	1
283	1
284	1
285	1
286	1
287	1
288	1
289	1
290	1
291	1
292	1
293	1
294	1
295	1
296	1
297	1
298	1
299	1
300	1
301	1
302	11
303	11
304	11
305	11
306	7
307	13
308	7
309	7
310	13
311	7
312	7
313	7
314	7
316	9
317	9
318	9
319	9
320	9
321	9
322	9
323	9
324	9
325	9
326	9
327	9
328	9
329	9
330	9
331	13
332	7
333	7
334	13
335	7
336	7
337	9
338	9
339	9
340	7
341	7
342	13
343	13
344	13
345	13
346	7
347	7
348	7
349	13
350	13
351	13
352	13
353	13
354	13
355	13
356	4
357	12
358	4
359	12
360	12
361	4
362	12
363	12
364	4
365	4
366	12
367	4
368	12
369	13
370	13
371	13
372	13
373	7
374	13
375	13
376	13
377	13
378	13
379	13
380	13
381	13
382	13
383	13
384	13
385	7
386	13
387	7
388	7
389	9
390	9
391	9
392	9
393	9
394	13
395	13
396	7
397	13
398	9
399	9
400	9
401	9
402	9
403	6
404	6
405	6
406	6
407	6
408	12
409	10
410	10
411	10
412	10
413	10
414	10
415	10
416	10
417	10
418	10
419	10
420	10
421	10
422	10
423	10
424	10
425	4
426	4
427	4
428	4
429	4
430	4
431	4
432	4
433	10
434	10
435	10
436	10
437	10
438	10
439	10
440	10
441	10
442	10
443	10
444	10
445	5
446	4
447	4
448	4
449	4
450	4
451	10
452	10
453	10
454	4
455	4
456	4
457	10
458	10
459	10
460	10
461	10
462	10
463	4
464	4
465	4
466	4
467	4
468	4
469	4
470	4
471	4
472	4
473	10
474	10
475	1
476	1
477	1
478	1
479	1
480	1
481	1
482	1
483	1
484	6
485	6
486	1
487	1
488	1
489	1
490	1
491	1
492	1
493	1
494	1
495	1
496	1
497	1
498	6
499	1
500	1
501	1
502	6
503	1
504	1
505	1
506	12
507	6
508	6
509	6
510	6
511	6
512	6
513	6
514	6
515	6
516	6
517	6
518	6
519	6
520	6
521	6
522	8
523	8
524	8
525	8
526	11
527	11
528	8
529	8
530	8
531	8
532	8
533	8
534	8
535	8
536	8
537	8
538	11
539	11
540	11
541	11
542	11
543	11
544	11
545	11
546	11
547	11
548	11
549	11
550	11
551	11
552	11
553	11
554	11
555	11
556	11
557	11
558	11
559	6
560	6
561	6
562	6
563	6
564	6
565	11
566	11
567	11
568	11
569	11
570	8
571	8
572	8
573	8
574	8
575	8
576	8
577	8
578	8
579	8
580	8
581	11
582	11
583	11
584	11
585	11
586	11
587	1
588	6
589	6
590	6
591	6
592	6
593	6
594	6
595	6
596	1
597	6
598	1
599	6
600	6
601	6
602	6
603	11
604	11
605	11
606	11
607	11
608	11
609	11
610	11
611	11
612	11
613	11
614	11
615	11
616	11
617	6
618	6
619	6
620	1
621	1
622	1
623	1
624	1
625	1
626	1
627	1
628	6
629	6
630	6
631	6
632	6
633	6
634	1
635	6
636	6
637	1
638	1
639	11
640	11
641	11
642	11
643	11
644	11
645	11
646	11
647	11
648	11
649	11
650	11
651	11
652	11
653	11
654	11
655	11
656	11
657	4
658	4
659	1
660	1
661	10
662	10
663	10
664	5
665	5
666	10
667	10
668	5
669	5
670	6
671	6
672	6
673	6
674	6
675	6
676	6
677	12
678	12
679	12
680	5
681	10
682	5
683	10
684	5
685	10
686	10
687	5
688	10
689	10
690	10
691	10
692	10
693	10
694	10
695	10
696	10
697	6
698	6
699	12
700	6
701	6
702	12
703	6
704	12
705	12
706	12
707	6
708	6
709	12
710	6
711	6
712	6
713	6
714	10
715	10
716	6
717	6
718	6
719	6
720	6
721	6
722	6
723	6
724	6
725	6
726	6
727	6
728	6
729	6
730	6
731	6
732	9
733	9
734	9
735	9
736	9
737	1
738	4
739	4
740	4
741	4
742	4
743	1
744	1
745	9
746	9
747	9
748	9
749	9
750	9
751	9
752	9
753	9
754	9
755	9
756	9
757	9
758	9
759	9
760	9
761	9
762	9
763	9
764	9
765	9
766	1
767	4
768	4
769	4
770	9
771	9
772	4
773	4
774	4
775	4
776	1
777	1
778	4
779	4
780	1
781	4
782	1
783	4
784	4
785	12
786	4
787	1
788	4
789	1
790	1
791	12
792	12
793	12
794	12
795	12
796	12
797	12
798	12
799	12
800	12
801	4
802	1
803	1
804	1
805	12
806	12
807	12
808	4
809	4
810	4
811	3
812	3
813	8
814	3
815	8
816	8
817	8
818	3
819	3
820	3
821	3
822	8
823	3
824	8
825	8
826	8
827	3
828	8
829	3
830	3
831	8
832	8
833	8
834	3
835	3
836	3
837	3
838	8
839	8
840	3
841	8
842	3
843	8
844	3
845	8
846	8
847	3
848	3
849	3
850	3
851	3
852	3
853	8
854	8
855	8
856	3
857	3
858	11
859	11
860	11
861	11
862	11
863	11
864	11
865	11
866	11
867	11
868	11
869	11
870	11
871	8
872	8
873	8
874	8
875	8
876	8
877	8
878	8
879	8
880	3
881	3
882	8
883	3
884	8
885	3
886	8
887	8
888	3
889	8
890	8
891	3
892	3
893	3
894	3
895	3
896	8
897	8
898	8
899	3
900	3
901	3
902	3
903	3
904	8
905	3
906	8
907	8
908	3
909	8
910	3
911	3
912	3
913	3
914	3
915	8
916	8
917	3
918	8
919	8
920	8
921	3
922	3
923	3
924	3
925	3
926	8
927	3
928	3
929	8
930	3
931	3
932	8
933	3
934	8
935	3
936	3
937	8
938	8
939	8
940	8
941	8
942	3
943	3
944	3
945	3
946	8
947	3
948	3
949	3
950	8
951	3
952	3
953	8
954	3
955	3
956	3
957	3
958	3
959	8
960	8
961	3
962	3
963	3
964	3
965	3
966	8
967	8
968	8
969	3
970	8
971	8
972	3
973	3
974	3
975	3
976	3
977	3
978	8
979	8
980	8
981	8
982	9
983	9
984	3
985	4
986	4
987	4
988	4
989	4
990	4
991	4
992	4
993	4
994	4
995	4
996	4
997	4
998	4
999	4
1000	4
1001	4
1002	4
1003	4
1004	4
1005	4
1006	4
1007	9
1008	3
1009	4
1010	3
1011	3
1012	3
1013	3
1014	9
1015	9
1016	9
1017	3
1018	3
1019	3
1020	9
1021	9
1022	9
1023	9
1024	9
1025	9
1026	9
1027	3
1028	9
1029	9
1030	9
1031	3
1032	9
1033	9
1034	9
1035	9
1036	9
1037	3
1038	9
1039	3
1040	9
1041	9
1042	3
1043	9
1044	9
1045	9
1046	9
1047	9
1048	3
1049	3
1050	9
1051	3
1052	9
1053	9
1054	9
1055	9
1056	3
1057	9
1058	9
1059	9
1060	9
1061	9
1062	3
1063	9
1064	9
1065	3
1066	9
1067	3
1068	9
1069	9
1070	3
1071	9
1072	9
1073	9
1074	9
1075	11
1076	11
1077	11
1078	11
1079	11
1080	11
1081	11
1082	11
1083	11
1084	11
1085	11
1086	11
1087	1
1088	1
1089	1
1090	1
1091	1
1092	1
1093	1
1094	6
1095	6
1096	6
1097	6
1098	6
1099	6
1100	6
1101	6
1102	6
1103	6
1104	6
1105	6
1106	6
1107	7
1108	7
1109	7
1110	7
1111	7
1112	7
1113	7
1114	7
1115	7
1116	7
1117	7
1118	7
1119	7
1120	7
1121	7
1122	7
1123	7
1124	7
1125	7
1126	7
1127	7
1128	7
1129	7
1130	7
1131	7
1132	7
1133	7
1134	7
1135	7
1136	7
1137	7
1138	7
1139	7
1140	7
1141	7
1142	7
1143	7
1144	7
1145	7
1146	7
1147	7
1148	7
1149	7
1150	7
1151	7
1152	7
1153	7
1154	7
1155	7
1156	7
1157	7
1158	7
1159	7
1160	7
1161	7
1162	7
1163	7
1164	7
1165	7
1166	7
1167	7
1168	7
1169	9
1170	3
1171	3
1172	3
1173	3
1174	9
1175	9
1176	9
1177	3
1178	3
1179	3
1180	3
1181	3
1182	9
1183	3
1184	3
1185	9
1186	9
1187	9
1188	9
1189	9
1190	3
1191	9
1192	3
1193	9
1194	3
1195	9
1196	3
1197	3
1198	3
1199	9
1200	8
1201	8
1202	3
1203	3
1204	3
1205	3
1206	3
1207	3
1208	3
1209	3
1210	3
1211	3
1212	3
1213	3
1214	3
1215	3
1216	3
1217	3
1218	3
1219	3
1220	3
1221	3
1222	3
1223	8
1224	3
1225	3
1226	3
1227	3
1228	3
1229	8
1230	3
1231	3
1232	8
1233	3
1234	3
1235	3
1236	8
1237	3
1238	8
1239	3
1240	1
1241	1
1242	6
1243	6
1244	6
1245	1
1246	6
1247	6
1248	6
1249	6
1250	6
1251	6
1252	6
1253	11
1254	11
1255	11
1256	11
1257	11
1258	6
1259	6
1260	6
1261	6
1262	1
1263	1
1264	11
1265	11
1266	10
1267	11
1268	11
1269	10
1270	11
1271	10
1272	10
1273	10
1274	10
1275	10
1276	11
1277	10
1278	12
1279	12
1280	12
1281	6
1282	1
1283	1
1284	10
1285	11
1286	11
1287	10
1288	12
1289	12
1290	12
1291	12
1292	12
1293	12
1294	12
1295	12
1296	12
1297	12
1298	12
1299	12
1300	12
1301	12
1302	12
1303	11
1304	11
1305	11
1306	11
1307	11
1308	11
1309	11
1310	11
1311	11
1312	11
1313	11
1314	7
1315	7
1316	7
1317	7
1318	7
1319	7
1320	7
1321	7
1322	7
1323	7
1324	7
1325	7
1326	7
1327	7
1328	7
1329	7
1330	7
1331	7
1332	7
1333	7
1334	7
1335	7
1336	7
1337	7
1338	7
1339	7
1340	7
1341	7
1342	7
1343	7
1344	7
1345	7
1346	10
1347	10
1348	10
1349	10
1350	10
1351	10
1352	10
1353	10
1354	10
1355	10
1356	10
1357	10
1358	10
1359	10
1360	10
1361	10
1362	10
1363	7
1364	7
1365	7
1366	7
1367	7
1368	7
1369	7
1370	7
1371	7
1372	7
1373	7
1374	7
1375	7
1376	7
1377	7
1378	7
1379	7
1380	7
1381	12
1382	12
1383	12
1384	12
1385	12
1386	12
1387	12
1388	12
1389	12
1390	12
1391	12
1392	12
1393	12
1394	12
1395	12
1396	12
1397	10
1398	10
1399	10
1400	10
1401	10
1402	10
1403	10
1404	10
1405	10
1406	10
1407	10
1408	10
1409	10
1410	10
1411	10
1412	10
1413	10
1414	10
1415	10
1416	10
1417	10
1418	10
1419	10
1420	10
1421	10
1422	10
1423	10
1424	10
1425	10
1426	10
1427	10
1428	8
1429	8
1430	8
1431	2
1432	8
1433	2
1434	8
1435	2
1436	2
1437	8
1438	2
1439	2
1440	2
1441	3
1442	3
1443	3
1444	3
1445	3
1446	3
1447	3
1448	3
1449	3
1450	3
1451	3
1452	3
1453	3
1454	3
1455	8
1456	8
1457	2
1458	8
1459	8
1460	2
1461	8
1462	8
1463	8
1464	2
1465	6
1466	6
1467	6
1468	6
1469	12
1470	6
1471	6
1472	6
1473	12
1474	6
1475	6
1476	6
1477	6
1478	6
1479	6
1480	6
1481	6
1482	6
1483	6
1484	6
1485	6
1486	6
1487	12
1488	6
1489	9
1490	9
1491	9
1492	9
1493	9
1494	9
1495	9
1496	9
1497	9
1498	9
1499	9
1500	9
1501	10
1502	10
1503	10
1504	10
1505	10
1506	10
1507	10
1508	10
1509	10
1510	10
1511	10
1512	10
1513	10
1514	10
1515	10
1516	10
1517	10
1518	10
1519	10
1520	10
1521	10
1522	10
1523	10
1524	10
1525	10
1526	10
1527	10
1528	10
1529	4
1530	4
1531	4
1532	4
1533	4
1534	4
1535	4
1536	4
1537	4
1538	4
1539	4
1540	4
1541	4
1542	4
1543	4
1544	4
1545	4
1546	4
1547	4
1548	4
1549	4
1550	4
1551	4
1552	8
1553	8
1554	8
1555	8
1556	8
1557	8
1558	8
1559	8
1560	8
1561	8
1562	8
1563	8
1564	8
1565	8
1566	8
1567	8
1568	8
1569	8
1570	8
1571	8
1572	8
1573	8
1574	8
1575	8
1576	9
1577	9
1578	9
1579	9
1580	9
1581	9
1582	9
1583	9
1584	9
1585	9
1586	9
1587	9
1588	9
1589	9
1590	9
1591	9
1592	9
1593	11
1594	11
1595	11
1596	11
1597	11
1598	11
1599	11
1600	11
1601	11
1602	8
1603	8
1604	8
1605	8
1606	8
1607	8
1608	8
1609	8
1610	8
1611	8
1612	8
1613	8
1614	8
1615	8
1616	8
1617	8
1618	6
1619	6
1620	6
1621	6
1622	6
1623	6
1624	6
1625	6
1626	6
1627	6
1628	6
1629	3
1630	3
1631	3
1632	3
1633	3
1634	3
1635	3
1636	3
1637	3
1638	3
1639	3
1640	3
1641	3
1642	3
1643	3
1644	6
1645	6
1646	6
1647	6
1648	6
1649	3
1650	3
1651	3
1652	3
1653	3
1654	3
1655	3
1656	3
1658	3
1659	3
1660	3
1661	3
1662	3
1663	3
1664	3
1665	3
1666	3
1667	3
1668	3
1669	3
1670	3
1671	3
1672	3
1673	6
1674	3
1675	3
1676	3
1677	6
1678	1
1679	1
1680	1
1681	1
1682	1
1683	1
1684	1
1685	9
1686	9
1687	9
1688	9
1689	9
1690	9
1691	9
1692	9
1693	9
1694	9
1695	9
1696	9
1697	9
1698	9
1699	9
1700	9
1701	5
1702	9
1703	5
1704	5
1705	9
1706	9
1707	9
1708	9
1709	5
1710	9
1711	9
1712	9
1713	6
1714	6
1715	6
1716	6
1717	6
1718	6
1719	6
1720	6
1721	6
1722	6
1723	6
1724	6
1725	9
1726	9
1727	9
1728	6
1729	9
1730	9
1731	9
1732	9
1733	9
1734	9
1735	9
1736	5
1737	5
1738	5
1739	5
1740	5
1741	9
1742	10
1743	10
1744	5
1745	10
1746	10
1747	5
1748	10
1749	5
1750	10
1751	10
1752	10
1753	10
1754	10
1755	10
1756	5
1757	6
1758	6
1759	6
1760	6
1761	10
1762	10
1763	10
1764	5
1765	10
1766	10
1767	5
1768	10
1769	10
1770	10
1771	10
1772	10
1773	10
1774	6
1775	6
1776	6
1777	6
1778	6
1779	6
1780	6
1781	6
1782	6
1783	6
1784	6
1785	6
1786	6
1787	5
1788	10
1789	10
1790	10
1791	5
1792	10
1793	10
1794	10
1795	6
1796	6
1797	6
1798	6
1799	10
1800	10
1801	10
1802	10
1803	10
1804	5
1805	10
1806	5
1807	10
1808	10
1809	2
1810	2
1811	2
1812	2
1813	2
1814	2
1815	2
1816	2
1817	2
1818	2
1819	2
1820	2
1821	2
1822	2
1823	2
1824	2
1825	2
1826	2
1827	2
1828	2
1829	2
1830	6
1831	6
1832	6
1833	6
1834	6
1835	2
1836	2
1837	6
1838	2
1839	2
1840	7
1841	7
1842	7
1843	7
1844	7
1845	2
1846	2
1847	2
1848	2
1849	2
1850	2
1851	2
1852	2
1853	2
1854	2
1855	2
1856	2
1857	6
1858	6
1859	6
1860	6
1861	6
1862	6
1863	2
1864	2
1865	2
1866	2
1867	2
1868	2
1869	2
1870	2
1871	2
1872	1
1873	1
1874	1
1875	1
1876	1
1877	1
1878	1
1879	1
1880	1
1881	1
1882	1
1883	1
1884	1
1885	1
1886	1
1887	1
1888	1
1889	1
1890	1
1891	1
1892	1
1893	1
1894	1
1895	11
1896	11
1897	11
1898	7
1899	7
1900	7
1901	7
1902	7
1903	7
1904	11
1905	11
1906	11
1907	11
1908	11
1909	11
1910	11
1911	11
1912	11
1913	11
1914	11
1915	11
1916	7
1917	7
1918	7
1919	7
1920	7
1921	7
1922	7
1923	7
1924	11
1925	11
1926	11
1927	11
1928	11
1929	11
1930	11
1931	11
1932	11
1933	11
1934	11
1935	11
1936	11
1937	11
1938	11
1939	11
1940	11
1941	11
1942	11
1943	11
1944	11
1945	11
1946	11
1947	11
1948	11
1949	11
1950	11
1951	11
1952	11
1953	11
1954	11
1955	11
1956	11
1957	11
1958	11
1959	11
1960	11
1961	11
1962	11
1963	11
1964	11
1965	11
1966	11
1967	11
1968	11
1969	11
1970	11
1971	11
1972	11
1973	11
1974	11
1975	11
1976	4
1977	4
1978	4
1979	4
1980	4
1981	4
1982	4
1983	4
1984	4
1985	4
1986	4
1987	4
1988	4
1989	4
1990	4
1991	4
1992	4
1993	4
1994	4
1995	4
1996	4
1997	4
1998	4
1999	4
2000	4
2001	4
2002	4
2003	4
2004	4
2005	4
2006	4
2007	4
2008	4
2009	4
2010	4
2011	4
2012	4
2013	4
2014	4
2015	4
2016	4
2017	1
2018	1
2019	1
2020	1
2021	1
2022	1
2023	1
2024	1
2025	1
2026	1
2027	1
2028	1
2029	1
2030	4
2031	4
2032	4
2033	4
2034	4
2035	1
2036	1
2037	1
2038	6
2039	6
2040	6
2041	6
2042	6
2043	1
2044	1
2045	1
2046	1
2047	1
2048	6
2049	6
2050	1
2051	1
2052	1
2053	1
2054	1
2055	1
2056	1
2057	1
2058	8
2059	8
2060	8
2061	8
2062	8
2063	8
2064	8
2065	8
2066	8
2067	8
2068	1
2069	1
2070	1
2071	6
2072	1
2073	6
2074	1
2075	1
2076	1
2077	6
2078	6
2079	1
2080	6
2081	1
2082	6
2083	1
2084	1
2085	1
2086	1
2087	1
2088	1
2089	9
2090	9
2091	9
2092	9
2093	9
2094	9
2095	9
2096	10
2097	10
2098	10
2099	10
2100	10
2101	10
2102	10
2103	10
2104	10
2105	10
2106	10
2107	10
2108	10
2109	10
2110	10
2111	10
2112	10
2113	5
2114	5
2115	5
2116	2
2117	5
2118	2
2119	5
2120	2
2121	2
2122	2
2123	2
2124	1
2125	2
2126	2
2127	5
2128	2
2129	5
2130	2
2131	5
2132	5
2133	2
2134	5
2135	5
2136	5
2137	2
2138	2
2139	2
2140	2
2141	2
2142	5
2143	5
2144	5
2145	2
2146	2
2147	5
2148	2
2149	2
2150	2
2151	2
2152	5
2153	5
2154	5
2155	5
2156	5
2157	5
2158	5
2159	2
2160	5
2161	5
2162	5
2163	5
2164	5
2165	5
2166	5
2167	2
2168	2
2169	5
2170	5
2171	5
2172	5
2173	5
2174	5
2175	5
2176	2
2177	2
2178	2
2179	2
2180	5
2181	5
2182	5
2183	5
2184	5
2185	5
2186	5
2187	5
2188	5
2189	2
2190	2
2191	2
2192	2
2193	5
2194	5
2195	5
2196	2
2197	5
2198	5
2199	2
2200	5
2201	5
2202	5
2203	5
2204	2
2205	2
2206	2
2207	2
2208	2
2209	5
2210	5
2211	5
2212	5
2213	2
2214	2
2215	5
2216	5
2217	2
2218	5
2219	5
2220	5
2221	2
2222	2
2223	2
2224	5
2225	5
2226	5
2227	5
2228	2
2229	2
2230	5
2231	5
2232	5
2233	2
2234	2
2235	5
2236	2
2237	2
2238	2
2239	5
2240	5
2241	2
2242	5
2243	5
2244	5
2245	2
2246	5
2247	5
2248	5
2249	5
2250	5
2251	5
2252	5
2253	5
2254	5
2255	5
2256	5
2257	5
2258	2
2259	2
2260	2
2261	5
2262	5
2263	5
2264	5
2265	5
2266	5
2267	2
2268	2
2269	5
2270	5
2271	5
2272	5
2273	5
2274	5
2275	5
2276	5
2277	2
2278	5
2279	2
2280	5
2281	5
2282	2
2283	2
2284	1
2285	1
2286	5
2287	5
2288	5
2289	5
2290	5
2291	5
2292	5
2293	5
2294	2
2295	2
2296	2
2297	2
2298	5
2299	5
2300	5
2301	5
2302	2
2303	2
2304	2
2305	5
2306	5
2307	5
2308	5
2309	1
2310	1
2311	1
2312	7
2313	7
2314	7
2315	7
2316	7
2317	7
2318	7
2319	7
2320	7
2321	7
2322	7
2323	7
2324	7
2325	7
2326	7
2327	7
2328	7
2329	7
2330	11
2331	11
2332	11
2333	11
2334	11
2335	11
2336	11
2337	11
2338	11
2339	11
2340	11
2341	11
2342	11
2343	11
2344	11
2345	11
2346	9
2347	9
2348	9
2349	9
2350	9
2351	9
2352	9
2353	9
2354	9
2355	9
2356	9
2357	9
2358	9
2359	9
2360	9
2361	9
2362	9
2363	9
2364	9
2365	9
2366	2
2367	2
2368	2
2369	2
2370	2
2371	2
2372	2
2373	2
2374	2
2375	2
2376	2
2377	2
2378	2
2379	2
2380	2
2381	2
2382	2
2383	2
2384	2
2385	2
2386	2
2387	2
2388	2
2389	2
2390	2
2391	2
2392	2
2393	2
2394	2
2395	2
2396	2
2397	2
2398	2
2399	2
2400	2
2401	2
2402	2
2403	2
2404	2
2405	2
2406	2
2407	2
2408	2
2409	2
2410	2
2411	2
2412	2
2413	2
2414	2
2415	13
2416	13
2417	13
2418	13
2419	12
2420	12
2421	13
2422	13
2423	13
2424	13
2425	13
2426	13
2427	12
2428	12
2429	12
2430	12
2431	13
2432	13
2433	13
2434	13
2435	13
2436	13
2437	13
2438	13
2439	13
2440	13
2441	13
2442	13
2443	13
2444	13
2445	13
2446	13
2447	13
2448	13
2449	13
2450	13
2451	13
2452	13
2453	13
2454	13
2455	13
2456	13
2457	13
2458	13
2459	13
2460	13
2461	13
2462	13
2463	13
2464	13
2465	13
2466	13
2467	13
2468	13
2469	13
2470	13
2471	13
2472	13
2473	13
2474	13
2475	13
2476	13
2477	13
2478	13
2479	13
2480	13
2481	13
2482	13
2483	13
2484	13
2485	13
2486	13
2487	13
2488	13
2489	13
2490	13
2491	13
2492	13
2493	13
2494	13
2495	13
2496	12
2497	12
2498	12
2499	13
2500	13
2501	13
2502	13
2503	13
2504	13
2505	13
2506	13
2507	13
2508	12
2509	12
2510	12
2511	13
2512	13
2513	12
2514	12
2515	13
2516	13
2517	13
2518	13
2519	13
2520	13
2521	13
2522	13
2523	12
2524	13
2525	12
2526	13
2527	13
2528	13
2529	12
2530	12
2531	12
2532	12
2533	12
2534	12
2535	12
2536	12
2537	12
2538	12
2539	12
2540	12
2541	12
2542	12
2543	13
2544	12
2545	12
2546	12
2547	13
2548	13
2549	13
2550	13
2551	12
2552	12
2553	12
2554	12
2555	12
2556	12
2557	12
2558	13
2559	13
2560	13
2561	13
2562	12
2563	12
2564	13
2565	12
2566	13
2567	13
2568	12
2569	12
2570	12
2571	13
2572	13
2573	13
2574	12
2575	13
2576	13
2577	12
2578	12
2579	13
2580	12
2581	12
2582	13
2583	12
2584	13
2585	13
2586	13
2587	12
2588	12
2589	12
2590	12
2591	12
2592	12
2593	12
2594	13
2595	13
2596	13
2597	13
2598	13
2599	13
2600	13
2601	13
2602	13
2603	13
2604	12
2605	13
2606	1
2607	1
2608	1
2609	1
2610	1
2611	1
2612	1
2613	1
2614	1
2615	1
2616	1
2617	1
2618	1
2619	1
2620	1
2621	1
2622	1
2623	1
2624	1
2625	1
2626	1
2627	1
2628	1
2629	1
2630	1
2631	1
2632	1
2633	1
2634	1
2635	1
2636	1
2637	1
2638	1
2639	1
2640	8
2641	8
2642	8
2643	8
2644	4
2645	8
2646	8
2647	8
2648	8
2649	8
2650	8
2651	8
2652	8
2653	8
2654	8
2655	8
2656	4
2657	4
2658	4
2659	8
2660	4
2661	4
2662	4
2663	8
2664	4
2665	8
2666	8
2667	8
2668	8
2669	8
2670	4
2671	8
2672	4
2673	8
2674	4
2675	4
2676	8
2677	8
2678	4
2679	8
2680	8
2681	8
2682	8
2683	8
2684	8
2685	8
2686	8
2687	8
2688	11
2689	11
2690	11
2691	11
315	9
1657	3
