0	2
1	2
2	2
3	2
4	2
5	2
6	2
7	5
8	5
9	5
10	5
11	5
12	5
13	5
14	5
15	5
16	5
17	5
18	5
19	5
20	5
21	9
22	9
23	9
24	9
25	9
26	9
27	9
28	9
29	7
30	7
31	7
32	7
33	7
34	7
35	7
36	7
37	7
38	7
39	7
40	7
41	7
42	7
43	7
44	7
45	7
46	7
47	7
48	7
49	7
50	7
51	7
52	7
53	8
54	8
55	8
56	8
57	8
58	7
59	7
60	7
61	7
62	7
63	7
64	7
65	8
66	8
67	8
68	8
69	8
70	8
71	9
72	9
73	9
74	9
75	7
76	7
77	7
78	7
79	7
80	7
81	7
82	7
83	10
84	10
85	10
86	10
87	10
88	10
89	10
90	10
91	10
92	10
93	10
94	10
95	10
96	5
97	5
98	5
99	5
100	5
101	5
102	5
103	5
104	5
105	5
106	5
107	5
108	5
109	5
110	5
111	5
112	5
113	5
114	5
115	5
116	5
117	5
118	5
119	5
120	5
121	5
122	5
123	5
124	5
125	5
126	5
127	5
128	5
129	11
130	11
131	11
132	11
133	11
134	11
135	11
136	11
137	11
138	11
139	11
140	11
141	11
142	11
143	11
144	11
145	11
146	11
147	11
148	11
149	11
150	11
151	11
152	11
153	11
154	11
155	11
156	11
157	11
158	11
159	11
160	11
161	11
162	11
163	11
164	11
165	11
166	6
167	6
168	6
169	6
170	6
171	6
172	6
173	6
174	6
175	6
176	6
177	6
178	6
179	6
180	6
181	6
182	6
183	2
184	2
185	2
186	2
187	2
188	2
189	2
190	2
191	2
192	2
193	2
194	2
195	2
196	2
197	2
198	2
199	2
200	2
201	2
202	2
203	2
204	2
205	2
206	2
207	2
208	1
209	1
210	1
211	1
212	1
213	1
214	1
215	1
216	1
217	1
218	1
219	1
220	1
221	1
222	1
223	1
224	1
225	1
226	1
227	1
228	1
229	1
230	1
231	1
232	1
233	1
234	1
235	1
236	1
237	1
238	1
239	1
240	1
241	1
242	1
243	1
244	1
245	1
246	1
247	1
248	2
249	2
250	2
251	2
252	2
253	2
254	2
255	2
256	2
257	2
258	2
259	2
260	2
261	1
262	1
263	1
264	1
265	1
266	9
267	1
268	9
269	9
270	9
271	1
272	1
273	1
274	1
275	1
276	1
277	1
278	9
279	9
280	9
281	9
282	9
283	9
284	9
285	9
286	9
287	9
288	9
289	9
290	9
291	9
292	9
293	9
294	9
295	9
296	9
297	9
298	9
299	9
300	9
301	9
302	2
303	2
304	2
305	2
306	12
307	12
308	12
309	12
310	12
311	12
312	12
313	12
314	12
316	8
317	8
318	8
319	8
320	8
321	8
322	8
323	8
324	8
325	8
326	8
327	8
328	8
329	8
330	8
331	12
332	12
333	12
334	12
335	12
336	12
337	8
338	8
339	8
340	12
341	12
342	12
343	12
344	12
345	12
346	12
347	12
348	12
349	12
350	12
351	12
352	12
353	12
354	12
355	12
356	10
357	10
358	10
359	10
360	10
361	10
362	10
363	10
364	10
365	10
366	10
367	10
368	10
369	12
370	12
371	12
372	12
373	12
374	12
375	12
376	12
377	12
378	12
379	12
380	12
381	12
382	12
383	12
384	12
385	12
386	12
387	12
388	12
389	8
390	8
391	8
392	8
393	8
394	12
395	12
396	12
397	12
398	8
399	8
400	8
401	8
402	8
403	1
404	1
405	1
406	1
407	1
408	1
409	5
410	7
411	5
412	5
413	7
414	7
415	7
416	5
417	7
418	5
419	5
420	7
421	7
422	7
423	5
424	7
425	6
426	6
427	6
428	6
429	6
430	6
431	6
432	6
433	7
434	7
435	7
436	5
437	7
438	7
439	7
440	7
441	7
442	5
443	7
444	5
445	5
446	6
447	6
448	6
449	6
450	6
451	7
452	5
453	7
454	6
455	6
456	6
457	7
458	5
459	7
460	7
461	7
462	7
463	6
464	6
465	6
466	6
467	6
468	6
469	6
470	6
471	6
472	6
473	5
474	5
475	9
476	9
477	9
478	9
479	9
480	9
481	9
482	9
483	9
484	1
485	1
486	9
487	9
488	9
489	9
490	9
491	9
492	9
493	9
494	9
495	9
496	9
497	9
498	1
499	9
500	9
501	9
502	1
503	9
504	9
505	9
506	1
507	1
508	1
509	1
510	1
511	1
512	1
513	1
514	1
515	1
516	1
517	1
518	1
519	1
520	1
521	1
522	4
523	4
524	4
525	4
526	2
527	2
528	4
529	4
530	4
531	4
532	4
533	4
534	4
535	4
536	4
537	4
538	2
539	2
540	2
541	2
542	2
543	2
544	2
545	2
546	2
547	2
548	2
549	2
550	2
551	2
552	2
553	2
554	2
555	2
556	2
557	2
558	2
559	9
560	9
561	9
562	9
563	9
564	9
565	2
566	2
567	2
568	2
569	2
570	4
571	4
572	4
573	4
574	4
575	4
576	4
577	4
578	4
579	4
580	4
581	2
582	2
583	2
584	2
585	2
586	2
587	9
588	9
589	9
590	9
591	9
592	1
593	1
594	9
595	1
596	9
597	1
598	9
599	1
600	1
601	1
602	1
603	2
604	2
605	2
606	2
607	2
608	2
609	2
610	2
611	2
612	2
613	2
614	2
615	2
616	2
617	9
618	9
619	1
620	9
621	9
622	9
623	9
624	9
625	9
626	9
627	9
628	9
629	1
630	1
631	1
632	9
633	9
634	9
635	1
636	9
637	9
638	9
639	2
640	2
641	2
642	2
643	2
644	2
645	2
646	2
647	2
648	2
649	2
650	2
651	2
652	2
653	2
654	2
655	2
656	2
657	6
658	6
659	6
660	6
661	7
662	7
663	7
664	7
665	7
666	7
667	7
668	7
669	7
670	9
671	9
672	9
673	9
674	9
675	9
676	9
677	9
678	9
679	9
680	7
681	7
682	7
683	7
684	7
685	7
686	7
687	7
688	7
689	7
690	7
691	7
692	7
693	7
694	7
695	7
696	7
697	9
698	9
699	9
700	1
701	9
702	1
703	1
704	9
705	9
706	9
707	1
708	9
709	9
710	9
711	9
712	9
713	9
714	7
715	7
716	1
717	1
718	9
719	9
720	9
721	1
722	1
723	1
724	1
725	1
726	1
727	1
728	1
729	1
730	1
731	1
732	5
733	5
734	5
735	5
736	5
737	6
738	6
739	6
740	6
741	6
742	6
743	6
744	6
745	5
746	5
747	5
748	5
749	5
750	5
751	5
752	5
753	5
754	5
755	5
756	5
757	5
758	5
759	5
760	5
761	5
762	5
763	5
764	5
765	5
766	6
767	6
768	6
769	6
770	5
771	5
772	6
773	6
774	6
775	6
776	6
777	6
778	6
779	6
780	6
781	6
782	6
783	6
784	6
785	1
786	6
787	6
788	6
789	6
790	6
791	1
792	1
793	1
794	1
795	1
796	1
797	1
798	1
799	1
800	1
801	6
802	6
803	6
804	6
805	1
806	1
807	1
808	6
809	6
810	6
811	8
812	8
813	13
814	8
815	13
816	13
817	13
818	8
819	13
820	13
821	8
822	13
823	13
824	13
825	13
826	13
827	13
828	13
829	8
830	8
831	13
832	13
833	13
834	8
835	8
836	8
837	8
838	13
839	13
840	8
841	13
842	8
843	13
844	13
845	13
846	13
847	8
848	13
849	13
850	13
851	13
852	13
853	13
854	13
855	13
856	8
857	13
858	2
859	2
860	2
861	2
862	2
863	2
864	2
865	2
866	2
867	2
868	2
869	2
870	2
871	13
872	13
873	13
874	13
875	13
876	13
877	13
878	13
879	13
880	13
881	13
882	13
883	8
884	13
885	8
886	13
887	13
888	13
889	13
890	13
891	13
892	8
893	8
894	8
895	8
896	13
897	13
898	13
899	13
900	13
901	13
902	13
903	13
904	13
905	8
906	13
907	13
908	13
909	13
910	13
911	13
912	8
913	13
914	13
915	13
916	13
917	13
918	13
919	13
920	13
921	13
922	13
923	13
924	13
925	8
926	13
927	13
928	13
929	13
930	8
931	8
932	13
933	13
934	13
935	13
936	13
937	13
938	13
939	13
940	13
941	13
942	8
943	13
944	13
945	13
946	13
947	13
948	13
949	8
950	13
951	13
952	13
953	13
954	13
955	13
956	13
957	13
958	8
959	13
960	13
961	13
962	8
963	13
964	8
965	13
966	13
967	13
968	13
969	13
970	13
971	13
972	13
973	13
974	13
975	8
976	13
977	13
978	13
979	13
980	13
981	13
982	8
983	8
984	8
985	11
986	11
987	11
988	11
989	11
990	11
991	11
992	11
993	11
994	11
995	11
996	11
997	11
998	11
999	11
1000	6
1001	11
1002	11
1003	11
1004	11
1005	11
1006	11
1007	8
1008	8
1009	11
1010	8
1011	8
1012	8
1013	8
1014	8
1015	8
1016	8
1017	8
1018	8
1019	8
1020	8
1021	8
1022	8
1023	8
1024	8
1025	8
1026	8
1027	8
1028	8
1029	8
1030	8
1031	8
1032	8
1033	8
1034	8
1035	8
1036	8
1037	5
1038	8
1039	8
1040	8
1041	8
1042	8
1043	8
1044	8
1045	8
1046	8
1047	8
1048	8
1049	8
1050	8
1051	8
1052	8
1053	8
1054	8
1055	8
1056	5
1057	8
1058	8
1059	8
1060	8
1061	8
1062	8
1063	8
1064	8
1065	5
1066	5
1067	5
1068	8
1069	8
1070	8
1071	8
1072	8
1073	8
1074	8
1075	2
1076	2
1077	2
1078	2
1079	2
1080	2
1081	2
1082	2
1083	2
1084	2
1085	2
1086	2
1087	9
1088	9
1089	9
1090	9
1091	9
1092	9
1093	9
1094	9
1095	9
1096	9
1097	9
1098	9
1099	9
1100	9
1101	9
1102	9
1103	9
1104	9
1105	9
1106	9
1107	13
1108	12
1109	12
1110	13
1111	12
1112	13
1113	13
1114	12
1115	13
1116	13
1117	13
1118	12
1119	12
1120	12
1121	13
1122	12
1123	13
1124	12
1125	12
1126	12
1127	13
1128	12
1129	13
1130	12
1131	12
1132	13
1133	12
1134	12
1135	12
1136	13
1137	13
1138	13
1139	13
1140	13
1141	13
1142	12
1143	13
1144	12
1145	12
1146	13
1147	13
1148	13
1149	13
1150	13
1151	12
1152	13
1153	12
1154	1
1155	1
1156	1
1157	1
1158	1
1159	1
1160	1
1161	1
1162	1
1163	1
1164	1
1165	1
1166	1
1167	1
1168	1
1169	8
1170	8
1171	8
1172	8
1173	8
1174	8
1175	8
1176	8
1177	8
1178	8
1179	8
1180	8
1181	8
1182	8
1183	8
1184	8
1185	8
1186	8
1187	8
1188	8
1189	8
1190	8
1191	8
1192	8
1193	8
1194	8
1195	8
1196	8
1197	8
1198	8
1199	8
1200	4
1201	4
1202	13
1203	13
1204	13
1205	13
1206	13
1207	13
1208	4
1209	13
1210	13
1211	4
1212	4
1213	13
1214	13
1215	13
1216	13
1217	13
1218	13
1219	13
1220	13
1221	13
1222	13
1223	13
1224	13
1225	13
1226	13
1227	13
1228	13
1229	13
1230	13
1231	13
1232	4
1233	13
1234	13
1235	13
1236	13
1237	13
1238	13
1239	13
1240	9
1241	9
1242	9
1243	9
1244	9
1245	9
1246	9
1247	9
1248	9
1249	1
1250	9
1251	1
1252	9
1253	7
1254	7
1255	7
1256	7
1257	7
1258	9
1259	9
1260	1
1261	9
1262	9
1263	9
1264	7
1265	7
1266	7
1267	7
1268	7
1269	7
1270	7
1271	7
1272	7
1273	7
1274	7
1275	7
1276	7
1277	7
1278	1
1279	1
1280	1
1281	9
1282	9
1283	9
1284	7
1285	7
1286	7
1287	7
1288	1
1289	1
1290	1
1291	1
1292	1
1293	1
1294	1
1295	1
1296	1
1297	1
1298	1
1299	1
1300	1
1301	1
1302	1
1303	7
1304	7
1305	7
1306	7
1307	7
1308	7
1309	7
1310	7
1311	7
1312	7
1313	7
1314	13
1315	13
1316	13
1317	13
1318	13
1319	13
1320	13
1321	13
1322	13
1323	13
1324	13
1325	13
1326	13
1327	13
1328	13
1329	13
1330	13
1331	13
1332	13
1333	13
1334	13
1335	13
1336	13
1337	13
1338	13
1339	13
1340	13
1341	13
1342	13
1343	13
1344	13
1345	13
1346	7
1347	7
1348	7
1349	7
1350	7
1351	7
1352	7
1353	7
1354	7
1355	7
1356	7
1357	7
1358	7
1359	7
1360	7
1361	7
1362	7
1363	10
1364	10
1365	10
1366	10
1367	10
1368	10
1369	10
1370	10
1371	10
1372	10
1373	10
1374	10
1375	10
1376	10
1377	10
1378	10
1379	10
1380	10
1381	1
1382	1
1383	1
1384	1
1385	1
1386	1
1387	1
1388	1
1389	1
1390	1
1391	1
1392	1
1393	1
1394	1
1395	1
1396	1
1397	7
1398	7
1399	7
1400	7
1401	7
1402	7
1403	7
1404	7
1405	7
1406	7
1407	7
1408	7
1409	7
1410	7
1411	7
1412	7
1413	7
1414	7
1415	7
1416	7
1417	7
1418	7
1419	7
1420	7
1421	7
1422	7
1423	7
1424	7
1425	7
1426	7
1427	7
1428	4
1429	4
1430	4
1431	4
1432	4
1433	4
1434	4
1435	4
1436	4
1437	4
1438	4
1439	4
1440	4
1441	5
1442	5
1443	5
1444	5
1445	5
1446	5
1447	5
1448	5
1449	5
1450	5
1451	5
1452	5
1453	5
1454	5
1455	4
1456	4
1457	4
1458	4
1459	4
1460	4
1461	4
1462	4
1463	4
1464	4
1465	1
1466	1
1467	1
1468	1
1469	1
1470	1
1471	1
1472	1
1473	1
1474	1
1475	1
1476	1
1477	1
1478	1
1479	1
1480	1
1481	1
1482	1
1483	1
1484	1
1485	1
1486	1
1487	1
1488	1
1489	8
1490	8
1491	8
1492	8
1493	8
1494	8
1495	8
1496	8
1497	8
1498	8
1499	8
1500	8
1501	7
1502	7
1503	7
1504	2
1505	7
1506	7
1507	2
1508	7
1509	2
1510	7
1511	2
1512	2
1513	2
1514	7
1515	7
1516	7
1517	2
1518	2
1519	2
1520	7
1521	2
1522	2
1523	2
1524	2
1525	2
1526	2
1527	7
1528	7
1529	6
1530	6
1531	6
1532	6
1533	6
1534	6
1535	6
1536	6
1537	6
1538	6
1539	6
1540	6
1541	6
1542	6
1543	6
1544	6
1545	6
1546	6
1547	6
1548	6
1549	6
1550	6
1551	6
1552	10
1553	10
1554	4
1555	10
1556	4
1557	10
1558	10
1559	10
1560	10
1561	10
1562	4
1563	10
1564	10
1565	10
1566	10
1567	10
1568	10
1569	10
1570	10
1571	10
1572	10
1573	10
1574	10
1575	10
1576	5
1577	5
1578	5
1579	5
1580	5
1581	5
1582	5
1583	5
1584	5
1585	5
1586	5
1587	5
1588	5
1589	5
1590	5
1591	5
1592	5
1593	7
1594	7
1595	7
1596	7
1597	7
1598	7
1599	7
1600	7
1601	7
1602	4
1603	10
1604	4
1605	4
1606	4
1607	10
1608	4
1609	4
1610	4
1611	4
1612	4
1613	10
1614	10
1615	4
1616	4
1617	4
1618	1
1619	1
1620	1
1621	1
1622	1
1623	1
1624	1
1625	1
1626	1
1627	1
1628	1
1629	5
1630	5
1631	5
1632	5
1633	5
1634	5
1635	5
1636	5
1637	5
1638	5
1639	5
1640	5
1641	5
1642	5
1643	5
1644	1
1645	1
1646	1
1647	1
1648	1
1649	5
1650	5
1651	5
1652	5
1653	5
1654	5
1655	5
1656	5
1658	5
1659	5
1660	5
1661	5
1662	5
1663	5
1664	5
1665	5
1666	5
1667	5
1668	5
1669	5
1670	5
1671	5
1672	5
1673	1
1674	5
1675	5
1676	5
1677	1
1678	9
1679	9
1680	9
1681	9
1682	9
1683	9
1684	9
1685	5
1686	5
1687	5
1688	5
1689	5
1690	5
1691	5
1692	5
1693	5
1694	5
1695	5
1696	5
1697	5
1698	5
1699	5
1700	5
1701	5
1702	5
1703	4
1704	4
1705	5
1706	5
1707	5
1708	5
1709	5
1710	5
1711	5
1712	5
1713	1
1714	1
1715	1
1716	1
1717	1
1718	1
1719	1
1720	1
1721	1
1722	1
1723	1
1724	1
1725	5
1726	5
1727	5
1728	1
1729	5
1730	5
1731	5
1732	5
1733	5
1734	5
1735	5
1736	5
1737	5
1738	5
1739	5
1740	5
1741	5
1742	7
1743	7
1744	7
1745	7
1746	7
1747	7
1748	7
1749	7
1750	7
1751	7
1752	7
1753	7
1754	7
1755	7
1756	7
1757	1
1758	1
1759	1
1760	1
1761	7
1762	7
1763	7
1764	7
1765	7
1766	7
1767	7
1768	7
1769	7
1770	7
1771	7
1772	7
1773	7
1774	1
1775	1
1776	1
1777	1
1778	1
1779	1
1780	1
1781	1
1782	1
1783	1
1784	1
1785	1
1786	1
1787	7
1788	7
1789	7
1790	7
1791	7
1792	7
1793	7
1794	7
1795	1
1796	1
1797	1
1798	1
1799	7
1800	7
1801	7
1802	7
1803	7
1804	7
1805	7
1806	7
1807	7
1808	7
1809	4
1810	4
1811	4
1812	3
1813	4
1814	3
1815	4
1816	4
1817	3
1818	4
1819	4
1820	4
1821	4
1822	4
1823	4
1824	3
1825	4
1826	4
1827	4
1828	4
1829	4
1830	9
1831	9
1832	9
1833	9
1834	9
1835	3
1836	3
1837	9
1838	4
1839	4
1840	10
1841	10
1842	10
1843	10
1844	10
1845	4
1846	4
1847	4
1848	4
1849	4
1850	4
1851	4
1852	4
1853	4
1854	4
1855	3
1856	3
1857	1
1858	1
1859	1
1860	1
1861	1
1862	1
1863	3
1864	4
1865	4
1866	4
1867	4
1868	4
1869	4
1870	4
1871	4
1872	6
1873	6
1874	9
1875	6
1876	6
1877	6
1878	6
1879	6
1880	9
1881	6
1882	6
1883	9
1884	9
1885	9
1886	6
1887	6
1888	6
1889	9
1890	6
1891	6
1892	9
1893	6
1894	6
1895	2
1896	2
1897	2
1898	1
1899	1
1900	1
1901	8
1902	1
1903	8
1904	2
1905	2
1906	2
1907	2
1908	2
1909	2
1910	2
1911	2
1912	2
1913	2
1914	2
1915	2
1916	1
1917	1
1918	8
1919	8
1920	8
1921	1
1922	8
1923	8
1924	2
1925	2
1926	2
1927	2
1928	2
1929	2
1930	2
1931	2
1932	2
1933	2
1934	2
1935	2
1936	2
1937	2
1938	2
1939	2
1940	2
1941	2
1942	2
1943	2
1944	2
1945	2
1946	2
1947	2
1948	2
1949	2
1950	2
1951	2
1952	2
1953	2
1954	2
1955	2
1956	2
1957	2
1958	2
1959	2
1960	2
1961	2
1962	2
1963	2
1964	2
1965	2
1966	2
1967	2
1968	2
1969	2
1970	2
1971	2
1972	2
1973	2
1974	2
1975	2
1976	6
1977	6
1978	6
1979	6
1980	6
1981	6
1982	6
1983	6
1984	6
1985	6
1986	6
1987	6
1988	6
1989	6
1990	6
1991	6
1992	6
1993	6
1994	6
1995	6
1996	6
1997	6
1998	6
1999	6
2000	6
2001	6
2002	6
2003	6
2004	6
2005	6
2006	6
2007	6
2008	6
2009	6
2010	6
2011	6
2012	6
2013	6
2014	6
2015	6
2016	6
2017	9
2018	9
2019	9
2020	9
2021	9
2022	9
2023	9
2024	6
2025	9
2026	9
2027	9
2028	9
2029	9
2030	6
2031	6
2032	6
2033	6
2034	6
2035	6
2036	6
2037	6
2038	9
2039	9
2040	9
2041	9
2042	9
2043	9
2044	9
2045	9
2046	6
2047	6
2048	9
2049	9
2050	9
2051	6
2052	6
2053	6
2054	6
2055	6
2056	6
2057	6
2058	10
2059	10
2060	10
2061	10
2062	10
2063	10
2064	10
2065	10
2066	10
2067	10
2068	9
2069	9
2070	9
2071	9
2072	9
2073	9
2074	9
2075	9
2076	9
2077	9
2078	9
2079	9
2080	9
2081	9
2082	9
2083	9
2084	9
2085	9
2086	9
2087	9
2088	9
2089	5
2090	5
2091	5
2092	5
2093	5
2094	5
2095	5
2096	2
2097	2
2098	2
2099	2
2100	2
2101	2
2102	2
2103	2
2104	7
2105	2
2106	2
2107	2
2108	2
2109	2
2110	2
2111	2
2112	2
2113	3
2114	3
2115	3
2116	3
2117	3
2118	4
2119	3
2120	3
2121	3
2122	3
2123	4
2124	9
2125	3
2126	3
2127	3
2128	3
2129	3
2130	3
2131	3
2132	3
2133	4
2134	3
2135	3
2136	4
2137	4
2138	4
2139	3
2140	4
2141	3
2142	3
2143	3
2144	3
2145	3
2146	4
2147	3
2148	3
2149	3
2150	3
2151	3
2152	3
2153	3
2154	3
2155	3
2156	3
2157	3
2158	3
2159	3
2160	3
2161	3
2162	3
2163	3
2164	4
2165	4
2166	3
2167	3
2168	3
2169	3
2170	3
2171	3
2172	3
2173	3
2174	3
2175	3
2176	4
2177	4
2178	3
2179	3
2180	4
2181	4
2182	3
2183	3
2184	3
2185	3
2186	3
2187	3
2188	3
2189	3
2190	3
2191	3
2192	3
2193	3
2194	3
2195	3
2196	4
2197	3
2198	3
2199	4
2200	3
2201	3
2202	3
2203	3
2204	3
2205	3
2206	3
2207	3
2208	3
2209	3
2210	3
2211	3
2212	3
2213	3
2214	3
2215	3
2216	4
2217	3
2218	3
2219	3
2220	3
2221	3
2222	3
2223	4
2224	3
2225	3
2226	3
2227	3
2228	3
2229	3
2230	4
2231	4
2232	3
2233	4
2234	4
2235	3
2236	4
2237	4
2238	4
2239	3
2240	3
2241	3
2242	4
2243	3
2244	3
2245	4
2246	3
2247	4
2248	4
2249	3
2250	3
2251	3
2252	3
2253	3
2254	3
2255	3
2256	4
2257	3
2258	3
2259	3
2260	3
2261	4
2262	4
2263	3
2264	3
2265	3
2266	3
2267	3
2268	3
2269	3
2270	3
2271	3
2272	3
2273	3
2274	3
2275	3
2276	3
2277	4
2278	3
2279	3
2280	3
2281	3
2282	3
2283	4
2284	9
2285	9
2286	3
2287	3
2288	3
2289	3
2290	3
2291	3
2292	3
2293	3
2294	3
2295	3
2296	3
2297	3
2298	3
2299	3
2300	4
2301	3
2302	4
2303	3
2304	4
2305	3
2306	3
2307	3
2308	3
2309	9
2310	9
2311	9
2312	8
2313	8
2314	8
2315	8
2316	8
2317	8
2318	8
2319	8
2320	8
2321	8
2322	8
2323	8
2324	8
2325	8
2326	8
2327	8
2328	8
2329	8
2330	2
2331	2
2332	2
2333	2
2334	2
2335	2
2336	2
2337	2
2338	2
2339	2
2340	2
2341	2
2342	2
2343	2
2344	2
2345	2
2346	8
2347	8
2348	8
2349	8
2350	8
2351	8
2352	8
2353	8
2354	8
2355	8
2356	8
2357	8
2358	8
2359	8
2360	8
2361	8
2362	8
2363	8
2364	8
2365	8
2366	4
2367	4
2368	4
2369	4
2370	4
2371	4
2372	4
2373	4
2374	4
2375	4
2376	4
2377	4
2378	4
2379	4
2380	4
2381	4
2382	4
2383	4
2384	4
2385	4
2386	4
2387	4
2388	4
2389	4
2390	4
2391	4
2392	4
2393	4
2394	4
2395	4
2396	4
2397	4
2398	4
2399	4
2400	4
2401	4
2402	4
2403	4
2404	4
2405	4
2406	4
2407	4
2408	4
2409	4
2410	4
2411	4
2412	4
2413	4
2414	4
2415	12
2416	12
2417	12
2418	12
2419	11
2420	11
2421	11
2422	12
2423	12
2424	12
2425	12
2426	12
2427	11
2428	11
2429	11
2430	11
2431	11
2432	11
2433	12
2434	11
2435	12
2436	12
2437	12
2438	11
2439	11
2440	11
2441	11
2442	12
2443	12
2444	12
2445	11
2446	11
2447	11
2448	12
2449	12
2450	12
2451	12
2452	12
2453	12
2454	12
2455	12
2456	12
2457	12
2458	12
2459	12
2460	11
2461	11
2462	12
2463	12
2464	12
2465	11
2466	11
2467	12
2468	12
2469	12
2470	12
2471	12
2472	12
2473	11
2474	11
2475	12
2476	12
2477	12
2478	12
2479	12
2480	12
2481	12
2482	12
2483	12
2484	12
2485	12
2486	12
2487	12
2488	12
2489	12
2490	12
2491	12
2492	12
2493	12
2494	12
2495	12
2496	11
2497	11
2498	11
2499	11
2500	12
2501	12
2502	12
2503	12
2504	12
2505	12
2506	12
2507	12
2508	11
2509	11
2510	11
2511	11
2512	11
2513	11
2514	11
2515	12
2516	11
2517	11
2518	12
2519	11
2520	12
2521	11
2522	11
2523	11
2524	11
2525	11
2526	12
2527	11
2528	12
2529	11
2530	11
2531	11
2532	11
2533	11
2534	11
2535	11
2536	11
2537	11
2538	11
2539	11
2540	11
2541	11
2542	11
2543	12
2544	11
2545	11
2546	11
2547	11
2548	11
2549	11
2550	11
2551	11
2552	11
2553	11
2554	11
2555	11
2556	11
2557	11
2558	12
2559	12
2560	11
2561	11
2562	11
2563	11
2564	11
2565	11
2566	11
2567	11
2568	11
2569	11
2570	11
2571	11
2572	11
2573	11
2574	11
2575	12
2576	12
2577	11
2578	12
2579	11
2580	11
2581	11
2582	11
2583	12
2584	11
2585	12
2586	12
2587	11
2588	11
2589	11
2590	11
2591	11
2592	11
2593	11
2594	12
2595	12
2596	12
2597	12
2598	12
2599	12
2600	11
2601	11
2602	11
2603	11
2604	11
2605	11
2606	9
2607	9
2608	9
2609	9
2610	9
2611	9
2612	9
2613	9
2614	9
2615	9
2616	9
2617	9
2618	9
2619	9
2620	9
2621	9
2622	9
2623	9
2624	9
2625	9
2626	9
2627	9
2628	9
2629	9
2630	9
2631	9
2632	9
2633	9
2634	9
2635	9
2636	9
2637	9
2638	9
2639	9
2640	10
2641	10
2642	10
2643	10
2644	10
2645	10
2646	10
2647	10
2648	10
2649	10
2650	10
2651	10
2652	10
2653	10
2654	10
2655	10
2656	10
2657	10
2658	10
2659	10
2660	10
2661	10
2662	10
2663	10
2664	10
2665	10
2666	10
2667	10
2668	10
2669	10
2670	10
2671	10
2672	10
2673	10
2674	10
2675	10
2676	10
2677	10
2678	10
2679	10
2680	10
2681	10
2682	10
2683	10
2684	10
2685	10
2686	10
2687	10
2688	2
2689	2
2690	2
2691	2
315	8
1657	5
