0	4
1	4
2	4
3	4
4	4
5	4
6	4
7	1
8	1
9	1
10	1
11	6
12	6
13	6
14	6
15	6
16	1
17	6
18	1
19	1
20	1
21	2
22	2
23	2
24	2
25	2
26	2
27	2
28	2
29	8
30	8
31	8
32	8
33	8
34	8
35	8
36	8
37	8
38	8
39	8
40	8
41	8
42	8
43	8
44	8
45	8
46	8
47	8
48	8
49	8
50	8
51	8
52	8
53	11
54	11
55	11
56	11
57	11
58	8
59	8
60	8
61	8
62	8
63	8
64	8
65	11
66	11
67	11
68	11
69	11
70	11
71	2
72	2
73	2
74	2
75	8
76	8
77	8
78	8
79	8
80	8
81	8
82	8
83	9
84	9
85	9
86	9
87	9
88	9
89	9
90	9
91	9
92	9
93	9
94	9
95	9
96	6
97	6
98	1
99	6
100	6
101	6
102	1
103	6
104	1
105	1
106	6
107	1
108	1
109	6
110	6
111	6
112	6
113	6
114	1
115	6
116	6
117	6
118	6
119	6
120	6
121	6
122	6
123	6
124	6
125	6
126	6
127	6
128	6
129	3
130	3
131	3
132	3
133	3
134	3
135	3
136	3
137	3
138	3
139	3
140	3
141	3
142	3
143	3
144	3
145	3
146	3
147	3
148	3
149	3
150	3
151	3
152	3
153	3
154	3
155	3
156	3
157	3
158	3
159	3
160	3
161	3
162	3
163	3
164	3
165	3
166	9
167	9
168	9
169	9
170	9
171	9
172	9
173	9
174	9
175	9
176	9
177	9
178	9
179	9
180	9
181	9
182	9
183	4
184	4
185	4
186	4
187	4
188	4
189	4
190	4
191	4
192	4
193	4
194	4
195	4
196	4
197	4
198	4
199	4
200	4
201	4
202	4
203	4
204	4
205	4
206	4
207	4
208	2
209	2
210	2
211	2
212	2
213	2
214	2
215	2
216	2
217	2
218	2
219	2
220	2
221	2
222	2
223	2
224	2
225	2
226	3
227	3
228	3
229	3
230	3
231	3
232	3
233	3
234	3
235	3
236	2
237	2
238	2
239	2
240	2
241	2
242	2
243	2
244	2
245	2
246	2
247	2
248	4
249	4
250	4
251	4
252	4
253	4
254	4
255	4
256	4
257	4
258	4
259	4
260	4
261	2
262	2
263	2
264	2
265	2
266	2
267	2
268	3
269	5
270	5
271	2
272	2
273	2
274	2
275	2
276	2
277	2
278	3
279	5
280	5
281	5
282	3
283	3
284	3
285	3
286	5
287	5
288	3
289	5
290	3
291	3
292	5
293	3
294	5
295	3
296	5
297	5
298	5
299	3
300	5
301	5
302	4
303	4
304	4
305	4
306	11
307	2
308	2
309	11
310	11
311	11
312	11
313	2
314	11
316	6
317	6
318	6
319	6
320	6
321	6
322	6
323	6
324	6
325	6
326	6
327	6
328	6
329	6
330	6
331	2
332	11
333	2
334	2
335	11
336	11
337	6
338	6
339	6
340	11
341	11
342	2
343	2
344	2
345	11
346	2
347	11
348	11
349	2
350	11
351	2
352	2
353	11
354	2
355	11
356	3
357	3
358	13
359	3
360	3
361	13
362	3
363	3
364	3
365	13
366	3
367	13
368	13
369	11
370	2
371	11
372	11
373	11
374	2
375	11
376	11
377	2
378	2
379	2
380	2
381	2
382	2
383	2
384	2
385	2
386	2
387	11
388	11
389	6
390	6
391	6
392	6
393	6
394	2
395	2
396	11
397	11
398	6
399	6
400	6
401	6
402	6
403	2
404	2
405	2
406	2
407	2
408	2
409	1
410	8
411	8
412	8
413	8
414	8
415	8
416	8
417	8
418	8
419	8
420	8
421	8
422	8
423	8
424	8
425	9
426	9
427	9
428	9
429	9
430	9
431	9
432	9
433	8
434	8
435	8
436	8
437	8
438	8
439	8
440	8
441	8
442	8
443	8
444	8
445	1
446	9
447	9
448	9
449	9
450	9
451	8
452	1
453	8
454	9
455	9
456	9
457	8
458	1
459	8
460	1
461	8
462	8
463	9
464	9
465	9
466	9
467	9
468	9
469	9
470	9
471	9
472	9
473	8
474	1
475	5
476	5
477	3
478	3
479	3
480	3
481	3
482	3
483	3
484	2
485	2
486	3
487	3
488	3
489	5
490	5
491	5
492	5
493	5
494	5
495	3
496	3
497	3
498	2
499	3
500	3
501	3
502	2
503	3
504	3
505	3
506	2
507	2
508	2
509	2
510	2
511	2
512	2
513	2
514	2
515	2
516	2
517	2
518	2
519	2
520	2
521	2
522	7
523	7
524	7
525	7
526	4
527	4
528	7
529	7
530	7
531	7
532	7
533	7
534	7
535	7
536	7
537	7
538	4
539	4
540	4
541	4
542	4
543	4
544	4
545	4
546	4
547	4
548	4
549	4
550	4
551	4
552	4
553	4
554	4
555	4
556	4
557	4
558	4
559	2
560	2
561	2
562	2
563	2
564	2
565	4
566	4
567	4
568	4
569	4
570	7
571	7
572	7
573	7
574	7
575	7
576	7
577	7
578	7
579	7
580	7
581	4
582	4
583	4
584	4
585	4
586	4
587	5
588	5
589	5
590	5
591	5
592	5
593	5
594	5
595	5
596	5
597	5
598	5
599	5
600	5
601	5
602	5
603	4
604	4
605	4
606	4
607	4
608	4
609	4
610	4
611	4
612	4
613	4
614	4
615	4
616	4
617	5
618	5
619	5
620	5
621	5
622	5
623	5
624	5
625	5
626	5
627	5
628	5
629	5
630	5
631	5
632	5
633	5
634	5
635	5
636	5
637	5
638	5
639	4
640	4
641	4
642	4
643	4
644	4
645	4
646	4
647	4
648	4
649	4
650	4
651	4
652	4
653	4
654	4
655	4
656	4
657	5
658	5
659	5
660	5
661	8
662	8
663	1
664	1
665	1
666	1
667	1
668	1
669	1
670	3
671	3
672	3
673	3
674	3
675	3
676	3
677	3
678	3
679	3
680	1
681	1
682	1
683	8
684	1
685	8
686	8
687	1
688	8
689	8
690	8
691	8
692	8
693	8
694	1
695	8
696	8
697	3
698	3
699	3
700	3
701	3
702	3
703	3
704	3
705	3
706	3
707	3
708	3
709	3
710	3
711	3
712	3
713	3
714	1
715	1
716	2
717	2
718	3
719	3
720	3
721	2
722	2
723	2
724	2
725	2
726	2
727	2
728	2
729	2
730	2
731	2
732	6
733	6
734	6
735	6
736	6
737	3
738	5
739	5
740	3
741	5
742	5
743	5
744	5
745	6
746	6
747	6
748	6
749	6
750	6
751	6
752	6
753	6
754	6
755	6
756	6
757	6
758	6
759	6
760	6
761	6
762	6
763	6
764	6
765	6
766	5
767	5
768	5
769	5
770	6
771	6
772	5
773	5
774	5
775	5
776	3
777	5
778	3
779	5
780	3
781	3
782	3
783	3
784	5
785	2
786	5
787	3
788	5
789	5
790	5
791	2
792	2
793	2
794	2
795	2
796	2
797	2
798	2
799	2
800	2
801	5
802	5
803	5
804	5
805	2
806	2
807	2
808	5
809	5
810	5
811	12
812	7
813	12
814	12
815	12
816	12
817	12
818	7
819	7
820	7
821	12
822	12
823	12
824	12
825	12
826	12
827	7
828	12
829	7
830	12
831	12
832	12
833	12
834	12
835	12
836	12
837	12
838	12
839	12
840	12
841	12
842	12
843	12
844	12
845	12
846	12
847	7
848	7
849	7
850	7
851	7
852	12
853	12
854	12
855	12
856	7
857	7
858	4
859	4
860	4
861	4
862	4
863	4
864	4
865	4
866	4
867	4
868	4
869	4
870	4
871	12
872	12
873	12
874	12
875	12
876	12
877	12
878	12
879	12
880	7
881	12
882	12
883	12
884	12
885	12
886	12
887	12
888	12
889	12
890	12
891	7
892	7
893	12
894	12
895	12
896	12
897	12
898	12
899	7
900	7
901	7
902	12
903	12
904	12
905	12
906	12
907	12
908	7
909	12
910	7
911	7
912	7
913	7
914	12
915	12
916	12
917	12
918	12
919	12
920	7
921	7
922	7
923	7
924	7
925	12
926	12
927	12
928	12
929	12
930	12
931	12
932	7
933	7
934	12
935	12
936	12
937	12
938	7
939	7
940	7
941	7
942	12
943	7
944	7
945	7
946	12
947	12
948	12
949	12
950	7
951	7
952	7
953	7
954	7
955	7
956	7
957	12
958	12
959	12
960	7
961	7
962	12
963	12
964	12
965	12
966	7
967	7
968	7
969	12
970	12
971	12
972	12
973	12
974	7
975	7
976	12
977	12
978	7
979	7
980	12
981	12
982	6
983	12
984	6
985	3
986	3
987	3
988	3
989	3
990	3
991	3
992	3
993	3
994	3
995	3
996	3
997	3
998	3
999	3
1000	3
1001	3
1002	3
1003	3
1004	3
1005	3
1006	3
1007	6
1008	12
1009	3
1010	6
1011	12
1012	12
1013	12
1014	6
1015	12
1016	6
1017	6
1018	12
1019	12
1020	6
1021	6
1022	6
1023	6
1024	6
1025	6
1026	6
1027	6
1028	12
1029	12
1030	6
1031	12
1032	6
1033	12
1034	6
1035	6
1036	6
1037	6
1038	6
1039	12
1040	6
1041	6
1042	6
1043	6
1044	12
1045	12
1046	6
1047	6
1048	12
1049	12
1050	6
1051	12
1052	12
1053	6
1054	6
1055	6
1056	6
1057	6
1058	6
1059	6
1060	6
1061	6
1062	12
1063	6
1064	6
1065	6
1066	6
1067	6
1068	6
1069	6
1070	6
1071	12
1072	6
1073	6
1074	6
1075	4
1076	4
1077	4
1078	4
1079	4
1080	4
1081	4
1082	4
1083	4
1084	4
1085	4
1086	4
1087	5
1088	2
1089	2
1090	2
1091	5
1092	2
1093	2
1094	5
1095	5
1096	5
1097	2
1098	2
1099	2
1100	2
1101	2
1102	5
1103	2
1104	5
1105	5
1106	5
1107	11
1108	11
1109	11
1110	11
1111	11
1112	11
1113	11
1114	11
1115	11
1116	11
1117	11
1118	11
1119	11
1120	11
1121	11
1122	11
1123	11
1124	11
1125	11
1126	11
1127	11
1128	11
1129	11
1130	11
1131	11
1132	11
1133	11
1134	11
1135	11
1136	11
1137	11
1138	12
1139	11
1140	11
1141	11
1142	11
1143	11
1144	11
1145	11
1146	11
1147	11
1148	11
1149	11
1150	11
1151	11
1152	11
1153	11
1154	11
1155	11
1156	11
1157	11
1158	11
1159	11
1160	11
1161	11
1162	2
1163	2
1164	2
1165	2
1166	11
1167	11
1168	11
1169	12
1170	6
1171	12
1172	12
1173	6
1174	6
1175	6
1176	12
1177	12
1178	12
1179	12
1180	12
1181	12
1182	12
1183	12
1184	6
1185	12
1186	6
1187	6
1188	12
1189	6
1190	6
1191	6
1192	12
1193	12
1194	6
1195	12
1196	6
1197	12
1198	6
1199	12
1200	7
1201	7
1202	7
1203	7
1204	7
1205	7
1206	7
1207	7
1208	7
1209	7
1210	7
1211	7
1212	7
1213	7
1214	7
1215	7
1216	7
1217	7
1218	7
1219	7
1220	7
1221	7
1222	7
1223	7
1224	7
1225	7
1226	7
1227	7
1228	7
1229	7
1230	7
1231	7
1232	7
1233	7
1234	7
1235	7
1236	7
1237	7
1238	7
1239	7
1240	3
1241	3
1242	3
1243	3
1244	3
1245	3
1246	3
1247	3
1248	3
1249	3
1250	3
1251	3
1252	3
1253	8
1254	8
1255	8
1256	8
1257	8
1258	3
1259	3
1260	3
1261	3
1262	3
1263	3
1264	8
1265	8
1266	8
1267	8
1268	8
1269	8
1270	8
1271	8
1272	8
1273	8
1274	8
1275	8
1276	8
1277	8
1278	2
1279	2
1280	2
1281	3
1282	3
1283	3
1284	8
1285	8
1286	8
1287	8
1288	2
1289	2
1290	2
1291	2
1292	2
1293	2
1294	2
1295	2
1296	2
1297	2
1298	2
1299	2
1300	2
1301	2
1302	2
1303	8
1304	8
1305	8
1306	8
1307	8
1308	8
1309	8
1310	8
1311	8
1312	8
1313	8
1314	12
1315	12
1316	12
1317	12
1318	12
1319	12
1320	12
1321	12
1322	12
1323	12
1324	12
1325	12
1326	12
1327	12
1328	12
1329	12
1330	12
1331	12
1332	12
1333	12
1334	12
1335	12
1336	11
1337	12
1338	12
1339	12
1340	11
1341	11
1342	12
1343	12
1344	12
1345	12
1346	8
1347	4
1348	4
1349	4
1350	4
1351	4
1352	4
1353	4
1354	4
1355	4
1356	4
1357	4
1358	4
1359	4
1360	4
1361	4
1362	8
1363	13
1364	13
1365	13
1366	13
1367	13
1368	13
1369	13
1370	13
1371	13
1372	13
1373	13
1374	13
1375	13
1376	13
1377	13
1378	13
1379	13
1380	13
1381	11
1382	11
1383	11
1384	11
1385	11
1386	11
1387	11
1388	11
1389	11
1390	11
1391	11
1392	11
1393	11
1394	11
1395	11
1396	11
1397	8
1398	8
1399	8
1400	8
1401	8
1402	8
1403	8
1404	8
1405	8
1406	8
1407	8
1408	8
1409	8
1410	8
1411	8
1412	8
1413	8
1414	8
1415	8
1416	8
1417	8
1418	8
1419	8
1420	8
1421	8
1422	8
1423	8
1424	8
1425	8
1426	8
1427	8
1428	7
1429	7
1430	7
1431	7
1432	7
1433	7
1434	7
1435	7
1436	7
1437	7
1438	7
1439	7
1440	7
1441	6
1442	6
1443	6
1444	6
1445	6
1446	6
1447	6
1448	6
1449	6
1450	6
1451	6
1452	6
1453	6
1454	6
1455	7
1456	7
1457	7
1458	7
1459	7
1460	7
1461	7
1462	7
1463	7
1464	7
1465	2
1466	2
1467	3
1468	2
1469	3
1470	2
1471	2
1472	3
1473	3
1474	2
1475	2
1476	2
1477	2
1478	3
1479	2
1480	2
1481	3
1482	2
1483	2
1484	2
1485	2
1486	2
1487	3
1488	2
1489	6
1490	6
1491	6
1492	6
1493	6
1494	6
1495	6
1496	6
1497	6
1498	6
1499	6
1500	6
1501	8
1502	8
1503	8
1504	8
1505	8
1506	8
1507	4
1508	8
1509	8
1510	8
1511	8
1512	8
1513	8
1514	8
1515	8
1516	8
1517	8
1518	8
1519	8
1520	8
1521	8
1522	8
1523	4
1524	8
1525	4
1526	8
1527	8
1528	8
1529	9
1530	9
1531	9
1532	9
1533	9
1534	9
1535	9
1536	9
1537	9
1538	9
1539	9
1540	9
1541	9
1542	3
1543	9
1544	9
1545	9
1546	9
1547	3
1548	9
1549	9
1550	9
1551	9
1552	9
1553	7
1554	7
1555	7
1556	7
1557	7
1558	7
1559	9
1560	7
1561	7
1562	7
1563	7
1564	7
1565	7
1566	7
1567	7
1568	7
1569	7
1570	7
1571	7
1572	9
1573	7
1574	7
1575	9
1576	6
1577	6
1578	6
1579	6
1580	6
1581	6
1582	6
1583	6
1584	6
1585	6
1586	6
1587	6
1588	6
1589	6
1590	6
1591	6
1592	6
1593	8
1594	8
1595	8
1596	8
1597	8
1598	8
1599	8
1600	8
1601	8
1602	7
1603	7
1604	7
1605	7
1606	7
1607	7
1608	7
1609	7
1610	7
1611	7
1612	7
1613	7
1614	7
1615	7
1616	7
1617	7
1618	2
1619	2
1620	2
1621	2
1622	2
1623	2
1624	2
1625	2
1626	2
1627	2
1628	2
1629	7
1630	6
1631	7
1632	6
1633	7
1634	7
1635	7
1636	7
1637	7
1638	7
1639	7
1640	7
1641	7
1642	7
1643	7
1644	2
1645	2
1646	2
1647	2
1648	2
1649	7
1650	7
1651	7
1652	7
1653	7
1654	7
1655	7
1656	7
1658	7
1659	7
1660	7
1661	7
1662	7
1663	7
1664	7
1665	7
1666	6
1667	6
1668	6
1669	7
1670	7
1671	7
1672	7
1673	2
1674	7
1675	7
1676	7
1677	2
1678	3
1679	3
1680	3
1681	5
1682	3
1683	3
1684	3
1685	8
1686	8
1687	8
1688	8
1689	8
1690	8
1691	8
1692	8
1693	8
1694	8
1695	8
1696	8
1697	8
1698	8
1699	8
1700	8
1701	1
1702	1
1703	1
1704	1
1705	1
1706	1
1707	1
1708	1
1709	1
1710	1
1711	1
1712	1
1713	2
1714	2
1715	2
1716	2
1717	2
1718	2
1719	2
1720	2
1721	2
1722	2
1723	2
1724	2
1725	1
1726	1
1727	1
1728	2
1729	1
1730	1
1731	1
1732	1
1733	1
1734	1
1735	1
1736	1
1737	1
1738	1
1739	1
1740	1
1741	1
1742	8
1743	8
1744	1
1745	8
1746	8
1747	1
1748	8
1749	1
1750	8
1751	8
1752	8
1753	8
1754	8
1755	8
1756	1
1757	2
1758	2
1759	2
1760	2
1761	8
1762	8
1763	8
1764	1
1765	8
1766	8
1767	1
1768	8
1769	8
1770	8
1771	8
1772	8
1773	8
1774	2
1775	2
1776	2
1777	2
1778	2
1779	2
1780	2
1781	2
1782	2
1783	2
1784	2
1785	2
1786	2
1787	1
1788	8
1789	8
1790	8
1791	8
1792	8
1793	8
1794	8
1795	2
1796	2
1797	2
1798	2
1799	8
1800	8
1801	8
1802	8
1803	8
1804	1
1805	8
1806	1
1807	8
1808	8
1809	6
1810	6
1811	6
1812	6
1813	6
1814	6
1815	6
1816	6
1817	6
1818	1
1819	6
1820	1
1821	6
1822	1
1823	6
1824	6
1825	1
1826	6
1827	6
1828	1
1829	6
1830	5
1831	5
1832	5
1833	5
1834	5
1835	6
1836	6
1837	5
1838	6
1839	6
1840	7
1841	7
1842	7
1843	7
1844	7
1845	1
1846	6
1847	6
1848	6
1849	1
1850	6
1851	6
1852	6
1853	6
1854	1
1855	6
1856	6
1857	2
1858	2
1859	2
1860	2
1861	2
1862	2
1863	6
1864	6
1865	6
1866	6
1867	6
1868	1
1869	6
1870	6
1871	1
1872	5
1873	5
1874	5
1875	5
1876	5
1877	5
1878	5
1879	5
1880	3
1881	5
1882	5
1883	3
1884	5
1885	5
1886	5
1887	5
1888	5
1889	3
1890	5
1891	5
1892	5
1893	5
1894	5
1895	4
1896	4
1897	4
1898	11
1899	11
1900	11
1901	11
1902	11
1903	11
1904	4
1905	4
1906	4
1907	4
1908	4
1909	4
1910	4
1911	4
1912	4
1913	4
1914	4
1915	4
1916	11
1917	11
1918	11
1919	11
1920	11
1921	11
1922	11
1923	11
1924	4
1925	4
1926	4
1927	4
1928	4
1929	4
1930	4
1931	4
1932	4
1933	4
1934	4
1935	4
1936	4
1937	4
1938	4
1939	4
1940	4
1941	4
1942	4
1943	4
1944	4
1945	4
1946	4
1947	4
1948	4
1949	4
1950	4
1951	4
1952	4
1953	4
1954	4
1955	4
1956	4
1957	4
1958	4
1959	4
1960	4
1961	4
1962	4
1963	4
1964	4
1965	4
1966	4
1967	4
1968	4
1969	4
1970	4
1971	4
1972	4
1973	4
1974	4
1975	4
1976	9
1977	9
1978	9
1979	9
1980	9
1981	9
1982	9
1983	9
1984	9
1985	9
1986	9
1987	9
1988	9
1989	9
1990	9
1991	9
1992	9
1993	9
1994	9
1995	9
1996	9
1997	9
1998	9
1999	9
2000	9
2001	9
2002	9
2003	9
2004	9
2005	9
2006	9
2007	9
2008	9
2009	9
2010	9
2011	9
2012	9
2013	9
2014	9
2015	9
2016	9
2017	2
2018	2
2019	2
2020	2
2021	2
2022	2
2023	2
2024	3
2025	2
2026	2
2027	2
2028	2
2029	2
2030	3
2031	3
2032	3
2033	3
2034	3
2035	3
2036	3
2037	5
2038	2
2039	2
2040	2
2041	2
2042	2
2043	2
2044	2
2045	2
2046	3
2047	3
2048	2
2049	2
2050	2
2051	3
2052	3
2053	5
2054	5
2055	3
2056	5
2057	3
2058	9
2059	9
2060	9
2061	9
2062	9
2063	9
2064	9
2065	9
2066	9
2067	9
2068	5
2069	5
2070	5
2071	5
2072	5
2073	5
2074	5
2075	5
2076	5
2077	5
2078	5
2079	5
2080	5
2081	5
2082	5
2083	5
2084	5
2085	5
2086	5
2087	5
2088	5
2089	6
2090	6
2091	6
2092	6
2093	6
2094	6
2095	6
2096	4
2097	4
2098	4
2099	4
2100	4
2101	4
2102	4
2103	4
2104	4
2105	4
2106	4
2107	4
2108	4
2109	4
2110	4
2111	4
2112	4
2113	1
2114	10
2115	10
2116	10
2117	10
2118	1
2119	1
2120	10
2121	10
2122	1
2123	1
2124	2
2125	10
2126	10
2127	10
2128	10
2129	10
2130	1
2131	1
2132	10
2133	1
2134	1
2135	10
2136	1
2137	1
2138	1
2139	10
2140	10
2141	1
2142	1
2143	1
2144	1
2145	10
2146	1
2147	1
2148	10
2149	1
2150	10
2151	10
2152	10
2153	10
2154	1
2155	1
2156	1
2157	1
2158	10
2159	1
2160	10
2161	10
2162	10
2163	10
2164	1
2165	1
2166	1
2167	10
2168	10
2169	10
2170	10
2171	1
2172	10
2173	10
2174	1
2175	1
2176	1
2177	1
2178	10
2179	10
2180	1
2181	1
2182	10
2183	10
2184	10
2185	10
2186	10
2187	10
2188	1
2189	10
2190	10
2191	10
2192	10
2193	10
2194	1
2195	1
2196	1
2197	1
2198	1
2199	1
2200	10
2201	1
2202	1
2203	1
2204	10
2205	10
2206	10
2207	10
2208	10
2209	10
2210	10
2211	1
2212	1
2213	10
2214	10
2215	1
2216	1
2217	10
2218	10
2219	10
2220	10
2221	10
2222	1
2223	1
2224	10
2225	10
2226	10
2227	10
2228	1
2229	1
2230	1
2231	1
2232	10
2233	1
2234	1
2235	10
2236	1
2237	1
2238	1
2239	10
2240	10
2241	1
2242	1
2243	1
2244	1
2245	1
2246	10
2247	1
2248	1
2249	10
2250	10
2251	10
2252	10
2253	1
2254	1
2255	1
2256	1
2257	10
2258	10
2259	10
2260	10
2261	1
2262	1
2263	10
2264	10
2265	10
2266	1
2267	10
2268	10
2269	1
2270	1
2271	1
2272	10
2273	1
2274	10
2275	10
2276	10
2277	1
2278	1
2279	1
2280	10
2281	10
2282	10
2283	10
2284	2
2285	2
2286	1
2287	1
2288	10
2289	10
2290	10
2291	10
2292	10
2293	10
2294	10
2295	10
2296	10
2297	1
2298	1
2299	1
2300	1
2301	10
2302	1
2303	10
2304	10
2305	10
2306	10
2307	1
2308	10
2309	2
2310	2
2311	2
2312	12
2313	12
2314	12
2315	12
2316	12
2317	12
2318	12
2319	12
2320	12
2321	12
2322	12
2323	12
2324	12
2325	12
2326	12
2327	12
2328	12
2329	12
2330	4
2331	4
2332	4
2333	4
2334	4
2335	4
2336	4
2337	4
2338	4
2339	4
2340	4
2341	4
2342	4
2343	4
2344	4
2345	4
2346	12
2347	12
2348	12
2349	12
2350	12
2351	12
2352	12
2353	12
2354	12
2355	12
2356	12
2357	12
2358	12
2359	12
2360	12
2361	12
2362	12
2363	12
2364	12
2365	12
2366	10
2367	10
2368	10
2369	10
2370	10
2371	10
2372	10
2373	10
2374	10
2375	10
2376	10
2377	10
2378	10
2379	10
2380	10
2381	10
2382	10
2383	10
2384	10
2385	10
2386	10
2387	10
2388	10
2389	10
2390	10
2391	10
2392	10
2393	10
2394	10
2395	10
2396	10
2397	10
2398	10
2399	10
2400	10
2401	10
2402	10
2403	10
2404	10
2405	10
2406	10
2407	10
2408	10
2409	10
2410	10
2411	10
2412	10
2413	10
2414	10
2415	13
2416	11
2417	11
2418	13
2419	13
2420	13
2421	13
2422	13
2423	13
2424	13
2425	13
2426	13
2427	13
2428	13
2429	13
2430	13
2431	11
2432	13
2433	13
2434	13
2435	13
2436	13
2437	11
2438	13
2439	13
2440	13
2441	13
2442	13
2443	13
2444	13
2445	13
2446	13
2447	13
2448	13
2449	13
2450	13
2451	13
2452	13
2453	13
2454	13
2455	13
2456	13
2457	13
2458	13
2459	13
2460	13
2461	13
2462	13
2463	13
2464	13
2465	13
2466	13
2467	13
2468	13
2469	13
2470	13
2471	13
2472	13
2473	13
2474	13
2475	13
2476	13
2477	13
2478	13
2479	13
2480	13
2481	13
2482	13
2483	13
2484	13
2485	13
2486	13
2487	13
2488	13
2489	13
2490	13
2491	13
2492	13
2493	13
2494	13
2495	13
2496	11
2497	11
2498	11
2499	11
2500	13
2501	13
2502	11
2503	11
2504	11
2505	11
2506	11
2507	11
2508	11
2509	11
2510	11
2511	11
2512	11
2513	11
2514	11
2515	13
2516	13
2517	13
2518	13
2519	13
2520	13
2521	13
2522	13
2523	11
2524	13
2525	13
2526	13
2527	13
2528	11
2529	11
2530	13
2531	11
2532	11
2533	11
2534	11
2535	11
2536	11
2537	11
2538	11
2539	13
2540	13
2541	13
2542	11
2543	13
2544	13
2545	13
2546	13
2547	11
2548	11
2549	11
2550	13
2551	13
2552	13
2553	13
2554	13
2555	13
2556	13
2557	13
2558	11
2559	11
2560	11
2561	11
2562	11
2563	13
2564	13
2565	11
2566	13
2567	13
2568	13
2569	11
2570	11
2571	11
2572	11
2573	11
2574	11
2575	13
2576	13
2577	13
2578	13
2579	13
2580	13
2581	13
2582	13
2583	13
2584	13
2585	13
2586	13
2587	11
2588	11
2589	11
2590	11
2591	11
2592	11
2593	11
2594	13
2595	13
2596	13
2597	11
2598	11
2599	13
2600	13
2601	13
2602	13
2603	13
2604	13
2605	13
2606	5
2607	5
2608	5
2609	5
2610	5
2611	5
2612	5
2613	5
2614	5
2615	5
2616	5
2617	5
2618	5
2619	5
2620	5
2621	5
2622	5
2623	5
2624	5
2625	5
2626	5
2627	5
2628	5
2629	5
2630	5
2631	5
2632	5
2633	5
2634	5
2635	5
2636	5
2637	5
2638	5
2639	5
2640	9
2641	9
2642	9
2643	9
2644	9
2645	9
2646	9
2647	9
2648	9
2649	9
2650	9
2651	9
2652	9
2653	9
2654	9
2655	9
2656	9
2657	9
2658	9
2659	9
2660	9
2661	9
2662	9
2663	9
2664	9
2665	9
2666	9
2667	9
2668	9
2669	9
2670	3
2671	9
2672	9
2673	9
2674	9
2675	9
2676	9
2677	9
2678	3
2679	9
2680	9
2681	9
2682	9
2683	9
2684	9
2685	9
2686	9
2687	9
2688	4
2689	4
2690	4
2691	4
315	6
1657	7
