0	7
1	7
2	7
3	7
4	7
5	7
6	7
7	5
8	5
9	5
10	5
11	5
12	5
13	5
14	2
15	2
16	5
17	5
18	5
19	5
20	5
21	10
22	10
23	10
24	10
25	10
26	10
27	10
28	10
29	13
30	13
31	13
32	13
33	13
34	13
35	13
36	13
37	13
38	13
39	13
40	13
41	13
42	13
43	13
44	13
45	13
46	13
47	13
48	13
49	13
50	13
51	13
52	13
53	6
54	6
55	6
56	6
57	6
58	13
59	13
60	13
61	13
62	13
63	13
64	13
65	6
66	6
67	6
68	6
69	6
70	6
71	10
72	10
73	10
74	10
75	13
76	13
77	13
78	13
79	13
80	13
81	13
82	13
83	3
84	3
85	3
86	4
87	4
88	4
89	3
90	3
91	3
92	3
93	3
94	3
95	4
96	5
97	2
98	5
99	5
100	5
101	5
102	5
103	5
104	5
105	5
106	5
107	5
108	5
109	5
110	5
111	2
112	2
113	2
114	5
115	5
116	5
117	2
118	2
119	2
120	2
121	2
122	5
123	5
124	5
125	5
126	2
127	5
128	2
129	11
130	11
131	11
132	11
133	9
134	11
135	11
136	11
137	11
138	11
139	11
140	11
141	11
142	9
143	11
144	11
145	11
146	11
147	9
148	11
149	11
150	9
151	11
152	11
153	11
154	11
155	11
156	11
157	11
158	11
159	9
160	9
161	9
162	9
163	9
164	11
165	11
166	3
167	3
168	3
169	3
170	3
171	3
172	3
173	3
174	3
175	3
176	3
177	3
178	3
179	3
180	3
181	3
182	3
183	7
184	7
185	7
186	7
187	7
188	7
189	7
190	7
191	7
192	7
193	7
194	7
195	7
196	7
197	7
198	7
199	7
200	7
201	7
202	7
203	7
204	7
205	7
206	7
207	7
208	10
209	10
210	10
211	10
212	10
213	10
214	10
215	10
216	10
217	10
218	10
219	10
220	10
221	10
222	10
223	10
224	10
225	10
226	10
227	10
228	10
229	10
230	10
231	10
232	10
233	10
234	10
235	10
236	10
237	10
238	10
239	10
240	10
241	10
242	10
243	10
244	10
245	10
246	10
247	10
248	7
249	7
250	7
251	7
252	7
253	7
254	7
255	7
256	7
257	7
258	7
259	7
260	7
261	10
262	10
263	10
264	10
265	10
266	10
267	10
268	12
269	12
270	12
271	10
272	10
273	10
274	10
275	10
276	10
277	10
278	12
279	12
280	12
281	12
282	12
283	12
284	12
285	12
286	12
287	12
288	12
289	12
290	12
291	12
292	12
293	12
294	12
295	12
296	12
297	12
298	12
299	12
300	12
301	12
302	7
303	7
304	7
305	7
306	8
307	8
308	8
309	8
310	8
311	8
312	8
313	8
314	8
316	6
317	6
318	6
319	6
320	6
321	6
322	6
323	6
324	6
325	6
326	6
327	6
328	6
329	6
330	6
331	8
332	8
333	8
334	8
335	8
336	8
337	6
338	6
339	6
340	8
341	8
342	8
343	8
344	8
345	8
346	8
347	8
348	8
349	8
350	8
351	8
352	8
353	9
354	8
355	8
356	9
357	9
358	9
359	9
360	9
361	9
362	9
363	9
364	9
365	9
366	9
367	9
368	9
369	8
370	8
371	8
372	8
373	8
374	8
375	8
376	8
377	8
378	8
379	8
380	8
381	8
382	8
383	8
384	8
385	8
386	8
387	8
388	8
389	6
390	6
391	6
392	6
393	6
394	8
395	8
396	8
397	8
398	6
399	6
400	6
401	6
402	6
403	10
404	10
405	10
406	10
407	11
408	11
409	5
410	5
411	13
412	13
413	13
414	13
415	13
416	13
417	13
418	13
419	13
420	13
421	13
422	13
423	13
424	13
425	3
426	3
427	3
428	3
429	3
430	3
431	3
432	3
433	13
434	13
435	13
436	13
437	13
438	13
439	13
440	13
441	13
442	13
443	13
444	13
445	5
446	3
447	3
448	3
449	3
450	3
451	13
452	5
453	13
454	3
455	3
456	3
457	13
458	5
459	13
460	5
461	13
462	13
463	3
464	3
465	3
466	3
467	3
468	3
469	3
470	3
471	3
472	3
473	13
474	5
475	12
476	12
477	12
478	12
479	12
480	12
481	12
482	12
483	12
484	10
485	10
486	12
487	12
488	12
489	12
490	12
491	12
492	12
493	12
494	12
495	12
496	12
497	12
498	10
499	12
500	12
501	12
502	10
503	12
504	12
505	12
506	11
507	10
508	10
509	10
510	10
511	10
512	10
513	10
514	10
515	10
516	10
517	10
518	10
519	10
520	10
521	10
522	2
523	2
524	2
525	2
526	7
527	7
528	2
529	2
530	2
531	2
532	2
533	2
534	2
535	2
536	2
537	2
538	7
539	7
540	7
541	7
542	7
543	7
544	7
545	7
546	7
547	7
548	7
549	7
550	7
551	7
552	7
553	7
554	7
555	7
556	7
557	7
558	7
559	10
560	10
561	10
562	10
563	10
564	10
565	7
566	7
567	7
568	7
569	7
570	2
571	2
572	2
573	2
574	2
575	2
576	2
577	2
578	2
579	2
580	2
581	7
582	7
583	7
584	7
585	7
586	7
587	10
588	10
589	10
590	10
591	10
592	10
593	10
594	10
595	10
596	10
597	10
598	10
599	10
600	10
601	10
602	10
603	7
604	7
605	7
606	7
607	7
608	7
609	7
610	7
611	7
612	7
613	7
614	7
615	7
616	7
617	10
618	10
619	10
620	10
621	10
622	10
623	10
624	10
625	10
626	10
627	10
628	10
629	10
630	10
631	10
632	10
633	10
634	10
635	10
636	10
637	10
638	10
639	7
640	7
641	7
642	7
643	7
644	7
645	7
646	7
647	7
648	7
649	7
650	7
651	7
652	7
653	7
654	7
655	7
656	7
657	12
658	12
659	12
660	12
661	5
662	5
663	5
664	5
665	5
666	5
667	5
668	5
669	5
670	11
671	11
672	11
673	11
674	11
675	11
676	11
677	11
678	11
679	11
680	5
681	5
682	5
683	5
684	5
685	5
686	5
687	5
688	5
689	5
690	5
691	5
692	5
693	5
694	5
695	5
696	5
697	11
698	11
699	11
700	11
701	11
702	11
703	11
704	11
705	11
706	11
707	11
708	11
709	11
710	11
711	11
712	11
713	11
714	5
715	5
716	10
717	10
718	11
719	11
720	11
721	10
722	10
723	10
724	10
725	10
726	10
727	10
728	10
729	10
730	10
731	10
732	6
733	6
734	6
735	6
736	6
737	12
738	3
739	3
740	3
741	12
742	3
743	12
744	12
745	6
746	6
747	6
748	6
749	6
750	6
751	6
752	6
753	6
754	6
755	6
756	6
757	6
758	6
759	6
760	6
761	6
762	6
763	6
764	6
765	6
766	12
767	3
768	12
769	3
770	6
771	6
772	12
773	12
774	12
775	3
776	12
777	12
778	12
779	12
780	12
781	12
782	12
783	12
784	12
785	8
786	12
787	12
788	12
789	12
790	12
791	8
792	8
793	8
794	8
795	8
796	8
797	8
798	8
799	8
800	8
801	12
802	12
803	12
804	12
805	8
806	8
807	8
808	12
809	12
810	12
811	6
812	4
813	6
814	6
815	4
816	4
817	4
818	4
819	4
820	4
821	6
822	4
823	4
824	4
825	4
826	4
827	4
828	4
829	4
830	6
831	6
832	6
833	6
834	6
835	6
836	6
837	6
838	6
839	6
840	6
841	6
842	6
843	4
844	4
845	4
846	4
847	4
848	4
849	4
850	4
851	4
852	6
853	6
854	4
855	4
856	4
857	4
858	7
859	7
860	7
861	7
862	7
863	7
864	7
865	7
866	7
867	7
868	7
869	7
870	7
871	6
872	6
873	6
874	6
875	4
876	4
877	4
878	4
879	4
880	4
881	6
882	6
883	4
884	6
885	4
886	6
887	4
888	4
889	4
890	4
891	4
892	4
893	4
894	4
895	4
896	6
897	4
898	4
899	4
900	4
901	4
902	6
903	4
904	6
905	4
906	4
907	4
908	4
909	4
910	4
911	4
912	4
913	4
914	4
915	6
916	4
917	6
918	4
919	4
920	4
921	4
922	4
923	4
924	4
925	4
926	6
927	6
928	4
929	6
930	4
931	4
932	4
933	4
934	4
935	4
936	6
937	6
938	4
939	4
940	4
941	4
942	4
943	4
944	4
945	4
946	6
947	4
948	4
949	4
950	4
951	4
952	4
953	4
954	4
955	4
956	4
957	4
958	4
959	6
960	4
961	4
962	4
963	4
964	4
965	4
966	4
967	4
968	4
969	4
970	4
971	4
972	4
973	4
974	4
975	4
976	4
977	4
978	4
979	4
980	4
981	4
982	6
983	6
984	2
985	3
986	3
987	3
988	3
989	3
990	3
991	3
992	3
993	3
994	3
995	3
996	3
997	3
998	3
999	3
1000	3
1001	3
1002	3
1003	3
1004	3
1005	3
1006	3
1007	6
1008	2
1009	3
1010	2
1011	6
1012	2
1013	2
1014	6
1015	6
1016	6
1017	2
1018	2
1019	6
1020	6
1021	6
1022	6
1023	6
1024	6
1025	6
1026	6
1027	2
1028	6
1029	6
1030	6
1031	6
1032	6
1033	6
1034	6
1035	6
1036	6
1037	2
1038	6
1039	2
1040	6
1041	6
1042	2
1043	6
1044	6
1045	6
1046	6
1047	6
1048	2
1049	6
1050	6
1051	2
1052	6
1053	6
1054	6
1055	6
1056	2
1057	2
1058	6
1059	6
1060	6
1061	6
1062	6
1063	6
1064	6
1065	2
1066	6
1067	2
1068	2
1069	6
1070	2
1071	6
1072	6
1073	6
1074	6
1075	13
1076	13
1077	13
1078	13
1079	13
1080	13
1081	13
1082	13
1083	13
1084	13
1085	13
1086	13
1087	12
1088	12
1089	12
1090	12
1091	12
1092	12
1093	12
1094	10
1095	10
1096	10
1097	10
1098	10
1099	10
1100	10
1101	10
1102	10
1103	10
1104	10
1105	10
1106	10
1107	8
1108	8
1109	8
1110	8
1111	8
1112	8
1113	8
1114	8
1115	8
1116	8
1117	8
1118	8
1119	8
1120	8
1121	8
1122	8
1123	8
1124	8
1125	8
1126	8
1127	8
1128	8
1129	8
1130	8
1131	8
1132	8
1133	8
1134	8
1135	8
1136	8
1137	8
1138	8
1139	8
1140	8
1141	8
1142	8
1143	8
1144	8
1145	8
1146	8
1147	8
1148	8
1149	8
1150	8
1151	8
1152	8
1153	8
1154	8
1155	8
1156	8
1157	8
1158	8
1159	8
1160	8
1161	8
1162	8
1163	8
1164	8
1165	8
1166	8
1167	8
1168	8
1169	6
1170	2
1171	2
1172	2
1173	2
1174	6
1175	2
1176	6
1177	2
1178	6
1179	6
1180	2
1181	6
1182	6
1183	2
1184	2
1185	6
1186	6
1187	6
1188	6
1189	6
1190	2
1191	2
1192	2
1193	6
1194	2
1195	6
1196	2
1197	6
1198	2
1199	6
1200	4
1201	4
1202	4
1203	4
1204	4
1205	4
1206	4
1207	4
1208	4
1209	4
1210	4
1211	4
1212	4
1213	4
1214	4
1215	4
1216	4
1217	4
1218	4
1219	4
1220	4
1221	4
1222	4
1223	4
1224	4
1225	4
1226	4
1227	4
1228	4
1229	4
1230	4
1231	4
1232	4
1233	4
1234	4
1235	4
1236	4
1237	4
1238	4
1239	4
1240	12
1241	12
1242	10
1243	10
1244	10
1245	12
1246	10
1247	10
1248	10
1249	10
1250	10
1251	10
1252	10
1253	13
1254	13
1255	13
1256	13
1257	13
1258	10
1259	10
1260	10
1261	10
1262	10
1263	12
1264	13
1265	13
1266	13
1267	13
1268	13
1269	13
1270	13
1271	13
1272	13
1273	13
1274	13
1275	13
1276	13
1277	13
1278	8
1279	8
1280	8
1281	10
1282	12
1283	12
1284	13
1285	13
1286	13
1287	13
1288	11
1289	8
1290	8
1291	8
1292	11
1293	8
1294	11
1295	11
1296	11
1297	11
1298	8
1299	11
1300	8
1301	11
1302	11
1303	13
1304	13
1305	13
1306	13
1307	13
1308	13
1309	13
1310	13
1311	13
1312	13
1313	13
1314	8
1315	8
1316	8
1317	8
1318	8
1319	8
1320	8
1321	8
1322	8
1323	8
1324	8
1325	8
1326	8
1327	8
1328	8
1329	8
1330	8
1331	8
1332	8
1333	8
1334	8
1335	8
1336	8
1337	8
1338	8
1339	8
1340	8
1341	8
1342	8
1343	8
1344	8
1345	8
1346	13
1347	13
1348	13
1349	13
1350	13
1351	13
1352	13
1353	13
1354	13
1355	13
1356	13
1357	13
1358	13
1359	13
1360	13
1361	13
1362	13
1363	4
1364	4
1365	4
1366	4
1367	4
1368	4
1369	4
1370	4
1371	4
1372	4
1373	4
1374	4
1375	4
1376	4
1377	4
1378	4
1379	4
1380	4
1381	8
1382	8
1383	8
1384	8
1385	8
1386	8
1387	8
1388	8
1389	8
1390	8
1391	8
1392	8
1393	8
1394	8
1395	8
1396	8
1397	13
1398	13
1399	13
1400	13
1401	13
1402	13
1403	13
1404	13
1405	13
1406	13
1407	13
1408	13
1409	13
1410	13
1411	13
1412	13
1413	13
1414	13
1415	13
1416	13
1417	13
1418	13
1419	13
1420	13
1421	13
1422	13
1423	13
1424	13
1425	13
1426	13
1427	13
1428	2
1429	2
1430	2
1431	2
1432	2
1433	2
1434	2
1435	2
1436	2
1437	2
1438	2
1439	2
1440	2
1441	5
1442	5
1443	5
1444	5
1445	5
1446	5
1447	5
1448	5
1449	5
1450	5
1451	5
1452	5
1453	5
1454	5
1455	2
1456	2
1457	2
1458	2
1459	2
1460	2
1461	2
1462	2
1463	2
1464	2
1465	10
1466	10
1467	10
1468	10
1469	11
1470	10
1471	10
1472	11
1473	11
1474	10
1475	10
1476	10
1477	10
1478	10
1479	10
1480	10
1481	10
1482	10
1483	10
1484	10
1485	10
1486	10
1487	11
1488	10
1489	6
1490	6
1491	6
1492	6
1493	6
1494	6
1495	6
1496	6
1497	6
1498	6
1499	6
1500	6
1501	7
1502	7
1503	7
1504	7
1505	7
1506	7
1507	7
1508	7
1509	7
1510	7
1511	7
1512	7
1513	7
1514	7
1515	7
1516	7
1517	7
1518	7
1519	7
1520	7
1521	7
1522	7
1523	7
1524	7
1525	7
1526	7
1527	7
1528	7
1529	3
1530	3
1531	3
1532	3
1533	3
1534	3
1535	3
1536	3
1537	3
1538	3
1539	3
1540	3
1541	3
1542	3
1543	3
1544	3
1545	3
1546	3
1547	3
1548	3
1549	3
1550	3
1551	3
1552	4
1553	4
1554	4
1555	4
1556	4
1557	4
1558	4
1559	4
1560	4
1561	4
1562	4
1563	4
1564	4
1565	4
1566	4
1567	4
1568	4
1569	4
1570	4
1571	4
1572	4
1573	4
1574	4
1575	4
1576	6
1577	6
1578	6
1579	6
1580	6
1581	6
1582	6
1583	6
1584	6
1585	6
1586	6
1587	6
1588	6
1589	6
1590	6
1591	6
1592	6
1593	13
1594	13
1595	13
1596	13
1597	13
1598	13
1599	13
1600	13
1601	13
1602	2
1603	2
1604	2
1605	2
1606	2
1607	2
1608	2
1609	2
1610	2
1611	2
1612	2
1613	2
1614	2
1615	2
1616	2
1617	2
1618	10
1619	10
1620	10
1621	10
1622	10
1623	10
1624	10
1625	10
1626	10
1627	10
1628	10
1629	2
1630	2
1631	2
1632	2
1633	2
1634	2
1635	2
1636	2
1637	2
1638	2
1639	2
1640	2
1641	2
1642	2
1643	2
1644	10
1645	10
1646	10
1647	10
1648	10
1649	2
1650	2
1651	2
1652	2
1653	2
1654	2
1655	2
1656	2
1658	2
1659	2
1660	2
1661	2
1662	2
1663	2
1664	2
1665	2
1666	2
1667	2
1668	2
1669	2
1670	2
1671	2
1672	2
1673	10
1674	2
1675	2
1676	2
1677	10
1678	12
1679	12
1680	12
1681	12
1682	12
1683	12
1684	12
1685	13
1686	13
1687	13
1688	13
1689	13
1690	13
1691	13
1692	13
1693	13
1694	13
1695	13
1696	13
1697	13
1698	13
1699	13
1700	13
1701	5
1702	5
1703	5
1704	5
1705	5
1706	5
1707	5
1708	5
1709	5
1710	5
1711	5
1712	5
1713	10
1714	10
1715	10
1716	10
1717	10
1718	10
1719	10
1720	10
1721	10
1722	10
1723	10
1724	10
1725	5
1726	5
1727	5
1728	10
1729	5
1730	5
1731	5
1732	5
1733	5
1734	5
1735	5
1736	5
1737	5
1738	5
1739	5
1740	5
1741	5
1742	7
1743	7
1744	7
1745	7
1746	7
1747	7
1748	7
1749	7
1750	7
1751	7
1752	7
1753	7
1754	7
1755	7
1756	7
1757	10
1758	10
1759	10
1760	10
1761	7
1762	7
1763	7
1764	7
1765	7
1766	7
1767	7
1768	7
1769	7
1770	7
1771	7
1772	7
1773	7
1774	10
1775	10
1776	10
1777	10
1778	10
1779	10
1780	10
1781	10
1782	10
1783	10
1784	10
1785	10
1786	10
1787	7
1788	7
1789	7
1790	7
1791	7
1792	7
1793	7
1794	7
1795	10
1796	10
1797	10
1798	10
1799	7
1800	7
1801	7
1802	7
1803	7
1804	7
1805	7
1806	7
1807	7
1808	7
1809	5
1810	5
1811	5
1812	5
1813	5
1814	5
1815	5
1816	5
1817	5
1818	5
1819	2
1820	5
1821	2
1822	5
1823	2
1824	5
1825	5
1826	5
1827	5
1828	5
1829	5
1830	10
1831	10
1832	10
1833	10
1834	10
1835	5
1836	5
1837	10
1838	5
1839	5
1840	4
1841	4
1842	4
1843	4
1844	4
1845	5
1846	2
1847	5
1848	5
1849	5
1850	2
1851	5
1852	5
1853	2
1854	5
1855	5
1856	5
1857	10
1858	10
1859	10
1860	10
1861	10
1862	10
1863	5
1864	2
1865	2
1866	2
1867	2
1868	5
1869	2
1870	5
1871	5
1872	12
1873	12
1874	12
1875	12
1876	12
1877	12
1878	12
1879	12
1880	12
1881	12
1882	12
1883	12
1884	12
1885	12
1886	12
1887	12
1888	12
1889	12
1890	12
1891	12
1892	12
1893	12
1894	12
1895	13
1896	13
1897	13
1898	8
1899	8
1900	8
1901	8
1902	8
1903	8
1904	13
1905	13
1906	13
1907	13
1908	13
1909	13
1910	13
1911	13
1912	13
1913	13
1914	13
1915	13
1916	8
1917	8
1918	8
1919	8
1920	8
1921	8
1922	8
1923	8
1924	13
1925	13
1926	13
1927	13
1928	13
1929	13
1930	13
1931	13
1932	13
1933	13
1934	13
1935	13
1936	13
1937	13
1938	13
1939	13
1940	13
1941	13
1942	13
1943	13
1944	13
1945	13
1946	13
1947	13
1948	13
1949	13
1950	13
1951	13
1952	13
1953	13
1954	13
1955	13
1956	13
1957	13
1958	13
1959	13
1960	13
1961	13
1962	7
1963	13
1964	13
1965	7
1966	13
1967	13
1968	13
1969	13
1970	13
1971	13
1972	13
1973	13
1974	13
1975	13
1976	3
1977	3
1978	3
1979	3
1980	3
1981	3
1982	3
1983	3
1984	3
1985	3
1986	3
1987	3
1988	3
1989	3
1990	3
1991	3
1992	3
1993	3
1994	3
1995	3
1996	3
1997	3
1998	3
1999	3
2000	3
2001	3
2002	3
2003	3
2004	3
2005	3
2006	3
2007	3
2008	3
2009	3
2010	3
2011	3
2012	3
2013	3
2014	3
2015	3
2016	3
2017	12
2018	12
2019	12
2020	12
2021	12
2022	12
2023	12
2024	12
2025	12
2026	12
2027	12
2028	12
2029	12
2030	3
2031	3
2032	3
2033	3
2034	3
2035	12
2036	12
2037	12
2038	10
2039	10
2040	10
2041	10
2042	10
2043	12
2044	12
2045	12
2046	12
2047	12
2048	10
2049	10
2050	12
2051	12
2052	12
2053	12
2054	12
2055	12
2056	12
2057	12
2058	3
2059	3
2060	3
2061	3
2062	3
2063	3
2064	3
2065	3
2066	3
2067	3
2068	12
2069	12
2070	12
2071	12
2072	12
2073	10
2074	12
2075	12
2076	12
2077	10
2078	10
2079	12
2080	10
2081	12
2082	12
2083	12
2084	12
2085	12
2086	12
2087	12
2088	12
2089	6
2090	6
2091	6
2092	6
2093	6
2094	6
2095	6
2096	7
2097	7
2098	7
2099	7
2100	7
2101	7
2102	7
2103	7
2104	7
2105	7
2106	7
2107	7
2108	7
2109	7
2110	7
2111	7
2112	7
2113	1
2114	1
2115	1
2116	1
2117	1
2118	5
2119	1
2120	1
2121	1
2122	1
2123	1
2124	12
2125	1
2126	1
2127	1
2128	1
2129	1
2130	1
2131	1
2132	1
2133	5
2134	1
2135	1
2136	1
2137	5
2138	5
2139	1
2140	5
2141	1
2142	1
2143	1
2144	1
2145	1
2146	1
2147	1
2148	1
2149	1
2150	1
2151	1
2152	1
2153	1
2154	1
2155	1
2156	1
2157	1
2158	1
2159	1
2160	1
2161	1
2162	1
2163	1
2164	5
2165	5
2166	1
2167	1
2168	1
2169	1
2170	1
2171	1
2172	1
2173	1
2174	1
2175	1
2176	5
2177	5
2178	1
2179	1
2180	5
2181	5
2182	1
2183	1
2184	1
2185	1
2186	1
2187	1
2188	1
2189	1
2190	1
2191	1
2192	1
2193	1
2194	1
2195	1
2196	5
2197	1
2198	1
2199	5
2200	1
2201	1
2202	1
2203	1
2204	1
2205	1
2206	1
2207	1
2208	1
2209	1
2210	1
2211	1
2212	1
2213	1
2214	1
2215	1
2216	1
2217	1
2218	1
2219	1
2220	1
2221	1
2222	1
2223	1
2224	1
2225	1
2226	1
2227	1
2228	1
2229	1
2230	5
2231	5
2232	1
2233	5
2234	5
2235	1
2236	5
2237	5
2238	5
2239	1
2240	1
2241	1
2242	1
2243	1
2244	1
2245	5
2246	1
2247	5
2248	5
2249	1
2250	1
2251	1
2252	1
2253	1
2254	1
2255	1
2256	5
2257	1
2258	1
2259	1
2260	1
2261	5
2262	5
2263	1
2264	1
2265	1
2266	1
2267	1
2268	1
2269	1
2270	1
2271	1
2272	1
2273	1
2274	1
2275	1
2276	1
2277	5
2278	1
2279	1
2280	1
2281	1
2282	1
2283	5
2284	12
2285	12
2286	1
2287	1
2288	1
2289	1
2290	1
2291	1
2292	1
2293	1
2294	1
2295	1
2296	1
2297	1
2298	1
2299	1
2300	1
2301	1
2302	5
2303	1
2304	5
2305	1
2306	1
2307	1
2308	1
2309	12
2310	12
2311	12
2312	6
2313	6
2314	6
2315	6
2316	6
2317	6
2318	6
2319	6
2320	6
2321	6
2322	6
2323	6
2324	6
2325	6
2326	6
2327	6
2328	6
2329	6
2330	7
2331	7
2332	7
2333	7
2334	7
2335	7
2336	7
2337	7
2338	7
2339	7
2340	7
2341	7
2342	7
2343	7
2344	7
2345	7
2346	6
2347	6
2348	6
2349	6
2350	6
2351	6
2352	6
2353	6
2354	6
2355	6
2356	6
2357	6
2358	6
2359	6
2360	6
2361	6
2362	6
2363	6
2364	6
2365	6
2366	2
2367	2
2368	2
2369	2
2370	2
2371	2
2372	2
2373	2
2374	2
2375	2
2376	2
2377	2
2378	2
2379	2
2380	2
2381	2
2382	2
2383	2
2384	2
2385	2
2386	2
2387	2
2388	2
2389	2
2390	2
2391	2
2392	2
2393	2
2394	2
2395	2
2396	2
2397	2
2398	2
2399	2
2400	2
2401	2
2402	2
2403	2
2404	2
2405	2
2406	2
2407	2
2408	2
2409	2
2410	2
2411	2
2412	2
2413	2
2414	2
2415	11
2416	11
2417	11
2418	11
2419	9
2420	9
2421	9
2422	11
2423	11
2424	11
2425	9
2426	11
2427	9
2428	9
2429	9
2430	11
2431	11
2432	11
2433	9
2434	11
2435	11
2436	11
2437	11
2438	11
2439	11
2440	11
2441	11
2442	11
2443	11
2444	11
2445	11
2446	11
2447	9
2448	9
2449	9
2450	9
2451	9
2452	9
2453	9
2454	9
2455	9
2456	9
2457	9
2458	9
2459	9
2460	9
2461	9
2462	9
2463	9
2464	9
2465	11
2466	9
2467	9
2468	9
2469	9
2470	9
2471	9
2472	9
2473	9
2474	9
2475	9
2476	9
2477	9
2478	9
2479	9
2480	9
2481	9
2482	9
2483	9
2484	9
2485	9
2486	9
2487	9
2488	9
2489	9
2490	9
2491	9
2492	9
2493	9
2494	9
2495	9
2496	11
2497	11
2498	11
2499	11
2500	9
2501	9
2502	11
2503	11
2504	11
2505	11
2506	11
2507	11
2508	11
2509	11
2510	11
2511	11
2512	11
2513	11
2514	11
2515	9
2516	9
2517	9
2518	9
2519	9
2520	9
2521	9
2522	9
2523	11
2524	11
2525	9
2526	9
2527	9
2528	11
2529	11
2530	11
2531	11
2532	11
2533	11
2534	11
2535	11
2536	11
2537	11
2538	11
2539	9
2540	11
2541	9
2542	11
2543	11
2544	9
2545	9
2546	9
2547	11
2548	11
2549	11
2550	9
2551	9
2552	9
2553	11
2554	9
2555	9
2556	9
2557	9
2558	11
2559	11
2560	11
2561	11
2562	11
2563	11
2564	11
2565	11
2566	11
2567	11
2568	9
2569	11
2570	11
2571	11
2572	11
2573	11
2574	11
2575	9
2576	9
2577	9
2578	9
2579	9
2580	9
2581	11
2582	9
2583	9
2584	9
2585	9
2586	9
2587	11
2588	11
2589	11
2590	11
2591	11
2592	11
2593	11
2594	11
2595	11
2596	11
2597	11
2598	11
2599	11
2600	9
2601	9
2602	11
2603	9
2604	11
2605	9
2606	12
2607	12
2608	12
2609	12
2610	12
2611	12
2612	12
2613	12
2614	12
2615	12
2616	12
2617	12
2618	12
2619	12
2620	12
2621	12
2622	12
2623	12
2624	12
2625	12
2626	12
2627	12
2628	12
2629	12
2630	12
2631	12
2632	12
2633	12
2634	12
2635	12
2636	12
2637	12
2638	12
2639	12
2640	9
2641	9
2642	3
2643	3
2644	3
2645	9
2646	9
2647	9
2648	9
2649	3
2650	3
2651	9
2652	9
2653	9
2654	9
2655	9
2656	3
2657	3
2658	3
2659	3
2660	3
2661	3
2662	3
2663	3
2664	9
2665	3
2666	9
2667	9
2668	3
2669	3
2670	9
2671	3
2672	3
2673	3
2674	3
2675	3
2676	9
2677	9
2678	3
2679	3
2680	9
2681	3
2682	3
2683	3
2684	3
2685	3
2686	9
2687	3
2688	7
2689	7
2690	7
2691	7
315	6
1657	2
