0	2
1	2
2	2
3	2
4	2
5	2
6	2
7	13
8	13
9	13
10	13
11	13
12	13
13	13
14	13
15	13
16	13
17	13
18	13
19	13
20	13
21	5
22	5
23	5
24	6
25	6
26	6
27	5
28	6
29	4
30	4
31	4
32	4
33	4
34	4
35	4
36	4
37	4
38	4
39	4
40	4
41	4
42	4
43	4
44	4
45	4
46	4
47	4
48	4
49	4
50	4
51	4
52	4
53	1
54	1
55	1
56	1
57	1
58	4
59	4
60	4
61	4
62	4
63	4
64	4
65	1
66	1
67	1
68	1
69	1
70	1
71	6
72	6
73	5
74	6
75	4
76	4
77	4
78	4
79	4
80	4
81	4
82	4
83	9
84	9
85	9
86	9
87	9
88	9
89	9
90	9
91	9
92	9
93	9
94	9
95	9
96	13
97	13
98	13
99	13
100	13
101	13
102	13
103	13
104	13
105	13
106	13
107	13
108	13
109	13
110	13
111	13
112	13
113	13
114	13
115	13
116	13
117	13
118	13
119	13
120	13
121	13
122	13
123	13
124	13
125	13
126	13
127	13
128	13
129	6
130	6
131	6
132	6
133	7
134	6
135	6
136	6
137	6
138	6
139	7
140	6
141	7
142	7
143	6
144	6
145	6
146	6
147	7
148	6
149	6
150	7
151	6
152	6
153	6
154	7
155	6
156	6
157	6
158	7
159	7
160	7
161	7
162	7
163	7
164	6
165	7
166	9
167	9
168	9
169	9
170	9
171	9
172	9
173	9
174	9
175	9
176	9
177	9
178	9
179	9
180	9
181	9
182	9
183	2
184	2
185	2
186	2
187	2
188	2
189	2
190	2
191	2
192	2
193	2
194	2
195	2
196	2
197	2
198	2
199	2
200	2
201	2
202	2
203	2
204	2
205	2
206	2
207	2
208	5
209	5
210	5
211	5
212	5
213	5
214	5
215	5
216	5
217	5
218	5
219	5
220	5
221	5
222	5
223	5
224	5
225	5
226	6
227	6
228	6
229	6
230	6
231	6
232	6
233	6
234	6
235	6
236	5
237	5
238	5
239	5
240	5
241	5
242	5
243	5
244	5
245	5
246	5
247	5
248	2
249	2
250	2
251	2
252	2
253	2
254	2
255	2
256	2
257	2
258	2
259	2
260	2
261	11
262	11
263	11
264	11
265	11
266	11
267	11
268	6
269	11
270	11
271	11
272	11
273	11
274	11
275	11
276	11
277	11
278	6
279	6
280	6
281	6
282	11
283	6
284	11
285	11
286	11
287	11
288	11
289	11
290	11
291	6
292	11
293	11
294	11
295	11
296	11
297	11
298	11
299	11
300	11
301	11
302	2
303	2
304	2
305	2
306	5
307	5
308	5
309	12
310	12
311	12
312	5
313	5
314	5
316	4
317	4
318	4
319	4
320	4
321	4
322	4
323	4
324	4
325	4
326	4
327	4
328	4
329	4
330	4
331	5
332	5
333	5
334	5
335	5
336	12
337	4
338	4
339	4
340	5
341	5
342	5
343	5
344	5
345	12
346	5
347	5
348	5
349	5
350	12
351	5
352	5
353	12
354	5
355	5
356	7
357	7
358	7
359	7
360	7
361	7
362	7
363	7
364	7
365	7
366	7
367	7
368	7
369	12
370	5
371	5
372	12
373	12
374	5
375	5
376	12
377	5
378	5
379	5
380	5
381	5
382	5
383	5
384	5
385	5
386	5
387	5
388	5
389	4
390	4
391	4
392	4
393	4
394	5
395	5
396	5
397	12
398	4
399	4
400	4
401	4
402	4
403	5
404	5
405	5
406	5
407	5
408	5
409	13
410	13
411	13
412	13
413	13
414	13
415	13
416	13
417	13
418	13
419	13
420	13
421	13
422	13
423	13
424	13
425	9
426	9
427	9
428	9
429	9
430	9
431	9
432	9
433	13
434	13
435	13
436	13
437	13
438	13
439	13
440	13
441	13
442	13
443	13
444	13
445	13
446	9
447	9
448	9
449	9
450	9
451	13
452	13
453	13
454	9
455	9
456	9
457	13
458	13
459	13
460	13
461	13
462	13
463	9
464	9
465	9
466	9
467	9
468	9
469	9
470	9
471	9
472	9
473	13
474	13
475	11
476	11
477	6
478	6
479	6
480	6
481	6
482	6
483	6
484	5
485	5
486	6
487	6
488	6
489	11
490	11
491	11
492	11
493	11
494	11
495	6
496	6
497	6
498	5
499	6
500	6
501	6
502	5
503	6
504	6
505	6
506	5
507	5
508	5
509	5
510	5
511	5
512	5
513	5
514	5
515	5
516	5
517	5
518	5
519	5
520	5
521	5
522	3
523	3
524	3
525	3
526	2
527	2
528	3
529	3
530	3
531	3
532	3
533	3
534	3
535	3
536	3
537	3
538	2
539	2
540	2
541	2
542	2
543	2
544	2
545	2
546	2
547	2
548	2
549	2
550	2
551	2
552	2
553	2
554	2
555	2
556	2
557	2
558	2
559	11
560	11
561	11
562	11
563	11
564	11
565	2
566	2
567	2
568	2
569	2
570	3
571	3
572	3
573	3
574	3
575	3
576	3
577	3
578	3
579	3
580	3
581	2
582	2
583	2
584	2
585	2
586	2
587	6
588	6
589	6
590	6
591	6
592	6
593	6
594	6
595	6
596	6
597	6
598	6
599	6
600	6
601	6
602	6
603	2
604	2
605	2
606	2
607	2
608	2
609	2
610	2
611	2
612	2
613	2
614	2
615	2
616	2
617	6
618	6
619	6
620	6
621	6
622	6
623	6
624	6
625	6
626	6
627	6
628	6
629	6
630	6
631	6
632	6
633	6
634	6
635	6
636	6
637	6
638	6
639	2
640	2
641	2
642	2
643	2
644	2
645	2
646	2
647	2
648	2
649	2
650	2
651	2
652	2
653	2
654	2
655	2
656	2
657	11
658	11
659	11
660	11
661	13
662	13
663	13
664	13
665	13
666	13
667	13
668	13
669	13
670	6
671	6
672	6
673	6
674	6
675	6
676	6
677	6
678	6
679	6
680	13
681	13
682	13
683	2
684	13
685	13
686	13
687	13
688	2
689	13
690	13
691	13
692	13
693	13
694	13
695	13
696	13
697	6
698	6
699	6
700	6
701	6
702	6
703	6
704	6
705	6
706	6
707	6
708	6
709	6
710	6
711	6
712	6
713	6
714	13
715	13
716	11
717	11
718	6
719	6
720	6
721	11
722	11
723	11
724	11
725	11
726	11
727	11
728	11
729	11
730	11
731	11
732	4
733	4
734	4
735	4
736	13
737	11
738	9
739	9
740	11
741	11
742	11
743	11
744	11
745	4
746	4
747	4
748	13
749	13
750	13
751	4
752	4
753	4
754	4
755	4
756	4
757	4
758	13
759	4
760	4
761	4
762	13
763	13
764	13
765	13
766	11
767	9
768	11
769	11
770	13
771	4
772	11
773	11
774	11
775	11
776	11
777	11
778	11
779	11
780	11
781	11
782	11
783	11
784	11
785	5
786	11
787	11
788	11
789	11
790	11
791	5
792	5
793	5
794	5
795	5
796	5
797	5
798	5
799	5
800	5
801	11
802	11
803	11
804	11
805	5
806	5
807	5
808	11
809	11
810	11
811	1
812	1
813	1
814	1
815	1
816	1
817	1
818	1
819	1
820	1
821	1
822	1
823	1
824	1
825	1
826	1
827	1
828	1
829	1
830	1
831	1
832	1
833	1
834	1
835	1
836	1
837	1
838	1
839	1
840	1
841	1
842	1
843	1
844	1
845	1
846	1
847	1
848	1
849	1
850	1
851	1
852	1
853	1
854	1
855	1
856	1
857	1
858	2
859	2
860	2
861	2
862	2
863	2
864	2
865	2
866	2
867	2
868	2
869	2
870	2
871	1
872	1
873	1
874	1
875	1
876	1
877	1
878	1
879	1
880	1
881	1
882	1
883	1
884	1
885	1
886	1
887	1
888	1
889	1
890	1
891	1
892	1
893	1
894	1
895	1
896	1
897	1
898	1
899	1
900	1
901	1
902	1
903	1
904	1
905	1
906	1
907	1
908	1
909	1
910	1
911	1
912	1
913	1
914	1
915	1
916	1
917	1
918	1
919	1
920	1
921	1
922	1
923	1
924	1
925	1
926	1
927	1
928	1
929	1
930	1
931	1
932	1
933	1
934	1
935	1
936	1
937	1
938	1
939	1
940	1
941	1
942	1
943	1
944	1
945	1
946	1
947	1
948	1
949	1
950	1
951	1
952	1
953	1
954	1
955	1
956	1
957	1
958	1
959	1
960	1
961	1
962	1
963	1
964	1
965	1
966	1
967	1
968	1
969	1
970	1
971	1
972	1
973	1
974	1
975	1
976	1
977	1
978	1
979	1
980	1
981	1
982	4
983	4
984	3
985	6
986	6
987	6
988	6
989	6
990	6
991	6
992	6
993	6
994	6
995	6
996	6
997	6
998	6
999	6
1000	6
1001	6
1002	6
1003	6
1004	6
1005	6
1006	6
1007	4
1008	3
1009	6
1010	3
1011	4
1012	3
1013	3
1014	4
1015	4
1016	4
1017	3
1018	3
1019	4
1020	4
1021	4
1022	4
1023	4
1024	4
1025	4
1026	4
1027	3
1028	4
1029	4
1030	4
1031	4
1032	4
1033	4
1034	4
1035	4
1036	4
1037	3
1038	4
1039	3
1040	4
1041	4
1042	3
1043	4
1044	4
1045	4
1046	4
1047	3
1048	3
1049	4
1050	4
1051	3
1052	4
1053	4
1054	4
1055	4
1056	3
1057	3
1058	3
1059	4
1060	4
1061	4
1062	4
1063	4
1064	4
1065	3
1066	3
1067	3
1068	3
1069	4
1070	3
1071	4
1072	4
1073	4
1074	4
1075	4
1076	4
1077	4
1078	4
1079	4
1080	4
1081	4
1082	4
1083	4
1084	4
1085	4
1086	4
1087	11
1088	11
1089	11
1090	11
1091	11
1092	11
1093	11
1094	6
1095	6
1096	6
1097	6
1098	6
1099	6
1100	6
1101	6
1102	6
1103	6
1104	6
1105	6
1106	6
1107	12
1108	12
1109	12
1110	12
1111	12
1112	12
1113	12
1114	12
1115	12
1116	12
1117	12
1118	12
1119	12
1120	12
1121	12
1122	1
1123	12
1124	12
1125	12
1126	12
1127	12
1128	12
1129	12
1130	12
1131	1
1132	12
1133	12
1134	12
1135	12
1136	1
1137	12
1138	12
1139	12
1140	12
1141	12
1142	12
1143	12
1144	12
1145	12
1146	1
1147	1
1148	12
1149	12
1150	12
1151	12
1152	12
1153	12
1154	5
1155	5
1156	5
1157	5
1158	5
1159	5
1160	5
1161	5
1162	5
1163	5
1164	5
1165	5
1166	5
1167	5
1168	5
1169	4
1170	3
1171	3
1172	4
1173	3
1174	4
1175	3
1176	4
1177	3
1178	4
1179	4
1180	3
1181	4
1182	4
1183	4
1184	3
1185	4
1186	4
1187	4
1188	4
1189	4
1190	3
1191	3
1192	3
1193	4
1194	3
1195	4
1196	3
1197	4
1198	3
1199	4
1200	3
1201	3
1202	3
1203	3
1204	3
1205	3
1206	3
1207	3
1208	3
1209	3
1210	3
1211	3
1212	3
1213	3
1214	3
1215	3
1216	3
1217	3
1218	3
1219	3
1220	3
1221	3
1222	3
1223	3
1224	3
1225	3
1226	3
1227	3
1228	3
1229	3
1230	3
1231	3
1232	3
1233	3
1234	3
1235	3
1236	3
1237	3
1238	3
1239	3
1240	6
1241	6
1242	6
1243	6
1244	6
1245	6
1246	6
1247	6
1248	6
1249	6
1250	6
1251	6
1252	6
1253	4
1254	4
1255	4
1256	4
1257	4
1258	6
1259	6
1260	6
1261	6
1262	6
1263	6
1264	4
1265	4
1266	4
1267	4
1268	4
1269	13
1270	4
1271	4
1272	4
1273	4
1274	13
1275	13
1276	4
1277	13
1278	5
1279	5
1280	5
1281	6
1282	6
1283	6
1284	13
1285	4
1286	4
1287	13
1288	5
1289	5
1290	5
1291	5
1292	5
1293	5
1294	5
1295	5
1296	5
1297	5
1298	5
1299	5
1300	5
1301	5
1302	5
1303	4
1304	4
1305	4
1306	4
1307	4
1308	4
1309	4
1310	4
1311	4
1312	4
1313	4
1314	1
1315	1
1316	12
1317	1
1318	1
1319	12
1320	1
1321	1
1322	1
1323	12
1324	12
1325	12
1326	1
1327	12
1328	1
1329	12
1330	1
1331	12
1332	12
1333	12
1334	1
1335	1
1336	12
1337	12
1338	1
1339	1
1340	1
1341	12
1342	1
1343	1
1344	12
1345	1
1346	4
1347	4
1348	4
1349	4
1350	4
1351	4
1352	4
1353	4
1354	4
1355	4
1356	4
1357	4
1358	4
1359	4
1360	4
1361	4
1362	4
1363	12
1364	12
1365	12
1366	12
1367	12
1368	12
1369	12
1370	12
1371	12
1372	12
1373	12
1374	12
1375	12
1376	12
1377	12
1378	12
1379	12
1380	12
1381	5
1382	5
1383	5
1384	5
1385	5
1386	5
1387	5
1388	5
1389	5
1390	5
1391	5
1392	5
1393	5
1394	5
1395	5
1396	5
1397	13
1398	4
1399	4
1400	4
1401	13
1402	4
1403	4
1404	13
1405	4
1406	4
1407	4
1408	4
1409	4
1410	13
1411	4
1412	4
1413	4
1414	4
1415	4
1416	4
1417	13
1418	13
1419	4
1420	13
1421	4
1422	13
1423	4
1424	4
1425	13
1426	13
1427	4
1428	3
1429	3
1430	3
1431	10
1432	3
1433	3
1434	3
1435	3
1436	3
1437	3
1438	3
1439	3
1440	10
1441	3
1442	3
1443	3
1444	3
1445	3
1446	3
1447	3
1448	3
1449	3
1450	3
1451	3
1452	3
1453	3
1454	3
1455	3
1456	3
1457	3
1458	3
1459	3
1460	10
1461	3
1462	3
1463	3
1464	10
1465	5
1466	5
1467	5
1468	5
1469	6
1470	5
1471	5
1472	6
1473	6
1474	5
1475	5
1476	5
1477	5
1478	5
1479	5
1480	5
1481	5
1482	5
1483	5
1484	5
1485	5
1486	5
1487	6
1488	6
1489	4
1490	4
1491	4
1492	4
1493	4
1494	4
1495	4
1496	4
1497	4
1498	4
1499	4
1500	4
1501	8
1502	2
1503	2
1504	8
1505	2
1506	8
1507	8
1508	2
1509	8
1510	8
1511	8
1512	8
1513	8
1514	8
1515	8
1516	2
1517	8
1518	8
1519	8
1520	8
1521	8
1522	8
1523	8
1524	8
1525	8
1526	8
1527	8
1528	8
1529	9
1530	9
1531	9
1532	9
1533	9
1534	9
1535	9
1536	9
1537	9
1538	9
1539	9
1540	9
1541	9
1542	9
1543	9
1544	9
1545	9
1546	9
1547	9
1548	9
1549	9
1550	9
1551	9
1552	9
1553	3
1554	3
1555	3
1556	3
1557	3
1558	3
1559	3
1560	3
1561	3
1562	3
1563	3
1564	3
1565	3
1566	3
1567	3
1568	3
1569	3
1570	3
1571	3
1572	3
1573	3
1574	3
1575	3
1576	4
1577	4
1578	4
1579	4
1580	4
1581	4
1582	4
1583	4
1584	4
1585	4
1586	4
1587	4
1588	4
1589	4
1590	4
1591	4
1592	4
1593	4
1594	4
1595	4
1596	4
1597	4
1598	4
1599	4
1600	4
1601	4
1602	3
1603	3
1604	3
1605	3
1606	3
1607	3
1608	3
1609	3
1610	3
1611	3
1612	3
1613	3
1614	3
1615	3
1616	3
1617	3
1618	5
1619	5
1620	5
1621	5
1622	5
1623	5
1624	5
1625	5
1626	5
1627	5
1628	5
1629	3
1630	3
1631	3
1632	3
1633	3
1634	3
1635	3
1636	3
1637	3
1638	3
1639	3
1640	3
1641	3
1642	3
1643	3
1644	5
1645	5
1646	5
1647	5
1648	5
1649	3
1650	3
1651	3
1652	3
1653	3
1654	3
1655	3
1656	3
1658	3
1659	3
1660	3
1661	3
1662	3
1663	3
1664	3
1665	3
1666	3
1667	3
1668	3
1669	3
1670	3
1671	3
1672	3
1673	5
1674	3
1675	3
1676	3
1677	5
1678	6
1679	6
1680	11
1681	11
1682	6
1683	6
1684	6
1685	13
1686	13
1687	13
1688	13
1689	13
1690	13
1691	13
1692	13
1693	13
1694	13
1695	13
1696	13
1697	13
1698	13
1699	13
1700	13
1701	13
1702	13
1703	10
1704	10
1705	13
1706	13
1707	13
1708	13
1709	13
1710	13
1711	13
1712	13
1713	5
1714	5
1715	5
1716	5
1717	5
1718	5
1719	5
1720	5
1721	5
1722	5
1723	5
1724	5
1725	13
1726	13
1727	13
1728	5
1729	13
1730	13
1731	13
1732	13
1733	13
1734	13
1735	13
1736	13
1737	13
1738	13
1739	13
1740	13
1741	13
1742	8
1743	8
1744	8
1745	8
1746	8
1747	8
1748	8
1749	2
1750	8
1751	8
1752	8
1753	8
1754	8
1755	2
1756	8
1757	5
1758	5
1759	5
1760	5
1761	2
1762	8
1763	8
1764	8
1765	8
1766	2
1767	8
1768	8
1769	2
1770	8
1771	8
1772	8
1773	2
1774	5
1775	5
1776	5
1777	5
1778	5
1779	5
1780	5
1781	5
1782	5
1783	5
1784	5
1785	5
1786	5
1787	2
1788	8
1789	8
1790	2
1791	2
1792	2
1793	8
1794	8
1795	5
1796	5
1797	5
1798	5
1799	8
1800	2
1801	2
1802	8
1803	8
1804	8
1805	8
1806	8
1807	8
1808	8
1809	13
1810	10
1811	10
1812	10
1813	10
1814	10
1815	13
1816	13
1817	10
1818	13
1819	13
1820	13
1821	10
1822	13
1823	10
1824	10
1825	13
1826	13
1827	13
1828	13
1829	10
1830	11
1831	11
1832	11
1833	11
1834	11
1835	10
1836	10
1837	11
1838	13
1839	13
1840	12
1841	12
1842	12
1843	12
1844	12
1845	13
1846	10
1847	13
1848	13
1849	10
1850	13
1851	13
1852	13
1853	10
1854	10
1855	10
1856	10
1857	5
1858	5
1859	5
1860	5
1861	5
1862	5
1863	10
1864	13
1865	13
1866	13
1867	10
1868	13
1869	10
1870	13
1871	13
1872	11
1873	11
1874	11
1875	11
1876	11
1877	11
1878	11
1879	11
1880	6
1881	11
1882	11
1883	6
1884	11
1885	11
1886	11
1887	11
1888	11
1889	6
1890	11
1891	11
1892	6
1893	11
1894	11
1895	2
1896	2
1897	2
1898	1
1899	1
1900	1
1901	1
1902	1
1903	1
1904	2
1905	2
1906	2
1907	2
1908	2
1909	2
1910	2
1911	2
1912	2
1913	2
1914	2
1915	2
1916	1
1917	1
1918	1
1919	1
1920	1
1921	1
1922	1
1923	1
1924	2
1925	2
1926	2
1927	2
1928	2
1929	2
1930	2
1931	2
1932	2
1933	2
1934	2
1935	2
1936	2
1937	2
1938	2
1939	2
1940	2
1941	2
1942	2
1943	2
1944	2
1945	2
1946	2
1947	2
1948	2
1949	2
1950	2
1951	2
1952	2
1953	2
1954	2
1955	2
1956	2
1957	2
1958	2
1959	2
1960	2
1961	2
1962	2
1963	2
1964	2
1965	2
1966	2
1967	2
1968	2
1969	2
1970	2
1971	2
1972	2
1973	2
1974	2
1975	2
1976	9
1977	9
1978	9
1979	9
1980	9
1981	9
1982	9
1983	9
1984	9
1985	9
1986	9
1987	9
1988	9
1989	9
1990	9
1991	9
1992	9
1993	9
1994	9
1995	9
1996	9
1997	9
1998	9
1999	9
2000	9
2001	9
2002	9
2003	9
2004	9
2005	9
2006	9
2007	9
2008	9
2009	9
2010	9
2011	9
2012	9
2013	9
2014	9
2015	9
2016	9
2017	11
2018	11
2019	11
2020	11
2021	11
2022	11
2023	11
2024	11
2025	11
2026	11
2027	11
2028	11
2029	11
2030	11
2031	11
2032	11
2033	11
2034	11
2035	11
2036	11
2037	11
2038	11
2039	11
2040	11
2041	11
2042	11
2043	11
2044	11
2045	11
2046	11
2047	11
2048	11
2049	11
2050	11
2051	11
2052	11
2053	11
2054	11
2055	11
2056	11
2057	11
2058	3
2059	3
2060	3
2061	3
2062	9
2063	3
2064	9
2065	9
2066	9
2067	3
2068	6
2069	11
2070	11
2071	6
2072	6
2073	6
2074	6
2075	11
2076	6
2077	6
2078	6
2079	6
2080	6
2081	11
2082	6
2083	6
2084	11
2085	11
2086	11
2087	6
2088	6
2089	4
2090	4
2091	4
2092	4
2093	4
2094	4
2095	4
2096	2
2097	2
2098	2
2099	2
2100	2
2101	2
2102	2
2103	2
2104	2
2105	2
2106	2
2107	2
2108	2
2109	2
2110	2
2111	2
2112	2
2113	10
2114	8
2115	8
2116	8
2117	8
2118	10
2119	10
2120	10
2121	8
2122	10
2123	10
2124	11
2125	8
2126	8
2127	8
2128	8
2129	8
2130	10
2131	8
2132	8
2133	10
2134	8
2135	8
2136	10
2137	10
2138	10
2139	10
2140	10
2141	10
2142	10
2143	10
2144	10
2145	10
2146	10
2147	10
2148	10
2149	10
2150	8
2151	8
2152	8
2153	8
2154	8
2155	8
2156	10
2157	8
2158	8
2159	10
2160	8
2161	8
2162	8
2163	10
2164	10
2165	10
2166	8
2167	10
2168	10
2169	8
2170	8
2171	8
2172	8
2173	8
2174	10
2175	10
2176	10
2177	10
2178	8
2179	8
2180	10
2181	10
2182	8
2183	8
2184	8
2185	8
2186	8
2187	8
2188	10
2189	10
2190	8
2191	10
2192	10
2193	8
2194	10
2195	8
2196	10
2197	10
2198	8
2199	10
2200	10
2201	10
2202	10
2203	8
2204	8
2205	8
2206	8
2207	8
2208	10
2209	8
2210	8
2211	8
2212	8
2213	10
2214	10
2215	10
2216	10
2217	10
2218	8
2219	8
2220	8
2221	10
2222	10
2223	10
2224	8
2225	8
2226	8
2227	8
2228	10
2229	10
2230	10
2231	10
2232	8
2233	10
2234	10
2235	8
2236	10
2237	10
2238	10
2239	8
2240	8
2241	10
2242	10
2243	10
2244	10
2245	10
2246	8
2247	10
2248	10
2249	8
2250	8
2251	8
2252	8
2253	10
2254	10
2255	10
2256	10
2257	8
2258	10
2259	8
2260	8
2261	10
2262	8
2263	8
2264	8
2265	8
2266	10
2267	8
2268	10
2269	10
2270	10
2271	8
2272	8
2273	8
2274	8
2275	8
2276	8
2277	10
2278	10
2279	10
2280	8
2281	8
2282	10
2283	10
2284	11
2285	11
2286	8
2287	8
2288	8
2289	8
2290	8
2291	8
2292	8
2293	8
2294	10
2295	8
2296	8
2297	10
2298	10
2299	10
2300	10
2301	8
2302	10
2303	10
2304	10
2305	8
2306	8
2307	8
2308	8
2309	11
2310	11
2311	11
2312	1
2313	1
2314	1
2315	1
2316	1
2317	1
2318	1
2319	1
2320	1
2321	1
2322	1
2323	1
2324	1
2325	1
2326	1
2327	1
2328	1
2329	1
2330	2
2331	2
2332	2
2333	2
2334	2
2335	2
2336	2
2337	2
2338	2
2339	2
2340	2
2341	2
2342	2
2343	2
2344	2
2345	2
2346	4
2347	4
2348	4
2349	4
2350	4
2351	4
2352	4
2353	4
2354	4
2355	4
2356	4
2357	4
2358	4
2359	4
2360	4
2361	4
2362	4
2363	4
2364	4
2365	4
2366	10
2367	10
2368	10
2369	10
2370	10
2371	10
2372	10
2373	10
2374	10
2375	10
2376	10
2377	10
2378	10
2379	10
2380	10
2381	10
2382	10
2383	10
2384	10
2385	10
2386	10
2387	10
2388	10
2389	10
2390	10
2391	10
2392	10
2393	10
2394	10
2395	10
2396	10
2397	10
2398	10
2399	10
2400	10
2401	10
2402	10
2403	10
2404	10
2405	10
2406	10
2407	10
2408	10
2409	10
2410	10
2411	10
2412	10
2413	10
2414	10
2415	12
2416	12
2417	12
2418	12
2419	7
2420	7
2421	7
2422	7
2423	12
2424	12
2425	12
2426	7
2427	7
2428	7
2429	7
2430	7
2431	7
2432	7
2433	12
2434	7
2435	12
2436	12
2437	7
2438	7
2439	7
2440	7
2441	7
2442	7
2443	12
2444	12
2445	7
2446	7
2447	7
2448	12
2449	12
2450	12
2451	7
2452	12
2453	12
2454	12
2455	12
2456	12
2457	12
2458	12
2459	12
2460	7
2461	7
2462	12
2463	12
2464	12
2465	7
2466	7
2467	12
2468	12
2469	12
2470	12
2471	12
2472	12
2473	7
2474	7
2475	12
2476	12
2477	12
2478	12
2479	12
2480	12
2481	12
2482	12
2483	12
2484	12
2485	12
2486	12
2487	12
2488	12
2489	12
2490	12
2491	12
2492	12
2493	12
2494	12
2495	12
2496	7
2497	7
2498	7
2499	7
2500	12
2501	12
2502	7
2503	12
2504	7
2505	7
2506	12
2507	12
2508	7
2509	7
2510	7
2511	7
2512	7
2513	7
2514	7
2515	12
2516	7
2517	7
2518	12
2519	7
2520	12
2521	7
2522	7
2523	7
2524	7
2525	7
2526	12
2527	12
2528	7
2529	7
2530	7
2531	7
2532	7
2533	7
2534	7
2535	7
2536	7
2537	7
2538	7
2539	7
2540	7
2541	7
2542	7
2543	7
2544	7
2545	7
2546	7
2547	7
2548	7
2549	7
2550	12
2551	7
2552	7
2553	7
2554	7
2555	7
2556	7
2557	7
2558	7
2559	12
2560	7
2561	7
2562	7
2563	7
2564	7
2565	7
2566	7
2567	7
2568	7
2569	7
2570	7
2571	7
2572	7
2573	7
2574	7
2575	7
2576	7
2577	7
2578	7
2579	7
2580	7
2581	7
2582	7
2583	7
2584	7
2585	12
2586	12
2587	7
2588	7
2589	7
2590	7
2591	7
2592	7
2593	7
2594	12
2595	12
2596	12
2597	12
2598	12
2599	12
2600	12
2601	12
2602	7
2603	7
2604	7
2605	7
2606	11
2607	11
2608	11
2609	11
2610	11
2611	11
2612	11
2613	11
2614	11
2615	11
2616	11
2617	11
2618	11
2619	11
2620	11
2621	11
2622	11
2623	11
2624	11
2625	11
2626	11
2627	11
2628	11
2629	11
2630	11
2631	11
2632	11
2633	11
2634	11
2635	11
2636	11
2637	11
2638	11
2639	11
2640	9
2641	9
2642	9
2643	9
2644	9
2645	9
2646	9
2647	9
2648	9
2649	9
2650	9
2651	9
2652	9
2653	9
2654	9
2655	9
2656	9
2657	9
2658	9
2659	9
2660	9
2661	9
2662	9
2663	9
2664	9
2665	9
2666	9
2667	9
2668	9
2669	9
2670	9
2671	9
2672	9
2673	9
2674	9
2675	9
2676	9
2677	9
2678	9
2679	9
2680	9
2681	9
2682	9
2683	9
2684	9
2685	9
2686	9
2687	9
2688	2
2689	2
2690	2
2691	2
315	4
1657	3
