0	5
1	5
2	5
3	5
4	5
5	5
6	5
7	7
8	7
9	7
10	7
11	7
12	7
13	7
14	7
15	7
16	7
17	7
18	2
19	2
20	2
21	6
22	6
23	6
24	6
25	6
26	6
27	6
28	6
29	2
30	2
31	2
32	2
33	2
34	2
35	2
36	2
37	2
38	2
39	2
40	2
41	2
42	2
43	2
44	2
45	2
46	2
47	2
48	2
49	2
50	3
51	2
52	2
53	13
54	13
55	13
56	13
57	13
58	2
59	3
60	3
61	3
62	3
63	2
64	3
65	13
66	13
67	13
68	13
69	13
70	13
71	6
72	6
73	6
74	6
75	2
76	2
77	2
78	2
79	2
80	2
81	3
82	2
83	11
84	9
85	9
86	11
87	11
88	11
89	11
90	11
91	9
92	11
93	11
94	11
95	11
96	7
97	7
98	7
99	7
100	7
101	7
102	7
103	7
104	7
105	7
106	7
107	7
108	7
109	7
110	7
111	7
112	7
113	7
114	7
115	7
116	7
117	7
118	7
119	7
120	7
121	7
122	7
123	7
124	7
125	7
126	7
127	7
128	7
129	10
130	10
131	10
132	10
133	10
134	10
135	10
136	10
137	10
138	10
139	10
140	10
141	10
142	10
143	10
144	10
145	10
146	10
147	10
148	10
149	10
150	10
151	10
152	10
153	10
154	10
155	10
156	10
157	10
158	10
159	10
160	10
161	10
162	10
163	10
164	10
165	10
166	9
167	10
168	10
169	10
170	10
171	10
172	10
173	10
174	10
175	10
176	10
177	10
178	10
179	10
180	10
181	10
182	10
183	3
184	3
185	3
186	3
187	3
188	3
189	3
190	3
191	3
192	3
193	3
194	3
195	3
196	3
197	3
198	3
199	3
200	3
201	3
202	3
203	3
204	3
205	3
206	3
207	3
208	6
209	6
210	6
211	6
212	6
213	6
214	6
215	6
216	6
217	6
218	6
219	6
220	6
221	6
222	6
223	6
224	6
225	6
226	1
227	1
228	1
229	1
230	1
231	1
232	1
233	1
234	1
235	1
236	6
237	6
238	6
239	6
240	6
241	6
242	6
243	6
244	6
245	6
246	6
247	6
248	3
249	3
250	3
251	3
252	3
253	3
254	3
255	3
256	3
257	3
258	3
259	3
260	3
261	1
262	1
263	1
264	1
265	1
266	1
267	1
268	1
269	1
270	1
271	1
272	1
273	1
274	1
275	1
276	1
277	1
278	1
279	1
280	1
281	1
282	1
283	1
284	1
285	1
286	1
287	1
288	1
289	1
290	1
291	1
292	1
293	1
294	1
295	1
296	1
297	1
298	1
299	1
300	1
301	1
302	3
303	3
304	3
305	3
306	13
307	13
308	13
309	13
310	13
311	13
312	13
313	13
314	13
316	7
317	7
318	7
319	7
320	7
321	7
322	7
323	7
324	7
325	7
326	7
327	7
328	7
329	7
330	7
331	13
332	13
333	13
334	13
335	13
336	13
337	7
338	7
339	7
340	13
341	13
342	13
343	13
344	13
345	13
346	13
347	13
348	13
349	13
350	13
351	13
352	13
353	13
354	13
355	13
356	11
357	10
358	11
359	10
360	10
361	11
362	10
363	10
364	11
365	11
366	10
367	11
368	11
369	13
370	13
371	13
372	13
373	13
374	13
375	13
376	13
377	13
378	13
379	13
380	13
381	13
382	13
383	13
384	13
385	13
386	13
387	13
388	13
389	7
390	7
391	7
392	7
393	7
394	13
395	13
396	13
397	13
398	7
399	7
400	7
401	7
402	7
403	6
404	6
405	6
406	6
407	6
408	6
409	2
410	2
411	2
412	2
413	2
414	2
415	2
416	2
417	2
418	2
419	2
420	2
421	2
422	2
423	2
424	2
425	9
426	9
427	9
428	9
429	9
430	9
431	9
432	9
433	2
434	2
435	2
436	2
437	2
438	2
439	2
440	2
441	2
442	2
443	2
444	2
445	2
446	9
447	9
448	9
449	9
450	9
451	2
452	2
453	2
454	9
455	9
456	9
457	2
458	2
459	2
460	2
461	2
462	2
463	9
464	9
465	9
466	9
467	9
468	9
469	9
470	9
471	9
472	9
473	2
474	2
475	1
476	1
477	10
478	10
479	10
480	10
481	10
482	10
483	10
484	6
485	6
486	10
487	10
488	10
489	1
490	1
491	1
492	1
493	1
494	1
495	10
496	10
497	10
498	6
499	10
500	10
501	10
502	6
503	10
504	10
505	10
506	6
507	6
508	6
509	6
510	6
511	6
512	6
513	6
514	6
515	6
516	6
517	6
518	6
519	6
520	6
521	6
522	9
523	9
524	9
525	9
526	3
527	3
528	9
529	9
530	9
531	9
532	9
533	9
534	9
535	9
536	9
537	9
538	3
539	3
540	3
541	3
542	3
543	3
544	3
545	3
546	3
547	3
548	3
549	3
550	3
551	3
552	3
553	3
554	3
555	3
556	3
557	3
558	3
559	6
560	6
561	6
562	6
563	6
564	6
565	3
566	3
567	3
568	3
569	3
570	9
571	9
572	9
573	9
574	9
575	9
576	9
577	9
578	9
579	9
580	9
581	3
582	3
583	3
584	3
585	3
586	3
587	1
588	1
589	1
590	1
591	1
592	6
593	6
594	1
595	6
596	1
597	6
598	1
599	6
600	6
601	6
602	6
603	3
604	3
605	3
606	3
607	3
608	3
609	3
610	3
611	3
612	3
613	3
614	3
615	3
616	3
617	6
618	6
619	6
620	1
621	1
622	1
623	1
624	1
625	1
626	1
627	1
628	6
629	6
630	6
631	6
632	6
633	6
634	1
635	6
636	6
637	1
638	1
639	3
640	3
641	3
642	3
643	3
644	3
645	3
646	3
647	3
648	3
649	3
650	3
651	3
652	3
653	3
654	3
655	3
656	3
657	10
658	10
659	10
660	10
661	5
662	5
663	5
664	5
665	5
666	5
667	5
668	5
669	5
670	1
671	1
672	10
673	1
674	10
675	1
676	10
677	10
678	10
679	10
680	5
681	5
682	5
683	5
684	5
685	5
686	5
687	5
688	5
689	5
690	5
691	5
692	5
693	5
694	5
695	5
696	5
697	1
698	1
699	1
700	1
701	1
702	1
703	1
704	10
705	1
706	10
707	1
708	1
709	10
710	1
711	1
712	1
713	1
714	5
715	5
716	6
717	6
718	1
719	1
720	10
721	6
722	6
723	6
724	6
725	6
726	6
727	6
728	6
729	6
730	6
731	6
732	2
733	2
734	2
735	2
736	2
737	10
738	9
739	9
740	10
741	10
742	10
743	10
744	10
745	2
746	2
747	2
748	2
749	2
750	2
751	2
752	2
753	2
754	2
755	2
756	2
757	2
758	2
759	2
760	2
761	2
762	2
763	2
764	2
765	2
766	10
767	9
768	10
769	9
770	2
771	2
772	10
773	10
774	10
775	9
776	10
777	10
778	10
779	10
780	10
781	10
782	10
783	10
784	10
785	6
786	10
787	10
788	10
789	10
790	10
791	6
792	6
793	6
794	6
795	6
796	6
797	6
798	6
799	6
800	6
801	10
802	10
803	10
804	10
805	6
806	6
807	6
808	10
809	10
810	10
811	13
812	4
813	13
814	13
815	4
816	4
817	4
818	4
819	4
820	4
821	13
822	4
823	4
824	4
825	4
826	4
827	4
828	4
829	4
830	13
831	13
832	13
833	13
834	13
835	13
836	13
837	13
838	13
839	13
840	13
841	13
842	13
843	4
844	4
845	4
846	4
847	4
848	4
849	4
850	4
851	4
852	13
853	13
854	4
855	4
856	4
857	4
858	3
859	3
860	3
861	3
862	3
863	3
864	3
865	3
866	3
867	3
868	3
869	3
870	3
871	13
872	13
873	13
874	13
875	4
876	4
877	4
878	4
879	4
880	4
881	13
882	13
883	4
884	13
885	4
886	13
887	4
888	4
889	4
890	4
891	4
892	4
893	4
894	4
895	4
896	13
897	4
898	4
899	4
900	4
901	4
902	13
903	4
904	13
905	4
906	4
907	4
908	4
909	4
910	4
911	4
912	4
913	4
914	4
915	13
916	4
917	13
918	4
919	4
920	4
921	4
922	4
923	4
924	4
925	4
926	13
927	13
928	4
929	13
930	4
931	4
932	4
933	4
934	4
935	4
936	4
937	4
938	4
939	4
940	4
941	4
942	4
943	4
944	4
945	4
946	4
947	4
948	4
949	4
950	4
951	4
952	4
953	4
954	4
955	4
956	4
957	4
958	4
959	4
960	4
961	4
962	4
963	4
964	4
965	4
966	4
967	4
968	4
969	4
970	4
971	4
972	4
973	4
974	4
975	4
976	4
977	4
978	4
979	4
980	4
981	4
982	7
983	7
984	7
985	10
986	10
987	10
988	10
989	10
990	10
991	10
992	10
993	10
994	10
995	10
996	10
997	10
998	10
999	10
1000	10
1001	10
1002	10
1003	10
1004	10
1005	10
1006	10
1007	7
1008	7
1009	10
1010	7
1011	7
1012	7
1013	7
1014	7
1015	7
1016	7
1017	7
1018	7
1019	7
1020	7
1021	7
1022	7
1023	7
1024	7
1025	7
1026	7
1027	7
1028	7
1029	7
1030	7
1031	7
1032	7
1033	7
1034	7
1035	7
1036	7
1037	7
1038	7
1039	7
1040	7
1041	7
1042	7
1043	7
1044	7
1045	7
1046	7
1047	7
1048	7
1049	7
1050	7
1051	7
1052	7
1053	7
1054	7
1055	7
1056	7
1057	7
1058	7
1059	7
1060	7
1061	7
1062	7
1063	7
1064	7
1065	7
1066	7
1067	7
1068	7
1069	7
1070	7
1071	7
1072	7
1073	7
1074	7
1075	3
1076	3
1077	3
1078	3
1079	3
1080	3
1081	3
1082	3
1083	3
1084	3
1085	3
1086	3
1087	1
1088	1
1089	1
1090	1
1091	1
1092	1
1093	1
1094	6
1095	6
1096	6
1097	6
1098	6
1099	6
1100	6
1101	6
1102	6
1103	6
1104	6
1105	6
1106	6
1107	11
1108	11
1109	11
1110	11
1111	11
1112	11
1113	11
1114	11
1115	11
1116	11
1117	11
1118	11
1119	11
1120	11
1121	11
1122	11
1123	11
1124	11
1125	11
1126	11
1127	11
1128	11
1129	11
1130	11
1131	11
1132	11
1133	11
1134	11
1135	11
1136	11
1137	11
1138	11
1139	11
1140	11
1141	11
1142	11
1143	11
1144	11
1145	11
1146	11
1147	11
1148	11
1149	11
1150	11
1151	11
1152	11
1153	11
1154	6
1155	6
1156	6
1157	6
1158	13
1159	6
1160	6
1161	6
1162	6
1163	13
1164	13
1165	6
1166	13
1167	13
1168	6
1169	7
1170	7
1171	7
1172	7
1173	7
1174	7
1175	7
1176	7
1177	7
1178	7
1179	7
1180	7
1181	7
1182	7
1183	7
1184	7
1185	7
1186	7
1187	7
1188	7
1189	7
1190	7
1191	7
1192	7
1193	7
1194	7
1195	7
1196	7
1197	7
1198	7
1199	7
1200	4
1201	4
1202	4
1203	4
1204	4
1205	4
1206	4
1207	4
1208	4
1209	4
1210	4
1211	4
1212	4
1213	4
1214	4
1215	4
1216	4
1217	4
1218	4
1219	4
1220	4
1221	4
1222	4
1223	4
1224	4
1225	4
1226	4
1227	4
1228	4
1229	4
1230	4
1231	4
1232	4
1233	4
1234	4
1235	4
1236	4
1237	4
1238	4
1239	4
1240	1
1241	1
1242	1
1243	1
1244	1
1245	1
1246	1
1247	1
1248	1
1249	1
1250	1
1251	1
1252	1
1253	2
1254	2
1255	2
1256	2
1257	2
1258	1
1259	1
1260	1
1261	1
1262	1
1263	1
1264	2
1265	2
1266	2
1267	2
1268	2
1269	2
1270	2
1271	2
1272	2
1273	2
1274	2
1275	2
1276	2
1277	2
1278	6
1279	6
1280	6
1281	1
1282	1
1283	1
1284	2
1285	2
1286	2
1287	2
1288	6
1289	6
1290	6
1291	6
1292	6
1293	6
1294	6
1295	6
1296	6
1297	6
1298	6
1299	6
1300	6
1301	6
1302	6
1303	3
1304	3
1305	3
1306	3
1307	3
1308	3
1309	3
1310	3
1311	3
1312	3
1313	3
1314	11
1315	11
1316	11
1317	11
1318	11
1319	11
1320	11
1321	11
1322	11
1323	11
1324	11
1325	11
1326	11
1327	11
1328	11
1329	11
1330	11
1331	11
1332	11
1333	11
1334	11
1335	11
1336	11
1337	11
1338	11
1339	11
1340	11
1341	11
1342	11
1343	11
1344	11
1345	11
1346	3
1347	3
1348	3
1349	3
1350	3
1351	3
1352	3
1353	3
1354	3
1355	3
1356	3
1357	3
1358	3
1359	3
1360	3
1361	3
1362	3
1363	11
1364	11
1365	4
1366	11
1367	11
1368	4
1369	4
1370	4
1371	11
1372	11
1373	11
1374	4
1375	4
1376	11
1377	4
1378	4
1379	11
1380	11
1381	6
1382	6
1383	6
1384	6
1385	6
1386	6
1387	6
1388	6
1389	6
1390	6
1391	6
1392	6
1393	6
1394	6
1395	6
1396	6
1397	2
1398	3
1399	3
1400	3
1401	2
1402	3
1403	3
1404	2
1405	3
1406	3
1407	3
1408	3
1409	3
1410	2
1411	3
1412	3
1413	3
1414	3
1415	3
1416	3
1417	2
1418	2
1419	3
1420	2
1421	3
1422	3
1423	3
1424	3
1425	2
1426	2
1427	3
1428	9
1429	9
1430	9
1431	9
1432	9
1433	9
1434	9
1435	9
1436	9
1437	9
1438	9
1439	9
1440	9
1441	7
1442	7
1443	7
1444	7
1445	7
1446	7
1447	7
1448	7
1449	7
1450	7
1451	7
1452	7
1453	7
1454	7
1455	9
1456	9
1457	9
1458	9
1459	9
1460	9
1461	9
1462	9
1463	9
1464	9
1465	6
1466	6
1467	6
1468	6
1469	6
1470	6
1471	6
1472	6
1473	6
1474	6
1475	6
1476	6
1477	6
1478	6
1479	6
1480	6
1481	6
1482	6
1483	6
1484	6
1485	6
1486	6
1487	6
1488	6
1489	7
1490	7
1491	7
1492	7
1493	7
1494	7
1495	7
1496	7
1497	7
1498	7
1499	7
1500	7
1501	5
1502	5
1503	5
1504	5
1505	5
1506	5
1507	5
1508	5
1509	5
1510	5
1511	5
1512	5
1513	5
1514	5
1515	5
1516	5
1517	5
1518	5
1519	5
1520	5
1521	5
1522	5
1523	5
1524	5
1525	5
1526	5
1527	5
1528	5
1529	9
1530	9
1531	9
1532	9
1533	9
1534	9
1535	9
1536	9
1537	9
1538	9
1539	9
1540	9
1541	9
1542	9
1543	9
1544	9
1545	9
1546	9
1547	9
1548	9
1549	9
1550	9
1551	9
1552	11
1553	11
1554	4
1555	4
1556	4
1557	4
1558	11
1559	11
1560	11
1561	11
1562	4
1563	11
1564	11
1565	11
1566	4
1567	11
1568	11
1569	11
1570	11
1571	11
1572	11
1573	11
1574	11
1575	11
1576	2
1577	2
1578	2
1579	2
1580	2
1581	2
1582	2
1583	2
1584	2
1585	2
1586	2
1587	2
1588	2
1589	2
1590	2
1591	2
1592	2
1593	3
1594	3
1595	3
1596	3
1597	3
1598	3
1599	3
1600	3
1601	3
1602	9
1603	9
1604	9
1605	9
1606	9
1607	9
1608	9
1609	9
1610	9
1611	9
1612	9
1613	9
1614	9
1615	9
1616	9
1617	9
1618	6
1619	6
1620	6
1621	6
1622	6
1623	6
1624	6
1625	6
1626	6
1627	6
1628	6
1629	7
1630	7
1631	4
1632	7
1633	4
1634	4
1635	4
1636	4
1637	4
1638	4
1639	7
1640	4
1641	4
1642	4
1643	4
1644	6
1645	6
1646	6
1647	6
1648	6
1649	4
1650	4
1651	7
1652	4
1653	4
1654	7
1655	4
1656	4
1658	4
1659	4
1660	4
1661	4
1662	7
1663	4
1664	4
1665	4
1666	7
1667	7
1668	7
1669	4
1670	4
1671	4
1672	4
1673	6
1674	4
1675	4
1676	4
1677	6
1678	1
1679	1
1680	1
1681	1
1682	1
1683	1
1684	1
1685	2
1686	2
1687	2
1688	2
1689	2
1690	2
1691	2
1692	2
1693	2
1694	2
1695	2
1696	2
1697	2
1698	2
1699	2
1700	2
1701	2
1702	2
1703	12
1704	12
1705	2
1706	2
1707	2
1708	2
1709	2
1710	2
1711	2
1712	2
1713	6
1714	6
1715	6
1716	6
1717	6
1718	6
1719	6
1720	6
1721	6
1722	6
1723	6
1724	6
1725	2
1726	2
1727	2
1728	6
1729	2
1730	2
1731	2
1732	2
1733	2
1734	2
1735	2
1736	2
1737	2
1738	2
1739	2
1740	2
1741	2
1742	5
1743	5
1744	5
1745	5
1746	5
1747	5
1748	5
1749	5
1750	5
1751	5
1752	5
1753	5
1754	5
1755	5
1756	5
1757	6
1758	6
1759	6
1760	6
1761	5
1762	5
1763	5
1764	5
1765	5
1766	5
1767	5
1768	5
1769	5
1770	5
1771	5
1772	5
1773	5
1774	6
1775	6
1776	6
1777	6
1778	6
1779	6
1780	6
1781	6
1782	6
1783	6
1784	6
1785	6
1786	6
1787	5
1788	5
1789	5
1790	5
1791	5
1792	5
1793	5
1794	5
1795	6
1796	6
1797	6
1798	6
1799	5
1800	5
1801	5
1802	5
1803	5
1804	5
1805	5
1806	5
1807	5
1808	5
1809	2
1810	2
1811	12
1812	12
1813	12
1814	12
1815	12
1816	2
1817	12
1818	2
1819	2
1820	2
1821	2
1822	2
1823	12
1824	12
1825	2
1826	2
1827	2
1828	2
1829	2
1830	6
1831	6
1832	6
1833	6
1834	6
1835	12
1836	12
1837	6
1838	2
1839	2
1840	4
1841	4
1842	4
1843	4
1844	4
1845	2
1846	12
1847	2
1848	2
1849	2
1850	2
1851	12
1852	12
1853	12
1854	12
1855	12
1856	12
1857	6
1858	6
1859	6
1860	6
1861	6
1862	6
1863	12
1864	2
1865	2
1866	2
1867	2
1868	2
1869	2
1870	2
1871	2
1872	1
1873	1
1874	1
1875	1
1876	1
1877	1
1878	1
1879	1
1880	1
1881	1
1882	1
1883	1
1884	1
1885	1
1886	1
1887	1
1888	1
1889	1
1890	1
1891	1
1892	1
1893	1
1894	1
1895	3
1896	3
1897	3
1898	13
1899	13
1900	13
1901	13
1902	13
1903	13
1904	3
1905	3
1906	3
1907	3
1908	3
1909	3
1910	3
1911	3
1912	3
1913	3
1914	3
1915	3
1916	13
1917	13
1918	13
1919	13
1920	13
1921	13
1922	13
1923	13
1924	3
1925	3
1926	3
1927	3
1928	3
1929	3
1930	3
1931	3
1932	3
1933	3
1934	3
1935	3
1936	3
1937	3
1938	3
1939	3
1940	3
1941	3
1942	3
1943	3
1944	3
1945	3
1946	3
1947	3
1948	3
1949	3
1950	3
1951	3
1952	3
1953	3
1954	3
1955	3
1956	3
1957	3
1958	3
1959	3
1960	3
1961	3
1962	3
1963	3
1964	3
1965	3
1966	3
1967	3
1968	3
1969	3
1970	3
1971	3
1972	3
1973	3
1974	3
1975	3
1976	9
1977	9
1978	9
1979	9
1980	9
1981	9
1982	9
1983	9
1984	9
1985	9
1986	9
1987	9
1988	9
1989	9
1990	9
1991	9
1992	9
1993	9
1994	9
1995	9
1996	9
1997	9
1998	9
1999	9
2000	9
2001	9
2002	9
2003	9
2004	9
2005	9
2006	9
2007	9
2008	9
2009	9
2010	9
2011	9
2012	9
2013	9
2014	9
2015	9
2016	9
2017	1
2018	1
2019	1
2020	1
2021	1
2022	1
2023	1
2024	10
2025	1
2026	1
2027	1
2028	1
2029	1
2030	10
2031	10
2032	10
2033	10
2034	10
2035	10
2036	10
2037	10
2038	6
2039	6
2040	6
2041	6
2042	6
2043	1
2044	1
2045	1
2046	10
2047	10
2048	6
2049	6
2050	1
2051	10
2052	10
2053	10
2054	10
2055	10
2056	10
2057	10
2058	9
2059	9
2060	9
2061	9
2062	9
2063	9
2064	9
2065	9
2066	9
2067	9
2068	1
2069	1
2070	1
2071	6
2072	1
2073	6
2074	1
2075	1
2076	1
2077	6
2078	6
2079	1
2080	6
2081	1
2082	1
2083	1
2084	1
2085	1
2086	1
2087	1
2088	1
2089	2
2090	2
2091	2
2092	2
2093	2
2094	2
2095	2
2096	5
2097	5
2098	5
2099	5
2100	5
2101	5
2102	5
2103	5
2104	5
2105	5
2106	5
2107	5
2108	5
2109	5
2110	5
2111	5
2112	5
2113	5
2114	12
2115	12
2116	12
2117	12
2118	5
2119	5
2120	12
2121	12
2122	5
2123	5
2124	1
2125	12
2126	12
2127	12
2128	12
2129	12
2130	5
2131	12
2132	12
2133	5
2134	5
2135	12
2136	5
2137	5
2138	5
2139	12
2140	12
2141	12
2142	5
2143	5
2144	5
2145	12
2146	5
2147	5
2148	12
2149	5
2150	12
2151	12
2152	12
2153	12
2154	5
2155	5
2156	5
2157	12
2158	12
2159	5
2160	12
2161	12
2162	12
2163	12
2164	12
2165	12
2166	5
2167	12
2168	12
2169	12
2170	12
2171	5
2172	12
2173	12
2174	5
2175	5
2176	5
2177	5
2178	12
2179	12
2180	12
2181	12
2182	12
2183	12
2184	12
2185	12
2186	12
2187	12
2188	5
2189	12
2190	12
2191	12
2192	12
2193	12
2194	5
2195	12
2196	5
2197	5
2198	12
2199	5
2200	12
2201	5
2202	5
2203	12
2204	12
2205	12
2206	12
2207	12
2208	12
2209	12
2210	12
2211	5
2212	5
2213	12
2214	12
2215	5
2216	5
2217	12
2218	12
2219	12
2220	12
2221	12
2222	5
2223	5
2224	12
2225	12
2226	12
2227	12
2228	5
2229	5
2230	12
2231	12
2232	12
2233	5
2234	5
2235	12
2236	5
2237	5
2238	5
2239	12
2240	12
2241	5
2242	5
2243	5
2244	5
2245	5
2246	12
2247	12
2248	12
2249	12
2250	12
2251	12
2252	12
2253	5
2254	5
2255	5
2256	12
2257	12
2258	12
2259	12
2260	12
2261	12
2262	12
2263	12
2264	12
2265	12
2266	5
2267	12
2268	12
2269	5
2270	5
2271	5
2272	12
2273	5
2274	12
2275	12
2276	12
2277	5
2278	12
2279	5
2280	12
2281	12
2282	12
2283	12
2284	1
2285	1
2286	12
2287	12
2288	12
2289	12
2290	12
2291	12
2292	12
2293	12
2294	12
2295	12
2296	12
2297	5
2298	5
2299	5
2300	5
2301	12
2302	5
2303	12
2304	12
2305	12
2306	12
2307	12
2308	12
2309	1
2310	1
2311	1
2312	13
2313	13
2314	13
2315	13
2316	13
2317	13
2318	13
2319	13
2320	13
2321	13
2322	13
2323	13
2324	13
2325	13
2326	13
2327	13
2328	13
2329	13
2330	3
2331	3
2332	3
2333	3
2334	3
2335	3
2336	3
2337	3
2338	3
2339	3
2340	3
2341	3
2342	3
2343	3
2344	3
2345	3
2346	7
2347	7
2348	7
2349	7
2350	7
2351	7
2352	7
2353	7
2354	7
2355	7
2356	7
2357	7
2358	7
2359	7
2360	7
2361	7
2362	7
2363	7
2364	7
2365	7
2366	9
2367	9
2368	9
2369	9
2370	9
2371	9
2372	9
2373	9
2374	9
2375	9
2376	9
2377	9
2378	9
2379	9
2380	9
2381	9
2382	9
2383	9
2384	9
2385	9
2386	9
2387	9
2388	9
2389	9
2390	9
2391	9
2392	9
2393	9
2394	9
2395	9
2396	9
2397	9
2398	9
2399	9
2400	9
2401	9
2402	9
2403	9
2404	9
2405	9
2406	9
2407	9
2408	9
2409	9
2410	9
2411	9
2412	9
2413	9
2414	9
2415	13
2416	13
2417	13
2418	13
2419	8
2420	8
2421	8
2422	13
2423	8
2424	13
2425	13
2426	8
2427	8
2428	8
2429	8
2430	8
2431	8
2432	8
2433	8
2434	8
2435	13
2436	13
2437	13
2438	8
2439	8
2440	8
2441	8
2442	13
2443	13
2444	13
2445	8
2446	8
2447	8
2448	8
2449	8
2450	8
2451	8
2452	8
2453	8
2454	13
2455	13
2456	13
2457	8
2458	13
2459	8
2460	8
2461	8
2462	8
2463	8
2464	8
2465	8
2466	8
2467	8
2468	8
2469	8
2470	8
2471	8
2472	8
2473	8
2474	8
2475	8
2476	8
2477	8
2478	8
2479	8
2480	8
2481	8
2482	8
2483	8
2484	8
2485	8
2486	8
2487	8
2488	8
2489	8
2490	8
2491	8
2492	8
2493	8
2494	13
2495	8
2496	8
2497	8
2498	8
2499	8
2500	8
2501	8
2502	13
2503	13
2504	13
2505	13
2506	13
2507	13
2508	8
2509	8
2510	8
2511	8
2512	8
2513	8
2514	8
2515	8
2516	8
2517	8
2518	8
2519	8
2520	8
2521	8
2522	8
2523	8
2524	8
2525	8
2526	8
2527	8
2528	8
2529	8
2530	8
2531	8
2532	8
2533	8
2534	8
2535	8
2536	8
2537	8
2538	8
2539	8
2540	8
2541	8
2542	8
2543	8
2544	8
2545	8
2546	8
2547	8
2548	8
2549	8
2550	8
2551	8
2552	8
2553	8
2554	8
2555	8
2556	8
2557	8
2558	13
2559	13
2560	8
2561	8
2562	8
2563	8
2564	13
2565	8
2566	8
2567	8
2568	8
2569	8
2570	8
2571	8
2572	8
2573	8
2574	8
2575	8
2576	8
2577	8
2578	8
2579	8
2580	8
2581	8
2582	8
2583	8
2584	8
2585	8
2586	8
2587	8
2588	8
2589	8
2590	8
2591	8
2592	8
2593	8
2594	13
2595	13
2596	13
2597	13
2598	13
2599	13
2600	8
2601	8
2602	8
2603	8
2604	8
2605	8
2606	1
2607	1
2608	1
2609	1
2610	1
2611	1
2612	1
2613	1
2614	1
2615	1
2616	1
2617	1
2618	1
2619	1
2620	1
2621	1
2622	1
2623	1
2624	1
2625	1
2626	1
2627	1
2628	1
2629	1
2630	1
2631	1
2632	1
2633	1
2634	1
2635	1
2636	1
2637	1
2638	1
2639	1
2640	11
2641	11
2642	11
2643	11
2644	11
2645	10
2646	11
2647	11
2648	11
2649	11
2650	11
2651	10
2652	11
2653	10
2654	11
2655	10
2656	10
2657	10
2658	10
2659	11
2660	11
2661	10
2662	10
2663	11
2664	11
2665	11
2666	10
2667	11
2668	11
2669	11
2670	11
2671	11
2672	10
2673	11
2674	10
2675	10
2676	11
2677	11
2678	10
2679	11
2680	11
2681	11
2682	11
2683	11
2684	11
2685	11
2686	11
2687	11
2688	3
2689	3
2690	3
2691	3
315	7
1657	4
