0	11
1	11
2	11
3	11
4	11
5	11
6	11
7	12
8	12
9	12
10	12
11	12
12	12
13	12
14	12
15	12
16	12
17	12
18	12
19	12
20	12
21	4
22	4
23	4
24	4
25	4
26	4
27	4
28	4
29	3
30	3
31	3
32	3
33	3
34	3
35	3
36	3
37	3
38	3
39	3
40	3
41	3
42	3
43	3
44	3
45	3
46	3
47	3
48	3
49	3
50	3
51	3
52	3
53	9
54	9
55	9
56	9
57	9
58	3
59	3
60	3
61	3
62	3
63	3
64	3
65	9
66	9
67	9
68	9
69	9
70	9
71	4
72	4
73	4
74	4
75	3
76	3
77	3
78	3
79	3
80	3
81	3
82	3
83	2
84	2
85	2
86	2
87	2
88	2
89	2
90	2
91	2
92	2
93	2
94	2
95	2
96	12
97	12
98	12
99	12
100	12
101	12
102	12
103	12
104	12
105	12
106	12
107	12
108	12
109	12
110	12
111	12
112	12
113	12
114	12
115	12
116	12
117	12
118	12
119	12
120	12
121	12
122	12
123	12
124	12
125	12
126	12
127	12
128	12
129	2
130	2
131	2
132	2
133	2
134	2
135	2
136	2
137	2
138	2
139	2
140	2
141	2
142	2
143	2
144	2
145	2
146	2
147	2
148	2
149	2
150	2
151	2
152	2
153	2
154	2
155	2
156	2
157	2
158	2
159	2
160	2
161	2
162	2
163	2
164	2
165	2
166	6
167	6
168	6
169	6
170	6
171	6
172	6
173	6
174	6
175	6
176	6
177	6
178	6
179	6
180	6
181	6
182	6
183	3
184	3
185	3
186	3
187	3
188	3
189	3
190	3
191	3
192	3
193	3
194	3
195	3
196	3
197	3
198	3
199	3
200	3
201	3
202	3
203	3
204	3
205	3
206	3
207	3
208	4
209	4
210	4
211	4
212	4
213	4
214	4
215	4
216	4
217	4
218	4
219	4
220	4
221	4
222	4
223	4
224	4
225	4
226	4
227	4
228	4
229	4
230	4
231	4
232	4
233	4
234	4
235	4
236	4
237	4
238	4
239	4
240	4
241	4
242	4
243	4
244	4
245	4
246	4
247	4
248	3
249	3
250	3
251	3
252	3
253	3
254	3
255	3
256	3
257	3
258	3
259	3
260	3
261	4
262	4
263	4
264	4
265	4
266	7
267	4
268	7
269	7
270	7
271	4
272	4
273	4
274	4
275	4
276	4
277	4
278	7
279	7
280	7
281	7
282	7
283	7
284	7
285	7
286	7
287	7
288	7
289	7
290	7
291	7
292	7
293	7
294	7
295	7
296	7
297	7
298	7
299	7
300	7
301	7
302	3
303	3
304	3
305	3
306	13
307	10
308	13
309	13
310	13
311	13
312	13
313	13
314	13
316	8
317	8
318	8
319	8
320	8
321	8
322	8
323	8
324	8
325	8
326	8
327	8
328	8
329	8
330	8
331	13
332	13
333	13
334	13
335	13
336	13
337	8
338	8
339	8
340	13
341	13
342	13
343	13
344	13
345	10
346	13
347	13
348	13
349	13
350	13
351	13
352	13
353	10
354	10
355	10
356	2
357	2
358	2
359	2
360	2
361	2
362	2
363	2
364	2
365	2
366	2
367	2
368	2
369	13
370	10
371	10
372	13
373	13
374	13
375	10
376	13
377	13
378	10
379	13
380	13
381	13
382	13
383	13
384	13
385	13
386	13
387	13
388	13
389	8
390	8
391	8
392	8
393	8
394	13
395	10
396	13
397	13
398	8
399	8
400	8
401	8
402	8
403	4
404	4
405	4
406	13
407	13
408	13
409	12
410	3
411	12
412	12
413	3
414	3
415	3
416	12
417	3
418	12
419	12
420	3
421	3
422	3
423	12
424	3
425	6
426	6
427	6
428	6
429	6
430	6
431	6
432	6
433	3
434	3
435	3
436	3
437	3
438	3
439	12
440	3
441	3
442	12
443	3
444	3
445	12
446	6
447	6
448	6
449	6
450	6
451	3
452	12
453	12
454	6
455	6
456	6
457	3
458	12
459	3
460	12
461	3
462	3
463	6
464	6
465	6
466	6
467	6
468	6
469	6
470	6
471	6
472	6
473	3
474	12
475	7
476	7
477	7
478	7
479	7
480	7
481	7
482	7
483	7
484	13
485	13
486	7
487	7
488	7
489	7
490	7
491	7
492	7
493	7
494	7
495	7
496	7
497	7
498	4
499	7
500	7
501	7
502	4
503	7
504	7
505	7
506	13
507	13
508	13
509	13
510	13
511	4
512	13
513	13
514	13
515	13
516	13
517	13
518	13
519	13
520	4
521	13
522	1
523	1
524	1
525	1
526	11
527	11
528	1
529	1
530	1
531	1
532	1
533	1
534	1
535	1
536	1
537	1
538	11
539	11
540	11
541	11
542	11
543	11
544	11
545	11
546	11
547	11
548	11
549	11
550	11
551	11
552	11
553	11
554	11
555	11
556	11
557	11
558	11
559	4
560	4
561	4
562	4
563	4
564	4
565	11
566	11
567	11
568	11
569	11
570	1
571	1
572	1
573	1
574	1
575	1
576	1
577	1
578	1
579	1
580	1
581	11
582	11
583	11
584	11
585	11
586	11
587	4
588	4
589	4
590	4
591	4
592	4
593	4
594	7
595	4
596	7
597	4
598	4
599	4
600	4
601	4
602	4
603	3
604	3
605	3
606	3
607	3
608	3
609	3
610	3
611	3
612	3
613	3
614	3
615	3
616	3
617	4
618	4
619	4
620	7
621	7
622	7
623	7
624	7
625	4
626	7
627	7
628	4
629	4
630	4
631	4
632	7
633	4
634	7
635	4
636	7
637	4
638	7
639	3
640	3
641	3
642	3
643	3
644	3
645	3
646	3
647	3
648	3
649	3
650	3
651	3
652	3
653	3
654	3
655	3
656	3
657	7
658	6
659	7
660	7
661	11
662	11
663	11
664	11
665	11
666	11
667	11
668	11
669	11
670	4
671	4
672	4
673	4
674	4
675	4
676	4
677	4
678	4
679	4
680	11
681	11
682	11
683	11
684	11
685	11
686	11
687	11
688	11
689	11
690	11
691	11
692	11
693	11
694	11
695	11
696	11
697	4
698	4
699	4
700	4
701	4
702	4
703	4
704	4
705	4
706	4
707	4
708	4
709	4
710	4
711	4
712	4
713	4
714	11
715	11
716	4
717	4
718	4
719	4
720	4
721	4
722	4
723	4
724	4
725	4
726	4
727	4
728	4
729	4
730	4
731	4
732	8
733	8
734	8
735	8
736	8
737	7
738	6
739	6
740	6
741	6
742	6
743	7
744	7
745	8
746	8
747	8
748	8
749	8
750	8
751	8
752	8
753	8
754	8
755	8
756	8
757	8
758	8
759	8
760	8
761	8
762	8
763	8
764	8
765	8
766	7
767	6
768	6
769	6
770	8
771	8
772	6
773	6
774	6
775	6
776	7
777	7
778	6
779	6
780	7
781	6
782	6
783	6
784	6
785	13
786	6
787	7
788	7
789	7
790	7
791	13
792	13
793	13
794	13
795	13
796	13
797	13
798	13
799	13
800	13
801	7
802	7
803	7
804	7
805	13
806	13
807	13
808	7
809	7
810	6
811	8
812	8
813	9
814	8
815	9
816	9
817	9
818	8
819	8
820	8
821	8
822	9
823	8
824	9
825	9
826	9
827	9
828	9
829	8
830	8
831	9
832	9
833	9
834	8
835	8
836	8
837	8
838	9
839	9
840	8
841	9
842	8
843	8
844	8
845	9
846	9
847	8
848	9
849	9
850	8
851	8
852	8
853	8
854	8
855	9
856	8
857	8
858	3
859	3
860	3
861	3
862	3
863	3
864	3
865	3
866	3
867	3
868	3
869	3
870	3
871	8
872	8
873	9
874	9
875	8
876	9
877	9
878	9
879	9
880	9
881	8
882	8
883	8
884	9
885	8
886	9
887	9
888	8
889	9
890	9
891	9
892	8
893	8
894	8
895	8
896	8
897	9
898	9
899	8
900	9
901	8
902	8
903	8
904	9
905	8
906	9
907	9
908	8
909	9
910	8
911	8
912	8
913	9
914	8
915	8
916	9
917	9
918	9
919	9
920	8
921	8
922	8
923	8
924	9
925	8
926	9
927	8
928	8
929	9
930	8
931	8
932	9
933	8
934	9
935	8
936	9
937	9
938	9
939	9
940	9
941	9
942	8
943	9
944	8
945	8
946	9
947	8
948	8
949	8
950	9
951	8
952	8
953	9
954	8
955	9
956	8
957	8
958	8
959	9
960	9
961	9
962	8
963	9
964	8
965	9
966	9
967	9
968	9
969	8
970	9
971	9
972	8
973	8
974	8
975	8
976	8
977	8
978	9
979	9
980	9
981	9
982	8
983	8
984	12
985	6
986	6
987	6
988	6
989	6
990	6
991	6
992	6
993	6
994	6
995	6
996	6
997	6
998	6
999	6
1000	6
1001	6
1002	6
1003	6
1004	6
1005	6
1006	6
1007	8
1008	12
1009	6
1010	12
1011	8
1012	8
1013	12
1014	8
1015	8
1016	8
1017	12
1018	8
1019	8
1020	12
1021	8
1022	12
1023	8
1024	8
1025	8
1026	8
1027	12
1028	8
1029	8
1030	8
1031	8
1032	8
1033	8
1034	8
1035	12
1036	12
1037	12
1038	8
1039	8
1040	8
1041	12
1042	12
1043	8
1044	8
1045	8
1046	8
1047	12
1048	8
1049	8
1050	12
1051	8
1052	8
1053	8
1054	12
1055	8
1056	12
1057	12
1058	12
1059	8
1060	12
1061	12
1062	8
1063	12
1064	8
1065	12
1066	12
1067	12
1068	12
1069	8
1070	12
1071	8
1072	8
1073	8
1074	8
1075	3
1076	3
1077	3
1078	3
1079	3
1080	3
1081	3
1082	3
1083	3
1084	3
1085	3
1086	3
1087	7
1088	7
1089	7
1090	7
1091	7
1092	7
1093	7
1094	4
1095	4
1096	4
1097	4
1098	4
1099	4
1100	4
1101	4
1102	4
1103	4
1104	4
1105	4
1106	4
1107	2
1108	9
1109	2
1110	2
1111	2
1112	9
1113	2
1114	9
1115	2
1116	9
1117	9
1118	9
1119	2
1120	9
1121	2
1122	9
1123	2
1124	9
1125	9
1126	9
1127	2
1128	9
1129	2
1130	9
1131	9
1132	9
1133	9
1134	2
1135	9
1136	9
1137	9
1138	9
1139	9
1140	2
1141	2
1142	2
1143	9
1144	2
1145	9
1146	9
1147	9
1148	2
1149	2
1150	2
1151	2
1152	2
1153	9
1154	13
1155	13
1156	13
1157	13
1158	13
1159	13
1160	13
1161	13
1162	13
1163	13
1164	13
1165	13
1166	13
1167	13
1168	13
1169	8
1170	12
1171	8
1172	8
1173	12
1174	12
1175	12
1176	8
1177	8
1178	8
1179	8
1180	8
1181	8
1182	8
1183	8
1184	12
1185	8
1186	8
1187	8
1188	8
1189	8
1190	12
1191	12
1192	8
1193	8
1194	12
1195	8
1196	12
1197	8
1198	12
1199	8
1200	9
1201	9
1202	9
1203	9
1204	9
1205	9
1206	9
1207	9
1208	9
1209	9
1210	9
1211	9
1212	9
1213	9
1214	9
1215	9
1216	9
1217	9
1218	9
1219	9
1220	9
1221	9
1222	9
1223	9
1224	9
1225	9
1226	9
1227	9
1228	9
1229	9
1230	9
1231	9
1232	9
1233	9
1234	9
1235	9
1236	9
1237	9
1238	9
1239	9
1240	7
1241	7
1242	4
1243	4
1244	4
1245	7
1246	4
1247	4
1248	4
1249	4
1250	4
1251	4
1252	4
1253	3
1254	3
1255	3
1256	3
1257	3
1258	4
1259	4
1260	4
1261	4
1262	4
1263	7
1264	3
1265	3
1266	3
1267	3
1268	3
1269	3
1270	3
1271	3
1272	3
1273	3
1274	3
1275	3
1276	3
1277	3
1278	13
1279	13
1280	13
1281	4
1282	7
1283	7
1284	3
1285	3
1286	3
1287	3
1288	13
1289	13
1290	13
1291	13
1292	13
1293	13
1294	13
1295	13
1296	13
1297	13
1298	13
1299	13
1300	13
1301	13
1302	13
1303	3
1304	3
1305	3
1306	3
1307	3
1308	3
1309	3
1310	3
1311	3
1312	3
1313	3
1314	9
1315	9
1316	9
1317	9
1318	9
1319	9
1320	9
1321	9
1322	9
1323	9
1324	9
1325	9
1326	9
1327	9
1328	9
1329	9
1330	9
1331	9
1332	9
1333	9
1334	9
1335	9
1336	9
1337	9
1338	9
1339	9
1340	9
1341	9
1342	9
1343	9
1344	9
1345	9
1346	3
1347	11
1348	11
1349	11
1350	3
1351	3
1352	11
1353	3
1354	11
1355	11
1356	3
1357	11
1358	11
1359	11
1360	11
1361	3
1362	3
1363	2
1364	2
1365	2
1366	2
1367	2
1368	2
1369	2
1370	2
1371	2
1372	2
1373	2
1374	2
1375	2
1376	2
1377	2
1378	2
1379	2
1380	2
1381	13
1382	13
1383	13
1384	13
1385	13
1386	13
1387	13
1388	13
1389	13
1390	13
1391	13
1392	13
1393	13
1394	13
1395	13
1396	13
1397	3
1398	3
1399	3
1400	3
1401	3
1402	3
1403	3
1404	3
1405	3
1406	3
1407	3
1408	3
1409	3
1410	3
1411	3
1412	3
1413	3
1414	3
1415	3
1416	3
1417	3
1418	3
1419	3
1420	3
1421	3
1422	3
1423	3
1424	3
1425	3
1426	3
1427	3
1428	1
1429	1
1430	1
1431	1
1432	1
1433	1
1434	1
1435	1
1436	1
1437	1
1438	1
1439	1
1440	1
1441	12
1442	12
1443	12
1444	12
1445	12
1446	12
1447	12
1448	12
1449	12
1450	12
1451	12
1452	12
1453	12
1454	12
1455	1
1456	1
1457	1
1458	1
1459	1
1460	1
1461	1
1462	1
1463	1
1464	1
1465	4
1466	4
1467	4
1468	4
1469	4
1470	4
1471	4
1472	4
1473	4
1474	4
1475	4
1476	4
1477	4
1478	4
1479	4
1480	4
1481	4
1482	4
1483	4
1484	4
1485	4
1486	4
1487	4
1488	4
1489	8
1490	8
1491	8
1492	8
1493	8
1494	8
1495	8
1496	8
1497	8
1498	8
1499	8
1500	8
1501	11
1502	11
1503	11
1504	11
1505	11
1506	11
1507	11
1508	11
1509	11
1510	11
1511	11
1512	11
1513	11
1514	11
1515	11
1516	11
1517	11
1518	11
1519	11
1520	11
1521	11
1522	11
1523	11
1524	11
1525	11
1526	11
1527	11
1528	11
1529	6
1530	6
1531	6
1532	6
1533	6
1534	6
1535	6
1536	6
1537	6
1538	6
1539	6
1540	6
1541	6
1542	6
1543	6
1544	6
1545	6
1546	6
1547	6
1548	6
1549	6
1550	6
1551	6
1552	2
1553	2
1554	2
1555	2
1556	2
1557	2
1558	2
1559	2
1560	2
1561	2
1562	2
1563	2
1564	2
1565	2
1566	2
1567	2
1568	2
1569	2
1570	2
1571	2
1572	2
1573	2
1574	2
1575	2
1576	8
1577	8
1578	8
1579	8
1580	8
1581	8
1582	8
1583	8
1584	8
1585	8
1586	8
1587	8
1588	8
1589	8
1590	8
1591	8
1592	8
1593	3
1594	3
1595	3
1596	3
1597	3
1598	3
1599	3
1600	3
1601	3
1602	1
1603	1
1604	1
1605	1
1606	1
1607	1
1608	1
1609	1
1610	1
1611	1
1612	1
1613	1
1614	1
1615	1
1616	1
1617	1
1618	4
1619	4
1620	4
1621	4
1622	4
1623	4
1624	4
1625	4
1626	4
1627	4
1628	4
1629	12
1630	12
1631	12
1632	12
1633	12
1634	12
1635	12
1636	12
1637	12
1638	12
1639	12
1640	12
1641	12
1642	12
1643	12
1644	4
1645	4
1646	4
1647	4
1648	4
1649	12
1650	12
1651	12
1652	12
1653	12
1654	12
1655	12
1656	12
1658	12
1659	12
1660	12
1661	12
1662	12
1663	12
1664	12
1665	12
1666	12
1667	12
1668	12
1669	12
1670	12
1671	12
1672	12
1673	4
1674	12
1675	12
1676	12
1677	4
1678	7
1679	7
1680	7
1681	7
1682	7
1683	7
1684	7
1685	12
1686	12
1687	12
1688	12
1689	12
1690	12
1691	12
1692	12
1693	12
1694	12
1695	12
1696	12
1697	12
1698	12
1699	12
1700	12
1701	12
1702	12
1703	5
1704	5
1705	12
1706	12
1707	12
1708	12
1709	12
1710	12
1711	12
1712	12
1713	4
1714	4
1715	4
1716	4
1717	4
1718	4
1719	4
1720	4
1721	4
1722	4
1723	4
1724	4
1725	12
1726	12
1727	12
1728	4
1729	12
1730	12
1731	12
1732	12
1733	12
1734	12
1735	12
1736	12
1737	12
1738	12
1739	12
1740	12
1741	12
1742	11
1743	11
1744	11
1745	11
1746	11
1747	11
1748	11
1749	11
1750	11
1751	11
1752	11
1753	11
1754	11
1755	11
1756	11
1757	4
1758	4
1759	4
1760	4
1761	11
1762	11
1763	11
1764	5
1765	11
1766	11
1767	5
1768	11
1769	11
1770	11
1771	11
1772	11
1773	11
1774	4
1775	4
1776	4
1777	4
1778	4
1779	4
1780	4
1781	4
1782	4
1783	4
1784	4
1785	4
1786	4
1787	11
1788	11
1789	11
1790	11
1791	11
1792	11
1793	11
1794	11
1795	4
1796	4
1797	4
1798	4
1799	11
1800	11
1801	11
1802	11
1803	11
1804	11
1805	11
1806	11
1807	11
1808	11
1809	5
1810	5
1811	5
1812	5
1813	5
1814	5
1815	5
1816	5
1817	5
1818	5
1819	5
1820	5
1821	5
1822	5
1823	5
1824	5
1825	5
1826	5
1827	5
1828	5
1829	5
1830	4
1831	4
1832	4
1833	4
1834	4
1835	5
1836	5
1837	4
1838	5
1839	5
1840	2
1841	2
1842	2
1843	2
1844	2
1845	5
1846	5
1847	5
1848	5
1849	5
1850	5
1851	5
1852	5
1853	5
1854	5
1855	5
1856	5
1857	4
1858	4
1859	4
1860	4
1861	4
1862	4
1863	5
1864	5
1865	5
1866	5
1867	5
1868	5
1869	5
1870	5
1871	5
1872	7
1873	7
1874	7
1875	7
1876	7
1877	7
1878	7
1879	7
1880	7
1881	7
1882	7
1883	7
1884	7
1885	7
1886	7
1887	7
1888	7
1889	7
1890	7
1891	7
1892	7
1893	7
1894	7
1895	11
1896	3
1897	11
1898	13
1899	13
1900	13
1901	9
1902	13
1903	13
1904	3
1905	11
1906	11
1907	11
1908	11
1909	3
1910	3
1911	3
1912	11
1913	11
1914	11
1915	3
1916	13
1917	13
1918	13
1919	13
1920	9
1921	13
1922	9
1923	9
1924	11
1925	11
1926	11
1927	11
1928	11
1929	11
1930	11
1931	3
1932	11
1933	11
1934	3
1935	11
1936	3
1937	11
1938	11
1939	3
1940	11
1941	3
1942	11
1943	11
1944	3
1945	11
1946	11
1947	11
1948	11
1949	11
1950	3
1951	11
1952	11
1953	3
1954	11
1955	3
1956	3
1957	11
1958	3
1959	11
1960	3
1961	11
1962	3
1963	3
1964	3
1965	11
1966	11
1967	11
1968	3
1969	11
1970	3
1971	11
1972	11
1973	3
1974	3
1975	11
1976	6
1977	6
1978	6
1979	6
1980	6
1981	6
1982	6
1983	6
1984	6
1985	6
1986	6
1987	6
1988	6
1989	6
1990	6
1991	6
1992	6
1993	6
1994	6
1995	6
1996	6
1997	6
1998	6
1999	6
2000	6
2001	6
2002	6
2003	6
2004	6
2005	6
2006	6
2007	6
2008	6
2009	6
2010	6
2011	6
2012	6
2013	6
2014	6
2015	6
2016	6
2017	7
2018	7
2019	7
2020	7
2021	7
2022	7
2023	7
2024	7
2025	7
2026	7
2027	7
2028	7
2029	7
2030	6
2031	6
2032	6
2033	6
2034	6
2035	7
2036	7
2037	7
2038	4
2039	4
2040	4
2041	4
2042	4
2043	7
2044	7
2045	7
2046	7
2047	7
2048	4
2049	4
2050	7
2051	7
2052	7
2053	7
2054	7
2055	7
2056	7
2057	7
2058	2
2059	2
2060	2
2061	2
2062	2
2063	2
2064	2
2065	2
2066	2
2067	2
2068	7
2069	7
2070	7
2071	7
2072	7
2073	7
2074	7
2075	7
2076	7
2077	7
2078	7
2079	7
2080	7
2081	7
2082	7
2083	7
2084	7
2085	7
2086	7
2087	7
2088	7
2089	8
2090	8
2091	8
2092	8
2093	8
2094	8
2095	8
2096	11
2097	11
2098	11
2099	11
2100	11
2101	11
2102	11
2103	11
2104	11
2105	11
2106	11
2107	11
2108	11
2109	11
2110	11
2111	11
2112	11
2113	5
2114	5
2115	5
2116	5
2117	5
2118	1
2119	1
2120	1
2121	5
2122	1
2123	1
2124	7
2125	5
2126	5
2127	5
2128	5
2129	5
2130	1
2131	1
2132	1
2133	1
2134	1
2135	1
2136	1
2137	1
2138	1
2139	1
2140	1
2141	5
2142	5
2143	5
2144	1
2145	1
2146	1
2147	1
2148	1
2149	1
2150	5
2151	5
2152	5
2153	5
2154	5
2155	5
2156	1
2157	1
2158	5
2159	1
2160	5
2161	5
2162	5
2163	5
2164	5
2165	5
2166	1
2167	1
2168	1
2169	5
2170	5
2171	5
2172	5
2173	5
2174	1
2175	1
2176	1
2177	1
2178	5
2179	5
2180	5
2181	5
2182	5
2183	5
2184	5
2185	5
2186	5
2187	5
2188	1
2189	1
2190	5
2191	1
2192	5
2193	5
2194	1
2195	1
2196	1
2197	1
2198	1
2199	1
2200	5
2201	5
2202	1
2203	1
2204	5
2205	5
2206	5
2207	5
2208	1
2209	5
2210	5
2211	5
2212	5
2213	5
2214	1
2215	1
2216	1
2217	5
2218	5
2219	5
2220	5
2221	1
2222	1
2223	1
2224	5
2225	5
2226	5
2227	5
2228	5
2229	1
2230	5
2231	5
2232	5
2233	1
2234	1
2235	1
2236	1
2237	1
2238	1
2239	5
2240	5
2241	1
2242	1
2243	1
2244	1
2245	1
2246	5
2247	5
2248	5
2249	5
2250	5
2251	5
2252	5
2253	1
2254	1
2255	1
2256	5
2257	5
2258	5
2259	5
2260	5
2261	5
2262	5
2263	5
2264	5
2265	5
2266	5
2267	5
2268	5
2269	1
2270	1
2271	1
2272	1
2273	1
2274	1
2275	5
2276	5
2277	1
2278	5
2279	5
2280	1
2281	1
2282	1
2283	1
2284	7
2285	7
2286	1
2287	5
2288	5
2289	5
2290	5
2291	5
2292	5
2293	5
2294	1
2295	5
2296	5
2297	1
2298	1
2299	1
2300	1
2301	5
2302	1
2303	1
2304	1
2305	5
2306	5
2307	5
2308	5
2309	7
2310	7
2311	7
2312	9
2313	9
2314	9
2315	9
2316	9
2317	9
2318	9
2319	9
2320	9
2321	9
2322	9
2323	9
2324	9
2325	9
2326	9
2327	9
2328	9
2329	9
2330	3
2331	3
2332	3
2333	3
2334	3
2335	3
2336	3
2337	3
2338	3
2339	3
2340	3
2341	3
2342	3
2343	3
2344	3
2345	3
2346	8
2347	8
2348	8
2349	8
2350	8
2351	8
2352	8
2353	8
2354	8
2355	8
2356	8
2357	8
2358	8
2359	8
2360	8
2361	8
2362	8
2363	8
2364	8
2365	8
2366	1
2367	1
2368	1
2369	1
2370	1
2371	1
2372	1
2373	1
2374	1
2375	1
2376	1
2377	1
2378	1
2379	1
2380	1
2381	1
2382	1
2383	1
2384	1
2385	1
2386	1
2387	1
2388	1
2389	1
2390	1
2391	1
2392	1
2393	1
2394	1
2395	1
2396	1
2397	1
2398	1
2399	1
2400	1
2401	1
2402	1
2403	1
2404	1
2405	1
2406	1
2407	1
2408	1
2409	1
2410	1
2411	1
2412	1
2413	1
2414	1
2415	10
2416	10
2417	10
2418	10
2419	13
2420	10
2421	10
2422	10
2423	10
2424	10
2425	10
2426	10
2427	13
2428	10
2429	13
2430	13
2431	10
2432	10
2433	10
2434	10
2435	10
2436	10
2437	10
2438	10
2439	10
2440	10
2441	10
2442	10
2443	10
2444	10
2445	10
2446	10
2447	10
2448	10
2449	10
2450	10
2451	10
2452	10
2453	10
2454	10
2455	10
2456	10
2457	10
2458	10
2459	10
2460	10
2461	10
2462	10
2463	10
2464	10
2465	10
2466	10
2467	10
2468	10
2469	10
2470	10
2471	10
2472	10
2473	10
2474	10
2475	10
2476	10
2477	10
2478	10
2479	10
2480	10
2481	10
2482	10
2483	10
2484	10
2485	10
2486	10
2487	10
2488	10
2489	10
2490	10
2491	10
2492	10
2493	10
2494	10
2495	10
2496	13
2497	13
2498	13
2499	10
2500	10
2501	10
2502	10
2503	10
2504	10
2505	10
2506	10
2507	10
2508	13
2509	13
2510	13
2511	10
2512	10
2513	13
2514	13
2515	10
2516	10
2517	10
2518	10
2519	10
2520	10
2521	10
2522	10
2523	13
2524	10
2525	13
2526	10
2527	10
2528	10
2529	13
2530	13
2531	13
2532	13
2533	13
2534	13
2535	13
2536	13
2537	13
2538	13
2539	10
2540	13
2541	10
2542	10
2543	10
2544	10
2545	10
2546	10
2547	10
2548	10
2549	10
2550	10
2551	10
2552	13
2553	13
2554	10
2555	10
2556	10
2557	10
2558	10
2559	10
2560	10
2561	10
2562	13
2563	13
2564	10
2565	10
2566	10
2567	10
2568	13
2569	13
2570	13
2571	10
2572	13
2573	10
2574	13
2575	10
2576	10
2577	10
2578	10
2579	10
2580	10
2581	10
2582	10
2583	10
2584	10
2585	10
2586	10
2587	13
2588	13
2589	13
2590	13
2591	13
2592	13
2593	13
2594	10
2595	10
2596	10
2597	10
2598	10
2599	10
2600	10
2601	10
2602	10
2603	10
2604	10
2605	10
2606	7
2607	7
2608	7
2609	7
2610	7
2611	7
2612	7
2613	7
2614	7
2615	7
2616	7
2617	7
2618	7
2619	7
2620	7
2621	7
2622	7
2623	7
2624	7
2625	7
2626	7
2627	7
2628	7
2629	7
2630	7
2631	7
2632	7
2633	7
2634	7
2635	7
2636	7
2637	7
2638	7
2639	7
2640	6
2641	6
2642	6
2643	6
2644	6
2645	6
2646	6
2647	2
2648	6
2649	6
2650	6
2651	6
2652	6
2653	6
2654	6
2655	6
2656	6
2657	6
2658	6
2659	6
2660	6
2661	6
2662	6
2663	6
2664	2
2665	2
2666	6
2667	2
2668	6
2669	2
2670	2
2671	6
2672	6
2673	6
2674	6
2675	6
2676	6
2677	6
2678	6
2679	6
2680	6
2681	6
2682	6
2683	2
2684	2
2685	6
2686	6
2687	6
2688	3
2689	3
2690	3
2691	3
315	8
1657	12
