0	2
1	2
2	2
3	2
4	2
5	2
6	2
7	9
8	9
9	9
10	9
11	9
12	9
13	9
14	9
15	9
16	9
17	9
18	4
19	9
20	9
21	8
22	8
23	8
24	8
25	8
26	8
27	8
28	8
29	5
30	5
31	5
32	5
33	5
34	5
35	5
36	5
37	5
38	5
39	5
40	5
41	5
42	5
43	5
44	5
45	5
46	5
47	5
48	5
49	5
50	5
51	5
52	5
53	12
54	12
55	12
56	12
57	12
58	5
59	5
60	5
61	5
62	5
63	5
64	5
65	12
66	12
67	12
68	12
69	12
70	12
71	8
72	8
73	8
74	8
75	5
76	5
77	5
78	5
79	5
80	5
81	5
82	5
83	1
84	1
85	1
86	1
87	1
88	1
89	1
90	1
91	1
92	1
93	1
94	1
95	1
96	9
97	9
98	4
99	9
100	9
101	9
102	9
103	9
104	9
105	9
106	9
107	9
108	9
109	9
110	9
111	9
112	9
113	9
114	9
115	9
116	9
117	9
118	9
119	9
120	9
121	9
122	9
123	9
124	9
125	9
126	9
127	9
128	9
129	10
130	10
131	10
132	10
133	10
134	10
135	10
136	10
137	10
138	10
139	10
140	10
141	10
142	10
143	10
144	10
145	10
146	10
147	10
148	10
149	10
150	10
151	10
152	10
153	10
154	10
155	10
156	10
157	10
158	10
159	10
160	10
161	10
162	10
163	10
164	10
165	10
166	1
167	1
168	1
169	1
170	1
171	1
172	1
173	1
174	1
175	1
176	1
177	1
178	1
179	1
180	1
181	1
182	1
183	2
184	2
185	2
186	2
187	2
188	2
189	2
190	2
191	2
192	2
193	2
194	2
195	2
196	2
197	2
198	2
199	2
200	2
201	2
202	2
203	2
204	2
205	2
206	2
207	2
208	8
209	8
210	8
211	8
212	8
213	8
214	8
215	8
216	8
217	8
218	8
219	8
220	8
221	8
222	8
223	8
224	8
225	8
226	8
227	8
228	8
229	8
230	8
231	8
232	8
233	8
234	8
235	8
236	8
237	8
238	8
239	8
240	8
241	8
242	8
243	8
244	8
245	8
246	8
247	8
248	2
249	2
250	2
251	2
252	2
253	2
254	2
255	2
256	2
257	2
258	2
259	2
260	2
261	8
262	8
263	8
264	8
265	8
266	8
267	8
268	11
269	11
270	11
271	8
272	8
273	8
274	8
275	8
276	8
277	8
278	11
279	11
280	11
281	11
282	11
283	11
284	11
285	11
286	11
287	11
288	11
289	11
290	11
291	11
292	11
293	11
294	11
295	11
296	11
297	11
298	11
299	11
300	11
301	11
302	2
303	2
304	2
305	2
306	12
307	12
308	12
309	13
310	12
311	12
312	12
313	12
314	12
316	5
317	5
318	5
319	5
320	5
321	5
322	5
323	5
324	5
325	5
326	5
327	5
328	5
329	5
330	5
331	12
332	12
333	12
334	12
335	12
336	13
337	5
338	5
339	5
340	12
341	12
342	12
343	12
344	12
345	12
346	12
347	12
348	12
349	12
350	12
351	12
352	12
353	13
354	12
355	12
356	10
357	10
358	10
359	10
360	10
361	10
362	10
363	10
364	10
365	10
366	10
367	10
368	10
369	13
370	12
371	12
372	12
373	13
374	12
375	12
376	12
377	12
378	12
379	12
380	12
381	12
382	12
383	12
384	12
385	12
386	12
387	12
388	12
389	5
390	5
391	5
392	5
393	5
394	12
395	12
396	12
397	12
398	5
399	5
400	5
401	5
402	5
403	8
404	8
405	8
406	10
407	10
408	10
409	3
410	3
411	3
412	3
413	3
414	3
415	3
416	3
417	3
418	4
419	4
420	3
421	3
422	3
423	4
424	3
425	1
426	1
427	1
428	1
429	1
430	1
431	1
432	1
433	4
434	3
435	3
436	4
437	3
438	3
439	3
440	3
441	3
442	3
443	3
444	4
445	3
446	1
447	1
448	1
449	1
450	1
451	3
452	3
453	3
454	1
455	1
456	1
457	3
458	3
459	3
460	3
461	3
462	3
463	1
464	1
465	1
466	1
467	1
468	1
469	1
470	1
471	1
472	1
473	4
474	3
475	11
476	11
477	11
478	11
479	11
480	11
481	11
482	11
483	11
484	8
485	8
486	10
487	10
488	11
489	11
490	11
491	11
492	11
493	11
494	11
495	11
496	11
497	11
498	8
499	11
500	10
501	11
502	8
503	11
504	11
505	10
506	10
507	8
508	8
509	8
510	10
511	8
512	8
513	10
514	8
515	8
516	8
517	10
518	10
519	10
520	8
521	8
522	9
523	9
524	9
525	9
526	2
527	2
528	9
529	9
530	9
531	9
532	9
533	9
534	9
535	9
536	9
537	9
538	2
539	2
540	2
541	2
542	2
543	2
544	2
545	2
546	2
547	2
548	2
549	2
550	2
551	2
552	2
553	2
554	2
555	2
556	2
557	2
558	2
559	8
560	8
561	8
562	8
563	8
564	8
565	2
566	2
567	2
568	2
569	2
570	9
571	9
572	9
573	9
574	9
575	9
576	9
577	9
578	9
579	9
580	9
581	2
582	2
583	2
584	2
585	2
586	2
587	8
588	8
589	8
590	8
591	8
592	8
593	8
594	8
595	8
596	8
597	8
598	8
599	8
600	8
601	8
602	8
603	2
604	2
605	2
606	2
607	2
608	2
609	2
610	2
611	2
612	2
613	2
614	2
615	2
616	2
617	8
618	8
619	8
620	8
621	8
622	8
623	8
624	8
625	8
626	8
627	8
628	8
629	8
630	8
631	8
632	8
633	8
634	8
635	8
636	8
637	8
638	8
639	2
640	2
641	2
642	2
643	2
644	2
645	2
646	2
647	2
648	2
649	2
650	2
651	2
652	2
653	2
654	2
655	2
656	2
657	11
658	11
659	11
660	11
661	3
662	3
663	3
664	3
665	3
666	3
667	3
668	3
669	3
670	10
671	10
672	10
673	10
674	10
675	10
676	10
677	10
678	10
679	10
680	3
681	3
682	3
683	3
684	3
685	3
686	3
687	3
688	3
689	3
690	3
691	3
692	3
693	3
694	3
695	3
696	3
697	10
698	10
699	10
700	10
701	10
702	10
703	10
704	10
705	10
706	10
707	10
708	10
709	10
710	10
711	10
712	10
713	10
714	3
715	3
716	8
717	8
718	10
719	10
720	10
721	8
722	8
723	8
724	8
725	8
726	8
727	8
728	8
729	8
730	8
731	8
732	5
733	5
734	5
735	5
736	5
737	11
738	1
739	1
740	1
741	11
742	11
743	11
744	11
745	5
746	5
747	5
748	5
749	5
750	5
751	5
752	5
753	5
754	5
755	5
756	5
757	5
758	5
759	5
760	5
761	5
762	5
763	5
764	5
765	5
766	11
767	11
768	11
769	11
770	5
771	5
772	11
773	11
774	11
775	11
776	11
777	11
778	11
779	11
780	11
781	11
782	11
783	11
784	11
785	8
786	11
787	11
788	11
789	11
790	11
791	8
792	8
793	8
794	8
795	8
796	8
797	8
798	8
799	8
800	8
801	11
802	11
803	11
804	11
805	8
806	8
807	8
808	11
809	11
810	11
811	5
812	6
813	5
814	5
815	6
816	6
817	6
818	6
819	6
820	6
821	5
822	6
823	6
824	6
825	6
826	6
827	6
828	6
829	6
830	5
831	5
832	6
833	6
834	5
835	5
836	5
837	5
838	5
839	6
840	5
841	6
842	5
843	6
844	6
845	6
846	6
847	6
848	6
849	6
850	6
851	6
852	5
853	5
854	6
855	6
856	6
857	6
858	2
859	2
860	2
861	2
862	2
863	2
864	2
865	2
866	2
867	2
868	2
869	2
870	2
871	5
872	5
873	6
874	6
875	6
876	6
877	6
878	6
879	6
880	6
881	5
882	5
883	5
884	5
885	5
886	5
887	6
888	6
889	6
890	6
891	6
892	6
893	5
894	5
895	5
896	5
897	6
898	6
899	6
900	6
901	6
902	5
903	5
904	5
905	5
906	6
907	6
908	6
909	6
910	6
911	6
912	6
913	6
914	5
915	5
916	6
917	5
918	6
919	6
920	6
921	6
922	6
923	6
924	6
925	5
926	6
927	5
928	5
929	6
930	6
931	6
932	6
933	6
934	6
935	5
936	6
937	6
938	6
939	6
940	6
941	6
942	6
943	6
944	6
945	6
946	6
947	6
948	6
949	6
950	6
951	6
952	6
953	6
954	6
955	6
956	6
957	6
958	5
959	6
960	6
961	6
962	6
963	6
964	5
965	6
966	6
967	6
968	6
969	6
970	6
971	6
972	6
973	6
974	6
975	6
976	6
977	6
978	6
979	6
980	6
981	6
982	4
983	4
984	4
985	10
986	10
987	1
988	10
989	1
990	10
991	1
992	1
993	1
994	10
995	10
996	10
997	1
998	1
999	10
1000	1
1001	1
1002	10
1003	10
1004	10
1005	10
1006	10
1007	4
1008	4
1009	10
1010	4
1011	4
1012	4
1013	4
1014	4
1015	4
1016	4
1017	4
1018	4
1019	4
1020	4
1021	4
1022	4
1023	4
1024	4
1025	4
1026	4
1027	4
1028	4
1029	4
1030	4
1031	4
1032	4
1033	4
1034	4
1035	4
1036	4
1037	4
1038	4
1039	4
1040	4
1041	4
1042	4
1043	4
1044	4
1045	4
1046	4
1047	4
1048	4
1049	4
1050	4
1051	4
1052	4
1053	4
1054	4
1055	4
1056	4
1057	4
1058	4
1059	4
1060	4
1061	4
1062	4
1063	4
1064	4
1065	4
1066	4
1067	4
1068	4
1069	4
1070	4
1071	4
1072	4
1073	4
1074	4
1075	2
1076	2
1077	2
1078	2
1079	2
1080	2
1081	2
1082	2
1083	2
1084	2
1085	2
1086	2
1087	11
1088	11
1089	11
1090	11
1091	11
1092	11
1093	11
1094	8
1095	8
1096	8
1097	8
1098	8
1099	8
1100	8
1101	8
1102	8
1103	8
1104	8
1105	8
1106	8
1107	6
1108	6
1109	6
1110	6
1111	6
1112	6
1113	6
1114	12
1115	6
1116	6
1117	6
1118	12
1119	6
1120	6
1121	6
1122	12
1123	6
1124	12
1125	12
1126	6
1127	6
1128	6
1129	6
1130	6
1131	12
1132	6
1133	12
1134	6
1135	6
1136	6
1137	6
1138	6
1139	6
1140	6
1141	6
1142	6
1143	6
1144	6
1145	6
1146	12
1147	12
1148	6
1149	6
1150	6
1151	6
1152	6
1153	6
1154	12
1155	12
1156	12
1157	12
1158	12
1159	12
1160	12
1161	12
1162	12
1163	12
1164	12
1165	12
1166	12
1167	12
1168	12
1169	4
1170	4
1171	4
1172	4
1173	4
1174	4
1175	4
1176	4
1177	4
1178	4
1179	4
1180	4
1181	4
1182	4
1183	4
1184	4
1185	4
1186	4
1187	4
1188	4
1189	4
1190	4
1191	4
1192	4
1193	4
1194	4
1195	4
1196	4
1197	4
1198	4
1199	4
1200	6
1201	6
1202	6
1203	6
1204	6
1205	6
1206	6
1207	6
1208	4
1209	6
1210	6
1211	6
1212	6
1213	4
1214	6
1215	6
1216	6
1217	4
1218	6
1219	6
1220	6
1221	6
1222	6
1223	6
1224	4
1225	6
1226	6
1227	4
1228	4
1229	6
1230	6
1231	6
1232	6
1233	6
1234	6
1235	4
1236	6
1237	6
1238	6
1239	4
1240	11
1241	11
1242	8
1243	8
1244	8
1245	11
1246	8
1247	8
1248	8
1249	8
1250	8
1251	8
1252	8
1253	5
1254	5
1255	5
1256	5
1257	5
1258	8
1259	8
1260	8
1261	8
1262	8
1263	11
1264	5
1265	5
1266	5
1267	5
1268	5
1269	5
1270	5
1271	5
1272	5
1273	5
1274	5
1275	5
1276	5
1277	5
1278	12
1279	12
1280	10
1281	8
1282	11
1283	11
1284	5
1285	5
1286	5
1287	5
1288	12
1289	12
1290	12
1291	12
1292	10
1293	12
1294	12
1295	10
1296	10
1297	10
1298	10
1299	12
1300	12
1301	10
1302	12
1303	2
1304	2
1305	2
1306	2
1307	2
1308	2
1309	2
1310	2
1311	2
1312	2
1313	2
1314	6
1315	6
1316	6
1317	6
1318	6
1319	6
1320	6
1321	6
1322	6
1323	6
1324	6
1325	6
1326	6
1327	6
1328	6
1329	6
1330	6
1331	6
1332	6
1333	6
1334	6
1335	6
1336	6
1337	6
1338	6
1339	6
1340	6
1341	6
1342	6
1343	6
1344	6
1345	6
1346	5
1347	2
1348	2
1349	2
1350	2
1351	2
1352	2
1353	2
1354	2
1355	2
1356	2
1357	2
1358	2
1359	2
1360	2
1361	2
1362	2
1363	13
1364	13
1365	13
1366	13
1367	13
1368	13
1369	13
1370	13
1371	13
1372	13
1373	13
1374	13
1375	13
1376	13
1377	13
1378	13
1379	13
1380	13
1381	12
1382	12
1383	12
1384	12
1385	12
1386	12
1387	12
1388	12
1389	12
1390	12
1391	12
1392	12
1393	12
1394	12
1395	12
1396	12
1397	5
1398	5
1399	5
1400	5
1401	5
1402	5
1403	5
1404	5
1405	5
1406	5
1407	5
1408	5
1409	5
1410	5
1411	5
1412	5
1413	5
1414	5
1415	5
1416	5
1417	5
1418	5
1419	5
1420	5
1421	5
1422	5
1423	5
1424	5
1425	5
1426	5
1427	5
1428	9
1429	9
1430	9
1431	9
1432	9
1433	9
1434	9
1435	9
1436	9
1437	9
1438	9
1439	9
1440	9
1441	4
1442	4
1443	4
1444	4
1445	4
1446	4
1447	4
1448	4
1449	4
1450	4
1451	4
1452	4
1453	4
1454	4
1455	9
1456	9
1457	9
1458	9
1459	9
1460	9
1461	9
1462	9
1463	9
1464	9
1465	8
1466	8
1467	8
1468	8
1469	10
1470	8
1471	8
1472	10
1473	10
1474	8
1475	8
1476	10
1477	8
1478	8
1479	8
1480	8
1481	8
1482	8
1483	8
1484	8
1485	8
1486	8
1487	10
1488	8
1489	5
1490	5
1491	5
1492	5
1493	5
1494	5
1495	5
1496	5
1497	5
1498	5
1499	5
1500	5
1501	3
1502	3
1503	3
1504	3
1505	3
1506	3
1507	3
1508	3
1509	3
1510	3
1511	3
1512	3
1513	3
1514	3
1515	3
1516	3
1517	3
1518	3
1519	3
1520	3
1521	3
1522	3
1523	3
1524	3
1525	3
1526	3
1527	3
1528	3
1529	1
1530	1
1531	1
1532	1
1533	1
1534	1
1535	1
1536	1
1537	1
1538	1
1539	1
1540	1
1541	1
1542	1
1543	1
1544	1
1545	1
1546	1
1547	1
1548	1
1549	1
1550	1
1551	1
1552	1
1553	1
1554	1
1555	1
1556	1
1557	1
1558	1
1559	1
1560	1
1561	1
1562	1
1563	1
1564	1
1565	1
1566	1
1567	1
1568	1
1569	1
1570	1
1571	1
1572	1
1573	1
1574	1
1575	1
1576	5
1577	5
1578	5
1579	5
1580	5
1581	5
1582	5
1583	5
1584	5
1585	5
1586	5
1587	5
1588	5
1589	5
1590	5
1591	5
1592	5
1593	2
1594	2
1595	2
1596	2
1597	2
1598	2
1599	2
1600	2
1601	2
1602	9
1603	9
1604	9
1605	9
1606	9
1607	9
1608	9
1609	9
1610	9
1611	9
1612	9
1613	9
1614	9
1615	9
1616	9
1617	9
1618	8
1619	8
1620	8
1621	8
1622	8
1623	8
1624	8
1625	8
1626	8
1627	8
1628	8
1629	4
1630	4
1631	4
1632	4
1633	4
1634	4
1635	4
1636	4
1637	4
1638	4
1639	4
1640	4
1641	4
1642	4
1643	4
1644	8
1645	8
1646	8
1647	8
1648	8
1649	4
1650	4
1651	4
1652	4
1653	4
1654	4
1655	4
1656	4
1658	4
1659	4
1660	4
1661	4
1662	4
1663	4
1664	4
1665	4
1666	4
1667	4
1668	4
1669	4
1670	4
1671	4
1672	4
1673	8
1674	4
1675	4
1676	4
1677	8
1678	11
1679	11
1680	11
1681	11
1682	11
1683	11
1684	11
1685	4
1686	4
1687	4
1688	4
1689	4
1690	4
1691	4
1692	4
1693	4
1694	4
1695	4
1696	4
1697	4
1698	4
1699	4
1700	4
1701	9
1702	9
1703	3
1704	7
1705	4
1706	4
1707	4
1708	4
1709	9
1710	4
1711	4
1712	4
1713	8
1714	8
1715	8
1716	8
1717	8
1718	8
1719	8
1720	8
1721	8
1722	8
1723	8
1724	8
1725	4
1726	9
1727	4
1728	8
1729	4
1730	4
1731	4
1732	4
1733	4
1734	4
1735	4
1736	9
1737	9
1738	9
1739	9
1740	9
1741	4
1742	3
1743	3
1744	3
1745	3
1746	3
1747	3
1748	3
1749	3
1750	3
1751	3
1752	3
1753	3
1754	3
1755	3
1756	3
1757	8
1758	8
1759	8
1760	8
1761	3
1762	3
1763	3
1764	3
1765	3
1766	3
1767	3
1768	3
1769	3
1770	3
1771	3
1772	3
1773	3
1774	8
1775	8
1776	8
1777	8
1778	8
1779	8
1780	8
1781	8
1782	8
1783	8
1784	8
1785	8
1786	8
1787	3
1788	3
1789	3
1790	3
1791	3
1792	3
1793	3
1794	3
1795	8
1796	8
1797	8
1798	8
1799	3
1800	3
1801	3
1802	3
1803	3
1804	3
1805	3
1806	3
1807	3
1808	3
1809	9
1810	9
1811	9
1812	9
1813	9
1814	9
1815	9
1816	9
1817	9
1818	9
1819	9
1820	9
1821	9
1822	9
1823	9
1824	9
1825	9
1826	9
1827	9
1828	9
1829	9
1830	8
1831	8
1832	8
1833	8
1834	8
1835	9
1836	9
1837	8
1838	9
1839	9
1840	1
1841	1
1842	1
1843	1
1844	1
1845	9
1846	9
1847	9
1848	9
1849	9
1850	9
1851	9
1852	9
1853	9
1854	9
1855	9
1856	9
1857	8
1858	8
1859	8
1860	8
1861	8
1862	8
1863	9
1864	9
1865	9
1866	9
1867	9
1868	9
1869	9
1870	9
1871	9
1872	11
1873	11
1874	11
1875	11
1876	11
1877	11
1878	11
1879	11
1880	11
1881	11
1882	11
1883	11
1884	11
1885	11
1886	11
1887	11
1888	11
1889	11
1890	11
1891	11
1892	11
1893	11
1894	11
1895	2
1896	2
1897	2
1898	12
1899	12
1900	12
1901	12
1902	12
1903	12
1904	2
1905	2
1906	2
1907	2
1908	2
1909	2
1910	2
1911	2
1912	2
1913	2
1914	2
1915	2
1916	12
1917	12
1918	12
1919	12
1920	12
1921	12
1922	12
1923	12
1924	2
1925	2
1926	2
1927	2
1928	2
1929	2
1930	2
1931	2
1932	2
1933	2
1934	2
1935	2
1936	2
1937	2
1938	2
1939	2
1940	2
1941	2
1942	2
1943	2
1944	2
1945	2
1946	2
1947	2
1948	2
1949	2
1950	2
1951	2
1952	2
1953	2
1954	2
1955	2
1956	2
1957	2
1958	2
1959	2
1960	2
1961	2
1962	2
1963	2
1964	2
1965	2
1966	2
1967	2
1968	2
1969	2
1970	2
1971	2
1972	2
1973	2
1974	2
1975	2
1976	1
1977	1
1978	1
1979	1
1980	1
1981	1
1982	1
1983	1
1984	1
1985	1
1986	1
1987	1
1988	1
1989	1
1990	1
1991	1
1992	1
1993	1
1994	1
1995	1
1996	1
1997	1
1998	1
1999	1
2000	1
2001	1
2002	1
2003	1
2004	1
2005	1
2006	1
2007	1
2008	1
2009	1
2010	1
2011	1
2012	1
2013	1
2014	1
2015	1
2016	1
2017	11
2018	11
2019	11
2020	11
2021	11
2022	11
2023	11
2024	11
2025	11
2026	11
2027	11
2028	11
2029	11
2030	1
2031	1
2032	1
2033	1
2034	11
2035	11
2036	11
2037	11
2038	8
2039	8
2040	8
2041	8
2042	8
2043	11
2044	11
2045	11
2046	11
2047	11
2048	8
2049	8
2050	11
2051	11
2052	11
2053	11
2054	11
2055	11
2056	11
2057	11
2058	1
2059	1
2060	1
2061	1
2062	1
2063	1
2064	1
2065	1
2066	1
2067	1
2068	11
2069	11
2070	11
2071	8
2072	11
2073	8
2074	8
2075	11
2076	11
2077	8
2078	8
2079	11
2080	8
2081	11
2082	8
2083	8
2084	11
2085	11
2086	11
2087	11
2088	11
2089	5
2090	5
2091	5
2092	5
2093	5
2094	5
2095	5
2096	2
2097	2
2098	2
2099	2
2100	2
2101	2
2102	2
2103	2
2104	3
2105	3
2106	3
2107	2
2108	2
2109	2
2110	3
2111	3
2112	2
2113	7
2114	7
2115	7
2116	7
2117	7
2118	7
2119	7
2120	7
2121	7
2122	7
2123	7
2124	8
2125	7
2126	7
2127	7
2128	7
2129	7
2130	7
2131	7
2132	7
2133	7
2134	3
2135	3
2136	7
2137	7
2138	7
2139	7
2140	7
2141	7
2142	7
2143	7
2144	7
2145	7
2146	7
2147	7
2148	7
2149	7
2150	7
2151	7
2152	7
2153	7
2154	7
2155	7
2156	7
2157	7
2158	7
2159	7
2160	7
2161	7
2162	7
2163	7
2164	7
2165	3
2166	3
2167	7
2168	7
2169	7
2170	3
2171	7
2172	7
2173	7
2174	7
2175	7
2176	7
2177	7
2178	7
2179	7
2180	7
2181	7
2182	7
2183	7
2184	7
2185	7
2186	7
2187	7
2188	7
2189	7
2190	7
2191	7
2192	7
2193	3
2194	7
2195	7
2196	7
2197	7
2198	7
2199	7
2200	7
2201	7
2202	7
2203	7
2204	7
2205	7
2206	7
2207	7
2208	7
2209	7
2210	7
2211	7
2212	7
2213	7
2214	7
2215	7
2216	7
2217	7
2218	7
2219	3
2220	3
2221	7
2222	7
2223	7
2224	7
2225	3
2226	3
2227	3
2228	7
2229	7
2230	7
2231	3
2232	7
2233	7
2234	7
2235	3
2236	7
2237	7
2238	7
2239	7
2240	7
2241	7
2242	7
2243	7
2244	7
2245	7
2246	7
2247	3
2248	3
2249	7
2250	7
2251	7
2252	7
2253	7
2254	7
2255	7
2256	3
2257	3
2258	7
2259	7
2260	7
2261	7
2262	3
2263	3
2264	3
2265	7
2266	7
2267	7
2268	7
2269	7
2270	7
2271	3
2272	7
2273	7
2274	3
2275	7
2276	7
2277	7
2278	7
2279	7
2280	3
2281	3
2282	7
2283	7
2284	11
2285	11
2286	7
2287	7
2288	3
2289	3
2290	3
2291	3
2292	3
2293	7
2294	7
2295	7
2296	7
2297	7
2298	7
2299	7
2300	7
2301	3
2302	7
2303	7
2304	7
2305	3
2306	3
2307	3
2308	3
2309	8
2310	8
2311	8
2312	5
2313	5
2314	5
2315	5
2316	5
2317	5
2318	5
2319	5
2320	5
2321	5
2322	5
2323	5
2324	5
2325	5
2326	5
2327	5
2328	5
2329	5
2330	2
2331	2
2332	2
2333	2
2334	2
2335	2
2336	2
2337	2
2338	2
2339	2
2340	2
2341	2
2342	2
2343	2
2344	2
2345	2
2346	5
2347	5
2348	5
2349	5
2350	5
2351	5
2352	5
2353	5
2354	5
2355	5
2356	5
2357	5
2358	5
2359	5
2360	5
2361	5
2362	5
2363	5
2364	5
2365	5
2366	9
2367	7
2368	9
2369	7
2370	9
2371	9
2372	9
2373	9
2374	9
2375	9
2376	9
2377	9
2378	9
2379	9
2380	7
2381	9
2382	9
2383	9
2384	9
2385	9
2386	9
2387	9
2388	9
2389	9
2390	9
2391	9
2392	9
2393	9
2394	9
2395	9
2396	9
2397	9
2398	9
2399	9
2400	9
2401	9
2402	9
2403	9
2404	9
2405	9
2406	9
2407	9
2408	9
2409	9
2410	9
2411	9
2412	9
2413	9
2414	9
2415	13
2416	13
2417	13
2418	13
2419	12
2420	13
2421	13
2422	13
2423	13
2424	13
2425	13
2426	13
2427	12
2428	13
2429	12
2430	12
2431	13
2432	13
2433	13
2434	13
2435	13
2436	13
2437	13
2438	13
2439	13
2440	13
2441	13
2442	13
2443	13
2444	13
2445	13
2446	13
2447	13
2448	13
2449	13
2450	13
2451	13
2452	13
2453	13
2454	13
2455	13
2456	13
2457	13
2458	13
2459	13
2460	13
2461	13
2462	13
2463	13
2464	13
2465	13
2466	13
2467	13
2468	13
2469	13
2470	13
2471	13
2472	13
2473	13
2474	13
2475	13
2476	13
2477	13
2478	13
2479	13
2480	13
2481	13
2482	13
2483	13
2484	13
2485	13
2486	13
2487	13
2488	13
2489	13
2490	13
2491	13
2492	13
2493	13
2494	13
2495	13
2496	12
2497	12
2498	12
2499	12
2500	13
2501	13
2502	13
2503	13
2504	13
2505	13
2506	13
2507	13
2508	12
2509	12
2510	12
2511	12
2512	12
2513	12
2514	12
2515	13
2516	13
2517	13
2518	13
2519	13
2520	13
2521	13
2522	13
2523	12
2524	13
2525	12
2526	13
2527	13
2528	13
2529	12
2530	12
2531	12
2532	12
2533	12
2534	12
2535	12
2536	12
2537	12
2538	12
2539	13
2540	12
2541	13
2542	13
2543	13
2544	13
2545	13
2546	13
2547	13
2548	13
2549	13
2550	13
2551	13
2552	12
2553	12
2554	13
2555	13
2556	13
2557	13
2558	12
2559	12
2560	13
2561	13
2562	12
2563	12
2564	13
2565	13
2566	13
2567	13
2568	12
2569	12
2570	12
2571	13
2572	13
2573	13
2574	12
2575	13
2576	13
2577	13
2578	13
2579	13
2580	13
2581	12
2582	13
2583	13
2584	13
2585	13
2586	13
2587	12
2588	12
2589	12
2590	12
2591	12
2592	12
2593	12
2594	13
2595	13
2596	13
2597	13
2598	13
2599	13
2600	13
2601	13
2602	13
2603	13
2604	12
2605	13
2606	11
2607	11
2608	11
2609	11
2610	11
2611	11
2612	11
2613	11
2614	11
2615	11
2616	11
2617	11
2618	11
2619	11
2620	11
2621	11
2622	11
2623	11
2624	11
2625	11
2626	11
2627	11
2628	11
2629	11
2630	11
2631	11
2632	11
2633	11
2634	11
2635	11
2636	11
2637	11
2638	11
2639	11
2640	10
2641	10
2642	10
2643	10
2644	1
2645	10
2646	10
2647	10
2648	10
2649	10
2650	1
2651	10
2652	10
2653	10
2654	10
2655	10
2656	1
2657	1
2658	1
2659	10
2660	1
2661	10
2662	10
2663	10
2664	10
2665	10
2666	10
2667	10
2668	10
2669	1
2670	10
2671	10
2672	1
2673	10
2674	1
2675	1
2676	10
2677	10
2678	10
2679	10
2680	10
2681	10
2682	10
2683	10
2684	10
2685	10
2686	10
2687	10
2688	2
2689	2
2690	2
2691	2
315	5
1657	4
