0	3
1	3
2	3
3	3
4	3
5	3
6	3
7	13
8	13
9	13
10	13
11	7
12	13
13	13
14	13
15	13
16	7
17	7
18	7
19	2
20	2
21	11
22	11
23	11
24	11
25	11
26	11
27	11
28	11
29	9
30	9
31	9
32	9
33	9
34	9
35	9
36	9
37	9
38	9
39	9
40	9
41	9
42	9
43	9
44	9
45	9
46	9
47	9
48	9
49	9
50	9
51	9
52	9
53	7
54	7
55	7
56	7
57	7
58	9
59	9
60	9
61	9
62	9
63	9
64	9
65	7
66	7
67	7
68	7
69	7
70	7
71	11
72	11
73	11
74	11
75	9
76	9
77	9
78	9
79	9
80	9
81	9
82	9
83	5
84	5
85	5
86	5
87	5
88	5
89	5
90	5
91	5
92	5
93	5
94	5
95	5
96	7
97	13
98	7
99	7
100	13
101	13
102	13
103	7
104	13
105	7
106	13
107	13
108	7
109	13
110	13
111	13
112	13
113	13
114	13
115	13
116	13
117	13
118	13
119	13
120	13
121	13
122	7
123	13
124	7
125	7
126	7
127	13
128	7
129	12
130	12
131	1
132	1
133	1
134	12
135	12
136	12
137	12
138	12
139	1
140	12
141	1
142	1
143	12
144	12
145	12
146	12
147	1
148	12
149	12
150	1
151	12
152	12
153	12
154	1
155	1
156	1
157	1
158	1
159	1
160	1
161	1
162	1
163	1
164	12
165	1
166	5
167	5
168	5
169	5
170	5
171	5
172	5
173	5
174	5
175	5
176	5
177	5
178	5
179	5
180	5
181	5
182	5
183	3
184	3
185	3
186	3
187	3
188	3
189	3
190	3
191	3
192	3
193	3
194	3
195	3
196	3
197	3
198	3
199	3
200	3
201	3
202	3
203	3
204	3
205	3
206	3
207	3
208	11
209	11
210	11
211	11
212	11
213	11
214	11
215	11
216	11
217	11
218	11
219	11
220	11
221	11
222	11
223	11
224	11
225	11
226	12
227	12
228	12
229	12
230	12
231	12
232	12
233	12
234	12
235	12
236	11
237	11
238	11
239	11
240	11
241	11
242	11
243	11
244	11
245	11
246	11
247	11
248	3
249	3
250	3
251	3
252	3
253	3
254	3
255	3
256	3
257	3
258	3
259	3
260	3
261	12
262	12
263	12
264	12
265	12
266	12
267	12
268	10
269	12
270	10
271	12
272	12
273	12
274	12
275	12
276	12
277	12
278	10
279	12
280	12
281	12
282	10
283	10
284	10
285	10
286	12
287	10
288	10
289	10
290	10
291	10
292	10
293	10
294	10
295	10
296	12
297	10
298	12
299	10
300	10
301	10
302	3
303	3
304	3
305	3
306	11
307	11
308	11
309	11
310	11
311	11
312	11
313	11
314	11
316	9
317	9
318	9
319	9
320	9
321	9
322	9
323	9
324	9
325	9
326	9
327	9
328	9
329	9
330	9
331	11
332	11
333	11
334	11
335	11
336	11
337	9
338	9
339	9
340	11
341	11
342	11
343	11
344	11
345	8
346	11
347	11
348	11
349	11
350	11
351	11
352	11
353	11
354	11
355	11
356	1
357	1
358	1
359	1
360	1
361	1
362	1
363	1
364	1
365	1
366	1
367	1
368	1
369	11
370	11
371	11
372	11
373	11
374	11
375	11
376	11
377	11
378	11
379	11
380	11
381	11
382	11
383	11
384	11
385	11
386	11
387	11
388	11
389	9
390	9
391	9
392	9
393	9
394	11
395	11
396	11
397	11
398	9
399	9
400	9
401	9
402	9
403	11
404	11
405	11
406	1
407	1
408	1
409	2
410	2
411	2
412	9
413	9
414	9
415	9
416	9
417	9
418	9
419	9
420	9
421	9
422	2
423	9
424	9
425	5
426	5
427	5
428	5
429	5
430	5
431	5
432	5
433	9
434	9
435	9
436	9
437	9
438	9
439	9
440	9
441	9
442	9
443	9
444	9
445	2
446	5
447	5
448	5
449	5
450	5
451	9
452	2
453	2
454	5
455	5
456	5
457	9
458	2
459	9
460	2
461	9
462	9
463	5
464	5
465	5
466	5
467	5
468	5
469	5
470	5
471	5
472	5
473	9
474	2
475	12
476	12
477	10
478	10
479	10
480	10
481	10
482	10
483	10
484	11
485	11
486	10
487	10
488	10
489	12
490	12
491	12
492	12
493	12
494	12
495	10
496	10
497	10
498	11
499	10
500	10
501	10
502	11
503	10
504	10
505	10
506	1
507	11
508	11
509	11
510	1
511	11
512	11
513	1
514	11
515	11
516	11
517	1
518	1
519	1
520	11
521	11
522	13
523	13
524	13
525	13
526	3
527	3
528	13
529	13
530	13
531	13
532	13
533	13
534	13
535	13
536	13
537	13
538	3
539	3
540	3
541	3
542	3
543	3
544	3
545	3
546	3
547	3
548	3
549	3
550	3
551	3
552	3
553	3
554	3
555	3
556	3
557	3
558	3
559	12
560	12
561	12
562	12
563	12
564	12
565	3
566	3
567	3
568	3
569	3
570	13
571	13
572	13
573	13
574	13
575	13
576	13
577	13
578	13
579	13
580	13
581	3
582	3
583	3
584	3
585	3
586	3
587	12
588	12
589	12
590	12
591	12
592	11
593	12
594	12
595	11
596	12
597	12
598	12
599	11
600	11
601	12
602	12
603	3
604	3
605	3
606	3
607	3
608	3
609	3
610	3
611	3
612	3
613	3
614	3
615	3
616	3
617	12
618	12
619	12
620	12
621	12
622	12
623	12
624	12
625	12
626	12
627	12
628	11
629	11
630	11
631	12
632	12
633	12
634	12
635	12
636	12
637	12
638	12
639	3
640	3
641	3
642	3
643	3
644	3
645	3
646	3
647	3
648	3
649	3
650	3
651	3
652	3
653	3
654	3
655	3
656	3
657	10
658	10
659	10
660	10
661	2
662	2
663	2
664	2
665	2
666	2
667	2
668	2
669	2
670	12
671	12
672	12
673	12
674	12
675	12
676	12
677	12
678	12
679	12
680	2
681	2
682	2
683	2
684	2
685	2
686	2
687	2
688	2
689	2
690	2
691	2
692	2
693	2
694	2
695	2
696	2
697	12
698	12
699	12
700	12
701	12
702	12
703	12
704	12
705	12
706	12
707	12
708	12
709	12
710	12
711	12
712	12
713	12
714	2
715	2
716	12
717	12
718	12
719	12
720	12
721	12
722	12
723	12
724	12
725	12
726	12
727	12
728	12
729	12
730	12
731	12
732	9
733	9
734	9
735	9
736	9
737	10
738	10
739	10
740	10
741	10
742	10
743	10
744	10
745	9
746	9
747	9
748	9
749	9
750	9
751	9
752	9
753	9
754	9
755	9
756	9
757	9
758	9
759	9
760	9
761	9
762	9
763	9
764	9
765	9
766	10
767	10
768	10
769	10
770	9
771	9
772	10
773	10
774	10
775	10
776	10
777	10
778	10
779	10
780	10
781	10
782	10
783	10
784	10
785	11
786	10
787	10
788	10
789	10
790	10
791	11
792	11
793	11
794	11
795	11
796	11
797	11
798	11
799	11
800	11
801	10
802	10
803	10
804	10
805	11
806	11
807	11
808	10
809	10
810	10
811	4
812	4
813	4
814	7
815	4
816	4
817	4
818	4
819	4
820	4
821	7
822	4
823	4
824	4
825	4
826	4
827	4
828	4
829	4
830	7
831	4
832	4
833	4
834	7
835	7
836	7
837	7
838	4
839	4
840	7
841	4
842	4
843	4
844	4
845	4
846	4
847	4
848	4
849	4
850	4
851	4
852	4
853	4
854	4
855	4
856	4
857	4
858	3
859	3
860	3
861	3
862	3
863	3
864	3
865	3
866	3
867	3
868	3
869	3
870	3
871	4
872	4
873	4
874	4
875	4
876	4
877	4
878	4
879	4
880	4
881	4
882	4
883	7
884	4
885	7
886	4
887	4
888	4
889	4
890	4
891	4
892	4
893	4
894	4
895	4
896	4
897	4
898	4
899	4
900	4
901	4
902	4
903	4
904	4
905	4
906	4
907	4
908	4
909	4
910	4
911	4
912	4
913	4
914	4
915	4
916	4
917	4
918	4
919	4
920	4
921	4
922	4
923	4
924	4
925	4
926	4
927	4
928	4
929	4
930	4
931	4
932	4
933	4
934	4
935	4
936	4
937	4
938	4
939	4
940	4
941	4
942	4
943	4
944	4
945	4
946	4
947	4
948	4
949	4
950	4
951	4
952	4
953	4
954	4
955	4
956	4
957	4
958	4
959	4
960	4
961	4
962	4
963	4
964	4
965	4
966	4
967	4
968	4
969	4
970	4
971	4
972	4
973	4
974	4
975	4
976	4
977	4
978	4
979	4
980	4
981	4
982	7
983	7
984	7
985	5
986	5
987	5
988	5
989	5
990	5
991	5
992	5
993	5
994	5
995	5
996	5
997	5
998	5
999	5
1000	5
1001	5
1002	5
1003	5
1004	5
1005	5
1006	5
1007	7
1008	7
1009	5
1010	7
1011	7
1012	7
1013	7
1014	7
1015	7
1016	7
1017	7
1018	7
1019	7
1020	7
1021	7
1022	7
1023	7
1024	7
1025	7
1026	7
1027	7
1028	7
1029	7
1030	7
1031	7
1032	7
1033	7
1034	7
1035	7
1036	7
1037	7
1038	7
1039	7
1040	7
1041	7
1042	7
1043	7
1044	7
1045	7
1046	7
1047	7
1048	7
1049	7
1050	7
1051	7
1052	7
1053	7
1054	7
1055	7
1056	7
1057	7
1058	7
1059	7
1060	7
1061	7
1062	7
1063	7
1064	7
1065	7
1066	7
1067	7
1068	7
1069	7
1070	7
1071	7
1072	7
1073	7
1074	7
1075	3
1076	3
1077	3
1078	3
1079	3
1080	3
1081	3
1082	3
1083	3
1084	3
1085	3
1086	3
1087	12
1088	12
1089	12
1090	12
1091	12
1092	12
1093	12
1094	11
1095	11
1096	11
1097	11
1098	11
1099	11
1100	11
1101	11
1102	11
1103	11
1104	11
1105	11
1106	11
1107	4
1108	4
1109	4
1110	4
1111	4
1112	4
1113	4
1114	4
1115	4
1116	4
1117	4
1118	4
1119	4
1120	4
1121	4
1122	4
1123	4
1124	4
1125	4
1126	4
1127	4
1128	4
1129	4
1130	4
1131	4
1132	4
1133	4
1134	4
1135	4
1136	4
1137	4
1138	4
1139	4
1140	4
1141	4
1142	4
1143	4
1144	4
1145	4
1146	4
1147	4
1148	4
1149	4
1150	4
1151	4
1152	4
1153	4
1154	11
1155	11
1156	11
1157	11
1158	11
1159	11
1160	11
1161	11
1162	8
1163	11
1164	11
1165	8
1166	11
1167	11
1168	11
1169	7
1170	7
1171	7
1172	7
1173	7
1174	7
1175	7
1176	7
1177	7
1178	7
1179	7
1180	7
1181	7
1182	7
1183	7
1184	7
1185	7
1186	7
1187	7
1188	7
1189	7
1190	7
1191	7
1192	7
1193	7
1194	7
1195	7
1196	7
1197	7
1198	7
1199	7
1200	5
1201	5
1202	5
1203	13
1204	13
1205	13
1206	13
1207	13
1208	13
1209	5
1210	13
1211	5
1212	13
1213	13
1214	13
1215	13
1216	13
1217	13
1218	13
1219	13
1220	13
1221	13
1222	13
1223	5
1224	13
1225	13
1226	13
1227	13
1228	13
1229	5
1230	13
1231	13
1232	5
1233	5
1234	13
1235	13
1236	5
1237	13
1238	5
1239	13
1240	10
1241	10
1242	10
1243	10
1244	12
1245	10
1246	10
1247	12
1248	10
1249	10
1250	10
1251	10
1252	10
1253	9
1254	9
1255	9
1256	9
1257	9
1258	10
1259	10
1260	12
1261	12
1262	10
1263	10
1264	9
1265	9
1266	9
1267	9
1268	9
1269	9
1270	9
1271	9
1272	9
1273	9
1274	9
1275	9
1276	9
1277	9
1278	11
1279	11
1280	1
1281	10
1282	10
1283	10
1284	9
1285	9
1286	9
1287	9
1288	1
1289	1
1290	1
1291	1
1292	1
1293	1
1294	1
1295	1
1296	1
1297	1
1298	11
1299	1
1300	1
1301	1
1302	1
1303	9
1304	3
1305	3
1306	3
1307	3
1308	9
1309	3
1310	9
1311	9
1312	3
1313	9
1314	4
1315	4
1316	4
1317	4
1318	4
1319	4
1320	4
1321	4
1322	4
1323	4
1324	4
1325	4
1326	4
1327	4
1328	4
1329	4
1330	4
1331	4
1332	4
1333	4
1334	4
1335	4
1336	4
1337	4
1338	4
1339	4
1340	4
1341	4
1342	4
1343	4
1344	4
1345	4
1346	9
1347	3
1348	3
1349	3
1350	3
1351	3
1352	3
1353	3
1354	3
1355	3
1356	3
1357	3
1358	3
1359	3
1360	3
1361	3
1362	3
1363	5
1364	5
1365	5
1366	5
1367	5
1368	5
1369	5
1370	5
1371	5
1372	5
1373	5
1374	5
1375	5
1376	5
1377	5
1378	5
1379	5
1380	5
1381	11
1382	11
1383	11
1384	11
1385	11
1386	11
1387	11
1388	11
1389	11
1390	11
1391	11
1392	11
1393	11
1394	11
1395	11
1396	11
1397	9
1398	9
1399	9
1400	9
1401	9
1402	9
1403	9
1404	9
1405	9
1406	9
1407	9
1408	9
1409	9
1410	9
1411	9
1412	9
1413	9
1414	9
1415	9
1416	9
1417	9
1418	9
1419	9
1420	9
1421	9
1422	9
1423	9
1424	9
1425	9
1426	9
1427	9
1428	6
1429	6
1430	6
1431	6
1432	13
1433	6
1434	6
1435	6
1436	6
1437	6
1438	6
1439	6
1440	6
1441	7
1442	7
1443	7
1444	7
1445	7
1446	7
1447	7
1448	7
1449	7
1450	7
1451	7
1452	7
1453	7
1454	7
1455	6
1456	13
1457	6
1458	13
1459	6
1460	6
1461	6
1462	6
1463	6
1464	6
1465	12
1466	12
1467	12
1468	12
1469	12
1470	12
1471	11
1472	12
1473	12
1474	11
1475	11
1476	12
1477	11
1478	12
1479	12
1480	12
1481	12
1482	11
1483	11
1484	12
1485	12
1486	11
1487	12
1488	12
1489	9
1490	9
1491	9
1492	9
1493	9
1494	9
1495	9
1496	9
1497	9
1498	9
1499	9
1500	9
1501	9
1502	9
1503	9
1504	9
1505	9
1506	9
1507	9
1508	9
1509	9
1510	9
1511	9
1512	9
1513	9
1514	9
1515	9
1516	9
1517	9
1518	9
1519	9
1520	9
1521	9
1522	9
1523	9
1524	9
1525	9
1526	9
1527	9
1528	9
1529	10
1530	10
1531	10
1532	5
1533	10
1534	10
1535	10
1536	10
1537	10
1538	5
1539	5
1540	10
1541	10
1542	10
1543	10
1544	10
1545	10
1546	10
1547	10
1548	5
1549	10
1550	10
1551	10
1552	5
1553	5
1554	5
1555	5
1556	5
1557	5
1558	5
1559	5
1560	5
1561	5
1562	5
1563	5
1564	5
1565	5
1566	5
1567	5
1568	5
1569	5
1570	5
1571	5
1572	5
1573	5
1574	5
1575	5
1576	9
1577	9
1578	9
1579	9
1580	9
1581	9
1582	9
1583	9
1584	9
1585	9
1586	9
1587	9
1588	9
1589	9
1590	9
1591	9
1592	9
1593	9
1594	9
1595	9
1596	9
1597	9
1598	9
1599	9
1600	9
1601	9
1602	13
1603	5
1604	13
1605	13
1606	13
1607	5
1608	13
1609	13
1610	13
1611	13
1612	13
1613	5
1614	5
1615	13
1616	13
1617	13
1618	11
1619	11
1620	11
1621	11
1622	11
1623	11
1624	11
1625	11
1626	11
1627	11
1628	11
1629	13
1630	7
1631	13
1632	7
1633	13
1634	13
1635	13
1636	7
1637	13
1638	13
1639	13
1640	13
1641	13
1642	13
1643	13
1644	11
1645	11
1646	11
1647	11
1648	11
1649	13
1650	13
1651	13
1652	13
1653	13
1654	13
1655	13
1656	13
1658	13
1659	13
1660	13
1661	13
1662	13
1663	13
1664	13
1665	13
1666	7
1667	7
1668	7
1669	13
1670	13
1671	13
1672	13
1673	11
1674	13
1675	13
1676	13
1677	11
1678	10
1679	10
1680	10
1681	10
1682	10
1683	10
1684	10
1685	9
1686	9
1687	9
1688	9
1689	9
1690	9
1691	9
1692	9
1693	9
1694	9
1695	9
1696	9
1697	9
1698	9
1699	9
1700	9
1701	2
1702	2
1703	2
1704	2
1705	7
1706	7
1707	7
1708	7
1709	2
1710	7
1711	7
1712	7
1713	11
1714	11
1715	11
1716	11
1717	11
1718	11
1719	11
1720	11
1721	11
1722	11
1723	11
1724	11
1725	7
1726	7
1727	7
1728	11
1729	2
1730	7
1731	7
1732	7
1733	7
1734	7
1735	7
1736	2
1737	2
1738	2
1739	2
1740	2
1741	7
1742	2
1743	2
1744	2
1745	2
1746	2
1747	2
1748	2
1749	2
1750	2
1751	2
1752	2
1753	2
1754	2
1755	2
1756	2
1757	11
1758	11
1759	11
1760	11
1761	2
1762	2
1763	2
1764	2
1765	2
1766	2
1767	2
1768	2
1769	2
1770	2
1771	2
1772	2
1773	2
1774	11
1775	11
1776	11
1777	11
1778	11
1779	11
1780	11
1781	11
1782	11
1783	11
1784	11
1785	11
1786	11
1787	2
1788	2
1789	2
1790	2
1791	2
1792	2
1793	2
1794	2
1795	11
1796	11
1797	11
1798	11
1799	2
1800	2
1801	2
1802	2
1803	2
1804	2
1805	2
1806	2
1807	2
1808	2
1809	13
1810	13
1811	13
1812	13
1813	6
1814	13
1815	13
1816	13
1817	13
1818	13
1819	13
1820	13
1821	6
1822	13
1823	6
1824	6
1825	13
1826	13
1827	13
1828	13
1829	13
1830	12
1831	12
1832	12
1833	12
1834	12
1835	6
1836	6
1837	12
1838	13
1839	13
1840	5
1841	5
1842	5
1843	5
1844	5
1845	13
1846	6
1847	13
1848	13
1849	13
1850	6
1851	13
1852	6
1853	6
1854	13
1855	6
1856	13
1857	12
1858	12
1859	12
1860	12
1861	12
1862	12
1863	6
1864	13
1865	13
1866	13
1867	6
1868	13
1869	6
1870	13
1871	13
1872	10
1873	10
1874	10
1875	10
1876	10
1877	10
1878	10
1879	10
1880	10
1881	10
1882	10
1883	10
1884	10
1885	10
1886	10
1887	10
1888	10
1889	10
1890	10
1891	10
1892	10
1893	10
1894	10
1895	3
1896	3
1897	3
1898	11
1899	11
1900	11
1901	11
1902	11
1903	11
1904	3
1905	3
1906	3
1907	3
1908	3
1909	3
1910	3
1911	3
1912	3
1913	3
1914	3
1915	3
1916	11
1917	11
1918	11
1919	11
1920	11
1921	11
1922	11
1923	11
1924	3
1925	3
1926	3
1927	3
1928	3
1929	3
1930	3
1931	3
1932	3
1933	3
1934	3
1935	3
1936	3
1937	3
1938	3
1939	3
1940	3
1941	3
1942	3
1943	3
1944	3
1945	3
1946	3
1947	3
1948	3
1949	3
1950	3
1951	3
1952	3
1953	3
1954	3
1955	3
1956	3
1957	3
1958	3
1959	3
1960	3
1961	3
1962	3
1963	3
1964	3
1965	3
1966	3
1967	3
1968	3
1969	3
1970	3
1971	3
1972	3
1973	3
1974	3
1975	3
1976	5
1977	5
1978	5
1979	5
1980	5
1981	5
1982	5
1983	5
1984	5
1985	5
1986	5
1987	5
1988	5
1989	5
1990	5
1991	5
1992	5
1993	5
1994	5
1995	5
1996	5
1997	5
1998	5
1999	5
2000	5
2001	5
2002	5
2003	5
2004	5
2005	5
2006	5
2007	5
2008	5
2009	5
2010	5
2011	5
2012	5
2013	5
2014	5
2015	5
2016	5
2017	12
2018	12
2019	12
2020	12
2021	12
2022	12
2023	12
2024	10
2025	12
2026	12
2027	12
2028	12
2029	12
2030	10
2031	10
2032	10
2033	10
2034	10
2035	10
2036	10
2037	10
2038	12
2039	12
2040	12
2041	12
2042	12
2043	12
2044	12
2045	12
2046	10
2047	10
2048	12
2049	12
2050	12
2051	10
2052	10
2053	10
2054	10
2055	10
2056	10
2057	10
2058	5
2059	5
2060	5
2061	5
2062	5
2063	5
2064	5
2065	5
2066	5
2067	5
2068	12
2069	12
2070	12
2071	12
2072	12
2073	12
2074	12
2075	12
2076	12
2077	12
2078	12
2079	12
2080	12
2081	12
2082	12
2083	12
2084	12
2085	12
2086	12
2087	12
2088	12
2089	9
2090	9
2091	9
2092	9
2093	9
2094	9
2095	9
2096	3
2097	3
2098	3
2099	3
2100	3
2101	3
2102	3
2103	3
2104	3
2105	3
2106	3
2107	3
2108	3
2109	3
2110	3
2111	3
2112	3
2113	6
2114	6
2115	6
2116	6
2117	6
2118	2
2119	2
2120	6
2121	6
2122	6
2123	2
2124	12
2125	6
2126	6
2127	6
2128	6
2129	6
2130	6
2131	6
2132	6
2133	2
2134	2
2135	6
2136	2
2137	2
2138	2
2139	6
2140	6
2141	6
2142	6
2143	6
2144	2
2145	6
2146	2
2147	2
2148	6
2149	2
2150	6
2151	6
2152	6
2153	6
2154	6
2155	6
2156	6
2157	6
2158	6
2159	6
2160	6
2161	6
2162	6
2163	6
2164	2
2165	2
2166	2
2167	6
2168	6
2169	6
2170	6
2171	6
2172	6
2173	6
2174	2
2175	2
2176	2
2177	2
2178	6
2179	6
2180	2
2181	2
2182	6
2183	6
2184	6
2185	6
2186	6
2187	6
2188	2
2189	6
2190	6
2191	6
2192	6
2193	6
2194	2
2195	6
2196	2
2197	2
2198	6
2199	2
2200	6
2201	6
2202	2
2203	6
2204	6
2205	6
2206	6
2207	6
2208	6
2209	6
2210	6
2211	6
2212	6
2213	6
2214	6
2215	2
2216	2
2217	6
2218	6
2219	6
2220	6
2221	6
2222	6
2223	2
2224	6
2225	6
2226	6
2227	6
2228	6
2229	6
2230	2
2231	2
2232	6
2233	2
2234	2
2235	6
2236	2
2237	2
2238	2
2239	6
2240	6
2241	6
2242	2
2243	2
2244	2
2245	2
2246	6
2247	2
2248	2
2249	6
2250	6
2251	6
2252	6
2253	2
2254	2
2255	2
2256	2
2257	6
2258	6
2259	6
2260	6
2261	2
2262	2
2263	6
2264	6
2265	6
2266	6
2267	6
2268	6
2269	2
2270	2
2271	2
2272	6
2273	2
2274	6
2275	6
2276	6
2277	2
2278	6
2279	6
2280	6
2281	6
2282	6
2283	6
2284	12
2285	12
2286	6
2287	6
2288	6
2289	6
2290	6
2291	6
2292	6
2293	6
2294	6
2295	6
2296	6
2297	6
2298	2
2299	2
2300	2
2301	6
2302	2
2303	6
2304	6
2305	6
2306	6
2307	6
2308	6
2309	12
2310	12
2311	12
2312	7
2313	7
2314	7
2315	7
2316	7
2317	7
2318	7
2319	7
2320	7
2321	7
2322	7
2323	7
2324	7
2325	7
2326	7
2327	7
2328	7
2329	7
2330	3
2331	3
2332	3
2333	3
2334	3
2335	3
2336	3
2337	3
2338	3
2339	3
2340	3
2341	3
2342	3
2343	3
2344	3
2345	3
2346	7
2347	7
2348	7
2349	7
2350	7
2351	7
2352	7
2353	7
2354	7
2355	7
2356	7
2357	7
2358	7
2359	7
2360	7
2361	7
2362	7
2363	7
2364	7
2365	7
2366	13
2367	2
2368	13
2369	2
2370	13
2371	13
2372	13
2373	13
2374	13
2375	13
2376	13
2377	13
2378	13
2379	13
2380	2
2381	13
2382	13
2383	13
2384	13
2385	13
2386	13
2387	13
2388	13
2389	13
2390	13
2391	13
2392	13
2393	13
2394	13
2395	13
2396	13
2397	13
2398	13
2399	13
2400	13
2401	13
2402	13
2403	13
2404	13
2405	13
2406	13
2407	13
2408	13
2409	13
2410	13
2411	13
2412	13
2413	13
2414	13
2415	8
2416	8
2417	8
2418	8
2419	8
2420	8
2421	8
2422	8
2423	8
2424	8
2425	8
2426	8
2427	8
2428	8
2429	8
2430	8
2431	8
2432	8
2433	8
2434	8
2435	8
2436	8
2437	8
2438	8
2439	8
2440	8
2441	8
2442	8
2443	8
2444	8
2445	8
2446	8
2447	8
2448	8
2449	1
2450	1
2451	1
2452	1
2453	1
2454	8
2455	8
2456	8
2457	8
2458	8
2459	8
2460	8
2461	8
2462	8
2463	8
2464	8
2465	8
2466	8
2467	8
2468	8
2469	8
2470	8
2471	8
2472	8
2473	8
2474	8
2475	8
2476	8
2477	8
2478	8
2479	8
2480	8
2481	8
2482	8
2483	8
2484	8
2485	8
2486	1
2487	8
2488	8
2489	8
2490	1
2491	8
2492	8
2493	8
2494	8
2495	1
2496	8
2497	8
2498	8
2499	8
2500	8
2501	1
2502	8
2503	8
2504	8
2505	8
2506	8
2507	8
2508	8
2509	1
2510	8
2511	8
2512	8
2513	8
2514	8
2515	8
2516	8
2517	8
2518	8
2519	8
2520	8
2521	8
2522	8
2523	8
2524	8
2525	8
2526	8
2527	8
2528	8
2529	8
2530	8
2531	8
2532	8
2533	8
2534	8
2535	8
2536	8
2537	8
2538	8
2539	1
2540	8
2541	1
2542	8
2543	8
2544	8
2545	8
2546	1
2547	8
2548	8
2549	8
2550	8
2551	8
2552	8
2553	1
2554	1
2555	1
2556	1
2557	1
2558	8
2559	8
2560	8
2561	8
2562	8
2563	8
2564	8
2565	8
2566	8
2567	8
2568	8
2569	8
2570	8
2571	8
2572	8
2573	8
2574	8
2575	1
2576	1
2577	1
2578	1
2579	1
2580	1
2581	8
2582	8
2583	1
2584	1
2585	8
2586	8
2587	1
2588	1
2589	1
2590	1
2591	1
2592	1
2593	1
2594	8
2595	8
2596	8
2597	8
2598	8
2599	8
2600	8
2601	8
2602	8
2603	8
2604	8
2605	8
2606	12
2607	12
2608	10
2609	12
2610	12
2611	12
2612	12
2613	12
2614	10
2615	10
2616	12
2617	12
2618	12
2619	10
2620	12
2621	12
2622	12
2623	10
2624	10
2625	12
2626	12
2627	12
2628	12
2629	12
2630	12
2631	12
2632	12
2633	12
2634	12
2635	12
2636	10
2637	12
2638	12
2639	12
2640	1
2641	1
2642	1
2643	1
2644	1
2645	1
2646	1
2647	1
2648	1
2649	1
2650	1
2651	1
2652	1
2653	1
2654	1
2655	5
2656	5
2657	5
2658	5
2659	1
2660	1
2661	5
2662	5
2663	1
2664	1
2665	1
2666	5
2667	1
2668	1
2669	1
2670	1
2671	1
2672	5
2673	1
2674	5
2675	5
2676	1
2677	1
2678	5
2679	1
2680	1
2681	1
2682	1
2683	1
2684	1
2685	1
2686	1
2687	1
2688	3
2689	3
2690	3
2691	3
315	9
1657	13
