0	3
1	3
2	3
3	3
4	3
5	3
6	3
7	11
8	11
9	11
10	11
11	8
12	11
13	11
14	8
15	8
16	8
17	8
18	3
19	11
20	11
21	13
22	13
23	13
24	13
25	13
26	13
27	13
28	13
29	5
30	5
31	5
32	5
33	5
34	5
35	5
36	5
37	5
38	5
39	5
40	5
41	5
42	5
43	5
44	5
45	5
46	5
47	5
48	5
49	5
50	5
51	5
52	5
53	10
54	10
55	10
56	10
57	10
58	5
59	5
60	5
61	5
62	5
63	5
64	5
65	10
66	10
67	10
68	10
69	10
70	10
71	13
72	13
73	13
74	13
75	5
76	5
77	5
78	5
79	5
80	5
81	5
82	5
83	2
84	2
85	2
86	2
87	2
88	2
89	2
90	2
91	2
92	2
93	2
94	2
95	2
96	8
97	8
98	8
99	8
100	11
101	11
102	11
103	8
104	11
105	11
106	11
107	11
108	8
109	11
110	11
111	8
112	8
113	8
114	11
115	11
116	11
117	8
118	8
119	8
120	8
121	8
122	8
123	11
124	8
125	8
126	8
127	8
128	8
129	6
130	6
131	6
132	6
133	6
134	6
135	6
136	6
137	6
138	6
139	6
140	6
141	6
142	6
143	6
144	6
145	6
146	6
147	6
148	6
149	6
150	6
151	6
152	6
153	6
154	6
155	6
156	6
157	6
158	6
159	6
160	6
161	6
162	6
163	6
164	6
165	6
166	12
167	12
168	12
169	12
170	12
171	12
172	12
173	12
174	12
175	12
176	12
177	12
178	12
179	12
180	12
181	12
182	12
183	5
184	5
185	5
186	5
187	5
188	5
189	5
190	5
191	5
192	5
193	5
194	5
195	5
196	5
197	5
198	5
199	5
200	5
201	5
202	5
203	5
204	5
205	5
206	5
207	5
208	13
209	13
210	13
211	13
212	13
213	13
214	13
215	13
216	13
217	13
218	13
219	13
220	13
221	13
222	13
223	13
224	13
225	13
226	13
227	13
228	13
229	13
230	13
231	13
232	13
233	13
234	13
235	13
236	13
237	13
238	13
239	13
240	13
241	13
242	13
243	13
244	13
245	13
246	13
247	13
248	5
249	5
250	5
251	5
252	5
253	5
254	5
255	5
256	5
257	5
258	5
259	5
260	5
261	13
262	13
263	13
264	13
265	13
266	13
267	13
268	6
269	6
270	6
271	13
272	13
273	13
274	13
275	13
276	13
277	13
278	6
279	6
280	6
281	6
282	6
283	6
284	6
285	6
286	6
287	6
288	6
289	6
290	6
291	6
292	6
293	6
294	6
295	6
296	6
297	6
298	6
299	6
300	6
301	6
302	5
303	5
304	5
305	5
306	4
307	4
308	4
309	4
310	4
311	4
312	4
313	4
314	4
316	7
317	7
318	7
319	7
320	7
321	7
322	7
323	7
324	7
325	7
326	7
327	7
328	7
329	7
330	7
331	4
332	4
333	4
334	4
335	4
336	4
337	7
338	7
339	7
340	4
341	4
342	4
343	4
344	4
345	4
346	4
347	4
348	4
349	4
350	4
351	4
352	4
353	4
354	4
355	4
356	2
357	2
358	2
359	2
360	2
361	2
362	2
363	2
364	2
365	2
366	2
367	2
368	2
369	4
370	4
371	4
372	4
373	4
374	4
375	4
376	4
377	4
378	4
379	4
380	4
381	4
382	4
383	4
384	4
385	4
386	4
387	4
388	4
389	7
390	7
391	7
392	7
393	7
394	4
395	4
396	4
397	4
398	7
399	7
400	7
401	7
402	7
403	13
404	13
405	13
406	13
407	13
408	13
409	3
410	3
411	3
412	3
413	3
414	3
415	3
416	3
417	3
418	3
419	3
420	3
421	3
422	3
423	3
424	3
425	12
426	12
427	12
428	12
429	12
430	12
431	12
432	12
433	3
434	3
435	3
436	3
437	3
438	3
439	3
440	3
441	3
442	3
443	3
444	3
445	3
446	12
447	12
448	12
449	12
450	12
451	3
452	3
453	3
454	12
455	12
456	12
457	3
458	3
459	3
460	3
461	3
462	3
463	12
464	12
465	12
466	12
467	12
468	12
469	12
470	12
471	12
472	12
473	3
474	3
475	6
476	6
477	6
478	12
479	12
480	6
481	12
482	12
483	12
484	13
485	13
486	12
487	12
488	12
489	6
490	6
491	6
492	6
493	6
494	6
495	12
496	12
497	6
498	13
499	12
500	6
501	12
502	13
503	6
504	6
505	6
506	13
507	13
508	13
509	13
510	13
511	13
512	13
513	13
514	13
515	13
516	13
517	13
518	13
519	13
520	13
521	13
522	8
523	8
524	8
525	8
526	5
527	5
528	8
529	8
530	8
531	8
532	8
533	8
534	8
535	8
536	8
537	8
538	5
539	5
540	5
541	5
542	5
543	5
544	5
545	5
546	5
547	5
548	5
549	5
550	5
551	5
552	5
553	5
554	5
555	5
556	5
557	5
558	5
559	13
560	13
561	13
562	13
563	13
564	13
565	5
566	5
567	5
568	5
569	5
570	8
571	8
572	8
573	8
574	8
575	8
576	8
577	8
578	8
579	8
580	8
581	5
582	5
583	5
584	5
585	5
586	5
587	13
588	13
589	13
590	6
591	13
592	13
593	13
594	6
595	13
596	6
597	13
598	6
599	13
600	13
601	13
602	13
603	5
604	5
605	5
606	5
607	5
608	5
609	5
610	5
611	5
612	5
613	5
614	5
615	5
616	5
617	13
618	13
619	13
620	6
621	6
622	6
623	6
624	6
625	6
626	13
627	6
628	13
629	13
630	13
631	13
632	13
633	13
634	6
635	13
636	13
637	13
638	6
639	5
640	5
641	5
642	5
643	5
644	5
645	5
646	5
647	5
648	5
649	5
650	5
651	5
652	5
653	5
654	5
655	5
656	5
657	12
658	12
659	12
660	12
661	3
662	3
663	3
664	3
665	3
666	3
667	3
668	3
669	3
670	6
671	6
672	6
673	6
674	6
675	13
676	6
677	6
678	6
679	6
680	3
681	3
682	3
683	3
684	3
685	3
686	3
687	3
688	3
689	3
690	3
691	3
692	3
693	3
694	3
695	3
696	3
697	13
698	6
699	6
700	13
701	6
702	6
703	13
704	6
705	6
706	6
707	13
708	13
709	6
710	13
711	13
712	13
713	13
714	3
715	3
716	13
717	13
718	13
719	13
720	6
721	13
722	13
723	13
724	13
725	13
726	13
727	13
728	13
729	13
730	13
731	13
732	8
733	5
734	8
735	8
736	8
737	12
738	12
739	12
740	12
741	12
742	12
743	12
744	12
745	8
746	8
747	8
748	8
749	8
750	8
751	8
752	8
753	8
754	8
755	8
756	5
757	5
758	8
759	8
760	8
761	8
762	8
763	8
764	8
765	8
766	12
767	12
768	12
769	12
770	8
771	5
772	12
773	12
774	12
775	12
776	12
777	12
778	12
779	12
780	12
781	12
782	12
783	12
784	12
785	4
786	12
787	12
788	12
789	12
790	12
791	4
792	4
793	4
794	4
795	4
796	4
797	4
798	4
799	4
800	4
801	12
802	12
803	12
804	12
805	4
806	4
807	4
808	12
809	12
810	12
811	7
812	7
813	10
814	7
815	10
816	10
817	10
818	7
819	10
820	7
821	7
822	10
823	10
824	10
825	10
826	10
827	10
828	10
829	7
830	7
831	7
832	10
833	10
834	7
835	7
836	7
837	7
838	10
839	10
840	7
841	10
842	7
843	10
844	10
845	10
846	10
847	7
848	10
849	10
850	7
851	10
852	7
853	7
854	10
855	10
856	7
857	10
858	5
859	5
860	5
861	5
862	5
863	5
864	5
865	5
866	5
867	5
868	5
869	5
870	5
871	7
872	7
873	10
874	10
875	10
876	10
877	10
878	10
879	10
880	10
881	7
882	10
883	7
884	10
885	7
886	10
887	10
888	10
889	10
890	10
891	10
892	7
893	10
894	10
895	10
896	10
897	10
898	10
899	10
900	10
901	10
902	10
903	10
904	10
905	10
906	10
907	10
908	10
909	10
910	10
911	10
912	7
913	10
914	10
915	10
916	10
917	10
918	10
919	10
920	10
921	10
922	10
923	7
924	10
925	10
926	10
927	10
928	10
929	10
930	7
931	7
932	10
933	10
934	10
935	10
936	10
937	10
938	10
939	10
940	10
941	10
942	7
943	10
944	10
945	7
946	10
947	10
948	10
949	7
950	10
951	10
952	10
953	10
954	10
955	10
956	10
957	10
958	10
959	10
960	10
961	10
962	7
963	10
964	10
965	10
966	10
967	10
968	10
969	10
970	10
971	10
972	10
973	10
974	10
975	7
976	10
977	10
978	10
979	10
980	10
981	10
982	7
983	7
984	7
985	12
986	12
987	12
988	12
989	12
990	12
991	12
992	12
993	12
994	12
995	12
996	12
997	12
998	12
999	12
1000	12
1001	12
1002	12
1003	12
1004	12
1005	12
1006	12
1007	7
1008	7
1009	12
1010	7
1011	7
1012	7
1013	7
1014	7
1015	7
1016	7
1017	7
1018	7
1019	7
1020	7
1021	7
1022	7
1023	7
1024	7
1025	7
1026	7
1027	7
1028	7
1029	7
1030	7
1031	7
1032	7
1033	7
1034	7
1035	7
1036	7
1037	7
1038	7
1039	7
1040	7
1041	7
1042	7
1043	7
1044	7
1045	7
1046	7
1047	7
1048	7
1049	7
1050	7
1051	7
1052	7
1053	7
1054	7
1055	7
1056	7
1057	7
1058	7
1059	7
1060	7
1061	7
1062	7
1063	7
1064	7
1065	7
1066	7
1067	7
1068	7
1069	7
1070	7
1071	7
1072	7
1073	7
1074	7
1075	5
1076	5
1077	5
1078	5
1079	5
1080	5
1081	5
1082	5
1083	5
1084	5
1085	5
1086	5
1087	6
1088	6
1089	6
1090	6
1091	6
1092	6
1093	6
1094	13
1095	13
1096	13
1097	13
1098	13
1099	13
1100	13
1101	13
1102	13
1103	13
1104	13
1105	13
1106	13
1107	4
1108	4
1109	4
1110	4
1111	4
1112	10
1113	4
1114	4
1115	4
1116	10
1117	4
1118	4
1119	4
1120	4
1121	4
1122	10
1123	4
1124	4
1125	4
1126	4
1127	4
1128	4
1129	4
1130	4
1131	10
1132	10
1133	4
1134	4
1135	4
1136	10
1137	10
1138	10
1139	10
1140	4
1141	4
1142	4
1143	10
1144	4
1145	4
1146	10
1147	10
1148	4
1149	4
1150	4
1151	4
1152	4
1153	4
1154	4
1155	4
1156	4
1157	4
1158	4
1159	4
1160	4
1161	4
1162	4
1163	4
1164	4
1165	4
1166	4
1167	4
1168	4
1169	7
1170	7
1171	7
1172	7
1173	7
1174	7
1175	7
1176	7
1177	7
1178	7
1179	7
1180	7
1181	7
1182	7
1183	7
1184	7
1185	7
1186	7
1187	7
1188	7
1189	7
1190	7
1191	7
1192	7
1193	7
1194	7
1195	7
1196	7
1197	7
1198	7
1199	7
1200	8
1201	8
1202	8
1203	10
1204	10
1205	10
1206	10
1207	10
1208	8
1209	10
1210	10
1211	8
1212	8
1213	8
1214	10
1215	8
1216	10
1217	10
1218	10
1219	10
1220	10
1221	10
1222	10
1223	10
1224	10
1225	10
1226	10
1227	10
1228	10
1229	10
1230	10
1231	8
1232	8
1233	10
1234	10
1235	10
1236	10
1237	10
1238	10
1239	10
1240	6
1241	6
1242	6
1243	6
1244	6
1245	6
1246	6
1247	6
1248	6
1249	6
1250	6
1251	6
1252	6
1253	5
1254	3
1255	3
1256	3
1257	3
1258	6
1259	6
1260	6
1261	6
1262	6
1263	6
1264	5
1265	3
1266	3
1267	3
1268	3
1269	3
1270	3
1271	3
1272	3
1273	3
1274	3
1275	3
1276	3
1277	3
1278	4
1279	4
1280	4
1281	6
1282	6
1283	6
1284	3
1285	5
1286	3
1287	3
1288	4
1289	4
1290	4
1291	4
1292	4
1293	4
1294	4
1295	4
1296	4
1297	4
1298	4
1299	4
1300	4
1301	4
1302	4
1303	5
1304	5
1305	5
1306	5
1307	5
1308	5
1309	5
1310	5
1311	5
1312	5
1313	5
1314	10
1315	10
1316	10
1317	10
1318	10
1319	10
1320	10
1321	10
1322	10
1323	10
1324	10
1325	10
1326	10
1327	10
1328	10
1329	10
1330	10
1331	10
1332	10
1333	10
1334	10
1335	10
1336	10
1337	10
1338	10
1339	10
1340	10
1341	10
1342	10
1343	10
1344	10
1345	10
1346	3
1347	3
1348	3
1349	3
1350	3
1351	3
1352	3
1353	3
1354	3
1355	3
1356	3
1357	3
1358	3
1359	3
1360	3
1361	3
1362	3
1363	2
1364	2
1365	2
1366	2
1367	2
1368	2
1369	2
1370	2
1371	2
1372	2
1373	2
1374	2
1375	2
1376	2
1377	2
1378	2
1379	2
1380	2
1381	4
1382	4
1383	4
1384	4
1385	4
1386	4
1387	4
1388	4
1389	4
1390	4
1391	4
1392	4
1393	4
1394	4
1395	4
1396	4
1397	3
1398	3
1399	3
1400	3
1401	3
1402	3
1403	3
1404	3
1405	3
1406	3
1407	3
1408	3
1409	3
1410	3
1411	3
1412	3
1413	3
1414	3
1415	3
1416	3
1417	3
1418	3
1419	3
1420	3
1421	3
1422	3
1423	3
1424	3
1425	3
1426	3
1427	3
1428	8
1429	8
1430	8
1431	8
1432	8
1433	8
1434	8
1435	8
1436	8
1437	8
1438	8
1439	8
1440	8
1441	8
1442	8
1443	8
1444	8
1445	8
1446	8
1447	8
1448	8
1449	8
1450	8
1451	8
1452	8
1453	8
1454	8
1455	8
1456	8
1457	8
1458	8
1459	8
1460	8
1461	8
1462	8
1463	8
1464	8
1465	13
1466	13
1467	13
1468	13
1469	13
1470	13
1471	13
1472	13
1473	13
1474	13
1475	13
1476	13
1477	13
1478	13
1479	13
1480	13
1481	13
1482	13
1483	13
1484	13
1485	13
1486	13
1487	13
1488	13
1489	7
1490	8
1491	7
1492	7
1493	8
1494	7
1495	7
1496	7
1497	8
1498	7
1499	8
1500	7
1501	3
1502	3
1503	3
1504	3
1505	3
1506	3
1507	3
1508	3
1509	3
1510	3
1511	3
1512	3
1513	3
1514	3
1515	3
1516	3
1517	3
1518	3
1519	3
1520	3
1521	3
1522	3
1523	3
1524	3
1525	3
1526	3
1527	3
1528	3
1529	12
1530	12
1531	12
1532	12
1533	12
1534	12
1535	12
1536	12
1537	12
1538	12
1539	12
1540	12
1541	12
1542	12
1543	12
1544	12
1545	12
1546	12
1547	12
1548	12
1549	12
1550	12
1551	12
1552	2
1553	2
1554	8
1555	2
1556	8
1557	2
1558	2
1559	2
1560	2
1561	2
1562	8
1563	2
1564	2
1565	2
1566	2
1567	8
1568	2
1569	2
1570	2
1571	2
1572	2
1573	2
1574	2
1575	2
1576	5
1577	5
1578	5
1579	5
1580	5
1581	5
1582	5
1583	5
1584	5
1585	5
1586	5
1587	5
1588	5
1589	5
1590	5
1591	5
1592	5
1593	5
1594	5
1595	5
1596	5
1597	5
1598	5
1599	5
1600	5
1601	5
1602	8
1603	8
1604	8
1605	8
1606	8
1607	8
1608	8
1609	8
1610	8
1611	8
1612	8
1613	8
1614	8
1615	8
1616	8
1617	8
1618	13
1619	13
1620	13
1621	13
1622	13
1623	13
1624	13
1625	13
1626	13
1627	13
1628	13
1629	7
1630	8
1631	8
1632	8
1633	8
1634	8
1635	8
1636	8
1637	8
1638	8
1639	7
1640	8
1641	8
1642	8
1643	8
1644	13
1645	13
1646	13
1647	13
1648	13
1649	8
1650	7
1651	8
1652	8
1653	8
1654	8
1655	8
1656	8
1658	8
1659	8
1660	8
1661	8
1662	8
1663	8
1664	8
1665	8
1666	8
1667	8
1668	8
1669	8
1670	8
1671	8
1672	8
1673	13
1674	8
1675	8
1676	8
1677	13
1678	6
1679	6
1680	6
1681	6
1682	6
1683	6
1684	6
1685	3
1686	3
1687	3
1688	3
1689	3
1690	3
1691	3
1692	3
1693	3
1694	3
1695	3
1696	3
1697	3
1698	3
1699	3
1700	3
1701	11
1702	11
1703	11
1704	11
1705	3
1706	3
1707	3
1708	3
1709	11
1710	3
1711	3
1712	3
1713	13
1714	13
1715	13
1716	13
1717	13
1718	13
1719	13
1720	13
1721	13
1722	13
1723	13
1724	13
1725	3
1726	11
1727	3
1728	13
1729	3
1730	11
1731	11
1732	11
1733	3
1734	3
1735	3
1736	11
1737	11
1738	11
1739	11
1740	11
1741	11
1742	9
1743	9
1744	9
1745	9
1746	9
1747	9
1748	9
1749	9
1750	9
1751	9
1752	9
1753	9
1754	9
1755	3
1756	9
1757	13
1758	13
1759	13
1760	13
1761	9
1762	9
1763	9
1764	9
1765	9
1766	9
1767	9
1768	9
1769	9
1770	9
1771	9
1772	9
1773	9
1774	13
1775	13
1776	13
1777	13
1778	13
1779	13
1780	13
1781	13
1782	13
1783	13
1784	13
1785	13
1786	13
1787	9
1788	9
1789	9
1790	9
1791	9
1792	9
1793	9
1794	9
1795	13
1796	13
1797	13
1798	13
1799	9
1800	3
1801	3
1802	9
1803	9
1804	9
1805	9
1806	9
1807	9
1808	9
1809	11
1810	11
1811	11
1812	11
1813	11
1814	11
1815	11
1816	11
1817	11
1818	11
1819	11
1820	11
1821	11
1822	11
1823	11
1824	11
1825	11
1826	11
1827	11
1828	11
1829	11
1830	13
1831	13
1832	13
1833	13
1834	13
1835	11
1836	11
1837	13
1838	11
1839	11
1840	2
1841	2
1842	2
1843	2
1844	2
1845	11
1846	11
1847	11
1848	11
1849	11
1850	11
1851	11
1852	11
1853	11
1854	11
1855	11
1856	11
1857	13
1858	13
1859	13
1860	13
1861	13
1862	13
1863	11
1864	11
1865	8
1866	11
1867	11
1868	11
1869	11
1870	11
1871	11
1872	12
1873	12
1874	6
1875	6
1876	12
1877	6
1878	6
1879	6
1880	6
1881	6
1882	12
1883	6
1884	6
1885	6
1886	6
1887	6
1888	12
1889	6
1890	12
1891	6
1892	6
1893	12
1894	12
1895	5
1896	5
1897	5
1898	10
1899	10
1900	10
1901	10
1902	10
1903	10
1904	5
1905	5
1906	5
1907	5
1908	5
1909	5
1910	5
1911	5
1912	5
1913	5
1914	5
1915	5
1916	10
1917	10
1918	10
1919	10
1920	10
1921	10
1922	10
1923	10
1924	5
1925	5
1926	5
1927	5
1928	5
1929	5
1930	5
1931	5
1932	5
1933	5
1934	5
1935	5
1936	5
1937	5
1938	5
1939	5
1940	5
1941	5
1942	5
1943	5
1944	5
1945	5
1946	5
1947	5
1948	5
1949	5
1950	5
1951	5
1952	5
1953	5
1954	5
1955	5
1956	5
1957	5
1958	5
1959	5
1960	5
1961	5
1962	5
1963	5
1964	5
1965	5
1966	5
1967	5
1968	5
1969	5
1970	5
1971	5
1972	5
1973	5
1974	5
1975	5
1976	2
1977	2
1978	2
1979	2
1980	2
1981	2
1982	2
1983	2
1984	2
1985	2
1986	2
1987	2
1988	2
1989	2
1990	2
1991	2
1992	2
1993	2
1994	2
1995	2
1996	2
1997	2
1998	2
1999	2
2000	2
2001	2
2002	2
2003	2
2004	2
2005	2
2006	2
2007	2
2008	2
2009	2
2010	2
2011	2
2012	2
2013	2
2014	2
2015	2
2016	2
2017	13
2018	13
2019	13
2020	13
2021	13
2022	13
2023	13
2024	12
2025	13
2026	13
2027	13
2028	13
2029	13
2030	12
2031	12
2032	12
2033	12
2034	12
2035	12
2036	12
2037	12
2038	13
2039	13
2040	13
2041	13
2042	13
2043	13
2044	13
2045	13
2046	12
2047	12
2048	13
2049	13
2050	13
2051	12
2052	12
2053	12
2054	12
2055	12
2056	12
2057	12
2058	2
2059	2
2060	2
2061	2
2062	2
2063	2
2064	2
2065	2
2066	2
2067	2
2068	6
2069	6
2070	6
2071	6
2072	6
2073	13
2074	6
2075	6
2076	6
2077	13
2078	13
2079	6
2080	13
2081	6
2082	6
2083	6
2084	6
2085	6
2086	6
2087	6
2088	6
2089	7
2090	7
2091	7
2092	7
2093	7
2094	7
2095	7
2096	3
2097	3
2098	3
2099	3
2100	3
2101	3
2102	3
2103	3
2104	3
2105	3
2106	3
2107	3
2108	3
2109	3
2110	3
2111	3
2112	3
2113	11
2114	9
2115	9
2116	9
2117	9
2118	11
2119	11
2120	9
2121	9
2122	11
2123	11
2124	13
2125	9
2126	9
2127	9
2128	9
2129	9
2130	11
2131	9
2132	9
2133	11
2134	9
2135	9
2136	11
2137	11
2138	11
2139	11
2140	11
2141	9
2142	11
2143	11
2144	11
2145	11
2146	11
2147	11
2148	11
2149	11
2150	9
2151	9
2152	9
2153	9
2154	9
2155	9
2156	11
2157	9
2158	9
2159	11
2160	9
2161	9
2162	11
2163	11
2164	11
2165	11
2166	9
2167	11
2168	11
2169	9
2170	9
2171	9
2172	9
2173	9
2174	11
2175	11
2176	11
2177	11
2178	9
2179	9
2180	11
2181	11
2182	9
2183	9
2184	9
2185	9
2186	9
2187	9
2188	11
2189	9
2190	9
2191	9
2192	9
2193	9
2194	11
2195	9
2196	11
2197	11
2198	9
2199	11
2200	9
2201	11
2202	11
2203	9
2204	9
2205	9
2206	9
2207	9
2208	9
2209	9
2210	9
2211	9
2212	9
2213	9
2214	9
2215	11
2216	11
2217	9
2218	9
2219	9
2220	9
2221	9
2222	11
2223	11
2224	9
2225	9
2226	9
2227	9
2228	9
2229	11
2230	11
2231	11
2232	9
2233	11
2234	11
2235	9
2236	11
2237	11
2238	11
2239	9
2240	9
2241	11
2242	11
2243	11
2244	11
2245	11
2246	9
2247	11
2248	11
2249	9
2250	9
2251	9
2252	9
2253	11
2254	11
2255	11
2256	11
2257	9
2258	9
2259	9
2260	9
2261	11
2262	9
2263	9
2264	9
2265	11
2266	11
2267	9
2268	9
2269	11
2270	11
2271	9
2272	9
2273	9
2274	9
2275	9
2276	9
2277	11
2278	11
2279	11
2280	9
2281	9
2282	11
2283	11
2284	13
2285	13
2286	9
2287	9
2288	9
2289	9
2290	9
2291	9
2292	9
2293	9
2294	9
2295	9
2296	9
2297	11
2298	11
2299	11
2300	11
2301	9
2302	11
2303	11
2304	11
2305	9
2306	9
2307	9
2308	9
2309	13
2310	13
2311	13
2312	7
2313	7
2314	7
2315	7
2316	7
2317	7
2318	7
2319	7
2320	7
2321	7
2322	7
2323	7
2324	7
2325	7
2326	7
2327	7
2328	7
2329	7
2330	5
2331	5
2332	5
2333	5
2334	5
2335	5
2336	5
2337	5
2338	5
2339	5
2340	5
2341	5
2342	5
2343	5
2344	5
2345	5
2346	7
2347	7
2348	7
2349	7
2350	7
2351	7
2352	7
2353	7
2354	7
2355	7
2356	7
2357	7
2358	7
2359	7
2360	7
2361	7
2362	7
2363	7
2364	7
2365	7
2366	8
2367	8
2368	8
2369	8
2370	8
2371	8
2372	8
2373	8
2374	8
2375	8
2376	8
2377	8
2378	8
2379	8
2380	8
2381	8
2382	8
2383	8
2384	8
2385	8
2386	8
2387	8
2388	8
2389	8
2390	8
2391	8
2392	8
2393	8
2394	8
2395	8
2396	8
2397	8
2398	8
2399	8
2400	8
2401	8
2402	8
2403	8
2404	8
2405	8
2406	8
2407	8
2408	8
2409	8
2410	8
2411	8
2412	8
2413	8
2414	8
2415	1
2416	4
2417	4
2418	1
2419	1
2420	1
2421	1
2422	1
2423	1
2424	1
2425	1
2426	1
2427	1
2428	1
2429	1
2430	1
2431	1
2432	1
2433	1
2434	1
2435	1
2436	1
2437	1
2438	1
2439	1
2440	1
2441	1
2442	1
2443	1
2444	1
2445	1
2446	1
2447	1
2448	1
2449	1
2450	1
2451	1
2452	1
2453	1
2454	1
2455	1
2456	1
2457	1
2458	1
2459	1
2460	1
2461	1
2462	1
2463	1
2464	1
2465	1
2466	1
2467	1
2468	1
2469	1
2470	1
2471	1
2472	1
2473	1
2474	1
2475	1
2476	1
2477	1
2478	1
2479	1
2480	1
2481	1
2482	1
2483	1
2484	1
2485	1
2486	1
2487	1
2488	1
2489	1
2490	1
2491	1
2492	1
2493	1
2494	1
2495	1
2496	4
2497	4
2498	4
2499	4
2500	1
2501	1
2502	1
2503	4
2504	4
2505	4
2506	4
2507	4
2508	4
2509	4
2510	4
2511	4
2512	4
2513	4
2514	4
2515	1
2516	1
2517	1
2518	1
2519	1
2520	1
2521	1
2522	1
2523	1
2524	1
2525	1
2526	1
2527	1
2528	1
2529	1
2530	1
2531	1
2532	1
2533	1
2534	1
2535	1
2536	1
2537	1
2538	1
2539	1
2540	1
2541	1
2542	1
2543	1
2544	1
2545	1
2546	1
2547	1
2548	1
2549	1
2550	1
2551	1
2552	1
2553	1
2554	1
2555	1
2556	1
2557	1
2558	4
2559	4
2560	4
2561	4
2562	4
2563	1
2564	1
2565	1
2566	1
2567	1
2568	1
2569	4
2570	4
2571	4
2572	4
2573	4
2574	1
2575	1
2576	1
2577	1
2578	1
2579	1
2580	1
2581	1
2582	1
2583	1
2584	1
2585	1
2586	1
2587	1
2588	4
2589	4
2590	1
2591	4
2592	4
2593	4
2594	1
2595	1
2596	1
2597	4
2598	4
2599	1
2600	1
2601	1
2602	1
2603	1
2604	1
2605	1
2606	6
2607	6
2608	6
2609	6
2610	6
2611	6
2612	6
2613	6
2614	6
2615	6
2616	6
2617	6
2618	6
2619	6
2620	6
2621	6
2622	6
2623	6
2624	6
2625	6
2626	6
2627	6
2628	6
2629	6
2630	6
2631	6
2632	6
2633	6
2634	6
2635	6
2636	6
2637	6
2638	6
2639	6
2640	2
2641	2
2642	2
2643	12
2644	12
2645	2
2646	2
2647	2
2648	2
2649	2
2650	12
2651	2
2652	2
2653	2
2654	2
2655	2
2656	12
2657	12
2658	12
2659	2
2660	12
2661	12
2662	12
2663	2
2664	2
2665	2
2666	2
2667	2
2668	2
2669	2
2670	2
2671	2
2672	12
2673	2
2674	12
2675	12
2676	2
2677	2
2678	12
2679	2
2680	2
2681	2
2682	2
2683	2
2684	2
2685	2
2686	2
2687	2
2688	5
2689	5
2690	5
2691	5
315	7
1657	8
