0	4
1	4
2	4
3	4
4	4
5	4
6	4
7	13
8	13
9	13
10	13
11	13
12	13
13	13
14	13
15	13
16	13
17	13
18	7
19	3
20	3
21	11
22	11
23	11
24	11
25	11
26	11
27	11
28	11
29	7
30	7
31	7
32	7
33	7
34	7
35	7
36	7
37	7
38	7
39	7
40	7
41	7
42	7
43	7
44	7
45	7
46	7
47	7
48	7
49	3
50	3
51	3
52	3
53	7
54	7
55	7
56	7
57	7
58	3
59	3
60	3
61	3
62	3
63	3
64	3
65	7
66	7
67	7
68	7
69	7
70	7
71	11
72	11
73	11
74	11
75	3
76	3
77	3
78	3
79	3
80	3
81	3
82	3
83	1
84	1
85	1
86	1
87	1
88	1
89	1
90	1
91	1
92	1
93	1
94	1
95	1
96	13
97	13
98	13
99	13
100	13
101	13
102	13
103	13
104	13
105	13
106	13
107	13
108	13
109	13
110	13
111	13
112	13
113	13
114	13
115	13
116	13
117	13
118	13
119	13
120	13
121	13
122	13
123	13
124	13
125	13
126	13
127	13
128	13
129	9
130	9
131	9
132	9
133	9
134	9
135	9
136	9
137	9
138	9
139	9
140	9
141	9
142	9
143	9
144	9
145	9
146	9
147	9
148	9
149	9
150	9
151	9
152	9
153	9
154	9
155	9
156	9
157	9
158	9
159	9
160	9
161	9
162	9
163	9
164	9
165	9
166	1
167	1
168	1
169	1
170	1
171	1
172	1
173	1
174	1
175	1
176	1
177	1
178	1
179	1
180	1
181	1
182	1
183	4
184	4
185	4
186	4
187	4
188	4
189	4
190	4
191	4
192	4
193	4
194	4
195	4
196	4
197	4
198	4
199	4
200	4
201	4
202	4
203	4
204	4
205	4
206	4
207	4
208	11
209	11
210	11
211	11
212	11
213	11
214	11
215	11
216	11
217	11
218	11
219	11
220	11
221	11
222	11
223	11
224	11
225	11
226	6
227	6
228	6
229	6
230	6
231	6
232	6
233	6
234	6
235	6
236	11
237	11
238	11
239	11
240	11
241	11
242	11
243	11
244	11
245	11
246	11
247	11
248	4
249	4
250	4
251	4
252	4
253	4
254	4
255	4
256	4
257	4
258	4
259	4
260	4
261	11
262	11
263	11
264	11
265	11
266	11
267	11
268	6
269	6
270	6
271	11
272	11
273	11
274	11
275	11
276	11
277	11
278	6
279	6
280	6
281	6
282	6
283	6
284	6
285	6
286	6
287	6
288	6
289	6
290	6
291	6
292	6
293	6
294	6
295	6
296	6
297	6
298	6
299	6
300	6
301	6
302	4
303	4
304	4
305	4
306	8
307	8
308	8
309	8
310	8
311	8
312	8
313	8
314	8
316	7
317	7
318	7
319	7
320	7
321	7
322	7
323	7
324	7
325	7
326	7
327	7
328	7
329	7
330	7
331	8
332	8
333	8
334	8
335	8
336	8
337	7
338	7
339	7
340	8
341	8
342	8
343	8
344	8
345	8
346	8
347	8
348	8
349	8
350	8
351	8
352	8
353	8
354	8
355	8
356	9
357	9
358	9
359	9
360	9
361	9
362	9
363	9
364	9
365	9
366	9
367	9
368	9
369	8
370	8
371	8
372	8
373	8
374	8
375	8
376	8
377	8
378	8
379	8
380	8
381	8
382	8
383	8
384	8
385	8
386	8
387	8
388	8
389	7
390	7
391	7
392	7
393	7
394	8
395	8
396	8
397	8
398	7
399	7
400	7
401	7
402	7
403	11
404	11
405	11
406	11
407	11
408	11
409	3
410	3
411	3
412	3
413	3
414	3
415	3
416	3
417	3
418	7
419	7
420	3
421	3
422	3
423	7
424	3
425	1
426	1
427	1
428	1
429	1
430	1
431	1
432	1
433	7
434	3
435	3
436	7
437	3
438	3
439	3
440	3
441	3
442	3
443	3
444	7
445	3
446	1
447	1
448	1
449	1
450	1
451	3
452	3
453	3
454	1
455	1
456	1
457	3
458	3
459	3
460	3
461	3
462	3
463	1
464	1
465	1
466	1
467	1
468	1
469	1
470	1
471	1
472	1
473	7
474	3
475	6
476	6
477	9
478	9
479	9
480	9
481	9
482	9
483	9
484	11
485	11
486	9
487	9
488	9
489	6
490	6
491	6
492	6
493	6
494	6
495	9
496	9
497	9
498	11
499	9
500	9
501	9
502	11
503	9
504	9
505	9
506	11
507	11
508	11
509	11
510	11
511	11
512	11
513	11
514	11
515	11
516	11
517	11
518	11
519	11
520	11
521	11
522	2
523	2
524	2
525	2
526	4
527	4
528	1
529	1
530	2
531	1
532	1
533	2
534	2
535	1
536	1
537	1
538	4
539	4
540	4
541	4
542	4
543	4
544	4
545	4
546	4
547	4
548	4
549	4
550	4
551	4
552	4
553	4
554	4
555	4
556	4
557	4
558	4
559	11
560	11
561	11
562	11
563	11
564	11
565	4
566	4
567	4
568	4
569	4
570	2
571	2
572	2
573	2
574	2
575	2
576	2
577	2
578	2
579	2
580	2
581	4
582	4
583	4
584	4
585	4
586	4
587	6
588	6
589	6
590	6
591	6
592	11
593	11
594	6
595	11
596	6
597	6
598	6
599	11
600	11
601	6
602	11
603	4
604	4
605	4
606	4
607	4
608	4
609	4
610	4
611	4
612	4
613	4
614	4
615	4
616	4
617	6
618	11
619	11
620	6
621	6
622	6
623	6
624	6
625	6
626	6
627	6
628	11
629	11
630	11
631	6
632	6
633	6
634	6
635	6
636	6
637	6
638	6
639	4
640	4
641	4
642	4
643	4
644	4
645	4
646	4
647	4
648	4
649	4
650	4
651	4
652	4
653	4
654	4
655	4
656	4
657	6
658	1
659	6
660	6
661	3
662	3
663	3
664	3
665	3
666	3
667	3
668	3
669	3
670	11
671	11
672	11
673	11
674	11
675	11
676	11
677	11
678	11
679	11
680	3
681	3
682	3
683	3
684	3
685	3
686	3
687	3
688	3
689	3
690	3
691	3
692	3
693	3
694	3
695	3
696	3
697	11
698	11
699	11
700	11
701	11
702	11
703	11
704	11
705	11
706	9
707	11
708	11
709	9
710	11
711	11
712	11
713	11
714	3
715	3
716	11
717	11
718	11
719	11
720	11
721	11
722	11
723	11
724	11
725	11
726	11
727	11
728	11
729	11
730	11
731	11
732	7
733	7
734	7
735	7
736	7
737	1
738	1
739	1
740	1
741	1
742	1
743	1
744	6
745	7
746	7
747	7
748	7
749	7
750	7
751	7
752	7
753	7
754	7
755	7
756	7
757	7
758	7
759	7
760	7
761	7
762	7
763	7
764	7
765	7
766	6
767	1
768	1
769	1
770	7
771	7
772	1
773	1
774	1
775	1
776	1
777	1
778	1
779	1
780	1
781	1
782	1
783	1
784	1
785	11
786	1
787	1
788	6
789	1
790	6
791	11
792	11
793	11
794	11
795	11
796	11
797	11
798	11
799	11
800	11
801	1
802	6
803	6
804	6
805	11
806	11
807	11
808	6
809	1
810	1
811	5
812	13
813	5
814	13
815	5
816	5
817	5
818	13
819	13
820	13
821	13
822	5
823	5
824	5
825	5
826	5
827	5
828	5
829	13
830	5
831	5
832	5
833	5
834	13
835	13
836	5
837	13
838	5
839	5
840	13
841	5
842	13
843	13
844	5
845	5
846	5
847	13
848	5
849	5
850	13
851	13
852	5
853	5
854	13
855	5
856	13
857	13
858	4
859	4
860	4
861	4
862	4
863	4
864	4
865	4
866	4
867	4
868	4
869	4
870	4
871	5
872	5
873	5
874	5
875	13
876	5
877	5
878	5
879	5
880	5
881	5
882	5
883	13
884	5
885	13
886	5
887	5
888	13
889	5
890	5
891	5
892	13
893	13
894	13
895	13
896	5
897	5
898	5
899	13
900	5
901	13
902	5
903	5
904	5
905	13
906	5
907	5
908	13
909	5
910	13
911	13
912	13
913	5
914	5
915	5
916	5
917	5
918	5
919	5
920	13
921	13
922	13
923	13
924	5
925	13
926	5
927	5
928	5
929	5
930	13
931	13
932	5
933	13
934	5
935	5
936	5
937	5
938	5
939	5
940	5
941	5
942	13
943	5
944	13
945	13
946	5
947	13
948	5
949	13
950	5
951	13
952	13
953	5
954	13
955	5
956	13
957	5
958	13
959	5
960	5
961	5
962	13
963	5
964	13
965	5
966	5
967	5
968	5
969	5
970	5
971	5
972	5
973	13
974	13
975	13
976	5
977	13
978	5
979	5
980	5
981	5
982	7
983	7
984	13
985	9
986	9
987	9
988	9
989	9
990	9
991	9
992	9
993	9
994	9
995	9
996	9
997	9
998	9
999	9
1000	9
1001	9
1002	9
1003	9
1004	9
1005	9
1006	9
1007	7
1008	13
1009	9
1010	13
1011	13
1012	13
1013	13
1014	7
1015	7
1016	7
1017	13
1018	13
1019	13
1020	7
1021	7
1022	13
1023	7
1024	7
1025	7
1026	7
1027	13
1028	7
1029	7
1030	7
1031	13
1032	7
1033	7
1034	7
1035	7
1036	7
1037	13
1038	7
1039	13
1040	7
1041	13
1042	13
1043	7
1044	7
1045	7
1046	7
1047	13
1048	13
1049	13
1050	7
1051	13
1052	13
1053	7
1054	13
1055	7
1056	13
1057	13
1058	13
1059	7
1060	13
1061	13
1062	13
1063	13
1064	7
1065	13
1066	13
1067	13
1068	13
1069	7
1070	13
1071	7
1072	7
1073	7
1074	7
1075	4
1076	4
1077	4
1078	4
1079	4
1080	4
1081	4
1082	4
1083	4
1084	4
1085	4
1086	4
1087	6
1088	6
1089	6
1090	6
1091	6
1092	6
1093	6
1094	11
1095	11
1096	11
1097	11
1098	11
1099	11
1100	11
1101	11
1102	11
1103	11
1104	11
1105	11
1106	11
1107	8
1108	8
1109	8
1110	8
1111	8
1112	8
1113	8
1114	8
1115	8
1116	8
1117	8
1118	8
1119	8
1120	8
1121	8
1122	8
1123	8
1124	8
1125	8
1126	8
1127	8
1128	8
1129	8
1130	8
1131	8
1132	8
1133	8
1134	8
1135	8
1136	5
1137	5
1138	5
1139	5
1140	8
1141	8
1142	8
1143	8
1144	8
1145	8
1146	8
1147	8
1148	8
1149	8
1150	8
1151	8
1152	8
1153	8
1154	8
1155	8
1156	8
1157	8
1158	8
1159	8
1160	8
1161	8
1162	8
1163	8
1164	8
1165	8
1166	8
1167	8
1168	8
1169	7
1170	13
1171	13
1172	13
1173	13
1174	7
1175	13
1176	7
1177	13
1178	13
1179	13
1180	13
1181	13
1182	7
1183	13
1184	13
1185	13
1186	13
1187	7
1188	7
1189	7
1190	13
1191	13
1192	13
1193	7
1194	13
1195	7
1196	13
1197	13
1198	13
1199	7
1200	5
1201	5
1202	5
1203	5
1204	5
1205	5
1206	5
1207	5
1208	5
1209	5
1210	5
1211	5
1212	5
1213	5
1214	5
1215	5
1216	5
1217	5
1218	5
1219	5
1220	5
1221	5
1222	5
1223	5
1224	5
1225	5
1226	5
1227	5
1228	5
1229	5
1230	5
1231	5
1232	5
1233	5
1234	5
1235	5
1236	5
1237	5
1238	5
1239	5
1240	6
1241	6
1242	6
1243	6
1244	6
1245	6
1246	6
1247	6
1248	6
1249	6
1250	6
1251	6
1252	6
1253	3
1254	3
1255	3
1256	3
1257	3
1258	6
1259	6
1260	6
1261	6
1262	6
1263	6
1264	3
1265	3
1266	3
1267	3
1268	3
1269	3
1270	3
1271	3
1272	3
1273	3
1274	3
1275	3
1276	3
1277	3
1278	8
1279	8
1280	8
1281	6
1282	6
1283	6
1284	3
1285	3
1286	3
1287	3
1288	8
1289	8
1290	8
1291	8
1292	8
1293	8
1294	8
1295	8
1296	8
1297	8
1298	8
1299	8
1300	8
1301	8
1302	8
1303	4
1304	4
1305	4
1306	4
1307	4
1308	4
1309	4
1310	4
1311	4
1312	4
1313	4
1314	5
1315	5
1316	5
1317	5
1318	5
1319	5
1320	5
1321	5
1322	5
1323	5
1324	5
1325	5
1326	5
1327	5
1328	5
1329	5
1330	5
1331	5
1332	5
1333	5
1334	5
1335	5
1336	5
1337	5
1338	5
1339	5
1340	5
1341	5
1342	5
1343	5
1344	5
1345	5
1346	3
1347	3
1348	3
1349	3
1350	3
1351	3
1352	3
1353	3
1354	3
1355	3
1356	3
1357	3
1358	3
1359	3
1360	3
1361	3
1362	3
1363	5
1364	5
1365	5
1366	5
1367	5
1368	5
1369	5
1370	5
1371	5
1372	5
1373	5
1374	5
1375	5
1376	5
1377	5
1378	5
1379	5
1380	5
1381	8
1382	11
1383	11
1384	11
1385	11
1386	11
1387	11
1388	11
1389	11
1390	11
1391	11
1392	11
1393	11
1394	11
1395	11
1396	8
1397	3
1398	3
1399	3
1400	3
1401	3
1402	3
1403	3
1404	3
1405	3
1406	3
1407	3
1408	3
1409	3
1410	3
1411	3
1412	3
1413	3
1414	3
1415	3
1416	3
1417	3
1418	3
1419	3
1420	3
1421	3
1422	3
1423	3
1424	3
1425	3
1426	3
1427	3
1428	2
1429	2
1430	2
1431	2
1432	2
1433	2
1434	2
1435	2
1436	2
1437	2
1438	2
1439	2
1440	2
1441	13
1442	13
1443	13
1444	13
1445	13
1446	13
1447	13
1448	13
1449	13
1450	13
1451	13
1452	13
1453	13
1454	13
1455	2
1456	2
1457	2
1458	2
1459	2
1460	2
1461	2
1462	2
1463	2
1464	2
1465	11
1466	11
1467	11
1468	11
1469	11
1470	11
1471	11
1472	11
1473	11
1474	11
1475	11
1476	11
1477	11
1478	11
1479	11
1480	11
1481	11
1482	11
1483	11
1484	11
1485	11
1486	11
1487	11
1488	11
1489	7
1490	7
1491	7
1492	7
1493	7
1494	7
1495	7
1496	7
1497	7
1498	7
1499	7
1500	7
1501	3
1502	3
1503	3
1504	3
1505	3
1506	3
1507	4
1508	3
1509	4
1510	3
1511	3
1512	3
1513	3
1514	3
1515	3
1516	3
1517	3
1518	3
1519	3
1520	3
1521	3
1522	3
1523	4
1524	4
1525	4
1526	3
1527	3
1528	3
1529	1
1530	1
1531	1
1532	1
1533	1
1534	1
1535	1
1536	1
1537	1
1538	1
1539	1
1540	1
1541	1
1542	1
1543	1
1544	1
1545	1
1546	1
1547	1
1548	1
1549	1
1550	1
1551	1
1552	1
1553	1
1554	5
1555	5
1556	5
1557	5
1558	1
1559	1
1560	1
1561	1
1562	1
1563	1
1564	1
1565	1
1566	5
1567	1
1568	1
1569	1
1570	1
1571	1
1572	1
1573	1
1574	1
1575	1
1576	7
1577	7
1578	7
1579	7
1580	7
1581	7
1582	7
1583	7
1584	7
1585	7
1586	7
1587	7
1588	7
1589	7
1590	7
1591	7
1592	7
1593	4
1594	4
1595	4
1596	4
1597	4
1598	4
1599	4
1600	4
1601	4
1602	1
1603	1
1604	2
1605	1
1606	1
1607	1
1608	1
1609	1
1610	1
1611	1
1612	1
1613	1
1614	1
1615	1
1616	1
1617	1
1618	11
1619	11
1620	11
1621	11
1622	11
1623	11
1624	11
1625	11
1626	11
1627	11
1628	11
1629	13
1630	13
1631	13
1632	13
1633	13
1634	13
1635	13
1636	13
1637	13
1638	13
1639	13
1640	13
1641	13
1642	13
1643	13
1644	11
1645	11
1646	11
1647	11
1648	11
1649	13
1650	13
1651	13
1652	13
1653	13
1654	13
1655	13
1656	13
1658	13
1659	13
1660	13
1661	13
1662	13
1663	13
1664	13
1665	13
1666	13
1667	13
1668	13
1669	13
1670	13
1671	13
1672	13
1673	11
1674	13
1675	13
1676	13
1677	11
1678	6
1679	6
1680	6
1681	6
1682	6
1683	6
1684	6
1685	7
1686	7
1687	7
1688	7
1689	7
1690	7
1691	7
1692	7
1693	7
1694	7
1695	7
1696	7
1697	7
1698	7
1699	7
1700	7
1701	3
1702	3
1703	2
1704	2
1705	7
1706	7
1707	7
1708	7
1709	3
1710	7
1711	7
1712	7
1713	11
1714	11
1715	11
1716	11
1717	11
1718	11
1719	11
1720	11
1721	11
1722	11
1723	11
1724	11
1725	7
1726	7
1727	7
1728	11
1729	7
1730	7
1731	7
1732	7
1733	7
1734	7
1735	7
1736	3
1737	3
1738	3
1739	3
1740	3
1741	7
1742	3
1743	3
1744	12
1745	3
1746	3
1747	12
1748	3
1749	12
1750	12
1751	3
1752	3
1753	3
1754	3
1755	3
1756	12
1757	11
1758	11
1759	11
1760	11
1761	3
1762	3
1763	3
1764	12
1765	3
1766	3
1767	12
1768	3
1769	3
1770	3
1771	3
1772	12
1773	3
1774	11
1775	11
1776	11
1777	11
1778	11
1779	11
1780	11
1781	11
1782	11
1783	11
1784	11
1785	11
1786	11
1787	12
1788	3
1789	3
1790	3
1791	12
1792	3
1793	3
1794	12
1795	11
1796	11
1797	11
1798	11
1799	3
1800	3
1801	3
1802	3
1803	12
1804	12
1805	3
1806	12
1807	3
1808	12
1809	2
1810	2
1811	2
1812	2
1813	2
1814	2
1815	2
1816	2
1817	2
1818	2
1819	2
1820	2
1821	2
1822	2
1823	2
1824	2
1825	2
1826	2
1827	2
1828	2
1829	2
1830	11
1831	11
1832	11
1833	11
1834	11
1835	2
1836	2
1837	11
1838	2
1839	2
1840	5
1841	5
1842	5
1843	5
1844	5
1845	2
1846	2
1847	2
1848	2
1849	2
1850	2
1851	2
1852	2
1853	2
1854	2
1855	2
1856	2
1857	11
1858	11
1859	11
1860	11
1861	11
1862	11
1863	2
1864	2
1865	2
1866	2
1867	2
1868	2
1869	2
1870	2
1871	2
1872	6
1873	6
1874	6
1875	6
1876	6
1877	6
1878	6
1879	6
1880	6
1881	6
1882	6
1883	6
1884	6
1885	6
1886	6
1887	6
1888	6
1889	6
1890	6
1891	6
1892	6
1893	6
1894	6
1895	4
1896	4
1897	4
1898	8
1899	8
1900	8
1901	8
1902	8
1903	8
1904	4
1905	4
1906	4
1907	4
1908	4
1909	4
1910	4
1911	4
1912	4
1913	4
1914	4
1915	4
1916	8
1917	8
1918	8
1919	8
1920	8
1921	8
1922	8
1923	8
1924	4
1925	4
1926	4
1927	4
1928	4
1929	4
1930	4
1931	4
1932	4
1933	4
1934	4
1935	4
1936	4
1937	4
1938	4
1939	4
1940	4
1941	4
1942	4
1943	4
1944	4
1945	4
1946	4
1947	4
1948	4
1949	4
1950	4
1951	4
1952	4
1953	4
1954	4
1955	4
1956	4
1957	4
1958	4
1959	4
1960	4
1961	4
1962	4
1963	4
1964	4
1965	4
1966	4
1967	4
1968	4
1969	4
1970	4
1971	4
1972	4
1973	4
1974	4
1975	4
1976	1
1977	1
1978	1
1979	1
1980	1
1981	1
1982	1
1983	1
1984	1
1985	1
1986	1
1987	1
1988	1
1989	1
1990	1
1991	1
1992	1
1993	1
1994	1
1995	1
1996	1
1997	1
1998	1
1999	1
2000	1
2001	1
2002	1
2003	1
2004	1
2005	1
2006	1
2007	1
2008	1
2009	1
2010	1
2011	1
2012	1
2013	1
2014	1
2015	1
2016	1
2017	6
2018	6
2019	6
2020	6
2021	6
2022	6
2023	6
2024	1
2025	6
2026	6
2027	6
2028	6
2029	6
2030	1
2031	1
2032	1
2033	1
2034	1
2035	1
2036	1
2037	6
2038	11
2039	11
2040	11
2041	11
2042	11
2043	6
2044	6
2045	6
2046	1
2047	1
2048	11
2049	11
2050	6
2051	1
2052	1
2053	6
2054	6
2055	1
2056	6
2057	1
2058	1
2059	1
2060	1
2061	1
2062	1
2063	1
2064	1
2065	1
2066	1
2067	1
2068	6
2069	6
2070	6
2071	6
2072	6
2073	6
2074	6
2075	6
2076	6
2077	6
2078	6
2079	6
2080	6
2081	6
2082	6
2083	6
2084	6
2085	6
2086	6
2087	6
2088	6
2089	7
2090	7
2091	7
2092	7
2093	7
2094	7
2095	7
2096	4
2097	4
2098	4
2099	4
2100	4
2101	4
2102	4
2103	4
2104	3
2105	4
2106	4
2107	4
2108	4
2109	4
2110	4
2111	4
2112	4
2113	12
2114	12
2115	12
2116	12
2117	12
2118	2
2119	2
2120	12
2121	12
2122	12
2123	2
2124	11
2125	12
2126	12
2127	12
2128	12
2129	12
2130	12
2131	12
2132	12
2133	2
2134	12
2135	12
2136	12
2137	2
2138	2
2139	12
2140	2
2141	12
2142	12
2143	12
2144	12
2145	12
2146	2
2147	2
2148	12
2149	12
2150	12
2151	12
2152	12
2153	12
2154	12
2155	12
2156	12
2157	12
2158	12
2159	12
2160	12
2161	12
2162	12
2163	12
2164	2
2165	2
2166	12
2167	12
2168	12
2169	12
2170	12
2171	12
2172	12
2173	12
2174	2
2175	2
2176	2
2177	2
2178	12
2179	12
2180	2
2181	2
2182	12
2183	12
2184	12
2185	12
2186	12
2187	12
2188	2
2189	12
2190	12
2191	12
2192	12
2193	12
2194	2
2195	12
2196	2
2197	2
2198	12
2199	2
2200	12
2201	12
2202	12
2203	12
2204	12
2205	12
2206	12
2207	12
2208	12
2209	12
2210	12
2211	12
2212	12
2213	12
2214	12
2215	2
2216	2
2217	12
2218	12
2219	12
2220	12
2221	12
2222	12
2223	2
2224	12
2225	12
2226	12
2227	12
2228	12
2229	12
2230	2
2231	2
2232	12
2233	2
2234	2
2235	12
2236	2
2237	2
2238	2
2239	12
2240	12
2241	12
2242	2
2243	2
2244	12
2245	2
2246	12
2247	2
2248	2
2249	12
2250	12
2251	12
2252	12
2253	2
2254	2
2255	12
2256	2
2257	12
2258	12
2259	12
2260	12
2261	2
2262	12
2263	12
2264	12
2265	12
2266	12
2267	12
2268	12
2269	2
2270	2
2271	12
2272	12
2273	12
2274	12
2275	12
2276	12
2277	2
2278	12
2279	12
2280	12
2281	12
2282	12
2283	2
2284	6
2285	6
2286	12
2287	12
2288	12
2289	12
2290	12
2291	12
2292	12
2293	12
2294	12
2295	12
2296	12
2297	12
2298	2
2299	2
2300	2
2301	12
2302	2
2303	12
2304	2
2305	12
2306	12
2307	12
2308	12
2309	11
2310	11
2311	11
2312	7
2313	7
2314	7
2315	7
2316	7
2317	7
2318	7
2319	7
2320	7
2321	7
2322	7
2323	7
2324	7
2325	7
2326	7
2327	7
2328	7
2329	7
2330	4
2331	4
2332	4
2333	4
2334	4
2335	4
2336	4
2337	4
2338	4
2339	4
2340	4
2341	4
2342	4
2343	4
2344	4
2345	4
2346	7
2347	7
2348	7
2349	7
2350	7
2351	7
2352	7
2353	7
2354	7
2355	7
2356	7
2357	7
2358	7
2359	7
2360	7
2361	7
2362	7
2363	7
2364	7
2365	7
2366	2
2367	2
2368	2
2369	2
2370	2
2371	2
2372	2
2373	2
2374	2
2375	2
2376	2
2377	2
2378	2
2379	2
2380	2
2381	2
2382	2
2383	2
2384	2
2385	2
2386	2
2387	2
2388	2
2389	2
2390	2
2391	2
2392	2
2393	2
2394	2
2395	2
2396	2
2397	2
2398	2
2399	2
2400	2
2401	2
2402	2
2403	2
2404	2
2405	2
2406	2
2407	2
2408	2
2409	2
2410	2
2411	2
2412	2
2413	2
2414	2
2415	8
2416	8
2417	8
2418	8
2419	10
2420	10
2421	10
2422	10
2423	10
2424	8
2425	10
2426	10
2427	10
2428	10
2429	10
2430	10
2431	10
2432	10
2433	10
2434	10
2435	8
2436	8
2437	10
2438	10
2439	10
2440	10
2441	10
2442	10
2443	10
2444	8
2445	10
2446	10
2447	10
2448	10
2449	10
2450	10
2451	10
2452	10
2453	10
2454	10
2455	10
2456	10
2457	10
2458	10
2459	10
2460	10
2461	10
2462	10
2463	10
2464	10
2465	10
2466	10
2467	10
2468	10
2469	10
2470	10
2471	10
2472	10
2473	10
2474	10
2475	10
2476	10
2477	10
2478	10
2479	10
2480	10
2481	10
2482	10
2483	10
2484	10
2485	10
2486	10
2487	10
2488	10
2489	10
2490	10
2491	10
2492	10
2493	10
2494	10
2495	10
2496	10
2497	10
2498	8
2499	8
2500	10
2501	10
2502	10
2503	8
2504	8
2505	8
2506	8
2507	8
2508	8
2509	8
2510	8
2511	8
2512	8
2513	8
2514	8
2515	10
2516	10
2517	10
2518	10
2519	10
2520	10
2521	10
2522	10
2523	10
2524	10
2525	10
2526	10
2527	10
2528	10
2529	10
2530	10
2531	10
2532	10
2533	10
2534	10
2535	10
2536	10
2537	10
2538	10
2539	10
2540	10
2541	10
2542	10
2543	10
2544	10
2545	10
2546	10
2547	10
2548	10
2549	10
2550	10
2551	10
2552	10
2553	10
2554	10
2555	10
2556	10
2557	10
2558	8
2559	8
2560	8
2561	8
2562	8
2563	10
2564	10
2565	10
2566	10
2567	10
2568	10
2569	10
2570	10
2571	10
2572	10
2573	10
2574	10
2575	10
2576	10
2577	10
2578	10
2579	10
2580	10
2581	10
2582	10
2583	10
2584	10
2585	10
2586	10
2587	10
2588	8
2589	8
2590	10
2591	8
2592	8
2593	8
2594	10
2595	10
2596	10
2597	8
2598	8
2599	8
2600	10
2601	10
2602	10
2603	10
2604	10
2605	10
2606	6
2607	6
2608	6
2609	6
2610	6
2611	6
2612	6
2613	6
2614	6
2615	6
2616	6
2617	6
2618	6
2619	6
2620	6
2621	6
2622	6
2623	6
2624	6
2625	6
2626	6
2627	6
2628	6
2629	6
2630	6
2631	6
2632	6
2633	6
2634	6
2635	6
2636	6
2637	6
2638	6
2639	6
2640	9
2641	9
2642	9
2643	9
2644	9
2645	9
2646	9
2647	9
2648	9
2649	9
2650	9
2651	9
2652	9
2653	9
2654	9
2655	9
2656	9
2657	9
2658	9
2659	9
2660	9
2661	9
2662	9
2663	9
2664	9
2665	9
2666	9
2667	9
2668	9
2669	9
2670	9
2671	9
2672	9
2673	9
2674	9
2675	9
2676	9
2677	9
2678	9
2679	9
2680	9
2681	9
2682	9
2683	9
2684	9
2685	9
2686	9
2687	9
2688	4
2689	4
2690	4
2691	4
315	7
1657	13
