0	12
1	12
2	12
3	12
4	12
5	12
6	12
7	1
8	1
9	1
10	1
11	3
12	3
13	3
14	3
15	3
16	1
17	3
18	1
19	1
20	1
21	11
22	11
23	11
24	11
25	11
26	11
27	11
28	11
29	1
30	1
31	1
32	1
33	1
34	1
35	1
36	1
37	1
38	1
39	1
40	1
41	1
42	1
43	1
44	1
45	1
46	1
47	1
48	1
49	1
50	1
51	1
52	1
53	6
54	6
55	6
56	6
57	6
58	1
59	1
60	1
61	1
62	1
63	1
64	1
65	6
66	6
67	6
68	6
69	6
70	6
71	11
72	11
73	11
74	11
75	1
76	1
77	1
78	1
79	1
80	1
81	1
82	1
83	9
84	9
85	9
86	8
87	8
88	8
89	9
90	9
91	9
92	9
93	9
94	9
95	8
96	3
97	3
98	1
99	3
100	3
101	3
102	1
103	3
104	1
105	1
106	3
107	1
108	1
109	3
110	3
111	3
112	3
113	3
114	1
115	3
116	3
117	3
118	3
119	3
120	3
121	3
122	3
123	1
124	3
125	3
126	3
127	3
128	3
129	2
130	2
131	2
132	2
133	2
134	2
135	2
136	2
137	2
138	2
139	2
140	2
141	2
142	2
143	2
144	2
145	2
146	2
147	2
148	2
149	2
150	2
151	2
152	2
153	2
154	2
155	2
156	2
157	2
158	2
159	2
160	2
161	2
162	2
163	2
164	2
165	2
166	2
167	2
168	2
169	2
170	2
171	2
172	2
173	2
174	2
175	2
176	2
177	2
178	2
179	2
180	2
181	2
182	2
183	13
184	13
185	13
186	13
187	13
188	13
189	13
190	13
191	13
192	13
193	13
194	13
195	13
196	13
197	13
198	13
199	13
200	13
201	13
202	13
203	13
204	13
205	13
206	13
207	13
208	11
209	11
210	11
211	11
212	11
213	11
214	11
215	11
216	11
217	11
218	11
219	11
220	11
221	11
222	11
223	11
224	11
225	11
226	11
227	11
228	11
229	11
230	11
231	11
232	11
233	11
234	11
235	11
236	11
237	11
238	11
239	11
240	11
241	11
242	11
243	11
244	11
245	11
246	11
247	11
248	13
249	13
250	13
251	13
252	13
253	13
254	13
255	13
256	13
257	13
258	13
259	13
260	13
261	7
262	7
263	7
264	7
265	7
266	7
267	7
268	7
269	7
270	7
271	7
272	7
273	7
274	7
275	7
276	7
277	7
278	7
279	7
280	7
281	7
282	7
283	7
284	7
285	7
286	7
287	7
288	7
289	7
290	7
291	7
292	7
293	7
294	7
295	7
296	7
297	7
298	7
299	7
300	7
301	7
302	13
303	13
304	13
305	13
306	5
307	5
308	5
309	5
310	5
311	5
312	5
313	5
314	5
316	3
317	3
318	3
319	3
320	3
321	3
322	3
323	3
324	3
325	3
326	3
327	3
328	3
329	3
330	3
331	5
332	5
333	5
334	5
335	5
336	5
337	3
338	3
339	3
340	5
341	5
342	5
343	5
344	5
345	5
346	5
347	5
348	5
349	5
350	5
351	5
352	5
353	5
354	5
355	5
356	10
357	2
358	10
359	2
360	2
361	10
362	2
363	2
364	10
365	10
366	2
367	10
368	10
369	5
370	5
371	5
372	5
373	5
374	5
375	5
376	5
377	5
378	5
379	5
380	5
381	5
382	5
383	5
384	5
385	5
386	5
387	5
388	5
389	3
390	3
391	3
392	3
393	3
394	5
395	5
396	5
397	5
398	3
399	3
400	3
401	3
402	3
403	11
404	11
405	11
406	11
407	11
408	11
409	1
410	1
411	1
412	1
413	1
414	1
415	1
416	1
417	1
418	1
419	1
420	1
421	1
422	1
423	1
424	1
425	2
426	2
427	2
428	2
429	2
430	2
431	2
432	2
433	1
434	1
435	1
436	1
437	1
438	1
439	1
440	1
441	1
442	1
443	1
444	1
445	1
446	2
447	2
448	2
449	2
450	2
451	1
452	1
453	1
454	2
455	2
456	2
457	1
458	1
459	1
460	1
461	1
462	1
463	2
464	2
465	2
466	2
467	2
468	2
469	2
470	2
471	2
472	2
473	1
474	1
475	7
476	7
477	2
478	2
479	2
480	2
481	2
482	2
483	2
484	11
485	11
486	2
487	2
488	2
489	7
490	7
491	7
492	7
493	7
494	7
495	2
496	2
497	2
498	11
499	2
500	2
501	2
502	11
503	2
504	2
505	2
506	11
507	11
508	11
509	11
510	11
511	11
512	11
513	11
514	11
515	11
516	11
517	11
518	11
519	11
520	11
521	11
522	9
523	9
524	9
525	9
526	13
527	13
528	9
529	9
530	9
531	9
532	9
533	9
534	9
535	9
536	9
537	9
538	13
539	13
540	13
541	13
542	13
543	13
544	13
545	13
546	13
547	13
548	13
549	13
550	13
551	13
552	13
553	13
554	13
555	13
556	13
557	13
558	13
559	7
560	7
561	7
562	7
563	7
564	7
565	13
566	13
567	13
568	13
569	13
570	9
571	9
572	9
573	9
574	9
575	9
576	9
577	9
578	9
579	9
580	9
581	13
582	13
583	13
584	13
585	13
586	13
587	11
588	11
589	11
590	11
591	11
592	11
593	11
594	7
595	11
596	7
597	11
598	7
599	11
600	11
601	11
602	11
603	13
604	13
605	13
606	13
607	13
608	13
609	13
610	13
611	13
612	13
613	13
614	13
615	13
616	13
617	11
618	11
619	11
620	7
621	7
622	7
623	7
624	7
625	7
626	11
627	7
628	11
629	11
630	11
631	11
632	11
633	11
634	7
635	11
636	11
637	11
638	7
639	13
640	13
641	13
642	13
643	13
644	13
645	13
646	13
647	13
648	13
649	13
650	13
651	13
652	13
653	13
654	13
655	13
656	13
657	7
658	2
659	7
660	7
661	1
662	1
663	1
664	1
665	1
666	1
667	1
668	1
669	1
670	11
671	11
672	11
673	11
674	11
675	11
676	11
677	2
678	2
679	2
680	1
681	1
682	1
683	1
684	1
685	1
686	1
687	1
688	1
689	1
690	1
691	1
692	1
693	1
694	1
695	1
696	1
697	11
698	11
699	2
700	11
701	11
702	2
703	11
704	2
705	2
706	2
707	11
708	11
709	2
710	11
711	11
712	11
713	11
714	1
715	1
716	7
717	7
718	11
719	11
720	11
721	7
722	7
723	7
724	7
725	7
726	7
727	7
728	7
729	7
730	7
731	7
732	3
733	3
734	3
735	1
736	1
737	2
738	2
739	2
740	2
741	2
742	2
743	7
744	7
745	3
746	3
747	3
748	1
749	1
750	1
751	3
752	3
753	3
754	3
755	3
756	1
757	1
758	1
759	3
760	3
761	3
762	1
763	1
764	1
765	1
766	7
767	2
768	2
769	2
770	1
771	1
772	2
773	2
774	2
775	2
776	7
777	7
778	2
779	2
780	2
781	2
782	2
783	2
784	2
785	11
786	2
787	7
788	7
789	2
790	7
791	11
792	11
793	11
794	11
795	11
796	11
797	11
798	11
799	11
800	11
801	7
802	7
803	7
804	7
805	11
806	11
807	11
808	7
809	7
810	2
811	6
812	8
813	6
814	6
815	6
816	6
817	6
818	8
819	8
820	8
821	6
822	6
823	6
824	6
825	6
826	6
827	8
828	8
829	6
830	6
831	6
832	6
833	6
834	6
835	6
836	6
837	6
838	6
839	6
840	6
841	6
842	6
843	6
844	6
845	6
846	6
847	6
848	8
849	8
850	8
851	8
852	6
853	6
854	6
855	6
856	8
857	8
858	13
859	13
860	13
861	13
862	13
863	13
864	13
865	13
866	13
867	13
868	13
869	13
870	13
871	6
872	6
873	6
874	6
875	6
876	6
877	6
878	6
879	6
880	8
881	6
882	6
883	6
884	6
885	6
886	6
887	6
888	6
889	6
890	8
891	8
892	8
893	6
894	6
895	6
896	6
897	6
898	8
899	8
900	8
901	8
902	6
903	6
904	6
905	6
906	6
907	8
908	8
909	6
910	8
911	8
912	8
913	8
914	6
915	6
916	6
917	6
918	8
919	8
920	8
921	8
922	8
923	8
924	8
925	6
926	6
927	6
928	6
929	6
930	6
931	6
932	8
933	8
934	8
935	6
936	6
937	6
938	8
939	8
940	8
941	8
942	6
943	8
944	8
945	8
946	6
947	6
948	6
949	6
950	8
951	8
952	8
953	8
954	8
955	8
956	8
957	6
958	6
959	6
960	8
961	8
962	6
963	6
964	6
965	6
966	8
967	8
968	8
969	6
970	6
971	6
972	6
973	6
974	8
975	6
976	6
977	6
978	8
979	8
980	8
981	8
982	6
983	6
984	3
985	2
986	2
987	2
988	2
989	2
990	2
991	2
992	2
993	2
994	2
995	2
996	2
997	2
998	2
999	2
1000	2
1001	2
1002	2
1003	2
1004	2
1005	2
1006	2
1007	3
1008	3
1009	2
1010	3
1011	6
1012	6
1013	6
1014	6
1015	6
1016	6
1017	3
1018	6
1019	6
1020	3
1021	3
1022	3
1023	3
1024	3
1025	3
1026	3
1027	3
1028	6
1029	6
1030	3
1031	6
1032	3
1033	6
1034	3
1035	3
1036	3
1037	3
1038	3
1039	6
1040	3
1041	3
1042	3
1043	3
1044	6
1045	3
1046	3
1047	3
1048	6
1049	6
1050	3
1051	6
1052	6
1053	3
1054	3
1055	3
1056	3
1057	3
1058	3
1059	3
1060	3
1061	3
1062	6
1063	3
1064	3
1065	3
1066	3
1067	3
1068	3
1069	3
1070	3
1071	3
1072	3
1073	3
1074	3
1075	13
1076	13
1077	13
1078	13
1079	13
1080	13
1081	13
1082	13
1083	13
1084	13
1085	13
1086	13
1087	7
1088	7
1089	7
1090	7
1091	7
1092	7
1093	7
1094	11
1095	11
1096	11
1097	11
1098	11
1099	11
1100	11
1101	11
1102	11
1103	11
1104	11
1105	11
1106	11
1107	8
1108	8
1109	8
1110	8
1111	8
1112	8
1113	8
1114	6
1115	8
1116	6
1117	8
1118	6
1119	8
1120	8
1121	8
1122	6
1123	8
1124	6
1125	6
1126	8
1127	8
1128	8
1129	8
1130	8
1131	6
1132	6
1133	6
1134	8
1135	8
1136	6
1137	6
1138	8
1139	6
1140	8
1141	8
1142	8
1143	8
1144	8
1145	8
1146	6
1147	6
1148	8
1149	8
1150	8
1151	8
1152	8
1153	6
1154	5
1155	5
1156	5
1157	5
1158	5
1159	5
1160	5
1161	5
1162	5
1163	5
1164	5
1165	5
1166	5
1167	5
1168	5
1169	6
1170	3
1171	6
1172	6
1173	3
1174	3
1175	3
1176	6
1177	6
1178	6
1179	6
1180	6
1181	6
1182	6
1183	6
1184	3
1185	6
1186	6
1187	3
1188	6
1189	3
1190	3
1191	3
1192	6
1193	6
1194	3
1195	6
1196	3
1197	6
1198	3
1199	6
1200	8
1201	8
1202	8
1203	8
1204	8
1205	8
1206	8
1207	8
1208	8
1209	8
1210	8
1211	8
1212	8
1213	8
1214	8
1215	8
1216	8
1217	8
1218	8
1219	8
1220	8
1221	8
1222	8
1223	8
1224	8
1225	8
1226	8
1227	8
1228	8
1229	8
1230	8
1231	8
1232	8
1233	8
1234	8
1235	8
1236	8
1237	8
1238	8
1239	8
1240	7
1241	7
1242	11
1243	11
1244	11
1245	7
1246	11
1247	11
1248	11
1249	11
1250	11
1251	11
1252	11
1253	1
1254	1
1255	1
1256	1
1257	1
1258	11
1259	11
1260	11
1261	11
1262	11
1263	7
1264	1
1265	1
1266	1
1267	1
1268	1
1269	1
1270	1
1271	1
1272	1
1273	1
1274	1
1275	1
1276	1
1277	1
1278	11
1279	11
1280	11
1281	11
1282	7
1283	7
1284	1
1285	1
1286	1
1287	1
1288	5
1289	5
1290	5
1291	11
1292	5
1293	11
1294	5
1295	5
1296	11
1297	5
1298	11
1299	5
1300	11
1301	5
1302	5
1303	13
1304	13
1305	13
1306	13
1307	13
1308	13
1309	13
1310	13
1311	13
1312	13
1313	13
1314	6
1315	6
1316	6
1317	6
1318	6
1319	6
1320	6
1321	6
1322	6
1323	8
1324	6
1325	6
1326	6
1327	8
1328	6
1329	6
1330	6
1331	8
1332	8
1333	6
1334	6
1335	6
1336	6
1337	8
1338	6
1339	6
1340	6
1341	6
1342	6
1343	6
1344	8
1345	6
1346	13
1347	13
1348	13
1349	13
1350	13
1351	13
1352	13
1353	13
1354	13
1355	13
1356	13
1357	13
1358	13
1359	13
1360	13
1361	13
1362	13
1363	8
1364	8
1365	8
1366	8
1367	8
1368	8
1369	8
1370	10
1371	10
1372	8
1373	8
1374	8
1375	8
1376	8
1377	8
1378	8
1379	10
1380	10
1381	5
1382	5
1383	5
1384	5
1385	11
1386	5
1387	11
1388	5
1389	5
1390	5
1391	5
1392	5
1393	5
1394	5
1395	5
1396	5
1397	1
1398	13
1399	13
1400	13
1401	1
1402	13
1403	13
1404	1
1405	13
1406	13
1407	13
1408	13
1409	13
1410	1
1411	13
1412	13
1413	13
1414	13
1415	13
1416	13
1417	1
1418	1
1419	13
1420	1
1421	13
1422	13
1423	13
1424	13
1425	1
1426	1
1427	13
1428	9
1429	9
1430	9
1431	4
1432	9
1433	9
1434	9
1435	9
1436	4
1437	9
1438	4
1439	4
1440	4
1441	3
1442	3
1443	3
1444	3
1445	3
1446	3
1447	3
1448	3
1449	3
1450	3
1451	3
1452	3
1453	3
1454	3
1455	9
1456	9
1457	4
1458	9
1459	9
1460	4
1461	9
1462	9
1463	9
1464	4
1465	11
1466	11
1467	11
1468	11
1469	11
1470	11
1471	11
1472	11
1473	11
1474	11
1475	11
1476	11
1477	11
1478	11
1479	11
1480	11
1481	11
1482	11
1483	11
1484	11
1485	11
1486	11
1487	11
1488	11
1489	3
1490	3
1491	3
1492	3
1493	3
1494	3
1495	3
1496	3
1497	3
1498	3
1499	3
1500	3
1501	12
1502	12
1503	12
1504	12
1505	12
1506	12
1507	12
1508	12
1509	12
1510	12
1511	12
1512	12
1513	12
1514	12
1515	12
1516	12
1517	12
1518	12
1519	12
1520	12
1521	12
1522	12
1523	12
1524	12
1525	12
1526	12
1527	12
1528	12
1529	2
1530	2
1531	2
1532	2
1533	2
1534	2
1535	2
1536	2
1537	2
1538	2
1539	2
1540	2
1541	2
1542	2
1543	2
1544	2
1545	2
1546	2
1547	2
1548	2
1549	2
1550	2
1551	2
1552	8
1553	8
1554	8
1555	8
1556	8
1557	8
1558	8
1559	8
1560	8
1561	8
1562	8
1563	8
1564	8
1565	8
1566	8
1567	8
1568	8
1569	8
1570	8
1571	8
1572	8
1573	8
1574	8
1575	8
1576	3
1577	3
1578	3
1579	3
1580	3
1581	3
1582	3
1583	3
1584	3
1585	3
1586	3
1587	3
1588	3
1589	3
1590	3
1591	3
1592	3
1593	13
1594	13
1595	13
1596	13
1597	13
1598	13
1599	13
1600	13
1601	13
1602	9
1603	9
1604	9
1605	9
1606	9
1607	9
1608	9
1609	9
1610	9
1611	9
1612	9
1613	9
1614	9
1615	9
1616	9
1617	9
1618	11
1619	11
1620	11
1621	11
1622	11
1623	11
1624	11
1625	11
1626	11
1627	11
1628	11
1629	3
1630	3
1631	3
1632	3
1633	3
1634	3
1635	3
1636	3
1637	3
1638	3
1639	3
1640	3
1641	3
1642	3
1643	3
1644	11
1645	11
1646	11
1647	11
1648	11
1649	3
1650	3
1651	3
1652	3
1653	3
1654	3
1655	3
1656	3
1658	3
1659	3
1660	3
1661	3
1662	3
1663	3
1664	3
1665	3
1666	3
1667	3
1668	3
1669	3
1670	3
1671	3
1672	3
1673	11
1674	3
1675	3
1676	3
1677	11
1678	7
1679	7
1680	7
1681	7
1682	7
1683	7
1684	7
1685	1
1686	1
1687	1
1688	1
1689	1
1690	1
1691	1
1692	1
1693	1
1694	1
1695	1
1696	1
1697	1
1698	1
1699	1
1700	1
1701	1
1702	1
1703	4
1704	4
1705	1
1706	1
1707	1
1708	1
1709	1
1710	1
1711	1
1712	1
1713	11
1714	11
1715	11
1716	11
1717	11
1718	11
1719	11
1720	11
1721	11
1722	11
1723	11
1724	11
1725	1
1726	1
1727	1
1728	11
1729	1
1730	1
1731	1
1732	1
1733	1
1734	1
1735	1
1736	1
1737	1
1738	1
1739	1
1740	1
1741	1
1742	12
1743	12
1744	12
1745	12
1746	12
1747	12
1748	12
1749	1
1750	12
1751	12
1752	12
1753	12
1754	12
1755	12
1756	12
1757	11
1758	11
1759	11
1760	11
1761	1
1762	12
1763	12
1764	1
1765	12
1766	1
1767	1
1768	12
1769	1
1770	12
1771	12
1772	12
1773	12
1774	11
1775	11
1776	11
1777	11
1778	11
1779	11
1780	11
1781	11
1782	11
1783	11
1784	11
1785	11
1786	11
1787	1
1788	12
1789	12
1790	12
1791	1
1792	1
1793	12
1794	12
1795	11
1796	11
1797	11
1798	11
1799	12
1800	12
1801	12
1802	12
1803	12
1804	12
1805	12
1806	12
1807	12
1808	12
1809	4
1810	4
1811	4
1812	4
1813	4
1814	4
1815	4
1816	4
1817	4
1818	4
1819	4
1820	4
1821	4
1822	4
1823	4
1824	4
1825	4
1826	4
1827	4
1828	4
1829	4
1830	11
1831	7
1832	11
1833	7
1834	11
1835	4
1836	4
1837	11
1838	4
1839	4
1840	10
1841	10
1842	10
1843	10
1844	10
1845	4
1846	4
1847	4
1848	4
1849	4
1850	4
1851	4
1852	4
1853	4
1854	4
1855	4
1856	4
1857	7
1858	7
1859	7
1860	7
1861	7
1862	7
1863	4
1864	4
1865	4
1866	4
1867	4
1868	4
1869	4
1870	4
1871	4
1872	7
1873	7
1874	7
1875	7
1876	7
1877	7
1878	7
1879	7
1880	7
1881	7
1882	7
1883	7
1884	7
1885	7
1886	7
1887	7
1888	7
1889	7
1890	7
1891	7
1892	7
1893	7
1894	7
1895	13
1896	13
1897	13
1898	5
1899	5
1900	5
1901	5
1902	5
1903	5
1904	13
1905	13
1906	13
1907	13
1908	13
1909	13
1910	13
1911	13
1912	13
1913	13
1914	13
1915	13
1916	5
1917	5
1918	5
1919	5
1920	6
1921	5
1922	6
1923	6
1924	13
1925	13
1926	13
1927	13
1928	13
1929	13
1930	13
1931	13
1932	13
1933	13
1934	13
1935	13
1936	13
1937	13
1938	13
1939	13
1940	13
1941	13
1942	13
1943	13
1944	13
1945	13
1946	13
1947	13
1948	13
1949	13
1950	13
1951	13
1952	13
1953	13
1954	13
1955	13
1956	13
1957	13
1958	13
1959	13
1960	13
1961	13
1962	13
1963	13
1964	13
1965	13
1966	13
1967	13
1968	13
1969	13
1970	13
1971	13
1972	13
1973	13
1974	13
1975	13
1976	9
1977	9
1978	9
1979	9
1980	9
1981	9
1982	9
1983	9
1984	9
1985	9
1986	9
1987	9
1988	9
1989	9
1990	9
1991	9
1992	9
1993	9
1994	9
1995	9
1996	9
1997	9
1998	9
1999	9
2000	9
2001	9
2002	9
2003	9
2004	9
2005	9
2006	9
2007	9
2008	9
2009	9
2010	9
2011	9
2012	9
2013	9
2014	9
2015	9
2016	9
2017	7
2018	7
2019	7
2020	7
2021	7
2022	7
2023	7
2024	2
2025	7
2026	7
2027	7
2028	7
2029	7
2030	2
2031	2
2032	2
2033	2
2034	2
2035	2
2036	2
2037	7
2038	7
2039	7
2040	7
2041	7
2042	7
2043	7
2044	7
2045	7
2046	2
2047	2
2048	7
2049	7
2050	7
2051	2
2052	2
2053	7
2054	7
2055	2
2056	7
2057	2
2058	9
2059	9
2060	9
2061	9
2062	9
2063	9
2064	9
2065	9
2066	9
2067	9
2068	7
2069	7
2070	7
2071	11
2072	7
2073	11
2074	7
2075	7
2076	7
2077	11
2078	11
2079	7
2080	11
2081	7
2082	11
2083	7
2084	7
2085	7
2086	7
2087	7
2088	7
2089	3
2090	3
2091	3
2092	3
2093	3
2094	3
2095	3
2096	12
2097	12
2098	12
2099	12
2100	12
2101	12
2102	12
2103	12
2104	12
2105	12
2106	12
2107	12
2108	12
2109	12
2110	12
2111	12
2112	12
2113	12
2114	4
2115	4
2116	4
2117	4
2118	4
2119	12
2120	4
2121	4
2122	4
2123	12
2124	7
2125	4
2126	4
2127	4
2128	4
2129	4
2130	4
2131	12
2132	12
2133	4
2134	12
2135	12
2136	12
2137	12
2138	4
2139	4
2140	4
2141	4
2142	12
2143	4
2144	12
2145	4
2146	12
2147	12
2148	4
2149	4
2150	4
2151	4
2152	4
2153	4
2154	12
2155	12
2156	12
2157	12
2158	4
2159	4
2160	4
2161	4
2162	4
2163	4
2164	4
2165	4
2166	12
2167	4
2168	4
2169	12
2170	12
2171	12
2172	12
2173	4
2174	12
2175	12
2176	12
2177	4
2178	4
2179	4
2180	4
2181	4
2182	12
2183	4
2184	4
2185	12
2186	12
2187	4
2188	12
2189	4
2190	4
2191	4
2192	4
2193	12
2194	12
2195	12
2196	4
2197	12
2198	12
2199	12
2200	4
2201	12
2202	12
2203	12
2204	4
2205	4
2206	4
2207	4
2208	4
2209	4
2210	4
2211	12
2212	12
2213	4
2214	4
2215	12
2216	12
2217	4
2218	12
2219	12
2220	12
2221	4
2222	4
2223	12
2224	4
2225	12
2226	12
2227	12
2228	4
2229	4
2230	4
2231	4
2232	4
2233	4
2234	12
2235	12
2236	12
2237	12
2238	12
2239	4
2240	4
2241	4
2242	12
2243	12
2244	12
2245	12
2246	4
2247	4
2248	4
2249	4
2250	4
2251	4
2252	12
2253	12
2254	12
2255	12
2256	4
2257	12
2258	4
2259	4
2260	4
2261	4
2262	4
2263	4
2264	4
2265	4
2266	12
2267	4
2268	4
2269	12
2270	12
2271	12
2272	12
2273	12
2274	12
2275	4
2276	4
2277	4
2278	4
2279	4
2280	12
2281	12
2282	4
2283	4
2284	7
2285	7
2286	12
2287	12
2288	12
2289	12
2290	12
2291	12
2292	12
2293	4
2294	4
2295	4
2296	4
2297	4
2298	12
2299	12
2300	12
2301	12
2302	12
2303	4
2304	4
2305	12
2306	12
2307	12
2308	12
2309	7
2310	7
2311	7
2312	6
2313	6
2314	6
2315	6
2316	6
2317	6
2318	6
2319	6
2320	6
2321	6
2322	6
2323	6
2324	6
2325	6
2326	6
2327	6
2328	6
2329	6
2330	13
2331	13
2332	13
2333	13
2334	13
2335	13
2336	13
2337	13
2338	13
2339	13
2340	13
2341	13
2342	13
2343	13
2344	13
2345	13
2346	3
2347	3
2348	3
2349	3
2350	3
2351	3
2352	3
2353	3
2354	3
2355	3
2356	3
2357	3
2358	3
2359	3
2360	3
2361	3
2362	3
2363	3
2364	3
2365	3
2366	9
2367	9
2368	9
2369	9
2370	9
2371	9
2372	9
2373	9
2374	9
2375	9
2376	9
2377	9
2378	9
2379	9
2380	9
2381	9
2382	9
2383	9
2384	9
2385	9
2386	9
2387	9
2388	9
2389	9
2390	9
2391	9
2392	9
2393	9
2394	9
2395	9
2396	9
2397	9
2398	9
2399	9
2400	9
2401	9
2402	9
2403	9
2404	9
2405	9
2406	9
2407	9
2408	9
2409	9
2410	9
2411	9
2412	9
2413	9
2414	9
2415	10
2416	10
2417	10
2418	10
2419	5
2420	5
2421	10
2422	10
2423	10
2424	10
2425	10
2426	10
2427	5
2428	5
2429	5
2430	5
2431	10
2432	10
2433	10
2434	10
2435	10
2436	10
2437	10
2438	5
2439	5
2440	10
2441	10
2442	10
2443	10
2444	10
2445	10
2446	10
2447	10
2448	10
2449	10
2450	10
2451	10
2452	10
2453	10
2454	10
2455	10
2456	10
2457	10
2458	10
2459	10
2460	10
2461	10
2462	10
2463	10
2464	10
2465	10
2466	10
2467	10
2468	10
2469	10
2470	10
2471	10
2472	10
2473	10
2474	10
2475	10
2476	10
2477	10
2478	10
2479	10
2480	10
2481	10
2482	10
2483	10
2484	10
2485	10
2486	10
2487	10
2488	10
2489	10
2490	10
2491	10
2492	10
2493	10
2494	10
2495	10
2496	5
2497	5
2498	5
2499	5
2500	10
2501	10
2502	10
2503	10
2504	10
2505	10
2506	10
2507	10
2508	5
2509	5
2510	5
2511	5
2512	5
2513	5
2514	5
2515	10
2516	10
2517	10
2518	10
2519	10
2520	10
2521	10
2522	10
2523	5
2524	10
2525	5
2526	10
2527	10
2528	10
2529	5
2530	5
2531	5
2532	5
2533	5
2534	5
2535	5
2536	5
2537	5
2538	5
2539	10
2540	5
2541	10
2542	5
2543	10
2544	10
2545	10
2546	10
2547	10
2548	10
2549	10
2550	10
2551	10
2552	5
2553	5
2554	10
2555	10
2556	10
2557	10
2558	5
2559	5
2560	10
2561	10
2562	5
2563	5
2564	10
2565	5
2566	10
2567	10
2568	5
2569	5
2570	5
2571	5
2572	5
2573	10
2574	5
2575	10
2576	10
2577	10
2578	10
2579	10
2580	10
2581	5
2582	10
2583	10
2584	10
2585	10
2586	10
2587	5
2588	5
2589	5
2590	5
2591	5
2592	5
2593	5
2594	10
2595	10
2596	10
2597	10
2598	10
2599	10
2600	10
2601	10
2602	10
2603	10
2604	5
2605	5
2606	7
2607	7
2608	7
2609	7
2610	7
2611	7
2612	7
2613	7
2614	7
2615	7
2616	7
2617	7
2618	7
2619	7
2620	7
2621	7
2622	7
2623	7
2624	7
2625	7
2626	7
2627	7
2628	7
2629	7
2630	7
2631	7
2632	7
2633	7
2634	7
2635	7
2636	7
2637	7
2638	7
2639	7
2640	9
2641	9
2642	8
2643	9
2644	9
2645	9
2646	9
2647	9
2648	9
2649	9
2650	9
2651	9
2652	9
2653	9
2654	9
2655	9
2656	9
2657	9
2658	9
2659	8
2660	9
2661	9
2662	9
2663	8
2664	9
2665	8
2666	9
2667	9
2668	8
2669	8
2670	9
2671	8
2672	9
2673	8
2674	9
2675	9
2676	9
2677	9
2678	9
2679	8
2680	9
2681	8
2682	8
2683	8
2684	8
2685	8
2686	8
2687	8
2688	13
2689	13
2690	13
2691	13
315	3
1657	3
