0	5
1	5
2	5
3	5
4	5
5	5
6	5
7	9
8	9
9	9
10	9
11	9
12	9
13	9
14	9
15	9
16	9
17	9
18	4
19	4
20	4
21	2
22	2
23	2
24	2
25	2
26	2
27	2
28	2
29	4
30	4
31	4
32	4
33	4
34	4
35	4
36	4
37	4
38	4
39	4
40	4
41	4
42	4
43	4
44	4
45	4
46	4
47	4
48	4
49	4
50	4
51	4
52	4
53	3
54	3
55	3
56	3
57	3
58	4
59	4
60	4
61	4
62	4
63	4
64	4
65	3
66	3
67	3
68	3
69	3
70	3
71	2
72	2
73	6
74	2
75	4
76	4
77	4
78	4
79	4
80	4
81	4
82	4
83	7
84	7
85	7
86	7
87	7
88	7
89	7
90	7
91	7
92	7
93	7
94	7
95	7
96	9
97	11
98	9
99	9
100	9
101	9
102	9
103	9
104	9
105	9
106	9
107	9
108	9
109	9
110	9
111	9
112	9
113	11
114	9
115	9
116	9
117	9
118	11
119	11
120	11
121	9
122	9
123	9
124	9
125	9
126	9
127	9
128	9
129	12
130	12
131	12
132	12
133	12
134	12
135	12
136	12
137	12
138	12
139	12
140	12
141	12
142	12
143	12
144	12
145	12
146	12
147	12
148	12
149	12
150	12
151	12
152	12
153	12
154	12
155	12
156	12
157	12
158	12
159	12
160	12
161	12
162	12
163	12
164	12
165	12
166	7
167	7
168	7
169	8
170	7
171	7
172	7
173	7
174	8
175	8
176	8
177	7
178	8
179	7
180	7
181	8
182	8
183	10
184	10
185	10
186	10
187	10
188	10
189	10
190	10
191	10
192	10
193	10
194	10
195	10
196	10
197	10
198	10
199	10
200	10
201	10
202	10
203	10
204	10
205	10
206	10
207	10
208	6
209	6
210	6
211	6
212	6
213	6
214	6
215	6
216	6
217	6
218	6
219	6
220	6
221	6
222	6
223	6
224	6
225	6
226	6
227	6
228	6
229	6
230	6
231	6
232	6
233	6
234	6
235	6
236	6
237	6
238	6
239	6
240	6
241	6
242	6
243	6
244	6
245	6
246	6
247	6
248	10
249	10
250	10
251	10
252	10
253	10
254	10
255	10
256	10
257	10
258	10
259	10
260	10
261	2
262	2
263	2
264	2
265	2
266	2
267	2
268	6
269	2
270	2
271	2
272	2
273	2
274	2
275	2
276	2
277	2
278	6
279	6
280	6
281	6
282	6
283	6
284	6
285	6
286	2
287	6
288	6
289	2
290	6
291	6
292	6
293	6
294	2
295	6
296	2
297	2
298	2
299	6
300	2
301	2
302	10
303	10
304	10
305	10
306	1
307	1
308	1
309	1
310	1
311	1
312	1
313	1
314	1
316	9
317	9
318	9
319	9
320	9
321	9
322	9
323	9
324	9
325	9
326	9
327	9
328	9
329	9
330	9
331	1
332	1
333	1
334	1
335	1
336	1
337	9
338	9
339	9
340	1
341	1
342	1
343	1
344	1
345	1
346	1
347	1
348	1
349	1
350	1
351	1
352	1
353	1
354	1
355	1
356	1
357	8
358	1
359	8
360	8
361	1
362	8
363	8
364	1
365	1
366	1
367	1
368	1
369	1
370	1
371	1
372	1
373	1
374	1
375	1
376	1
377	1
378	1
379	1
380	1
381	1
382	1
383	1
384	1
385	1
386	1
387	1
388	1
389	9
390	9
391	9
392	9
393	9
394	1
395	1
396	1
397	1
398	9
399	9
400	9
401	9
402	9
403	6
404	6
405	6
406	6
407	6
408	6
409	4
410	4
411	4
412	4
413	4
414	4
415	4
416	4
417	4
418	4
419	4
420	4
421	4
422	4
423	4
424	4
425	7
426	7
427	7
428	7
429	7
430	7
431	7
432	7
433	4
434	4
435	4
436	4
437	4
438	4
439	4
440	4
441	4
442	4
443	4
444	4
445	4
446	7
447	7
448	7
449	7
450	7
451	4
452	4
453	4
454	7
455	7
456	7
457	4
458	4
459	4
460	4
461	4
462	4
463	7
464	7
465	7
466	7
467	7
468	7
469	7
470	7
471	7
472	7
473	4
474	4
475	2
476	2
477	8
478	8
479	8
480	8
481	8
482	8
483	8
484	6
485	6
486	8
487	8
488	8
489	2
490	2
491	2
492	2
493	2
494	2
495	8
496	8
497	8
498	6
499	8
500	8
501	8
502	6
503	8
504	8
505	8
506	6
507	6
508	6
509	6
510	6
511	6
512	6
513	6
514	6
515	6
516	6
517	6
518	6
519	6
520	6
521	6
522	11
523	11
524	11
525	11
526	10
527	10
528	1
529	1
530	11
531	1
532	1
533	11
534	11
535	1
536	1
537	1
538	10
539	10
540	10
541	10
542	10
543	10
544	10
545	10
546	10
547	10
548	10
549	10
550	10
551	10
552	10
553	10
554	10
555	10
556	10
557	10
558	10
559	2
560	2
561	2
562	2
563	2
564	2
565	10
566	10
567	10
568	10
569	10
570	7
571	7
572	7
573	7
574	7
575	7
576	7
577	7
578	7
579	7
580	7
581	10
582	10
583	10
584	10
585	10
586	10
587	6
588	6
589	6
590	6
591	6
592	6
593	6
594	6
595	6
596	6
597	6
598	6
599	6
600	6
601	6
602	6
603	10
604	10
605	10
606	10
607	10
608	10
609	10
610	10
611	10
612	10
613	10
614	10
615	10
616	10
617	6
618	6
619	6
620	6
621	6
622	6
623	6
624	6
625	6
626	6
627	6
628	6
629	6
630	6
631	6
632	6
633	6
634	6
635	6
636	6
637	6
638	6
639	10
640	10
641	10
642	10
643	10
644	10
645	10
646	10
647	10
648	10
649	10
650	10
651	10
652	10
653	10
654	10
655	10
656	10
657	8
658	8
659	2
660	2
661	4
662	4
663	4
664	4
665	4
666	4
667	4
668	4
669	4
670	2
671	2
672	2
673	2
674	2
675	2
676	2
677	2
678	2
679	2
680	4
681	4
682	4
683	4
684	4
685	4
686	4
687	4
688	4
689	4
690	4
691	4
692	4
693	4
694	4
695	4
696	4
697	2
698	2
699	2
700	2
701	2
702	2
703	2
704	2
705	2
706	2
707	2
708	2
709	2
710	2
711	2
712	2
713	2
714	4
715	4
716	2
717	2
718	2
719	2
720	2
721	2
722	2
723	2
724	2
725	2
726	2
727	2
728	2
729	2
730	2
731	2
732	9
733	9
734	9
735	4
736	4
737	8
738	2
739	2
740	8
741	8
742	8
743	8
744	2
745	9
746	4
747	4
748	4
749	4
750	4
751	9
752	4
753	4
754	4
755	9
756	4
757	4
758	4
759	4
760	4
761	4
762	4
763	4
764	4
765	4
766	2
767	2
768	8
769	2
770	4
771	4
772	8
773	8
774	2
775	2
776	8
777	8
778	8
779	8
780	8
781	8
782	8
783	8
784	8
785	6
786	8
787	8
788	8
789	8
790	8
791	6
792	6
793	6
794	6
795	6
796	6
797	6
798	6
799	6
800	6
801	8
802	8
803	8
804	8
805	6
806	6
807	6
808	8
809	8
810	8
811	3
812	11
813	3
814	3
815	3
816	3
817	3
818	11
819	11
820	11
821	3
822	3
823	3
824	3
825	3
826	3
827	11
828	11
829	11
830	3
831	3
832	3
833	3
834	3
835	3
836	3
837	3
838	3
839	3
840	3
841	3
842	3
843	3
844	3
845	3
846	3
847	11
848	11
849	11
850	11
851	11
852	3
853	3
854	3
855	3
856	11
857	11
858	10
859	10
860	10
861	10
862	10
863	10
864	10
865	10
866	10
867	10
868	10
869	10
870	10
871	3
872	3
873	3
874	3
875	11
876	3
877	3
878	3
879	3
880	11
881	3
882	3
883	3
884	3
885	3
886	3
887	3
888	11
889	11
890	11
891	11
892	11
893	3
894	3
895	3
896	3
897	3
898	11
899	11
900	11
901	11
902	3
903	3
904	3
905	3
906	3
907	11
908	11
909	3
910	11
911	11
912	11
913	11
914	3
915	3
916	3
917	3
918	11
919	3
920	11
921	11
922	11
923	11
924	11
925	3
926	3
927	3
928	3
929	3
930	11
931	11
932	11
933	11
934	11
935	3
936	3
937	3
938	11
939	11
940	11
941	11
942	11
943	11
944	11
945	11
946	3
947	11
948	3
949	11
950	11
951	11
952	11
953	11
954	11
955	11
956	11
957	3
958	3
959	3
960	11
961	11
962	11
963	3
964	3
965	3
966	11
967	11
968	11
969	3
970	3
971	3
972	3
973	3
974	11
975	11
976	3
977	3
978	11
979	11
980	11
981	11
982	9
983	9
984	9
985	8
986	8
987	8
988	8
989	8
990	8
991	8
992	8
993	8
994	8
995	8
996	8
997	8
998	8
999	8
1000	8
1001	8
1002	8
1003	8
1004	8
1005	8
1006	8
1007	9
1008	9
1009	8
1010	9
1011	9
1012	9
1013	9
1014	9
1015	9
1016	9
1017	9
1018	9
1019	9
1020	9
1021	9
1022	9
1023	9
1024	9
1025	9
1026	9
1027	9
1028	9
1029	9
1030	9
1031	9
1032	9
1033	9
1034	9
1035	9
1036	9
1037	9
1038	9
1039	9
1040	9
1041	9
1042	9
1043	9
1044	9
1045	9
1046	9
1047	9
1048	9
1049	9
1050	9
1051	9
1052	9
1053	9
1054	9
1055	9
1056	9
1057	9
1058	9
1059	9
1060	9
1061	9
1062	9
1063	9
1064	9
1065	9
1066	9
1067	9
1068	9
1069	9
1070	9
1071	9
1072	9
1073	9
1074	9
1075	10
1076	10
1077	10
1078	10
1079	10
1080	10
1081	10
1082	10
1083	10
1084	10
1085	10
1086	10
1087	2
1088	2
1089	2
1090	2
1091	2
1092	2
1093	2
1094	2
1095	2
1096	2
1097	2
1098	2
1099	2
1100	2
1101	2
1102	2
1103	2
1104	2
1105	2
1106	2
1107	1
1108	1
1109	1
1110	1
1111	1
1112	1
1113	1
1114	1
1115	1
1116	1
1117	1
1118	1
1119	1
1120	1
1121	1
1122	1
1123	1
1124	1
1125	1
1126	1
1127	1
1128	1
1129	1
1130	1
1131	1
1132	1
1133	1
1134	1
1135	1
1136	3
1137	3
1138	3
1139	3
1140	1
1141	1
1142	1
1143	1
1144	1
1145	1
1146	1
1147	1
1148	1
1149	1
1150	1
1151	1
1152	1
1153	1
1154	3
1155	3
1156	3
1157	3
1158	3
1159	3
1160	3
1161	3
1162	3
1163	3
1164	3
1165	3
1166	3
1167	3
1168	3
1169	9
1170	9
1171	9
1172	9
1173	9
1174	9
1175	9
1176	9
1177	9
1178	9
1179	9
1180	9
1181	9
1182	9
1183	9
1184	9
1185	9
1186	9
1187	9
1188	9
1189	9
1190	9
1191	9
1192	9
1193	9
1194	9
1195	9
1196	9
1197	9
1198	9
1199	9
1200	11
1201	11
1202	11
1203	11
1204	11
1205	11
1206	11
1207	11
1208	11
1209	11
1210	11
1211	11
1212	11
1213	11
1214	11
1215	11
1216	11
1217	11
1218	11
1219	11
1220	11
1221	11
1222	11
1223	11
1224	11
1225	11
1226	11
1227	11
1228	11
1229	11
1230	11
1231	11
1232	11
1233	11
1234	11
1235	11
1236	11
1237	11
1238	11
1239	11
1240	6
1241	2
1242	6
1243	6
1244	6
1245	2
1246	6
1247	6
1248	6
1249	6
1250	6
1251	6
1252	6
1253	4
1254	4
1255	4
1256	4
1257	4
1258	6
1259	6
1260	6
1261	6
1262	2
1263	2
1264	4
1265	4
1266	4
1267	4
1268	4
1269	4
1270	4
1271	4
1272	4
1273	4
1274	4
1275	4
1276	4
1277	4
1278	6
1279	6
1280	6
1281	6
1282	2
1283	2
1284	4
1285	4
1286	4
1287	4
1288	3
1289	3
1290	3
1291	6
1292	6
1293	6
1294	3
1295	6
1296	6
1297	6
1298	6
1299	3
1300	6
1301	6
1302	6
1303	10
1304	10
1305	10
1306	10
1307	10
1308	10
1309	10
1310	10
1311	10
1312	10
1313	10
1314	3
1315	3
1316	3
1317	3
1318	3
1319	3
1320	3
1321	3
1322	3
1323	3
1324	3
1325	3
1326	3
1327	11
1328	3
1329	3
1330	3
1331	11
1332	11
1333	3
1334	3
1335	3
1336	3
1337	3
1338	3
1339	3
1340	3
1341	3
1342	3
1343	3
1344	3
1345	3
1346	10
1347	10
1348	10
1349	10
1350	10
1351	10
1352	10
1353	10
1354	10
1355	10
1356	10
1357	10
1358	10
1359	10
1360	10
1361	10
1362	10
1363	1
1364	1
1365	1
1366	1
1367	1
1368	1
1369	1
1370	1
1371	1
1372	1
1373	1
1374	1
1375	1
1376	1
1377	1
1378	1
1379	1
1380	1
1381	3
1382	3
1383	3
1384	3
1385	3
1386	3
1387	3
1388	3
1389	3
1390	3
1391	3
1392	3
1393	3
1394	3
1395	3
1396	3
1397	5
1398	10
1399	10
1400	10
1401	5
1402	10
1403	10
1404	5
1405	10
1406	10
1407	10
1408	10
1409	10
1410	5
1411	10
1412	10
1413	10
1414	10
1415	10
1416	10
1417	5
1418	5
1419	10
1420	5
1421	10
1422	5
1423	10
1424	10
1425	5
1426	5
1427	10
1428	11
1429	11
1430	11
1431	11
1432	11
1433	11
1434	11
1435	11
1436	11
1437	11
1438	11
1439	11
1440	11
1441	9
1442	9
1443	9
1444	9
1445	9
1446	9
1447	9
1448	9
1449	9
1450	9
1451	9
1452	9
1453	9
1454	9
1455	11
1456	11
1457	11
1458	11
1459	11
1460	11
1461	11
1462	11
1463	11
1464	11
1465	6
1466	6
1467	6
1468	6
1469	6
1470	6
1471	6
1472	6
1473	6
1474	6
1475	6
1476	6
1477	6
1478	6
1479	6
1480	6
1481	6
1482	6
1483	6
1484	6
1485	6
1486	6
1487	6
1488	6
1489	9
1490	4
1491	9
1492	9
1493	4
1494	9
1495	4
1496	9
1497	4
1498	9
1499	4
1500	9
1501	5
1502	5
1503	5
1504	5
1505	5
1506	5
1507	5
1508	5
1509	5
1510	5
1511	5
1512	5
1513	5
1514	5
1515	5
1516	5
1517	5
1518	5
1519	5
1520	5
1521	5
1522	5
1523	5
1524	5
1525	5
1526	5
1527	5
1528	5
1529	7
1530	7
1531	7
1532	7
1533	7
1534	7
1535	7
1536	7
1537	7
1538	7
1539	7
1540	7
1541	7
1542	7
1543	7
1544	7
1545	7
1546	7
1547	7
1548	7
1549	7
1550	7
1551	7
1552	1
1553	1
1554	1
1555	1
1556	1
1557	1
1558	1
1559	1
1560	1
1561	1
1562	1
1563	1
1564	1
1565	1
1566	1
1567	1
1568	1
1569	1
1570	1
1571	1
1572	1
1573	1
1574	1
1575	1
1576	9
1577	9
1578	9
1579	9
1580	9
1581	9
1582	9
1583	9
1584	9
1585	9
1586	9
1587	9
1588	9
1589	9
1590	9
1591	9
1592	9
1593	10
1594	10
1595	10
1596	10
1597	10
1598	10
1599	10
1600	10
1601	10
1602	1
1603	7
1604	7
1605	1
1606	1
1607	7
1608	1
1609	1
1610	1
1611	1
1612	1
1613	1
1614	1
1615	7
1616	1
1617	1
1618	6
1619	6
1620	6
1621	6
1622	6
1623	6
1624	6
1625	6
1626	6
1627	6
1628	6
1629	11
1630	9
1631	11
1632	9
1633	11
1634	11
1635	11
1636	11
1637	11
1638	11
1639	11
1640	11
1641	11
1642	11
1643	11
1644	6
1645	6
1646	6
1647	6
1648	6
1649	11
1650	11
1651	11
1652	11
1653	11
1654	11
1655	11
1656	11
1658	11
1659	11
1660	11
1661	11
1662	11
1663	11
1664	11
1665	11
1666	9
1667	9
1668	9
1669	11
1670	11
1671	11
1672	11
1673	6
1674	11
1675	11
1676	11
1677	6
1678	2
1679	2
1680	2
1681	2
1682	2
1683	2
1684	2
1685	4
1686	4
1687	4
1688	4
1689	4
1690	4
1691	4
1692	4
1693	4
1694	4
1695	4
1696	4
1697	4
1698	4
1699	4
1700	4
1701	4
1702	4
1703	13
1704	13
1705	4
1706	4
1707	4
1708	4
1709	4
1710	4
1711	4
1712	4
1713	6
1714	6
1715	6
1716	6
1717	6
1718	6
1719	6
1720	6
1721	6
1722	6
1723	6
1724	6
1725	4
1726	4
1727	4
1728	6
1729	4
1730	4
1731	4
1732	4
1733	4
1734	4
1735	4
1736	4
1737	4
1738	4
1739	4
1740	4
1741	4
1742	5
1743	5
1744	5
1745	5
1746	5
1747	4
1748	5
1749	4
1750	4
1751	5
1752	5
1753	5
1754	4
1755	5
1756	4
1757	6
1758	6
1759	6
1760	6
1761	4
1762	5
1763	5
1764	4
1765	5
1766	4
1767	4
1768	5
1769	4
1770	5
1771	5
1772	4
1773	5
1774	6
1775	6
1776	6
1777	6
1778	6
1779	6
1780	6
1781	6
1782	6
1783	6
1784	6
1785	6
1786	6
1787	4
1788	5
1789	5
1790	5
1791	4
1792	4
1793	5
1794	4
1795	6
1796	6
1797	6
1798	6
1799	5
1800	4
1801	4
1802	5
1803	5
1804	5
1805	5
1806	4
1807	5
1808	5
1809	9
1810	11
1811	11
1812	11
1813	11
1814	11
1815	11
1816	11
1817	11
1818	9
1819	11
1820	9
1821	11
1822	9
1823	11
1824	11
1825	9
1826	11
1827	11
1828	9
1829	11
1830	2
1831	2
1832	2
1833	2
1834	2
1835	11
1836	11
1837	2
1838	11
1839	11
1840	1
1841	1
1842	1
1843	1
1844	1
1845	9
1846	11
1847	11
1848	11
1849	9
1850	11
1851	11
1852	11
1853	11
1854	9
1855	11
1856	11
1857	6
1858	6
1859	6
1860	6
1861	6
1862	6
1863	11
1864	11
1865	11
1866	11
1867	11
1868	9
1869	11
1870	9
1871	9
1872	2
1873	2
1874	2
1875	2
1876	2
1877	2
1878	2
1879	2
1880	2
1881	2
1882	2
1883	2
1884	2
1885	2
1886	2
1887	2
1888	2
1889	2
1890	2
1891	2
1892	2
1893	2
1894	2
1895	10
1896	10
1897	10
1898	3
1899	3
1900	3
1901	3
1902	3
1903	3
1904	10
1905	10
1906	10
1907	10
1908	10
1909	10
1910	10
1911	10
1912	10
1913	10
1914	10
1915	10
1916	3
1917	3
1918	3
1919	3
1920	3
1921	3
1922	3
1923	3
1924	10
1925	10
1926	10
1927	10
1928	10
1929	10
1930	10
1931	10
1932	10
1933	10
1934	10
1935	10
1936	10
1937	10
1938	10
1939	10
1940	10
1941	10
1942	10
1943	10
1944	10
1945	10
1946	10
1947	10
1948	10
1949	10
1950	10
1951	10
1952	10
1953	10
1954	10
1955	10
1956	10
1957	10
1958	10
1959	10
1960	10
1961	10
1962	10
1963	10
1964	10
1965	10
1966	10
1967	10
1968	10
1969	10
1970	10
1971	10
1972	10
1973	10
1974	10
1975	10
1976	7
1977	7
1978	7
1979	7
1980	7
1981	7
1982	7
1983	7
1984	7
1985	7
1986	7
1987	7
1988	7
1989	7
1990	7
1991	7
1992	7
1993	7
1994	7
1995	7
1996	7
1997	7
1998	7
1999	7
2000	7
2001	7
2002	7
2003	7
2004	7
2005	7
2006	7
2007	7
2008	7
2009	7
2010	7
2011	7
2012	7
2013	7
2014	7
2015	7
2016	7
2017	2
2018	2
2019	2
2020	2
2021	2
2022	2
2023	2
2024	8
2025	2
2026	2
2027	2
2028	2
2029	2
2030	8
2031	8
2032	8
2033	8
2034	8
2035	8
2036	8
2037	2
2038	2
2039	2
2040	2
2041	2
2042	2
2043	2
2044	2
2045	2
2046	8
2047	8
2048	2
2049	2
2050	2
2051	8
2052	8
2053	2
2054	2
2055	8
2056	2
2057	8
2058	7
2059	7
2060	7
2061	7
2062	7
2063	7
2064	7
2065	7
2066	7
2067	7
2068	6
2069	2
2070	2
2071	6
2072	6
2073	6
2074	2
2075	2
2076	6
2077	6
2078	6
2079	6
2080	6
2081	2
2082	6
2083	6
2084	2
2085	2
2086	2
2087	6
2088	6
2089	9
2090	9
2091	9
2092	9
2093	9
2094	9
2095	9
2096	5
2097	5
2098	5
2099	5
2100	5
2101	5
2102	5
2103	5
2104	5
2105	5
2106	5
2107	5
2108	5
2109	5
2110	5
2111	5
2112	5
2113	5
2114	13
2115	13
2116	13
2117	13
2118	5
2119	5
2120	13
2121	13
2122	5
2123	5
2124	2
2125	13
2126	13
2127	13
2128	13
2129	13
2130	5
2131	5
2132	5
2133	5
2134	5
2135	5
2136	5
2137	5
2138	5
2139	13
2140	13
2141	13
2142	5
2143	5
2144	5
2145	13
2146	5
2147	5
2148	13
2149	5
2150	13
2151	13
2152	13
2153	13
2154	13
2155	5
2156	5
2157	5
2158	13
2159	5
2160	13
2161	13
2162	13
2163	13
2164	13
2165	13
2166	5
2167	13
2168	13
2169	13
2170	13
2171	5
2172	13
2173	13
2174	5
2175	5
2176	5
2177	5
2178	13
2179	13
2180	13
2181	13
2182	13
2183	13
2184	13
2185	13
2186	13
2187	13
2188	5
2189	13
2190	13
2191	13
2192	13
2193	13
2194	5
2195	5
2196	5
2197	5
2198	5
2199	5
2200	13
2201	5
2202	5
2203	5
2204	13
2205	13
2206	13
2207	13
2208	13
2209	13
2210	13
2211	5
2212	5
2213	13
2214	13
2215	5
2216	5
2217	13
2218	13
2219	13
2220	13
2221	13
2222	5
2223	5
2224	13
2225	13
2226	13
2227	13
2228	5
2229	5
2230	13
2231	13
2232	13
2233	5
2234	5
2235	5
2236	5
2237	5
2238	5
2239	13
2240	13
2241	5
2242	5
2243	5
2244	5
2245	5
2246	13
2247	13
2248	13
2249	13
2250	13
2251	13
2252	13
2253	5
2254	5
2255	5
2256	13
2257	5
2258	13
2259	13
2260	13
2261	13
2262	13
2263	13
2264	13
2265	13
2266	5
2267	13
2268	13
2269	5
2270	5
2271	5
2272	5
2273	5
2274	5
2275	13
2276	13
2277	5
2278	5
2279	5
2280	5
2281	5
2282	13
2283	13
2284	2
2285	2
2286	5
2287	5
2288	13
2289	13
2290	13
2291	13
2292	13
2293	13
2294	13
2295	13
2296	13
2297	5
2298	5
2299	5
2300	5
2301	13
2302	5
2303	13
2304	13
2305	13
2306	13
2307	13
2308	13
2309	2
2310	2
2311	2
2312	3
2313	3
2314	3
2315	3
2316	3
2317	3
2318	3
2319	3
2320	3
2321	3
2322	3
2323	3
2324	3
2325	3
2326	3
2327	3
2328	3
2329	3
2330	10
2331	10
2332	10
2333	10
2334	10
2335	10
2336	10
2337	10
2338	10
2339	10
2340	10
2341	10
2342	10
2343	10
2344	10
2345	10
2346	3
2347	3
2348	3
2349	3
2350	3
2351	3
2352	3
2353	3
2354	3
2355	3
2356	3
2357	3
2358	3
2359	3
2360	3
2361	3
2362	3
2363	3
2364	3
2365	3
2366	13
2367	5
2368	13
2369	5
2370	13
2371	5
2372	5
2373	13
2374	13
2375	13
2376	13
2377	13
2378	13
2379	13
2380	5
2381	13
2382	13
2383	13
2384	13
2385	13
2386	13
2387	13
2388	13
2389	13
2390	13
2391	13
2392	13
2393	13
2394	13
2395	13
2396	13
2397	13
2398	13
2399	13
2400	13
2401	5
2402	5
2403	13
2404	13
2405	5
2406	13
2407	13
2408	13
2409	13
2410	13
2411	5
2412	13
2413	13
2414	5
2415	12
2416	12
2417	12
2418	12
2419	12
2420	12
2421	12
2422	12
2423	12
2424	12
2425	8
2426	12
2427	12
2428	12
2429	12
2430	12
2431	12
2432	12
2433	12
2434	12
2435	12
2436	12
2437	12
2438	12
2439	12
2440	12
2441	12
2442	12
2443	12
2444	12
2445	12
2446	12
2447	12
2448	12
2449	8
2450	8
2451	8
2452	8
2453	8
2454	8
2455	8
2456	8
2457	8
2458	8
2459	8
2460	12
2461	12
2462	8
2463	8
2464	8
2465	12
2466	12
2467	8
2468	8
2469	8
2470	8
2471	8
2472	8
2473	12
2474	12
2475	8
2476	8
2477	8
2478	8
2479	8
2480	8
2481	8
2482	8
2483	8
2484	8
2485	8
2486	8
2487	8
2488	8
2489	8
2490	8
2491	8
2492	8
2493	8
2494	8
2495	8
2496	12
2497	12
2498	12
2499	12
2500	8
2501	8
2502	12
2503	12
2504	12
2505	12
2506	12
2507	12
2508	12
2509	12
2510	12
2511	12
2512	12
2513	12
2514	12
2515	8
2516	8
2517	8
2518	8
2519	8
2520	8
2521	8
2522	12
2523	12
2524	12
2525	12
2526	8
2527	8
2528	12
2529	12
2530	12
2531	12
2532	12
2533	12
2534	12
2535	12
2536	12
2537	12
2538	12
2539	12
2540	12
2541	12
2542	12
2543	12
2544	12
2545	12
2546	12
2547	12
2548	12
2549	12
2550	12
2551	12
2552	12
2553	12
2554	12
2555	12
2556	12
2557	12
2558	12
2559	12
2560	12
2561	12
2562	12
2563	12
2564	12
2565	12
2566	12
2567	12
2568	12
2569	12
2570	12
2571	12
2572	12
2573	12
2574	12
2575	8
2576	8
2577	8
2578	8
2579	8
2580	8
2581	12
2582	12
2583	8
2584	8
2585	12
2586	8
2587	12
2588	12
2589	12
2590	12
2591	12
2592	12
2593	12
2594	12
2595	12
2596	12
2597	12
2598	12
2599	12
2600	8
2601	8
2602	12
2603	12
2604	12
2605	12
2606	2
2607	2
2608	2
2609	2
2610	2
2611	2
2612	2
2613	2
2614	2
2615	2
2616	2
2617	2
2618	2
2619	2
2620	2
2621	2
2622	2
2623	2
2624	2
2625	2
2626	2
2627	2
2628	2
2629	2
2630	2
2631	2
2632	2
2633	2
2634	2
2635	2
2636	2
2637	2
2638	2
2639	2
2640	7
2641	7
2642	7
2643	7
2644	7
2645	7
2646	7
2647	7
2648	7
2649	7
2650	7
2651	7
2652	7
2653	7
2654	7
2655	7
2656	7
2657	8
2658	7
2659	7
2660	7
2661	8
2662	8
2663	7
2664	7
2665	7
2666	7
2667	7
2668	7
2669	7
2670	8
2671	7
2672	7
2673	7
2674	7
2675	8
2676	7
2677	7
2678	8
2679	7
2680	7
2681	7
2682	7
2683	7
2684	7
2685	7
2686	7
2687	7
2688	10
2689	10
2690	10
2691	10
315	9
1657	11
