0	1
1	1
2	1
3	1
4	1
5	1
6	1
7	4
8	4
9	4
10	4
11	4
12	4
13	4
14	4
15	4
16	6
17	4
18	6
19	6
20	9
21	12
22	12
23	12
24	12
25	12
26	12
27	12
28	12
29	2
30	2
31	2
32	2
33	2
34	2
35	2
36	2
37	2
38	2
39	2
40	2
41	2
42	2
43	2
44	2
45	2
46	2
47	2
48	2
49	2
50	2
51	2
52	2
53	7
54	7
55	7
56	7
57	7
58	2
59	2
60	2
61	2
62	2
63	2
64	2
65	7
66	7
67	7
68	7
69	7
70	7
71	12
72	12
73	12
74	12
75	2
76	2
77	2
78	2
79	2
80	2
81	2
82	2
83	8
84	8
85	8
86	8
87	8
88	8
89	8
90	8
91	8
92	8
93	8
94	8
95	8
96	6
97	4
98	6
99	4
100	4
101	4
102	4
103	4
104	4
105	6
106	4
107	4
108	6
109	4
110	4
111	4
112	4
113	4
114	4
115	4
116	4
117	4
118	4
119	4
120	4
121	4
122	4
123	4
124	4
125	4
126	4
127	4
128	4
129	10
130	10
131	10
132	10
133	10
134	10
135	10
136	10
137	10
138	10
139	10
140	10
141	10
142	10
143	10
144	10
145	10
146	10
147	10
148	10
149	10
150	10
151	10
152	10
153	10
154	10
155	10
156	10
157	10
158	10
159	10
160	10
161	10
162	10
163	10
164	10
165	10
166	5
167	5
168	5
169	5
170	5
171	5
172	5
173	5
174	5
175	5
176	5
177	5
178	5
179	5
180	5
181	5
182	5
183	1
184	1
185	1
186	1
187	1
188	1
189	1
190	1
191	1
192	1
193	1
194	1
195	1
196	1
197	1
198	1
199	1
200	1
201	1
202	1
203	1
204	1
205	1
206	1
207	1
208	12
209	12
210	12
211	12
212	12
213	12
214	12
215	12
216	12
217	12
218	12
219	12
220	12
221	12
222	12
223	12
224	12
225	12
226	12
227	12
228	12
229	12
230	12
231	12
232	12
233	12
234	12
235	12
236	12
237	12
238	12
239	12
240	12
241	12
242	12
243	12
244	12
245	12
246	12
247	12
248	1
249	1
250	1
251	1
252	1
253	1
254	1
255	1
256	1
257	1
258	1
259	1
260	1
261	11
262	11
263	11
264	11
265	11
266	11
267	11
268	11
269	11
270	11
271	11
272	11
273	11
274	11
275	11
276	11
277	11
278	11
279	11
280	11
281	11
282	11
283	11
284	11
285	11
286	11
287	11
288	11
289	11
290	11
291	11
292	11
293	11
294	11
295	11
296	11
297	11
298	11
299	11
300	11
301	11
302	1
303	1
304	1
305	1
306	7
307	13
308	7
309	13
310	7
311	7
312	7
313	7
314	7
316	6
317	6
318	6
319	6
320	6
321	6
322	6
323	6
324	6
325	6
326	6
327	6
328	6
329	6
330	6
331	7
332	7
333	7
334	7
335	7
336	7
337	6
338	6
339	6
340	7
341	7
342	7
343	7
344	7
345	13
346	7
347	7
348	7
349	7
350	7
351	7
352	7
353	13
354	13
355	13
356	13
357	13
358	13
359	13
360	13
361	13
362	13
363	13
364	13
365	13
366	13
367	13
368	13
369	13
370	13
371	13
372	7
373	7
374	7
375	13
376	7
377	7
378	7
379	7
380	7
381	7
382	7
383	7
384	7
385	7
386	7
387	7
388	7
389	6
390	6
391	6
392	6
393	6
394	7
395	7
396	7
397	7
398	6
399	6
400	6
401	6
402	6
403	12
404	12
405	12
406	12
407	12
408	12
409	6
410	6
411	6
412	6
413	2
414	2
415	6
416	6
417	6
418	6
419	6
420	6
421	2
422	6
423	6
424	6
425	5
426	5
427	5
428	5
429	5
430	5
431	5
432	5
433	2
434	6
435	6
436	2
437	6
438	6
439	6
440	6
441	6
442	6
443	2
444	6
445	6
446	5
447	5
448	5
449	5
450	5
451	6
452	6
453	6
454	5
455	5
456	5
457	2
458	6
459	6
460	6
461	2
462	2
463	5
464	5
465	5
466	5
467	5
468	5
469	5
470	5
471	5
472	5
473	6
474	6
475	11
476	11
477	11
478	11
479	11
480	11
481	11
482	11
483	11
484	12
485	12
486	11
487	11
488	11
489	11
490	11
491	11
492	11
493	11
494	11
495	11
496	11
497	11
498	12
499	11
500	11
501	11
502	12
503	11
504	11
505	11
506	12
507	12
508	12
509	12
510	12
511	12
512	12
513	12
514	12
515	12
516	12
517	12
518	12
519	12
520	12
521	12
522	8
523	8
524	8
525	8
526	1
527	1
528	8
529	8
530	8
531	8
532	8
533	8
534	8
535	8
536	8
537	8
538	1
539	1
540	1
541	1
542	1
543	1
544	1
545	1
546	1
547	1
548	1
549	1
550	1
551	1
552	1
553	1
554	1
555	1
556	1
557	1
558	1
559	12
560	12
561	12
562	12
563	12
564	12
565	1
566	1
567	1
568	1
569	1
570	9
571	9
572	9
573	9
574	8
575	9
576	9
577	9
578	8
579	9
580	9
581	1
582	1
583	1
584	1
585	1
586	1
587	11
588	12
589	12
590	12
591	12
592	12
593	12
594	12
595	12
596	11
597	12
598	12
599	12
600	12
601	12
602	12
603	1
604	1
605	1
606	1
607	1
608	1
609	1
610	1
611	1
612	1
613	1
614	1
615	1
616	1
617	12
618	12
619	12
620	11
621	12
622	11
623	11
624	11
625	12
626	11
627	11
628	12
629	12
630	12
631	12
632	12
633	12
634	11
635	12
636	12
637	12
638	11
639	1
640	1
641	1
642	1
643	1
644	1
645	1
646	1
647	1
648	1
649	1
650	1
651	1
652	1
653	1
654	1
655	1
656	1
657	5
658	5
659	11
660	11
661	6
662	6
663	6
664	6
665	6
666	6
667	6
668	9
669	9
670	10
671	10
672	10
673	10
674	10
675	10
676	10
677	10
678	10
679	10
680	6
681	6
682	6
683	6
684	6
685	6
686	6
687	6
688	6
689	6
690	6
691	6
692	6
693	6
694	6
695	6
696	6
697	10
698	10
699	10
700	10
701	10
702	10
703	10
704	10
705	10
706	10
707	10
708	10
709	10
710	10
711	10
712	10
713	10
714	6
715	6
716	12
717	12
718	10
719	10
720	10
721	12
722	12
723	12
724	12
725	12
726	12
727	12
728	12
729	12
730	12
731	12
732	2
733	2
734	2
735	2
736	2
737	11
738	5
739	5
740	5
741	5
742	5
743	11
744	11
745	2
746	2
747	2
748	2
749	2
750	2
751	2
752	2
753	2
754	2
755	2
756	2
757	2
758	2
759	2
760	2
761	2
762	2
763	2
764	2
765	2
766	11
767	5
768	5
769	5
770	2
771	2
772	5
773	5
774	5
775	5
776	11
777	5
778	5
779	5
780	5
781	5
782	5
783	5
784	5
785	12
786	5
787	11
788	5
789	5
790	11
791	12
792	12
793	12
794	12
795	12
796	12
797	12
798	12
799	12
800	12
801	5
802	11
803	5
804	5
805	12
806	12
807	12
808	5
809	5
810	5
811	7
812	4
813	7
814	7
815	7
816	7
817	7
818	4
819	4
820	4
821	7
822	7
823	7
824	7
825	7
826	7
827	4
828	4
829	4
830	7
831	7
832	7
833	7
834	7
835	7
836	7
837	7
838	7
839	7
840	7
841	7
842	7
843	7
844	7
845	7
846	7
847	4
848	4
849	4
850	4
851	4
852	7
853	7
854	7
855	7
856	4
857	4
858	1
859	1
860	1
861	1
862	1
863	1
864	1
865	1
866	1
867	1
868	1
869	1
870	1
871	7
872	7
873	7
874	7
875	4
876	7
877	4
878	7
879	7
880	4
881	7
882	7
883	7
884	7
885	7
886	7
887	7
888	4
889	4
890	4
891	4
892	4
893	7
894	7
895	7
896	7
897	7
898	4
899	4
900	4
901	4
902	7
903	7
904	7
905	7
906	7
907	4
908	4
909	7
910	4
911	4
912	4
913	4
914	7
915	7
916	7
917	7
918	7
919	7
920	4
921	4
922	4
923	4
924	4
925	7
926	7
927	7
928	7
929	7
930	4
931	4
932	4
933	4
934	4
935	7
936	7
937	7
938	4
939	4
940	4
941	7
942	4
943	4
944	4
945	4
946	7
947	4
948	7
949	4
950	4
951	4
952	4
953	4
954	4
955	4
956	4
957	7
958	7
959	7
960	4
961	4
962	4
963	7
964	7
965	7
966	4
967	4
968	4
969	7
970	7
971	7
972	7
973	7
974	4
975	4
976	7
977	7
978	4
979	4
980	4
981	4
982	6
983	6
984	4
985	5
986	5
987	5
988	5
989	5
990	5
991	5
992	5
993	5
994	5
995	5
996	5
997	5
998	5
999	5
1000	5
1001	5
1002	5
1003	5
1004	5
1005	5
1006	5
1007	6
1008	4
1009	5
1010	4
1011	6
1012	4
1013	6
1014	6
1015	6
1016	6
1017	4
1018	4
1019	6
1020	6
1021	6
1022	6
1023	6
1024	6
1025	6
1026	6
1027	4
1028	6
1029	6
1030	6
1031	6
1032	6
1033	6
1034	6
1035	6
1036	6
1037	6
1038	6
1039	4
1040	6
1041	6
1042	6
1043	6
1044	6
1045	6
1046	6
1047	6
1048	4
1049	6
1050	6
1051	4
1052	6
1053	6
1054	6
1055	6
1056	6
1057	6
1058	6
1059	6
1060	6
1061	6
1062	6
1063	6
1064	6
1065	6
1066	6
1067	6
1068	6
1069	6
1070	6
1071	6
1072	6
1073	6
1074	6
1075	2
1076	2
1077	2
1078	2
1079	2
1080	2
1081	2
1082	2
1083	2
1084	2
1085	2
1086	2
1087	11
1088	11
1089	11
1090	11
1091	11
1092	11
1093	11
1094	12
1095	12
1096	12
1097	12
1098	12
1099	12
1100	12
1101	12
1102	12
1103	12
1104	12
1105	12
1106	12
1107	8
1108	8
1109	8
1110	8
1111	8
1112	8
1113	8
1114	8
1115	8
1116	8
1117	8
1118	8
1119	8
1120	8
1121	8
1122	8
1123	8
1124	8
1125	8
1126	8
1127	8
1128	8
1129	8
1130	8
1131	8
1132	8
1133	8
1134	8
1135	8
1136	8
1137	8
1138	8
1139	8
1140	8
1141	8
1142	8
1143	8
1144	8
1145	8
1146	8
1147	8
1148	8
1149	8
1150	8
1151	8
1152	8
1153	8
1154	7
1155	7
1156	7
1157	7
1158	7
1159	7
1160	7
1161	7
1162	7
1163	7
1164	7
1165	7
1166	7
1167	7
1168	7
1169	6
1170	6
1171	4
1172	4
1173	6
1174	6
1175	6
1176	6
1177	4
1178	6
1179	6
1180	4
1181	6
1182	6
1183	6
1184	4
1185	6
1186	6
1187	6
1188	6
1189	6
1190	4
1191	6
1192	4
1193	6
1194	4
1195	6
1196	6
1197	6
1198	6
1199	6
1200	4
1201	4
1202	4
1203	4
1204	4
1205	4
1206	4
1207	4
1208	4
1209	4
1210	4
1211	4
1212	4
1213	4
1214	4
1215	4
1216	4
1217	4
1218	4
1219	4
1220	4
1221	4
1222	4
1223	4
1224	4
1225	4
1226	4
1227	4
1228	4
1229	4
1230	4
1231	4
1232	4
1233	4
1234	4
1235	4
1236	4
1237	4
1238	4
1239	4
1240	11
1241	11
1242	11
1243	12
1244	11
1245	11
1246	11
1247	11
1248	12
1249	12
1250	12
1251	12
1252	11
1253	2
1254	2
1255	2
1256	2
1257	2
1258	12
1259	12
1260	12
1261	12
1262	11
1263	11
1264	2
1265	2
1266	2
1267	2
1268	2
1269	2
1270	2
1271	2
1272	2
1273	2
1274	2
1275	2
1276	2
1277	2
1278	12
1279	12
1280	12
1281	12
1282	11
1283	11
1284	2
1285	2
1286	2
1287	2
1288	10
1289	12
1290	12
1291	12
1292	12
1293	12
1294	10
1295	12
1296	12
1297	12
1298	12
1299	10
1300	12
1301	12
1302	10
1303	2
1304	2
1305	2
1306	2
1307	2
1308	2
1309	2
1310	2
1311	2
1312	2
1313	2
1314	8
1315	8
1316	8
1317	8
1318	8
1319	8
1320	8
1321	8
1322	8
1323	8
1324	8
1325	8
1326	8
1327	8
1328	8
1329	8
1330	8
1331	8
1332	8
1333	8
1334	8
1335	8
1336	8
1337	8
1338	8
1339	8
1340	8
1341	8
1342	8
1343	8
1344	8
1345	8
1346	2
1347	2
1348	2
1349	2
1350	2
1351	2
1352	2
1353	2
1354	2
1355	2
1356	2
1357	2
1358	2
1359	2
1360	2
1361	2
1362	2
1363	8
1364	8
1365	8
1366	8
1367	8
1368	8
1369	8
1370	13
1371	13
1372	8
1373	8
1374	8
1375	8
1376	8
1377	8
1378	8
1379	13
1380	13
1381	12
1382	12
1383	12
1384	12
1385	12
1386	12
1387	12
1388	12
1389	12
1390	12
1391	12
1392	12
1393	12
1394	12
1395	12
1396	12
1397	2
1398	2
1399	2
1400	2
1401	2
1402	2
1403	2
1404	2
1405	2
1406	2
1407	2
1408	2
1409	2
1410	2
1411	2
1412	2
1413	2
1414	2
1415	2
1416	2
1417	2
1418	2
1419	2
1420	2
1421	2
1422	2
1423	2
1424	2
1425	2
1426	2
1427	2
1428	9
1429	9
1430	9
1431	9
1432	9
1433	9
1434	9
1435	9
1436	9
1437	9
1438	9
1439	9
1440	9
1441	6
1442	6
1443	6
1444	6
1445	6
1446	6
1447	6
1448	6
1449	6
1450	6
1451	6
1452	6
1453	6
1454	6
1455	9
1456	9
1457	9
1458	9
1459	9
1460	9
1461	9
1462	9
1463	9
1464	9
1465	12
1466	12
1467	12
1468	12
1469	10
1470	12
1471	12
1472	10
1473	10
1474	12
1475	12
1476	12
1477	12
1478	12
1479	12
1480	12
1481	12
1482	12
1483	12
1484	12
1485	12
1486	12
1487	10
1488	12
1489	6
1490	6
1491	6
1492	6
1493	6
1494	6
1495	6
1496	6
1497	6
1498	6
1499	6
1500	6
1501	1
1502	2
1503	2
1504	2
1505	2
1506	1
1507	1
1508	2
1509	1
1510	1
1511	2
1512	1
1513	1
1514	1
1515	1
1516	2
1517	2
1518	2
1519	2
1520	1
1521	1
1522	2
1523	1
1524	1
1525	1
1526	2
1527	1
1528	1
1529	5
1530	5
1531	5
1532	5
1533	5
1534	5
1535	5
1536	5
1537	5
1538	5
1539	5
1540	5
1541	5
1542	5
1543	5
1544	5
1545	5
1546	5
1547	5
1548	5
1549	5
1550	5
1551	5
1552	8
1553	8
1554	8
1555	8
1556	8
1557	8
1558	8
1559	8
1560	8
1561	8
1562	8
1563	8
1564	8
1565	8
1566	8
1567	8
1568	8
1569	8
1570	8
1571	8
1572	8
1573	8
1574	8
1575	8
1576	2
1577	2
1578	2
1579	2
1580	2
1581	2
1582	2
1583	2
1584	2
1585	2
1586	2
1587	2
1588	2
1589	2
1590	2
1591	2
1592	2
1593	2
1594	2
1595	2
1596	2
1597	2
1598	2
1599	2
1600	2
1601	2
1602	8
1603	8
1604	8
1605	8
1606	8
1607	8
1608	8
1609	8
1610	8
1611	8
1612	8
1613	8
1614	8
1615	8
1616	8
1617	8
1618	12
1619	12
1620	12
1621	12
1622	12
1623	12
1624	12
1625	12
1626	12
1627	12
1628	12
1629	4
1630	4
1631	4
1632	4
1633	4
1634	4
1635	4
1636	4
1637	4
1638	4
1639	4
1640	4
1641	4
1642	4
1643	4
1644	12
1645	12
1646	12
1647	12
1648	12
1649	4
1650	4
1651	4
1652	4
1653	4
1654	4
1655	4
1656	4
1658	4
1659	4
1660	4
1661	4
1662	4
1663	4
1664	4
1665	4
1666	4
1667	4
1668	4
1669	4
1670	4
1671	4
1672	4
1673	12
1674	4
1675	4
1676	4
1677	12
1678	11
1679	11
1680	11
1681	11
1682	11
1683	11
1684	11
1685	2
1686	2
1687	2
1688	2
1689	2
1690	2
1691	2
1692	2
1693	2
1694	2
1695	2
1696	2
1697	2
1698	2
1699	2
1700	2
1701	9
1702	6
1703	9
1704	9
1705	6
1706	6
1707	6
1708	6
1709	9
1710	6
1711	6
1712	6
1713	12
1714	12
1715	12
1716	12
1717	12
1718	12
1719	12
1720	12
1721	12
1722	12
1723	12
1724	12
1725	6
1726	6
1727	6
1728	12
1729	6
1730	6
1731	6
1732	6
1733	6
1734	6
1735	6
1736	9
1737	9
1738	9
1739	9
1740	9
1741	6
1742	1
1743	1
1744	1
1745	1
1746	1
1747	1
1748	1
1749	1
1750	1
1751	1
1752	1
1753	1
1754	1
1755	1
1756	1
1757	12
1758	12
1759	12
1760	12
1761	1
1762	1
1763	1
1764	3
1765	1
1766	1
1767	3
1768	1
1769	1
1770	1
1771	1
1772	1
1773	1
1774	12
1775	12
1776	12
1777	12
1778	12
1779	12
1780	12
1781	12
1782	12
1783	12
1784	12
1785	12
1786	12
1787	1
1788	1
1789	1
1790	1
1791	1
1792	1
1793	1
1794	1
1795	12
1796	12
1797	12
1798	12
1799	1
1800	1
1801	1
1802	1
1803	1
1804	3
1805	1
1806	1
1807	1
1808	1
1809	9
1810	9
1811	9
1812	9
1813	9
1814	9
1815	9
1816	9
1817	9
1818	9
1819	9
1820	9
1821	9
1822	9
1823	9
1824	9
1825	9
1826	9
1827	9
1828	9
1829	9
1830	11
1831	11
1832	11
1833	11
1834	11
1835	9
1836	9
1837	11
1838	9
1839	9
1840	13
1841	13
1842	13
1843	13
1844	13
1845	9
1846	9
1847	9
1848	9
1849	9
1850	9
1851	9
1852	9
1853	9
1854	9
1855	9
1856	9
1857	12
1858	12
1859	12
1860	12
1861	12
1862	12
1863	9
1864	9
1865	9
1866	9
1867	9
1868	9
1869	9
1870	9
1871	9
1872	11
1873	11
1874	11
1875	11
1876	11
1877	11
1878	11
1879	11
1880	11
1881	11
1882	11
1883	11
1884	11
1885	11
1886	11
1887	11
1888	11
1889	11
1890	11
1891	11
1892	11
1893	11
1894	11
1895	2
1896	2
1897	1
1898	7
1899	7
1900	7
1901	7
1902	7
1903	7
1904	2
1905	2
1906	2
1907	2
1908	2
1909	2
1910	2
1911	2
1912	2
1913	2
1914	2
1915	2
1916	7
1917	7
1918	7
1919	7
1920	7
1921	7
1922	7
1923	7
1924	1
1925	1
1926	2
1927	2
1928	2
1929	2
1930	1
1931	2
1932	2
1933	2
1934	2
1935	2
1936	2
1937	1
1938	2
1939	2
1940	1
1941	2
1942	2
1943	2
1944	2
1945	2
1946	2
1947	2
1948	2
1949	2
1950	2
1951	2
1952	1
1953	2
1954	2
1955	2
1956	2
1957	1
1958	2
1959	1
1960	2
1961	2
1962	1
1963	2
1964	2
1965	1
1966	2
1967	2
1968	2
1969	2
1970	2
1971	2
1972	1
1973	2
1974	2
1975	2
1976	8
1977	8
1978	8
1979	5
1980	8
1981	5
1982	5
1983	5
1984	5
1985	5
1986	5
1987	5
1988	8
1989	8
1990	8
1991	5
1992	8
1993	5
1994	5
1995	5
1996	8
1997	5
1998	8
1999	5
2000	5
2001	8
2002	8
2003	8
2004	8
2005	8
2006	8
2007	8
2008	8
2009	5
2010	5
2011	5
2012	5
2013	8
2014	5
2015	5
2016	8
2017	11
2018	11
2019	11
2020	11
2021	11
2022	11
2023	11
2024	11
2025	11
2026	11
2027	11
2028	11
2029	11
2030	5
2031	5
2032	5
2033	5
2034	11
2035	11
2036	11
2037	11
2038	12
2039	12
2040	12
2041	12
2042	12
2043	11
2044	11
2045	11
2046	11
2047	11
2048	12
2049	12
2050	11
2051	11
2052	11
2053	11
2054	11
2055	11
2056	11
2057	11
2058	8
2059	8
2060	8
2061	8
2062	8
2063	8
2064	8
2065	8
2066	8
2067	8
2068	11
2069	11
2070	11
2071	11
2072	11
2073	12
2074	11
2075	11
2076	11
2077	12
2078	11
2079	11
2080	11
2081	11
2082	11
2083	11
2084	11
2085	11
2086	11
2087	11
2088	11
2089	2
2090	2
2091	2
2092	2
2093	2
2094	2
2095	2
2096	1
2097	1
2098	1
2099	1
2100	1
2101	1
2102	1
2103	1
2104	2
2105	1
2106	1
2107	1
2108	1
2109	1
2110	1
2111	1
2112	1
2113	3
2114	3
2115	3
2116	3
2117	3
2118	9
2119	3
2120	3
2121	3
2122	3
2123	9
2124	11
2125	3
2126	3
2127	3
2128	3
2129	3
2130	3
2131	3
2132	3
2133	9
2134	3
2135	3
2136	3
2137	9
2138	9
2139	3
2140	9
2141	3
2142	3
2143	3
2144	3
2145	3
2146	9
2147	9
2148	3
2149	9
2150	3
2151	3
2152	3
2153	3
2154	3
2155	3
2156	3
2157	3
2158	3
2159	3
2160	3
2161	3
2162	3
2163	3
2164	3
2165	9
2166	3
2167	3
2168	3
2169	3
2170	3
2171	3
2172	3
2173	3
2174	3
2175	3
2176	9
2177	9
2178	3
2179	3
2180	9
2181	9
2182	3
2183	3
2184	3
2185	3
2186	3
2187	3
2188	3
2189	3
2190	3
2191	3
2192	3
2193	3
2194	3
2195	3
2196	9
2197	3
2198	3
2199	9
2200	3
2201	3
2202	3
2203	3
2204	3
2205	3
2206	3
2207	3
2208	3
2209	3
2210	3
2211	3
2212	3
2213	3
2214	3
2215	3
2216	9
2217	3
2218	3
2219	3
2220	3
2221	3
2222	3
2223	9
2224	3
2225	3
2226	3
2227	3
2228	3
2229	3
2230	9
2231	3
2232	3
2233	9
2234	9
2235	3
2236	9
2237	9
2238	9
2239	3
2240	3
2241	3
2242	9
2243	3
2244	3
2245	9
2246	3
2247	9
2248	9
2249	3
2250	3
2251	3
2252	3
2253	3
2254	3
2255	3
2256	9
2257	3
2258	3
2259	3
2260	3
2261	3
2262	3
2263	3
2264	3
2265	3
2266	3
2267	3
2268	3
2269	3
2270	3
2271	3
2272	3
2273	3
2274	3
2275	3
2276	3
2277	9
2278	3
2279	3
2280	3
2281	3
2282	3
2283	9
2284	11
2285	11
2286	3
2287	3
2288	3
2289	3
2290	3
2291	3
2292	3
2293	3
2294	3
2295	3
2296	3
2297	3
2298	9
2299	9
2300	9
2301	3
2302	9
2303	3
2304	9
2305	3
2306	3
2307	3
2308	3
2309	11
2310	11
2311	11
2312	7
2313	7
2314	7
2315	7
2316	7
2317	7
2318	7
2319	7
2320	7
2321	7
2322	7
2323	7
2324	7
2325	7
2326	7
2327	7
2328	7
2329	7
2330	1
2331	1
2332	1
2333	1
2334	1
2335	1
2336	1
2337	1
2338	1
2339	1
2340	1
2341	1
2342	1
2343	1
2344	1
2345	1
2346	7
2347	7
2348	7
2349	7
2350	7
2351	7
2352	7
2353	7
2354	7
2355	7
2356	7
2357	7
2358	7
2359	7
2360	7
2361	7
2362	7
2363	7
2364	7
2365	7
2366	9
2367	9
2368	9
2369	9
2370	9
2371	9
2372	9
2373	9
2374	9
2375	9
2376	9
2377	9
2378	9
2379	9
2380	9
2381	9
2382	9
2383	9
2384	9
2385	9
2386	9
2387	9
2388	9
2389	9
2390	9
2391	9
2392	9
2393	9
2394	9
2395	9
2396	9
2397	9
2398	9
2399	9
2400	9
2401	9
2402	9
2403	9
2404	9
2405	9
2406	9
2407	9
2408	9
2409	9
2410	9
2411	9
2412	9
2413	9
2414	9
2415	13
2416	13
2417	13
2418	13
2419	10
2420	10
2421	10
2422	13
2423	13
2424	13
2425	13
2426	13
2427	10
2428	10
2429	10
2430	10
2431	13
2432	13
2433	13
2434	13
2435	13
2436	13
2437	13
2438	10
2439	10
2440	13
2441	13
2442	13
2443	13
2444	13
2445	13
2446	13
2447	10
2448	13
2449	13
2450	13
2451	13
2452	13
2453	13
2454	13
2455	13
2456	13
2457	13
2458	13
2459	13
2460	10
2461	13
2462	13
2463	13
2464	13
2465	13
2466	13
2467	13
2468	13
2469	13
2470	13
2471	13
2472	13
2473	13
2474	13
2475	13
2476	13
2477	13
2478	13
2479	13
2480	13
2481	13
2482	13
2483	13
2484	13
2485	13
2486	13
2487	13
2488	13
2489	13
2490	13
2491	10
2492	13
2493	13
2494	13
2495	13
2496	10
2497	10
2498	10
2499	10
2500	13
2501	13
2502	13
2503	13
2504	13
2505	13
2506	13
2507	13
2508	10
2509	10
2510	10
2511	10
2512	10
2513	10
2514	10
2515	10
2516	10
2517	10
2518	10
2519	10
2520	10
2521	10
2522	10
2523	13
2524	13
2525	10
2526	13
2527	10
2528	13
2529	10
2530	10
2531	10
2532	10
2533	10
2534	10
2535	10
2536	10
2537	10
2538	10
2539	10
2540	10
2541	10
2542	13
2543	13
2544	10
2545	10
2546	10
2547	13
2548	13
2549	13
2550	10
2551	10
2552	10
2553	10
2554	10
2555	10
2556	10
2557	10
2558	13
2559	13
2560	13
2561	13
2562	10
2563	10
2564	13
2565	13
2566	13
2567	13
2568	10
2569	13
2570	13
2571	13
2572	13
2573	13
2574	13
2575	13
2576	13
2577	10
2578	13
2579	10
2580	10
2581	10
2582	13
2583	13
2584	10
2585	13
2586	13
2587	10
2588	10
2589	10
2590	10
2591	10
2592	10
2593	10
2594	13
2595	13
2596	13
2597	13
2598	13
2599	13
2600	10
2601	10
2602	13
2603	13
2604	10
2605	10
2606	11
2607	11
2608	11
2609	11
2610	11
2611	11
2612	11
2613	11
2614	11
2615	11
2616	11
2617	11
2618	11
2619	11
2620	11
2621	11
2622	11
2623	11
2624	11
2625	11
2626	11
2627	11
2628	11
2629	11
2630	11
2631	11
2632	11
2633	11
2634	11
2635	11
2636	11
2637	11
2638	11
2639	11
2640	5
2641	5
2642	5
2643	5
2644	5
2645	5
2646	5
2647	5
2648	5
2649	5
2650	5
2651	5
2652	5
2653	5
2654	5
2655	5
2656	5
2657	5
2658	5
2659	5
2660	5
2661	5
2662	5
2663	5
2664	5
2665	8
2666	5
2667	5
2668	8
2669	8
2670	5
2671	8
2672	5
2673	8
2674	5
2675	5
2676	5
2677	5
2678	5
2679	8
2680	5
2681	8
2682	8
2683	8
2684	8
2685	5
2686	5
2687	5
2688	1
2689	1
2690	1
2691	1
315	6
1657	4
