0	9
1	9
2	9
3	9
4	9
5	9
6	9
7	4
8	4
9	4
10	4
11	4
12	4
13	4
14	4
15	4
16	4
17	4
18	4
19	4
20	4
21	2
22	2
23	2
24	2
25	2
26	2
27	2
28	2
29	11
30	11
31	11
32	11
33	11
34	11
35	11
36	11
37	11
38	11
39	11
40	11
41	11
42	11
43	11
44	11
45	11
46	11
47	11
48	11
49	11
50	11
51	11
52	11
53	5
54	5
55	5
56	5
57	5
58	11
59	11
60	11
61	11
62	11
63	11
64	11
65	5
66	5
67	5
68	5
69	5
70	5
71	2
72	2
73	2
74	2
75	11
76	11
77	11
78	11
79	11
80	11
81	11
82	11
83	6
84	6
85	6
86	6
87	6
88	6
89	6
90	6
91	6
92	6
93	6
94	6
95	6
96	4
97	4
98	4
99	4
100	4
101	4
102	4
103	4
104	4
105	4
106	4
107	4
108	4
109	4
110	4
111	4
112	4
113	4
114	4
115	4
116	4
117	4
118	4
119	4
120	4
121	4
122	4
123	4
124	4
125	4
126	4
127	4
128	4
129	13
130	1
131	1
132	1
133	13
134	1
135	1
136	1
137	1
138	1
139	1
140	1
141	1
142	1
143	1
144	1
145	13
146	1
147	1
148	13
149	13
150	13
151	13
152	13
153	13
154	1
155	1
156	1
157	1
158	1
159	1
160	1
161	1
162	1
163	1
164	13
165	1
166	13
167	13
168	13
169	13
170	13
171	13
172	13
173	13
174	13
175	13
176	13
177	13
178	13
179	13
180	13
181	13
182	13
183	9
184	9
185	9
186	9
187	9
188	9
189	9
190	9
191	9
192	9
193	9
194	9
195	9
196	9
197	9
198	9
199	9
200	9
201	9
202	9
203	9
204	9
205	9
206	9
207	9
208	2
209	2
210	2
211	2
212	2
213	2
214	2
215	2
216	2
217	2
218	2
219	2
220	2
221	2
222	2
223	2
224	2
225	2
226	2
227	2
228	2
229	2
230	2
231	2
232	2
233	2
234	2
235	2
236	2
237	2
238	2
239	2
240	2
241	2
242	2
243	2
244	2
245	2
246	2
247	2
248	9
249	9
250	9
251	9
252	9
253	9
254	9
255	9
256	9
257	9
258	9
259	9
260	9
261	7
262	7
263	7
264	7
265	7
266	7
267	7
268	7
269	7
270	7
271	7
272	7
273	7
274	7
275	7
276	7
277	7
278	7
279	7
280	7
281	7
282	7
283	7
284	7
285	7
286	7
287	7
288	7
289	7
290	7
291	7
292	7
293	7
294	7
295	7
296	7
297	7
298	7
299	7
300	7
301	7
302	9
303	9
304	9
305	9
306	1
307	1
308	1
309	6
310	6
311	6
312	1
313	1
314	1
316	11
317	11
318	11
319	11
320	11
321	11
322	11
323	11
324	11
325	11
326	11
327	11
328	11
329	11
330	11
331	1
332	1
333	1
334	1
335	1
336	6
337	11
338	11
339	11
340	1
341	1
342	1
343	1
344	1
345	1
346	1
347	1
348	1
349	1
350	1
351	1
352	1
353	1
354	1
355	1
356	6
357	6
358	6
359	6
360	6
361	6
362	6
363	6
364	6
365	6
366	6
367	6
368	6
369	1
370	1
371	1
372	1
373	6
374	1
375	1
376	1
377	1
378	1
379	1
380	1
381	1
382	1
383	1
384	1
385	1
386	1
387	1
388	1
389	11
390	11
391	11
392	11
393	11
394	1
395	1
396	1
397	1
398	11
399	11
400	11
401	11
402	11
403	2
404	2
405	2
406	2
407	1
408	1
409	4
410	4
411	4
412	4
413	11
414	11
415	4
416	4
417	4
418	11
419	11
420	4
421	11
422	4
423	4
424	4
425	13
426	13
427	13
428	13
429	13
430	13
431	13
432	13
433	11
434	4
435	4
436	11
437	11
438	4
439	4
440	4
441	4
442	4
443	11
444	11
445	4
446	13
447	13
448	13
449	13
450	13
451	4
452	4
453	4
454	13
455	13
456	13
457	11
458	4
459	4
460	4
461	11
462	11
463	13
464	13
465	13
466	13
467	13
468	13
469	13
470	13
471	13
472	13
473	11
474	4
475	7
476	7
477	7
478	7
479	7
480	7
481	7
482	7
483	7
484	2
485	2
486	13
487	7
488	7
489	7
490	7
491	7
492	7
493	7
494	7
495	7
496	7
497	7
498	2
499	7
500	13
501	7
502	2
503	7
504	7
505	13
506	1
507	2
508	2
509	2
510	2
511	2
512	2
513	2
514	2
515	2
516	2
517	2
518	2
519	2
520	2
521	2
522	3
523	3
524	3
525	3
526	9
527	9
528	3
529	3
530	3
531	3
532	3
533	3
534	3
535	3
536	3
537	3
538	9
539	9
540	9
541	9
542	9
543	9
544	9
545	9
546	9
547	9
548	9
549	9
550	9
551	9
552	9
553	9
554	9
555	9
556	9
557	9
558	9
559	2
560	2
561	2
562	2
563	2
564	2
565	9
566	9
567	9
568	9
569	9
570	3
571	3
572	3
573	3
574	3
575	3
576	3
577	3
578	3
579	3
580	3
581	9
582	9
583	9
584	9
585	9
586	9
587	2
588	2
589	2
590	2
591	2
592	2
593	2
594	2
595	2
596	2
597	2
598	2
599	2
600	2
601	2
602	2
603	9
604	9
605	9
606	9
607	9
608	9
609	9
610	9
611	9
612	9
613	9
614	9
615	9
616	9
617	2
618	2
619	2
620	2
621	2
622	2
623	2
624	2
625	2
626	2
627	2
628	2
629	2
630	2
631	2
632	2
633	2
634	2
635	2
636	2
637	2
638	2
639	9
640	9
641	9
642	9
643	9
644	9
645	9
646	9
647	9
648	9
649	9
650	9
651	9
652	9
653	9
654	9
655	9
656	9
657	7
658	7
659	7
660	7
661	4
662	4
663	4
664	4
665	4
666	4
667	4
668	4
669	4
670	13
671	13
672	13
673	13
674	13
675	13
676	13
677	13
678	13
679	13
680	4
681	4
682	4
683	4
684	4
685	4
686	4
687	4
688	4
689	4
690	4
691	4
692	4
693	4
694	4
695	4
696	4
697	13
698	13
699	13
700	13
701	13
702	13
703	13
704	13
705	13
706	13
707	13
708	13
709	13
710	13
711	13
712	13
713	13
714	4
715	4
716	2
717	2
718	13
719	13
720	13
721	2
722	2
723	2
724	2
725	2
726	2
727	2
728	2
729	2
730	2
731	2
732	11
733	11
734	11
735	11
736	11
737	7
738	13
739	13
740	13
741	13
742	13
743	7
744	7
745	11
746	11
747	11
748	11
749	11
750	11
751	11
752	11
753	11
754	11
755	11
756	11
757	11
758	11
759	11
760	11
761	11
762	11
763	11
764	11
765	11
766	7
767	13
768	7
769	13
770	11
771	11
772	7
773	7
774	7
775	13
776	7
777	7
778	13
779	13
780	7
781	13
782	7
783	13
784	13
785	2
786	7
787	7
788	7
789	7
790	7
791	2
792	2
793	2
794	2
795	2
796	2
797	2
798	2
799	2
800	2
801	7
802	7
803	7
804	7
805	2
806	2
807	2
808	7
809	7
810	7
811	5
812	12
813	5
814	5
815	5
816	5
817	5
818	12
819	12
820	12
821	5
822	5
823	5
824	5
825	5
826	5
827	12
828	12
829	12
830	5
831	5
832	5
833	5
834	5
835	5
836	5
837	5
838	5
839	5
840	5
841	5
842	5
843	5
844	5
845	5
846	5
847	12
848	12
849	12
850	12
851	12
852	5
853	5
854	5
855	5
856	12
857	12
858	9
859	9
860	9
861	9
862	9
863	9
864	9
865	9
866	9
867	9
868	9
869	9
870	9
871	5
872	5
873	5
874	5
875	5
876	5
877	5
878	5
879	5
880	12
881	5
882	5
883	5
884	5
885	5
886	5
887	5
888	12
889	5
890	5
891	12
892	12
893	5
894	5
895	5
896	5
897	5
898	5
899	12
900	12
901	12
902	5
903	5
904	5
905	5
906	5
907	5
908	12
909	5
910	12
911	12
912	12
913	12
914	5
915	5
916	5
917	5
918	5
919	5
920	12
921	12
922	12
923	12
924	12
925	5
926	5
927	5
928	5
929	5
930	12
931	12
932	12
933	12
934	12
935	5
936	5
937	5
938	5
939	12
940	12
941	5
942	12
943	12
944	12
945	12
946	5
947	5
948	5
949	12
950	12
951	12
952	12
953	12
954	12
955	12
956	12
957	5
958	5
959	5
960	12
961	12
962	12
963	5
964	5
965	5
966	12
967	12
968	12
969	5
970	5
971	5
972	5
973	5
974	12
975	12
976	5
977	5
978	12
979	12
980	12
981	12
982	12
983	5
984	12
985	13
986	13
987	13
988	13
989	13
990	13
991	13
992	13
993	13
994	13
995	13
996	13
997	13
998	13
999	13
1000	13
1001	13
1002	13
1003	13
1004	13
1005	13
1006	13
1007	12
1008	12
1009	13
1010	12
1011	5
1012	12
1013	12
1014	12
1015	12
1016	12
1017	12
1018	12
1019	12
1020	12
1021	12
1022	12
1023	12
1024	12
1025	12
1026	12
1027	12
1028	5
1029	12
1030	5
1031	12
1032	12
1033	5
1034	12
1035	12
1036	12
1037	12
1038	12
1039	12
1040	12
1041	12
1042	12
1043	12
1044	12
1045	5
1046	12
1047	12
1048	12
1049	5
1050	12
1051	12
1052	12
1053	12
1054	12
1055	12
1056	12
1057	12
1058	12
1059	5
1060	12
1061	12
1062	12
1063	12
1064	12
1065	12
1066	12
1067	12
1068	12
1069	12
1070	12
1071	5
1072	5
1073	5
1074	5
1075	11
1076	11
1077	11
1078	11
1079	11
1080	11
1081	11
1082	11
1083	11
1084	11
1085	11
1086	11
1087	7
1088	7
1089	7
1090	7
1091	7
1092	7
1093	7
1094	2
1095	2
1096	2
1097	2
1098	2
1099	2
1100	2
1101	2
1102	2
1103	2
1104	2
1105	2
1106	2
1107	6
1108	6
1109	6
1110	6
1111	6
1112	5
1113	6
1114	5
1115	6
1116	5
1117	6
1118	5
1119	6
1120	6
1121	6
1122	5
1123	6
1124	5
1125	5
1126	6
1127	6
1128	6
1129	6
1130	5
1131	5
1132	5
1133	5
1134	6
1135	6
1136	5
1137	5
1138	5
1139	5
1140	6
1141	6
1142	6
1143	5
1144	6
1145	6
1146	5
1147	5
1148	6
1149	6
1150	6
1151	6
1152	6
1153	5
1154	1
1155	1
1156	1
1157	1
1158	1
1159	1
1160	1
1161	1
1162	1
1163	1
1164	1
1165	1
1166	1
1167	1
1168	1
1169	12
1170	12
1171	12
1172	12
1173	12
1174	12
1175	12
1176	12
1177	12
1178	12
1179	12
1180	12
1181	5
1182	5
1183	12
1184	12
1185	12
1186	12
1187	12
1188	12
1189	12
1190	12
1191	12
1192	12
1193	12
1194	12
1195	12
1196	12
1197	12
1198	12
1199	12
1200	12
1201	12
1202	12
1203	12
1204	12
1205	12
1206	12
1207	12
1208	12
1209	12
1210	12
1211	12
1212	12
1213	12
1214	12
1215	12
1216	12
1217	12
1218	12
1219	12
1220	12
1221	12
1222	12
1223	12
1224	12
1225	12
1226	12
1227	12
1228	12
1229	12
1230	12
1231	12
1232	12
1233	12
1234	12
1235	12
1236	12
1237	12
1238	12
1239	12
1240	7
1241	7
1242	2
1243	2
1244	2
1245	7
1246	2
1247	2
1248	2
1249	2
1250	2
1251	2
1252	2
1253	11
1254	11
1255	11
1256	11
1257	11
1258	2
1259	2
1260	2
1261	2
1262	7
1263	7
1264	11
1265	11
1266	11
1267	11
1268	11
1269	11
1270	11
1271	11
1272	11
1273	11
1274	11
1275	11
1276	11
1277	11
1278	1
1279	2
1280	2
1281	2
1282	7
1283	7
1284	11
1285	11
1286	11
1287	11
1288	1
1289	1
1290	1
1291	1
1292	1
1293	1
1294	1
1295	1
1296	2
1297	1
1298	2
1299	1
1300	2
1301	1
1302	1
1303	11
1304	11
1305	11
1306	11
1307	11
1308	11
1309	11
1310	11
1311	11
1312	11
1313	11
1314	5
1315	5
1316	5
1317	5
1318	5
1319	5
1320	5
1321	5
1322	5
1323	5
1324	5
1325	5
1326	5
1327	5
1328	5
1329	5
1330	5
1331	5
1332	5
1333	5
1334	5
1335	5
1336	5
1337	5
1338	5
1339	5
1340	5
1341	5
1342	5
1343	5
1344	5
1345	5
1346	11
1347	9
1348	9
1349	9
1350	11
1351	11
1352	11
1353	11
1354	9
1355	9
1356	11
1357	9
1358	9
1359	9
1360	11
1361	11
1362	11
1363	6
1364	6
1365	6
1366	6
1367	6
1368	6
1369	6
1370	6
1371	6
1372	6
1373	6
1374	6
1375	6
1376	6
1377	6
1378	6
1379	6
1380	6
1381	1
1382	1
1383	1
1384	1
1385	1
1386	1
1387	1
1388	1
1389	1
1390	1
1391	1
1392	1
1393	1
1394	1
1395	1
1396	1
1397	11
1398	11
1399	11
1400	11
1401	11
1402	11
1403	11
1404	11
1405	11
1406	11
1407	11
1408	11
1409	11
1410	11
1411	11
1412	11
1413	11
1414	11
1415	11
1416	11
1417	11
1418	11
1419	11
1420	11
1421	11
1422	11
1423	11
1424	11
1425	11
1426	11
1427	11
1428	3
1429	3
1430	3
1431	3
1432	3
1433	3
1434	3
1435	3
1436	3
1437	3
1438	3
1439	3
1440	3
1441	4
1442	4
1443	4
1444	4
1445	12
1446	4
1447	4
1448	12
1449	4
1450	12
1451	12
1452	12
1453	12
1454	12
1455	3
1456	3
1457	3
1458	3
1459	3
1460	3
1461	3
1462	3
1463	3
1464	3
1465	2
1466	2
1467	2
1468	2
1469	1
1470	2
1471	2
1472	2
1473	1
1474	2
1475	2
1476	2
1477	2
1478	2
1479	2
1480	2
1481	2
1482	2
1483	2
1484	2
1485	2
1486	2
1487	1
1488	2
1489	11
1490	11
1491	11
1492	11
1493	11
1494	11
1495	11
1496	11
1497	11
1498	11
1499	11
1500	11
1501	9
1502	9
1503	9
1504	9
1505	9
1506	9
1507	9
1508	9
1509	9
1510	9
1511	9
1512	9
1513	9
1514	9
1515	9
1516	9
1517	9
1518	9
1519	9
1520	9
1521	9
1522	9
1523	9
1524	9
1525	9
1526	9
1527	9
1528	9
1529	13
1530	13
1531	13
1532	13
1533	13
1534	13
1535	13
1536	13
1537	13
1538	13
1539	13
1540	13
1541	13
1542	13
1543	13
1544	13
1545	13
1546	13
1547	13
1548	13
1549	13
1550	13
1551	13
1552	6
1553	6
1554	6
1555	6
1556	6
1557	6
1558	6
1559	6
1560	6
1561	6
1562	6
1563	6
1564	6
1565	6
1566	6
1567	6
1568	6
1569	6
1570	6
1571	6
1572	6
1573	6
1574	6
1575	6
1576	11
1577	11
1578	11
1579	11
1580	11
1581	11
1582	11
1583	11
1584	11
1585	11
1586	11
1587	11
1588	11
1589	11
1590	11
1591	11
1592	11
1593	11
1594	11
1595	11
1596	11
1597	11
1598	11
1599	11
1600	11
1601	11
1602	3
1603	3
1604	3
1605	3
1606	3
1607	3
1608	3
1609	3
1610	3
1611	3
1612	3
1613	3
1614	3
1615	3
1616	3
1617	3
1618	2
1619	2
1620	2
1621	2
1622	2
1623	2
1624	2
1625	2
1626	2
1627	2
1628	2
1629	12
1630	4
1631	4
1632	4
1633	12
1634	4
1635	4
1636	4
1637	12
1638	12
1639	12
1640	12
1641	12
1642	4
1643	12
1644	2
1645	2
1646	2
1647	2
1648	2
1649	4
1650	12
1651	4
1652	12
1653	4
1654	4
1655	4
1656	12
1658	4
1659	4
1660	4
1661	4
1662	4
1663	4
1664	4
1665	4
1666	12
1667	4
1668	4
1669	12
1670	12
1671	4
1672	4
1673	2
1674	12
1675	4
1676	4
1677	2
1678	7
1679	7
1680	7
1681	7
1682	7
1683	7
1684	7
1685	11
1686	11
1687	11
1688	11
1689	11
1690	11
1691	11
1692	11
1693	11
1694	11
1695	11
1696	11
1697	11
1698	11
1699	11
1700	11
1701	4
1702	4
1703	10
1704	10
1705	4
1706	4
1707	4
1708	4
1709	4
1710	4
1711	4
1712	4
1713	2
1714	2
1715	2
1716	2
1717	2
1718	2
1719	2
1720	2
1721	2
1722	2
1723	2
1724	2
1725	4
1726	4
1727	4
1728	2
1729	4
1730	4
1731	4
1732	4
1733	4
1734	4
1735	4
1736	4
1737	4
1738	4
1739	4
1740	4
1741	4
1742	9
1743	4
1744	4
1745	9
1746	4
1747	4
1748	9
1749	4
1750	4
1751	4
1752	4
1753	9
1754	4
1755	9
1756	4
1757	2
1758	2
1759	2
1760	2
1761	4
1762	4
1763	4
1764	4
1765	4
1766	4
1767	4
1768	4
1769	4
1770	9
1771	9
1772	4
1773	4
1774	2
1775	2
1776	2
1777	2
1778	2
1779	2
1780	2
1781	2
1782	2
1783	2
1784	2
1785	2
1786	2
1787	4
1788	9
1789	9
1790	4
1791	4
1792	4
1793	9
1794	4
1795	2
1796	2
1797	2
1798	2
1799	4
1800	4
1801	4
1802	9
1803	4
1804	4
1805	4
1806	4
1807	9
1808	4
1809	3
1810	3
1811	3
1812	3
1813	3
1814	3
1815	3
1816	3
1817	3
1818	3
1819	3
1820	3
1821	3
1822	3
1823	3
1824	3
1825	3
1826	3
1827	3
1828	3
1829	3
1830	2
1831	2
1832	2
1833	2
1834	2
1835	3
1836	3
1837	2
1838	3
1839	3
1840	6
1841	6
1842	6
1843	6
1844	6
1845	3
1846	3
1847	3
1848	3
1849	3
1850	3
1851	3
1852	3
1853	3
1854	3
1855	3
1856	3
1857	2
1858	2
1859	2
1860	2
1861	2
1862	2
1863	3
1864	3
1865	3
1866	3
1867	3
1868	3
1869	3
1870	3
1871	3
1872	7
1873	7
1874	7
1875	7
1876	7
1877	7
1878	7
1879	7
1880	7
1881	7
1882	7
1883	7
1884	7
1885	7
1886	7
1887	7
1888	7
1889	7
1890	7
1891	7
1892	7
1893	7
1894	7
1895	9
1896	9
1897	9
1898	1
1899	5
1900	1
1901	5
1902	1
1903	5
1904	11
1905	11
1906	11
1907	11
1908	9
1909	9
1910	9
1911	9
1912	11
1913	11
1914	11
1915	11
1916	5
1917	5
1918	5
1919	5
1920	5
1921	1
1922	5
1923	5
1924	9
1925	9
1926	9
1927	9
1928	9
1929	11
1930	9
1931	11
1932	11
1933	9
1934	11
1935	11
1936	11
1937	9
1938	11
1939	11
1940	9
1941	9
1942	11
1943	11
1944	9
1945	11
1946	11
1947	11
1948	11
1949	11
1950	11
1951	9
1952	9
1953	9
1954	11
1955	11
1956	9
1957	9
1958	9
1959	9
1960	11
1961	11
1962	9
1963	9
1964	9
1965	9
1966	11
1967	11
1968	11
1969	11
1970	9
1971	9
1972	9
1973	11
1974	9
1975	11
1976	13
1977	13
1978	13
1979	13
1980	13
1981	13
1982	13
1983	13
1984	13
1985	13
1986	13
1987	13
1988	13
1989	13
1990	13
1991	13
1992	13
1993	13
1994	13
1995	13
1996	13
1997	13
1998	13
1999	13
2000	13
2001	13
2002	13
2003	13
2004	13
2005	13
2006	13
2007	13
2008	13
2009	13
2010	13
2011	13
2012	13
2013	13
2014	13
2015	13
2016	13
2017	7
2018	7
2019	7
2020	7
2021	7
2022	7
2023	7
2024	7
2025	7
2026	7
2027	7
2028	7
2029	7
2030	13
2031	13
2032	13
2033	13
2034	13
2035	7
2036	7
2037	7
2038	2
2039	2
2040	2
2041	2
2042	2
2043	7
2044	7
2045	7
2046	7
2047	7
2048	2
2049	2
2050	7
2051	7
2052	7
2053	7
2054	7
2055	7
2056	7
2057	7
2058	13
2059	13
2060	13
2061	13
2062	13
2063	13
2064	13
2065	13
2066	13
2067	13
2068	7
2069	7
2070	7
2071	7
2072	7
2073	2
2074	7
2075	7
2076	7
2077	2
2078	2
2079	7
2080	2
2081	7
2082	7
2083	7
2084	7
2085	7
2086	7
2087	7
2088	7
2089	11
2090	11
2091	11
2092	11
2093	11
2094	11
2095	11
2096	9
2097	9
2098	9
2099	9
2100	9
2101	9
2102	9
2103	9
2104	9
2105	9
2106	9
2107	9
2108	9
2109	9
2110	9
2111	9
2112	9
2113	10
2114	10
2115	10
2116	10
2117	10
2118	3
2119	3
2120	10
2121	10
2122	10
2123	3
2124	7
2125	10
2126	10
2127	10
2128	10
2129	10
2130	10
2131	10
2132	10
2133	3
2134	10
2135	10
2136	3
2137	3
2138	3
2139	10
2140	3
2141	10
2142	10
2143	10
2144	3
2145	10
2146	3
2147	3
2148	10
2149	10
2150	10
2151	10
2152	10
2153	10
2154	10
2155	10
2156	10
2157	10
2158	10
2159	10
2160	10
2161	10
2162	10
2163	10
2164	10
2165	10
2166	10
2167	10
2168	10
2169	10
2170	10
2171	10
2172	10
2173	10
2174	3
2175	3
2176	3
2177	3
2178	10
2179	10
2180	10
2181	10
2182	10
2183	10
2184	10
2185	10
2186	10
2187	10
2188	3
2189	10
2190	10
2191	10
2192	10
2193	10
2194	3
2195	10
2196	3
2197	3
2198	10
2199	3
2200	10
2201	10
2202	3
2203	10
2204	10
2205	10
2206	10
2207	10
2208	10
2209	10
2210	10
2211	10
2212	10
2213	10
2214	10
2215	3
2216	3
2217	10
2218	10
2219	10
2220	10
2221	10
2222	10
2223	3
2224	10
2225	10
2226	10
2227	10
2228	10
2229	10
2230	10
2231	10
2232	10
2233	3
2234	3
2235	10
2236	3
2237	3
2238	3
2239	10
2240	10
2241	10
2242	3
2243	3
2244	3
2245	3
2246	10
2247	10
2248	10
2249	10
2250	10
2251	10
2252	10
2253	3
2254	3
2255	3
2256	10
2257	10
2258	10
2259	10
2260	10
2261	10
2262	10
2263	10
2264	10
2265	10
2266	10
2267	10
2268	10
2269	3
2270	3
2271	10
2272	10
2273	10
2274	10
2275	10
2276	10
2277	3
2278	10
2279	10
2280	10
2281	10
2282	10
2283	3
2284	7
2285	7
2286	10
2287	10
2288	10
2289	10
2290	10
2291	10
2292	10
2293	10
2294	10
2295	10
2296	10
2297	10
2298	3
2299	3
2300	3
2301	10
2302	3
2303	10
2304	3
2305	10
2306	10
2307	10
2308	10
2309	7
2310	7
2311	7
2312	5
2313	5
2314	5
2315	5
2316	5
2317	5
2318	5
2319	5
2320	5
2321	5
2322	5
2323	5
2324	5
2325	5
2326	5
2327	5
2328	5
2329	5
2330	9
2331	9
2332	9
2333	9
2334	9
2335	9
2336	9
2337	9
2338	9
2339	9
2340	9
2341	9
2342	9
2343	9
2344	9
2345	9
2346	5
2347	5
2348	5
2349	5
2350	5
2351	5
2352	5
2353	5
2354	5
2355	5
2356	5
2357	5
2358	5
2359	5
2360	5
2361	5
2362	5
2363	5
2364	5
2365	5
2366	3
2367	3
2368	3
2369	3
2370	3
2371	3
2372	3
2373	3
2374	3
2375	3
2376	3
2377	3
2378	3
2379	3
2380	3
2381	3
2382	3
2383	3
2384	3
2385	3
2386	3
2387	3
2388	3
2389	3
2390	3
2391	3
2392	3
2393	3
2394	3
2395	3
2396	3
2397	3
2398	3
2399	3
2400	3
2401	3
2402	3
2403	3
2404	3
2405	3
2406	3
2407	3
2408	3
2409	3
2410	3
2411	3
2412	3
2413	3
2414	3
2415	8
2416	1
2417	8
2418	8
2419	8
2420	8
2421	8
2422	8
2423	8
2424	8
2425	8
2426	8
2427	8
2428	8
2429	8
2430	8
2431	8
2432	8
2433	8
2434	8
2435	8
2436	8
2437	8
2438	8
2439	8
2440	8
2441	8
2442	8
2443	8
2444	8
2445	8
2446	8
2447	8
2448	8
2449	8
2450	8
2451	8
2452	8
2453	8
2454	8
2455	8
2456	8
2457	8
2458	8
2459	8
2460	8
2461	8
2462	8
2463	8
2464	8
2465	8
2466	8
2467	8
2468	8
2469	8
2470	8
2471	8
2472	8
2473	8
2474	8
2475	8
2476	8
2477	8
2478	8
2479	8
2480	8
2481	8
2482	8
2483	8
2484	8
2485	8
2486	8
2487	8
2488	8
2489	8
2490	8
2491	8
2492	8
2493	8
2494	8
2495	8
2496	1
2497	1
2498	1
2499	1
2500	8
2501	8
2502	8
2503	1
2504	1
2505	1
2506	1
2507	8
2508	1
2509	1
2510	1
2511	1
2512	1
2513	1
2514	1
2515	8
2516	8
2517	8
2518	8
2519	8
2520	8
2521	8
2522	8
2523	8
2524	8
2525	8
2526	8
2527	8
2528	8
2529	8
2530	8
2531	1
2532	8
2533	1
2534	8
2535	1
2536	8
2537	1
2538	8
2539	8
2540	1
2541	8
2542	8
2543	8
2544	8
2545	8
2546	8
2547	8
2548	8
2549	8
2550	8
2551	8
2552	8
2553	1
2554	8
2555	8
2556	8
2557	8
2558	1
2559	1
2560	8
2561	8
2562	8
2563	8
2564	8
2565	8
2566	8
2567	8
2568	8
2569	8
2570	8
2571	8
2572	8
2573	8
2574	8
2575	8
2576	8
2577	8
2578	8
2579	8
2580	8
2581	8
2582	8
2583	8
2584	8
2585	8
2586	8
2587	1
2588	1
2589	1
2590	1
2591	1
2592	1
2593	1
2594	8
2595	8
2596	8
2597	1
2598	8
2599	8
2600	8
2601	8
2602	8
2603	8
2604	8
2605	8
2606	7
2607	7
2608	7
2609	7
2610	7
2611	7
2612	7
2613	7
2614	7
2615	7
2616	7
2617	7
2618	7
2619	7
2620	7
2621	7
2622	7
2623	7
2624	7
2625	7
2626	7
2627	7
2628	7
2629	7
2630	7
2631	7
2632	7
2633	7
2634	7
2635	7
2636	7
2637	7
2638	7
2639	7
2640	6
2641	6
2642	6
2643	6
2644	6
2645	6
2646	6
2647	6
2648	6
2649	6
2650	6
2651	6
2652	6
2653	6
2654	6
2655	6
2656	13
2657	13
2658	13
2659	6
2660	6
2661	13
2662	13
2663	6
2664	6
2665	6
2666	6
2667	6
2668	6
2669	6
2670	6
2671	6
2672	13
2673	6
2674	13
2675	13
2676	6
2677	6
2678	13
2679	6
2680	6
2681	6
2682	6
2683	6
2684	6
2685	6
2686	6
2687	6
2688	9
2689	9
2690	9
2691	9
315	11
1657	4
