0	1
1	1
2	1
3	1
4	1
5	1
6	1
7	10
8	10
9	10
10	10
11	10
12	10
13	10
14	10
15	10
16	10
17	10
18	6
19	6
20	6
21	2
22	2
23	2
24	2
25	2
26	2
27	2
28	2
29	6
30	6
31	6
32	6
33	6
34	6
35	6
36	6
37	6
38	6
39	6
40	6
41	6
42	6
43	6
44	6
45	6
46	6
47	6
48	6
49	6
50	7
51	6
52	6
53	3
54	3
55	3
56	3
57	3
58	6
59	7
60	7
61	7
62	7
63	7
64	7
65	3
66	3
67	3
68	3
69	3
70	3
71	2
72	2
73	2
74	2
75	6
76	6
77	6
78	6
79	7
80	6
81	7
82	6
83	8
84	8
85	8
86	8
87	8
88	8
89	8
90	8
91	8
92	8
93	8
94	8
95	8
96	10
97	10
98	10
99	10
100	10
101	10
102	10
103	10
104	10
105	10
106	10
107	10
108	10
109	10
110	10
111	10
112	10
113	10
114	10
115	10
116	10
117	10
118	10
119	10
120	10
121	10
122	10
123	10
124	10
125	10
126	10
127	10
128	10
129	11
130	11
131	11
132	11
133	11
134	11
135	11
136	11
137	11
138	11
139	11
140	11
141	11
142	11
143	11
144	11
145	11
146	11
147	11
148	11
149	11
150	11
151	11
152	11
153	11
154	11
155	11
156	11
157	11
158	11
159	11
160	11
161	11
162	11
163	11
164	11
165	11
166	4
167	4
168	4
169	4
170	4
171	4
172	4
173	4
174	4
175	4
176	4
177	4
178	4
179	4
180	4
181	4
182	4
183	1
184	1
185	1
186	1
187	1
188	1
189	1
190	1
191	1
192	1
193	1
194	1
195	1
196	1
197	1
198	1
199	1
200	1
201	1
202	1
203	1
204	1
205	1
206	1
207	1
208	9
209	9
210	9
211	9
212	9
213	9
214	9
215	9
216	9
217	9
218	9
219	9
220	9
221	9
222	9
223	9
224	9
225	9
226	9
227	9
228	9
229	9
230	9
231	9
232	9
233	9
234	9
235	9
236	9
237	9
238	9
239	9
240	9
241	9
242	9
243	9
244	9
245	9
246	9
247	9
248	1
249	1
250	1
251	1
252	1
253	1
254	1
255	1
256	1
257	1
258	1
259	1
260	1
261	2
262	2
263	2
264	2
265	2
266	2
267	2
268	2
269	2
270	2
271	2
272	2
273	2
274	2
275	2
276	2
277	2
278	2
279	2
280	2
281	2
282	2
283	2
284	2
285	2
286	2
287	2
288	2
289	2
290	2
291	2
292	2
293	2
294	2
295	2
296	2
297	2
298	2
299	2
300	2
301	2
302	1
303	1
304	1
305	1
306	13
307	13
308	9
309	13
310	13
311	13
312	13
313	13
314	13
316	6
317	6
318	6
319	6
320	6
321	6
322	6
323	6
324	6
325	6
326	6
327	6
328	6
329	6
330	6
331	9
332	13
333	13
334	9
335	13
336	13
337	6
338	6
339	6
340	13
341	13
342	13
343	13
344	9
345	9
346	9
347	13
348	13
349	13
350	13
351	9
352	9
353	13
354	13
355	13
356	3
357	3
358	3
359	3
360	3
361	3
362	3
363	3
364	3
365	3
366	3
367	3
368	3
369	13
370	9
371	13
372	13
373	13
374	13
375	13
376	13
377	9
378	13
379	13
380	9
381	9
382	9
383	13
384	13
385	13
386	9
387	13
388	13
389	6
390	6
391	6
392	6
393	6
394	13
395	13
396	13
397	13
398	6
399	6
400	6
401	6
402	6
403	9
404	9
405	9
406	9
407	9
408	9
409	7
410	7
411	7
412	7
413	7
414	7
415	7
416	7
417	7
418	7
419	7
420	7
421	7
422	7
423	7
424	7
425	4
426	4
427	4
428	4
429	4
430	4
431	4
432	4
433	7
434	7
435	7
436	7
437	7
438	7
439	7
440	7
441	7
442	7
443	7
444	7
445	7
446	4
447	4
448	4
449	4
450	4
451	7
452	7
453	7
454	4
455	4
456	4
457	7
458	7
459	7
460	7
461	7
462	7
463	4
464	4
465	4
466	4
467	4
468	4
469	4
470	4
471	4
472	4
473	7
474	7
475	2
476	2
477	4
478	4
479	4
480	4
481	4
482	4
483	4
484	9
485	9
486	4
487	4
488	4
489	2
490	2
491	2
492	2
493	2
494	2
495	4
496	4
497	4
498	9
499	4
500	4
501	4
502	9
503	4
504	4
505	4
506	9
507	9
508	9
509	9
510	9
511	9
512	9
513	9
514	9
515	9
516	9
517	9
518	9
519	9
520	9
521	9
522	10
523	10
524	10
525	8
526	1
527	1
528	8
529	8
530	8
531	8
532	8
533	8
534	8
535	8
536	8
537	8
538	1
539	1
540	1
541	1
542	1
543	1
544	1
545	1
546	1
547	1
548	1
549	1
550	1
551	1
552	1
553	1
554	1
555	1
556	1
557	1
558	1
559	2
560	2
561	2
562	2
563	2
564	2
565	1
566	1
567	1
568	1
569	1
570	8
571	8
572	8
573	8
574	8
575	8
576	8
577	8
578	8
579	8
580	8
581	1
582	1
583	1
584	1
585	1
586	1
587	2
588	2
589	2
590	2
591	2
592	9
593	9
594	2
595	9
596	2
597	9
598	2
599	9
600	9
601	9
602	9
603	1
604	1
605	1
606	1
607	1
608	1
609	1
610	1
611	1
612	1
613	1
614	1
615	1
616	1
617	2
618	9
619	9
620	2
621	2
622	2
623	2
624	2
625	2
626	2
627	2
628	2
629	2
630	9
631	9
632	2
633	2
634	2
635	2
636	2
637	2
638	2
639	1
640	1
641	1
642	1
643	1
644	1
645	1
646	1
647	1
648	1
649	1
650	1
651	1
652	1
653	1
654	1
655	1
656	1
657	4
658	4
659	4
660	4
661	7
662	7
663	7
664	7
665	7
666	7
667	7
668	7
669	7
670	9
671	9
672	11
673	9
674	11
675	9
676	9
677	11
678	11
679	11
680	7
681	7
682	7
683	7
684	7
685	7
686	7
687	7
688	7
689	7
690	7
691	7
692	7
693	7
694	7
695	7
696	7
697	11
698	9
699	11
700	9
701	9
702	11
703	9
704	11
705	11
706	11
707	9
708	9
709	11
710	9
711	9
712	9
713	9
714	7
715	7
716	2
717	2
718	9
719	9
720	9
721	2
722	2
723	2
724	2
725	2
726	2
727	2
728	2
729	2
730	2
731	2
732	6
733	6
734	6
735	6
736	6
737	4
738	4
739	4
740	4
741	4
742	4
743	4
744	4
745	6
746	6
747	6
748	6
749	6
750	6
751	6
752	6
753	6
754	6
755	6
756	6
757	6
758	6
759	6
760	6
761	6
762	6
763	6
764	6
765	6
766	4
767	4
768	4
769	4
770	6
771	6
772	4
773	4
774	4
775	4
776	4
777	4
778	4
779	4
780	4
781	4
782	4
783	4
784	4
785	9
786	4
787	4
788	4
789	4
790	4
791	9
792	9
793	9
794	9
795	9
796	9
797	9
798	9
799	9
800	9
801	4
802	4
803	4
804	4
805	9
806	9
807	9
808	4
809	4
810	4
811	5
812	10
813	5
814	5
815	5
816	5
817	5
818	5
819	5
820	5
821	5
822	5
823	5
824	5
825	5
826	5
827	5
828	5
829	5
830	5
831	5
832	5
833	5
834	5
835	5
836	5
837	5
838	5
839	5
840	5
841	5
842	5
843	5
844	5
845	5
846	5
847	5
848	5
849	5
850	10
851	10
852	5
853	5
854	5
855	5
856	10
857	10
858	1
859	1
860	1
861	1
862	1
863	1
864	1
865	1
866	1
867	1
868	1
869	1
870	1
871	5
872	5
873	5
874	5
875	5
876	5
877	5
878	5
879	5
880	5
881	5
882	5
883	5
884	5
885	5
886	5
887	5
888	5
889	5
890	5
891	5
892	10
893	5
894	5
895	5
896	5
897	5
898	5
899	10
900	10
901	10
902	5
903	5
904	5
905	5
906	5
907	5
908	5
909	5
910	10
911	10
912	10
913	10
914	5
915	5
916	5
917	5
918	5
919	5
920	5
921	5
922	10
923	10
924	5
925	5
926	5
927	5
928	5
929	5
930	5
931	5
932	5
933	10
934	5
935	5
936	5
937	5
938	5
939	5
940	5
941	5
942	5
943	5
944	10
945	10
946	5
947	5
948	5
949	5
950	5
951	5
952	5
953	5
954	10
955	10
956	10
957	5
958	5
959	5
960	5
961	5
962	5
963	5
964	5
965	5
966	5
967	5
968	5
969	5
970	5
971	5
972	5
973	5
974	5
975	5
976	5
977	5
978	5
979	5
980	5
981	5
982	6
983	5
984	6
985	11
986	11
987	11
988	11
989	11
990	11
991	11
992	4
993	11
994	11
995	11
996	11
997	11
998	11
999	11
1000	4
1001	4
1002	11
1003	11
1004	11
1005	11
1006	11
1007	6
1008	6
1009	11
1010	6
1011	5
1012	6
1013	6
1014	6
1015	6
1016	6
1017	6
1018	5
1019	5
1020	6
1021	6
1022	6
1023	6
1024	6
1025	6
1026	6
1027	6
1028	5
1029	5
1030	5
1031	5
1032	6
1033	5
1034	6
1035	6
1036	6
1037	6
1038	6
1039	6
1040	6
1041	6
1042	6
1043	6
1044	5
1045	5
1046	6
1047	6
1048	6
1049	5
1050	6
1051	5
1052	6
1053	6
1054	6
1055	6
1056	6
1057	6
1058	6
1059	6
1060	6
1061	6
1062	5
1063	6
1064	6
1065	6
1066	6
1067	6
1068	6
1069	6
1070	6
1071	5
1072	6
1073	6
1074	6
1075	7
1076	7
1077	7
1078	7
1079	7
1080	7
1081	7
1082	7
1083	7
1084	7
1085	7
1086	7
1087	2
1088	2
1089	2
1090	2
1091	2
1092	2
1093	2
1094	2
1095	2
1096	2
1097	2
1098	2
1099	2
1100	2
1101	2
1102	2
1103	2
1104	2
1105	2
1106	2
1107	13
1108	13
1109	13
1110	13
1111	13
1112	3
1113	13
1114	3
1115	13
1116	3
1117	13
1118	3
1119	13
1120	13
1121	13
1122	3
1123	13
1124	3
1125	3
1126	13
1127	13
1128	13
1129	13
1130	3
1131	3
1132	3
1133	3
1134	13
1135	13
1136	3
1137	3
1138	3
1139	3
1140	13
1141	13
1142	13
1143	3
1144	13
1145	13
1146	3
1147	3
1148	13
1149	13
1150	13
1151	13
1152	13
1153	3
1154	9
1155	9
1156	9
1157	9
1158	9
1159	9
1160	9
1161	9
1162	9
1163	9
1164	9
1165	9
1166	9
1167	9
1168	9
1169	6
1170	6
1171	6
1172	5
1173	6
1174	6
1175	6
1176	6
1177	5
1178	5
1179	5
1180	5
1181	5
1182	5
1183	6
1184	6
1185	6
1186	6
1187	6
1188	6
1189	6
1190	6
1191	6
1192	6
1193	6
1194	6
1195	6
1196	6
1197	5
1198	6
1199	5
1200	10
1201	10
1202	10
1203	10
1204	10
1205	10
1206	10
1207	10
1208	10
1209	10
1210	10
1211	10
1212	10
1213	10
1214	10
1215	10
1216	10
1217	10
1218	10
1219	10
1220	10
1221	10
1222	10
1223	10
1224	10
1225	10
1226	10
1227	10
1228	10
1229	10
1230	10
1231	10
1232	10
1233	10
1234	10
1235	10
1236	10
1237	10
1238	10
1239	10
1240	2
1241	2
1242	2
1243	2
1244	2
1245	2
1246	2
1247	2
1248	2
1249	2
1250	2
1251	2
1252	2
1253	7
1254	7
1255	7
1256	7
1257	7
1258	2
1259	2
1260	2
1261	2
1262	2
1263	2
1264	7
1265	7
1266	7
1267	7
1268	7
1269	7
1270	7
1271	7
1272	7
1273	7
1274	7
1275	7
1276	7
1277	7
1278	9
1279	9
1280	9
1281	2
1282	2
1283	2
1284	7
1285	7
1286	7
1287	7
1288	9
1289	9
1290	9
1291	9
1292	9
1293	9
1294	9
1295	9
1296	9
1297	9
1298	9
1299	9
1300	9
1301	9
1302	9
1303	7
1304	7
1305	7
1306	7
1307	7
1308	7
1309	7
1310	7
1311	7
1312	7
1313	7
1314	5
1315	5
1316	3
1317	5
1318	3
1319	5
1320	5
1321	5
1322	5
1323	5
1324	3
1325	3
1326	5
1327	3
1328	5
1329	5
1330	5
1331	3
1332	3
1333	3
1334	5
1335	5
1336	3
1337	3
1338	5
1339	5
1340	3
1341	3
1342	5
1343	5
1344	3
1345	5
1346	7
1347	7
1348	7
1349	7
1350	7
1351	7
1352	7
1353	7
1354	7
1355	7
1356	7
1357	7
1358	7
1359	7
1360	7
1361	7
1362	7
1363	3
1364	3
1365	3
1366	3
1367	3
1368	3
1369	3
1370	3
1371	3
1372	3
1373	3
1374	3
1375	3
1376	3
1377	3
1378	3
1379	3
1380	13
1381	9
1382	9
1383	9
1384	9
1385	9
1386	9
1387	9
1388	9
1389	9
1390	9
1391	9
1392	9
1393	9
1394	9
1395	9
1396	9
1397	7
1398	7
1399	7
1400	7
1401	7
1402	7
1403	7
1404	7
1405	7
1406	7
1407	7
1408	7
1409	7
1410	7
1411	7
1412	7
1413	7
1414	7
1415	7
1416	7
1417	7
1418	7
1419	7
1420	7
1421	7
1422	7
1423	7
1424	7
1425	7
1426	7
1427	7
1428	10
1429	10
1430	10
1431	10
1432	8
1433	10
1434	10
1435	10
1436	10
1437	10
1438	10
1439	10
1440	10
1441	10
1442	10
1443	10
1444	10
1445	10
1446	10
1447	10
1448	10
1449	10
1450	10
1451	10
1452	10
1453	10
1454	10
1455	10
1456	8
1457	10
1458	8
1459	10
1460	10
1461	10
1462	10
1463	10
1464	10
1465	9
1466	9
1467	9
1468	9
1469	9
1470	9
1471	9
1472	9
1473	9
1474	9
1475	9
1476	9
1477	9
1478	9
1479	9
1480	9
1481	9
1482	9
1483	9
1484	9
1485	9
1486	9
1487	9
1488	9
1489	6
1490	6
1491	6
1492	6
1493	6
1494	6
1495	6
1496	6
1497	6
1498	6
1499	6
1500	6
1501	1
1502	1
1503	1
1504	1
1505	1
1506	1
1507	1
1508	1
1509	1
1510	1
1511	1
1512	1
1513	1
1514	1
1515	1
1516	1
1517	1
1518	1
1519	1
1520	1
1521	1
1522	1
1523	1
1524	1
1525	1
1526	1
1527	1
1528	1
1529	4
1530	4
1531	4
1532	4
1533	4
1534	4
1535	4
1536	4
1537	4
1538	4
1539	4
1540	4
1541	4
1542	4
1543	4
1544	4
1545	4
1546	4
1547	4
1548	4
1549	4
1550	4
1551	4
1552	8
1553	8
1554	8
1555	3
1556	8
1557	3
1558	8
1559	8
1560	8
1561	8
1562	8
1563	8
1564	8
1565	8
1566	3
1567	8
1568	8
1569	8
1570	8
1571	8
1572	8
1573	8
1574	8
1575	8
1576	6
1577	6
1578	6
1579	6
1580	6
1581	6
1582	6
1583	6
1584	6
1585	6
1586	6
1587	6
1588	6
1589	6
1590	6
1591	6
1592	6
1593	7
1594	7
1595	7
1596	7
1597	7
1598	7
1599	7
1600	7
1601	7
1602	8
1603	8
1604	8
1605	8
1606	8
1607	8
1608	8
1609	8
1610	8
1611	8
1612	8
1613	8
1614	8
1615	8
1616	8
1617	8
1618	9
1619	9
1620	9
1621	9
1622	9
1623	9
1624	9
1625	9
1626	9
1627	9
1628	9
1629	10
1630	10
1631	10
1632	10
1633	10
1634	10
1635	10
1636	10
1637	10
1638	10
1639	10
1640	10
1641	10
1642	10
1643	10
1644	9
1645	9
1646	9
1647	9
1648	9
1649	10
1650	10
1651	10
1652	10
1653	10
1654	10
1655	10
1656	10
1658	10
1659	10
1660	10
1661	10
1662	10
1663	10
1664	10
1665	10
1666	10
1667	10
1668	10
1669	10
1670	10
1671	10
1672	10
1673	9
1674	10
1675	10
1676	10
1677	9
1678	2
1679	2
1680	2
1681	2
1682	2
1683	2
1684	2
1685	6
1686	6
1687	6
1688	6
1689	6
1690	6
1691	6
1692	6
1693	6
1694	6
1695	6
1696	6
1697	6
1698	6
1699	6
1700	6
1701	6
1702	6
1703	8
1704	8
1705	6
1706	6
1707	6
1708	6
1709	6
1710	6
1711	6
1712	6
1713	9
1714	9
1715	9
1716	9
1717	9
1718	9
1719	9
1720	9
1721	9
1722	9
1723	9
1724	9
1725	6
1726	6
1727	6
1728	9
1729	6
1730	6
1731	6
1732	6
1733	6
1734	6
1735	6
1736	6
1737	6
1738	6
1739	6
1740	6
1741	6
1742	1
1743	1
1744	1
1745	1
1746	1
1747	1
1748	1
1749	1
1750	1
1751	1
1752	1
1753	1
1754	1
1755	1
1756	12
1757	9
1758	9
1759	9
1760	9
1761	1
1762	1
1763	1
1764	12
1765	1
1766	1
1767	12
1768	1
1769	1
1770	1
1771	1
1772	1
1773	1
1774	9
1775	9
1776	9
1777	9
1778	9
1779	9
1780	9
1781	9
1782	9
1783	9
1784	9
1785	9
1786	9
1787	1
1788	1
1789	1
1790	1
1791	1
1792	1
1793	1
1794	1
1795	9
1796	9
1797	9
1798	9
1799	1
1800	1
1801	1
1802	1
1803	1
1804	1
1805	1
1806	1
1807	1
1808	1
1809	10
1810	10
1811	8
1812	10
1813	10
1814	8
1815	10
1816	10
1817	8
1818	10
1819	10
1820	10
1821	10
1822	10
1823	10
1824	8
1825	10
1826	10
1827	10
1828	10
1829	10
1830	2
1831	2
1832	2
1833	2
1834	2
1835	8
1836	8
1837	2
1838	10
1839	10
1840	3
1841	3
1842	3
1843	3
1844	3
1845	10
1846	10
1847	10
1848	10
1849	10
1850	10
1851	10
1852	10
1853	10
1854	8
1855	8
1856	8
1857	2
1858	2
1859	2
1860	2
1861	2
1862	2
1863	8
1864	10
1865	10
1866	10
1867	10
1868	10
1869	10
1870	10
1871	10
1872	4
1873	4
1874	2
1875	2
1876	4
1877	2
1878	4
1879	2
1880	2
1881	2
1882	4
1883	2
1884	2
1885	2
1886	2
1887	4
1888	4
1889	4
1890	4
1891	2
1892	2
1893	4
1894	4
1895	7
1896	7
1897	7
1898	3
1899	3
1900	3
1901	3
1902	3
1903	3
1904	7
1905	7
1906	7
1907	7
1908	7
1909	7
1910	7
1911	7
1912	7
1913	7
1914	7
1915	7
1916	3
1917	3
1918	3
1919	3
1920	3
1921	3
1922	3
1923	3
1924	7
1925	1
1926	7
1927	7
1928	1
1929	7
1930	7
1931	7
1932	7
1933	7
1934	7
1935	7
1936	7
1937	7
1938	7
1939	7
1940	7
1941	7
1942	7
1943	7
1944	7
1945	7
1946	7
1947	7
1948	7
1949	7
1950	7
1951	1
1952	7
1953	7
1954	7
1955	7
1956	7
1957	7
1958	7
1959	7
1960	7
1961	7
1962	1
1963	7
1964	7
1965	1
1966	7
1967	7
1968	7
1969	7
1970	7
1971	7
1972	7
1973	7
1974	7
1975	7
1976	4
1977	4
1978	4
1979	4
1980	4
1981	4
1982	4
1983	4
1984	4
1985	4
1986	4
1987	4
1988	4
1989	4
1990	4
1991	4
1992	4
1993	4
1994	4
1995	4
1996	4
1997	4
1998	4
1999	4
2000	4
2001	4
2002	4
2003	4
2004	4
2005	4
2006	4
2007	4
2008	4
2009	4
2010	4
2011	4
2012	4
2013	4
2014	4
2015	4
2016	8
2017	2
2018	2
2019	2
2020	2
2021	2
2022	2
2023	2
2024	4
2025	2
2026	2
2027	2
2028	2
2029	2
2030	4
2031	4
2032	4
2033	4
2034	4
2035	4
2036	4
2037	4
2038	2
2039	2
2040	2
2041	2
2042	2
2043	2
2044	2
2045	2
2046	4
2047	4
2048	2
2049	2
2050	2
2051	4
2052	4
2053	4
2054	4
2055	4
2056	4
2057	4
2058	8
2059	8
2060	8
2061	8
2062	8
2063	8
2064	8
2065	8
2066	8
2067	8
2068	2
2069	2
2070	2
2071	2
2072	2
2073	2
2074	2
2075	2
2076	2
2077	2
2078	2
2079	2
2080	2
2081	2
2082	2
2083	2
2084	2
2085	2
2086	2
2087	2
2088	2
2089	6
2090	6
2091	6
2092	6
2093	6
2094	6
2095	6
2096	1
2097	1
2098	1
2099	1
2100	1
2101	1
2102	1
2103	1
2104	1
2105	1
2106	1
2107	1
2108	1
2109	1
2110	1
2111	1
2112	1
2113	12
2114	12
2115	12
2116	12
2117	12
2118	8
2119	12
2120	12
2121	12
2122	12
2123	8
2124	2
2125	12
2126	12
2127	12
2128	12
2129	12
2130	12
2131	12
2132	12
2133	8
2134	12
2135	12
2136	12
2137	8
2138	8
2139	12
2140	8
2141	12
2142	12
2143	12
2144	12
2145	12
2146	8
2147	12
2148	12
2149	12
2150	12
2151	12
2152	12
2153	12
2154	12
2155	12
2156	12
2157	12
2158	12
2159	12
2160	12
2161	12
2162	12
2163	12
2164	8
2165	8
2166	12
2167	12
2168	12
2169	12
2170	12
2171	12
2172	12
2173	12
2174	12
2175	12
2176	8
2177	8
2178	12
2179	12
2180	8
2181	8
2182	12
2183	12
2184	12
2185	12
2186	12
2187	12
2188	12
2189	12
2190	12
2191	12
2192	12
2193	12
2194	12
2195	12
2196	8
2197	12
2198	12
2199	8
2200	12
2201	12
2202	12
2203	12
2204	12
2205	12
2206	12
2207	12
2208	12
2209	12
2210	12
2211	12
2212	12
2213	12
2214	12
2215	12
2216	12
2217	12
2218	12
2219	12
2220	12
2221	12
2222	12
2223	8
2224	12
2225	12
2226	12
2227	12
2228	12
2229	12
2230	8
2231	8
2232	12
2233	8
2234	8
2235	12
2236	8
2237	8
2238	8
2239	12
2240	12
2241	12
2242	12
2243	12
2244	12
2245	8
2246	12
2247	8
2248	8
2249	12
2250	12
2251	12
2252	12
2253	12
2254	12
2255	12
2256	8
2257	12
2258	12
2259	12
2260	12
2261	8
2262	12
2263	12
2264	12
2265	12
2266	12
2267	12
2268	12
2269	12
2270	12
2271	12
2272	12
2273	12
2274	12
2275	12
2276	12
2277	8
2278	12
2279	12
2280	12
2281	12
2282	12
2283	8
2284	2
2285	2
2286	12
2287	12
2288	12
2289	12
2290	12
2291	12
2292	12
2293	12
2294	12
2295	12
2296	12
2297	12
2298	12
2299	12
2300	8
2301	12
2302	8
2303	12
2304	8
2305	12
2306	12
2307	12
2308	12
2309	2
2310	2
2311	2
2312	5
2313	5
2314	5
2315	5
2316	5
2317	5
2318	5
2319	5
2320	5
2321	5
2322	5
2323	5
2324	5
2325	5
2326	5
2327	5
2328	5
2329	5
2330	1
2331	1
2332	1
2333	1
2334	1
2335	1
2336	1
2337	1
2338	1
2339	1
2340	1
2341	1
2342	1
2343	1
2344	1
2345	1
2346	5
2347	5
2348	5
2349	5
2350	5
2351	5
2352	5
2353	5
2354	5
2355	5
2356	5
2357	5
2358	5
2359	5
2360	5
2361	5
2362	5
2363	5
2364	5
2365	5
2366	8
2367	8
2368	8
2369	8
2370	8
2371	8
2372	8
2373	8
2374	8
2375	8
2376	8
2377	8
2378	8
2379	8
2380	8
2381	8
2382	8
2383	8
2384	8
2385	8
2386	8
2387	8
2388	8
2389	8
2390	8
2391	8
2392	8
2393	8
2394	8
2395	8
2396	8
2397	8
2398	8
2399	8
2400	8
2401	8
2402	8
2403	8
2404	8
2405	8
2406	8
2407	8
2408	8
2409	8
2410	8
2411	8
2412	8
2413	8
2414	8
2415	11
2416	11
2417	13
2418	13
2419	11
2420	11
2421	13
2422	11
2423	13
2424	11
2425	13
2426	13
2427	11
2428	11
2429	11
2430	11
2431	11
2432	11
2433	13
2434	11
2435	11
2436	11
2437	11
2438	11
2439	11
2440	11
2441	11
2442	11
2443	11
2444	13
2445	11
2446	11
2447	11
2448	13
2449	13
2450	13
2451	13
2452	13
2453	13
2454	13
2455	13
2456	13
2457	13
2458	13
2459	13
2460	11
2461	11
2462	13
2463	13
2464	13
2465	11
2466	13
2467	13
2468	13
2469	13
2470	13
2471	13
2472	13
2473	13
2474	13
2475	13
2476	13
2477	13
2478	13
2479	13
2480	13
2481	13
2482	13
2483	13
2484	13
2485	13
2486	13
2487	13
2488	13
2489	13
2490	13
2491	13
2492	13
2493	13
2494	13
2495	13
2496	11
2497	11
2498	11
2499	11
2500	13
2501	13
2502	11
2503	11
2504	11
2505	11
2506	11
2507	11
2508	11
2509	11
2510	11
2511	11
2512	11
2513	11
2514	11
2515	13
2516	13
2517	13
2518	13
2519	13
2520	13
2521	13
2522	13
2523	11
2524	11
2525	11
2526	13
2527	13
2528	11
2529	11
2530	11
2531	11
2532	11
2533	11
2534	11
2535	11
2536	11
2537	11
2538	11
2539	11
2540	11
2541	11
2542	11
2543	11
2544	11
2545	13
2546	11
2547	11
2548	11
2549	11
2550	13
2551	13
2552	11
2553	11
2554	11
2555	13
2556	13
2557	11
2558	11
2559	11
2560	11
2561	11
2562	11
2563	11
2564	11
2565	11
2566	11
2567	11
2568	11
2569	11
2570	11
2571	11
2572	11
2573	11
2574	11
2575	13
2576	13
2577	13
2578	13
2579	13
2580	13
2581	11
2582	13
2583	13
2584	13
2585	13
2586	13
2587	11
2588	11
2589	11
2590	11
2591	11
2592	11
2593	11
2594	13
2595	13
2596	13
2597	11
2598	11
2599	13
2600	13
2601	13
2602	11
2603	13
2604	11
2605	11
2606	2
2607	2
2608	2
2609	2
2610	2
2611	2
2612	2
2613	2
2614	2
2615	2
2616	2
2617	2
2618	2
2619	2
2620	2
2621	2
2622	2
2623	2
2624	2
2625	2
2626	2
2627	2
2628	2
2629	2
2630	2
2631	2
2632	2
2633	2
2634	2
2635	2
2636	2
2637	2
2638	2
2639	2
2640	3
2641	3
2642	3
2643	3
2644	3
2645	3
2646	3
2647	3
2648	3
2649	3
2650	3
2651	3
2652	3
2653	3
2654	3
2655	3
2656	3
2657	3
2658	3
2659	3
2660	3
2661	3
2662	3
2663	3
2664	3
2665	3
2666	3
2667	3
2668	3
2669	3
2670	3
2671	3
2672	3
2673	3
2674	3
2675	3
2676	3
2677	3
2678	3
2679	3
2680	3
2681	3
2682	3
2683	3
2684	3
2685	3
2686	3
2687	8
2688	1
2689	1
2690	1
2691	1
315	6
1657	10
