0	10
1	10
2	10
3	10
4	10
5	10
6	10
7	6
8	6
9	6
10	6
11	6
12	6
13	6
14	6
15	6
16	6
17	6
18	6
19	6
20	6
21	13
22	13
23	13
24	13
25	13
26	13
27	13
28	13
29	11
30	11
31	11
32	11
33	11
34	11
35	11
36	11
37	11
38	11
39	11
40	11
41	11
42	11
43	11
44	11
45	11
46	11
47	11
48	11
49	8
50	8
51	8
52	8
53	2
54	2
55	2
56	2
57	2
58	8
59	8
60	8
61	8
62	8
63	8
64	8
65	2
66	2
67	2
68	2
69	2
70	2
71	13
72	13
73	13
74	13
75	8
76	8
77	8
78	8
79	8
80	8
81	8
82	8
83	12
84	12
85	12
86	12
87	12
88	12
89	12
90	12
91	12
92	12
93	12
94	12
95	12
96	6
97	6
98	6
99	6
100	6
101	6
102	6
103	6
104	6
105	6
106	6
107	6
108	6
109	6
110	6
111	6
112	6
113	6
114	6
115	6
116	6
117	6
118	6
119	6
120	6
121	6
122	6
123	6
124	6
125	6
126	6
127	6
128	6
129	1
130	1
131	1
132	1
133	1
134	1
135	1
136	1
137	1
138	1
139	1
140	1
141	3
142	3
143	1
144	1
145	1
146	1
147	3
148	1
149	1
150	1
151	1
152	1
153	1
154	1
155	1
156	1
157	3
158	3
159	3
160	3
161	3
162	3
163	3
164	1
165	3
166	7
167	7
168	7
169	7
170	7
171	7
172	7
173	7
174	7
175	7
176	7
177	7
178	7
179	7
180	7
181	7
182	7
183	8
184	8
185	8
186	8
187	8
188	8
189	8
190	8
191	8
192	8
193	8
194	8
195	8
196	8
197	8
198	8
199	8
200	8
201	8
202	8
203	8
204	8
205	8
206	8
207	8
208	13
209	13
210	13
211	13
212	13
213	13
214	13
215	13
216	13
217	13
218	13
219	13
220	13
221	13
222	13
223	13
224	13
225	13
226	13
227	13
228	13
229	13
230	13
231	13
232	13
233	13
234	13
235	13
236	13
237	13
238	13
239	13
240	13
241	13
242	13
243	13
244	13
245	13
246	13
247	13
248	8
249	8
250	8
251	8
252	8
253	8
254	8
255	8
256	8
257	8
258	8
259	8
260	8
261	13
262	13
263	13
264	13
265	13
266	13
267	13
268	4
269	4
270	4
271	13
272	13
273	13
274	13
275	13
276	13
277	13
278	4
279	4
280	4
281	4
282	4
283	4
284	4
285	4
286	4
287	4
288	4
289	4
290	4
291	4
292	4
293	4
294	4
295	4
296	4
297	4
298	4
299	4
300	4
301	4
302	8
303	8
304	8
305	8
306	2
307	1
308	1
309	2
310	1
311	2
312	1
313	1
314	1
316	11
317	11
318	11
319	11
320	11
321	11
322	11
323	11
324	11
325	11
326	11
327	11
328	11
329	11
330	11
331	1
332	2
333	1
334	1
335	2
336	2
337	11
338	11
339	11
340	2
341	2
342	1
343	1
344	1
345	1
346	1
347	1
348	2
349	1
350	1
351	1
352	1
353	1
354	1
355	1
356	2
357	2
358	2
359	2
360	2
361	2
362	2
363	2
364	2
365	2
366	2
367	2
368	2
369	1
370	1
371	1
372	1
373	2
374	1
375	1
376	1
377	1
378	1
379	1
380	1
381	1
382	1
383	1
384	1
385	1
386	1
387	1
388	1
389	11
390	11
391	11
392	11
393	11
394	1
395	1
396	2
397	1
398	11
399	11
400	11
401	11
402	11
403	13
404	13
405	13
406	13
407	13
408	13
409	6
410	10
411	6
412	6
413	10
414	10
415	10
416	6
417	10
418	6
419	6
420	10
421	6
422	10
423	6
424	10
425	7
426	7
427	7
428	7
429	7
430	7
431	7
432	7
433	6
434	10
435	10
436	6
437	6
438	10
439	6
440	6
441	10
442	6
443	10
444	6
445	10
446	7
447	7
448	7
449	7
450	7
451	6
452	10
453	6
454	7
455	7
456	7
457	10
458	10
459	10
460	10
461	6
462	6
463	7
464	7
465	7
466	7
467	7
468	7
469	7
470	7
471	7
472	7
473	6
474	6
475	4
476	4
477	4
478	4
479	4
480	4
481	4
482	4
483	4
484	13
485	13
486	4
487	4
488	4
489	4
490	4
491	4
492	4
493	4
494	4
495	4
496	4
497	4
498	13
499	4
500	4
501	4
502	13
503	4
504	4
505	4
506	13
507	13
508	13
509	13
510	13
511	13
512	13
513	13
514	13
515	13
516	13
517	13
518	13
519	13
520	13
521	13
522	5
523	5
524	5
525	5
526	8
527	8
528	5
529	5
530	5
531	5
532	5
533	5
534	5
535	5
536	5
537	5
538	8
539	8
540	8
541	8
542	8
543	8
544	8
545	8
546	8
547	8
548	8
549	8
550	8
551	8
552	8
553	8
554	8
555	8
556	8
557	8
558	8
559	13
560	13
561	13
562	13
563	13
564	13
565	8
566	8
567	8
568	8
569	8
570	12
571	12
572	12
573	12
574	12
575	12
576	12
577	12
578	12
579	12
580	12
581	8
582	8
583	8
584	8
585	8
586	8
587	13
588	13
589	13
590	4
591	13
592	13
593	13
594	4
595	13
596	4
597	13
598	4
599	13
600	13
601	13
602	13
603	8
604	8
605	8
606	8
607	8
608	8
609	8
610	8
611	8
612	8
613	8
614	8
615	8
616	8
617	13
618	13
619	13
620	4
621	4
622	4
623	4
624	4
625	4
626	13
627	4
628	13
629	13
630	13
631	13
632	13
633	4
634	4
635	13
636	13
637	13
638	4
639	8
640	8
641	8
642	8
643	8
644	8
645	8
646	8
647	8
648	8
649	8
650	8
651	8
652	8
653	8
654	8
655	8
656	8
657	7
658	7
659	7
660	7
661	10
662	10
663	10
664	10
665	10
666	10
667	10
668	10
669	10
670	13
671	13
672	4
673	4
674	4
675	13
676	4
677	13
678	13
679	13
680	10
681	10
682	10
683	10
684	10
685	10
686	10
687	10
688	10
689	10
690	10
691	10
692	10
693	10
694	10
695	10
696	10
697	13
698	4
699	13
700	13
701	13
702	13
703	13
704	4
705	13
706	4
707	13
708	13
709	4
710	13
711	13
712	13
713	13
714	10
715	10
716	13
717	13
718	13
719	13
720	4
721	13
722	13
723	13
724	13
725	13
726	13
727	13
728	13
729	13
730	13
731	13
732	11
733	11
734	11
735	11
736	11
737	7
738	7
739	7
740	7
741	7
742	7
743	7
744	7
745	11
746	11
747	11
748	11
749	11
750	11
751	11
752	11
753	11
754	11
755	11
756	11
757	11
758	11
759	11
760	11
761	11
762	11
763	11
764	11
765	11
766	7
767	7
768	7
769	7
770	11
771	11
772	7
773	7
774	7
775	7
776	7
777	7
778	7
779	7
780	7
781	7
782	7
783	7
784	7
785	1
786	7
787	7
788	7
789	7
790	7
791	1
792	1
793	1
794	1
795	1
796	1
797	1
798	1
799	1
800	1
801	7
802	7
803	7
804	7
805	1
806	1
807	1
808	7
809	7
810	7
811	5
812	6
813	5
814	5
815	5
816	5
817	5
818	6
819	5
820	6
821	5
822	5
823	5
824	5
825	5
826	5
827	5
828	5
829	6
830	5
831	5
832	5
833	5
834	5
835	5
836	5
837	5
838	5
839	5
840	5
841	5
842	5
843	5
844	5
845	5
846	5
847	6
848	5
849	5
850	6
851	5
852	5
853	5
854	5
855	5
856	6
857	5
858	8
859	8
860	8
861	8
862	8
863	8
864	8
865	8
866	8
867	8
868	8
869	8
870	8
871	5
872	5
873	5
874	5
875	5
876	5
877	5
878	5
879	5
880	5
881	5
882	5
883	5
884	5
885	5
886	5
887	5
888	5
889	5
890	5
891	5
892	6
893	5
894	5
895	5
896	5
897	5
898	5
899	5
900	5
901	5
902	5
903	5
904	5
905	5
906	5
907	5
908	5
909	5
910	5
911	6
912	6
913	5
914	5
915	5
916	5
917	5
918	5
919	5
920	5
921	5
922	5
923	6
924	5
925	5
926	5
927	5
928	5
929	5
930	6
931	6
932	5
933	5
934	5
935	5
936	5
937	5
938	5
939	5
940	5
941	5
942	6
943	5
944	5
945	6
946	5
947	5
948	5
949	6
950	5
951	5
952	5
953	5
954	5
955	5
956	5
957	5
958	5
959	5
960	5
961	5
962	6
963	5
964	5
965	5
966	5
967	5
968	5
969	5
970	5
971	5
972	5
973	5
974	5
975	6
976	5
977	5
978	5
979	5
980	5
981	5
982	11
983	11
984	11
985	4
986	4
987	4
988	4
989	4
990	4
991	4
992	4
993	4
994	4
995	4
996	4
997	4
998	4
999	4
1000	4
1001	4
1002	4
1003	4
1004	4
1005	4
1006	4
1007	11
1008	11
1009	4
1010	11
1011	11
1012	11
1013	11
1014	11
1015	11
1016	11
1017	11
1018	6
1019	11
1020	11
1021	11
1022	11
1023	11
1024	11
1025	11
1026	11
1027	11
1028	11
1029	11
1030	11
1031	11
1032	11
1033	11
1034	11
1035	11
1036	11
1037	11
1038	11
1039	11
1040	11
1041	11
1042	11
1043	11
1044	11
1045	11
1046	11
1047	11
1048	11
1049	11
1050	11
1051	6
1052	11
1053	11
1054	11
1055	11
1056	11
1057	11
1058	11
1059	11
1060	11
1061	11
1062	11
1063	11
1064	11
1065	11
1066	11
1067	11
1068	11
1069	11
1070	11
1071	11
1072	11
1073	11
1074	11
1075	8
1076	8
1077	8
1078	8
1079	8
1080	8
1081	8
1082	8
1083	8
1084	8
1085	8
1086	8
1087	4
1088	4
1089	4
1090	4
1091	4
1092	4
1093	4
1094	13
1095	13
1096	13
1097	13
1098	13
1099	13
1100	13
1101	13
1102	13
1103	13
1104	13
1105	13
1106	13
1107	2
1108	2
1109	2
1110	2
1111	2
1112	2
1113	2
1114	2
1115	2
1116	2
1117	2
1118	2
1119	2
1120	2
1121	2
1122	2
1123	2
1124	2
1125	2
1126	2
1127	2
1128	2
1129	2
1130	2
1131	2
1132	2
1133	2
1134	2
1135	2
1136	2
1137	2
1138	2
1139	2
1140	2
1141	2
1142	2
1143	2
1144	2
1145	2
1146	2
1147	2
1148	2
1149	2
1150	2
1151	2
1152	2
1153	2
1154	1
1155	1
1156	1
1157	1
1158	1
1159	1
1160	1
1161	1
1162	1
1163	1
1164	1
1165	1
1166	1
1167	1
1168	1
1169	11
1170	11
1171	6
1172	11
1173	11
1174	11
1175	11
1176	11
1177	6
1178	11
1179	11
1180	6
1181	11
1182	11
1183	11
1184	11
1185	11
1186	11
1187	11
1188	11
1189	11
1190	6
1191	11
1192	11
1193	11
1194	11
1195	11
1196	11
1197	11
1198	11
1199	11
1200	5
1201	5
1202	5
1203	5
1204	5
1205	5
1206	5
1207	5
1208	5
1209	5
1210	5
1211	5
1212	5
1213	5
1214	5
1215	5
1216	5
1217	5
1218	5
1219	5
1220	5
1221	5
1222	5
1223	5
1224	5
1225	5
1226	5
1227	5
1228	5
1229	5
1230	5
1231	5
1232	5
1233	5
1234	5
1235	5
1236	5
1237	5
1238	5
1239	5
1240	4
1241	4
1242	4
1243	4
1244	4
1245	4
1246	4
1247	4
1248	4
1249	4
1250	4
1251	4
1252	4
1253	6
1254	6
1255	6
1256	6
1257	6
1258	4
1259	4
1260	4
1261	4
1262	4
1263	4
1264	6
1265	6
1266	6
1267	6
1268	6
1269	6
1270	6
1271	6
1272	6
1273	6
1274	6
1275	6
1276	6
1277	6
1278	1
1279	1
1280	1
1281	4
1282	4
1283	4
1284	6
1285	6
1286	6
1287	6
1288	1
1289	1
1290	1
1291	1
1292	1
1293	1
1294	1
1295	1
1296	1
1297	1
1298	1
1299	1
1300	1
1301	1
1302	1
1303	8
1304	8
1305	8
1306	8
1307	8
1308	8
1309	8
1310	8
1311	8
1312	8
1313	8
1314	2
1315	2
1316	2
1317	2
1318	2
1319	2
1320	2
1321	2
1322	2
1323	2
1324	2
1325	2
1326	2
1327	2
1328	2
1329	2
1330	2
1331	2
1332	2
1333	2
1334	2
1335	2
1336	2
1337	2
1338	2
1339	2
1340	2
1341	2
1342	2
1343	2
1344	2
1345	2
1346	8
1347	8
1348	8
1349	8
1350	8
1351	8
1352	8
1353	8
1354	8
1355	8
1356	8
1357	8
1358	8
1359	8
1360	8
1361	8
1362	8
1363	2
1364	2
1365	2
1366	2
1367	2
1368	2
1369	2
1370	2
1371	2
1372	2
1373	2
1374	2
1375	2
1376	2
1377	2
1378	2
1379	2
1380	2
1381	1
1382	1
1383	1
1384	1
1385	1
1386	1
1387	1
1388	1
1389	1
1390	1
1391	1
1392	1
1393	1
1394	1
1395	1
1396	1
1397	10
1398	8
1399	10
1400	8
1401	10
1402	8
1403	8
1404	10
1405	8
1406	8
1407	8
1408	8
1409	8
1410	10
1411	8
1412	8
1413	10
1414	10
1415	8
1416	8
1417	10
1418	10
1419	10
1420	10
1421	8
1422	10
1423	8
1424	10
1425	10
1426	10
1427	8
1428	5
1429	5
1430	5
1431	5
1432	5
1433	5
1434	5
1435	5
1436	5
1437	5
1438	5
1439	5
1440	5
1441	6
1442	6
1443	6
1444	6
1445	6
1446	6
1447	6
1448	6
1449	6
1450	6
1451	6
1452	6
1453	6
1454	6
1455	5
1456	5
1457	5
1458	5
1459	5
1460	5
1461	5
1462	5
1463	5
1464	5
1465	13
1466	13
1467	13
1468	13
1469	13
1470	13
1471	13
1472	13
1473	13
1474	13
1475	13
1476	13
1477	13
1478	13
1479	13
1480	13
1481	13
1482	13
1483	13
1484	13
1485	13
1486	13
1487	13
1488	13
1489	11
1490	11
1491	11
1492	11
1493	11
1494	11
1495	11
1496	11
1497	11
1498	11
1499	11
1500	11
1501	10
1502	10
1503	10
1504	10
1505	10
1506	10
1507	10
1508	10
1509	10
1510	10
1511	10
1512	10
1513	10
1514	10
1515	10
1516	10
1517	10
1518	10
1519	10
1520	10
1521	10
1522	10
1523	10
1524	10
1525	10
1526	10
1527	10
1528	10
1529	7
1530	7
1531	7
1532	7
1533	7
1534	7
1535	7
1536	7
1537	7
1538	7
1539	7
1540	7
1541	7
1542	7
1543	7
1544	7
1545	7
1546	7
1547	7
1548	7
1549	7
1550	7
1551	7
1552	2
1553	2
1554	2
1555	2
1556	2
1557	2
1558	2
1559	2
1560	2
1561	2
1562	2
1563	2
1564	2
1565	2
1566	2
1567	2
1568	2
1569	2
1570	2
1571	2
1572	2
1573	2
1574	2
1575	2
1576	11
1577	11
1578	11
1579	11
1580	11
1581	11
1582	11
1583	11
1584	11
1585	11
1586	11
1587	11
1588	11
1589	11
1590	11
1591	11
1592	11
1593	8
1594	8
1595	8
1596	8
1597	8
1598	8
1599	8
1600	8
1601	8
1602	12
1603	12
1604	12
1605	12
1606	12
1607	12
1608	12
1609	12
1610	12
1611	12
1612	12
1613	12
1614	12
1615	12
1616	12
1617	12
1618	13
1619	13
1620	13
1621	13
1622	13
1623	13
1624	13
1625	13
1626	13
1627	13
1628	13
1629	6
1630	6
1631	6
1632	6
1633	6
1634	6
1635	6
1636	6
1637	6
1638	6
1639	6
1640	6
1641	6
1642	6
1643	6
1644	13
1645	13
1646	13
1647	13
1648	13
1649	6
1650	6
1651	6
1652	6
1653	6
1654	6
1655	6
1656	6
1658	6
1659	6
1660	6
1661	6
1662	6
1663	6
1664	6
1665	6
1666	6
1667	6
1668	6
1669	6
1670	6
1671	6
1672	6
1673	13
1674	6
1675	6
1676	6
1677	13
1678	4
1679	4
1680	4
1681	4
1682	4
1683	4
1684	4
1685	6
1686	6
1687	6
1688	6
1689	6
1690	6
1691	6
1692	6
1693	6
1694	6
1695	6
1696	6
1697	6
1698	6
1699	6
1700	6
1701	10
1702	6
1703	12
1704	12
1705	6
1706	6
1707	6
1708	6
1709	10
1710	6
1711	6
1712	6
1713	13
1714	13
1715	13
1716	13
1717	13
1718	13
1719	13
1720	13
1721	13
1722	13
1723	13
1724	13
1725	6
1726	6
1727	6
1728	13
1729	6
1730	6
1731	6
1732	6
1733	6
1734	6
1735	6
1736	10
1737	10
1738	10
1739	6
1740	10
1741	6
1742	10
1743	10
1744	10
1745	10
1746	10
1747	10
1748	10
1749	10
1750	10
1751	10
1752	10
1753	10
1754	10
1755	10
1756	9
1757	13
1758	13
1759	13
1760	13
1761	10
1762	10
1763	10
1764	9
1765	10
1766	10
1767	9
1768	10
1769	10
1770	10
1771	10
1772	10
1773	10
1774	13
1775	13
1776	13
1777	13
1778	13
1779	13
1780	13
1781	13
1782	13
1783	13
1784	13
1785	13
1786	13
1787	10
1788	10
1789	10
1790	10
1791	10
1792	10
1793	10
1794	10
1795	13
1796	13
1797	13
1798	13
1799	10
1800	10
1801	10
1802	10
1803	10
1804	10
1805	10
1806	10
1807	10
1808	10
1809	10
1810	10
1811	10
1812	10
1813	5
1814	10
1815	10
1816	10
1817	10
1818	10
1819	5
1820	10
1821	5
1822	10
1823	5
1824	5
1825	10
1826	10
1827	10
1828	10
1829	10
1830	13
1831	13
1832	13
1833	13
1834	13
1835	5
1836	5
1837	13
1838	10
1839	10
1840	2
1841	2
1842	2
1843	2
1844	2
1845	10
1846	5
1847	10
1848	10
1849	10
1850	5
1851	10
1852	5
1853	5
1854	10
1855	5
1856	10
1857	13
1858	13
1859	13
1860	13
1861	13
1862	13
1863	5
1864	5
1865	5
1866	5
1867	5
1868	10
1869	5
1870	10
1871	10
1872	4
1873	4
1874	4
1875	4
1876	4
1877	4
1878	4
1879	4
1880	4
1881	4
1882	4
1883	4
1884	4
1885	4
1886	4
1887	4
1888	4
1889	4
1890	4
1891	4
1892	4
1893	4
1894	4
1895	8
1896	8
1897	8
1898	2
1899	2
1900	2
1901	2
1902	2
1903	2
1904	8
1905	8
1906	8
1907	8
1908	8
1909	8
1910	8
1911	8
1912	8
1913	8
1914	8
1915	8
1916	2
1917	2
1918	2
1919	2
1920	2
1921	2
1922	2
1923	2
1924	8
1925	8
1926	8
1927	8
1928	8
1929	8
1930	8
1931	8
1932	8
1933	8
1934	8
1935	8
1936	8
1937	8
1938	8
1939	8
1940	8
1941	8
1942	8
1943	8
1944	8
1945	8
1946	8
1947	8
1948	8
1949	8
1950	8
1951	8
1952	8
1953	8
1954	8
1955	8
1956	8
1957	8
1958	8
1959	8
1960	8
1961	8
1962	8
1963	8
1964	8
1965	8
1966	8
1967	8
1968	8
1969	8
1970	8
1971	8
1972	8
1973	8
1974	8
1975	8
1976	12
1977	7
1978	12
1979	7
1980	12
1981	7
1982	7
1983	12
1984	7
1985	7
1986	7
1987	12
1988	12
1989	12
1990	12
1991	7
1992	12
1993	12
1994	12
1995	7
1996	12
1997	12
1998	12
1999	12
2000	12
2001	12
2002	12
2003	12
2004	12
2005	12
2006	12
2007	12
2008	12
2009	7
2010	12
2011	7
2012	7
2013	12
2014	12
2015	12
2016	12
2017	4
2018	4
2019	4
2020	4
2021	4
2022	4
2023	4
2024	7
2025	4
2026	4
2027	4
2028	4
2029	4
2030	7
2031	7
2032	7
2033	7
2034	7
2035	7
2036	7
2037	7
2038	13
2039	13
2040	13
2041	13
2042	13
2043	4
2044	4
2045	4
2046	7
2047	7
2048	13
2049	13
2050	4
2051	7
2052	7
2053	7
2054	7
2055	7
2056	7
2057	7
2058	12
2059	12
2060	12
2061	12
2062	12
2063	12
2064	12
2065	12
2066	12
2067	12
2068	4
2069	4
2070	4
2071	4
2072	4
2073	13
2074	4
2075	4
2076	4
2077	13
2078	13
2079	4
2080	13
2081	4
2082	4
2083	4
2084	4
2085	4
2086	4
2087	4
2088	4
2089	11
2090	11
2091	11
2092	11
2093	11
2094	11
2095	11
2096	10
2097	10
2098	10
2099	10
2100	10
2101	10
2102	10
2103	10
2104	10
2105	10
2106	10
2107	10
2108	10
2109	10
2110	10
2111	10
2112	10
2113	9
2114	9
2115	9
2116	9
2117	9
2118	9
2119	9
2120	9
2121	9
2122	9
2123	9
2124	4
2125	9
2126	12
2127	9
2128	9
2129	9
2130	9
2131	9
2132	9
2133	9
2134	9
2135	9
2136	9
2137	9
2138	9
2139	9
2140	12
2141	9
2142	9
2143	9
2144	9
2145	9
2146	9
2147	9
2148	9
2149	9
2150	12
2151	12
2152	9
2153	9
2154	9
2155	9
2156	9
2157	9
2158	12
2159	9
2160	9
2161	9
2162	12
2163	12
2164	12
2165	12
2166	9
2167	9
2168	9
2169	9
2170	9
2171	9
2172	9
2173	9
2174	9
2175	9
2176	9
2177	9
2178	12
2179	12
2180	12
2181	12
2182	9
2183	9
2184	9
2185	9
2186	9
2187	9
2188	9
2189	9
2190	9
2191	9
2192	9
2193	9
2194	9
2195	9
2196	9
2197	9
2198	9
2199	9
2200	9
2201	9
2202	9
2203	9
2204	9
2205	9
2206	12
2207	9
2208	9
2209	9
2210	9
2211	9
2212	9
2213	9
2214	9
2215	9
2216	9
2217	9
2218	9
2219	9
2220	9
2221	9
2222	9
2223	9
2224	9
2225	9
2226	9
2227	9
2228	9
2229	9
2230	12
2231	12
2232	9
2233	9
2234	9
2235	9
2236	9
2237	9
2238	9
2239	9
2240	9
2241	9
2242	9
2243	9
2244	9
2245	9
2246	12
2247	12
2248	12
2249	9
2250	9
2251	9
2252	9
2253	9
2254	9
2255	9
2256	12
2257	9
2258	12
2259	12
2260	12
2261	12
2262	9
2263	9
2264	9
2265	12
2266	9
2267	9
2268	9
2269	9
2270	9
2271	9
2272	9
2273	9
2274	9
2275	9
2276	9
2277	9
2278	9
2279	9
2280	9
2281	9
2282	9
2283	12
2284	4
2285	4
2286	9
2287	9
2288	9
2289	9
2290	9
2291	9
2292	9
2293	9
2294	9
2295	9
2296	9
2297	9
2298	9
2299	9
2300	9
2301	9
2302	9
2303	12
2304	12
2305	9
2306	9
2307	9
2308	9
2309	4
2310	4
2311	4
2312	11
2313	11
2314	11
2315	11
2316	11
2317	11
2318	11
2319	11
2320	11
2321	11
2322	11
2323	11
2324	11
2325	11
2326	11
2327	11
2328	11
2329	11
2330	8
2331	8
2332	8
2333	8
2334	8
2335	8
2336	8
2337	8
2338	8
2339	8
2340	8
2341	8
2342	8
2343	8
2344	8
2345	8
2346	11
2347	11
2348	11
2349	11
2350	11
2351	11
2352	11
2353	11
2354	11
2355	11
2356	11
2357	11
2358	11
2359	11
2360	11
2361	11
2362	11
2363	11
2364	11
2365	11
2366	12
2367	12
2368	12
2369	12
2370	12
2371	12
2372	12
2373	12
2374	12
2375	12
2376	12
2377	12
2378	12
2379	12
2380	12
2381	12
2382	12
2383	12
2384	12
2385	12
2386	12
2387	12
2388	12
2389	12
2390	12
2391	12
2392	12
2393	12
2394	12
2395	12
2396	12
2397	12
2398	12
2399	12
2400	12
2401	12
2402	12
2403	12
2404	12
2405	12
2406	12
2407	12
2408	12
2409	12
2410	12
2411	12
2412	12
2413	12
2414	12
2415	3
2416	3
2417	3
2418	3
2419	1
2420	1
2421	3
2422	3
2423	3
2424	3
2425	3
2426	3
2427	1
2428	3
2429	1
2430	1
2431	3
2432	3
2433	3
2434	3
2435	3
2436	3
2437	3
2438	3
2439	3
2440	3
2441	3
2442	3
2443	3
2444	3
2445	3
2446	3
2447	3
2448	3
2449	3
2450	3
2451	3
2452	3
2453	3
2454	3
2455	3
2456	3
2457	3
2458	3
2459	3
2460	3
2461	3
2462	3
2463	3
2464	3
2465	3
2466	3
2467	3
2468	3
2469	3
2470	3
2471	3
2472	3
2473	3
2474	3
2475	3
2476	3
2477	3
2478	3
2479	3
2480	3
2481	3
2482	3
2483	3
2484	3
2485	3
2486	3
2487	3
2488	3
2489	3
2490	3
2491	3
2492	3
2493	3
2494	3
2495	3
2496	1
2497	1
2498	1
2499	1
2500	3
2501	3
2502	3
2503	3
2504	3
2505	3
2506	3
2507	3
2508	1
2509	1
2510	1
2511	3
2512	1
2513	1
2514	1
2515	3
2516	3
2517	3
2518	3
2519	3
2520	3
2521	3
2522	3
2523	1
2524	3
2525	1
2526	3
2527	3
2528	3
2529	3
2530	1
2531	1
2532	1
2533	1
2534	1
2535	1
2536	1
2537	1
2538	3
2539	3
2540	1
2541	3
2542	3
2543	3
2544	3
2545	3
2546	3
2547	3
2548	3
2549	3
2550	3
2551	3
2552	1
2553	1
2554	3
2555	3
2556	3
2557	3
2558	3
2559	1
2560	3
2561	3
2562	1
2563	1
2564	3
2565	3
2566	3
2567	3
2568	1
2569	1
2570	1
2571	3
2572	3
2573	3
2574	1
2575	3
2576	3
2577	3
2578	3
2579	3
2580	3
2581	3
2582	3
2583	3
2584	3
2585	3
2586	3
2587	1
2588	1
2589	1
2590	1
2591	1
2592	1
2593	1
2594	3
2595	3
2596	3
2597	3
2598	3
2599	3
2600	3
2601	3
2602	3
2603	3
2604	3
2605	3
2606	4
2607	4
2608	4
2609	4
2610	4
2611	4
2612	4
2613	4
2614	4
2615	4
2616	4
2617	4
2618	4
2619	4
2620	4
2621	4
2622	4
2623	4
2624	4
2625	4
2626	4
2627	4
2628	4
2629	4
2630	4
2631	4
2632	4
2633	4
2634	4
2635	4
2636	4
2637	4
2638	4
2639	4
2640	7
2641	7
2642	12
2643	7
2644	12
2645	7
2646	7
2647	7
2648	7
2649	7
2650	7
2651	7
2652	7
2653	7
2654	7
2655	7
2656	7
2657	7
2658	7
2659	12
2660	12
2661	7
2662	7
2663	7
2664	7
2665	7
2666	7
2667	7
2668	7
2669	7
2670	7
2671	7
2672	7
2673	7
2674	7
2675	7
2676	7
2677	7
2678	7
2679	7
2680	7
2681	7
2682	7
2683	12
2684	12
2685	7
2686	7
2687	12
2688	8
2689	8
2690	8
2691	8
315	11
1657	6
