0	8
1	8
2	8
3	8
4	8
5	8
6	8
7	4
8	4
9	4
10	4
11	6
12	4
13	4
14	6
15	4
16	6
17	6
18	13
19	12
20	12
21	7
22	7
23	7
24	7
25	7
26	7
27	7
28	7
29	13
30	13
31	13
32	13
33	13
34	13
35	13
36	13
37	13
38	13
39	13
40	13
41	13
42	13
43	13
44	13
45	13
46	13
47	13
48	13
49	13
50	13
51	13
52	13
53	9
54	9
55	9
56	9
57	9
58	13
59	13
60	13
61	13
62	13
63	13
64	13
65	9
66	9
67	9
68	9
69	9
70	9
71	7
72	7
73	7
74	7
75	13
76	13
77	13
78	13
79	13
80	13
81	13
82	13
83	2
84	2
85	2
86	2
87	2
88	2
89	2
90	2
91	2
92	2
93	2
94	2
95	2
96	6
97	6
98	6
99	6
100	4
101	4
102	4
103	6
104	4
105	6
106	4
107	4
108	6
109	4
110	4
111	6
112	6
113	6
114	4
115	4
116	4
117	6
118	6
119	6
120	6
121	6
122	6
123	4
124	6
125	6
126	6
127	6
128	6
129	3
130	3
131	3
132	3
133	3
134	3
135	3
136	3
137	3
138	3
139	3
140	3
141	3
142	3
143	3
144	3
145	3
146	3
147	3
148	3
149	3
150	3
151	3
152	3
153	3
154	3
155	3
156	3
157	3
158	3
159	3
160	3
161	3
162	3
163	3
164	3
165	3
166	2
167	2
168	2
169	2
170	2
171	2
172	2
173	2
174	2
175	2
176	2
177	2
178	2
179	2
180	2
181	2
182	2
183	8
184	8
185	8
186	8
187	8
188	8
189	8
190	8
191	8
192	8
193	8
194	8
195	8
196	8
197	8
198	8
199	8
200	8
201	8
202	8
203	8
204	8
205	8
206	8
207	8
208	7
209	7
210	7
211	7
212	7
213	7
214	7
215	7
216	7
217	7
218	7
219	7
220	7
221	7
222	7
223	7
224	7
225	7
226	3
227	3
228	3
229	3
230	3
231	3
232	3
233	3
234	3
235	3
236	7
237	7
238	7
239	7
240	7
241	7
242	7
243	7
244	7
245	7
246	7
247	7
248	8
249	8
250	8
251	8
252	8
253	8
254	8
255	8
256	8
257	8
258	8
259	8
260	8
261	7
262	7
263	7
264	7
265	7
266	7
267	7
268	3
269	10
270	10
271	7
272	7
273	7
274	7
275	7
276	7
277	7
278	3
279	3
280	3
281	3
282	3
283	3
284	10
285	10
286	10
287	10
288	3
289	10
290	10
291	3
292	10
293	10
294	10
295	10
296	10
297	10
298	10
299	10
300	10
301	10
302	8
303	8
304	8
305	8
306	11
307	7
308	7
309	11
310	7
311	11
312	7
313	7
314	11
316	13
317	13
318	13
319	13
320	13
321	13
322	13
323	13
324	13
325	13
326	13
327	13
328	13
329	13
330	13
331	7
332	7
333	7
334	7
335	7
336	11
337	13
338	13
339	13
340	7
341	7
342	7
343	7
344	7
345	7
346	7
347	11
348	7
349	7
350	7
351	7
352	7
353	11
354	7
355	7
356	3
357	3
358	11
359	3
360	3
361	3
362	3
363	3
364	3
365	11
366	3
367	11
368	11
369	11
370	7
371	7
372	7
373	11
374	7
375	7
376	7
377	7
378	7
379	7
380	7
381	7
382	7
383	7
384	7
385	7
386	7
387	11
388	11
389	13
390	13
391	13
392	13
393	13
394	7
395	7
396	7
397	7
398	13
399	13
400	13
401	13
402	13
403	7
404	7
405	7
406	5
407	5
408	5
409	1
410	1
411	1
412	1
413	1
414	1
415	1
416	1
417	1
418	1
419	1
420	1
421	1
422	1
423	1
424	1
425	2
426	2
427	2
428	2
429	2
430	2
431	2
432	2
433	1
434	1
435	1
436	1
437	1
438	1
439	1
440	1
441	1
442	1
443	1
444	1
445	1
446	2
447	2
448	2
449	2
450	2
451	1
452	1
453	1
454	2
455	2
456	2
457	1
458	1
459	1
460	1
461	1
462	1
463	2
464	2
465	2
466	2
467	2
468	2
469	2
470	2
471	2
472	2
473	1
474	1
475	10
476	10
477	10
478	10
479	10
480	10
481	10
482	10
483	10
484	7
485	7
486	10
487	10
488	10
489	10
490	10
491	10
492	10
493	10
494	10
495	10
496	10
497	10
498	7
499	10
500	10
501	10
502	7
503	10
504	10
505	10
506	5
507	7
508	7
509	7
510	7
511	7
512	7
513	5
514	5
515	7
516	5
517	5
518	5
519	5
520	7
521	7
522	6
523	6
524	6
525	11
526	8
527	8
528	11
529	11
530	11
531	11
532	11
533	11
534	11
535	11
536	11
537	11
538	8
539	8
540	8
541	8
542	8
543	8
544	8
545	8
546	8
547	8
548	8
549	8
550	8
551	8
552	8
553	8
554	8
555	8
556	8
557	8
558	8
559	3
560	3
561	3
562	3
563	3
564	3
565	8
566	8
567	8
568	8
569	8
570	4
571	4
572	4
573	4
574	11
575	4
576	4
577	4
578	11
579	4
580	4
581	8
582	8
583	8
584	8
585	8
586	8
587	3
588	3
589	3
590	3
591	3
592	7
593	7
594	3
595	7
596	3
597	3
598	3
599	7
600	7
601	3
602	3
603	8
604	8
605	8
606	8
607	8
608	8
609	8
610	8
611	8
612	8
613	8
614	8
615	8
616	8
617	3
618	3
619	3
620	3
621	3
622	3
623	3
624	3
625	3
626	3
627	3
628	7
629	7
630	7
631	3
632	3
633	3
634	3
635	3
636	3
637	3
638	3
639	8
640	8
641	8
642	8
643	8
644	8
645	8
646	8
647	8
648	8
649	8
650	8
651	8
652	8
653	8
654	8
655	8
656	8
657	10
658	10
659	10
660	10
661	1
662	1
663	1
664	1
665	1
666	1
667	1
668	1
669	1
670	3
671	3
672	3
673	3
674	3
675	3
676	3
677	3
678	3
679	3
680	1
681	1
682	1
683	1
684	1
685	1
686	1
687	1
688	1
689	1
690	1
691	1
692	1
693	1
694	1
695	1
696	1
697	3
698	3
699	3
700	3
701	3
702	3
703	3
704	3
705	3
706	3
707	3
708	3
709	3
710	3
711	3
712	3
713	3
714	1
715	1
716	7
717	7
718	3
719	3
720	3
721	7
722	7
723	7
724	7
725	7
726	7
727	7
728	7
729	7
730	7
731	7
732	13
733	13
734	13
735	13
736	13
737	10
738	10
739	10
740	10
741	10
742	10
743	10
744	10
745	13
746	13
747	13
748	13
749	13
750	13
751	13
752	13
753	13
754	13
755	13
756	13
757	13
758	13
759	13
760	13
761	13
762	13
763	13
764	13
765	13
766	10
767	10
768	10
769	10
770	13
771	13
772	10
773	10
774	10
775	10
776	10
777	10
778	10
779	10
780	10
781	10
782	10
783	10
784	10
785	7
786	10
787	10
788	10
789	10
790	10
791	7
792	7
793	7
794	7
795	7
796	7
797	7
798	7
799	7
800	7
801	10
802	10
803	10
804	10
805	7
806	7
807	7
808	10
809	10
810	10
811	9
812	6
813	9
814	9
815	9
816	9
817	9
818	6
819	6
820	6
821	9
822	9
823	6
824	9
825	9
826	9
827	6
828	9
829	6
830	9
831	9
832	9
833	9
834	9
835	9
836	9
837	9
838	9
839	9
840	9
841	9
842	9
843	6
844	6
845	9
846	6
847	6
848	6
849	6
850	6
851	6
852	9
853	9
854	6
855	9
856	6
857	6
858	8
859	8
860	8
861	8
862	8
863	8
864	8
865	8
866	8
867	8
868	8
869	8
870	8
871	9
872	9
873	9
874	9
875	6
876	6
877	9
878	9
879	9
880	6
881	9
882	9
883	9
884	9
885	9
886	9
887	6
888	6
889	6
890	6
891	6
892	6
893	9
894	9
895	9
896	9
897	9
898	6
899	6
900	6
901	6
902	9
903	9
904	9
905	9
906	9
907	6
908	6
909	9
910	6
911	6
912	6
913	6
914	9
915	9
916	9
917	9
918	9
919	9
920	6
921	6
922	6
923	6
924	6
925	9
926	9
927	9
928	9
929	9
930	6
931	6
932	6
933	6
934	9
935	9
936	9
937	9
938	6
939	6
940	6
941	9
942	6
943	6
944	6
945	6
946	9
947	6
948	6
949	6
950	6
951	6
952	6
953	6
954	6
955	6
956	6
957	9
958	6
959	9
960	6
961	6
962	6
963	9
964	6
965	9
966	6
967	9
968	6
969	9
970	9
971	9
972	6
973	6
974	6
975	6
976	6
977	6
978	9
979	6
980	9
981	9
982	13
983	13
984	13
985	2
986	2
987	2
988	2
989	2
990	2
991	2
992	2
993	2
994	2
995	2
996	2
997	2
998	2
999	2
1000	2
1001	2
1002	2
1003	2
1004	2
1005	2
1006	2
1007	13
1008	13
1009	2
1010	13
1011	13
1012	6
1013	13
1014	13
1015	13
1016	13
1017	13
1018	6
1019	13
1020	13
1021	13
1022	13
1023	13
1024	13
1025	13
1026	13
1027	13
1028	13
1029	13
1030	13
1031	13
1032	13
1033	13
1034	13
1035	13
1036	13
1037	13
1038	13
1039	13
1040	13
1041	13
1042	13
1043	13
1044	13
1045	13
1046	13
1047	13
1048	13
1049	13
1050	13
1051	6
1052	13
1053	13
1054	13
1055	13
1056	13
1057	13
1058	13
1059	13
1060	13
1061	13
1062	13
1063	13
1064	13
1065	13
1066	13
1067	13
1068	13
1069	13
1070	13
1071	13
1072	13
1073	13
1074	13
1075	8
1076	8
1077	8
1078	8
1079	8
1080	8
1081	8
1082	8
1083	8
1084	8
1085	8
1086	8
1087	3
1088	3
1089	3
1090	3
1091	3
1092	3
1093	3
1094	7
1095	7
1096	7
1097	7
1098	7
1099	7
1100	7
1101	7
1102	7
1103	7
1104	7
1105	7
1106	7
1107	9
1108	9
1109	9
1110	9
1111	9
1112	9
1113	9
1114	9
1115	9
1116	9
1117	9
1118	9
1119	9
1120	9
1121	9
1122	9
1123	9
1124	9
1125	9
1126	9
1127	9
1128	9
1129	9
1130	9
1131	9
1132	9
1133	9
1134	9
1135	9
1136	9
1137	9
1138	9
1139	9
1140	9
1141	9
1142	9
1143	9
1144	9
1145	9
1146	9
1147	9
1148	9
1149	9
1150	9
1151	9
1152	9
1153	9
1154	7
1155	7
1156	7
1157	7
1158	7
1159	7
1160	7
1161	7
1162	7
1163	7
1164	7
1165	7
1166	7
1167	7
1168	7
1169	13
1170	13
1171	6
1172	13
1173	13
1174	13
1175	13
1176	13
1177	6
1178	13
1179	13
1180	6
1181	13
1182	13
1183	13
1184	13
1185	13
1186	13
1187	13
1188	13
1189	13
1190	6
1191	13
1192	13
1193	13
1194	13
1195	13
1196	13
1197	13
1198	13
1199	13
1200	11
1201	11
1202	6
1203	6
1204	6
1205	6
1206	6
1207	6
1208	6
1209	6
1210	6
1211	6
1212	6
1213	6
1214	6
1215	6
1216	6
1217	6
1218	6
1219	6
1220	6
1221	6
1222	6
1223	11
1224	6
1225	6
1226	6
1227	6
1228	6
1229	11
1230	6
1231	6
1232	11
1233	6
1234	6
1235	6
1236	11
1237	6
1238	6
1239	6
1240	3
1241	3
1242	3
1243	3
1244	3
1245	3
1246	3
1247	3
1248	3
1249	3
1250	3
1251	3
1252	3
1253	1
1254	1
1255	1
1256	1
1257	1
1258	3
1259	3
1260	3
1261	3
1262	3
1263	3
1264	1
1265	1
1266	1
1267	1
1268	1
1269	1
1270	1
1271	1
1272	1
1273	1
1274	1
1275	1
1276	1
1277	1
1278	7
1279	7
1280	7
1281	3
1282	10
1283	10
1284	1
1285	1
1286	1
1287	1
1288	5
1289	7
1290	7
1291	7
1292	5
1293	7
1294	5
1295	5
1296	5
1297	5
1298	7
1299	5
1300	7
1301	5
1302	5
1303	8
1304	8
1305	8
1306	8
1307	8
1308	13
1309	8
1310	8
1311	13
1312	8
1313	13
1314	9
1315	9
1316	9
1317	9
1318	9
1319	9
1320	9
1321	9
1322	9
1323	9
1324	9
1325	9
1326	9
1327	9
1328	9
1329	9
1330	9
1331	9
1332	9
1333	9
1334	9
1335	9
1336	9
1337	9
1338	9
1339	9
1340	9
1341	9
1342	9
1343	9
1344	9
1345	9
1346	13
1347	8
1348	8
1349	8
1350	8
1351	8
1352	8
1353	8
1354	8
1355	8
1356	8
1357	8
1358	8
1359	8
1360	8
1361	8
1362	8
1363	11
1364	11
1365	11
1366	11
1367	11
1368	11
1369	11
1370	11
1371	11
1372	11
1373	11
1374	11
1375	11
1376	11
1377	11
1378	11
1379	11
1380	11
1381	7
1382	7
1383	7
1384	7
1385	7
1386	7
1387	7
1388	7
1389	7
1390	7
1391	7
1392	7
1393	7
1394	7
1395	7
1396	7
1397	1
1398	13
1399	1
1400	1
1401	1
1402	1
1403	1
1404	1
1405	1
1406	1
1407	1
1408	1
1409	1
1410	1
1411	1
1412	1
1413	1
1414	1
1415	1
1416	1
1417	1
1418	1
1419	1
1420	1
1421	1
1422	1
1423	1
1424	1
1425	1
1426	1
1427	1
1428	6
1429	6
1430	6
1431	6
1432	6
1433	6
1434	6
1435	6
1436	6
1437	6
1438	6
1439	6
1440	6
1441	13
1442	13
1443	13
1444	6
1445	13
1446	6
1447	6
1448	13
1449	13
1450	13
1451	13
1452	13
1453	13
1454	13
1455	6
1456	6
1457	6
1458	6
1459	6
1460	6
1461	6
1462	6
1463	6
1464	6
1465	5
1466	5
1467	5
1468	5
1469	5
1470	5
1471	5
1472	5
1473	5
1474	5
1475	5
1476	5
1477	5
1478	5
1479	5
1480	5
1481	5
1482	5
1483	5
1484	5
1485	5
1486	5
1487	5
1488	5
1489	13
1490	13
1491	13
1492	13
1493	13
1494	13
1495	13
1496	13
1497	13
1498	13
1499	13
1500	13
1501	1
1502	1
1503	1
1504	1
1505	1
1506	1
1507	1
1508	1
1509	1
1510	1
1511	1
1512	1
1513	1
1514	1
1515	1
1516	1
1517	1
1518	1
1519	1
1520	1
1521	1
1522	1
1523	1
1524	1
1525	1
1526	1
1527	1
1528	1
1529	10
1530	10
1531	2
1532	2
1533	10
1534	10
1535	2
1536	10
1537	10
1538	2
1539	2
1540	2
1541	2
1542	10
1543	10
1544	10
1545	10
1546	10
1547	10
1548	2
1549	10
1550	10
1551	10
1552	11
1553	11
1554	11
1555	11
1556	11
1557	11
1558	11
1559	11
1560	11
1561	11
1562	11
1563	11
1564	11
1565	11
1566	11
1567	11
1568	11
1569	11
1570	11
1571	11
1572	11
1573	11
1574	11
1575	11
1576	13
1577	13
1578	13
1579	13
1580	13
1581	13
1582	13
1583	13
1584	13
1585	13
1586	13
1587	13
1588	13
1589	13
1590	13
1591	13
1592	13
1593	13
1594	13
1595	13
1596	13
1597	13
1598	13
1599	13
1600	13
1601	13
1602	11
1603	11
1604	11
1605	11
1606	11
1607	11
1608	11
1609	11
1610	11
1611	11
1612	11
1613	11
1614	11
1615	11
1616	11
1617	11
1618	7
1619	7
1620	7
1621	7
1622	7
1623	7
1624	7
1625	7
1626	7
1627	7
1628	7
1629	6
1630	6
1631	6
1632	6
1633	6
1634	6
1635	6
1636	6
1637	6
1638	6
1639	6
1640	6
1641	6
1642	6
1643	6
1644	7
1645	7
1646	7
1647	7
1648	7
1649	6
1650	6
1651	6
1652	6
1653	6
1654	6
1655	6
1656	6
1658	6
1659	6
1660	6
1661	6
1662	6
1663	6
1664	6
1665	6
1666	6
1667	6
1668	6
1669	6
1670	6
1671	6
1672	6
1673	7
1674	6
1675	6
1676	6
1677	7
1678	10
1679	10
1680	10
1681	10
1682	10
1683	10
1684	10
1685	1
1686	1
1687	1
1688	13
1689	13
1690	13
1691	13
1692	13
1693	13
1694	13
1695	1
1696	13
1697	13
1698	1
1699	1
1700	1
1701	12
1702	12
1703	12
1704	12
1705	13
1706	13
1707	13
1708	13
1709	12
1710	13
1711	13
1712	13
1713	7
1714	7
1715	7
1716	7
1717	7
1718	7
1719	7
1720	7
1721	7
1722	7
1723	7
1724	7
1725	13
1726	12
1727	13
1728	7
1729	13
1730	12
1731	12
1732	12
1733	13
1734	13
1735	13
1736	12
1737	12
1738	12
1739	12
1740	12
1741	12
1742	1
1743	1
1744	1
1745	1
1746	1
1747	1
1748	1
1749	1
1750	1
1751	1
1752	1
1753	1
1754	1
1755	1
1756	1
1757	7
1758	7
1759	7
1760	7
1761	1
1762	1
1763	1
1764	1
1765	1
1766	1
1767	1
1768	1
1769	1
1770	1
1771	1
1772	1
1773	1
1774	7
1775	7
1776	7
1777	7
1778	7
1779	7
1780	7
1781	7
1782	7
1783	7
1784	7
1785	7
1786	7
1787	1
1788	1
1789	1
1790	1
1791	1
1792	1
1793	1
1794	1
1795	7
1796	7
1797	7
1798	7
1799	1
1800	1
1801	1
1802	1
1803	1
1804	1
1805	1
1806	1
1807	1
1808	1
1809	4
1810	4
1811	4
1812	4
1813	4
1814	4
1815	4
1816	4
1817	4
1818	4
1819	4
1820	4
1821	6
1822	4
1823	6
1824	4
1825	4
1826	4
1827	4
1828	4
1829	4
1830	3
1831	3
1832	3
1833	3
1834	3
1835	4
1836	4
1837	3
1838	4
1839	4
1840	11
1841	11
1842	11
1843	11
1844	11
1845	4
1846	4
1847	4
1848	4
1849	4
1850	4
1851	4
1852	4
1853	6
1854	4
1855	4
1856	4
1857	7
1858	7
1859	7
1860	7
1861	7
1862	7
1863	4
1864	6
1865	6
1866	6
1867	6
1868	4
1869	4
1870	4
1871	4
1872	10
1873	10
1874	10
1875	10
1876	10
1877	10
1878	10
1879	10
1880	10
1881	10
1882	10
1883	10
1884	10
1885	10
1886	10
1887	10
1888	10
1889	10
1890	10
1891	10
1892	10
1893	10
1894	10
1895	8
1896	8
1897	8
1898	9
1899	9
1900	9
1901	9
1902	9
1903	9
1904	8
1905	8
1906	8
1907	8
1908	8
1909	8
1910	8
1911	8
1912	8
1913	8
1914	8
1915	8
1916	9
1917	9
1918	9
1919	9
1920	9
1921	9
1922	9
1923	9
1924	8
1925	8
1926	8
1927	8
1928	8
1929	8
1930	8
1931	8
1932	8
1933	8
1934	8
1935	8
1936	8
1937	8
1938	8
1939	8
1940	8
1941	8
1942	8
1943	8
1944	8
1945	8
1946	8
1947	8
1948	8
1949	8
1950	8
1951	8
1952	8
1953	8
1954	8
1955	8
1956	8
1957	8
1958	8
1959	8
1960	8
1961	8
1962	8
1963	8
1964	8
1965	8
1966	8
1967	8
1968	8
1969	8
1970	8
1971	8
1972	8
1973	8
1974	8
1975	8
1976	2
1977	2
1978	2
1979	2
1980	2
1981	2
1982	2
1983	2
1984	2
1985	2
1986	2
1987	2
1988	2
1989	2
1990	2
1991	2
1992	2
1993	2
1994	2
1995	2
1996	2
1997	2
1998	2
1999	2
2000	2
2001	2
2002	2
2003	2
2004	2
2005	2
2006	2
2007	2
2008	2
2009	2
2010	2
2011	2
2012	2
2013	2
2014	2
2015	2
2016	2
2017	3
2018	7
2019	3
2020	3
2021	3
2022	3
2023	3
2024	10
2025	3
2026	3
2027	3
2028	3
2029	3
2030	10
2031	10
2032	10
2033	10
2034	10
2035	10
2036	10
2037	10
2038	3
2039	3
2040	3
2041	3
2042	3
2043	3
2044	3
2045	3
2046	10
2047	10
2048	3
2049	3
2050	3
2051	10
2052	10
2053	10
2054	10
2055	10
2056	10
2057	10
2058	2
2059	2
2060	2
2061	2
2062	2
2063	2
2064	2
2065	2
2066	2
2067	2
2068	3
2069	3
2070	3
2071	3
2072	3
2073	3
2074	3
2075	3
2076	3
2077	3
2078	3
2079	3
2080	3
2081	3
2082	3
2083	3
2084	3
2085	3
2086	3
2087	3
2088	3
2089	13
2090	13
2091	13
2092	13
2093	13
2094	13
2095	13
2096	8
2097	8
2098	8
2099	8
2100	8
2101	8
2102	8
2103	8
2104	1
2105	8
2106	8
2107	8
2108	8
2109	8
2110	8
2111	8
2112	8
2113	4
2114	4
2115	12
2116	12
2117	12
2118	4
2119	4
2120	12
2121	12
2122	4
2123	4
2124	3
2125	12
2126	12
2127	12
2128	12
2129	12
2130	4
2131	12
2132	12
2133	4
2134	12
2135	12
2136	4
2137	4
2138	4
2139	4
2140	4
2141	12
2142	4
2143	4
2144	4
2145	12
2146	4
2147	4
2148	12
2149	4
2150	12
2151	12
2152	12
2153	12
2154	4
2155	4
2156	4
2157	4
2158	12
2159	4
2160	12
2161	12
2162	12
2163	12
2164	12
2165	12
2166	12
2167	4
2168	4
2169	12
2170	12
2171	4
2172	12
2173	12
2174	4
2175	4
2176	4
2177	4
2178	12
2179	12
2180	12
2181	12
2182	12
2183	12
2184	12
2185	12
2186	12
2187	12
2188	4
2189	12
2190	12
2191	12
2192	12
2193	12
2194	4
2195	4
2196	4
2197	4
2198	12
2199	4
2200	12
2201	4
2202	4
2203	4
2204	12
2205	12
2206	12
2207	12
2208	12
2209	12
2210	12
2211	4
2212	4
2213	12
2214	12
2215	4
2216	4
2217	12
2218	12
2219	12
2220	12
2221	12
2222	4
2223	4
2224	12
2225	12
2226	12
2227	12
2228	4
2229	4
2230	12
2231	12
2232	12
2233	4
2234	4
2235	12
2236	4
2237	4
2238	4
2239	12
2240	12
2241	4
2242	4
2243	4
2244	4
2245	4
2246	12
2247	12
2248	12
2249	12
2250	12
2251	12
2252	12
2253	4
2254	4
2255	4
2256	12
2257	12
2258	12
2259	12
2260	12
2261	12
2262	12
2263	12
2264	12
2265	12
2266	4
2267	12
2268	12
2269	4
2270	4
2271	12
2272	12
2273	4
2274	12
2275	12
2276	12
2277	4
2278	4
2279	4
2280	12
2281	12
2282	4
2283	4
2284	3
2285	3
2286	4
2287	4
2288	12
2289	12
2290	12
2291	12
2292	12
2293	12
2294	12
2295	12
2296	12
2297	4
2298	4
2299	4
2300	4
2301	12
2302	4
2303	4
2304	4
2305	12
2306	12
2307	12
2308	12
2309	3
2310	3
2311	3
2312	9
2313	9
2314	9
2315	9
2316	9
2317	9
2318	9
2319	9
2320	9
2321	9
2322	9
2323	9
2324	9
2325	9
2326	9
2327	9
2328	9
2329	9
2330	8
2331	8
2332	8
2333	8
2334	8
2335	8
2336	8
2337	8
2338	8
2339	8
2340	8
2341	8
2342	8
2343	8
2344	8
2345	8
2346	9
2347	9
2348	9
2349	9
2350	9
2351	9
2352	9
2353	9
2354	9
2355	9
2356	9
2357	9
2358	9
2359	9
2360	9
2361	9
2362	9
2363	9
2364	9
2365	9
2366	4
2367	4
2368	4
2369	4
2370	4
2371	4
2372	4
2373	4
2374	4
2375	4
2376	4
2377	4
2378	4
2379	4
2380	4
2381	4
2382	4
2383	4
2384	4
2385	4
2386	4
2387	4
2388	4
2389	4
2390	4
2391	4
2392	4
2393	4
2394	4
2395	4
2396	4
2397	4
2398	4
2399	4
2400	4
2401	4
2402	4
2403	4
2404	4
2405	4
2406	4
2407	4
2408	4
2409	4
2410	4
2411	4
2412	4
2413	4
2414	4
2415	5
2416	5
2417	5
2418	5
2419	5
2420	5
2421	5
2422	5
2423	5
2424	5
2425	5
2426	5
2427	5
2428	5
2429	5
2430	5
2431	5
2432	5
2433	5
2434	5
2435	5
2436	5
2437	5
2438	5
2439	5
2440	5
2441	5
2442	5
2443	5
2444	5
2445	5
2446	5
2447	5
2448	5
2449	11
2450	11
2451	11
2452	11
2453	11
2454	11
2455	5
2456	11
2457	11
2458	11
2459	11
2460	5
2461	5
2462	11
2463	11
2464	5
2465	5
2466	5
2467	5
2468	11
2469	11
2470	11
2471	11
2472	11
2473	5
2474	5
2475	11
2476	11
2477	11
2478	11
2479	11
2480	11
2481	5
2482	11
2483	11
2484	11
2485	11
2486	11
2487	11
2488	11
2489	11
2490	11
2491	11
2492	11
2493	11
2494	11
2495	11
2496	5
2497	5
2498	5
2499	5
2500	11
2501	11
2502	5
2503	5
2504	5
2505	5
2506	5
2507	5
2508	5
2509	5
2510	5
2511	5
2512	5
2513	5
2514	5
2515	11
2516	11
2517	5
2518	11
2519	11
2520	11
2521	11
2522	5
2523	5
2524	5
2525	5
2526	5
2527	5
2528	5
2529	5
2530	5
2531	5
2532	5
2533	5
2534	5
2535	5
2536	5
2537	5
2538	5
2539	11
2540	5
2541	11
2542	5
2543	5
2544	11
2545	11
2546	11
2547	5
2548	5
2549	5
2550	5
2551	11
2552	5
2553	5
2554	11
2555	11
2556	11
2557	11
2558	5
2559	5
2560	5
2561	5
2562	5
2563	5
2564	5
2565	5
2566	5
2567	5
2568	5
2569	5
2570	5
2571	5
2572	5
2573	5
2574	5
2575	11
2576	11
2577	11
2578	11
2579	11
2580	11
2581	5
2582	5
2583	11
2584	11
2585	5
2586	5
2587	5
2588	5
2589	5
2590	5
2591	5
2592	5
2593	5
2594	5
2595	5
2596	5
2597	5
2598	5
2599	5
2600	5
2601	5
2602	5
2603	5
2604	5
2605	5
2606	10
2607	10
2608	10
2609	10
2610	10
2611	10
2612	10
2613	10
2614	10
2615	10
2616	10
2617	10
2618	10
2619	10
2620	10
2621	10
2622	10
2623	10
2624	10
2625	10
2626	10
2627	10
2628	10
2629	10
2630	10
2631	10
2632	10
2633	10
2634	10
2635	10
2636	10
2637	10
2638	10
2639	10
2640	2
2641	2
2642	2
2643	2
2644	2
2645	2
2646	2
2647	2
2648	2
2649	2
2650	2
2651	2
2652	2
2653	2
2654	2
2655	2
2656	2
2657	2
2658	2
2659	2
2660	2
2661	2
2662	2
2663	2
2664	2
2665	2
2666	2
2667	2
2668	2
2669	2
2670	2
2671	2
2672	2
2673	2
2674	2
2675	2
2676	2
2677	2
2678	2
2679	2
2680	2
2681	2
2682	2
2683	2
2684	2
2685	2
2686	2
2687	2
2688	8
2689	8
2690	8
2691	8
315	13
1657	6
