0	4
1	4
2	4
3	4
4	4
5	4
6	4
7	6
8	13
9	13
10	13
11	13
12	6
13	6
14	6
15	6
16	13
17	13
18	13
19	13
20	13
21	2
22	2
23	2
24	2
25	2
26	2
27	2
28	2
29	13
30	13
31	13
32	13
33	13
34	13
35	13
36	13
37	13
38	13
39	13
40	13
41	13
42	13
43	13
44	13
45	13
46	13
47	13
48	13
49	1
50	1
51	1
52	1
53	10
54	10
55	10
56	10
57	10
58	1
59	1
60	1
61	1
62	1
63	1
64	1
65	10
66	10
67	10
68	10
69	10
70	10
71	2
72	2
73	2
74	2
75	1
76	1
77	1
78	1
79	1
80	1
81	1
82	1
83	8
84	8
85	8
86	8
87	8
88	8
89	8
90	8
91	8
92	8
93	8
94	8
95	8
96	13
97	6
98	13
99	13
100	6
101	6
102	6
103	13
104	13
105	13
106	13
107	13
108	13
109	13
110	13
111	13
112	6
113	6
114	13
115	13
116	13
117	13
118	6
119	6
120	6
121	13
122	13
123	13
124	13
125	13
126	13
127	13
128	13
129	5
130	5
131	5
132	5
133	5
134	5
135	5
136	5
137	5
138	5
139	5
140	5
141	5
142	5
143	5
144	5
145	5
146	5
147	5
148	5
149	5
150	5
151	5
152	5
153	5
154	5
155	5
156	5
157	5
158	5
159	5
160	5
161	5
162	5
163	5
164	5
165	5
166	5
167	5
168	5
169	5
170	5
171	5
172	5
173	5
174	5
175	5
176	5
177	5
178	5
179	5
180	5
181	5
182	5
183	1
184	1
185	1
186	1
187	1
188	1
189	1
190	1
191	1
192	1
193	1
194	1
195	1
196	1
197	1
198	1
199	1
200	1
201	1
202	1
203	1
204	1
205	1
206	1
207	1
208	2
209	2
210	2
211	2
212	2
213	2
214	2
215	2
216	2
217	2
218	2
219	2
220	2
221	2
222	2
223	2
224	2
225	2
226	2
227	2
228	2
229	2
230	2
231	2
232	2
233	2
234	2
235	2
236	2
237	2
238	2
239	2
240	2
241	2
242	2
243	2
244	2
245	2
246	2
247	2
248	1
249	1
250	1
251	1
252	1
253	1
254	1
255	1
256	1
257	1
258	1
259	1
260	1
261	2
262	2
263	2
264	2
265	2
266	2
267	2
268	9
269	9
270	9
271	2
272	2
273	2
274	2
275	2
276	2
277	2
278	9
279	9
280	9
281	9
282	9
283	9
284	9
285	9
286	9
287	9
288	9
289	9
290	9
291	9
292	9
293	9
294	9
295	9
296	9
297	9
298	9
299	9
300	9
301	9
302	1
303	1
304	1
305	1
306	3
307	3
308	3
309	3
310	3
311	3
312	3
313	3
314	3
316	13
317	13
318	13
319	13
320	13
321	13
322	13
323	13
324	13
325	13
326	13
327	13
328	13
329	13
330	13
331	3
332	3
333	3
334	3
335	3
336	3
337	13
338	13
339	13
340	3
341	3
342	3
343	3
344	3
345	3
346	3
347	3
348	3
349	3
350	3
351	3
352	3
353	3
354	3
355	3
356	8
357	5
358	8
359	5
360	5
361	8
362	8
363	5
364	8
365	8
366	8
367	8
368	8
369	3
370	3
371	3
372	3
373	3
374	3
375	3
376	3
377	3
378	3
379	3
380	3
381	3
382	3
383	3
384	3
385	3
386	3
387	3
388	3
389	13
390	13
391	13
392	13
393	13
394	3
395	3
396	3
397	3
398	13
399	13
400	13
401	13
402	13
403	2
404	2
405	2
406	2
407	2
408	2
409	13
410	1
411	1
412	1
413	1
414	1
415	1
416	1
417	1
418	1
419	1
420	1
421	1
422	1
423	13
424	1
425	8
426	5
427	5
428	5
429	8
430	8
431	8
432	8
433	1
434	1
435	1
436	1
437	1
438	1
439	1
440	1
441	1
442	1
443	1
444	1
445	13
446	8
447	8
448	5
449	5
450	5
451	1
452	1
453	1
454	8
455	5
456	8
457	1
458	13
459	1
460	1
461	1
462	1
463	8
464	8
465	8
466	8
467	5
468	8
469	5
470	8
471	5
472	5
473	1
474	1
475	9
476	9
477	5
478	5
479	5
480	5
481	5
482	5
483	5
484	2
485	2
486	5
487	5
488	5
489	9
490	9
491	9
492	9
493	9
494	9
495	5
496	5
497	5
498	2
499	5
500	5
501	5
502	2
503	5
504	5
505	5
506	2
507	2
508	2
509	2
510	2
511	2
512	2
513	2
514	2
515	2
516	2
517	2
518	2
519	2
520	2
521	2
522	6
523	6
524	6
525	6
526	4
527	4
528	6
529	6
530	6
531	6
532	6
533	6
534	6
535	6
536	6
537	6
538	4
539	4
540	4
541	4
542	4
543	4
544	4
545	4
546	4
547	4
548	4
549	4
550	4
551	4
552	4
553	4
554	4
555	4
556	4
557	4
558	4
559	2
560	2
561	2
562	2
563	2
564	2
565	4
566	4
567	4
568	4
569	4
570	6
571	6
572	6
573	6
574	6
575	6
576	6
577	6
578	6
579	6
580	6
581	4
582	4
583	4
584	4
585	4
586	4
587	9
588	2
589	2
590	2
591	2
592	2
593	2
594	9
595	2
596	9
597	2
598	9
599	2
600	2
601	2
602	2
603	1
604	1
605	1
606	1
607	1
608	1
609	1
610	1
611	1
612	1
613	1
614	1
615	1
616	1
617	9
618	9
619	2
620	9
621	9
622	9
623	9
624	9
625	9
626	9
627	9
628	2
629	2
630	2
631	2
632	9
633	2
634	9
635	2
636	9
637	9
638	9
639	1
640	4
641	1
642	4
643	1
644	4
645	4
646	4
647	4
648	4
649	4
650	4
651	4
652	4
653	1
654	1
655	1
656	4
657	9
658	9
659	9
660	9
661	4
662	4
663	4
664	4
665	4
666	4
667	4
668	4
669	4
670	5
671	5
672	5
673	5
674	5
675	5
676	5
677	5
678	5
679	5
680	4
681	4
682	4
683	4
684	4
685	4
686	4
687	4
688	4
689	4
690	4
691	4
692	4
693	4
694	4
695	4
696	4
697	5
698	5
699	5
700	5
701	5
702	5
703	5
704	5
705	5
706	5
707	5
708	5
709	5
710	5
711	5
712	5
713	5
714	4
715	4
716	2
717	2
718	5
719	5
720	5
721	2
722	2
723	2
724	2
725	2
726	2
727	2
728	2
729	2
730	2
731	2
732	13
733	13
734	13
735	13
736	13
737	5
738	5
739	5
740	5
741	5
742	5
743	9
744	9
745	13
746	13
747	13
748	13
749	13
750	13
751	13
752	13
753	13
754	13
755	13
756	13
757	13
758	13
759	13
760	13
761	13
762	13
763	13
764	13
765	13
766	9
767	5
768	9
769	5
770	13
771	13
772	9
773	9
774	9
775	5
776	9
777	9
778	5
779	9
780	9
781	9
782	9
783	5
784	9
785	2
786	9
787	9
788	9
789	9
790	9
791	2
792	2
793	2
794	2
795	2
796	2
797	2
798	2
799	2
800	2
801	9
802	9
803	9
804	9
805	2
806	2
807	2
808	9
809	9
810	9
811	10
812	10
813	10
814	10
815	10
816	10
817	10
818	10
819	10
820	10
821	10
822	10
823	10
824	10
825	10
826	10
827	10
828	10
829	10
830	10
831	10
832	10
833	10
834	10
835	10
836	10
837	10
838	10
839	10
840	10
841	10
842	10
843	10
844	10
845	10
846	10
847	10
848	10
849	10
850	10
851	10
852	10
853	10
854	10
855	10
856	10
857	10
858	1
859	1
860	1
861	1
862	1
863	1
864	1
865	1
866	1
867	1
868	1
869	1
870	1
871	10
872	10
873	10
874	10
875	10
876	10
877	10
878	10
879	10
880	10
881	10
882	10
883	10
884	10
885	10
886	10
887	10
888	10
889	10
890	10
891	10
892	10
893	10
894	10
895	10
896	10
897	10
898	10
899	10
900	10
901	10
902	10
903	10
904	10
905	10
906	10
907	10
908	10
909	10
910	10
911	10
912	10
913	10
914	10
915	10
916	10
917	10
918	10
919	10
920	10
921	10
922	10
923	10
924	10
925	10
926	10
927	10
928	10
929	10
930	10
931	10
932	10
933	10
934	10
935	10
936	10
937	10
938	10
939	10
940	10
941	10
942	10
943	10
944	10
945	10
946	10
947	10
948	10
949	10
950	10
951	10
952	10
953	10
954	10
955	10
956	10
957	10
958	10
959	10
960	10
961	10
962	10
963	10
964	10
965	10
966	10
967	10
968	10
969	10
970	10
971	10
972	10
973	10
974	10
975	10
976	10
977	10
978	10
979	10
980	10
981	10
982	11
983	11
984	11
985	5
986	5
987	5
988	5
989	5
990	5
991	5
992	5
993	5
994	5
995	5
996	5
997	5
998	5
999	5
1000	5
1001	5
1002	5
1003	5
1004	5
1005	5
1006	5
1007	13
1008	11
1009	5
1010	11
1011	11
1012	11
1013	11
1014	11
1015	11
1016	11
1017	11
1018	11
1019	11
1020	13
1021	13
1022	13
1023	11
1024	11
1025	13
1026	13
1027	11
1028	11
1029	11
1030	11
1031	11
1032	11
1033	11
1034	13
1035	13
1036	13
1037	13
1038	13
1039	11
1040	13
1041	13
1042	11
1043	13
1044	11
1045	11
1046	13
1047	13
1048	11
1049	11
1050	13
1051	11
1052	11
1053	13
1054	13
1055	13
1056	11
1057	13
1058	13
1059	11
1060	13
1061	13
1062	11
1063	13
1064	13
1065	13
1066	13
1067	13
1068	13
1069	11
1070	11
1071	11
1072	11
1073	11
1074	11
1075	1
1076	1
1077	1
1078	1
1079	1
1080	1
1081	1
1082	1
1083	1
1084	1
1085	1
1086	1
1087	9
1088	9
1089	9
1090	9
1091	9
1092	9
1093	9
1094	2
1095	2
1096	2
1097	2
1098	2
1099	2
1100	2
1101	2
1102	2
1103	2
1104	2
1105	2
1106	2
1107	3
1108	3
1109	3
1110	3
1111	3
1112	3
1113	3
1114	3
1115	3
1116	3
1117	3
1118	3
1119	3
1120	3
1121	3
1122	3
1123	3
1124	3
1125	3
1126	3
1127	3
1128	3
1129	3
1130	3
1131	3
1132	3
1133	3
1134	3
1135	3
1136	10
1137	3
1138	3
1139	3
1140	3
1141	3
1142	3
1143	3
1144	3
1145	3
1146	3
1147	3
1148	3
1149	3
1150	3
1151	3
1152	3
1153	3
1154	3
1155	3
1156	3
1157	3
1158	3
1159	3
1160	3
1161	3
1162	3
1163	3
1164	3
1165	3
1166	3
1167	3
1168	3
1169	11
1170	11
1171	11
1172	11
1173	11
1174	13
1175	13
1176	11
1177	11
1178	11
1179	11
1180	11
1181	11
1182	11
1183	11
1184	11
1185	11
1186	11
1187	11
1188	11
1189	11
1190	11
1191	13
1192	11
1193	11
1194	11
1195	11
1196	11
1197	11
1198	11
1199	11
1200	11
1201	11
1202	11
1203	11
1204	11
1205	11
1206	11
1207	11
1208	11
1209	11
1210	11
1211	11
1212	11
1213	11
1214	11
1215	11
1216	11
1217	11
1218	11
1219	11
1220	11
1221	11
1222	11
1223	11
1224	11
1225	11
1226	11
1227	11
1228	11
1229	11
1230	11
1231	11
1232	11
1233	11
1234	11
1235	11
1236	11
1237	11
1238	11
1239	11
1240	9
1241	9
1242	9
1243	2
1244	2
1245	9
1246	2
1247	2
1248	2
1249	2
1250	2
1251	2
1252	2
1253	1
1254	1
1255	1
1256	1
1257	1
1258	2
1259	2
1260	2
1261	2
1262	9
1263	9
1264	1
1265	1
1266	1
1267	1
1268	1
1269	1
1270	1
1271	1
1272	1
1273	1
1274	1
1275	1
1276	1
1277	1
1278	2
1279	2
1280	2
1281	2
1282	9
1283	9
1284	1
1285	1
1286	1
1287	1
1288	3
1289	2
1290	2
1291	2
1292	3
1293	2
1294	3
1295	3
1296	3
1297	3
1298	2
1299	3
1300	2
1301	3
1302	3
1303	1
1304	1
1305	1
1306	1
1307	1
1308	1
1309	1
1310	1
1311	1
1312	1
1313	1
1314	10
1315	10
1316	10
1317	10
1318	10
1319	10
1320	10
1321	10
1322	10
1323	10
1324	10
1325	10
1326	10
1327	10
1328	10
1329	10
1330	10
1331	10
1332	10
1333	10
1334	10
1335	10
1336	3
1337	10
1338	10
1339	10
1340	10
1341	10
1342	10
1343	10
1344	3
1345	10
1346	1
1347	4
1348	4
1349	4
1350	1
1351	1
1352	4
1353	1
1354	4
1355	4
1356	1
1357	4
1358	4
1359	4
1360	4
1361	1
1362	1
1363	11
1364	11
1365	11
1366	11
1367	11
1368	11
1369	11
1370	11
1371	11
1372	11
1373	11
1374	11
1375	11
1376	11
1377	11
1378	11
1379	11
1380	11
1381	2
1382	2
1383	2
1384	2
1385	2
1386	2
1387	2
1388	2
1389	2
1390	2
1391	2
1392	2
1393	2
1394	2
1395	2
1396	2
1397	1
1398	1
1399	1
1400	1
1401	1
1402	1
1403	1
1404	1
1405	1
1406	1
1407	1
1408	1
1409	1
1410	1
1411	1
1412	1
1413	1
1414	1
1415	1
1416	1
1417	1
1418	1
1419	1
1420	1
1421	1
1422	1
1423	1
1424	1
1425	1
1426	1
1427	1
1428	6
1429	6
1430	6
1431	6
1432	6
1433	6
1434	6
1435	6
1436	6
1437	6
1438	6
1439	6
1440	6
1441	13
1442	13
1443	13
1444	13
1445	13
1446	13
1447	13
1448	13
1449	13
1450	13
1451	13
1452	13
1453	13
1454	13
1455	6
1456	6
1457	6
1458	6
1459	6
1460	6
1461	6
1462	6
1463	6
1464	6
1465	2
1466	2
1467	2
1468	2
1469	5
1470	2
1471	2
1472	5
1473	5
1474	2
1475	2
1476	2
1477	2
1478	2
1479	2
1480	2
1481	2
1482	2
1483	2
1484	2
1485	2
1486	2
1487	5
1488	2
1489	13
1490	13
1491	13
1492	13
1493	13
1494	13
1495	13
1496	13
1497	13
1498	13
1499	13
1500	13
1501	4
1502	4
1503	4
1504	4
1505	4
1506	4
1507	4
1508	4
1509	4
1510	4
1511	4
1512	4
1513	4
1514	4
1515	4
1516	4
1517	4
1518	4
1519	4
1520	4
1521	4
1522	4
1523	4
1524	4
1525	4
1526	4
1527	4
1528	4
1529	5
1530	5
1531	5
1532	5
1533	5
1534	5
1535	5
1536	5
1537	5
1538	5
1539	5
1540	5
1541	5
1542	5
1543	5
1544	5
1545	5
1546	5
1547	5
1548	5
1549	5
1550	5
1551	5
1552	8
1553	11
1554	11
1555	11
1556	11
1557	11
1558	11
1559	11
1560	11
1561	11
1562	11
1563	11
1564	11
1565	11
1566	11
1567	11
1568	11
1569	11
1570	11
1571	11
1572	11
1573	11
1574	11
1575	11
1576	13
1577	13
1578	13
1579	13
1580	13
1581	13
1582	13
1583	13
1584	13
1585	13
1586	13
1587	13
1588	13
1589	13
1590	13
1591	13
1592	13
1593	1
1594	1
1595	1
1596	1
1597	1
1598	1
1599	1
1600	1
1601	1
1602	8
1603	8
1604	6
1605	8
1606	8
1607	8
1608	6
1609	8
1610	6
1611	6
1612	6
1613	8
1614	8
1615	8
1616	8
1617	8
1618	2
1619	2
1620	2
1621	2
1622	2
1623	2
1624	2
1625	2
1626	2
1627	2
1628	2
1629	11
1630	11
1631	11
1632	11
1633	11
1634	11
1635	11
1636	11
1637	11
1638	11
1639	11
1640	11
1641	11
1642	11
1643	11
1644	2
1645	2
1646	2
1647	2
1648	2
1649	11
1650	11
1651	11
1652	11
1653	11
1654	11
1655	11
1656	11
1658	11
1659	11
1660	11
1661	11
1662	11
1663	11
1664	11
1665	11
1666	11
1667	13
1668	13
1669	11
1670	11
1671	11
1672	11
1673	2
1674	11
1675	11
1676	11
1677	2
1678	9
1679	9
1680	9
1681	9
1682	9
1683	9
1684	9
1685	13
1686	13
1687	13
1688	13
1689	13
1690	13
1691	13
1692	13
1693	13
1694	13
1695	13
1696	13
1697	13
1698	13
1699	13
1700	13
1701	13
1702	13
1703	7
1704	7
1705	13
1706	13
1707	13
1708	13
1709	13
1710	13
1711	13
1712	13
1713	2
1714	2
1715	2
1716	2
1717	2
1718	2
1719	2
1720	2
1721	2
1722	2
1723	2
1724	2
1725	13
1726	13
1727	13
1728	2
1729	13
1730	13
1731	13
1732	13
1733	13
1734	13
1735	13
1736	13
1737	13
1738	13
1739	13
1740	13
1741	13
1742	4
1743	4
1744	4
1745	4
1746	4
1747	4
1748	4
1749	4
1750	4
1751	4
1752	4
1753	4
1754	4
1755	4
1756	4
1757	2
1758	2
1759	2
1760	2
1761	4
1762	4
1763	4
1764	4
1765	4
1766	4
1767	4
1768	4
1769	4
1770	4
1771	4
1772	4
1773	4
1774	2
1775	2
1776	2
1777	2
1778	2
1779	2
1780	2
1781	2
1782	2
1783	2
1784	2
1785	2
1786	2
1787	4
1788	4
1789	4
1790	4
1791	4
1792	4
1793	4
1794	4
1795	2
1796	2
1797	2
1798	2
1799	4
1800	4
1801	4
1802	4
1803	4
1804	4
1805	4
1806	4
1807	4
1808	4
1809	6
1810	6
1811	6
1812	6
1813	6
1814	6
1815	6
1816	6
1817	6
1818	6
1819	6
1820	6
1821	6
1822	6
1823	6
1824	6
1825	6
1826	6
1827	6
1828	6
1829	6
1830	2
1831	2
1832	2
1833	2
1834	2
1835	6
1836	6
1837	2
1838	6
1839	6
1840	8
1841	8
1842	8
1843	8
1844	8
1845	6
1846	6
1847	6
1848	6
1849	6
1850	6
1851	6
1852	6
1853	6
1854	6
1855	6
1856	6
1857	2
1858	2
1859	2
1860	2
1861	2
1862	2
1863	6
1864	6
1865	6
1866	6
1867	6
1868	6
1869	6
1870	6
1871	6
1872	9
1873	9
1874	9
1875	9
1876	9
1877	9
1878	9
1879	9
1880	9
1881	9
1882	9
1883	9
1884	9
1885	9
1886	9
1887	9
1888	9
1889	9
1890	9
1891	9
1892	9
1893	9
1894	9
1895	1
1896	1
1897	4
1898	3
1899	3
1900	3
1901	3
1902	3
1903	3
1904	1
1905	1
1906	4
1907	4
1908	4
1909	1
1910	1
1911	1
1912	4
1913	4
1914	4
1915	1
1916	3
1917	3
1918	3
1919	3
1920	3
1921	3
1922	3
1923	3
1924	4
1925	4
1926	1
1927	1
1928	4
1929	1
1930	4
1931	1
1932	4
1933	1
1934	1
1935	4
1936	1
1937	4
1938	4
1939	1
1940	4
1941	1
1942	4
1943	1
1944	1
1945	4
1946	4
1947	1
1948	4
1949	4
1950	1
1951	4
1952	4
1953	1
1954	1
1955	1
1956	1
1957	4
1958	1
1959	4
1960	1
1961	4
1962	1
1963	1
1964	1
1965	4
1966	4
1967	4
1968	1
1969	1
1970	1
1971	1
1972	4
1973	1
1974	1
1975	4
1976	8
1977	8
1978	8
1979	8
1980	8
1981	8
1982	8
1983	8
1984	8
1985	8
1986	8
1987	8
1988	8
1989	8
1990	8
1991	8
1992	8
1993	8
1994	8
1995	8
1996	8
1997	8
1998	8
1999	8
2000	8
2001	8
2002	8
2003	8
2004	8
2005	8
2006	8
2007	8
2008	8
2009	8
2010	8
2011	8
2012	8
2013	8
2014	8
2015	8
2016	8
2017	9
2018	9
2019	9
2020	9
2021	9
2022	9
2023	9
2024	5
2025	9
2026	9
2027	9
2028	9
2029	9
2030	5
2031	5
2032	5
2033	5
2034	5
2035	5
2036	5
2037	9
2038	2
2039	2
2040	2
2041	2
2042	2
2043	9
2044	9
2045	9
2046	5
2047	5
2048	2
2049	2
2050	9
2051	5
2052	5
2053	9
2054	9
2055	5
2056	9
2057	5
2058	8
2059	8
2060	8
2061	8
2062	8
2063	8
2064	8
2065	8
2066	8
2067	8
2068	9
2069	9
2070	9
2071	9
2072	9
2073	9
2074	9
2075	9
2076	9
2077	9
2078	9
2079	9
2080	9
2081	9
2082	9
2083	9
2084	9
2085	9
2086	9
2087	9
2088	9
2089	13
2090	13
2091	13
2092	13
2093	13
2094	13
2095	13
2096	4
2097	4
2098	4
2099	4
2100	4
2101	4
2102	4
2103	4
2104	4
2105	4
2106	4
2107	4
2108	4
2109	4
2110	4
2111	4
2112	4
2113	7
2114	7
2115	7
2116	7
2117	7
2118	6
2119	6
2120	7
2121	7
2122	7
2123	6
2124	9
2125	7
2126	7
2127	7
2128	7
2129	7
2130	7
2131	7
2132	7
2133	6
2134	7
2135	7
2136	6
2137	6
2138	6
2139	7
2140	6
2141	7
2142	7
2143	7
2144	7
2145	7
2146	6
2147	6
2148	7
2149	6
2150	7
2151	7
2152	7
2153	7
2154	7
2155	7
2156	7
2157	7
2158	7
2159	7
2160	7
2161	7
2162	7
2163	7
2164	7
2165	7
2166	7
2167	7
2168	7
2169	7
2170	7
2171	7
2172	7
2173	7
2174	6
2175	6
2176	6
2177	6
2178	7
2179	7
2180	7
2181	7
2182	7
2183	7
2184	7
2185	7
2186	7
2187	7
2188	6
2189	7
2190	7
2191	7
2192	7
2193	7
2194	6
2195	7
2196	6
2197	6
2198	7
2199	6
2200	7
2201	7
2202	7
2203	7
2204	7
2205	7
2206	7
2207	7
2208	7
2209	7
2210	7
2211	7
2212	7
2213	7
2214	7
2215	6
2216	6
2217	7
2218	7
2219	7
2220	7
2221	7
2222	7
2223	6
2224	7
2225	7
2226	7
2227	7
2228	7
2229	7
2230	7
2231	7
2232	7
2233	6
2234	6
2235	7
2236	6
2237	6
2238	6
2239	7
2240	7
2241	7
2242	6
2243	6
2244	6
2245	6
2246	7
2247	7
2248	7
2249	7
2250	7
2251	7
2252	7
2253	6
2254	6
2255	6
2256	7
2257	7
2258	7
2259	7
2260	7
2261	7
2262	7
2263	7
2264	7
2265	7
2266	7
2267	7
2268	7
2269	6
2270	6
2271	7
2272	7
2273	7
2274	7
2275	7
2276	7
2277	6
2278	7
2279	7
2280	7
2281	7
2282	7
2283	6
2284	9
2285	9
2286	7
2287	7
2288	7
2289	7
2290	7
2291	7
2292	7
2293	7
2294	7
2295	7
2296	7
2297	7
2298	6
2299	6
2300	6
2301	7
2302	6
2303	7
2304	6
2305	7
2306	7
2307	7
2308	7
2309	9
2310	9
2311	9
2312	10
2313	10
2314	10
2315	10
2316	10
2317	10
2318	10
2319	10
2320	10
2321	10
2322	10
2323	10
2324	10
2325	10
2326	10
2327	10
2328	10
2329	10
2330	1
2331	1
2332	1
2333	1
2334	1
2335	1
2336	1
2337	1
2338	1
2339	1
2340	1
2341	1
2342	1
2343	1
2344	1
2345	1
2346	11
2347	11
2348	11
2349	11
2350	11
2351	11
2352	11
2353	11
2354	11
2355	11
2356	11
2357	11
2358	11
2359	11
2360	11
2361	11
2362	11
2363	11
2364	11
2365	11
2366	6
2367	6
2368	6
2369	6
2370	6
2371	6
2372	6
2373	6
2374	6
2375	6
2376	6
2377	6
2378	6
2379	6
2380	6
2381	6
2382	6
2383	6
2384	6
2385	6
2386	6
2387	6
2388	6
2389	6
2390	6
2391	6
2392	6
2393	6
2394	6
2395	6
2396	6
2397	6
2398	6
2399	6
2400	6
2401	6
2402	6
2403	6
2404	6
2405	6
2406	6
2407	6
2408	6
2409	6
2410	6
2411	6
2412	6
2413	6
2414	6
2415	12
2416	12
2417	12
2418	12
2419	12
2420	12
2421	12
2422	12
2423	12
2424	12
2425	12
2426	12
2427	12
2428	12
2429	12
2430	12
2431	12
2432	12
2433	12
2434	12
2435	12
2436	12
2437	12
2438	12
2439	12
2440	12
2441	12
2442	12
2443	12
2444	12
2445	12
2446	12
2447	12
2448	12
2449	12
2450	12
2451	12
2452	12
2453	12
2454	12
2455	12
2456	3
2457	12
2458	12
2459	12
2460	12
2461	12
2462	12
2463	12
2464	12
2465	12
2466	12
2467	12
2468	12
2469	12
2470	12
2471	12
2472	12
2473	12
2474	12
2475	12
2476	12
2477	12
2478	12
2479	12
2480	12
2481	12
2482	12
2483	12
2484	12
2485	12
2486	12
2487	12
2488	12
2489	12
2490	12
2491	12
2492	12
2493	12
2494	3
2495	12
2496	3
2497	3
2498	3
2499	3
2500	12
2501	12
2502	12
2503	12
2504	12
2505	12
2506	12
2507	12
2508	3
2509	3
2510	3
2511	3
2512	3
2513	3
2514	3
2515	12
2516	12
2517	12
2518	12
2519	12
2520	12
2521	12
2522	12
2523	12
2524	12
2525	12
2526	12
2527	12
2528	12
2529	12
2530	12
2531	3
2532	12
2533	3
2534	12
2535	3
2536	12
2537	3
2538	12
2539	12
2540	3
2541	12
2542	12
2543	12
2544	12
2545	12
2546	12
2547	12
2548	12
2549	12
2550	12
2551	12
2552	12
2553	3
2554	12
2555	12
2556	12
2557	12
2558	12
2559	3
2560	12
2561	12
2562	12
2563	12
2564	12
2565	12
2566	12
2567	12
2568	12
2569	12
2570	12
2571	12
2572	12
2573	12
2574	12
2575	12
2576	12
2577	12
2578	12
2579	12
2580	12
2581	12
2582	12
2583	12
2584	12
2585	12
2586	12
2587	3
2588	3
2589	3
2590	3
2591	3
2592	3
2593	3
2594	12
2595	12
2596	12
2597	12
2598	12
2599	12
2600	12
2601	12
2602	12
2603	12
2604	12
2605	12
2606	9
2607	9
2608	9
2609	9
2610	9
2611	9
2612	9
2613	9
2614	9
2615	9
2616	9
2617	9
2618	9
2619	9
2620	9
2621	9
2622	9
2623	9
2624	9
2625	9
2626	9
2627	9
2628	9
2629	9
2630	9
2631	9
2632	9
2633	9
2634	9
2635	9
2636	9
2637	9
2638	9
2639	9
2640	8
2641	8
2642	8
2643	8
2644	8
2645	8
2646	8
2647	8
2648	8
2649	8
2650	8
2651	8
2652	8
2653	8
2654	8
2655	8
2656	8
2657	5
2658	8
2659	8
2660	8
2661	5
2662	5
2663	8
2664	8
2665	8
2666	8
2667	8
2668	8
2669	8
2670	8
2671	8
2672	8
2673	8
2674	8
2675	5
2676	8
2677	8
2678	5
2679	8
2680	8
2681	8
2682	8
2683	8
2684	8
2685	8
2686	8
2687	8
2688	1
2689	1
2690	1
2691	1
315	13
1657	11
