0	5
1	5
2	5
3	5
4	5
5	5
6	5
7	13
8	13
9	13
10	13
11	13
12	13
13	13
14	13
15	13
16	13
17	13
18	7
19	7
20	5
21	8
22	8
23	8
24	8
25	8
26	8
27	8
28	8
29	2
30	2
31	2
32	2
33	2
34	2
35	2
36	2
37	2
38	2
39	2
40	2
41	2
42	2
43	2
44	2
45	2
46	2
47	2
48	2
49	2
50	2
51	2
52	2
53	12
54	12
55	12
56	12
57	12
58	2
59	2
60	2
61	2
62	2
63	2
64	2
65	12
66	12
67	12
68	12
69	12
70	12
71	8
72	8
73	8
74	8
75	2
76	2
77	2
78	2
79	2
80	2
81	2
82	2
83	9
84	9
85	9
86	9
87	9
88	9
89	9
90	9
91	9
92	9
93	9
94	9
95	9
96	13
97	13
98	13
99	13
100	13
101	13
102	13
103	13
104	13
105	13
106	13
107	13
108	13
109	13
110	13
111	13
112	13
113	13
114	13
115	13
116	13
117	13
118	13
119	13
120	13
121	13
122	13
123	13
124	13
125	13
126	13
127	13
128	13
129	3
130	11
131	11
132	3
133	3
134	3
135	11
136	11
137	3
138	3
139	3
140	11
141	3
142	3
143	3
144	11
145	3
146	11
147	3
148	3
149	3
150	3
151	3
152	3
153	3
154	11
155	11
156	11
157	3
158	3
159	3
160	3
161	3
162	3
163	3
164	3
165	3
166	3
167	3
168	3
169	3
170	3
171	3
172	3
173	3
174	3
175	3
176	3
177	3
178	3
179	3
180	3
181	3
182	3
183	2
184	2
185	2
186	2
187	2
188	2
189	2
190	2
191	2
192	2
193	2
194	2
195	2
196	2
197	2
198	2
199	2
200	2
201	2
202	2
203	2
204	2
205	2
206	2
207	2
208	8
209	8
210	8
211	8
212	8
213	8
214	8
215	8
216	8
217	8
218	8
219	8
220	8
221	8
222	8
223	8
224	8
225	8
226	8
227	8
228	8
229	8
230	8
231	8
232	8
233	8
234	8
235	8
236	8
237	8
238	8
239	8
240	8
241	8
242	8
243	8
244	8
245	8
246	8
247	8
248	2
249	2
250	2
251	2
252	2
253	2
254	2
255	2
256	2
257	2
258	2
259	2
260	2
261	8
262	8
263	8
264	8
265	8
266	8
267	8
268	8
269	10
270	10
271	8
272	8
273	8
274	8
275	8
276	8
277	8
278	8
279	8
280	8
281	8
282	10
283	8
284	10
285	10
286	10
287	10
288	10
289	10
290	10
291	8
292	10
293	10
294	10
295	10
296	10
297	10
298	10
299	10
300	10
301	10
302	2
303	2
304	2
305	2
306	11
307	11
308	11
309	13
310	13
311	13
312	11
313	11
314	11
316	7
317	7
318	7
319	7
320	7
321	7
322	7
323	7
324	7
325	7
326	7
327	7
328	7
329	7
330	7
331	11
332	11
333	11
334	11
335	11
336	13
337	7
338	7
339	7
340	11
341	11
342	11
343	11
344	11
345	11
346	11
347	11
348	11
349	11
350	11
351	11
352	11
353	13
354	11
355	11
356	3
357	3
358	3
359	3
360	3
361	3
362	3
363	3
364	3
365	9
366	3
367	9
368	3
369	13
370	11
371	11
372	11
373	13
374	11
375	11
376	11
377	11
378	11
379	11
380	11
381	11
382	11
383	11
384	11
385	11
386	11
387	11
388	11
389	7
390	7
391	7
392	7
393	7
394	11
395	11
396	11
397	13
398	7
399	7
400	7
401	7
402	7
403	8
404	8
405	8
406	11
407	11
408	11
409	5
410	5
411	5
412	5
413	5
414	5
415	5
416	5
417	5
418	5
419	5
420	5
421	5
422	5
423	5
424	5
425	10
426	10
427	10
428	10
429	10
430	10
431	10
432	10
433	5
434	5
435	5
436	5
437	5
438	5
439	5
440	5
441	5
442	5
443	5
444	5
445	5
446	10
447	10
448	10
449	10
450	10
451	5
452	5
453	5
454	10
455	10
456	10
457	5
458	5
459	5
460	5
461	5
462	5
463	10
464	10
465	10
466	10
467	10
468	10
469	10
470	10
471	10
472	10
473	5
474	5
475	10
476	10
477	3
478	3
479	3
480	3
481	3
482	3
483	3
484	8
485	8
486	3
487	3
488	3
489	10
490	10
491	10
492	10
493	10
494	10
495	3
496	3
497	3
498	8
499	3
500	3
501	3
502	8
503	3
504	3
505	3
506	11
507	11
508	8
509	8
510	11
511	8
512	8
513	11
514	11
515	8
516	11
517	11
518	11
519	11
520	8
521	11
522	9
523	9
524	9
525	9
526	5
527	5
528	9
529	9
530	9
531	9
532	9
533	9
534	9
535	9
536	9
537	9
538	5
539	5
540	5
541	5
542	5
543	5
544	5
545	5
546	5
547	5
548	5
549	5
550	5
551	5
552	5
553	5
554	5
555	5
556	5
557	5
558	5
559	8
560	8
561	8
562	8
563	8
564	8
565	5
566	5
567	5
568	5
569	5
570	9
571	9
572	9
573	9
574	9
575	9
576	9
577	9
578	9
579	9
580	9
581	5
582	5
583	5
584	5
585	5
586	5
587	8
588	8
589	8
590	8
591	8
592	8
593	8
594	8
595	8
596	8
597	8
598	8
599	8
600	8
601	8
602	8
603	2
604	2
605	2
606	2
607	2
608	2
609	2
610	2
611	2
612	2
613	2
614	2
615	2
616	2
617	8
618	8
619	8
620	8
621	8
622	8
623	8
624	8
625	8
626	8
627	8
628	8
629	8
630	8
631	8
632	8
633	8
634	8
635	8
636	8
637	8
638	8
639	5
640	5
641	5
642	5
643	5
644	5
645	5
646	5
647	5
648	5
649	5
650	5
651	5
652	5
653	5
654	5
655	5
656	5
657	10
658	10
659	10
660	10
661	5
662	5
663	5
664	5
665	5
666	5
667	5
668	5
669	5
670	3
671	3
672	3
673	3
674	3
675	3
676	3
677	3
678	3
679	3
680	5
681	5
682	5
683	5
684	5
685	5
686	5
687	5
688	5
689	5
690	5
691	5
692	5
693	5
694	5
695	5
696	5
697	3
698	3
699	3
700	3
701	3
702	3
703	3
704	3
705	3
706	3
707	3
708	3
709	3
710	3
711	3
712	3
713	3
714	5
715	5
716	8
717	8
718	3
719	3
720	3
721	8
722	8
723	8
724	8
725	8
726	8
727	8
728	8
729	8
730	8
731	8
732	7
733	2
734	7
735	7
736	7
737	3
738	10
739	10
740	3
741	10
742	10
743	3
744	10
745	7
746	7
747	7
748	7
749	7
750	7
751	7
752	7
753	7
754	7
755	7
756	2
757	2
758	7
759	7
760	7
761	7
762	7
763	7
764	7
765	7
766	10
767	10
768	10
769	10
770	7
771	2
772	10
773	10
774	10
775	10
776	3
777	3
778	3
779	10
780	3
781	3
782	3
783	3
784	10
785	11
786	10
787	3
788	10
789	3
790	10
791	11
792	11
793	11
794	11
795	11
796	11
797	11
798	11
799	11
800	11
801	3
802	10
803	10
804	10
805	11
806	11
807	11
808	10
809	10
810	10
811	12
812	12
813	12
814	12
815	12
816	12
817	12
818	12
819	12
820	12
821	12
822	12
823	12
824	12
825	12
826	12
827	12
828	12
829	12
830	12
831	12
832	12
833	12
834	12
835	12
836	12
837	12
838	12
839	12
840	12
841	12
842	12
843	12
844	12
845	12
846	12
847	12
848	12
849	12
850	12
851	12
852	12
853	12
854	12
855	12
856	12
857	12
858	2
859	2
860	2
861	2
862	2
863	2
864	2
865	2
866	2
867	2
868	2
869	2
870	2
871	12
872	12
873	12
874	12
875	12
876	12
877	12
878	12
879	12
880	12
881	12
882	12
883	12
884	12
885	12
886	12
887	12
888	12
889	12
890	12
891	12
892	12
893	12
894	12
895	12
896	12
897	12
898	12
899	12
900	12
901	12
902	12
903	12
904	12
905	12
906	12
907	12
908	12
909	12
910	12
911	12
912	12
913	12
914	12
915	12
916	12
917	12
918	12
919	12
920	12
921	12
922	12
923	12
924	12
925	12
926	12
927	12
928	12
929	12
930	12
931	12
932	12
933	12
934	12
935	12
936	12
937	12
938	12
939	12
940	12
941	12
942	12
943	12
944	12
945	12
946	12
947	12
948	12
949	12
950	12
951	12
952	12
953	12
954	12
955	12
956	12
957	12
958	12
959	12
960	12
961	12
962	12
963	12
964	12
965	12
966	12
967	12
968	12
969	12
970	12
971	12
972	12
973	12
974	12
975	12
976	12
977	12
978	12
979	12
980	12
981	12
982	7
983	7
984	7
985	3
986	3
987	3
988	3
989	3
990	3
991	3
992	3
993	3
994	3
995	3
996	3
997	3
998	3
999	3
1000	3
1001	3
1002	3
1003	3
1004	3
1005	3
1006	3
1007	7
1008	7
1009	3
1010	7
1011	7
1012	7
1013	7
1014	7
1015	7
1016	7
1017	7
1018	7
1019	7
1020	7
1021	7
1022	7
1023	7
1024	7
1025	7
1026	7
1027	7
1028	7
1029	7
1030	7
1031	7
1032	7
1033	7
1034	7
1035	7
1036	7
1037	7
1038	7
1039	7
1040	7
1041	7
1042	7
1043	7
1044	7
1045	7
1046	7
1047	7
1048	7
1049	7
1050	7
1051	7
1052	7
1053	7
1054	7
1055	7
1056	7
1057	7
1058	7
1059	7
1060	7
1061	7
1062	7
1063	7
1064	7
1065	7
1066	7
1067	7
1068	7
1069	7
1070	7
1071	7
1072	7
1073	7
1074	7
1075	2
1076	2
1077	2
1078	2
1079	2
1080	2
1081	2
1082	2
1083	2
1084	2
1085	2
1086	2
1087	10
1088	10
1089	10
1090	10
1091	10
1092	10
1093	10
1094	8
1095	8
1096	8
1097	8
1098	8
1099	8
1100	8
1101	8
1102	8
1103	8
1104	8
1105	8
1106	8
1107	13
1108	13
1109	13
1110	13
1111	13
1112	13
1113	13
1114	13
1115	13
1116	13
1117	13
1118	13
1119	13
1120	13
1121	13
1122	13
1123	13
1124	13
1125	13
1126	13
1127	13
1128	13
1129	13
1130	13
1131	13
1132	13
1133	13
1134	13
1135	13
1136	12
1137	12
1138	13
1139	12
1140	13
1141	13
1142	13
1143	13
1144	13
1145	13
1146	13
1147	13
1148	13
1149	13
1150	13
1151	13
1152	13
1153	13
1154	11
1155	11
1156	11
1157	11
1158	11
1159	11
1160	11
1161	11
1162	11
1163	11
1164	11
1165	11
1166	11
1167	11
1168	11
1169	7
1170	7
1171	7
1172	7
1173	7
1174	7
1175	7
1176	7
1177	7
1178	7
1179	7
1180	13
1181	7
1182	7
1183	7
1184	7
1185	7
1186	7
1187	7
1188	7
1189	7
1190	13
1191	7
1192	7
1193	7
1194	7
1195	7
1196	7
1197	7
1198	7
1199	7
1200	13
1201	13
1202	13
1203	13
1204	13
1205	13
1206	13
1207	13
1208	13
1209	13
1210	13
1211	13
1212	13
1213	13
1214	13
1215	13
1216	13
1217	13
1218	13
1219	13
1220	13
1221	13
1222	13
1223	13
1224	13
1225	13
1226	13
1227	13
1228	13
1229	13
1230	13
1231	13
1232	13
1233	13
1234	13
1235	13
1236	13
1237	13
1238	13
1239	13
1240	8
1241	8
1242	8
1243	8
1244	8
1245	8
1246	8
1247	8
1248	8
1249	8
1250	8
1251	8
1252	8
1253	2
1254	2
1255	2
1256	2
1257	2
1258	8
1259	8
1260	8
1261	8
1262	8
1263	8
1264	2
1265	2
1266	2
1267	2
1268	2
1269	2
1270	2
1271	2
1272	2
1273	2
1274	2
1275	2
1276	2
1277	2
1278	11
1279	11
1280	11
1281	8
1282	8
1283	8
1284	2
1285	2
1286	2
1287	2
1288	11
1289	11
1290	11
1291	11
1292	11
1293	11
1294	11
1295	11
1296	11
1297	11
1298	11
1299	11
1300	11
1301	11
1302	11
1303	2
1304	2
1305	2
1306	2
1307	2
1308	2
1309	2
1310	2
1311	2
1312	2
1313	2
1314	12
1315	12
1316	12
1317	12
1318	12
1319	12
1320	12
1321	12
1322	12
1323	12
1324	12
1325	12
1326	12
1327	13
1328	12
1329	12
1330	12
1331	13
1332	13
1333	12
1334	12
1335	12
1336	12
1337	13
1338	12
1339	12
1340	12
1341	12
1342	12
1343	12
1344	13
1345	12
1346	2
1347	2
1348	2
1349	2
1350	2
1351	2
1352	2
1353	2
1354	2
1355	2
1356	2
1357	2
1358	2
1359	2
1360	2
1361	2
1362	2
1363	13
1364	13
1365	13
1366	13
1367	13
1368	13
1369	13
1370	13
1371	13
1372	13
1373	13
1374	13
1375	13
1376	13
1377	13
1378	13
1379	13
1380	13
1381	11
1382	11
1383	11
1384	11
1385	11
1386	11
1387	11
1388	11
1389	11
1390	11
1391	11
1392	11
1393	11
1394	11
1395	11
1396	11
1397	5
1398	2
1399	2
1400	2
1401	2
1402	2
1403	2
1404	5
1405	2
1406	2
1407	2
1408	2
1409	2
1410	2
1411	2
1412	2
1413	2
1414	2
1415	2
1416	2
1417	2
1418	5
1419	2
1420	2
1421	2
1422	5
1423	2
1424	2
1425	5
1426	5
1427	2
1428	9
1429	9
1430	9
1431	9
1432	9
1433	9
1434	9
1435	9
1436	9
1437	9
1438	9
1439	9
1440	9
1441	7
1442	13
1443	7
1444	13
1445	7
1446	13
1447	13
1448	7
1449	13
1450	7
1451	7
1452	7
1453	7
1454	7
1455	9
1456	9
1457	9
1458	9
1459	9
1460	9
1461	9
1462	9
1463	9
1464	9
1465	8
1466	8
1467	8
1468	8
1469	11
1470	8
1471	8
1472	8
1473	11
1474	8
1475	8
1476	11
1477	8
1478	8
1479	8
1480	8
1481	8
1482	8
1483	8
1484	8
1485	8
1486	8
1487	11
1488	8
1489	7
1490	7
1491	7
1492	7
1493	7
1494	7
1495	7
1496	7
1497	7
1498	7
1499	7
1500	7
1501	5
1502	5
1503	5
1504	5
1505	5
1506	5
1507	5
1508	5
1509	5
1510	5
1511	5
1512	5
1513	5
1514	5
1515	5
1516	5
1517	5
1518	5
1519	5
1520	5
1521	5
1522	5
1523	5
1524	5
1525	5
1526	5
1527	5
1528	5
1529	10
1530	10
1531	10
1532	10
1533	10
1534	10
1535	10
1536	10
1537	10
1538	10
1539	10
1540	10
1541	10
1542	10
1543	10
1544	10
1545	10
1546	10
1547	10
1548	10
1549	10
1550	10
1551	10
1552	9
1553	9
1554	9
1555	9
1556	9
1557	9
1558	9
1559	9
1560	9
1561	9
1562	9
1563	9
1564	9
1565	9
1566	9
1567	9
1568	9
1569	9
1570	9
1571	9
1572	9
1573	9
1574	9
1575	9
1576	2
1577	2
1578	2
1579	2
1580	2
1581	2
1582	2
1583	2
1584	2
1585	2
1586	2
1587	2
1588	2
1589	2
1590	2
1591	2
1592	2
1593	2
1594	2
1595	2
1596	2
1597	2
1598	2
1599	2
1600	2
1601	2
1602	9
1603	9
1604	9
1605	9
1606	9
1607	9
1608	9
1609	9
1610	9
1611	9
1612	9
1613	9
1614	9
1615	9
1616	9
1617	9
1618	8
1619	8
1620	8
1621	8
1622	8
1623	8
1624	8
1625	8
1626	8
1627	8
1628	8
1629	13
1630	13
1631	13
1632	13
1633	13
1634	13
1635	13
1636	13
1637	13
1638	13
1639	13
1640	13
1641	13
1642	13
1643	13
1644	8
1645	8
1646	8
1647	8
1648	8
1649	13
1650	13
1651	13
1652	13
1653	13
1654	13
1655	13
1656	13
1658	13
1659	13
1660	13
1661	13
1662	13
1663	13
1664	13
1665	13
1666	13
1667	13
1668	13
1669	13
1670	13
1671	13
1672	13
1673	8
1674	13
1675	13
1676	13
1677	8
1678	10
1679	10
1680	10
1681	10
1682	10
1683	10
1684	10
1685	7
1686	7
1687	7
1688	7
1689	7
1690	7
1691	7
1692	7
1693	7
1694	7
1695	7
1696	7
1697	7
1698	7
1699	7
1700	7
1701	5
1702	7
1703	6
1704	6
1705	7
1706	7
1707	7
1708	7
1709	5
1710	7
1711	7
1712	7
1713	8
1714	8
1715	8
1716	8
1717	8
1718	8
1719	8
1720	8
1721	8
1722	8
1723	8
1724	8
1725	7
1726	7
1727	7
1728	8
1729	7
1730	7
1731	7
1732	7
1733	7
1734	7
1735	7
1736	5
1737	5
1738	5
1739	5
1740	5
1741	7
1742	6
1743	6
1744	6
1745	6
1746	5
1747	6
1748	6
1749	6
1750	6
1751	6
1752	6
1753	5
1754	6
1755	5
1756	6
1757	8
1758	8
1759	8
1760	8
1761	5
1762	6
1763	6
1764	6
1765	6
1766	6
1767	6
1768	6
1769	6
1770	5
1771	5
1772	6
1773	5
1774	8
1775	8
1776	8
1777	8
1778	8
1779	8
1780	8
1781	8
1782	8
1783	8
1784	8
1785	8
1786	8
1787	6
1788	6
1789	6
1790	6
1791	6
1792	6
1793	6
1794	6
1795	8
1796	8
1797	8
1798	8
1799	6
1800	5
1801	5
1802	6
1803	6
1804	6
1805	6
1806	6
1807	6
1808	6
1809	6
1810	6
1811	6
1812	6
1813	6
1814	6
1815	6
1816	6
1817	6
1818	6
1819	6
1820	6
1821	6
1822	6
1823	6
1824	6
1825	6
1826	6
1827	6
1828	6
1829	6
1830	8
1831	8
1832	8
1833	8
1834	8
1835	6
1836	6
1837	8
1838	6
1839	6
1840	9
1841	9
1842	9
1843	9
1844	9
1845	6
1846	6
1847	6
1848	6
1849	6
1850	6
1851	6
1852	6
1853	6
1854	6
1855	6
1856	6
1857	8
1858	8
1859	8
1860	8
1861	8
1862	8
1863	6
1864	6
1865	6
1866	6
1867	6
1868	6
1869	6
1870	6
1871	6
1872	10
1873	10
1874	10
1875	10
1876	10
1877	10
1878	10
1879	10
1880	10
1881	10
1882	10
1883	10
1884	10
1885	10
1886	10
1887	10
1888	10
1889	10
1890	10
1891	10
1892	10
1893	10
1894	10
1895	2
1896	2
1897	5
1898	11
1899	11
1900	11
1901	11
1902	11
1903	11
1904	2
1905	2
1906	2
1907	2
1908	2
1909	2
1910	2
1911	2
1912	2
1913	2
1914	2
1915	2
1916	11
1917	11
1918	11
1919	11
1920	11
1921	11
1922	11
1923	11
1924	5
1925	5
1926	2
1927	2
1928	5
1929	2
1930	5
1931	2
1932	2
1933	2
1934	2
1935	2
1936	2
1937	5
1938	2
1939	2
1940	5
1941	2
1942	2
1943	2
1944	2
1945	2
1946	2
1947	2
1948	2
1949	2
1950	2
1951	5
1952	5
1953	2
1954	2
1955	2
1956	2
1957	5
1958	2
1959	5
1960	2
1961	2
1962	2
1963	2
1964	2
1965	5
1966	2
1967	2
1968	2
1969	2
1970	2
1971	2
1972	5
1973	2
1974	2
1975	2
1976	9
1977	9
1978	9
1979	9
1980	9
1981	9
1982	9
1983	9
1984	9
1985	9
1986	9
1987	9
1988	9
1989	9
1990	9
1991	9
1992	9
1993	9
1994	9
1995	9
1996	9
1997	9
1998	9
1999	9
2000	9
2001	9
2002	9
2003	9
2004	9
2005	9
2006	9
2007	9
2008	9
2009	9
2010	9
2011	9
2012	9
2013	9
2014	9
2015	9
2016	9
2017	10
2018	10
2019	10
2020	10
2021	10
2022	10
2023	10
2024	3
2025	10
2026	10
2027	10
2028	10
2029	10
2030	3
2031	3
2032	3
2033	3
2034	3
2035	3
2036	3
2037	10
2038	8
2039	8
2040	8
2041	8
2042	8
2043	10
2044	10
2045	10
2046	3
2047	3
2048	8
2049	8
2050	10
2051	3
2052	3
2053	10
2054	10
2055	3
2056	10
2057	3
2058	9
2059	9
2060	9
2061	9
2062	9
2063	9
2064	9
2065	9
2066	9
2067	9
2068	8
2069	10
2070	10
2071	8
2072	8
2073	8
2074	8
2075	10
2076	8
2077	8
2078	8
2079	8
2080	8
2081	10
2082	8
2083	8
2084	10
2085	10
2086	10
2087	8
2088	8
2089	7
2090	7
2091	7
2092	7
2093	7
2094	7
2095	7
2096	5
2097	5
2098	5
2099	5
2100	5
2101	5
2102	5
2103	5
2104	5
2105	5
2106	5
2107	5
2108	5
2109	5
2110	5
2111	5
2112	5
2113	4
2114	4
2115	6
2116	4
2117	4
2118	4
2119	4
2120	4
2121	4
2122	4
2123	4
2124	10
2125	4
2126	4
2127	4
2128	4
2129	4
2130	4
2131	4
2132	4
2133	4
2134	4
2135	4
2136	4
2137	4
2138	4
2139	4
2140	4
2141	4
2142	4
2143	4
2144	4
2145	4
2146	4
2147	4
2148	4
2149	4
2150	4
2151	6
2152	6
2153	6
2154	4
2155	4
2156	4
2157	4
2158	6
2159	4
2160	6
2161	6
2162	6
2163	6
2164	6
2165	6
2166	4
2167	4
2168	4
2169	6
2170	6
2171	4
2172	4
2173	4
2174	4
2175	4
2176	4
2177	4
2178	6
2179	6
2180	6
2181	6
2182	4
2183	4
2184	4
2185	6
2186	6
2187	6
2188	4
2189	4
2190	4
2191	4
2192	4
2193	6
2194	4
2195	4
2196	4
2197	4
2198	4
2199	4
2200	4
2201	4
2202	4
2203	4
2204	4
2205	4
2206	6
2207	4
2208	4
2209	6
2210	6
2211	4
2212	4
2213	4
2214	4
2215	4
2216	4
2217	4
2218	4
2219	6
2220	6
2221	4
2222	4
2223	4
2224	6
2225	6
2226	6
2227	6
2228	4
2229	4
2230	6
2231	6
2232	6
2233	4
2234	4
2235	4
2236	4
2237	4
2238	4
2239	6
2240	6
2241	4
2242	4
2243	4
2244	4
2245	4
2246	6
2247	6
2248	6
2249	4
2250	4
2251	4
2252	6
2253	4
2254	4
2255	4
2256	6
2257	6
2258	6
2259	6
2260	6
2261	6
2262	6
2263	6
2264	6
2265	6
2266	4
2267	4
2268	4
2269	4
2270	4
2271	4
2272	4
2273	4
2274	4
2275	6
2276	6
2277	4
2278	4
2279	4
2280	4
2281	4
2282	4
2283	4
2284	10
2285	10
2286	4
2287	4
2288	6
2289	6
2290	6
2291	6
2292	6
2293	6
2294	4
2295	4
2296	4
2297	4
2298	4
2299	4
2300	4
2301	6
2302	4
2303	4
2304	4
2305	6
2306	6
2307	6
2308	6
2309	10
2310	10
2311	10
2312	12
2313	12
2314	12
2315	12
2316	12
2317	12
2318	12
2319	12
2320	12
2321	12
2322	12
2323	12
2324	12
2325	12
2326	12
2327	12
2328	12
2329	12
2330	2
2331	2
2332	2
2333	2
2334	2
2335	2
2336	2
2337	2
2338	2
2339	2
2340	2
2341	2
2342	2
2343	2
2344	2
2345	2
2346	7
2347	7
2348	7
2349	7
2350	7
2351	7
2352	7
2353	7
2354	7
2355	7
2356	7
2357	7
2358	7
2359	7
2360	7
2361	7
2362	7
2363	7
2364	7
2365	7
2366	4
2367	4
2368	4
2369	4
2370	4
2371	4
2372	4
2373	4
2374	4
2375	4
2376	4
2377	4
2378	4
2379	4
2380	4
2381	4
2382	4
2383	4
2384	4
2385	4
2386	4
2387	4
2388	4
2389	4
2390	4
2391	4
2392	4
2393	4
2394	4
2395	4
2396	4
2397	4
2398	4
2399	4
2400	4
2401	4
2402	4
2403	4
2404	4
2405	4
2406	4
2407	4
2408	4
2409	4
2410	4
2411	4
2412	4
2413	4
2414	4
2415	1
2416	1
2417	1
2418	1
2419	11
2420	11
2421	1
2422	1
2423	1
2424	1
2425	1
2426	1
2427	11
2428	1
2429	11
2430	11
2431	1
2432	1
2433	1
2434	1
2435	1
2436	1
2437	1
2438	1
2439	1
2440	1
2441	1
2442	1
2443	1
2444	1
2445	1
2446	1
2447	1
2448	1
2449	1
2450	1
2451	1
2452	1
2453	1
2454	1
2455	1
2456	1
2457	1
2458	1
2459	1
2460	1
2461	1
2462	1
2463	1
2464	1
2465	1
2466	1
2467	1
2468	1
2469	1
2470	1
2471	1
2472	1
2473	1
2474	1
2475	1
2476	1
2477	1
2478	1
2479	1
2480	1
2481	1
2482	1
2483	1
2484	1
2485	1
2486	1
2487	1
2488	1
2489	1
2490	1
2491	1
2492	1
2493	1
2494	1
2495	1
2496	11
2497	11
2498	1
2499	1
2500	1
2501	1
2502	1
2503	1
2504	1
2505	1
2506	1
2507	1
2508	1
2509	11
2510	1
2511	1
2512	1
2513	1
2514	1
2515	1
2516	1
2517	1
2518	1
2519	1
2520	1
2521	1
2522	1
2523	11
2524	1
2525	11
2526	1
2527	1
2528	1
2529	1
2530	11
2531	11
2532	11
2533	11
2534	11
2535	11
2536	11
2537	11
2538	1
2539	1
2540	11
2541	1
2542	1
2543	1
2544	1
2545	1
2546	1
2547	1
2548	1
2549	1
2550	1
2551	1
2552	11
2553	11
2554	1
2555	1
2556	1
2557	1
2558	1
2559	11
2560	1
2561	1
2562	1
2563	11
2564	1
2565	1
2566	1
2567	1
2568	11
2569	1
2570	1
2571	1
2572	1
2573	1
2574	1
2575	1
2576	1
2577	1
2578	1
2579	1
2580	1
2581	1
2582	1
2583	1
2584	1
2585	1
2586	1
2587	11
2588	11
2589	11
2590	11
2591	11
2592	11
2593	11
2594	1
2595	1
2596	1
2597	1
2598	1
2599	1
2600	1
2601	1
2602	1
2603	1
2604	1
2605	1
2606	10
2607	10
2608	10
2609	10
2610	10
2611	10
2612	10
2613	10
2614	10
2615	10
2616	10
2617	10
2618	10
2619	10
2620	10
2621	10
2622	10
2623	10
2624	10
2625	10
2626	10
2627	10
2628	10
2629	10
2630	10
2631	10
2632	10
2633	10
2634	10
2635	10
2636	10
2637	10
2638	10
2639	10
2640	3
2641	3
2642	9
2643	9
2644	9
2645	3
2646	3
2647	3
2648	3
2649	9
2650	9
2651	3
2652	3
2653	3
2654	3
2655	3
2656	9
2657	3
2658	3
2659	9
2660	9
2661	3
2662	3
2663	9
2664	3
2665	9
2666	3
2667	3
2668	3
2669	9
2670	3
2671	9
2672	9
2673	9
2674	3
2675	3
2676	3
2677	3
2678	3
2679	3
2680	3
2681	3
2682	9
2683	9
2684	9
2685	3
2686	3
2687	9
2688	2
2689	2
2690	2
2691	2
315	7
1657	13
