0	2
1	2
2	2
3	2
4	2
5	2
6	2
7	3
8	3
9	3
10	3
11	3
12	3
13	3
14	3
15	3
16	3
17	3
18	3
19	3
20	3
21	4
22	4
23	4
24	4
25	4
26	4
27	4
28	4
29	6
30	10
31	6
32	6
33	10
34	6
35	6
36	10
37	6
38	6
39	6
40	6
41	10
42	6
43	6
44	10
45	6
46	6
47	10
48	6
49	6
50	6
51	6
52	6
53	5
54	5
55	5
56	5
57	5
58	6
59	6
60	6
61	6
62	6
63	6
64	6
65	5
66	5
67	5
68	5
69	5
70	5
71	4
72	4
73	4
74	4
75	6
76	6
77	6
78	6
79	6
80	6
81	6
82	6
83	11
84	11
85	11
86	11
87	11
88	11
89	11
90	11
91	11
92	11
93	11
94	11
95	11
96	3
97	3
98	3
99	3
100	3
101	3
102	3
103	3
104	3
105	3
106	3
107	3
108	3
109	3
110	3
111	3
112	3
113	3
114	3
115	3
116	3
117	3
118	3
119	3
120	3
121	3
122	3
123	3
124	3
125	3
126	3
127	3
128	3
129	9
130	9
131	9
132	9
133	9
134	9
135	9
136	9
137	9
138	9
139	9
140	9
141	9
142	9
143	9
144	9
145	9
146	9
147	9
148	9
149	9
150	9
151	9
152	9
153	9
154	9
155	9
156	9
157	9
158	9
159	9
160	9
161	9
162	9
163	9
164	9
165	9
166	11
167	11
168	11
169	11
170	11
171	11
172	11
173	11
174	11
175	11
176	11
177	11
178	11
179	11
180	11
181	11
182	11
183	6
184	6
185	6
186	6
187	6
188	6
189	6
190	6
191	6
192	6
193	6
194	6
195	6
196	6
197	6
198	6
199	6
200	6
201	6
202	6
203	6
204	6
205	6
206	6
207	6
208	4
209	4
210	4
211	4
212	4
213	4
214	4
215	4
216	4
217	4
218	4
219	4
220	4
221	4
222	4
223	4
224	4
225	4
226	4
227	4
228	4
229	4
230	4
231	4
232	4
233	4
234	4
235	4
236	4
237	4
238	4
239	4
240	4
241	4
242	4
243	4
244	4
245	4
246	4
247	4
248	6
249	6
250	6
251	6
252	6
253	6
254	6
255	6
256	6
257	6
258	6
259	6
260	6
261	4
262	4
263	4
264	4
265	4
266	4
267	4
268	12
269	12
270	12
271	4
272	4
273	4
274	4
275	4
276	4
277	4
278	12
279	12
280	12
281	12
282	12
283	12
284	12
285	12
286	12
287	12
288	12
289	12
290	12
291	12
292	12
293	12
294	12
295	12
296	12
297	12
298	12
299	12
300	12
301	12
302	6
303	6
304	6
305	6
306	1
307	1
308	1
309	1
310	1
311	1
312	1
313	1
314	1
316	10
317	10
318	10
319	10
320	10
321	10
322	10
323	10
324	10
325	10
326	10
327	10
328	10
329	10
330	10
331	1
332	1
333	1
334	1
335	1
336	1
337	10
338	10
339	10
340	1
341	1
342	1
343	1
344	1
345	13
346	1
347	1
348	1
349	1
350	1
351	1
352	1
353	1
354	1
355	1
356	9
357	9
358	5
359	9
360	9
361	9
362	9
363	9
364	9
365	5
366	9
367	5
368	5
369	1
370	1
371	1
372	1
373	1
374	1
375	1
376	1
377	1
378	1
379	1
380	1
381	1
382	1
383	1
384	1
385	1
386	1
387	1
388	1
389	10
390	10
391	10
392	10
393	10
394	1
395	1
396	1
397	1
398	10
399	10
400	10
401	10
402	10
403	4
404	4
405	4
406	4
407	4
408	4
409	2
410	2
411	2
412	2
413	2
414	2
415	2
416	2
417	2
418	2
419	2
420	2
421	2
422	2
423	2
424	2
425	11
426	11
427	11
428	11
429	11
430	11
431	11
432	11
433	2
434	2
435	2
436	2
437	2
438	2
439	2
440	2
441	2
442	2
443	2
444	2
445	2
446	11
447	11
448	11
449	11
450	11
451	2
452	2
453	2
454	11
455	11
456	11
457	2
458	2
459	2
460	2
461	2
462	2
463	11
464	11
465	11
466	11
467	11
468	11
469	11
470	11
471	11
472	11
473	2
474	2
475	12
476	12
477	12
478	11
479	11
480	12
481	11
482	11
483	11
484	4
485	4
486	11
487	11
488	11
489	12
490	12
491	12
492	12
493	12
494	12
495	11
496	11
497	12
498	4
499	11
500	12
501	11
502	4
503	12
504	12
505	12
506	4
507	4
508	4
509	4
510	4
511	4
512	4
513	4
514	4
515	4
516	4
517	4
518	4
519	4
520	4
521	4
522	8
523	8
524	8
525	8
526	6
527	6
528	8
529	8
530	8
531	8
532	8
533	8
534	8
535	8
536	8
537	8
538	6
539	6
540	6
541	6
542	6
543	6
544	6
545	6
546	6
547	6
548	6
549	6
550	6
551	6
552	6
553	6
554	6
555	6
556	6
557	6
558	6
559	4
560	4
561	4
562	4
563	4
564	4
565	6
566	6
567	6
568	6
569	6
570	8
571	8
572	8
573	8
574	8
575	8
576	8
577	8
578	8
579	8
580	8
581	6
582	6
583	6
584	6
585	6
586	6
587	12
588	12
589	12
590	12
591	12
592	4
593	4
594	12
595	4
596	12
597	4
598	12
599	4
600	4
601	4
602	4
603	6
604	6
605	6
606	6
607	6
608	6
609	6
610	6
611	6
612	6
613	6
614	6
615	6
616	6
617	12
618	4
619	4
620	12
621	12
622	12
623	12
624	12
625	12
626	12
627	12
628	4
629	4
630	4
631	4
632	12
633	4
634	12
635	4
636	12
637	12
638	12
639	6
640	6
641	6
642	6
643	6
644	6
645	6
646	6
647	6
648	6
649	6
650	6
651	6
652	6
653	6
654	6
655	6
656	6
657	11
658	11
659	11
660	11
661	2
662	2
663	2
664	2
665	2
666	2
667	2
668	2
669	2
670	12
671	12
672	12
673	12
674	12
675	12
676	12
677	12
678	12
679	12
680	2
681	2
682	2
683	2
684	2
685	2
686	2
687	2
688	2
689	2
690	2
691	2
692	2
693	2
694	2
695	2
696	2
697	12
698	12
699	12
700	12
701	12
702	12
703	12
704	12
705	12
706	9
707	12
708	12
709	12
710	12
711	12
712	12
713	12
714	2
715	2
716	4
717	4
718	12
719	12
720	12
721	4
722	4
723	4
724	4
725	4
726	4
727	4
728	4
729	4
730	4
731	4
732	10
733	10
734	10
735	10
736	10
737	11
738	11
739	11
740	11
741	11
742	11
743	11
744	11
745	10
746	10
747	10
748	10
749	10
750	10
751	10
752	10
753	10
754	10
755	10
756	10
757	10
758	10
759	10
760	10
761	10
762	10
763	10
764	10
765	10
766	11
767	11
768	11
769	11
770	10
771	10
772	11
773	11
774	11
775	11
776	11
777	11
778	11
779	11
780	11
781	11
782	11
783	11
784	11
785	4
786	11
787	11
788	11
789	11
790	11
791	4
792	4
793	4
794	4
795	4
796	4
797	4
798	4
799	4
800	4
801	11
802	11
803	11
804	11
805	4
806	4
807	4
808	11
809	11
810	11
811	5
812	5
813	1
814	5
815	1
816	1
817	5
818	5
819	5
820	5
821	5
822	1
823	5
824	1
825	1
826	1
827	5
828	1
829	5
830	5
831	1
832	1
833	1
834	5
835	5
836	5
837	5
838	1
839	1
840	5
841	1
842	5
843	5
844	5
845	1
846	5
847	5
848	5
849	5
850	5
851	5
852	5
853	5
854	5
855	1
856	5
857	5
858	6
859	6
860	6
861	6
862	6
863	6
864	6
865	6
866	6
867	6
868	6
869	6
870	6
871	5
872	5
873	1
874	1
875	5
876	5
877	1
878	1
879	1
880	5
881	5
882	1
883	5
884	1
885	5
886	1
887	5
888	5
889	5
890	5
891	5
892	5
893	5
894	5
895	5
896	5
897	1
898	5
899	5
900	5
901	5
902	5
903	5
904	1
905	5
906	1
907	5
908	5
909	1
910	5
911	5
912	5
913	5
914	5
915	5
916	1
917	1
918	1
919	1
920	5
921	5
922	5
923	5
924	5
925	5
926	1
927	1
928	5
929	1
930	5
931	5
932	5
933	5
934	1
935	5
936	1
937	1
938	5
939	5
940	5
941	5
942	5
943	5
944	5
945	5
946	1
947	5
948	5
949	5
950	5
951	5
952	5
953	5
954	5
955	5
956	5
957	5
958	5
959	1
960	5
961	5
962	5
963	1
964	5
965	1
966	5
967	5
968	5
969	5
970	1
971	1
972	5
973	5
974	5
975	5
976	5
977	5
978	5
979	5
980	1
981	1
982	10
983	10
984	10
985	11
986	9
987	9
988	11
989	9
990	9
991	9
992	11
993	11
994	9
995	11
996	9
997	11
998	9
999	9
1000	11
1001	11
1002	11
1003	9
1004	9
1005	9
1006	9
1007	10
1008	10
1009	9
1010	10
1011	10
1012	10
1013	10
1014	10
1015	10
1016	10
1017	10
1018	10
1019	10
1020	10
1021	10
1022	10
1023	10
1024	10
1025	10
1026	10
1027	10
1028	10
1029	10
1030	10
1031	10
1032	10
1033	10
1034	10
1035	10
1036	10
1037	10
1038	10
1039	10
1040	10
1041	10
1042	10
1043	10
1044	10
1045	10
1046	10
1047	10
1048	10
1049	10
1050	10
1051	10
1052	10
1053	10
1054	10
1055	10
1056	10
1057	10
1058	10
1059	10
1060	10
1061	10
1062	10
1063	10
1064	10
1065	10
1066	10
1067	10
1068	10
1069	10
1070	10
1071	10
1072	10
1073	10
1074	10
1075	6
1076	6
1077	6
1078	6
1079	6
1080	6
1081	6
1082	6
1083	6
1084	6
1085	6
1086	6
1087	12
1088	12
1089	12
1090	12
1091	12
1092	12
1093	12
1094	4
1095	4
1096	4
1097	4
1098	4
1099	4
1100	4
1101	4
1102	4
1103	4
1104	4
1105	4
1106	4
1107	1
1108	1
1109	1
1110	1
1111	1
1112	1
1113	1
1114	1
1115	1
1116	1
1117	1
1118	1
1119	1
1120	1
1121	1
1122	1
1123	1
1124	1
1125	1
1126	1
1127	1
1128	1
1129	1
1130	1
1131	1
1132	1
1133	1
1134	1
1135	1
1136	1
1137	1
1138	1
1139	1
1140	1
1141	1
1142	1
1143	1
1144	1
1145	1
1146	1
1147	1
1148	1
1149	1
1150	1
1151	1
1152	1
1153	1
1154	4
1155	4
1156	4
1157	4
1158	1
1159	4
1160	1
1161	1
1162	1
1163	1
1164	1
1165	1
1166	4
1167	4
1168	4
1169	10
1170	10
1171	10
1172	10
1173	10
1174	10
1175	10
1176	10
1177	10
1178	10
1179	10
1180	10
1181	10
1182	10
1183	10
1184	10
1185	10
1186	10
1187	10
1188	10
1189	10
1190	10
1191	10
1192	10
1193	10
1194	10
1195	10
1196	10
1197	10
1198	10
1199	10
1200	5
1201	5
1202	5
1203	3
1204	3
1205	3
1206	3
1207	3
1208	3
1209	5
1210	3
1211	5
1212	3
1213	3
1214	3
1215	3
1216	3
1217	3
1218	3
1219	3
1220	3
1221	3
1222	3
1223	5
1224	3
1225	3
1226	3
1227	3
1228	3
1229	5
1230	3
1231	3
1232	5
1233	5
1234	5
1235	3
1236	5
1237	5
1238	5
1239	3
1240	12
1241	12
1242	12
1243	4
1244	12
1245	12
1246	12
1247	12
1248	4
1249	4
1250	4
1251	4
1252	4
1253	10
1254	10
1255	10
1256	10
1257	10
1258	4
1259	4
1260	4
1261	4
1262	12
1263	12
1264	10
1265	10
1266	2
1267	10
1268	10
1269	2
1270	10
1271	2
1272	10
1273	10
1274	10
1275	2
1276	10
1277	10
1278	4
1279	4
1280	4
1281	4
1282	12
1283	12
1284	10
1285	10
1286	10
1287	2
1288	13
1289	4
1290	4
1291	4
1292	13
1293	4
1294	13
1295	13
1296	13
1297	13
1298	4
1299	13
1300	4
1301	13
1302	13
1303	6
1304	6
1305	6
1306	6
1307	6
1308	6
1309	6
1310	6
1311	6
1312	6
1313	6
1314	1
1315	1
1316	1
1317	1
1318	1
1319	1
1320	1
1321	1
1322	1
1323	1
1324	1
1325	1
1326	1
1327	1
1328	1
1329	1
1330	1
1331	1
1332	1
1333	1
1334	1
1335	1
1336	1
1337	1
1338	1
1339	1
1340	1
1341	1
1342	1
1343	1
1344	1
1345	1
1346	6
1347	6
1348	6
1349	6
1350	6
1351	6
1352	6
1353	6
1354	6
1355	6
1356	6
1357	6
1358	6
1359	6
1360	6
1361	6
1362	6
1363	5
1364	5
1365	5
1366	5
1367	5
1368	5
1369	5
1370	5
1371	5
1372	5
1373	5
1374	5
1375	5
1376	5
1377	5
1378	5
1379	5
1380	5
1381	4
1382	4
1383	4
1384	4
1385	4
1386	4
1387	4
1388	4
1389	4
1390	4
1391	4
1392	4
1393	4
1394	4
1395	4
1396	4
1397	2
1398	6
1399	2
1400	2
1401	2
1402	2
1403	6
1404	2
1405	6
1406	6
1407	2
1408	2
1409	2
1410	2
1411	2
1412	2
1413	2
1414	2
1415	2
1416	2
1417	2
1418	2
1419	2
1420	2
1421	2
1422	2
1423	2
1424	2
1425	2
1426	2
1427	2
1428	8
1429	8
1430	8
1431	8
1432	8
1433	8
1434	8
1435	8
1436	8
1437	8
1438	8
1439	8
1440	8
1441	3
1442	3
1443	3
1444	3
1445	3
1446	3
1447	3
1448	3
1449	3
1450	3
1451	3
1452	3
1453	3
1454	3
1455	8
1456	8
1457	8
1458	8
1459	8
1460	8
1461	8
1462	8
1463	8
1464	8
1465	4
1466	4
1467	4
1468	4
1469	4
1470	4
1471	4
1472	4
1473	4
1474	4
1475	4
1476	4
1477	4
1478	4
1479	4
1480	4
1481	4
1482	4
1483	4
1484	4
1485	4
1486	4
1487	4
1488	4
1489	10
1490	10
1491	10
1492	10
1493	10
1494	10
1495	10
1496	10
1497	10
1498	10
1499	10
1500	10
1501	2
1502	2
1503	2
1504	2
1505	2
1506	2
1507	2
1508	2
1509	2
1510	2
1511	2
1512	2
1513	2
1514	2
1515	2
1516	2
1517	2
1518	2
1519	2
1520	2
1521	2
1522	2
1523	2
1524	2
1525	2
1526	2
1527	2
1528	2
1529	11
1530	11
1531	11
1532	11
1533	11
1534	11
1535	11
1536	11
1537	11
1538	11
1539	11
1540	11
1541	11
1542	11
1543	11
1544	11
1545	11
1546	11
1547	11
1548	11
1549	11
1550	11
1551	11
1552	8
1553	8
1554	5
1555	5
1556	5
1557	5
1558	8
1559	8
1560	8
1561	8
1562	8
1563	8
1564	8
1565	8
1566	5
1567	8
1568	8
1569	8
1570	8
1571	8
1572	8
1573	8
1574	8
1575	8
1576	10
1577	10
1578	10
1579	10
1580	10
1581	10
1582	10
1583	10
1584	10
1585	10
1586	10
1587	10
1588	10
1589	10
1590	10
1591	10
1592	10
1593	6
1594	6
1595	6
1596	6
1597	6
1598	6
1599	6
1600	6
1601	6
1602	8
1603	8
1604	8
1605	8
1606	8
1607	8
1608	8
1609	8
1610	8
1611	8
1612	8
1613	8
1614	8
1615	8
1616	8
1617	8
1618	4
1619	4
1620	4
1621	4
1622	4
1623	4
1624	4
1625	4
1626	4
1627	4
1628	4
1629	3
1630	3
1631	3
1632	3
1633	3
1634	3
1635	3
1636	3
1637	3
1638	3
1639	3
1640	3
1641	3
1642	3
1643	3
1644	4
1645	4
1646	4
1647	4
1648	4
1649	3
1650	3
1651	3
1652	3
1653	3
1654	3
1655	3
1656	3
1658	3
1659	3
1660	3
1661	3
1662	3
1663	3
1664	3
1665	3
1666	3
1667	3
1668	3
1669	3
1670	3
1671	3
1672	3
1673	4
1674	3
1675	3
1676	3
1677	4
1678	12
1679	12
1680	12
1681	12
1682	12
1683	12
1684	12
1685	10
1686	10
1687	10
1688	10
1689	10
1690	10
1691	10
1692	10
1693	10
1694	10
1695	10
1696	10
1697	10
1698	10
1699	10
1700	10
1701	3
1702	3
1703	8
1704	8
1705	3
1706	3
1707	3
1708	3
1709	3
1710	3
1711	3
1712	3
1713	4
1714	4
1715	4
1716	4
1717	4
1718	4
1719	4
1720	4
1721	4
1722	4
1723	4
1724	4
1725	3
1726	3
1727	3
1728	4
1729	3
1730	3
1731	3
1732	3
1733	3
1734	3
1735	3
1736	3
1737	3
1738	3
1739	3
1740	3
1741	3
1742	2
1743	2
1744	2
1745	2
1746	2
1747	2
1748	2
1749	2
1750	2
1751	2
1752	2
1753	2
1754	2
1755	2
1756	2
1757	4
1758	4
1759	4
1760	4
1761	2
1762	2
1763	2
1764	2
1765	2
1766	2
1767	2
1768	2
1769	2
1770	2
1771	2
1772	2
1773	2
1774	4
1775	4
1776	4
1777	4
1778	4
1779	4
1780	4
1781	4
1782	4
1783	4
1784	4
1785	4
1786	4
1787	2
1788	2
1789	2
1790	2
1791	2
1792	2
1793	2
1794	2
1795	4
1796	4
1797	4
1798	4
1799	2
1800	2
1801	2
1802	2
1803	2
1804	2
1805	2
1806	2
1807	2
1808	2
1809	3
1810	3
1811	3
1812	3
1813	3
1814	8
1815	3
1816	3
1817	8
1818	3
1819	3
1820	3
1821	3
1822	3
1823	8
1824	8
1825	3
1826	3
1827	3
1828	3
1829	3
1830	4
1831	4
1832	4
1833	4
1834	4
1835	8
1836	8
1837	4
1838	3
1839	3
1840	5
1841	5
1842	5
1843	5
1844	5
1845	3
1846	3
1847	3
1848	3
1849	3
1850	3
1851	3
1852	3
1853	3
1854	8
1855	8
1856	8
1857	4
1858	4
1859	4
1860	4
1861	4
1862	4
1863	8
1864	3
1865	3
1866	3
1867	3
1868	3
1869	3
1870	3
1871	3
1872	12
1873	12
1874	12
1875	12
1876	12
1877	12
1878	12
1879	12
1880	12
1881	12
1882	12
1883	12
1884	12
1885	12
1886	12
1887	12
1888	12
1889	12
1890	12
1891	12
1892	12
1893	12
1894	12
1895	6
1896	6
1897	6
1898	5
1899	5
1900	5
1901	5
1902	5
1903	5
1904	6
1905	6
1906	6
1907	6
1908	6
1909	6
1910	6
1911	6
1912	6
1913	6
1914	6
1915	6
1916	5
1917	5
1918	5
1919	5
1920	5
1921	5
1922	5
1923	5
1924	6
1925	6
1926	6
1927	6
1928	6
1929	6
1930	6
1931	6
1932	6
1933	6
1934	6
1935	6
1936	6
1937	6
1938	6
1939	6
1940	6
1941	6
1942	6
1943	6
1944	6
1945	6
1946	6
1947	6
1948	6
1949	6
1950	6
1951	6
1952	6
1953	6
1954	6
1955	6
1956	6
1957	6
1958	6
1959	6
1960	6
1961	6
1962	6
1963	6
1964	6
1965	6
1966	6
1967	6
1968	6
1969	6
1970	6
1971	6
1972	6
1973	6
1974	6
1975	6
1976	11
1977	11
1978	11
1979	11
1980	11
1981	11
1982	11
1983	11
1984	11
1985	11
1986	11
1987	11
1988	11
1989	11
1990	11
1991	11
1992	11
1993	11
1994	11
1995	11
1996	11
1997	11
1998	11
1999	11
2000	11
2001	11
2002	11
2003	11
2004	11
2005	11
2006	11
2007	11
2008	11
2009	11
2010	11
2011	11
2012	11
2013	11
2014	11
2015	11
2016	11
2017	12
2018	12
2019	12
2020	12
2021	12
2022	12
2023	12
2024	11
2025	12
2026	12
2027	12
2028	12
2029	12
2030	11
2031	11
2032	11
2033	11
2034	11
2035	11
2036	11
2037	11
2038	4
2039	4
2040	4
2041	4
2042	4
2043	12
2044	12
2045	12
2046	11
2047	11
2048	4
2049	4
2050	12
2051	11
2052	11
2053	11
2054	11
2055	11
2056	11
2057	11
2058	11
2059	11
2060	11
2061	11
2062	11
2063	11
2064	11
2065	11
2066	11
2067	11
2068	12
2069	12
2070	12
2071	12
2072	12
2073	12
2074	12
2075	12
2076	12
2077	12
2078	12
2079	12
2080	12
2081	12
2082	12
2083	12
2084	12
2085	12
2086	12
2087	12
2088	12
2089	10
2090	10
2091	10
2092	10
2093	10
2094	10
2095	10
2096	2
2097	2
2098	2
2099	2
2100	2
2101	2
2102	2
2103	2
2104	2
2105	2
2106	2
2107	2
2108	2
2109	2
2110	2
2111	2
2112	2
2113	7
2114	7
2115	7
2116	7
2117	7
2118	8
2119	7
2120	7
2121	7
2122	7
2123	7
2124	12
2125	7
2126	7
2127	7
2128	7
2129	7
2130	7
2131	7
2132	7
2133	8
2134	7
2135	7
2136	7
2137	8
2138	8
2139	7
2140	8
2141	7
2142	7
2143	7
2144	7
2145	7
2146	8
2147	7
2148	7
2149	7
2150	7
2151	7
2152	7
2153	7
2154	7
2155	7
2156	7
2157	7
2158	7
2159	7
2160	7
2161	7
2162	7
2163	7
2164	8
2165	8
2166	7
2167	7
2168	7
2169	7
2170	7
2171	7
2172	7
2173	7
2174	7
2175	7
2176	8
2177	8
2178	7
2179	7
2180	8
2181	8
2182	7
2183	7
2184	7
2185	7
2186	7
2187	7
2188	7
2189	7
2190	7
2191	7
2192	7
2193	7
2194	7
2195	7
2196	8
2197	7
2198	7
2199	8
2200	7
2201	7
2202	7
2203	7
2204	7
2205	7
2206	7
2207	7
2208	7
2209	7
2210	7
2211	7
2212	7
2213	7
2214	7
2215	7
2216	7
2217	7
2218	7
2219	7
2220	7
2221	7
2222	7
2223	8
2224	7
2225	7
2226	7
2227	7
2228	7
2229	7
2230	8
2231	8
2232	7
2233	8
2234	8
2235	7
2236	8
2237	8
2238	7
2239	7
2240	7
2241	7
2242	7
2243	7
2244	7
2245	8
2246	7
2247	8
2248	8
2249	7
2250	7
2251	7
2252	7
2253	7
2254	7
2255	7
2256	8
2257	7
2258	7
2259	7
2260	7
2261	8
2262	8
2263	7
2264	7
2265	7
2266	7
2267	7
2268	7
2269	7
2270	7
2271	7
2272	7
2273	7
2274	7
2275	7
2276	7
2277	8
2278	7
2279	7
2280	7
2281	7
2282	7
2283	8
2284	12
2285	12
2286	7
2287	7
2288	7
2289	7
2290	7
2291	7
2292	7
2293	7
2294	7
2295	7
2296	7
2297	7
2298	7
2299	7
2300	7
2301	7
2302	8
2303	7
2304	8
2305	7
2306	7
2307	7
2308	7
2309	12
2310	12
2311	12
2312	5
2313	5
2314	5
2315	5
2316	5
2317	5
2318	5
2319	5
2320	5
2321	5
2322	5
2323	5
2324	5
2325	5
2326	5
2327	5
2328	5
2329	5
2330	6
2331	6
2332	6
2333	6
2334	6
2335	6
2336	6
2337	6
2338	6
2339	6
2340	6
2341	6
2342	6
2343	6
2344	6
2345	6
2346	10
2347	10
2348	10
2349	10
2350	10
2351	10
2352	10
2353	10
2354	10
2355	10
2356	10
2357	10
2358	10
2359	10
2360	10
2361	10
2362	10
2363	10
2364	10
2365	10
2366	8
2367	8
2368	8
2369	8
2370	8
2371	8
2372	8
2373	8
2374	8
2375	8
2376	8
2377	8
2378	8
2379	8
2380	8
2381	8
2382	8
2383	8
2384	8
2385	8
2386	8
2387	8
2388	8
2389	8
2390	8
2391	8
2392	8
2393	8
2394	8
2395	8
2396	8
2397	8
2398	8
2399	8
2400	8
2401	8
2402	8
2403	8
2404	8
2405	8
2406	8
2407	8
2408	8
2409	8
2410	8
2411	8
2412	8
2413	8
2414	8
2415	13
2416	13
2417	13
2418	13
2419	9
2420	9
2421	13
2422	13
2423	13
2424	13
2425	13
2426	13
2427	9
2428	9
2429	9
2430	9
2431	13
2432	13
2433	13
2434	13
2435	13
2436	13
2437	13
2438	13
2439	13
2440	13
2441	13
2442	13
2443	13
2444	13
2445	13
2446	13
2447	13
2448	13
2449	13
2450	13
2451	13
2452	13
2453	13
2454	13
2455	13
2456	13
2457	13
2458	13
2459	13
2460	13
2461	13
2462	13
2463	13
2464	13
2465	13
2466	13
2467	13
2468	13
2469	13
2470	13
2471	13
2472	13
2473	13
2474	13
2475	13
2476	13
2477	13
2478	13
2479	13
2480	13
2481	13
2482	13
2483	13
2484	13
2485	13
2486	13
2487	13
2488	13
2489	13
2490	13
2491	13
2492	13
2493	13
2494	13
2495	13
2496	13
2497	13
2498	13
2499	13
2500	13
2501	13
2502	13
2503	13
2504	13
2505	13
2506	13
2507	13
2508	13
2509	13
2510	13
2511	13
2512	13
2513	13
2514	13
2515	13
2516	13
2517	13
2518	13
2519	13
2520	13
2521	13
2522	13
2523	13
2524	13
2525	9
2526	13
2527	13
2528	13
2529	13
2530	9
2531	9
2532	9
2533	9
2534	13
2535	13
2536	13
2537	9
2538	13
2539	9
2540	9
2541	9
2542	13
2543	13
2544	9
2545	9
2546	9
2547	13
2548	13
2549	13
2550	13
2551	9
2552	9
2553	9
2554	9
2555	9
2556	9
2557	9
2558	13
2559	13
2560	13
2561	13
2562	13
2563	9
2564	13
2565	13
2566	13
2567	13
2568	9
2569	13
2570	13
2571	13
2572	13
2573	13
2574	13
2575	13
2576	13
2577	9
2578	9
2579	13
2580	9
2581	13
2582	13
2583	9
2584	9
2585	13
2586	13
2587	9
2588	9
2589	9
2590	9
2591	13
2592	9
2593	13
2594	13
2595	13
2596	13
2597	13
2598	13
2599	13
2600	13
2601	13
2602	13
2603	13
2604	9
2605	9
2606	12
2607	12
2608	12
2609	12
2610	12
2611	12
2612	12
2613	12
2614	12
2615	12
2616	12
2617	12
2618	12
2619	12
2620	12
2621	12
2622	12
2623	12
2624	12
2625	12
2626	12
2627	12
2628	12
2629	12
2630	12
2631	12
2632	12
2633	12
2634	12
2635	12
2636	12
2637	12
2638	12
2639	12
2640	9
2641	9
2642	9
2643	9
2644	9
2645	9
2646	9
2647	9
2648	9
2649	9
2650	9
2651	9
2652	9
2653	9
2654	9
2655	9
2656	9
2657	9
2658	9
2659	9
2660	9
2661	9
2662	9
2663	9
2664	9
2665	8
2666	9
2667	9
2668	8
2669	8
2670	9
2671	8
2672	9
2673	8
2674	9
2675	9
2676	9
2677	9
2678	9
2679	8
2680	9
2681	8
2682	8
2683	9
2684	9
2685	9
2686	9
2687	9
2688	6
2689	6
2690	6
2691	6
315	10
1657	3
