0	5
1	5
2	5
3	5
4	5
5	5
6	5
7	2
8	2
9	2
10	2
11	2
12	2
13	2
14	2
15	2
16	2
17	2
18	2
19	2
20	2
21	9
22	9
23	9
24	9
25	9
26	9
27	9
28	9
29	8
30	8
31	8
32	8
33	8
34	8
35	8
36	8
37	8
38	8
39	8
40	8
41	8
42	8
43	8
44	8
45	8
46	8
47	8
48	8
49	8
50	8
51	8
52	8
53	7
54	7
55	7
56	7
57	7
58	8
59	8
60	8
61	8
62	8
63	8
64	8
65	7
66	7
67	7
68	7
69	7
70	7
71	9
72	9
73	9
74	9
75	8
76	8
77	8
78	8
79	8
80	8
81	8
82	8
83	11
84	11
85	11
86	4
87	4
88	4
89	11
90	11
91	11
92	11
93	11
94	11
95	4
96	2
97	2
98	2
99	2
100	2
101	2
102	2
103	2
104	2
105	2
106	2
107	2
108	2
109	2
110	2
111	2
112	2
113	2
114	2
115	2
116	2
117	2
118	2
119	2
120	2
121	2
122	2
123	2
124	2
125	2
126	2
127	2
128	2
129	4
130	4
131	4
132	4
133	4
134	4
135	4
136	4
137	4
138	4
139	4
140	4
141	4
142	4
143	4
144	4
145	4
146	4
147	4
148	4
149	4
150	4
151	4
152	4
153	4
154	4
155	4
156	4
157	4
158	4
159	4
160	4
161	4
162	4
163	4
164	4
165	4
166	11
167	11
168	11
169	11
170	11
171	11
172	11
173	11
174	11
175	11
176	11
177	11
178	11
179	11
180	11
181	11
182	11
183	8
184	8
185	8
186	8
187	8
188	8
189	8
190	8
191	8
192	8
193	8
194	8
195	8
196	8
197	8
198	8
199	8
200	8
201	8
202	8
203	8
204	8
205	8
206	8
207	8
208	9
209	9
210	9
211	9
212	9
213	9
214	9
215	9
216	9
217	9
218	9
219	9
220	9
221	9
222	9
223	9
224	9
225	9
226	9
227	9
228	9
229	9
230	9
231	9
232	9
233	9
234	9
235	9
236	9
237	9
238	9
239	9
240	9
241	9
242	9
243	9
244	9
245	9
246	9
247	9
248	8
249	8
250	8
251	8
252	8
253	8
254	8
255	8
256	8
257	8
258	8
259	8
260	8
261	1
262	1
263	1
264	1
265	1
266	1
267	1
268	1
269	1
270	1
271	1
272	1
273	1
274	1
275	1
276	1
277	1
278	1
279	1
280	1
281	1
282	1
283	1
284	1
285	1
286	1
287	1
288	1
289	1
290	1
291	1
292	1
293	1
294	1
295	1
296	1
297	1
298	1
299	1
300	1
301	1
302	8
303	8
304	8
305	8
306	6
307	6
308	6
309	6
310	6
311	6
312	6
313	6
314	6
316	12
317	12
318	12
319	12
320	12
321	12
322	12
323	12
324	12
325	12
326	12
327	12
328	12
329	12
330	12
331	6
332	6
333	6
334	6
335	6
336	6
337	12
338	12
339	12
340	6
341	6
342	6
343	6
344	6
345	6
346	6
347	6
348	6
349	6
350	6
351	6
352	6
353	6
354	6
355	6
356	4
357	4
358	4
359	4
360	4
361	4
362	4
363	4
364	4
365	4
366	4
367	4
368	4
369	6
370	6
371	6
372	6
373	6
374	6
375	6
376	6
377	6
378	6
379	6
380	6
381	6
382	6
383	6
384	6
385	6
386	6
387	6
388	6
389	12
390	12
391	12
392	12
393	12
394	6
395	6
396	6
397	6
398	12
399	12
400	12
401	12
402	12
403	9
404	9
405	9
406	9
407	9
408	4
409	2
410	2
411	2
412	2
413	8
414	8
415	8
416	8
417	8
418	2
419	2
420	8
421	8
422	2
423	2
424	8
425	11
426	11
427	11
428	11
429	11
430	11
431	11
432	11
433	2
434	8
435	8
436	2
437	8
438	8
439	8
440	8
441	8
442	8
443	8
444	8
445	2
446	11
447	11
448	11
449	11
450	11
451	8
452	2
453	2
454	11
455	11
456	11
457	8
458	2
459	8
460	2
461	8
462	8
463	11
464	11
465	11
466	11
467	11
468	11
469	11
470	11
471	11
472	11
473	8
474	2
475	1
476	1
477	1
478	1
479	1
480	1
481	1
482	1
483	1
484	9
485	9
486	1
487	1
488	1
489	1
490	1
491	1
492	1
493	1
494	1
495	1
496	1
497	1
498	9
499	1
500	1
501	1
502	9
503	1
504	1
505	1
506	4
507	9
508	9
509	9
510	9
511	9
512	9
513	9
514	9
515	9
516	9
517	9
518	9
519	9
520	9
521	9
522	10
523	10
524	10
525	10
526	5
527	5
528	10
529	10
530	10
531	10
532	10
533	10
534	10
535	10
536	10
537	10
538	5
539	5
540	5
541	5
542	5
543	5
544	5
545	5
546	5
547	5
548	5
549	5
550	5
551	5
552	5
553	5
554	5
555	5
556	5
557	5
558	5
559	9
560	9
561	9
562	9
563	9
564	9
565	5
566	5
567	5
568	5
569	5
570	10
571	10
572	10
573	10
574	10
575	10
576	10
577	10
578	10
579	10
580	10
581	5
582	5
583	5
584	5
585	5
586	5
587	1
588	9
589	9
590	9
591	9
592	9
593	9
594	1
595	9
596	1
597	9
598	1
599	9
600	9
601	9
602	9
603	8
604	8
605	8
606	8
607	8
608	8
609	8
610	8
611	8
612	8
613	8
614	8
615	8
616	8
617	1
618	1
619	9
620	1
621	1
622	1
623	1
624	1
625	1
626	1
627	1
628	9
629	9
630	9
631	9
632	1
633	1
634	1
635	9
636	1
637	1
638	1
639	5
640	5
641	5
642	5
643	5
644	5
645	5
646	5
647	5
648	5
649	5
650	5
651	5
652	5
653	5
654	5
655	5
656	5
657	11
658	11
659	1
660	1
661	5
662	5
663	5
664	5
665	5
666	5
667	5
668	5
669	5
670	9
671	9
672	9
673	9
674	9
675	9
676	9
677	4
678	4
679	4
680	5
681	5
682	5
683	5
684	5
685	5
686	5
687	5
688	5
689	5
690	5
691	5
692	5
693	5
694	5
695	5
696	5
697	9
698	9
699	4
700	4
701	9
702	4
703	9
704	4
705	4
706	4
707	9
708	9
709	4
710	9
711	9
712	9
713	9
714	5
715	5
716	1
717	1
718	9
719	9
720	4
721	1
722	1
723	1
724	1
725	1
726	1
727	1
728	1
729	1
730	1
731	1
732	2
733	2
734	2
735	2
736	2
737	11
738	11
739	11
740	11
741	11
742	11
743	11
744	11
745	2
746	2
747	2
748	2
749	2
750	2
751	2
752	2
753	2
754	2
755	2
756	2
757	2
758	2
759	2
760	2
761	2
762	2
763	2
764	2
765	2
766	11
767	11
768	11
769	11
770	2
771	2
772	11
773	11
774	11
775	11
776	11
777	11
778	11
779	11
780	11
781	11
782	11
783	11
784	11
785	6
786	11
787	11
788	11
789	11
790	11
791	6
792	6
793	6
794	6
795	6
796	6
797	6
798	6
799	6
800	6
801	11
802	11
803	11
804	11
805	6
806	6
807	6
808	11
809	11
810	11
811	12
812	12
813	7
814	12
815	7
816	7
817	12
818	12
819	12
820	12
821	7
822	7
823	12
824	7
825	7
826	7
827	7
828	7
829	12
830	7
831	7
832	7
833	7
834	12
835	12
836	7
837	12
838	7
839	7
840	12
841	7
842	12
843	12
844	12
845	7
846	12
847	12
848	7
849	7
850	12
851	12
852	7
853	7
854	12
855	7
856	12
857	12
858	8
859	8
860	8
861	8
862	8
863	8
864	8
865	8
866	8
867	8
868	8
869	8
870	8
871	7
872	7
873	7
874	7
875	12
876	12
877	7
878	7
879	7
880	7
881	7
882	7
883	12
884	7
885	12
886	7
887	12
888	12
889	7
890	12
891	7
892	12
893	12
894	12
895	12
896	7
897	7
898	12
899	12
900	12
901	12
902	12
903	12
904	7
905	12
906	7
907	12
908	12
909	7
910	7
911	12
912	12
913	7
914	12
915	7
916	7
917	7
918	7
919	7
920	12
921	12
922	12
923	7
924	7
925	12
926	7
927	7
928	12
929	7
930	12
931	12
932	12
933	12
934	7
935	12
936	7
937	7
938	7
939	7
940	7
941	7
942	12
943	7
944	12
945	7
946	7
947	12
948	12
949	12
950	7
951	12
952	12
953	7
954	7
955	7
956	7
957	12
958	12
959	7
960	7
961	7
962	12
963	7
964	12
965	7
966	7
967	7
968	7
969	12
970	7
971	7
972	12
973	12
974	12
975	12
976	12
977	12
978	7
979	7
980	7
981	7
982	12
983	12
984	12
985	4
986	4
987	4
988	4
989	4
990	4
991	4
992	11
993	4
994	4
995	4
996	4
997	4
998	4
999	4
1000	11
1001	11
1002	4
1003	4
1004	4
1005	4
1006	4
1007	12
1008	12
1009	4
1010	12
1011	12
1012	12
1013	12
1014	12
1015	12
1016	12
1017	12
1018	12
1019	12
1020	12
1021	12
1022	12
1023	12
1024	12
1025	12
1026	12
1027	12
1028	12
1029	12
1030	12
1031	12
1032	12
1033	12
1034	12
1035	12
1036	12
1037	12
1038	12
1039	12
1040	12
1041	12
1042	12
1043	12
1044	12
1045	12
1046	12
1047	12
1048	12
1049	12
1050	12
1051	12
1052	12
1053	12
1054	12
1055	12
1056	12
1057	12
1058	12
1059	12
1060	12
1061	12
1062	12
1063	12
1064	12
1065	12
1066	12
1067	12
1068	12
1069	12
1070	12
1071	12
1072	12
1073	12
1074	12
1075	8
1076	8
1077	8
1078	8
1079	8
1080	8
1081	8
1082	8
1083	8
1084	8
1085	8
1086	8
1087	1
1088	1
1089	1
1090	1
1091	1
1092	1
1093	1
1094	9
1095	9
1096	9
1097	9
1098	9
1099	9
1100	9
1101	9
1102	9
1103	9
1104	9
1105	9
1106	9
1107	3
1108	7
1109	3
1110	3
1111	7
1112	7
1113	3
1114	7
1115	3
1116	7
1117	7
1118	7
1119	3
1120	7
1121	3
1122	7
1123	7
1124	7
1125	7
1126	7
1127	3
1128	7
1129	3
1130	7
1131	7
1132	7
1133	7
1134	3
1135	7
1136	7
1137	7
1138	7
1139	7
1140	3
1141	3
1142	3
1143	7
1144	7
1145	7
1146	7
1147	7
1148	3
1149	3
1150	3
1151	7
1152	3
1153	7
1154	6
1155	6
1156	6
1157	6
1158	6
1159	6
1160	6
1161	6
1162	6
1163	6
1164	6
1165	6
1166	6
1167	6
1168	6
1169	12
1170	12
1171	12
1172	12
1173	12
1174	12
1175	12
1176	12
1177	12
1178	12
1179	12
1180	12
1181	12
1182	12
1183	12
1184	12
1185	12
1186	12
1187	12
1188	12
1189	12
1190	12
1191	12
1192	12
1193	12
1194	12
1195	12
1196	12
1197	12
1198	12
1199	12
1200	7
1201	7
1202	7
1203	7
1204	7
1205	7
1206	7
1207	7
1208	2
1209	7
1210	7
1211	7
1212	7
1213	2
1214	7
1215	7
1216	7
1217	7
1218	7
1219	7
1220	7
1221	7
1222	7
1223	7
1224	2
1225	7
1226	7
1227	2
1228	7
1229	7
1230	7
1231	7
1232	7
1233	7
1234	7
1235	7
1236	7
1237	7
1238	7
1239	2
1240	1
1241	1
1242	9
1243	9
1244	9
1245	1
1246	9
1247	9
1248	9
1249	9
1250	9
1251	9
1252	9
1253	8
1254	8
1255	8
1256	8
1257	8
1258	9
1259	9
1260	9
1261	9
1262	9
1263	1
1264	8
1265	8
1266	8
1267	8
1268	8
1269	8
1270	8
1271	8
1272	8
1273	8
1274	8
1275	8
1276	8
1277	8
1278	9
1279	9
1280	9
1281	9
1282	1
1283	1
1284	8
1285	8
1286	8
1287	8
1288	9
1289	9
1290	9
1291	9
1292	9
1293	9
1294	9
1295	9
1296	9
1297	9
1298	9
1299	9
1300	9
1301	9
1302	9
1303	8
1304	8
1305	8
1306	8
1307	8
1308	8
1309	8
1310	8
1311	8
1312	8
1313	8
1314	7
1315	7
1316	7
1317	7
1318	7
1319	7
1320	7
1321	7
1322	7
1323	7
1324	7
1325	7
1326	7
1327	7
1328	7
1329	7
1330	7
1331	7
1332	7
1333	7
1334	7
1335	7
1336	7
1337	7
1338	7
1339	7
1340	7
1341	7
1342	7
1343	7
1344	7
1345	7
1346	8
1347	8
1348	8
1349	5
1350	8
1351	8
1352	5
1353	8
1354	8
1355	8
1356	8
1357	8
1358	5
1359	5
1360	8
1361	8
1362	8
1363	3
1364	3
1365	3
1366	3
1367	3
1368	3
1369	3
1370	3
1371	3
1372	3
1373	3
1374	3
1375	3
1376	3
1377	3
1378	3
1379	3
1380	3
1381	9
1382	9
1383	9
1384	6
1385	6
1386	9
1387	9
1388	9
1389	9
1390	6
1391	9
1392	9
1393	9
1394	9
1395	9
1396	9
1397	8
1398	8
1399	8
1400	8
1401	8
1402	8
1403	8
1404	8
1405	8
1406	8
1407	8
1408	8
1409	8
1410	8
1411	8
1412	8
1413	8
1414	8
1415	8
1416	8
1417	8
1418	8
1419	8
1420	8
1421	8
1422	8
1423	8
1424	8
1425	8
1426	8
1427	8
1428	10
1429	10
1430	10
1431	10
1432	10
1433	10
1434	10
1435	10
1436	10
1437	10
1438	10
1439	10
1440	10
1441	2
1442	2
1443	2
1444	2
1445	2
1446	2
1447	2
1448	2
1449	2
1450	2
1451	2
1452	2
1453	2
1454	2
1455	10
1456	10
1457	10
1458	10
1459	10
1460	10
1461	10
1462	10
1463	10
1464	10
1465	9
1466	9
1467	9
1468	9
1469	4
1470	9
1471	9
1472	4
1473	4
1474	9
1475	9
1476	9
1477	9
1478	9
1479	9
1480	9
1481	9
1482	9
1483	9
1484	9
1485	9
1486	9
1487	4
1488	9
1489	12
1490	12
1491	12
1492	12
1493	12
1494	12
1495	12
1496	12
1497	12
1498	12
1499	12
1500	12
1501	5
1502	5
1503	5
1504	5
1505	5
1506	5
1507	5
1508	5
1509	5
1510	5
1511	5
1512	5
1513	5
1514	5
1515	5
1516	5
1517	5
1518	5
1519	5
1520	5
1521	5
1522	5
1523	5
1524	5
1525	5
1526	5
1527	5
1528	5
1529	11
1530	11
1531	11
1532	11
1533	11
1534	11
1535	11
1536	11
1537	11
1538	11
1539	11
1540	11
1541	11
1542	11
1543	11
1544	11
1545	11
1546	11
1547	11
1548	11
1549	11
1550	11
1551	11
1552	4
1553	4
1554	4
1555	4
1556	4
1557	4
1558	4
1559	4
1560	4
1561	4
1562	4
1563	4
1564	4
1565	4
1566	4
1567	4
1568	4
1569	4
1570	4
1571	4
1572	4
1573	4
1574	4
1575	4
1576	2
1577	2
1578	2
1579	2
1580	2
1581	2
1582	2
1583	2
1584	2
1585	2
1586	2
1587	2
1588	2
1589	2
1590	2
1591	2
1592	2
1593	8
1594	8
1595	8
1596	8
1597	8
1598	8
1599	8
1600	8
1601	8
1602	10
1603	10
1604	10
1605	10
1606	10
1607	10
1608	10
1609	10
1610	10
1611	10
1612	10
1613	10
1614	10
1615	10
1616	10
1617	10
1618	9
1619	9
1620	9
1621	9
1622	9
1623	9
1624	9
1625	9
1626	9
1627	9
1628	9
1629	2
1630	2
1631	2
1632	2
1633	2
1634	2
1635	2
1636	2
1637	2
1638	2
1639	2
1640	2
1641	2
1642	2
1643	2
1644	9
1645	9
1646	9
1647	9
1648	9
1649	2
1650	2
1651	2
1652	2
1653	2
1654	2
1655	2
1656	2
1658	2
1659	2
1660	2
1661	2
1662	2
1663	2
1664	2
1665	2
1666	2
1667	2
1668	2
1669	2
1670	2
1671	2
1672	2
1673	9
1674	2
1675	2
1676	2
1677	9
1678	1
1679	1
1680	1
1681	1
1682	1
1683	1
1684	1
1685	2
1686	2
1687	2
1688	2
1689	2
1690	2
1691	2
1692	2
1693	2
1694	2
1695	2
1696	2
1697	2
1698	2
1699	2
1700	2
1701	2
1702	2
1703	10
1704	10
1705	2
1706	2
1707	2
1708	2
1709	2
1710	2
1711	2
1712	2
1713	9
1714	9
1715	9
1716	9
1717	9
1718	9
1719	9
1720	9
1721	9
1722	9
1723	9
1724	9
1725	2
1726	2
1727	2
1728	9
1729	2
1730	2
1731	2
1732	2
1733	2
1734	2
1735	2
1736	2
1737	2
1738	2
1739	2
1740	2
1741	2
1742	5
1743	5
1744	5
1745	5
1746	5
1747	5
1748	5
1749	5
1750	5
1751	5
1752	5
1753	5
1754	5
1755	5
1756	5
1757	9
1758	9
1759	9
1760	9
1761	5
1762	5
1763	5
1764	5
1765	5
1766	5
1767	5
1768	5
1769	5
1770	5
1771	5
1772	5
1773	5
1774	9
1775	9
1776	9
1777	9
1778	9
1779	9
1780	9
1781	9
1782	9
1783	9
1784	9
1785	9
1786	9
1787	5
1788	5
1789	5
1790	5
1791	5
1792	5
1793	5
1794	5
1795	9
1796	9
1797	9
1798	9
1799	5
1800	5
1801	5
1802	5
1803	5
1804	5
1805	5
1806	5
1807	5
1808	5
1809	10
1810	10
1811	10
1812	10
1813	10
1814	10
1815	10
1816	10
1817	10
1818	10
1819	10
1820	10
1821	10
1822	10
1823	10
1824	10
1825	10
1826	10
1827	10
1828	10
1829	10
1830	9
1831	9
1832	9
1833	9
1834	9
1835	10
1836	10
1837	9
1838	10
1839	10
1840	3
1841	3
1842	3
1843	3
1844	3
1845	10
1846	10
1847	10
1848	10
1849	10
1850	10
1851	10
1852	10
1853	10
1854	10
1855	10
1856	10
1857	9
1858	9
1859	9
1860	9
1861	9
1862	9
1863	10
1864	10
1865	10
1866	10
1867	10
1868	10
1869	10
1870	10
1871	10
1872	1
1873	1
1874	1
1875	1
1876	1
1877	1
1878	1
1879	1
1880	1
1881	1
1882	1
1883	1
1884	1
1885	1
1886	1
1887	1
1888	1
1889	1
1890	1
1891	1
1892	1
1893	1
1894	1
1895	8
1896	8
1897	5
1898	6
1899	6
1900	6
1901	6
1902	6
1903	6
1904	8
1905	8
1906	5
1907	5
1908	5
1909	8
1910	8
1911	8
1912	5
1913	5
1914	5
1915	8
1916	6
1917	6
1918	6
1919	6
1920	6
1921	6
1922	6
1923	6
1924	5
1925	5
1926	5
1927	5
1928	5
1929	5
1930	5
1931	8
1932	5
1933	5
1934	8
1935	5
1936	8
1937	5
1938	5
1939	8
1940	5
1941	8
1942	5
1943	8
1944	8
1945	5
1946	5
1947	8
1948	5
1949	5
1950	8
1951	5
1952	5
1953	8
1954	8
1955	8
1956	8
1957	5
1958	8
1959	5
1960	8
1961	5
1962	8
1963	8
1964	8
1965	5
1966	5
1967	5
1968	8
1969	5
1970	8
1971	8
1972	5
1973	8
1974	8
1975	5
1976	11
1977	11
1978	11
1979	11
1980	11
1981	11
1982	11
1983	11
1984	11
1985	11
1986	11
1987	11
1988	11
1989	11
1990	11
1991	11
1992	11
1993	11
1994	11
1995	11
1996	11
1997	11
1998	11
1999	11
2000	11
2001	11
2002	11
2003	11
2004	11
2005	11
2006	11
2007	11
2008	11
2009	11
2010	11
2011	11
2012	11
2013	11
2014	11
2015	11
2016	11
2017	1
2018	1
2019	1
2020	1
2021	1
2022	1
2023	1
2024	11
2025	1
2026	1
2027	1
2028	1
2029	1
2030	11
2031	11
2032	11
2033	11
2034	11
2035	1
2036	1
2037	1
2038	9
2039	9
2040	9
2041	9
2042	9
2043	1
2044	1
2045	1
2046	1
2047	1
2048	9
2049	9
2050	1
2051	1
2052	1
2053	1
2054	1
2055	1
2056	1
2057	1
2058	11
2059	11
2060	11
2061	11
2062	11
2063	11
2064	11
2065	11
2066	11
2067	11
2068	1
2069	1
2070	1
2071	1
2072	1
2073	1
2074	1
2075	1
2076	1
2077	1
2078	1
2079	1
2080	1
2081	1
2082	1
2083	1
2084	1
2085	1
2086	1
2087	1
2088	1
2089	2
2090	2
2091	2
2092	2
2093	2
2094	2
2095	2
2096	5
2097	5
2098	5
2099	5
2100	5
2101	5
2102	5
2103	5
2104	5
2105	5
2106	5
2107	5
2108	5
2109	5
2110	5
2111	5
2112	5
2113	13
2114	13
2115	13
2116	13
2117	13
2118	10
2119	13
2120	13
2121	13
2122	13
2123	10
2124	1
2125	13
2126	13
2127	13
2128	13
2129	13
2130	13
2131	13
2132	13
2133	10
2134	13
2135	13
2136	13
2137	10
2138	10
2139	13
2140	10
2141	13
2142	13
2143	13
2144	13
2145	13
2146	13
2147	13
2148	13
2149	13
2150	13
2151	13
2152	13
2153	13
2154	13
2155	13
2156	13
2157	13
2158	13
2159	13
2160	13
2161	13
2162	13
2163	13
2164	10
2165	10
2166	13
2167	13
2168	13
2169	13
2170	13
2171	13
2172	13
2173	13
2174	13
2175	13
2176	10
2177	10
2178	13
2179	13
2180	10
2181	10
2182	13
2183	13
2184	13
2185	13
2186	13
2187	13
2188	13
2189	13
2190	13
2191	13
2192	13
2193	13
2194	13
2195	13
2196	13
2197	13
2198	13
2199	10
2200	13
2201	13
2202	13
2203	13
2204	13
2205	13
2206	13
2207	13
2208	13
2209	13
2210	13
2211	13
2212	13
2213	13
2214	13
2215	13
2216	13
2217	13
2218	13
2219	13
2220	13
2221	13
2222	13
2223	13
2224	13
2225	13
2226	13
2227	13
2228	13
2229	13
2230	10
2231	10
2232	13
2233	10
2234	10
2235	13
2236	10
2237	10
2238	10
2239	13
2240	13
2241	13
2242	13
2243	13
2244	13
2245	10
2246	13
2247	10
2248	10
2249	13
2250	13
2251	13
2252	13
2253	13
2254	13
2255	13
2256	10
2257	13
2258	13
2259	13
2260	13
2261	10
2262	13
2263	13
2264	13
2265	13
2266	13
2267	13
2268	13
2269	13
2270	13
2271	13
2272	13
2273	13
2274	13
2275	13
2276	13
2277	10
2278	13
2279	13
2280	13
2281	13
2282	13
2283	10
2284	1
2285	1
2286	13
2287	13
2288	13
2289	13
2290	13
2291	13
2292	13
2293	13
2294	13
2295	13
2296	13
2297	13
2298	13
2299	13
2300	10
2301	13
2302	10
2303	13
2304	10
2305	13
2306	13
2307	13
2308	13
2309	1
2310	1
2311	1
2312	7
2313	7
2314	7
2315	7
2316	7
2317	7
2318	7
2319	7
2320	7
2321	7
2322	7
2323	7
2324	7
2325	7
2326	7
2327	7
2328	7
2329	7
2330	8
2331	8
2332	8
2333	8
2334	8
2335	8
2336	8
2337	8
2338	8
2339	8
2340	8
2341	8
2342	8
2343	8
2344	8
2345	8
2346	12
2347	12
2348	12
2349	12
2350	12
2351	12
2352	12
2353	12
2354	12
2355	12
2356	12
2357	12
2358	12
2359	12
2360	12
2361	12
2362	12
2363	12
2364	12
2365	12
2366	10
2367	10
2368	10
2369	10
2370	10
2371	10
2372	10
2373	10
2374	10
2375	10
2376	10
2377	10
2378	10
2379	10
2380	10
2381	10
2382	10
2383	10
2384	10
2385	10
2386	10
2387	10
2388	10
2389	10
2390	10
2391	10
2392	10
2393	10
2394	10
2395	10
2396	10
2397	10
2398	10
2399	10
2400	10
2401	10
2402	10
2403	10
2404	10
2405	10
2406	10
2407	10
2408	10
2409	10
2410	10
2411	10
2412	10
2413	10
2414	10
2415	6
2416	6
2417	6
2418	6
2419	3
2420	3
2421	3
2422	6
2423	6
2424	6
2425	6
2426	6
2427	3
2428	3
2429	3
2430	3
2431	6
2432	6
2433	6
2434	6
2435	6
2436	6
2437	6
2438	6
2439	3
2440	6
2441	6
2442	6
2443	6
2444	6
2445	6
2446	6
2447	6
2448	6
2449	3
2450	3
2451	3
2452	3
2453	3
2454	6
2455	6
2456	6
2457	6
2458	6
2459	6
2460	6
2461	6
2462	6
2463	3
2464	6
2465	6
2466	6
2467	6
2468	3
2469	3
2470	3
2471	3
2472	3
2473	3
2474	6
2475	6
2476	3
2477	6
2478	6
2479	3
2480	3
2481	6
2482	6
2483	3
2484	6
2485	3
2486	3
2487	3
2488	3
2489	3
2490	3
2491	3
2492	3
2493	3
2494	3
2495	3
2496	3
2497	3
2498	3
2499	6
2500	6
2501	3
2502	6
2503	6
2504	6
2505	6
2506	6
2507	6
2508	3
2509	3
2510	3
2511	6
2512	6
2513	3
2514	6
2515	3
2516	3
2517	3
2518	3
2519	3
2520	3
2521	3
2522	3
2523	3
2524	6
2525	3
2526	6
2527	3
2528	6
2529	3
2530	3
2531	3
2532	3
2533	3
2534	3
2535	3
2536	3
2537	3
2538	3
2539	3
2540	3
2541	3
2542	3
2543	6
2544	3
2545	3
2546	3
2547	6
2548	6
2549	6
2550	3
2551	3
2552	3
2553	3
2554	3
2555	3
2556	3
2557	3
2558	6
2559	6
2560	6
2561	6
2562	3
2563	3
2564	6
2565	3
2566	6
2567	6
2568	3
2569	6
2570	6
2571	6
2572	6
2573	6
2574	3
2575	3
2576	3
2577	3
2578	3
2579	3
2580	3
2581	3
2582	6
2583	3
2584	3
2585	6
2586	6
2587	3
2588	3
2589	3
2590	3
2591	3
2592	3
2593	3
2594	6
2595	6
2596	6
2597	6
2598	6
2599	6
2600	3
2601	3
2602	6
2603	6
2604	3
2605	3
2606	1
2607	1
2608	1
2609	1
2610	1
2611	1
2612	1
2613	1
2614	1
2615	1
2616	1
2617	1
2618	1
2619	1
2620	1
2621	1
2622	1
2623	1
2624	1
2625	1
2626	1
2627	1
2628	1
2629	1
2630	1
2631	1
2632	1
2633	1
2634	1
2635	1
2636	1
2637	1
2638	1
2639	1
2640	4
2641	4
2642	11
2643	11
2644	11
2645	4
2646	4
2647	4
2648	4
2649	4
2650	4
2651	4
2652	4
2653	4
2654	4
2655	4
2656	11
2657	4
2658	11
2659	11
2660	11
2661	4
2662	4
2663	11
2664	4
2665	4
2666	4
2667	4
2668	4
2669	4
2670	4
2671	4
2672	11
2673	4
2674	11
2675	4
2676	4
2677	4
2678	4
2679	4
2680	4
2681	4
2682	4
2683	4
2684	4
2685	4
2686	4
2687	11
2688	8
2689	8
2690	8
2691	8
315	12
1657	2
