0	7
1	7
2	7
3	7
4	7
5	7
6	7
7	2
8	2
9	2
10	2
11	2
12	8
13	8
14	8
15	8
16	2
17	2
18	9
19	9
20	9
21	3
22	3
23	3
24	3
25	3
26	3
27	3
28	3
29	1
30	1
31	1
32	1
33	1
34	1
35	1
36	1
37	1
38	1
39	1
40	1
41	1
42	1
43	1
44	1
45	1
46	1
47	1
48	1
49	1
50	1
51	1
52	1
53	4
54	4
55	4
56	4
57	4
58	1
59	1
60	1
61	1
62	1
63	1
64	1
65	4
66	4
67	4
68	4
69	4
70	4
71	3
72	3
73	3
74	3
75	1
76	1
77	1
78	1
79	1
80	1
81	1
82	1
83	13
84	13
85	13
86	13
87	13
88	13
89	13
90	13
91	13
92	13
93	13
94	13
95	13
96	2
97	8
98	2
99	2
100	8
101	2
102	2
103	2
104	2
105	2
106	2
107	2
108	2
109	2
110	2
111	8
112	8
113	8
114	2
115	2
116	2
117	8
118	8
119	8
120	8
121	2
122	2
123	2
124	2
125	2
126	8
127	2
128	2
129	6
130	6
131	6
132	6
133	6
134	6
135	6
136	6
137	6
138	6
139	6
140	6
141	6
142	6
143	6
144	6
145	6
146	6
147	6
148	6
149	6
150	6
151	6
152	6
153	6
154	6
155	6
156	6
157	6
158	6
159	6
160	6
161	6
162	6
163	6
164	6
165	6
166	13
167	13
168	13
169	13
170	13
171	13
172	13
173	13
174	13
175	13
176	13
177	13
178	13
179	13
180	13
181	13
182	13
183	7
184	7
185	7
186	7
187	7
188	7
189	7
190	7
191	7
192	7
193	7
194	7
195	7
196	7
197	7
198	7
199	7
200	7
201	7
202	7
203	7
204	7
205	7
206	7
207	7
208	3
209	3
210	3
211	3
212	3
213	3
214	3
215	3
216	3
217	3
218	3
219	3
220	3
221	3
222	3
223	3
224	3
225	3
226	6
227	6
228	6
229	6
230	6
231	6
232	6
233	6
234	6
235	6
236	3
237	3
238	3
239	3
240	3
241	3
242	3
243	3
244	3
245	3
246	3
247	3
248	7
249	7
250	7
251	7
252	7
253	7
254	7
255	7
256	7
257	7
258	7
259	7
260	7
261	10
262	10
263	10
264	10
265	10
266	10
267	10
268	10
269	10
270	10
271	10
272	10
273	10
274	10
275	10
276	10
277	10
278	10
279	10
280	10
281	10
282	10
283	10
284	10
285	10
286	10
287	10
288	10
289	10
290	10
291	10
292	10
293	10
294	10
295	10
296	10
297	10
298	10
299	10
300	10
301	10
302	7
303	7
304	7
305	7
306	5
307	5
308	4
309	5
310	5
311	5
312	4
313	4
314	5
316	1
317	1
318	1
319	1
320	1
321	1
322	1
323	1
324	1
325	1
326	1
327	1
328	1
329	1
330	1
331	5
332	4
333	4
334	5
335	4
336	5
337	1
338	1
339	1
340	4
341	4
342	5
343	5
344	5
345	5
346	4
347	5
348	4
349	5
350	5
351	5
352	5
353	5
354	5
355	5
356	11
357	6
358	11
359	6
360	6
361	11
362	11
363	6
364	11
365	11
366	11
367	11
368	11
369	5
370	5
371	5
372	5
373	5
374	5
375	5
376	5
377	5
378	5
379	5
380	5
381	5
382	5
383	5
384	5
385	4
386	5
387	5
388	5
389	1
390	1
391	1
392	1
393	1
394	5
395	5
396	4
397	5
398	1
399	1
400	1
401	1
402	1
403	3
404	3
405	3
406	3
407	3
408	3
409	9
410	9
411	9
412	9
413	9
414	9
415	9
416	9
417	9
418	9
419	9
420	9
421	9
422	9
423	9
424	9
425	13
426	13
427	13
428	13
429	13
430	13
431	13
432	13
433	9
434	9
435	9
436	9
437	9
438	9
439	9
440	9
441	9
442	9
443	9
444	9
445	9
446	13
447	13
448	13
449	13
450	13
451	9
452	9
453	9
454	13
455	13
456	13
457	9
458	9
459	9
460	9
461	9
462	9
463	13
464	13
465	13
466	13
467	13
468	13
469	13
470	13
471	13
472	13
473	9
474	9
475	10
476	10
477	6
478	6
479	6
480	6
481	6
482	6
483	6
484	3
485	3
486	6
487	6
488	6
489	10
490	10
491	10
492	10
493	10
494	10
495	6
496	6
497	6
498	3
499	6
500	6
501	6
502	3
503	6
504	6
505	6
506	3
507	3
508	3
509	3
510	3
511	3
512	3
513	3
514	3
515	3
516	3
517	3
518	3
519	3
520	3
521	3
522	5
523	5
524	5
525	5
526	7
527	7
528	5
529	5
530	5
531	5
532	5
533	5
534	5
535	5
536	5
537	5
538	7
539	7
540	7
541	7
542	7
543	7
544	7
545	7
546	7
547	7
548	7
549	7
550	7
551	7
552	7
553	7
554	7
555	7
556	7
557	7
558	7
559	3
560	3
561	3
562	3
563	3
564	3
565	7
566	7
567	7
568	7
569	7
570	12
571	12
572	12
573	12
574	12
575	12
576	12
577	12
578	12
579	12
580	12
581	7
582	7
583	7
584	7
585	7
586	7
587	10
588	6
589	6
590	6
591	6
592	10
593	6
594	6
595	10
596	10
597	6
598	6
599	6
600	6
601	6
602	6
603	7
604	7
605	7
606	7
607	7
608	7
609	7
610	7
611	7
612	7
613	7
614	7
615	7
616	7
617	10
618	6
619	6
620	10
621	6
622	6
623	10
624	10
625	6
626	10
627	10
628	10
629	10
630	6
631	6
632	10
633	6
634	10
635	6
636	10
637	10
638	10
639	7
640	7
641	7
642	7
643	7
644	7
645	7
646	7
647	7
648	7
649	7
650	7
651	7
652	7
653	7
654	7
655	7
656	7
657	10
658	10
659	10
660	10
661	9
662	9
663	9
664	9
665	9
666	9
667	9
668	9
669	9
670	6
671	6
672	6
673	6
674	6
675	6
676	6
677	6
678	6
679	6
680	9
681	9
682	9
683	9
684	9
685	9
686	9
687	9
688	9
689	9
690	9
691	9
692	9
693	9
694	9
695	9
696	9
697	6
698	6
699	6
700	6
701	6
702	6
703	6
704	6
705	6
706	6
707	6
708	6
709	6
710	6
711	6
712	6
713	6
714	9
715	9
716	10
717	10
718	6
719	6
720	6
721	10
722	10
723	10
724	10
725	10
726	10
727	10
728	10
729	10
730	10
731	10
732	1
733	1
734	1
735	1
736	1
737	13
738	13
739	13
740	13
741	13
742	13
743	10
744	10
745	1
746	1
747	1
748	1
749	1
750	1
751	1
752	1
753	1
754	1
755	1
756	1
757	1
758	1
759	1
760	1
761	1
762	1
763	1
764	1
765	1
766	10
767	13
768	10
769	13
770	1
771	1
772	10
773	10
774	10
775	13
776	13
777	10
778	13
779	13
780	13
781	13
782	13
783	13
784	13
785	3
786	13
787	13
788	10
789	13
790	10
791	3
792	3
793	3
794	3
795	3
796	3
797	3
798	3
799	3
800	3
801	13
802	10
803	13
804	10
805	3
806	3
807	3
808	10
809	10
810	13
811	4
812	8
813	4
814	4
815	8
816	8
817	8
818	8
819	8
820	8
821	4
822	8
823	8
824	8
825	8
826	8
827	8
828	8
829	8
830	4
831	4
832	4
833	4
834	4
835	4
836	4
837	4
838	4
839	4
840	4
841	4
842	4
843	8
844	8
845	8
846	8
847	8
848	8
849	8
850	8
851	8
852	4
853	4
854	8
855	8
856	8
857	8
858	7
859	7
860	7
861	7
862	7
863	7
864	7
865	7
866	7
867	7
868	7
869	7
870	7
871	4
872	4
873	4
874	4
875	8
876	8
877	8
878	8
879	8
880	8
881	4
882	4
883	4
884	4
885	4
886	4
887	8
888	8
889	8
890	8
891	8
892	8
893	8
894	8
895	8
896	4
897	8
898	8
899	8
900	8
901	8
902	4
903	8
904	4
905	8
906	4
907	8
908	8
909	8
910	8
911	8
912	8
913	8
914	8
915	4
916	4
917	4
918	8
919	8
920	8
921	8
922	8
923	8
924	8
925	8
926	4
927	8
928	8
929	4
930	8
931	8
932	8
933	8
934	8
935	8
936	8
937	4
938	8
939	8
940	8
941	8
942	8
943	8
944	8
945	8
946	4
947	8
948	8
949	8
950	8
951	8
952	8
953	8
954	8
955	8
956	8
957	8
958	8
959	8
960	8
961	8
962	8
963	8
964	8
965	8
966	8
967	8
968	8
969	8
970	4
971	4
972	8
973	8
974	8
975	8
976	8
977	8
978	8
979	8
980	8
981	8
982	4
983	4
984	1
985	6
986	6
987	6
988	6
989	6
990	6
991	6
992	6
993	6
994	6
995	6
996	6
997	6
998	6
999	6
1000	13
1001	6
1002	6
1003	6
1004	6
1005	6
1006	6
1007	1
1008	1
1009	6
1010	1
1011	4
1012	1
1013	1
1014	1
1015	4
1016	4
1017	1
1018	1
1019	4
1020	1
1021	1
1022	1
1023	1
1024	1
1025	1
1026	1
1027	1
1028	4
1029	4
1030	4
1031	4
1032	4
1033	4
1034	1
1035	1
1036	1
1037	1
1038	1
1039	1
1040	1
1041	1
1042	1
1043	1
1044	4
1045	4
1046	1
1047	1
1048	1
1049	4
1050	1
1051	1
1052	1
1053	1
1054	1
1055	1
1056	1
1057	1
1058	1
1059	4
1060	1
1061	1
1062	4
1063	1
1064	1
1065	1
1066	1
1067	1
1068	1
1069	1
1070	1
1071	4
1072	4
1073	1
1074	1
1075	7
1076	7
1077	7
1078	7
1079	7
1080	7
1081	7
1082	7
1083	7
1084	7
1085	7
1086	7
1087	10
1088	10
1089	10
1090	10
1091	10
1092	10
1093	10
1094	3
1095	3
1096	3
1097	3
1098	3
1099	3
1100	3
1101	3
1102	3
1103	3
1104	3
1105	3
1106	3
1107	5
1108	5
1109	5
1110	5
1111	5
1112	5
1113	5
1114	4
1115	5
1116	5
1117	5
1118	4
1119	5
1120	5
1121	5
1122	4
1123	5
1124	4
1125	4
1126	5
1127	5
1128	5
1129	5
1130	5
1131	4
1132	5
1133	4
1134	5
1135	5
1136	4
1137	5
1138	5
1139	5
1140	5
1141	5
1142	5
1143	5
1144	5
1145	5
1146	4
1147	4
1148	5
1149	5
1150	5
1151	5
1152	5
1153	4
1154	4
1155	4
1156	4
1157	4
1158	4
1159	4
1160	4
1161	4
1162	4
1163	4
1164	4
1165	4
1166	4
1167	4
1168	4
1169	1
1170	1
1171	1
1172	4
1173	1
1174	1
1175	1
1176	4
1177	4
1178	4
1179	4
1180	1
1181	4
1182	4
1183	1
1184	1
1185	1
1186	1
1187	1
1188	4
1189	1
1190	1
1191	1
1192	1
1193	1
1194	1
1195	1
1196	1
1197	4
1198	1
1199	4
1200	8
1201	8
1202	8
1203	8
1204	8
1205	8
1206	8
1207	8
1208	8
1209	8
1210	8
1211	8
1212	8
1213	8
1214	8
1215	8
1216	8
1217	8
1218	8
1219	8
1220	8
1221	8
1222	8
1223	8
1224	8
1225	8
1226	8
1227	8
1228	8
1229	8
1230	8
1231	8
1232	8
1233	8
1234	8
1235	8
1236	8
1237	8
1238	8
1239	8
1240	6
1241	6
1242	6
1243	6
1244	6
1245	6
1246	6
1247	6
1248	6
1249	6
1250	6
1251	6
1252	6
1253	1
1254	1
1255	1
1256	1
1257	1
1258	6
1259	6
1260	6
1261	6
1262	6
1263	6
1264	1
1265	1
1266	1
1267	1
1268	1
1269	1
1270	1
1271	1
1272	1
1273	1
1274	1
1275	1
1276	1
1277	1
1278	3
1279	3
1280	3
1281	6
1282	6
1283	6
1284	1
1285	1
1286	1
1287	1
1288	4
1289	4
1290	3
1291	3
1292	3
1293	3
1294	3
1295	3
1296	3
1297	3
1298	3
1299	4
1300	3
1301	3
1302	3
1303	7
1304	7
1305	7
1306	7
1307	7
1308	7
1309	7
1310	7
1311	7
1312	7
1313	7
1314	4
1315	4
1316	5
1317	5
1318	4
1319	5
1320	4
1321	5
1322	4
1323	5
1324	5
1325	5
1326	4
1327	5
1328	5
1329	5
1330	5
1331	5
1332	5
1333	5
1334	4
1335	4
1336	5
1337	5
1338	5
1339	4
1340	4
1341	5
1342	4
1343	4
1344	5
1345	4
1346	1
1347	1
1348	7
1349	7
1350	1
1351	1
1352	7
1353	1
1354	1
1355	1
1356	1
1357	7
1358	7
1359	7
1360	1
1361	1
1362	1
1363	5
1364	5
1365	5
1366	5
1367	5
1368	5
1369	5
1370	5
1371	5
1372	5
1373	5
1374	5
1375	5
1376	5
1377	5
1378	5
1379	5
1380	5
1381	4
1382	4
1383	4
1384	4
1385	4
1386	4
1387	4
1388	4
1389	4
1390	4
1391	4
1392	4
1393	4
1394	4
1395	4
1396	4
1397	1
1398	1
1399	1
1400	1
1401	1
1402	1
1403	1
1404	1
1405	1
1406	1
1407	1
1408	1
1409	1
1410	1
1411	1
1412	1
1413	1
1414	1
1415	1
1416	1
1417	1
1418	1
1419	1
1420	1
1421	1
1422	1
1423	1
1424	1
1425	1
1426	1
1427	1
1428	5
1429	5
1430	5
1431	5
1432	5
1433	5
1434	5
1435	5
1436	5
1437	5
1438	5
1439	5
1440	5
1441	8
1442	8
1443	8
1444	8
1445	8
1446	8
1447	8
1448	8
1449	8
1450	8
1451	8
1452	8
1453	8
1454	8
1455	5
1456	5
1457	5
1458	5
1459	5
1460	5
1461	5
1462	5
1463	5
1464	5
1465	3
1466	3
1467	3
1468	3
1469	3
1470	3
1471	3
1472	3
1473	6
1474	3
1475	3
1476	3
1477	3
1478	3
1479	3
1480	3
1481	3
1482	3
1483	3
1484	3
1485	3
1486	3
1487	6
1488	3
1489	1
1490	1
1491	1
1492	1
1493	1
1494	1
1495	1
1496	1
1497	1
1498	1
1499	1
1500	1
1501	9
1502	9
1503	9
1504	9
1505	9
1506	9
1507	9
1508	9
1509	9
1510	9
1511	9
1512	9
1513	9
1514	9
1515	9
1516	9
1517	9
1518	9
1519	9
1520	9
1521	9
1522	9
1523	9
1524	9
1525	9
1526	9
1527	9
1528	9
1529	13
1530	13
1531	13
1532	13
1533	13
1534	13
1535	13
1536	13
1537	13
1538	13
1539	13
1540	13
1541	13
1542	13
1543	13
1544	13
1545	13
1546	13
1547	13
1548	13
1549	13
1550	13
1551	13
1552	13
1553	5
1554	5
1555	5
1556	5
1557	5
1558	5
1559	5
1560	5
1561	5
1562	5
1563	5
1564	5
1565	5
1566	5
1567	5
1568	5
1569	5
1570	5
1571	5
1572	5
1573	5
1574	5
1575	5
1576	1
1577	1
1578	1
1579	1
1580	1
1581	1
1582	1
1583	1
1584	1
1585	1
1586	1
1587	1
1588	1
1589	1
1590	1
1591	1
1592	1
1593	7
1594	7
1595	7
1596	7
1597	7
1598	7
1599	7
1600	7
1601	7
1602	12
1603	12
1604	12
1605	12
1606	12
1607	12
1608	12
1609	12
1610	12
1611	12
1612	12
1613	12
1614	12
1615	12
1616	12
1617	12
1618	3
1619	3
1620	3
1621	3
1622	3
1623	3
1624	3
1625	3
1626	3
1627	3
1628	3
1629	8
1630	8
1631	8
1632	8
1633	8
1634	8
1635	8
1636	8
1637	8
1638	8
1639	8
1640	8
1641	8
1642	8
1643	8
1644	3
1645	3
1646	3
1647	3
1648	3
1649	8
1650	8
1651	8
1652	8
1653	8
1654	8
1655	8
1656	8
1658	8
1659	8
1660	8
1661	8
1662	8
1663	8
1664	8
1665	8
1666	8
1667	8
1668	8
1669	8
1670	8
1671	8
1672	8
1673	3
1674	8
1675	8
1676	8
1677	3
1678	10
1679	10
1680	10
1681	10
1682	10
1683	10
1684	10
1685	9
1686	9
1687	9
1688	9
1689	9
1690	9
1691	9
1692	9
1693	9
1694	9
1695	9
1696	9
1697	9
1698	9
1699	9
1700	9
1701	9
1702	9
1703	2
1704	2
1705	9
1706	9
1707	9
1708	9
1709	9
1710	9
1711	9
1712	9
1713	3
1714	3
1715	3
1716	3
1717	3
1718	3
1719	3
1720	3
1721	3
1722	3
1723	3
1724	3
1725	9
1726	9
1727	9
1728	3
1729	9
1730	9
1731	9
1732	9
1733	9
1734	9
1735	9
1736	9
1737	9
1738	9
1739	9
1740	9
1741	9
1742	9
1743	9
1744	9
1745	9
1746	9
1747	9
1748	9
1749	9
1750	9
1751	9
1752	9
1753	9
1754	9
1755	9
1756	9
1757	3
1758	3
1759	3
1760	3
1761	9
1762	9
1763	9
1764	9
1765	9
1766	9
1767	9
1768	9
1769	9
1770	9
1771	9
1772	9
1773	9
1774	3
1775	3
1776	3
1777	3
1778	3
1779	3
1780	3
1781	3
1782	3
1783	3
1784	3
1785	3
1786	3
1787	9
1788	9
1789	9
1790	9
1791	9
1792	9
1793	9
1794	9
1795	3
1796	3
1797	3
1798	3
1799	9
1800	9
1801	9
1802	9
1803	9
1804	9
1805	9
1806	9
1807	9
1808	9
1809	2
1810	2
1811	2
1812	2
1813	2
1814	2
1815	2
1816	2
1817	2
1818	2
1819	5
1820	2
1821	5
1822	2
1823	5
1824	2
1825	2
1826	2
1827	2
1828	2
1829	2
1830	3
1831	3
1832	3
1833	3
1834	3
1835	2
1836	2
1837	3
1838	2
1839	2
1840	5
1841	5
1842	5
1843	5
1844	5
1845	2
1846	5
1847	2
1848	2
1849	2
1850	5
1851	2
1852	2
1853	5
1854	2
1855	2
1856	2
1857	3
1858	3
1859	3
1860	3
1861	3
1862	3
1863	2
1864	5
1865	5
1866	5
1867	5
1868	2
1869	5
1870	2
1871	2
1872	10
1873	10
1874	10
1875	10
1876	10
1877	10
1878	10
1879	10
1880	10
1881	10
1882	10
1883	10
1884	10
1885	10
1886	10
1887	10
1888	10
1889	10
1890	10
1891	10
1892	10
1893	10
1894	10
1895	7
1896	7
1897	7
1898	4
1899	4
1900	4
1901	4
1902	4
1903	4
1904	7
1905	7
1906	7
1907	7
1908	7
1909	7
1910	7
1911	7
1912	7
1913	7
1914	7
1915	7
1916	4
1917	4
1918	4
1919	4
1920	4
1921	4
1922	4
1923	4
1924	7
1925	7
1926	7
1927	7
1928	7
1929	7
1930	7
1931	7
1932	7
1933	7
1934	7
1935	7
1936	7
1937	7
1938	7
1939	7
1940	7
1941	7
1942	7
1943	7
1944	7
1945	7
1946	7
1947	7
1948	7
1949	7
1950	7
1951	7
1952	7
1953	7
1954	7
1955	7
1956	7
1957	7
1958	7
1959	7
1960	7
1961	7
1962	7
1963	7
1964	7
1965	7
1966	7
1967	7
1968	7
1969	7
1970	7
1971	7
1972	7
1973	7
1974	7
1975	7
1976	13
1977	13
1978	13
1979	13
1980	13
1981	13
1982	13
1983	13
1984	13
1985	13
1986	13
1987	13
1988	13
1989	13
1990	13
1991	13
1992	13
1993	13
1994	13
1995	13
1996	13
1997	13
1998	13
1999	13
2000	13
2001	13
2002	13
2003	13
2004	13
2005	13
2006	13
2007	13
2008	13
2009	13
2010	13
2011	13
2012	13
2013	13
2014	13
2015	13
2016	13
2017	10
2018	10
2019	10
2020	10
2021	10
2022	10
2023	10
2024	13
2025	10
2026	10
2027	10
2028	10
2029	10
2030	13
2031	13
2032	13
2033	13
2034	13
2035	13
2036	13
2037	10
2038	10
2039	10
2040	10
2041	10
2042	10
2043	10
2044	10
2045	10
2046	13
2047	13
2048	10
2049	10
2050	10
2051	13
2052	13
2053	10
2054	10
2055	13
2056	10
2057	13
2058	12
2059	12
2060	12
2061	12
2062	12
2063	12
2064	12
2065	12
2066	12
2067	12
2068	10
2069	10
2070	10
2071	10
2072	10
2073	10
2074	10
2075	10
2076	10
2077	10
2078	10
2079	10
2080	10
2081	10
2082	10
2083	10
2084	10
2085	10
2086	10
2087	10
2088	10
2089	1
2090	1
2091	1
2092	1
2093	1
2094	1
2095	1
2096	7
2097	7
2098	7
2099	7
2100	7
2101	7
2102	7
2103	7
2104	7
2105	7
2106	7
2107	7
2108	7
2109	7
2110	7
2111	7
2112	7
2113	12
2114	12
2115	2
2116	2
2117	12
2118	12
2119	12
2120	12
2121	12
2122	12
2123	12
2124	10
2125	2
2126	2
2127	12
2128	12
2129	12
2130	12
2131	12
2132	12
2133	12
2134	2
2135	2
2136	12
2137	12
2138	12
2139	12
2140	12
2141	12
2142	12
2143	12
2144	12
2145	12
2146	12
2147	12
2148	12
2149	12
2150	2
2151	2
2152	2
2153	2
2154	12
2155	12
2156	12
2157	12
2158	2
2159	12
2160	2
2161	2
2162	2
2163	2
2164	2
2165	2
2166	2
2167	12
2168	12
2169	2
2170	2
2171	12
2172	2
2173	12
2174	12
2175	12
2176	12
2177	12
2178	2
2179	2
2180	2
2181	2
2182	2
2183	2
2184	12
2185	2
2186	2
2187	2
2188	12
2189	12
2190	2
2191	12
2192	12
2193	2
2194	12
2195	12
2196	12
2197	12
2198	12
2199	12
2200	12
2201	12
2202	12
2203	12
2204	2
2205	12
2206	2
2207	2
2208	12
2209	2
2210	2
2211	12
2212	12
2213	12
2214	12
2215	12
2216	12
2217	12
2218	2
2219	2
2220	2
2221	12
2222	12
2223	12
2224	2
2225	2
2226	2
2227	2
2228	12
2229	12
2230	2
2231	2
2232	2
2233	12
2234	12
2235	2
2236	12
2237	12
2238	12
2239	2
2240	2
2241	12
2242	12
2243	12
2244	12
2245	12
2246	2
2247	2
2248	2
2249	2
2250	12
2251	2
2252	2
2253	12
2254	12
2255	12
2256	2
2257	2
2258	2
2259	2
2260	2
2261	2
2262	2
2263	2
2264	2
2265	2
2266	12
2267	12
2268	12
2269	12
2270	12
2271	2
2272	12
2273	12
2274	2
2275	2
2276	2
2277	12
2278	12
2279	12
2280	2
2281	2
2282	12
2283	12
2284	10
2285	10
2286	12
2287	12
2288	2
2289	2
2290	2
2291	2
2292	2
2293	2
2294	12
2295	12
2296	12
2297	12
2298	12
2299	12
2300	12
2301	2
2302	12
2303	12
2304	12
2305	2
2306	2
2307	2
2308	2
2309	10
2310	10
2311	10
2312	4
2313	4
2314	4
2315	4
2316	4
2317	4
2318	4
2319	4
2320	4
2321	4
2322	4
2323	4
2324	4
2325	4
2326	4
2327	4
2328	4
2329	4
2330	7
2331	7
2332	7
2333	7
2334	7
2335	7
2336	7
2337	7
2338	7
2339	7
2340	7
2341	7
2342	7
2343	7
2344	7
2345	7
2346	4
2347	4
2348	4
2349	4
2350	4
2351	4
2352	4
2353	4
2354	4
2355	4
2356	4
2357	4
2358	4
2359	4
2360	4
2361	4
2362	4
2363	4
2364	4
2365	4
2366	12
2367	12
2368	12
2369	12
2370	12
2371	12
2372	12
2373	12
2374	12
2375	12
2376	12
2377	12
2378	12
2379	12
2380	12
2381	12
2382	12
2383	12
2384	12
2385	12
2386	12
2387	12
2388	12
2389	12
2390	12
2391	12
2392	12
2393	12
2394	12
2395	12
2396	12
2397	12
2398	12
2399	12
2400	12
2401	12
2402	12
2403	12
2404	12
2405	12
2406	12
2407	12
2408	12
2409	12
2410	12
2411	12
2412	12
2413	12
2414	12
2415	11
2416	11
2417	11
2418	11
2419	3
2420	3
2421	11
2422	11
2423	11
2424	11
2425	11
2426	11
2427	3
2428	3
2429	3
2430	3
2431	11
2432	11
2433	11
2434	11
2435	11
2436	11
2437	11
2438	11
2439	3
2440	11
2441	11
2442	11
2443	11
2444	11
2445	11
2446	11
2447	11
2448	11
2449	11
2450	11
2451	11
2452	11
2453	11
2454	11
2455	11
2456	11
2457	11
2458	11
2459	11
2460	11
2461	11
2462	11
2463	11
2464	11
2465	11
2466	11
2467	11
2468	11
2469	11
2470	11
2471	11
2472	11
2473	11
2474	11
2475	11
2476	11
2477	11
2478	11
2479	11
2480	11
2481	11
2482	11
2483	11
2484	11
2485	11
2486	11
2487	11
2488	11
2489	11
2490	11
2491	11
2492	11
2493	11
2494	11
2495	11
2496	3
2497	3
2498	11
2499	11
2500	11
2501	11
2502	11
2503	11
2504	11
2505	11
2506	11
2507	11
2508	11
2509	3
2510	3
2511	11
2512	11
2513	11
2514	11
2515	11
2516	11
2517	11
2518	11
2519	11
2520	11
2521	11
2522	11
2523	3
2524	11
2525	3
2526	11
2527	11
2528	11
2529	3
2530	3
2531	3
2532	3
2533	3
2534	3
2535	3
2536	3
2537	3
2538	3
2539	3
2540	3
2541	11
2542	3
2543	11
2544	3
2545	11
2546	11
2547	3
2548	11
2549	11
2550	11
2551	11
2552	3
2553	3
2554	11
2555	11
2556	11
2557	11
2558	11
2559	11
2560	11
2561	11
2562	3
2563	3
2564	11
2565	3
2566	11
2567	11
2568	3
2569	3
2570	3
2571	11
2572	3
2573	11
2574	3
2575	11
2576	11
2577	11
2578	11
2579	11
2580	11
2581	3
2582	11
2583	11
2584	11
2585	11
2586	11
2587	3
2588	3
2589	3
2590	3
2591	3
2592	3
2593	3
2594	11
2595	11
2596	11
2597	11
2598	11
2599	11
2600	11
2601	11
2602	11
2603	11
2604	3
2605	3
2606	10
2607	10
2608	10
2609	10
2610	10
2611	10
2612	10
2613	10
2614	10
2615	10
2616	10
2617	10
2618	10
2619	10
2620	10
2621	10
2622	10
2623	10
2624	10
2625	10
2626	10
2627	10
2628	10
2629	10
2630	10
2631	10
2632	10
2633	10
2634	10
2635	10
2636	10
2637	10
2638	10
2639	10
2640	6
2641	6
2642	13
2643	6
2644	13
2645	6
2646	6
2647	6
2648	6
2649	6
2650	6
2651	6
2652	6
2653	6
2654	6
2655	6
2656	13
2657	6
2658	13
2659	13
2660	13
2661	6
2662	6
2663	13
2664	13
2665	13
2666	6
2667	6
2668	13
2669	13
2670	6
2671	13
2672	6
2673	13
2674	6
2675	6
2676	6
2677	6
2678	6
2679	13
2680	6
2681	13
2682	13
2683	13
2684	13
2685	13
2686	13
2687	13
2688	7
2689	7
2690	7
2691	7
315	1
1657	8
