0	6
1	6
2	6
3	6
4	6
5	6
6	6
7	13
8	13
9	13
10	13
11	13
12	13
13	13
14	13
15	13
16	13
17	13
18	13
19	13
20	2
21	9
22	9
23	9
24	9
25	9
26	9
27	9
28	9
29	1
30	1
31	1
32	1
33	1
34	1
35	1
36	1
37	1
38	1
39	1
40	1
41	1
42	1
43	1
44	1
45	1
46	1
47	1
48	1
49	2
50	2
51	2
52	2
53	3
54	3
55	3
56	3
57	3
58	2
59	2
60	2
61	2
62	2
63	2
64	2
65	3
66	3
67	3
68	3
69	3
70	3
71	9
72	9
73	9
74	9
75	2
76	2
77	2
78	2
79	2
80	2
81	2
82	2
83	5
84	5
85	5
86	5
87	5
88	5
89	5
90	5
91	5
92	5
93	5
94	5
95	5
96	13
97	13
98	13
99	13
100	13
101	13
102	13
103	13
104	13
105	13
106	13
107	13
108	13
109	13
110	13
111	13
112	13
113	13
114	13
115	13
116	13
117	13
118	13
119	13
120	13
121	13
122	13
123	13
124	13
125	13
126	13
127	13
128	13
129	4
130	4
131	4
132	4
133	4
134	4
135	4
136	4
137	4
138	4
139	4
140	4
141	4
142	4
143	4
144	4
145	4
146	4
147	4
148	4
149	4
150	4
151	4
152	4
153	4
154	4
155	4
156	4
157	4
158	4
159	4
160	4
161	4
162	4
163	4
164	4
165	4
166	5
167	5
168	5
169	5
170	5
171	5
172	5
173	5
174	5
175	5
176	5
177	5
178	5
179	5
180	5
181	5
182	5
183	6
184	6
185	6
186	6
187	6
188	6
189	6
190	6
191	6
192	6
193	6
194	6
195	6
196	6
197	6
198	6
199	6
200	6
201	6
202	6
203	6
204	6
205	6
206	6
207	6
208	9
209	9
210	9
211	9
212	9
213	9
214	9
215	9
216	9
217	9
218	9
219	9
220	9
221	9
222	9
223	9
224	9
225	9
226	4
227	4
228	4
229	4
230	4
231	4
232	4
233	4
234	4
235	4
236	9
237	9
238	9
239	9
240	9
241	9
242	9
243	9
244	9
245	9
246	9
247	9
248	6
249	6
250	6
251	6
252	6
253	6
254	6
255	6
256	6
257	6
258	6
259	6
260	6
261	9
262	9
263	9
264	9
265	9
266	7
267	9
268	4
269	4
270	7
271	9
272	9
273	9
274	9
275	9
276	9
277	9
278	4
279	4
280	4
281	4
282	4
283	4
284	4
285	4
286	7
287	4
288	4
289	7
290	4
291	4
292	4
293	4
294	7
295	4
296	7
297	7
298	4
299	4
300	7
301	7
302	6
303	6
304	6
305	6
306	8
307	9
308	8
309	8
310	8
311	8
312	8
313	8
314	8
316	1
317	1
318	1
319	1
320	1
321	1
322	1
323	1
324	1
325	1
326	1
327	1
328	1
329	1
330	1
331	9
332	8
333	8
334	9
335	8
336	8
337	1
338	1
339	1
340	8
341	8
342	8
343	8
344	9
345	8
346	9
347	8
348	8
349	8
350	8
351	9
352	9
353	8
354	9
355	8
356	12
357	12
358	12
359	12
360	12
361	12
362	12
363	12
364	12
365	12
366	12
367	12
368	12
369	8
370	8
371	8
372	8
373	8
374	8
375	8
376	8
377	9
378	9
379	9
380	9
381	9
382	9
383	8
384	8
385	8
386	8
387	8
388	8
389	1
390	1
391	1
392	1
393	1
394	8
395	9
396	8
397	8
398	1
399	1
400	1
401	1
402	1
403	9
404	9
405	9
406	9
407	9
408	4
409	2
410	2
411	2
412	2
413	2
414	2
415	2
416	2
417	2
418	2
419	2
420	2
421	2
422	2
423	2
424	2
425	5
426	5
427	7
428	7
429	5
430	5
431	5
432	5
433	2
434	2
435	2
436	2
437	2
438	2
439	2
440	2
441	2
442	2
443	2
444	2
445	2
446	5
447	5
448	7
449	7
450	7
451	2
452	2
453	2
454	5
455	7
456	5
457	2
458	2
459	2
460	2
461	2
462	2
463	5
464	5
465	5
466	5
467	5
468	5
469	7
470	5
471	7
472	7
473	2
474	2
475	7
476	7
477	4
478	4
479	4
480	4
481	4
482	4
483	4
484	9
485	9
486	4
487	4
488	4
489	7
490	7
491	7
492	7
493	7
494	7
495	4
496	4
497	4
498	9
499	4
500	4
501	4
502	9
503	4
504	4
505	4
506	4
507	9
508	9
509	9
510	9
511	9
512	9
513	9
514	9
515	9
516	9
517	9
518	9
519	9
520	9
521	9
522	13
523	13
524	13
525	13
526	6
527	6
528	13
529	13
530	13
531	13
532	13
533	13
534	13
535	13
536	13
537	13
538	6
539	6
540	6
541	6
542	6
543	6
544	6
545	6
546	6
547	6
548	6
549	6
550	6
551	6
552	6
553	6
554	6
555	6
556	6
557	6
558	6
559	9
560	9
561	9
562	9
563	9
564	9
565	6
566	6
567	6
568	6
569	6
570	10
571	10
572	10
573	10
574	5
575	10
576	10
577	10
578	5
579	10
580	10
581	6
582	6
583	6
584	6
585	6
586	6
587	4
588	4
589	4
590	4
591	4
592	9
593	9
594	4
595	9
596	4
597	4
598	4
599	9
600	9
601	4
602	9
603	6
604	6
605	6
606	6
607	6
608	6
609	6
610	6
611	6
612	6
613	6
614	6
615	6
616	6
617	4
618	9
619	9
620	4
621	4
622	4
623	4
624	4
625	4
626	4
627	4
628	9
629	9
630	9
631	4
632	9
633	4
634	4
635	4
636	4
637	4
638	4
639	6
640	6
641	6
642	6
643	6
644	6
645	6
646	6
647	6
648	6
649	6
650	6
651	6
652	6
653	6
654	6
655	6
656	6
657	7
658	7
659	7
660	7
661	2
662	2
663	2
664	2
665	2
666	2
667	2
668	2
669	2
670	4
671	4
672	4
673	4
674	4
675	4
676	4
677	4
678	4
679	4
680	2
681	2
682	2
683	2
684	2
685	2
686	2
687	2
688	2
689	2
690	2
691	2
692	2
693	2
694	2
695	2
696	2
697	4
698	4
699	4
700	4
701	4
702	4
703	4
704	4
705	4
706	4
707	4
708	4
709	4
710	4
711	4
712	4
713	4
714	2
715	2
716	9
717	9
718	4
719	4
720	4
721	9
722	9
723	9
724	9
725	9
726	9
727	9
728	9
729	9
730	9
731	9
732	1
733	1
734	1
735	1
736	1
737	7
738	7
739	7
740	7
741	7
742	7
743	7
744	7
745	1
746	1
747	1
748	1
749	1
750	1
751	1
752	1
753	1
754	1
755	1
756	1
757	1
758	1
759	1
760	1
761	1
762	1
763	1
764	1
765	1
766	7
767	7
768	7
769	7
770	1
771	1
772	7
773	7
774	7
775	7
776	7
777	7
778	7
779	7
780	7
781	7
782	7
783	7
784	7
785	9
786	7
787	7
788	7
789	7
790	7
791	9
792	9
793	9
794	9
795	9
796	9
797	9
798	9
799	9
800	9
801	7
802	7
803	7
804	7
805	9
806	9
807	9
808	7
809	7
810	7
811	3
812	1
813	3
814	3
815	3
816	3
817	3
818	1
819	3
820	1
821	3
822	3
823	3
824	3
825	3
826	3
827	3
828	3
829	1
830	3
831	3
832	3
833	3
834	3
835	3
836	3
837	3
838	3
839	3
840	3
841	3
842	3
843	3
844	3
845	3
846	3
847	1
848	3
849	3
850	1
851	3
852	3
853	3
854	3
855	3
856	1
857	1
858	6
859	6
860	6
861	6
862	6
863	6
864	6
865	6
866	6
867	6
868	6
869	6
870	6
871	3
872	3
873	3
874	3
875	3
876	3
877	3
878	3
879	3
880	3
881	3
882	3
883	3
884	3
885	3
886	3
887	3
888	3
889	3
890	3
891	3
892	1
893	3
894	3
895	3
896	3
897	3
898	3
899	3
900	3
901	1
902	3
903	3
904	3
905	3
906	3
907	3
908	3
909	3
910	3
911	1
912	1
913	3
914	3
915	3
916	3
917	3
918	3
919	3
920	3
921	3
922	1
923	1
924	3
925	3
926	3
927	3
928	3
929	3
930	1
931	1
932	3
933	1
934	3
935	3
936	3
937	3
938	3
939	3
940	3
941	3
942	1
943	3
944	3
945	1
946	3
947	3
948	3
949	1
950	3
951	3
952	3
953	3
954	3
955	3
956	3
957	3
958	3
959	3
960	3
961	3
962	1
963	3
964	3
965	3
966	3
967	3
968	3
969	3
970	3
971	3
972	3
973	3
974	3
975	1
976	3
977	3
978	3
979	3
980	3
981	3
982	1
983	1
984	1
985	5
986	5
987	5
988	5
989	5
990	5
991	5
992	5
993	5
994	5
995	5
996	5
997	5
998	5
999	5
1000	5
1001	5
1002	5
1003	5
1004	5
1005	5
1006	5
1007	1
1008	1
1009	5
1010	1
1011	1
1012	1
1013	1
1014	1
1015	1
1016	1
1017	13
1018	1
1019	1
1020	1
1021	1
1022	1
1023	1
1024	1
1025	1
1026	1
1027	13
1028	1
1029	1
1030	1
1031	1
1032	1
1033	1
1034	1
1035	1
1036	1
1037	13
1038	1
1039	1
1040	1
1041	1
1042	13
1043	1
1044	1
1045	1
1046	1
1047	1
1048	1
1049	1
1050	1
1051	1
1052	1
1053	1
1054	1
1055	1
1056	13
1057	1
1058	1
1059	1
1060	1
1061	1
1062	1
1063	1
1064	1
1065	13
1066	1
1067	13
1068	1
1069	1
1070	13
1071	1
1072	1
1073	1
1074	1
1075	2
1076	2
1077	2
1078	2
1079	2
1080	2
1081	2
1082	2
1083	2
1084	2
1085	2
1086	2
1087	7
1088	7
1089	7
1090	7
1091	7
1092	7
1093	7
1094	9
1095	9
1096	9
1097	9
1098	9
1099	9
1100	9
1101	9
1102	9
1103	9
1104	9
1105	9
1106	9
1107	8
1108	8
1109	8
1110	8
1111	8
1112	8
1113	8
1114	8
1115	8
1116	8
1117	8
1118	8
1119	8
1120	8
1121	8
1122	8
1123	8
1124	8
1125	8
1126	8
1127	8
1128	8
1129	8
1130	8
1131	8
1132	8
1133	8
1134	8
1135	8
1136	3
1137	3
1138	3
1139	3
1140	8
1141	8
1142	8
1143	8
1144	8
1145	8
1146	8
1147	8
1148	8
1149	8
1150	8
1151	8
1152	8
1153	8
1154	9
1155	9
1156	9
1157	9
1158	9
1159	9
1160	9
1161	9
1162	9
1163	9
1164	9
1165	9
1166	9
1167	9
1168	9
1169	1
1170	13
1171	1
1172	1
1173	1
1174	1
1175	13
1176	1
1177	1
1178	1
1179	1
1180	1
1181	1
1182	1
1183	1
1184	13
1185	1
1186	1
1187	1
1188	1
1189	1
1190	13
1191	1
1192	1
1193	1
1194	1
1195	1
1196	13
1197	1
1198	13
1199	1
1200	13
1201	13
1202	13
1203	13
1204	13
1205	13
1206	13
1207	13
1208	13
1209	13
1210	13
1211	13
1212	13
1213	13
1214	13
1215	13
1216	13
1217	13
1218	13
1219	13
1220	13
1221	13
1222	13
1223	13
1224	13
1225	13
1226	13
1227	13
1228	13
1229	13
1230	13
1231	13
1232	13
1233	13
1234	13
1235	13
1236	13
1237	13
1238	13
1239	13
1240	4
1241	4
1242	4
1243	4
1244	4
1245	4
1246	4
1247	4
1248	4
1249	4
1250	4
1251	4
1252	4
1253	2
1254	1
1255	2
1256	1
1257	2
1258	4
1259	4
1260	4
1261	4
1262	4
1263	4
1264	1
1265	1
1266	2
1267	2
1268	1
1269	2
1270	2
1271	2
1272	2
1273	2
1274	1
1275	2
1276	2
1277	2
1278	9
1279	9
1280	9
1281	4
1282	4
1283	4
1284	2
1285	1
1286	2
1287	2
1288	9
1289	9
1290	9
1291	9
1292	9
1293	9
1294	9
1295	9
1296	9
1297	9
1298	9
1299	9
1300	9
1301	9
1302	9
1303	2
1304	2
1305	2
1306	2
1307	2
1308	2
1309	2
1310	2
1311	2
1312	2
1313	2
1314	3
1315	3
1316	3
1317	3
1318	3
1319	3
1320	3
1321	3
1322	3
1323	3
1324	3
1325	3
1326	3
1327	3
1328	3
1329	3
1330	3
1331	3
1332	3
1333	3
1334	3
1335	3
1336	3
1337	3
1338	3
1339	3
1340	3
1341	3
1342	3
1343	3
1344	3
1345	3
1346	2
1347	2
1348	2
1349	2
1350	2
1351	2
1352	2
1353	2
1354	2
1355	2
1356	2
1357	2
1358	2
1359	2
1360	2
1361	2
1362	2
1363	12
1364	12
1365	12
1366	12
1367	12
1368	12
1369	12
1370	12
1371	12
1372	12
1373	12
1374	12
1375	12
1376	12
1377	12
1378	12
1379	12
1380	12
1381	9
1382	9
1383	9
1384	9
1385	9
1386	9
1387	9
1388	9
1389	9
1390	9
1391	9
1392	9
1393	9
1394	9
1395	9
1396	9
1397	2
1398	2
1399	2
1400	2
1401	2
1402	2
1403	2
1404	2
1405	2
1406	2
1407	2
1408	2
1409	2
1410	2
1411	2
1412	2
1413	2
1414	2
1415	2
1416	2
1417	2
1418	2
1419	2
1420	2
1421	2
1422	2
1423	2
1424	2
1425	2
1426	2
1427	2
1428	10
1429	10
1430	10
1431	10
1432	10
1433	10
1434	10
1435	10
1436	10
1437	10
1438	10
1439	10
1440	10
1441	13
1442	13
1443	13
1444	13
1445	13
1446	13
1447	13
1448	13
1449	13
1450	13
1451	13
1452	13
1453	13
1454	13
1455	10
1456	10
1457	10
1458	10
1459	10
1460	10
1461	10
1462	10
1463	10
1464	10
1465	4
1466	4
1467	4
1468	4
1469	4
1470	4
1471	4
1472	4
1473	4
1474	4
1475	4
1476	4
1477	4
1478	4
1479	4
1480	4
1481	4
1482	4
1483	4
1484	4
1485	4
1486	4
1487	4
1488	4
1489	1
1490	1
1491	1
1492	1
1493	1
1494	1
1495	1
1496	1
1497	1
1498	1
1499	1
1500	1
1501	6
1502	6
1503	6
1504	6
1505	6
1506	6
1507	6
1508	6
1509	6
1510	6
1511	6
1512	6
1513	6
1514	6
1515	6
1516	6
1517	6
1518	6
1519	6
1520	6
1521	6
1522	6
1523	6
1524	6
1525	6
1526	6
1527	6
1528	6
1529	7
1530	7
1531	7
1532	7
1533	7
1534	7
1535	7
1536	7
1537	7
1538	7
1539	7
1540	7
1541	7
1542	7
1543	7
1544	7
1545	7
1546	7
1547	7
1548	7
1549	7
1550	7
1551	7
1552	5
1553	13
1554	13
1555	13
1556	13
1557	13
1558	13
1559	13
1560	13
1561	13
1562	13
1563	13
1564	13
1565	13
1566	13
1567	13
1568	13
1569	13
1570	13
1571	13
1572	13
1573	13
1574	13
1575	13
1576	1
1577	1
1578	1
1579	1
1580	1
1581	1
1582	1
1583	1
1584	1
1585	1
1586	1
1587	1
1588	1
1589	1
1590	1
1591	1
1592	1
1593	2
1594	2
1595	2
1596	2
1597	2
1598	2
1599	2
1600	2
1601	2
1602	5
1603	5
1604	5
1605	5
1606	5
1607	5
1608	5
1609	5
1610	5
1611	5
1612	5
1613	5
1614	5
1615	5
1616	5
1617	5
1618	9
1619	9
1620	9
1621	9
1622	9
1623	9
1624	9
1625	9
1626	9
1627	9
1628	9
1629	13
1630	13
1631	13
1632	13
1633	13
1634	13
1635	13
1636	13
1637	13
1638	13
1639	13
1640	13
1641	13
1642	13
1643	13
1644	9
1645	9
1646	9
1647	9
1648	9
1649	13
1650	13
1651	13
1652	13
1653	13
1654	13
1655	13
1656	13
1658	13
1659	13
1660	13
1661	13
1662	13
1663	13
1664	13
1665	13
1666	13
1667	13
1668	13
1669	13
1670	13
1671	13
1672	13
1673	9
1674	13
1675	13
1676	13
1677	9
1678	4
1679	4
1680	7
1681	7
1682	4
1683	4
1684	4
1685	1
1686	1
1687	1
1688	1
1689	1
1690	1
1691	1
1692	1
1693	1
1694	1
1695	1
1696	1
1697	1
1698	1
1699	1
1700	1
1701	2
1702	2
1703	11
1704	11
1705	13
1706	13
1707	13
1708	13
1709	2
1710	13
1711	13
1712	13
1713	9
1714	9
1715	9
1716	9
1717	9
1718	9
1719	9
1720	9
1721	9
1722	9
1723	9
1724	9
1725	13
1726	13
1727	13
1728	9
1729	2
1730	13
1731	13
1732	13
1733	13
1734	13
1735	13
1736	2
1737	2
1738	2
1739	2
1740	2
1741	13
1742	6
1743	11
1744	11
1745	6
1746	6
1747	11
1748	6
1749	11
1750	11
1751	6
1752	6
1753	6
1754	11
1755	6
1756	11
1757	9
1758	9
1759	9
1760	9
1761	6
1762	11
1763	11
1764	11
1765	11
1766	6
1767	11
1768	6
1769	6
1770	6
1771	6
1772	11
1773	6
1774	9
1775	9
1776	9
1777	9
1778	9
1779	9
1780	9
1781	9
1782	9
1783	9
1784	9
1785	9
1786	9
1787	11
1788	6
1789	6
1790	6
1791	11
1792	6
1793	6
1794	11
1795	9
1796	9
1797	9
1798	9
1799	6
1800	6
1801	6
1802	6
1803	6
1804	11
1805	11
1806	11
1807	6
1808	6
1809	10
1810	10
1811	10
1812	10
1813	10
1814	10
1815	10
1816	10
1817	10
1818	11
1819	10
1820	10
1821	10
1822	10
1823	10
1824	10
1825	10
1826	10
1827	10
1828	10
1829	10
1830	9
1831	9
1832	9
1833	9
1834	9
1835	10
1836	10
1837	9
1838	10
1839	10
1840	12
1841	12
1842	12
1843	12
1844	12
1845	10
1846	10
1847	10
1848	10
1849	11
1850	10
1851	10
1852	10
1853	10
1854	11
1855	10
1856	10
1857	9
1858	9
1859	9
1860	9
1861	9
1862	9
1863	10
1864	10
1865	10
1866	10
1867	10
1868	10
1869	10
1870	10
1871	10
1872	7
1873	7
1874	7
1875	7
1876	7
1877	7
1878	7
1879	7
1880	7
1881	7
1882	7
1883	7
1884	7
1885	7
1886	7
1887	7
1888	7
1889	7
1890	7
1891	7
1892	7
1893	7
1894	7
1895	2
1896	6
1897	6
1898	3
1899	3
1900	3
1901	3
1902	3
1903	3
1904	2
1905	2
1906	2
1907	2
1908	2
1909	6
1910	2
1911	2
1912	2
1913	2
1914	2
1915	2
1916	3
1917	3
1918	3
1919	3
1920	3
1921	3
1922	3
1923	3
1924	6
1925	6
1926	2
1927	2
1928	6
1929	2
1930	6
1931	2
1932	2
1933	2
1934	2
1935	2
1936	2
1937	6
1938	2
1939	2
1940	6
1941	6
1942	2
1943	2
1944	2
1945	2
1946	2
1947	2
1948	2
1949	2
1950	2
1951	6
1952	6
1953	2
1954	2
1955	2
1956	2
1957	6
1958	2
1959	6
1960	2
1961	2
1962	6
1963	2
1964	6
1965	6
1966	2
1967	2
1968	2
1969	2
1970	2
1971	2
1972	6
1973	2
1974	6
1975	2
1976	5
1977	5
1978	5
1979	5
1980	5
1981	5
1982	5
1983	5
1984	5
1985	5
1986	5
1987	5
1988	5
1989	5
1990	5
1991	5
1992	5
1993	5
1994	5
1995	5
1996	5
1997	5
1998	5
1999	5
2000	5
2001	5
2002	5
2003	5
2004	5
2005	5
2006	5
2007	5
2008	5
2009	5
2010	5
2011	5
2012	5
2013	5
2014	5
2015	5
2016	5
2017	7
2018	7
2019	7
2020	7
2021	7
2022	7
2023	7
2024	7
2025	7
2026	7
2027	7
2028	7
2029	7
2030	7
2031	7
2032	7
2033	7
2034	7
2035	7
2036	7
2037	7
2038	9
2039	9
2040	9
2041	9
2042	9
2043	7
2044	7
2045	7
2046	7
2047	7
2048	9
2049	9
2050	7
2051	7
2052	7
2053	7
2054	7
2055	7
2056	7
2057	7
2058	5
2059	5
2060	5
2061	5
2062	5
2063	5
2064	5
2065	5
2066	5
2067	5
2068	4
2069	4
2070	4
2071	4
2072	4
2073	9
2074	4
2075	4
2076	4
2077	9
2078	9
2079	4
2080	9
2081	4
2082	4
2083	4
2084	4
2085	4
2086	4
2087	4
2088	4
2089	1
2090	1
2091	1
2092	1
2093	1
2094	1
2095	1
2096	6
2097	6
2098	6
2099	6
2100	6
2101	6
2102	6
2103	6
2104	6
2105	6
2106	6
2107	6
2108	6
2109	6
2110	6
2111	6
2112	6
2113	10
2114	11
2115	11
2116	11
2117	11
2118	10
2119	10
2120	11
2121	11
2122	10
2123	10
2124	7
2125	11
2126	11
2127	11
2128	11
2129	11
2130	10
2131	10
2132	11
2133	10
2134	11
2135	11
2136	10
2137	10
2138	10
2139	10
2140	10
2141	11
2142	10
2143	10
2144	10
2145	11
2146	10
2147	10
2148	11
2149	10
2150	11
2151	11
2152	11
2153	11
2154	10
2155	10
2156	10
2157	10
2158	11
2159	10
2160	11
2161	11
2162	11
2163	11
2164	11
2165	11
2166	11
2167	10
2168	10
2169	11
2170	11
2171	10
2172	11
2173	11
2174	10
2175	10
2176	10
2177	10
2178	11
2179	11
2180	11
2181	11
2182	11
2183	11
2184	11
2185	11
2186	11
2187	11
2188	10
2189	11
2190	11
2191	11
2192	11
2193	11
2194	10
2195	10
2196	10
2197	10
2198	11
2199	10
2200	11
2201	10
2202	10
2203	10
2204	11
2205	11
2206	11
2207	11
2208	11
2209	11
2210	11
2211	10
2212	10
2213	11
2214	11
2215	10
2216	10
2217	11
2218	11
2219	11
2220	11
2221	11
2222	10
2223	10
2224	11
2225	11
2226	11
2227	11
2228	10
2229	10
2230	11
2231	11
2232	11
2233	10
2234	10
2235	11
2236	10
2237	10
2238	10
2239	11
2240	11
2241	10
2242	10
2243	10
2244	10
2245	10
2246	11
2247	11
2248	11
2249	11
2250	11
2251	11
2252	11
2253	10
2254	10
2255	10
2256	11
2257	11
2258	11
2259	11
2260	11
2261	11
2262	11
2263	11
2264	11
2265	11
2266	10
2267	11
2268	11
2269	10
2270	10
2271	11
2272	11
2273	10
2274	11
2275	11
2276	11
2277	10
2278	11
2279	10
2280	11
2281	11
2282	10
2283	10
2284	7
2285	7
2286	10
2287	10
2288	11
2289	11
2290	11
2291	11
2292	11
2293	11
2294	11
2295	11
2296	11
2297	10
2298	10
2299	10
2300	10
2301	11
2302	10
2303	10
2304	10
2305	11
2306	11
2307	11
2308	11
2309	7
2310	7
2311	7
2312	3
2313	3
2314	3
2315	3
2316	3
2317	3
2318	3
2319	3
2320	3
2321	3
2322	3
2323	3
2324	3
2325	3
2326	3
2327	3
2328	3
2329	3
2330	6
2331	6
2332	6
2333	6
2334	6
2335	6
2336	6
2337	6
2338	6
2339	6
2340	6
2341	6
2342	6
2343	6
2344	6
2345	6
2346	1
2347	1
2348	1
2349	1
2350	1
2351	1
2352	1
2353	1
2354	1
2355	1
2356	1
2357	1
2358	1
2359	1
2360	1
2361	1
2362	1
2363	1
2364	1
2365	1
2366	10
2367	10
2368	10
2369	10
2370	10
2371	10
2372	10
2373	10
2374	10
2375	10
2376	10
2377	10
2378	10
2379	10
2380	10
2381	10
2382	10
2383	10
2384	10
2385	10
2386	10
2387	10
2388	10
2389	10
2390	10
2391	10
2392	10
2393	10
2394	10
2395	10
2396	10
2397	10
2398	10
2399	10
2400	10
2401	10
2402	10
2403	10
2404	10
2405	10
2406	10
2407	10
2408	10
2409	10
2410	10
2411	10
2412	10
2413	10
2414	10
2415	8
2416	8
2417	8
2418	8
2419	12
2420	12
2421	8
2422	8
2423	8
2424	8
2425	8
2426	8
2427	12
2428	12
2429	12
2430	12
2431	8
2432	8
2433	8
2434	8
2435	8
2436	8
2437	8
2438	12
2439	12
2440	8
2441	8
2442	8
2443	8
2444	8
2445	8
2446	8
2447	8
2448	8
2449	12
2450	12
2451	12
2452	12
2453	12
2454	8
2455	8
2456	8
2457	8
2458	8
2459	8
2460	8
2461	8
2462	8
2463	12
2464	8
2465	8
2466	8
2467	8
2468	8
2469	8
2470	8
2471	12
2472	8
2473	8
2474	8
2475	8
2476	12
2477	8
2478	8
2479	12
2480	8
2481	8
2482	8
2483	8
2484	8
2485	12
2486	12
2487	12
2488	12
2489	12
2490	12
2491	12
2492	12
2493	12
2494	12
2495	12
2496	12
2497	12
2498	12
2499	8
2500	8
2501	12
2502	8
2503	8
2504	8
2505	8
2506	8
2507	8
2508	12
2509	12
2510	12
2511	8
2512	8
2513	12
2514	8
2515	8
2516	12
2517	8
2518	12
2519	12
2520	8
2521	12
2522	8
2523	12
2524	8
2525	12
2526	8
2527	8
2528	8
2529	12
2530	12
2531	12
2532	12
2533	12
2534	12
2535	12
2536	12
2537	12
2538	12
2539	12
2540	12
2541	12
2542	12
2543	8
2544	12
2545	12
2546	12
2547	8
2548	8
2549	8
2550	8
2551	12
2552	12
2553	12
2554	12
2555	12
2556	12
2557	12
2558	8
2559	8
2560	8
2561	8
2562	12
2563	12
2564	8
2565	12
2566	8
2567	8
2568	12
2569	12
2570	12
2571	8
2572	8
2573	8
2574	12
2575	12
2576	12
2577	12
2578	12
2579	12
2580	12
2581	12
2582	8
2583	12
2584	12
2585	8
2586	8
2587	12
2588	12
2589	12
2590	12
2591	12
2592	12
2593	12
2594	8
2595	8
2596	8
2597	8
2598	8
2599	8
2600	8
2601	8
2602	8
2603	8
2604	12
2605	12
2606	7
2607	7
2608	7
2609	7
2610	7
2611	7
2612	7
2613	7
2614	7
2615	7
2616	7
2617	7
2618	7
2619	7
2620	7
2621	7
2622	7
2623	7
2624	7
2625	7
2626	7
2627	7
2628	7
2629	7
2630	7
2631	7
2632	7
2633	7
2634	7
2635	7
2636	7
2637	7
2638	7
2639	7
2640	5
2641	5
2642	5
2643	5
2644	5
2645	5
2646	5
2647	5
2648	5
2649	5
2650	5
2651	5
2652	5
2653	5
2654	5
2655	5
2656	5
2657	5
2658	5
2659	5
2660	5
2661	5
2662	5
2663	5
2664	5
2665	5
2666	5
2667	5
2668	5
2669	5
2670	5
2671	5
2672	5
2673	5
2674	5
2675	5
2676	5
2677	5
2678	5
2679	5
2680	5
2681	5
2682	5
2683	5
2684	5
2685	5
2686	5
2687	5
2688	6
2689	6
2690	6
2691	6
315	1
1657	13
