0	13
1	13
2	13
3	13
4	13
5	13
6	13
7	11
8	11
9	1
10	1
11	11
12	11
13	11
14	11
15	11
16	1
17	11
18	1
19	1
20	1
21	2
22	2
23	2
24	2
25	2
26	2
27	2
28	2
29	13
30	13
31	13
32	13
33	13
34	13
35	13
36	13
37	13
38	13
39	13
40	13
41	13
42	13
43	13
44	13
45	13
46	13
47	13
48	13
49	13
50	13
51	13
52	13
53	6
54	6
55	6
56	6
57	6
58	13
59	13
60	13
61	13
62	13
63	13
64	13
65	6
66	6
67	6
68	6
69	6
70	6
71	2
72	2
73	2
74	2
75	13
76	13
77	13
78	13
79	13
80	13
81	13
82	13
83	9
84	9
85	9
86	9
87	9
88	9
89	9
90	9
91	9
92	9
93	9
94	9
95	9
96	1
97	11
98	1
99	11
100	11
101	11
102	11
103	11
104	11
105	1
106	11
107	1
108	1
109	11
110	11
111	11
112	11
113	11
114	11
115	11
116	11
117	11
118	11
119	11
120	11
121	11
122	11
123	11
124	11
125	11
126	11
127	11
128	11
129	3
130	7
131	7
132	7
133	3
134	7
135	7
136	7
137	7
138	7
139	7
140	7
141	7
142	7
143	7
144	7
145	3
146	7
147	3
148	3
149	3
150	3
151	3
152	3
153	3
154	7
155	7
156	7
157	7
158	7
159	7
160	7
161	7
162	7
163	3
164	3
165	7
166	9
167	9
168	9
169	3
170	9
171	9
172	9
173	9
174	3
175	3
176	3
177	9
178	3
179	9
180	9
181	3
182	3
183	8
184	8
185	8
186	8
187	8
188	8
189	8
190	8
191	8
192	8
193	8
194	8
195	8
196	8
197	8
198	8
199	8
200	8
201	8
202	8
203	8
204	8
205	8
206	8
207	8
208	2
209	2
210	2
211	2
212	2
213	2
214	2
215	2
216	2
217	2
218	2
219	2
220	2
221	2
222	2
223	2
224	2
225	2
226	10
227	10
228	10
229	10
230	10
231	10
232	10
233	10
234	10
235	10
236	2
237	2
238	2
239	2
240	2
241	2
242	2
243	2
244	2
245	2
246	2
247	2
248	8
249	8
250	8
251	8
252	8
253	8
254	8
255	8
256	8
257	8
258	8
259	8
260	8
261	10
262	10
263	10
264	10
265	10
266	10
267	10
268	10
269	10
270	10
271	10
272	10
273	10
274	10
275	10
276	10
277	10
278	10
279	10
280	10
281	10
282	10
283	10
284	10
285	10
286	10
287	10
288	10
289	10
290	10
291	10
292	10
293	10
294	10
295	10
296	10
297	10
298	10
299	10
300	10
301	10
302	8
303	8
304	8
305	8
306	4
307	4
308	2
309	4
310	4
311	4
312	4
313	4
314	4
316	1
317	1
318	1
319	1
320	1
321	1
322	1
323	1
324	1
325	1
326	1
327	1
328	1
329	1
330	1
331	2
332	2
333	2
334	4
335	4
336	4
337	1
338	1
339	1
340	2
341	2
342	4
343	4
344	2
345	4
346	2
347	4
348	2
349	4
350	4
351	2
352	2
353	4
354	4
355	4
356	3
357	3
358	3
359	3
360	3
361	3
362	3
363	3
364	3
365	3
366	3
367	3
368	3
369	4
370	4
371	4
372	4
373	4
374	4
375	4
376	4
377	4
378	4
379	4
380	4
381	2
382	2
383	4
384	4
385	4
386	4
387	4
388	4
389	1
390	1
391	1
392	1
393	1
394	4
395	4
396	2
397	4
398	1
399	1
400	1
401	1
402	1
403	2
404	2
405	2
406	2
407	2
408	2
409	1
410	13
411	13
412	13
413	13
414	13
415	13
416	13
417	13
418	13
419	13
420	13
421	13
422	13
423	13
424	13
425	9
426	9
427	9
428	9
429	9
430	9
431	9
432	9
433	13
434	13
435	13
436	13
437	13
438	13
439	13
440	13
441	13
442	13
443	13
444	13
445	1
446	9
447	9
448	9
449	9
450	9
451	13
452	1
453	13
454	9
455	9
456	9
457	13
458	1
459	13
460	1
461	13
462	13
463	9
464	9
465	9
466	9
467	9
468	9
469	9
470	9
471	9
472	9
473	13
474	1
475	10
476	10
477	3
478	3
479	3
480	3
481	3
482	3
483	3
484	2
485	2
486	3
487	3
488	3
489	10
490	10
491	10
492	10
493	10
494	10
495	3
496	3
497	3
498	2
499	3
500	3
501	3
502	2
503	3
504	3
505	3
506	2
507	2
508	2
509	2
510	2
511	2
512	2
513	2
514	2
515	2
516	2
517	2
518	2
519	2
520	2
521	2
522	11
523	11
524	11
525	11
526	8
527	8
528	11
529	11
530	11
531	11
532	11
533	11
534	11
535	11
536	11
537	11
538	8
539	8
540	8
541	8
542	8
543	8
544	8
545	8
546	8
547	8
548	8
549	8
550	8
551	8
552	8
553	8
554	8
555	8
556	8
557	8
558	8
559	2
560	2
561	2
562	2
563	2
564	2
565	8
566	8
567	8
568	8
569	8
570	11
571	11
572	11
573	11
574	11
575	11
576	11
577	11
578	11
579	11
580	11
581	8
582	8
583	8
584	8
585	8
586	8
587	2
588	10
589	10
590	10
591	10
592	2
593	2
594	10
595	2
596	10
597	2
598	10
599	2
600	2
601	2
602	2
603	8
604	8
605	8
606	8
607	8
608	8
609	8
610	8
611	8
612	8
613	8
614	8
615	8
616	8
617	10
618	2
619	10
620	10
621	10
622	10
623	10
624	10
625	10
626	10
627	10
628	2
629	2
630	2
631	2
632	10
633	10
634	10
635	10
636	10
637	10
638	10
639	8
640	8
641	8
642	8
643	8
644	8
645	8
646	8
647	8
648	8
649	8
650	8
651	8
652	8
653	8
654	8
655	8
656	8
657	3
658	3
659	3
660	3
661	13
662	13
663	1
664	1
665	1
666	1
667	1
668	1
669	1
670	3
671	3
672	3
673	3
674	3
675	3
676	3
677	3
678	3
679	3
680	1
681	1
682	1
683	13
684	1
685	13
686	13
687	1
688	13
689	13
690	13
691	13
692	13
693	13
694	1
695	13
696	13
697	3
698	3
699	3
700	3
701	3
702	3
703	3
704	3
705	3
706	3
707	3
708	3
709	3
710	3
711	3
712	3
713	3
714	1
715	1
716	10
717	10
718	3
719	3
720	3
721	10
722	10
723	10
724	10
725	10
726	10
727	10
728	10
729	10
730	10
731	10
732	13
733	13
734	13
735	13
736	13
737	3
738	9
739	9
740	3
741	9
742	9
743	3
744	3
745	13
746	13
747	13
748	13
749	13
750	13
751	13
752	13
753	13
754	13
755	13
756	13
757	13
758	13
759	13
760	13
761	13
762	13
763	13
764	13
765	13
766	3
767	9
768	3
769	9
770	13
771	13
772	3
773	3
774	3
775	9
776	3
777	3
778	3
779	3
780	3
781	3
782	3
783	3
784	9
785	2
786	3
787	3
788	3
789	3
790	3
791	2
792	2
793	2
794	2
795	2
796	2
797	2
798	2
799	2
800	2
801	3
802	3
803	3
804	3
805	2
806	2
807	2
808	3
809	3
810	3
811	6
812	11
813	6
814	6
815	6
816	6
817	6
818	11
819	6
820	11
821	6
822	6
823	6
824	6
825	6
826	6
827	6
828	6
829	11
830	6
831	6
832	6
833	6
834	6
835	6
836	6
837	6
838	6
839	6
840	6
841	6
842	6
843	6
844	6
845	6
846	6
847	11
848	6
849	6
850	11
851	11
852	6
853	6
854	6
855	6
856	11
857	11
858	8
859	8
860	8
861	8
862	8
863	8
864	8
865	8
866	8
867	8
868	8
869	8
870	8
871	6
872	6
873	6
874	6
875	6
876	6
877	6
878	6
879	6
880	6
881	6
882	6
883	6
884	6
885	6
886	6
887	6
888	6
889	6
890	6
891	6
892	11
893	6
894	6
895	6
896	6
897	6
898	6
899	11
900	11
901	11
902	6
903	6
904	6
905	6
906	6
907	6
908	6
909	6
910	11
911	11
912	11
913	11
914	6
915	6
916	6
917	6
918	6
919	6
920	6
921	6
922	11
923	11
924	6
925	6
926	6
927	6
928	6
929	6
930	11
931	11
932	6
933	11
934	6
935	6
936	6
937	6
938	6
939	6
940	6
941	6
942	11
943	11
944	11
945	11
946	6
947	6
948	6
949	11
950	6
951	6
952	6
953	6
954	11
955	11
956	11
957	6
958	6
959	6
960	6
961	6
962	11
963	6
964	6
965	6
966	6
967	6
968	6
969	6
970	6
971	6
972	6
973	6
974	6
975	11
976	6
977	6
978	6
979	6
980	6
981	6
982	1
983	1
984	1
985	3
986	3
987	3
988	3
989	3
990	3
991	3
992	3
993	3
994	3
995	3
996	3
997	3
998	3
999	3
1000	3
1001	3
1002	3
1003	3
1004	3
1005	3
1006	3
1007	1
1008	11
1009	3
1010	11
1011	1
1012	11
1013	1
1014	1
1015	1
1016	1
1017	11
1018	11
1019	1
1020	1
1021	1
1022	1
1023	1
1024	1
1025	1
1026	1
1027	11
1028	1
1029	1
1030	1
1031	1
1032	1
1033	1
1034	1
1035	1
1036	1
1037	1
1038	1
1039	1
1040	1
1041	1
1042	11
1043	1
1044	1
1045	1
1046	1
1047	1
1048	1
1049	1
1050	1
1051	11
1052	1
1053	1
1054	1
1055	1
1056	1
1057	1
1058	1
1059	1
1060	1
1061	1
1062	1
1063	1
1064	1
1065	1
1066	1
1067	1
1068	1
1069	1
1070	1
1071	1
1072	1
1073	1
1074	1
1075	8
1076	8
1077	8
1078	8
1079	8
1080	8
1081	8
1082	8
1083	8
1084	8
1085	8
1086	8
1087	10
1088	10
1089	10
1090	10
1091	10
1092	10
1093	10
1094	2
1095	2
1096	2
1097	2
1098	2
1099	2
1100	2
1101	2
1102	2
1103	2
1104	2
1105	2
1106	2
1107	4
1108	4
1109	4
1110	4
1111	4
1112	4
1113	4
1114	6
1115	4
1116	6
1117	4
1118	6
1119	4
1120	4
1121	4
1122	6
1123	4
1124	6
1125	6
1126	4
1127	4
1128	4
1129	4
1130	4
1131	6
1132	6
1133	6
1134	4
1135	4
1136	6
1137	6
1138	6
1139	6
1140	4
1141	4
1142	4
1143	4
1144	4
1145	4
1146	6
1147	6
1148	4
1149	4
1150	4
1151	4
1152	4
1153	4
1154	2
1155	2
1156	2
1157	2
1158	2
1159	2
1160	2
1161	2
1162	2
1163	2
1164	2
1165	2
1166	2
1167	2
1168	2
1169	1
1170	1
1171	11
1172	1
1173	1
1174	1
1175	1
1176	1
1177	1
1178	1
1179	1
1180	11
1181	1
1182	1
1183	1
1184	11
1185	1
1186	1
1187	1
1188	1
1189	1
1190	11
1191	1
1192	11
1193	1
1194	11
1195	1
1196	1
1197	1
1198	1
1199	1
1200	11
1201	11
1202	11
1203	11
1204	11
1205	11
1206	11
1207	11
1208	11
1209	11
1210	11
1211	11
1212	11
1213	11
1214	11
1215	11
1216	11
1217	11
1218	11
1219	11
1220	11
1221	11
1222	11
1223	11
1224	11
1225	11
1226	11
1227	11
1228	11
1229	11
1230	11
1231	11
1232	11
1233	11
1234	11
1235	11
1236	11
1237	11
1238	11
1239	11
1240	10
1241	10
1242	10
1243	10
1244	10
1245	10
1246	10
1247	10
1248	10
1249	10
1250	10
1251	10
1252	10
1253	13
1254	13
1255	13
1256	13
1257	13
1258	10
1259	10
1260	10
1261	10
1262	10
1263	10
1264	13
1265	13
1266	13
1267	13
1268	13
1269	13
1270	13
1271	13
1272	13
1273	13
1274	13
1275	13
1276	13
1277	13
1278	2
1279	2
1280	2
1281	10
1282	10
1283	10
1284	13
1285	13
1286	13
1287	13
1288	7
1289	2
1290	2
1291	2
1292	2
1293	2
1294	7
1295	2
1296	2
1297	2
1298	2
1299	7
1300	2
1301	2
1302	7
1303	8
1304	8
1305	8
1306	8
1307	8
1308	8
1309	8
1310	8
1311	8
1312	8
1313	8
1314	6
1315	6
1316	6
1317	6
1318	6
1319	6
1320	6
1321	6
1322	6
1323	6
1324	6
1325	6
1326	6
1327	6
1328	6
1329	6
1330	6
1331	6
1332	6
1333	6
1334	6
1335	6
1336	6
1337	6
1338	6
1339	6
1340	6
1341	6
1342	6
1343	6
1344	6
1345	6
1346	8
1347	8
1348	8
1349	8
1350	8
1351	8
1352	8
1353	8
1354	8
1355	8
1356	8
1357	8
1358	8
1359	8
1360	8
1361	8
1362	8
1363	4
1364	4
1365	4
1366	4
1367	4
1368	4
1369	4
1370	4
1371	4
1372	4
1373	4
1374	4
1375	4
1376	4
1377	4
1378	4
1379	4
1380	4
1381	2
1382	2
1383	2
1384	2
1385	2
1386	2
1387	2
1388	2
1389	2
1390	2
1391	2
1392	2
1393	2
1394	2
1395	2
1396	2
1397	13
1398	8
1399	8
1400	8
1401	8
1402	8
1403	8
1404	13
1405	8
1406	8
1407	8
1408	8
1409	8
1410	13
1411	8
1412	8
1413	8
1414	8
1415	8
1416	8
1417	13
1418	13
1419	8
1420	13
1421	8
1422	13
1423	8
1424	8
1425	13
1426	13
1427	8
1428	11
1429	11
1430	11
1431	12
1432	11
1433	11
1434	11
1435	11
1436	11
1437	11
1438	11
1439	11
1440	12
1441	1
1442	1
1443	1
1444	1
1445	1
1446	1
1447	1
1448	1
1449	1
1450	1
1451	1
1452	1
1453	1
1454	1
1455	11
1456	11
1457	11
1458	11
1459	11
1460	12
1461	11
1462	11
1463	11
1464	12
1465	2
1466	2
1467	2
1468	2
1469	2
1470	2
1471	2
1472	2
1473	2
1474	2
1475	2
1476	2
1477	2
1478	2
1479	2
1480	2
1481	2
1482	2
1483	2
1484	2
1485	2
1486	2
1487	2
1488	2
1489	1
1490	1
1491	1
1492	1
1493	1
1494	1
1495	1
1496	1
1497	1
1498	1
1499	1
1500	1
1501	13
1502	13
1503	13
1504	13
1505	13
1506	13
1507	13
1508	13
1509	13
1510	13
1511	13
1512	13
1513	13
1514	13
1515	13
1516	13
1517	13
1518	13
1519	13
1520	13
1521	13
1522	13
1523	13
1524	13
1525	13
1526	13
1527	13
1528	13
1529	9
1530	9
1531	9
1532	9
1533	9
1534	9
1535	9
1536	9
1537	9
1538	9
1539	9
1540	9
1541	9
1542	9
1543	9
1544	9
1545	9
1546	9
1547	9
1548	9
1549	9
1550	9
1551	9
1552	3
1553	3
1554	3
1555	3
1556	11
1557	3
1558	3
1559	3
1560	3
1561	3
1562	3
1563	3
1564	3
1565	3
1566	3
1567	11
1568	3
1569	3
1570	3
1571	3
1572	3
1573	3
1574	3
1575	3
1576	13
1577	13
1578	13
1579	13
1580	13
1581	13
1582	13
1583	13
1584	13
1585	13
1586	13
1587	13
1588	13
1589	13
1590	13
1591	13
1592	13
1593	8
1594	8
1595	8
1596	8
1597	8
1598	8
1599	8
1600	8
1601	8
1602	11
1603	11
1604	11
1605	11
1606	11
1607	11
1608	11
1609	11
1610	11
1611	11
1612	11
1613	11
1614	11
1615	11
1616	11
1617	11
1618	2
1619	2
1620	2
1621	2
1622	2
1623	2
1624	2
1625	2
1626	2
1627	2
1628	2
1629	11
1630	11
1631	11
1632	11
1633	11
1634	11
1635	11
1636	11
1637	11
1638	11
1639	11
1640	11
1641	11
1642	11
1643	11
1644	2
1645	2
1646	2
1647	2
1648	2
1649	11
1650	11
1651	11
1652	11
1653	11
1654	11
1655	11
1656	11
1658	11
1659	11
1660	11
1661	11
1662	11
1663	11
1664	11
1665	11
1666	11
1667	11
1668	11
1669	11
1670	11
1671	11
1672	11
1673	2
1674	11
1675	11
1676	11
1677	2
1678	10
1679	10
1680	10
1681	10
1682	10
1683	10
1684	10
1685	13
1686	13
1687	13
1688	13
1689	13
1690	13
1691	13
1692	13
1693	13
1694	13
1695	13
1696	13
1697	13
1698	13
1699	13
1700	13
1701	1
1702	1
1703	12
1704	12
1705	1
1706	1
1707	1
1708	1
1709	1
1710	1
1711	1
1712	1
1713	2
1714	2
1715	2
1716	2
1717	2
1718	2
1719	2
1720	2
1721	2
1722	2
1723	2
1724	2
1725	1
1726	1
1727	1
1728	2
1729	1
1730	1
1731	1
1732	1
1733	1
1734	1
1735	1
1736	1
1737	1
1738	1
1739	1
1740	1
1741	1
1742	5
1743	5
1744	5
1745	5
1746	13
1747	5
1748	5
1749	5
1750	5
1751	5
1752	13
1753	13
1754	5
1755	13
1756	5
1757	2
1758	2
1759	2
1760	2
1761	13
1762	5
1763	5
1764	5
1765	5
1766	5
1767	5
1768	5
1769	5
1770	13
1771	13
1772	5
1773	13
1774	2
1775	2
1776	2
1777	2
1778	2
1779	2
1780	2
1781	2
1782	2
1783	2
1784	2
1785	2
1786	2
1787	5
1788	5
1789	5
1790	13
1791	5
1792	5
1793	5
1794	5
1795	2
1796	2
1797	2
1798	2
1799	5
1800	13
1801	13
1802	13
1803	5
1804	5
1805	5
1806	5
1807	5
1808	5
1809	12
1810	12
1811	12
1812	12
1813	12
1814	12
1815	12
1816	12
1817	12
1818	12
1819	12
1820	12
1821	12
1822	12
1823	12
1824	12
1825	12
1826	12
1827	12
1828	12
1829	12
1830	2
1831	2
1832	2
1833	2
1834	2
1835	12
1836	12
1837	2
1838	12
1839	12
1840	4
1841	4
1842	4
1843	4
1844	4
1845	12
1846	12
1847	12
1848	12
1849	12
1850	12
1851	12
1852	12
1853	12
1854	12
1855	12
1856	12
1857	2
1858	2
1859	2
1860	2
1861	2
1862	2
1863	12
1864	12
1865	12
1866	12
1867	12
1868	12
1869	12
1870	12
1871	12
1872	10
1873	10
1874	10
1875	10
1876	10
1877	10
1878	10
1879	10
1880	10
1881	10
1882	10
1883	10
1884	10
1885	10
1886	10
1887	10
1888	10
1889	10
1890	10
1891	10
1892	10
1893	10
1894	10
1895	8
1896	8
1897	8
1898	6
1899	6
1900	6
1901	6
1902	6
1903	6
1904	8
1905	8
1906	8
1907	8
1908	8
1909	8
1910	8
1911	8
1912	8
1913	8
1914	8
1915	8
1916	6
1917	6
1918	6
1919	6
1920	6
1921	6
1922	6
1923	6
1924	8
1925	8
1926	8
1927	8
1928	8
1929	8
1930	8
1931	8
1932	8
1933	8
1934	8
1935	8
1936	8
1937	8
1938	8
1939	8
1940	8
1941	8
1942	8
1943	8
1944	8
1945	8
1946	8
1947	8
1948	8
1949	8
1950	8
1951	8
1952	8
1953	8
1954	8
1955	8
1956	8
1957	8
1958	8
1959	8
1960	8
1961	8
1962	8
1963	8
1964	8
1965	8
1966	8
1967	8
1968	8
1969	8
1970	8
1971	8
1972	8
1973	8
1974	8
1975	8
1976	9
1977	9
1978	9
1979	9
1980	9
1981	9
1982	9
1983	9
1984	9
1985	9
1986	9
1987	9
1988	9
1989	9
1990	9
1991	9
1992	9
1993	9
1994	9
1995	9
1996	9
1997	9
1998	9
1999	9
2000	9
2001	9
2002	9
2003	9
2004	9
2005	9
2006	9
2007	9
2008	9
2009	9
2010	9
2011	9
2012	9
2013	9
2014	9
2015	9
2016	9
2017	10
2018	10
2019	10
2020	10
2021	10
2022	10
2023	10
2024	3
2025	10
2026	10
2027	10
2028	10
2029	10
2030	3
2031	3
2032	3
2033	3
2034	3
2035	3
2036	3
2037	3
2038	2
2039	2
2040	2
2041	2
2042	2
2043	10
2044	10
2045	10
2046	3
2047	3
2048	2
2049	2
2050	10
2051	3
2052	3
2053	3
2054	3
2055	3
2056	3
2057	3
2058	9
2059	9
2060	9
2061	9
2062	9
2063	9
2064	9
2065	9
2066	9
2067	9
2068	10
2069	10
2070	10
2071	10
2072	10
2073	10
2074	10
2075	10
2076	10
2077	10
2078	10
2079	10
2080	10
2081	10
2082	10
2083	10
2084	10
2085	10
2086	10
2087	10
2088	10
2089	13
2090	13
2091	13
2092	13
2093	13
2094	13
2095	13
2096	13
2097	13
2098	13
2099	13
2100	13
2101	13
2102	13
2103	13
2104	13
2105	13
2106	13
2107	13
2108	13
2109	13
2110	13
2111	13
2112	13
2113	5
2114	5
2115	5
2116	5
2117	5
2118	12
2119	12
2120	5
2121	5
2122	12
2123	12
2124	10
2125	5
2126	5
2127	5
2128	5
2129	5
2130	12
2131	5
2132	5
2133	12
2134	5
2135	5
2136	12
2137	12
2138	12
2139	12
2140	12
2141	5
2142	5
2143	5
2144	12
2145	12
2146	12
2147	12
2148	12
2149	12
2150	5
2151	5
2152	5
2153	5
2154	5
2155	5
2156	12
2157	5
2158	5
2159	12
2160	5
2161	5
2162	5
2163	5
2164	12
2165	12
2166	5
2167	12
2168	12
2169	5
2170	5
2171	5
2172	5
2173	5
2174	12
2175	12
2176	12
2177	12
2178	5
2179	5
2180	12
2181	12
2182	5
2183	5
2184	5
2185	5
2186	5
2187	5
2188	12
2189	5
2190	5
2191	5
2192	5
2193	5
2194	12
2195	5
2196	12
2197	12
2198	5
2199	12
2200	5
2201	5
2202	12
2203	5
2204	5
2205	5
2206	5
2207	5
2208	5
2209	5
2210	5
2211	5
2212	5
2213	5
2214	5
2215	12
2216	12
2217	5
2218	5
2219	5
2220	5
2221	5
2222	12
2223	12
2224	5
2225	5
2226	5
2227	5
2228	12
2229	12
2230	12
2231	5
2232	5
2233	12
2234	12
2235	5
2236	12
2237	12
2238	12
2239	5
2240	5
2241	12
2242	12
2243	12
2244	12
2245	12
2246	5
2247	12
2248	12
2249	5
2250	5
2251	5
2252	5
2253	12
2254	12
2255	12
2256	12
2257	5
2258	12
2259	5
2260	5
2261	12
2262	5
2263	5
2264	5
2265	5
2266	5
2267	5
2268	5
2269	12
2270	12
2271	5
2272	5
2273	5
2274	5
2275	5
2276	5
2277	12
2278	5
2279	12
2280	5
2281	5
2282	12
2283	12
2284	10
2285	10
2286	5
2287	5
2288	5
2289	5
2290	5
2291	5
2292	5
2293	5
2294	5
2295	5
2296	5
2297	12
2298	12
2299	12
2300	12
2301	5
2302	12
2303	12
2304	12
2305	5
2306	5
2307	5
2308	5
2309	10
2310	10
2311	10
2312	6
2313	6
2314	6
2315	6
2316	6
2317	6
2318	6
2319	6
2320	6
2321	6
2322	6
2323	6
2324	6
2325	6
2326	6
2327	6
2328	6
2329	6
2330	8
2331	8
2332	8
2333	8
2334	8
2335	8
2336	8
2337	8
2338	8
2339	8
2340	8
2341	8
2342	8
2343	8
2344	8
2345	8
2346	1
2347	1
2348	1
2349	1
2350	1
2351	1
2352	1
2353	1
2354	1
2355	1
2356	1
2357	1
2358	1
2359	1
2360	1
2361	1
2362	1
2363	1
2364	1
2365	1
2366	12
2367	12
2368	12
2369	12
2370	12
2371	12
2372	12
2373	12
2374	12
2375	12
2376	12
2377	12
2378	12
2379	12
2380	12
2381	12
2382	12
2383	12
2384	12
2385	12
2386	12
2387	12
2388	12
2389	12
2390	12
2391	12
2392	12
2393	12
2394	12
2395	12
2396	12
2397	12
2398	12
2399	12
2400	12
2401	12
2402	12
2403	12
2404	12
2405	12
2406	12
2407	12
2408	12
2409	12
2410	12
2411	12
2412	12
2413	12
2414	12
2415	4
2416	4
2417	4
2418	4
2419	7
2420	7
2421	7
2422	7
2423	7
2424	7
2425	4
2426	7
2427	7
2428	7
2429	7
2430	7
2431	7
2432	7
2433	7
2434	7
2435	4
2436	7
2437	7
2438	7
2439	7
2440	7
2441	7
2442	7
2443	7
2444	4
2445	7
2446	7
2447	7
2448	7
2449	4
2450	4
2451	4
2452	4
2453	4
2454	4
2455	4
2456	4
2457	4
2458	4
2459	4
2460	7
2461	7
2462	4
2463	4
2464	4
2465	7
2466	7
2467	4
2468	4
2469	4
2470	4
2471	4
2472	4
2473	7
2474	7
2475	4
2476	4
2477	4
2478	4
2479	4
2480	4
2481	4
2482	4
2483	4
2484	4
2485	4
2486	4
2487	4
2488	4
2489	4
2490	4
2491	4
2492	4
2493	4
2494	4
2495	4
2496	7
2497	7
2498	7
2499	7
2500	4
2501	4
2502	7
2503	4
2504	7
2505	7
2506	4
2507	7
2508	7
2509	7
2510	7
2511	7
2512	7
2513	7
2514	7
2515	4
2516	7
2517	7
2518	4
2519	7
2520	4
2521	7
2522	7
2523	7
2524	7
2525	7
2526	4
2527	7
2528	7
2529	7
2530	7
2531	7
2532	7
2533	7
2534	7
2535	7
2536	7
2537	7
2538	7
2539	7
2540	7
2541	7
2542	7
2543	7
2544	7
2545	7
2546	7
2547	7
2548	7
2549	7
2550	7
2551	7
2552	7
2553	7
2554	7
2555	7
2556	7
2557	7
2558	7
2559	4
2560	7
2561	7
2562	7
2563	7
2564	7
2565	7
2566	7
2567	7
2568	7
2569	7
2570	7
2571	7
2572	7
2573	7
2574	7
2575	4
2576	4
2577	7
2578	7
2579	7
2580	7
2581	7
2582	7
2583	7
2584	7
2585	7
2586	4
2587	7
2588	7
2589	7
2590	7
2591	7
2592	7
2593	7
2594	4
2595	4
2596	4
2597	4
2598	4
2599	4
2600	7
2601	7
2602	7
2603	7
2604	7
2605	7
2606	10
2607	10
2608	10
2609	10
2610	10
2611	10
2612	10
2613	10
2614	10
2615	10
2616	10
2617	10
2618	10
2619	10
2620	10
2621	10
2622	10
2623	10
2624	10
2625	10
2626	10
2627	10
2628	10
2629	10
2630	10
2631	10
2632	10
2633	10
2634	10
2635	10
2636	10
2637	10
2638	10
2639	10
2640	9
2641	9
2642	9
2643	9
2644	9
2645	9
2646	9
2647	9
2648	9
2649	9
2650	9
2651	9
2652	9
2653	9
2654	9
2655	9
2656	9
2657	3
2658	9
2659	9
2660	9
2661	3
2662	3
2663	9
2664	9
2665	9
2666	9
2667	9
2668	9
2669	9
2670	3
2671	9
2672	9
2673	9
2674	9
2675	3
2676	9
2677	9
2678	3
2679	9
2680	9
2681	9
2682	9
2683	9
2684	9
2685	9
2686	9
2687	9
2688	8
2689	8
2690	8
2691	8
315	1
1657	11
