0	9
1	9
2	9
3	9
4	9
5	9
6	9
7	4
8	4
9	8
10	4
11	8
12	4
13	4
14	4
15	4
16	8
17	8
18	8
19	8
20	8
21	12
22	12
23	12
24	12
25	12
26	12
27	12
28	12
29	2
30	2
31	2
32	2
33	2
34	2
35	2
36	2
37	2
38	2
39	2
40	2
41	2
42	2
43	2
44	2
45	2
46	2
47	2
48	2
49	2
50	2
51	2
52	2
53	1
54	1
55	1
56	1
57	1
58	2
59	2
60	2
61	2
62	2
63	2
64	2
65	1
66	1
67	1
68	1
69	1
70	1
71	12
72	12
73	12
74	12
75	2
76	2
77	2
78	2
79	2
80	2
81	2
82	2
83	10
84	10
85	10
86	10
87	10
88	10
89	10
90	10
91	10
92	10
93	10
94	10
95	10
96	8
97	4
98	8
99	8
100	4
101	4
102	4
103	8
104	4
105	8
106	4
107	8
108	8
109	4
110	8
111	8
112	4
113	4
114	4
115	4
116	4
117	8
118	4
119	4
120	4
121	4
122	8
123	4
124	8
125	8
126	8
127	4
128	4
129	6
130	6
131	6
132	6
133	6
134	6
135	6
136	6
137	6
138	6
139	6
140	6
141	6
142	6
143	6
144	6
145	6
146	6
147	6
148	6
149	6
150	6
151	6
152	6
153	6
154	6
155	6
156	6
157	6
158	6
159	6
160	6
161	6
162	6
163	6
164	6
165	6
166	6
167	6
168	6
169	6
170	6
171	6
172	6
173	6
174	6
175	6
176	6
177	6
178	6
179	6
180	6
181	6
182	6
183	9
184	9
185	9
186	9
187	9
188	9
189	9
190	9
191	9
192	9
193	9
194	9
195	9
196	9
197	9
198	9
199	9
200	9
201	9
202	9
203	9
204	9
205	9
206	9
207	9
208	12
209	12
210	12
211	12
212	12
213	12
214	12
215	12
216	12
217	12
218	12
219	12
220	12
221	12
222	12
223	12
224	12
225	12
226	12
227	12
228	12
229	12
230	12
231	12
232	12
233	12
234	12
235	12
236	12
237	12
238	12
239	12
240	12
241	12
242	12
243	12
244	12
245	12
246	12
247	12
248	9
249	9
250	9
251	9
252	9
253	9
254	9
255	9
256	9
257	9
258	9
259	9
260	9
261	7
262	7
263	7
264	7
265	7
266	7
267	7
268	7
269	7
270	7
271	7
272	7
273	7
274	7
275	7
276	7
277	7
278	7
279	7
280	7
281	7
282	7
283	7
284	7
285	7
286	7
287	7
288	7
289	7
290	7
291	7
292	7
293	7
294	7
295	7
296	7
297	7
298	7
299	7
300	7
301	7
302	9
303	9
304	9
305	9
306	10
307	10
308	10
309	10
310	10
311	10
312	10
313	10
314	10
316	8
317	8
318	8
319	8
320	8
321	8
322	8
323	8
324	8
325	8
326	8
327	8
328	8
329	8
330	8
331	3
332	10
333	10
334	10
335	10
336	10
337	8
338	8
339	8
340	10
341	10
342	10
343	10
344	3
345	3
346	3
347	10
348	10
349	10
350	10
351	3
352	3
353	10
354	10
355	10
356	11
357	11
358	11
359	11
360	11
361	11
362	11
363	11
364	11
365	11
366	11
367	11
368	11
369	10
370	3
371	10
372	10
373	10
374	10
375	10
376	10
377	10
378	10
379	10
380	10
381	10
382	3
383	10
384	10
385	10
386	10
387	10
388	10
389	8
390	8
391	8
392	8
393	8
394	10
395	10
396	10
397	10
398	8
399	8
400	8
401	8
402	8
403	12
404	12
405	12
406	12
407	12
408	12
409	8
410	2
411	8
412	8
413	2
414	2
415	2
416	8
417	2
418	8
419	8
420	2
421	2
422	2
423	8
424	2
425	6
426	6
427	6
428	6
429	6
430	6
431	6
432	6
433	2
434	2
435	2
436	8
437	2
438	2
439	2
440	2
441	2
442	8
443	2
444	8
445	8
446	6
447	6
448	6
449	6
450	6
451	2
452	8
453	2
454	6
455	6
456	6
457	2
458	8
459	2
460	2
461	2
462	2
463	6
464	6
465	6
466	6
467	6
468	6
469	6
470	6
471	6
472	6
473	8
474	8
475	7
476	7
477	7
478	7
479	7
480	7
481	7
482	7
483	7
484	12
485	12
486	7
487	7
488	7
489	7
490	7
491	7
492	7
493	7
494	7
495	7
496	7
497	7
498	12
499	7
500	7
501	7
502	12
503	7
504	7
505	7
506	12
507	12
508	12
509	12
510	12
511	12
512	12
513	12
514	12
515	12
516	12
517	12
518	12
519	12
520	12
521	12
522	5
523	5
524	5
525	5
526	9
527	9
528	5
529	5
530	5
531	5
532	5
533	5
534	5
535	5
536	5
537	5
538	9
539	9
540	9
541	9
542	9
543	9
544	9
545	9
546	9
547	9
548	9
549	9
550	9
551	9
552	9
553	9
554	9
555	9
556	9
557	9
558	9
559	12
560	12
561	12
562	12
563	12
564	12
565	9
566	9
567	9
568	9
569	9
570	4
571	4
572	4
573	4
574	5
575	4
576	4
577	4
578	5
579	4
580	4
581	9
582	9
583	9
584	9
585	9
586	9
587	12
588	12
589	12
590	12
591	12
592	12
593	12
594	12
595	12
596	12
597	12
598	12
599	12
600	12
601	12
602	12
603	9
604	9
605	9
606	9
607	9
608	9
609	9
610	9
611	9
612	9
613	9
614	9
615	9
616	9
617	12
618	12
619	12
620	12
621	12
622	12
623	12
624	12
625	12
626	12
627	12
628	12
629	12
630	12
631	12
632	12
633	12
634	12
635	12
636	12
637	12
638	12
639	9
640	9
641	9
642	9
643	9
644	9
645	9
646	9
647	9
648	9
649	9
650	9
651	9
652	9
653	9
654	9
655	9
656	9
657	6
658	6
659	7
660	7
661	2
662	2
663	2
664	2
665	2
666	2
667	2
668	2
669	2
670	7
671	7
672	7
673	7
674	7
675	7
676	7
677	7
678	7
679	7
680	2
681	2
682	2
683	2
684	2
685	2
686	2
687	2
688	2
689	2
690	2
691	2
692	2
693	2
694	2
695	2
696	2
697	7
698	7
699	7
700	7
701	7
702	7
703	7
704	7
705	7
706	7
707	7
708	7
709	7
710	7
711	7
712	7
713	7
714	2
715	2
716	12
717	12
718	7
719	7
720	7
721	12
722	12
723	12
724	12
725	12
726	12
727	12
728	12
729	12
730	12
731	12
732	8
733	8
734	8
735	8
736	8
737	6
738	6
739	6
740	6
741	6
742	6
743	6
744	6
745	8
746	8
747	8
748	8
749	8
750	8
751	8
752	8
753	8
754	8
755	8
756	8
757	8
758	8
759	8
760	8
761	8
762	8
763	8
764	8
765	8
766	6
767	6
768	6
769	6
770	8
771	8
772	6
773	6
774	6
775	6
776	6
777	6
778	6
779	6
780	6
781	6
782	6
783	6
784	6
785	12
786	6
787	6
788	6
789	6
790	6
791	12
792	12
793	12
794	12
795	12
796	12
797	12
798	12
799	12
800	12
801	6
802	6
803	6
804	6
805	12
806	12
807	12
808	6
809	6
810	6
811	1
812	5
813	1
814	1
815	1
816	5
817	1
818	5
819	5
820	5
821	1
822	1
823	1
824	1
825	5
826	1
827	5
828	5
829	5
830	1
831	1
832	1
833	1
834	1
835	1
836	1
837	1
838	1
839	1
840	1
841	1
842	1
843	1
844	1
845	1
846	1
847	5
848	5
849	5
850	5
851	5
852	1
853	1
854	1
855	5
856	5
857	5
858	9
859	9
860	9
861	9
862	9
863	9
864	9
865	9
866	9
867	9
868	9
869	9
870	9
871	1
872	1
873	1
874	1
875	1
876	1
877	1
878	5
879	1
880	5
881	1
882	1
883	1
884	1
885	1
886	1
887	1
888	1
889	1
890	1
891	5
892	5
893	1
894	1
895	1
896	1
897	5
898	1
899	5
900	5
901	5
902	1
903	1
904	1
905	1
906	5
907	1
908	1
909	5
910	5
911	5
912	5
913	5
914	1
915	1
916	5
917	1
918	5
919	5
920	1
921	1
922	5
923	5
924	5
925	1
926	1
927	1
928	1
929	1
930	1
931	1
932	1
933	5
934	5
935	1
936	1
937	1
938	5
939	5
940	5
941	5
942	1
943	5
944	5
945	5
946	1
947	1
948	1
949	1
950	5
951	1
952	1
953	5
954	5
955	5
956	5
957	1
958	1
959	1
960	5
961	5
962	1
963	1
964	1
965	1
966	5
967	5
968	5
969	1
970	5
971	1
972	1
973	1
974	1
975	5
976	1
977	1
978	5
979	5
980	5
981	5
982	1
983	1
984	1
985	6
986	6
987	6
988	6
989	6
990	6
991	6
992	6
993	6
994	6
995	6
996	6
997	6
998	6
999	6
1000	6
1001	6
1002	6
1003	6
1004	6
1005	6
1006	6
1007	8
1008	1
1009	6
1010	1
1011	1
1012	1
1013	1
1014	1
1015	1
1016	1
1017	1
1018	1
1019	1
1020	1
1021	1
1022	1
1023	1
1024	1
1025	8
1026	1
1027	1
1028	1
1029	1
1030	1
1031	1
1032	8
1033	1
1034	8
1035	1
1036	8
1037	8
1038	8
1039	1
1040	8
1041	1
1042	1
1043	8
1044	1
1045	1
1046	8
1047	8
1048	1
1049	1
1050	8
1051	1
1052	1
1053	8
1054	1
1055	8
1056	8
1057	1
1058	1
1059	1
1060	1
1061	1
1062	1
1063	8
1064	8
1065	8
1066	8
1067	8
1068	1
1069	1
1070	1
1071	1
1072	1
1073	8
1074	8
1075	9
1076	9
1077	9
1078	9
1079	9
1080	9
1081	9
1082	9
1083	9
1084	9
1085	9
1086	9
1087	7
1088	7
1089	7
1090	7
1091	7
1092	7
1093	7
1094	12
1095	12
1096	12
1097	12
1098	12
1099	12
1100	12
1101	12
1102	12
1103	12
1104	12
1105	12
1106	12
1107	10
1108	10
1109	10
1110	10
1111	10
1112	10
1113	10
1114	10
1115	10
1116	10
1117	10
1118	10
1119	10
1120	10
1121	10
1122	10
1123	10
1124	10
1125	10
1126	10
1127	10
1128	10
1129	10
1130	10
1131	10
1132	10
1133	10
1134	10
1135	10
1136	5
1137	5
1138	5
1139	5
1140	10
1141	10
1142	10
1143	10
1144	10
1145	10
1146	10
1147	10
1148	10
1149	10
1150	10
1151	10
1152	10
1153	10
1154	3
1155	3
1156	3
1157	3
1158	3
1159	3
1160	3
1161	3
1162	3
1163	3
1164	3
1165	3
1166	3
1167	3
1168	3
1169	1
1170	1
1171	1
1172	1
1173	1
1174	1
1175	1
1176	1
1177	1
1178	1
1179	1
1180	1
1181	1
1182	1
1183	1
1184	1
1185	1
1186	1
1187	1
1188	1
1189	1
1190	1
1191	1
1192	1
1193	1
1194	1
1195	1
1196	1
1197	1
1198	1
1199	1
1200	5
1201	5
1202	5
1203	5
1204	5
1205	5
1206	5
1207	5
1208	5
1209	5
1210	5
1211	5
1212	5
1213	5
1214	5
1215	5
1216	5
1217	5
1218	5
1219	5
1220	5
1221	5
1222	5
1223	5
1224	5
1225	5
1226	5
1227	5
1228	5
1229	5
1230	5
1231	5
1232	5
1233	5
1234	5
1235	5
1236	5
1237	5
1238	5
1239	5
1240	7
1241	7
1242	7
1243	12
1244	7
1245	7
1246	7
1247	7
1248	12
1249	12
1250	12
1251	12
1252	12
1253	2
1254	2
1255	2
1256	2
1257	2
1258	12
1259	12
1260	12
1261	12
1262	7
1263	7
1264	2
1265	2
1266	2
1267	2
1268	2
1269	2
1270	2
1271	2
1272	2
1273	2
1274	2
1275	2
1276	2
1277	2
1278	3
1279	12
1280	12
1281	12
1282	7
1283	7
1284	2
1285	2
1286	2
1287	2
1288	3
1289	3
1290	3
1291	3
1292	3
1293	3
1294	3
1295	3
1296	3
1297	3
1298	12
1299	3
1300	3
1301	3
1302	3
1303	2
1304	2
1305	2
1306	2
1307	2
1308	2
1309	2
1310	2
1311	2
1312	2
1313	2
1314	5
1315	5
1316	5
1317	5
1318	5
1319	5
1320	5
1321	5
1322	5
1323	5
1324	5
1325	5
1326	5
1327	5
1328	5
1329	5
1330	5
1331	5
1332	5
1333	5
1334	5
1335	5
1336	5
1337	5
1338	5
1339	5
1340	5
1341	5
1342	5
1343	5
1344	5
1345	5
1346	2
1347	2
1348	2
1349	2
1350	2
1351	2
1352	2
1353	2
1354	2
1355	2
1356	2
1357	2
1358	2
1359	2
1360	2
1361	2
1362	2
1363	10
1364	10
1365	10
1366	10
1367	10
1368	10
1369	10
1370	10
1371	10
1372	10
1373	10
1374	10
1375	10
1376	10
1377	10
1378	10
1379	10
1380	10
1381	3
1382	3
1383	3
1384	3
1385	3
1386	3
1387	3
1388	3
1389	3
1390	3
1391	3
1392	3
1393	3
1394	3
1395	3
1396	3
1397	2
1398	2
1399	2
1400	2
1401	2
1402	2
1403	2
1404	2
1405	2
1406	2
1407	2
1408	2
1409	2
1410	2
1411	2
1412	2
1413	2
1414	2
1415	2
1416	2
1417	2
1418	2
1419	2
1420	2
1421	2
1422	2
1423	2
1424	2
1425	2
1426	2
1427	2
1428	4
1429	4
1430	4
1431	4
1432	4
1433	4
1434	4
1435	4
1436	4
1437	4
1438	4
1439	4
1440	4
1441	8
1442	8
1443	8
1444	8
1445	8
1446	8
1447	8
1448	8
1449	8
1450	8
1451	8
1452	8
1453	8
1454	8
1455	4
1456	4
1457	4
1458	4
1459	4
1460	4
1461	4
1462	4
1463	4
1464	4
1465	12
1466	12
1467	12
1468	12
1469	12
1470	12
1471	12
1472	12
1473	12
1474	12
1475	12
1476	12
1477	12
1478	12
1479	12
1480	12
1481	12
1482	12
1483	12
1484	12
1485	12
1486	12
1487	12
1488	12
1489	8
1490	8
1491	8
1492	8
1493	8
1494	8
1495	8
1496	8
1497	8
1498	8
1499	8
1500	8
1501	2
1502	2
1503	2
1504	2
1505	2
1506	9
1507	9
1508	2
1509	9
1510	9
1511	2
1512	9
1513	9
1514	9
1515	2
1516	2
1517	2
1518	2
1519	2
1520	2
1521	9
1522	9
1523	9
1524	9
1525	9
1526	9
1527	9
1528	2
1529	6
1530	6
1531	6
1532	6
1533	6
1534	6
1535	6
1536	6
1537	6
1538	6
1539	6
1540	6
1541	6
1542	6
1543	6
1544	6
1545	6
1546	6
1547	6
1548	6
1549	6
1550	6
1551	6
1552	10
1553	5
1554	5
1555	10
1556	5
1557	10
1558	5
1559	10
1560	10
1561	5
1562	5
1563	10
1564	5
1565	5
1566	10
1567	5
1568	5
1569	5
1570	10
1571	10
1572	10
1573	10
1574	10
1575	10
1576	8
1577	8
1578	8
1579	8
1580	8
1581	8
1582	8
1583	8
1584	8
1585	8
1586	8
1587	8
1588	8
1589	8
1590	8
1591	8
1592	8
1593	2
1594	2
1595	2
1596	2
1597	2
1598	2
1599	2
1600	2
1601	2
1602	5
1603	5
1604	5
1605	5
1606	5
1607	5
1608	5
1609	5
1610	5
1611	5
1612	5
1613	5
1614	5
1615	5
1616	5
1617	5
1618	12
1619	12
1620	12
1621	12
1622	12
1623	12
1624	12
1625	12
1626	12
1627	12
1628	12
1629	5
1630	8
1631	5
1632	8
1633	5
1634	5
1635	5
1636	5
1637	5
1638	5
1639	5
1640	5
1641	5
1642	5
1643	5
1644	12
1645	12
1646	12
1647	12
1648	12
1649	5
1650	5
1651	5
1652	5
1653	5
1654	5
1655	5
1656	5
1658	5
1659	5
1660	5
1661	5
1662	5
1663	5
1664	5
1665	5
1666	8
1667	8
1668	8
1669	5
1670	5
1671	5
1672	5
1673	12
1674	5
1675	5
1676	5
1677	12
1678	7
1679	7
1680	7
1681	7
1682	7
1683	7
1684	7
1685	8
1686	8
1687	8
1688	8
1689	8
1690	8
1691	8
1692	8
1693	8
1694	8
1695	8
1696	8
1697	8
1698	8
1699	8
1700	8
1701	8
1702	8
1703	4
1704	4
1705	8
1706	8
1707	8
1708	8
1709	8
1710	8
1711	8
1712	8
1713	12
1714	12
1715	12
1716	12
1717	12
1718	12
1719	12
1720	12
1721	12
1722	12
1723	12
1724	12
1725	8
1726	8
1727	8
1728	12
1729	8
1730	8
1731	8
1732	8
1733	8
1734	8
1735	8
1736	8
1737	8
1738	8
1739	8
1740	8
1741	8
1742	2
1743	2
1744	2
1745	2
1746	2
1747	2
1748	2
1749	2
1750	2
1751	2
1752	2
1753	2
1754	2
1755	2
1756	2
1757	12
1758	12
1759	12
1760	12
1761	2
1762	2
1763	2
1764	2
1765	2
1766	2
1767	2
1768	2
1769	2
1770	2
1771	2
1772	2
1773	2
1774	12
1775	12
1776	12
1777	12
1778	12
1779	12
1780	12
1781	12
1782	12
1783	12
1784	12
1785	12
1786	12
1787	2
1788	2
1789	2
1790	2
1791	2
1792	2
1793	2
1794	2
1795	12
1796	12
1797	12
1798	12
1799	2
1800	2
1801	2
1802	2
1803	2
1804	2
1805	2
1806	2
1807	2
1808	2
1809	4
1810	4
1811	4
1812	4
1813	4
1814	4
1815	4
1816	4
1817	4
1818	4
1819	4
1820	4
1821	4
1822	4
1823	4
1824	4
1825	4
1826	4
1827	4
1828	4
1829	4
1830	12
1831	12
1832	12
1833	12
1834	12
1835	13
1836	13
1837	12
1838	4
1839	4
1840	10
1841	10
1842	10
1843	10
1844	10
1845	4
1846	4
1847	4
1848	4
1849	4
1850	4
1851	4
1852	4
1853	4
1854	4
1855	4
1856	4
1857	12
1858	12
1859	12
1860	12
1861	12
1862	12
1863	4
1864	4
1865	4
1866	4
1867	4
1868	4
1869	4
1870	4
1871	4
1872	7
1873	7
1874	7
1875	7
1876	7
1877	7
1878	7
1879	7
1880	7
1881	7
1882	7
1883	7
1884	7
1885	7
1886	7
1887	7
1888	7
1889	7
1890	7
1891	7
1892	7
1893	7
1894	7
1895	9
1896	9
1897	9
1898	1
1899	1
1900	1
1901	1
1902	1
1903	1
1904	9
1905	9
1906	9
1907	9
1908	9
1909	9
1910	9
1911	9
1912	9
1913	9
1914	9
1915	9
1916	1
1917	1
1918	1
1919	1
1920	1
1921	1
1922	1
1923	1
1924	9
1925	9
1926	9
1927	9
1928	9
1929	9
1930	9
1931	9
1932	9
1933	9
1934	9
1935	9
1936	9
1937	9
1938	9
1939	9
1940	9
1941	9
1942	9
1943	9
1944	9
1945	9
1946	9
1947	9
1948	9
1949	9
1950	9
1951	9
1952	9
1953	9
1954	9
1955	9
1956	9
1957	9
1958	9
1959	9
1960	9
1961	9
1962	9
1963	9
1964	9
1965	9
1966	9
1967	9
1968	9
1969	9
1970	9
1971	9
1972	9
1973	9
1974	9
1975	9
1976	6
1977	6
1978	10
1979	6
1980	6
1981	6
1982	6
1983	6
1984	6
1985	6
1986	6
1987	10
1988	6
1989	10
1990	10
1991	6
1992	6
1993	6
1994	6
1995	6
1996	10
1997	10
1998	10
1999	10
2000	10
2001	10
2002	10
2003	10
2004	6
2005	10
2006	6
2007	6
2008	6
2009	6
2010	6
2011	6
2012	6
2013	6
2014	6
2015	6
2016	10
2017	7
2018	7
2019	7
2020	7
2021	7
2022	7
2023	7
2024	6
2025	7
2026	7
2027	7
2028	7
2029	7
2030	6
2031	6
2032	6
2033	6
2034	6
2035	7
2036	7
2037	7
2038	12
2039	12
2040	12
2041	12
2042	12
2043	7
2044	7
2045	7
2046	7
2047	7
2048	12
2049	12
2050	7
2051	7
2052	7
2053	7
2054	7
2055	7
2056	7
2057	7
2058	10
2059	10
2060	10
2061	10
2062	10
2063	10
2064	10
2065	10
2066	10
2067	10
2068	7
2069	7
2070	7
2071	7
2072	7
2073	12
2074	7
2075	7
2076	7
2077	12
2078	12
2079	7
2080	12
2081	7
2082	12
2083	7
2084	7
2085	7
2086	7
2087	7
2088	7
2089	8
2090	8
2091	8
2092	8
2093	8
2094	8
2095	8
2096	9
2097	9
2098	9
2099	9
2100	9
2101	9
2102	9
2103	9
2104	2
2105	9
2106	9
2107	9
2108	9
2109	9
2110	9
2111	9
2112	9
2113	13
2114	13
2115	13
2116	13
2117	13
2118	4
2119	13
2120	13
2121	13
2122	13
2123	4
2124	7
2125	13
2126	13
2127	13
2128	13
2129	13
2130	13
2131	13
2132	13
2133	4
2134	13
2135	13
2136	13
2137	4
2138	4
2139	13
2140	4
2141	13
2142	13
2143	13
2144	13
2145	13
2146	13
2147	13
2148	13
2149	13
2150	13
2151	13
2152	13
2153	13
2154	13
2155	13
2156	13
2157	13
2158	13
2159	13
2160	13
2161	13
2162	13
2163	13
2164	4
2165	4
2166	13
2167	13
2168	13
2169	13
2170	13
2171	13
2172	13
2173	13
2174	13
2175	13
2176	4
2177	4
2178	13
2179	13
2180	4
2181	4
2182	13
2183	13
2184	13
2185	13
2186	13
2187	13
2188	13
2189	13
2190	13
2191	13
2192	13
2193	13
2194	13
2195	13
2196	13
2197	13
2198	13
2199	4
2200	13
2201	13
2202	13
2203	13
2204	13
2205	13
2206	13
2207	13
2208	13
2209	13
2210	13
2211	13
2212	13
2213	13
2214	13
2215	13
2216	13
2217	13
2218	13
2219	13
2220	13
2221	13
2222	13
2223	13
2224	13
2225	13
2226	13
2227	13
2228	13
2229	13
2230	4
2231	4
2232	13
2233	4
2234	4
2235	13
2236	4
2237	4
2238	4
2239	13
2240	13
2241	13
2242	13
2243	13
2244	13
2245	4
2246	13
2247	4
2248	4
2249	13
2250	13
2251	13
2252	13
2253	13
2254	13
2255	13
2256	4
2257	13
2258	13
2259	13
2260	13
2261	4
2262	4
2263	13
2264	13
2265	13
2266	13
2267	13
2268	13
2269	13
2270	13
2271	13
2272	13
2273	13
2274	13
2275	13
2276	13
2277	4
2278	13
2279	13
2280	13
2281	13
2282	13
2283	4
2284	7
2285	7
2286	13
2287	13
2288	13
2289	13
2290	13
2291	13
2292	13
2293	13
2294	13
2295	13
2296	13
2297	13
2298	13
2299	13
2300	4
2301	13
2302	4
2303	13
2304	4
2305	13
2306	13
2307	13
2308	13
2309	7
2310	7
2311	7
2312	1
2313	1
2314	1
2315	1
2316	1
2317	1
2318	1
2319	1
2320	1
2321	1
2322	1
2323	1
2324	1
2325	1
2326	1
2327	1
2328	1
2329	1
2330	9
2331	9
2332	9
2333	9
2334	9
2335	9
2336	9
2337	9
2338	9
2339	9
2340	9
2341	9
2342	9
2343	9
2344	9
2345	9
2346	8
2347	8
2348	8
2349	8
2350	8
2351	8
2352	8
2353	8
2354	8
2355	8
2356	8
2357	8
2358	8
2359	8
2360	8
2361	8
2362	8
2363	8
2364	8
2365	8
2366	4
2367	4
2368	4
2369	4
2370	4
2371	4
2372	4
2373	4
2374	4
2375	4
2376	4
2377	4
2378	4
2379	4
2380	4
2381	4
2382	4
2383	4
2384	4
2385	4
2386	4
2387	4
2388	4
2389	4
2390	4
2391	4
2392	4
2393	4
2394	4
2395	4
2396	4
2397	4
2398	4
2399	4
2400	4
2401	4
2402	4
2403	4
2404	4
2405	4
2406	4
2407	4
2408	4
2409	4
2410	4
2411	4
2412	4
2413	4
2414	4
2415	3
2416	3
2417	3
2418	3
2419	11
2420	11
2421	11
2422	3
2423	3
2424	3
2425	3
2426	3
2427	11
2428	11
2429	11
2430	11
2431	3
2432	3
2433	3
2434	3
2435	3
2436	3
2437	3
2438	11
2439	11
2440	3
2441	3
2442	3
2443	3
2444	3
2445	3
2446	3
2447	11
2448	3
2449	11
2450	11
2451	11
2452	11
2453	11
2454	3
2455	3
2456	3
2457	3
2458	3
2459	3
2460	11
2461	3
2462	3
2463	3
2464	3
2465	3
2466	3
2467	3
2468	11
2469	3
2470	11
2471	3
2472	11
2473	3
2474	11
2475	3
2476	11
2477	3
2478	3
2479	11
2480	11
2481	3
2482	3
2483	11
2484	3
2485	11
2486	11
2487	3
2488	11
2489	11
2490	11
2491	11
2492	3
2493	11
2494	3
2495	11
2496	3
2497	3
2498	3
2499	3
2500	3
2501	11
2502	3
2503	3
2504	3
2505	3
2506	3
2507	3
2508	3
2509	3
2510	3
2511	3
2512	3
2513	3
2514	3
2515	11
2516	11
2517	11
2518	11
2519	11
2520	11
2521	11
2522	11
2523	3
2524	3
2525	11
2526	11
2527	11
2528	3
2529	3
2530	11
2531	3
2532	3
2533	3
2534	3
2535	3
2536	3
2537	3
2538	3
2539	11
2540	11
2541	11
2542	3
2543	3
2544	11
2545	11
2546	11
2547	3
2548	3
2549	3
2550	11
2551	11
2552	11
2553	11
2554	11
2555	11
2556	11
2557	11
2558	3
2559	3
2560	3
2561	3
2562	3
2563	11
2564	3
2565	3
2566	3
2567	3
2568	11
2569	3
2570	3
2571	3
2572	3
2573	3
2574	3
2575	11
2576	11
2577	11
2578	11
2579	11
2580	11
2581	11
2582	3
2583	11
2584	11
2585	3
2586	3
2587	3
2588	3
2589	3
2590	3
2591	3
2592	3
2593	3
2594	3
2595	3
2596	3
2597	3
2598	3
2599	3
2600	11
2601	11
2602	3
2603	3
2604	11
2605	11
2606	7
2607	7
2608	7
2609	7
2610	7
2611	7
2612	7
2613	7
2614	7
2615	7
2616	7
2617	7
2618	7
2619	7
2620	7
2621	7
2622	7
2623	7
2624	7
2625	7
2626	7
2627	7
2628	7
2629	7
2630	7
2631	7
2632	7
2633	7
2634	7
2635	7
2636	7
2637	7
2638	7
2639	7
2640	11
2641	11
2642	11
2643	11
2644	10
2645	11
2646	11
2647	11
2648	11
2649	11
2650	11
2651	11
2652	11
2653	11
2654	11
2655	11
2656	10
2657	11
2658	10
2659	11
2660	10
2661	11
2662	11
2663	11
2664	11
2665	11
2666	11
2667	11
2668	11
2669	11
2670	11
2671	11
2672	10
2673	11
2674	10
2675	11
2676	11
2677	11
2678	11
2679	11
2680	11
2681	11
2682	11
2683	11
2684	11
2685	11
2686	11
2687	11
2688	9
2689	9
2690	9
2691	9
315	8
1657	5
