0	2
1	2
2	2
3	2
4	2
5	2
6	2
7	5
8	5
9	4
10	4
11	4
12	5
13	5
14	5
15	5
16	4
17	4
18	4
19	4
20	4
21	13
22	13
23	13
24	13
25	13
26	13
27	13
28	13
29	10
30	10
31	10
32	10
33	10
34	10
35	10
36	10
37	10
38	10
39	10
40	10
41	10
42	10
43	10
44	10
45	10
46	10
47	10
48	10
49	10
50	10
51	10
52	10
53	10
54	10
55	10
56	10
57	10
58	10
59	10
60	10
61	10
62	10
63	10
64	10
65	10
66	10
67	10
68	10
69	10
70	10
71	13
72	13
73	13
74	13
75	10
76	10
77	10
78	10
79	10
80	10
81	10
82	10
83	7
84	7
85	7
86	7
87	7
88	7
89	7
90	7
91	7
92	7
93	7
94	7
95	7
96	4
97	5
98	4
99	4
100	5
101	5
102	5
103	4
104	5
105	4
106	5
107	4
108	4
109	5
110	4
111	4
112	5
113	5
114	5
115	5
116	5
117	4
118	5
119	5
120	5
121	5
122	4
123	5
124	4
125	4
126	4
127	4
128	4
129	8
130	11
131	11
132	11
133	8
134	11
135	11
136	11
137	11
138	11
139	11
140	11
141	11
142	11
143	11
144	11
145	8
146	11
147	11
148	8
149	8
150	8
151	8
152	8
153	8
154	11
155	11
156	11
157	11
158	11
159	11
160	11
161	11
162	11
163	8
164	8
165	11
166	7
167	7
168	7
169	7
170	7
171	7
172	7
173	7
174	7
175	7
176	7
177	7
178	7
179	7
180	7
181	7
182	7
183	6
184	6
185	6
186	6
187	6
188	6
189	6
190	6
191	6
192	6
193	6
194	6
195	6
196	6
197	6
198	6
199	6
200	6
201	6
202	6
203	6
204	6
205	6
206	6
207	6
208	13
209	13
210	13
211	13
212	13
213	13
214	13
215	13
216	13
217	13
218	13
219	13
220	13
221	13
222	13
223	13
224	13
225	13
226	9
227	9
228	9
229	9
230	9
231	9
232	9
233	9
234	9
235	9
236	13
237	13
238	13
239	13
240	13
241	13
242	13
243	13
244	13
245	13
246	13
247	13
248	6
249	6
250	6
251	6
252	6
253	6
254	6
255	6
256	6
257	6
258	6
259	6
260	6
261	9
262	9
263	9
264	9
265	9
266	9
267	9
268	9
269	9
270	9
271	9
272	9
273	9
274	9
275	9
276	9
277	9
278	9
279	9
280	9
281	9
282	9
283	9
284	9
285	9
286	9
287	9
288	9
289	9
290	9
291	9
292	9
293	9
294	9
295	9
296	9
297	9
298	9
299	9
300	9
301	9
302	6
303	6
304	6
305	6
306	12
307	13
308	13
309	12
310	12
311	12
312	12
313	12
314	12
316	10
317	10
318	10
319	10
320	10
321	10
322	10
323	10
324	10
325	10
326	10
327	10
328	10
329	10
330	10
331	13
332	12
333	12
334	13
335	12
336	12
337	10
338	10
339	10
340	12
341	12
342	12
343	12
344	13
345	13
346	13
347	12
348	12
349	12
350	12
351	13
352	13
353	12
354	13
355	12
356	8
357	8
358	8
359	8
360	8
361	8
362	8
363	8
364	8
365	8
366	8
367	8
368	8
369	12
370	13
371	12
372	12
373	12
374	12
375	12
376	12
377	13
378	13
379	12
380	13
381	13
382	13
383	12
384	12
385	12
386	13
387	12
388	12
389	10
390	10
391	10
392	10
393	10
394	12
395	13
396	12
397	12
398	10
399	10
400	10
401	10
402	10
403	13
404	13
405	13
406	13
407	13
408	13
409	2
410	2
411	2
412	2
413	2
414	2
415	2
416	2
417	2
418	2
419	2
420	2
421	2
422	2
423	2
424	2
425	7
426	7
427	7
428	7
429	7
430	7
431	7
432	7
433	2
434	2
435	2
436	2
437	2
438	2
439	2
440	2
441	2
442	2
443	2
444	2
445	2
446	7
447	7
448	7
449	7
450	7
451	2
452	2
453	2
454	7
455	7
456	7
457	2
458	2
459	2
460	2
461	2
462	2
463	7
464	7
465	7
466	7
467	7
468	7
469	7
470	7
471	7
472	7
473	2
474	2
475	9
476	9
477	8
478	8
479	8
480	8
481	8
482	8
483	8
484	13
485	13
486	8
487	8
488	8
489	9
490	9
491	9
492	9
493	9
494	9
495	8
496	8
497	8
498	13
499	8
500	8
501	8
502	13
503	8
504	8
505	8
506	13
507	13
508	13
509	13
510	13
511	13
512	13
513	13
514	13
515	13
516	13
517	13
518	13
519	13
520	13
521	13
522	1
523	1
524	1
525	1
526	6
527	6
528	1
529	1
530	1
531	1
532	1
533	1
534	1
535	1
536	1
537	1
538	6
539	6
540	6
541	6
542	6
543	6
544	6
545	6
546	6
547	6
548	6
549	6
550	6
551	6
552	6
553	6
554	6
555	6
556	6
557	6
558	6
559	13
560	13
561	13
562	13
563	13
564	13
565	6
566	6
567	6
568	6
569	6
570	5
571	5
572	5
573	5
574	1
575	5
576	5
577	5
578	1
579	5
580	5
581	6
582	6
583	6
584	6
585	6
586	6
587	9
588	9
589	9
590	9
591	9
592	9
593	9
594	9
595	9
596	9
597	9
598	9
599	9
600	9
601	9
602	9
603	6
604	6
605	6
606	6
607	6
608	6
609	6
610	6
611	6
612	6
613	6
614	6
615	6
616	6
617	9
618	9
619	9
620	9
621	9
622	9
623	9
624	9
625	9
626	9
627	9
628	9
629	9
630	9
631	9
632	9
633	9
634	9
635	9
636	9
637	9
638	9
639	6
640	6
641	6
642	6
643	6
644	6
645	6
646	6
647	6
648	6
649	6
650	6
651	6
652	6
653	6
654	6
655	6
656	6
657	7
658	7
659	7
660	7
661	2
662	2
663	2
664	2
665	2
666	2
667	2
668	2
669	2
670	8
671	8
672	8
673	8
674	8
675	8
676	8
677	8
678	8
679	8
680	2
681	2
682	2
683	2
684	2
685	2
686	2
687	2
688	2
689	2
690	2
691	2
692	2
693	2
694	2
695	2
696	2
697	8
698	8
699	8
700	8
701	8
702	8
703	8
704	8
705	8
706	8
707	8
708	8
709	8
710	8
711	8
712	8
713	8
714	2
715	2
716	13
717	13
718	8
719	8
720	8
721	13
722	13
723	13
724	13
725	13
726	13
727	13
728	13
729	13
730	13
731	13
732	10
733	10
734	10
735	10
736	10
737	7
738	7
739	7
740	7
741	7
742	7
743	7
744	7
745	10
746	10
747	10
748	10
749	10
750	10
751	10
752	10
753	10
754	10
755	10
756	10
757	10
758	10
759	10
760	10
761	10
762	10
763	10
764	10
765	10
766	7
767	7
768	7
769	7
770	10
771	10
772	7
773	7
774	7
775	7
776	7
777	7
778	7
779	7
780	7
781	7
782	7
783	7
784	7
785	13
786	7
787	7
788	7
789	7
790	7
791	13
792	13
793	13
794	13
795	13
796	13
797	13
798	13
799	13
800	13
801	7
802	7
803	7
804	7
805	13
806	13
807	13
808	7
809	7
810	7
811	1
812	4
813	1
814	1
815	1
816	1
817	1
818	4
819	4
820	4
821	1
822	1
823	1
824	1
825	1
826	1
827	1
828	1
829	4
830	1
831	1
832	1
833	1
834	1
835	1
836	1
837	1
838	1
839	1
840	1
841	1
842	1
843	1
844	1
845	1
846	1
847	4
848	4
849	1
850	4
851	4
852	1
853	1
854	1
855	1
856	4
857	4
858	6
859	6
860	6
861	6
862	6
863	6
864	6
865	6
866	6
867	6
868	6
869	6
870	6
871	1
872	1
873	1
874	1
875	4
876	1
877	1
878	1
879	1
880	1
881	1
882	1
883	1
884	1
885	1
886	1
887	1
888	4
889	1
890	1
891	1
892	4
893	1
894	1
895	1
896	1
897	1
898	1
899	4
900	4
901	4
902	1
903	1
904	1
905	1
906	1
907	1
908	4
909	1
910	4
911	4
912	4
913	4
914	1
915	1
916	1
917	1
918	1
919	1
920	4
921	4
922	4
923	4
924	1
925	1
926	1
927	1
928	1
929	1
930	4
931	4
932	4
933	4
934	1
935	1
936	1
937	1
938	1
939	1
940	1
941	1
942	4
943	1
944	4
945	4
946	1
947	4
948	1
949	4
950	1
951	4
952	4
953	1
954	4
955	4
956	4
957	1
958	1
959	1
960	1
961	4
962	4
963	1
964	1
965	1
966	1
967	1
968	1
969	1
970	1
971	1
972	1
973	1
974	4
975	4
976	1
977	1
978	1
979	1
980	1
981	1
982	10
983	10
984	4
985	8
986	8
987	8
988	8
989	8
990	8
991	8
992	8
993	8
994	8
995	8
996	8
997	8
998	8
999	8
1000	7
1001	8
1002	8
1003	8
1004	8
1005	8
1006	8
1007	10
1008	4
1009	8
1010	4
1011	10
1012	4
1013	4
1014	10
1015	10
1016	10
1017	4
1018	4
1019	10
1020	10
1021	10
1022	10
1023	10
1024	10
1025	10
1026	10
1027	4
1028	10
1029	10
1030	10
1031	10
1032	10
1033	10
1034	10
1035	10
1036	10
1037	4
1038	10
1039	4
1040	10
1041	10
1042	4
1043	10
1044	10
1045	10
1046	10
1047	10
1048	4
1049	10
1050	10
1051	4
1052	4
1053	10
1054	10
1055	10
1056	4
1057	4
1058	10
1059	10
1060	10
1061	10
1062	4
1063	10
1064	10
1065	4
1066	4
1067	4
1068	4
1069	10
1070	4
1071	10
1072	10
1073	10
1074	10
1075	6
1076	6
1077	6
1078	6
1079	6
1080	6
1081	6
1082	6
1083	6
1084	6
1085	6
1086	6
1087	9
1088	9
1089	9
1090	9
1091	9
1092	9
1093	9
1094	13
1095	13
1096	13
1097	13
1098	13
1099	13
1100	13
1101	13
1102	13
1103	13
1104	13
1105	13
1106	13
1107	12
1108	12
1109	12
1110	12
1111	12
1112	12
1113	12
1114	12
1115	12
1116	12
1117	12
1118	12
1119	12
1120	12
1121	12
1122	12
1123	12
1124	12
1125	12
1126	12
1127	12
1128	12
1129	12
1130	12
1131	12
1132	12
1133	12
1134	12
1135	12
1136	12
1137	12
1138	12
1139	12
1140	12
1141	12
1142	12
1143	12
1144	12
1145	12
1146	12
1147	12
1148	12
1149	12
1150	12
1151	12
1152	12
1153	12
1154	13
1155	13
1156	13
1157	13
1158	13
1159	13
1160	13
1161	13
1162	13
1163	13
1164	13
1165	13
1166	13
1167	13
1168	13
1169	10
1170	4
1171	4
1172	4
1173	4
1174	10
1175	4
1176	10
1177	4
1178	10
1179	10
1180	4
1181	10
1182	10
1183	4
1184	4
1185	4
1186	4
1187	10
1188	10
1189	10
1190	4
1191	4
1192	4
1193	4
1194	4
1195	10
1196	4
1197	10
1198	4
1199	10
1200	1
1201	1
1202	1
1203	1
1204	4
1205	1
1206	1
1207	1
1208	1
1209	1
1210	1
1211	1
1212	1
1213	1
1214	1
1215	1
1216	1
1217	4
1218	1
1219	1
1220	1
1221	1
1222	1
1223	1
1224	1
1225	1
1226	1
1227	4
1228	4
1229	1
1230	4
1231	1
1232	1
1233	1
1234	1
1235	4
1236	1
1237	1
1238	1
1239	1
1240	9
1241	9
1242	8
1243	9
1244	8
1245	8
1246	8
1247	8
1248	9
1249	9
1250	9
1251	9
1252	9
1253	10
1254	10
1255	10
1256	10
1257	10
1258	9
1259	9
1260	9
1261	9
1262	8
1263	9
1264	10
1265	10
1266	2
1267	10
1268	10
1269	2
1270	10
1271	2
1272	2
1273	2
1274	2
1275	2
1276	10
1277	2
1278	13
1279	13
1280	13
1281	9
1282	8
1283	8
1284	2
1285	10
1286	10
1287	2
1288	13
1289	13
1290	13
1291	13
1292	13
1293	13
1294	13
1295	13
1296	13
1297	13
1298	13
1299	13
1300	13
1301	13
1302	13
1303	6
1304	6
1305	6
1306	6
1307	6
1308	6
1309	6
1310	6
1311	6
1312	6
1313	6
1314	1
1315	1
1316	1
1317	1
1318	1
1319	1
1320	1
1321	1
1322	1
1323	1
1324	1
1325	1
1326	1
1327	1
1328	1
1329	1
1330	1
1331	12
1332	12
1333	1
1334	1
1335	1
1336	12
1337	12
1338	1
1339	1
1340	12
1341	12
1342	1
1343	1
1344	12
1345	1
1346	6
1347	6
1348	6
1349	6
1350	6
1351	6
1352	6
1353	6
1354	6
1355	6
1356	6
1357	6
1358	6
1359	6
1360	6
1361	6
1362	6
1363	12
1364	12
1365	12
1366	12
1367	12
1368	12
1369	12
1370	12
1371	12
1372	12
1373	12
1374	12
1375	12
1376	12
1377	12
1378	12
1379	12
1380	12
1381	13
1382	13
1383	13
1384	13
1385	13
1386	13
1387	13
1388	13
1389	13
1390	13
1391	13
1392	13
1393	13
1394	13
1395	13
1396	13
1397	2
1398	6
1399	6
1400	6
1401	2
1402	6
1403	6
1404	2
1405	6
1406	6
1407	6
1408	6
1409	6
1410	2
1411	6
1412	6
1413	6
1414	6
1415	6
1416	6
1417	2
1418	2
1419	6
1420	2
1421	6
1422	2
1423	6
1424	6
1425	2
1426	2
1427	6
1428	5
1429	5
1430	5
1431	5
1432	5
1433	5
1434	5
1435	5
1436	5
1437	5
1438	5
1439	5
1440	5
1441	4
1442	4
1443	4
1444	4
1445	4
1446	4
1447	4
1448	4
1449	4
1450	4
1451	4
1452	4
1453	4
1454	4
1455	5
1456	5
1457	5
1458	5
1459	5
1460	5
1461	5
1462	5
1463	5
1464	5
1465	13
1466	13
1467	13
1468	13
1469	13
1470	13
1471	13
1472	13
1473	13
1474	13
1475	13
1476	13
1477	13
1478	13
1479	13
1480	13
1481	13
1482	13
1483	13
1484	13
1485	13
1486	13
1487	13
1488	13
1489	10
1490	10
1491	10
1492	10
1493	10
1494	10
1495	10
1496	10
1497	10
1498	10
1499	10
1500	10
1501	2
1502	2
1503	2
1504	2
1505	2
1506	2
1507	2
1508	2
1509	2
1510	2
1511	2
1512	2
1513	2
1514	2
1515	2
1516	2
1517	2
1518	2
1519	2
1520	2
1521	2
1522	2
1523	2
1524	2
1525	2
1526	2
1527	2
1528	2
1529	7
1530	7
1531	7
1532	7
1533	7
1534	7
1535	7
1536	7
1537	7
1538	7
1539	7
1540	7
1541	7
1542	7
1543	7
1544	7
1545	7
1546	7
1547	7
1548	7
1549	7
1550	7
1551	7
1552	7
1553	1
1554	1
1555	1
1556	1
1557	1
1558	1
1559	1
1560	1
1561	1
1562	1
1563	1
1564	1
1565	1
1566	1
1567	1
1568	1
1569	1
1570	1
1571	1
1572	1
1573	1
1574	1
1575	1
1576	10
1577	10
1578	10
1579	10
1580	10
1581	10
1582	10
1583	10
1584	10
1585	10
1586	10
1587	10
1588	10
1589	10
1590	10
1591	10
1592	10
1593	6
1594	6
1595	6
1596	6
1597	6
1598	6
1599	6
1600	6
1601	6
1602	1
1603	1
1604	1
1605	1
1606	1
1607	1
1608	1
1609	1
1610	1
1611	1
1612	1
1613	1
1614	1
1615	1
1616	1
1617	1
1618	13
1619	13
1620	13
1621	13
1622	13
1623	13
1624	13
1625	13
1626	13
1627	13
1628	13
1629	4
1630	4
1631	4
1632	4
1633	4
1634	4
1635	4
1636	4
1637	4
1638	4
1639	4
1640	4
1641	4
1642	4
1643	4
1644	13
1645	13
1646	13
1647	13
1648	13
1649	4
1650	4
1651	4
1652	4
1653	4
1654	4
1655	4
1656	4
1658	4
1659	4
1660	4
1661	4
1662	4
1663	4
1664	4
1665	4
1666	4
1667	4
1668	4
1669	4
1670	4
1671	4
1672	1
1673	13
1674	4
1675	4
1676	4
1677	13
1678	9
1679	9
1680	9
1681	9
1682	9
1683	9
1684	9
1685	2
1686	2
1687	2
1688	2
1689	2
1690	2
1691	2
1692	2
1693	2
1694	2
1695	2
1696	2
1697	2
1698	2
1699	2
1700	2
1701	4
1702	4
1703	3
1704	3
1705	4
1706	4
1707	4
1708	4
1709	4
1710	4
1711	4
1712	4
1713	13
1714	13
1715	13
1716	13
1717	13
1718	13
1719	13
1720	13
1721	13
1722	13
1723	13
1724	13
1725	4
1726	4
1727	4
1728	13
1729	4
1730	4
1731	4
1732	4
1733	4
1734	4
1735	4
1736	4
1737	4
1738	4
1739	4
1740	4
1741	4
1742	2
1743	2
1744	2
1745	2
1746	2
1747	2
1748	2
1749	2
1750	2
1751	2
1752	2
1753	2
1754	2
1755	2
1756	2
1757	13
1758	13
1759	13
1760	13
1761	2
1762	2
1763	2
1764	3
1765	2
1766	2
1767	3
1768	2
1769	2
1770	2
1771	2
1772	2
1773	2
1774	13
1775	13
1776	13
1777	13
1778	13
1779	13
1780	13
1781	13
1782	13
1783	13
1784	13
1785	13
1786	13
1787	2
1788	2
1789	2
1790	2
1791	2
1792	2
1793	2
1794	2
1795	13
1796	13
1797	13
1798	13
1799	2
1800	2
1801	2
1802	2
1803	2
1804	2
1805	2
1806	2
1807	2
1808	2
1809	3
1810	5
1811	5
1812	5
1813	5
1814	5
1815	5
1816	5
1817	5
1818	3
1819	5
1820	3
1821	5
1822	3
1823	5
1824	5
1825	3
1826	5
1827	5
1828	3
1829	5
1830	9
1831	9
1832	9
1833	9
1834	9
1835	5
1836	5
1837	9
1838	3
1839	5
1840	8
1841	8
1842	8
1843	8
1844	8
1845	3
1846	5
1847	5
1848	5
1849	3
1850	5
1851	5
1852	5
1853	5
1854	3
1855	5
1856	5
1857	13
1858	13
1859	13
1860	13
1861	13
1862	13
1863	5
1864	5
1865	5
1866	5
1867	5
1868	3
1869	5
1870	5
1871	3
1872	9
1873	9
1874	9
1875	9
1876	9
1877	9
1878	9
1879	9
1880	9
1881	9
1882	9
1883	9
1884	9
1885	9
1886	9
1887	9
1888	9
1889	9
1890	9
1891	9
1892	9
1893	9
1894	9
1895	6
1896	6
1897	6
1898	10
1899	10
1900	10
1901	10
1902	10
1903	10
1904	6
1905	6
1906	6
1907	6
1908	6
1909	6
1910	6
1911	6
1912	6
1913	6
1914	6
1915	6
1916	10
1917	10
1918	10
1919	10
1920	10
1921	10
1922	10
1923	10
1924	6
1925	6
1926	6
1927	6
1928	6
1929	6
1930	6
1931	6
1932	6
1933	6
1934	6
1935	6
1936	6
1937	6
1938	6
1939	6
1940	6
1941	6
1942	6
1943	6
1944	6
1945	6
1946	6
1947	6
1948	6
1949	6
1950	6
1951	6
1952	6
1953	6
1954	6
1955	6
1956	6
1957	6
1958	6
1959	6
1960	6
1961	6
1962	6
1963	6
1964	6
1965	6
1966	6
1967	6
1968	6
1969	6
1970	6
1971	6
1972	6
1973	6
1974	6
1975	6
1976	7
1977	7
1978	7
1979	7
1980	7
1981	7
1982	7
1983	7
1984	7
1985	7
1986	7
1987	7
1988	7
1989	7
1990	7
1991	7
1992	7
1993	7
1994	7
1995	7
1996	7
1997	7
1998	7
1999	7
2000	7
2001	7
2002	7
2003	7
2004	7
2005	7
2006	7
2007	7
2008	7
2009	7
2010	7
2011	7
2012	7
2013	7
2014	7
2015	7
2016	7
2017	9
2018	9
2019	9
2020	9
2021	9
2022	9
2023	9
2024	7
2025	9
2026	9
2027	9
2028	9
2029	9
2030	7
2031	7
2032	7
2033	7
2034	7
2035	7
2036	7
2037	7
2038	13
2039	13
2040	13
2041	13
2042	13
2043	9
2044	9
2045	9
2046	7
2047	7
2048	13
2049	13
2050	9
2051	7
2052	7
2053	7
2054	7
2055	7
2056	7
2057	7
2058	7
2059	7
2060	7
2061	7
2062	7
2063	7
2064	7
2065	7
2066	7
2067	7
2068	9
2069	9
2070	9
2071	9
2072	9
2073	9
2074	9
2075	9
2076	9
2077	9
2078	9
2079	9
2080	9
2081	9
2082	9
2083	9
2084	9
2085	9
2086	9
2087	9
2088	9
2089	10
2090	10
2091	10
2092	10
2093	10
2094	10
2095	10
2096	2
2097	2
2098	2
2099	2
2100	2
2101	2
2102	2
2103	2
2104	2
2105	2
2106	2
2107	2
2108	2
2109	2
2110	2
2111	2
2112	2
2113	3
2114	3
2115	3
2116	3
2117	3
2118	5
2119	5
2120	3
2121	3
2122	5
2123	5
2124	9
2125	3
2126	3
2127	3
2128	3
2129	3
2130	5
2131	3
2132	3
2133	5
2134	5
2135	3
2136	5
2137	5
2138	5
2139	3
2140	5
2141	3
2142	5
2143	3
2144	5
2145	3
2146	5
2147	5
2148	3
2149	5
2150	3
2151	3
2152	3
2153	3
2154	3
2155	3
2156	5
2157	3
2158	3
2159	3
2160	3
2161	3
2162	3
2163	3
2164	3
2165	3
2166	5
2167	3
2168	3
2169	3
2170	3
2171	3
2172	3
2173	3
2174	5
2175	5
2176	5
2177	5
2178	3
2179	3
2180	3
2181	3
2182	3
2183	3
2184	3
2185	3
2186	3
2187	3
2188	5
2189	3
2190	3
2191	3
2192	3
2193	3
2194	5
2195	3
2196	5
2197	5
2198	3
2199	5
2200	3
2201	3
2202	5
2203	3
2204	3
2205	3
2206	3
2207	3
2208	3
2209	3
2210	3
2211	5
2212	3
2213	3
2214	3
2215	5
2216	5
2217	3
2218	3
2219	3
2220	3
2221	3
2222	3
2223	5
2224	3
2225	3
2226	3
2227	3
2228	3
2229	3
2230	3
2231	3
2232	3
2233	5
2234	5
2235	3
2236	5
2237	5
2238	5
2239	3
2240	3
2241	3
2242	5
2243	5
2244	5
2245	5
2246	3
2247	3
2248	3
2249	3
2250	3
2251	3
2252	3
2253	5
2254	5
2255	5
2256	3
2257	3
2258	3
2259	3
2260	3
2261	3
2262	3
2263	3
2264	3
2265	3
2266	5
2267	3
2268	3
2269	5
2270	5
2271	5
2272	3
2273	5
2274	3
2275	3
2276	3
2277	5
2278	3
2279	3
2280	3
2281	3
2282	3
2283	5
2284	9
2285	9
2286	3
2287	3
2288	3
2289	3
2290	3
2291	3
2292	3
2293	3
2294	3
2295	3
2296	3
2297	3
2298	5
2299	5
2300	5
2301	3
2302	5
2303	3
2304	5
2305	3
2306	3
2307	3
2308	3
2309	9
2310	9
2311	9
2312	10
2313	10
2314	10
2315	10
2316	10
2317	10
2318	10
2319	10
2320	10
2321	10
2322	10
2323	10
2324	10
2325	10
2326	10
2327	10
2328	10
2329	10
2330	6
2331	6
2332	6
2333	6
2334	6
2335	6
2336	6
2337	6
2338	6
2339	6
2340	6
2341	6
2342	6
2343	6
2344	6
2345	6
2346	10
2347	10
2348	10
2349	10
2350	10
2351	10
2352	10
2353	10
2354	10
2355	10
2356	10
2357	10
2358	10
2359	10
2360	10
2361	10
2362	10
2363	10
2364	10
2365	10
2366	5
2367	5
2368	5
2369	5
2370	5
2371	5
2372	5
2373	5
2374	5
2375	5
2376	5
2377	5
2378	5
2379	5
2380	5
2381	5
2382	5
2383	5
2384	5
2385	5
2386	5
2387	5
2388	5
2389	5
2390	5
2391	5
2392	5
2393	5
2394	5
2395	5
2396	5
2397	5
2398	5
2399	5
2400	5
2401	5
2402	5
2403	5
2404	5
2405	5
2406	5
2407	5
2408	5
2409	5
2410	5
2411	5
2412	5
2413	5
2414	5
2415	12
2416	11
2417	12
2418	12
2419	11
2420	11
2421	11
2422	11
2423	12
2424	11
2425	12
2426	11
2427	11
2428	11
2429	11
2430	11
2431	11
2432	11
2433	11
2434	11
2435	12
2436	11
2437	11
2438	11
2439	11
2440	11
2441	11
2442	11
2443	11
2444	12
2445	11
2446	11
2447	11
2448	12
2449	12
2450	12
2451	12
2452	12
2453	12
2454	12
2455	12
2456	12
2457	12
2458	12
2459	12
2460	11
2461	11
2462	12
2463	12
2464	12
2465	11
2466	11
2467	12
2468	12
2469	12
2470	12
2471	12
2472	11
2473	11
2474	11
2475	12
2476	12
2477	12
2478	12
2479	12
2480	12
2481	12
2482	12
2483	12
2484	12
2485	12
2486	12
2487	12
2488	12
2489	12
2490	12
2491	12
2492	12
2493	12
2494	12
2495	12
2496	11
2497	11
2498	11
2499	11
2500	12
2501	12
2502	11
2503	11
2504	11
2505	11
2506	11
2507	11
2508	11
2509	11
2510	11
2511	11
2512	11
2513	11
2514	11
2515	11
2516	11
2517	11
2518	11
2519	11
2520	11
2521	11
2522	11
2523	11
2524	11
2525	11
2526	12
2527	11
2528	11
2529	11
2530	11
2531	11
2532	11
2533	11
2534	11
2535	11
2536	11
2537	11
2538	11
2539	11
2540	11
2541	11
2542	11
2543	11
2544	11
2545	11
2546	11
2547	11
2548	11
2549	11
2550	11
2551	11
2552	11
2553	11
2554	11
2555	11
2556	11
2557	11
2558	11
2559	11
2560	11
2561	11
2562	11
2563	11
2564	11
2565	11
2566	11
2567	11
2568	11
2569	11
2570	11
2571	11
2572	11
2573	11
2574	11
2575	12
2576	12
2577	11
2578	12
2579	11
2580	11
2581	11
2582	11
2583	12
2584	11
2585	12
2586	12
2587	11
2588	11
2589	11
2590	11
2591	11
2592	11
2593	11
2594	12
2595	12
2596	12
2597	11
2598	11
2599	12
2600	11
2601	11
2602	11
2603	11
2604	11
2605	11
2606	9
2607	9
2608	9
2609	9
2610	9
2611	9
2612	9
2613	9
2614	9
2615	9
2616	9
2617	9
2618	9
2619	9
2620	9
2621	9
2622	9
2623	9
2624	9
2625	9
2626	9
2627	9
2628	9
2629	9
2630	9
2631	9
2632	9
2633	9
2634	9
2635	9
2636	9
2637	9
2638	9
2639	9
2640	8
2641	8
2642	8
2643	8
2644	7
2645	8
2646	8
2647	8
2648	8
2649	8
2650	8
2651	8
2652	8
2653	8
2654	8
2655	8
2656	7
2657	8
2658	7
2659	8
2660	7
2661	8
2662	8
2663	8
2664	8
2665	8
2666	8
2667	8
2668	8
2669	8
2670	8
2671	8
2672	8
2673	8
2674	8
2675	8
2676	8
2677	8
2678	8
2679	8
2680	8
2681	8
2682	8
2683	8
2684	8
2685	8
2686	8
2687	8
2688	6
2689	6
2690	6
2691	6
315	10
1657	4
