0	4
1	4
2	4
3	4
4	4
5	4
6	4
7	6
8	6
9	6
10	6
11	6
12	6
13	6
14	6
15	6
16	6
17	6
18	5
19	1
20	1
21	11
22	11
23	11
24	11
25	11
26	11
27	11
28	11
29	5
30	5
31	5
32	5
33	5
34	5
35	5
36	5
37	5
38	5
39	5
40	5
41	5
42	5
43	5
44	5
45	5
46	5
47	5
48	5
49	5
50	5
51	5
52	5
53	7
54	7
55	7
56	7
57	7
58	5
59	5
60	5
61	5
62	5
63	5
64	5
65	7
66	7
67	7
68	7
69	7
70	7
71	11
72	11
73	11
74	11
75	5
76	5
77	5
78	5
79	5
80	5
81	5
82	5
83	10
84	10
85	10
86	10
87	10
88	10
89	10
90	10
91	10
92	10
93	10
94	10
95	10
96	6
97	6
98	6
99	6
100	6
101	6
102	6
103	6
104	6
105	6
106	6
107	6
108	6
109	6
110	6
111	6
112	6
113	6
114	6
115	6
116	6
117	6
118	6
119	6
120	6
121	6
122	6
123	6
124	6
125	6
126	6
127	6
128	6
129	13
130	13
131	13
132	13
133	13
134	13
135	13
136	13
137	13
138	13
139	13
140	13
141	13
142	13
143	13
144	13
145	13
146	13
147	13
148	13
149	13
150	13
151	13
152	13
153	13
154	13
155	13
156	13
157	13
158	13
159	13
160	13
161	13
162	13
163	13
164	13
165	13
166	2
167	2
168	2
169	2
170	2
171	2
172	2
173	2
174	2
175	2
176	2
177	2
178	2
179	2
180	2
181	2
182	2
183	4
184	4
185	4
186	4
187	4
188	4
189	4
190	4
191	4
192	4
193	4
194	4
195	4
196	4
197	4
198	4
199	4
200	4
201	4
202	4
203	4
204	4
205	4
206	4
207	4
208	11
209	11
210	11
211	11
212	11
213	11
214	11
215	11
216	11
217	11
218	11
219	11
220	11
221	11
222	11
223	11
224	11
225	11
226	13
227	13
228	13
229	13
230	13
231	13
232	13
233	13
234	13
235	13
236	11
237	11
238	11
239	11
240	11
241	11
242	11
243	11
244	11
245	11
246	11
247	11
248	4
249	4
250	4
251	4
252	4
253	4
254	4
255	4
256	4
257	4
258	4
259	4
260	4
261	12
262	12
263	12
264	12
265	12
266	12
267	12
268	13
269	12
270	12
271	12
272	12
273	12
274	12
275	12
276	12
277	12
278	13
279	12
280	12
281	12
282	13
283	13
284	13
285	13
286	12
287	13
288	13
289	12
290	13
291	13
292	12
293	13
294	12
295	13
296	12
297	12
298	12
299	13
300	12
301	12
302	4
303	4
304	4
305	4
306	7
307	7
308	7
309	7
310	7
311	7
312	7
313	7
314	7
316	5
317	5
318	5
319	5
320	5
321	5
322	5
323	5
324	5
325	5
326	5
327	5
328	5
329	5
330	5
331	7
332	7
333	7
334	7
335	7
336	7
337	5
338	5
339	5
340	7
341	7
342	7
343	7
344	11
345	11
346	7
347	7
348	7
349	7
350	7
351	7
352	7
353	7
354	7
355	7
356	2
357	2
358	2
359	2
360	2
361	2
362	2
363	2
364	2
365	2
366	2
367	2
368	2
369	7
370	11
371	7
372	7
373	7
374	7
375	7
376	7
377	7
378	7
379	7
380	7
381	7
382	7
383	7
384	7
385	7
386	7
387	7
388	7
389	5
390	5
391	5
392	5
393	5
394	7
395	7
396	7
397	7
398	5
399	5
400	5
401	5
402	5
403	11
404	11
405	11
406	11
407	11
408	11
409	1
410	1
411	1
412	1
413	1
414	1
415	1
416	1
417	1
418	1
419	1
420	1
421	1
422	1
423	1
424	1
425	2
426	2
427	2
428	2
429	2
430	2
431	2
432	2
433	1
434	1
435	1
436	1
437	1
438	1
439	1
440	1
441	1
442	1
443	1
444	1
445	1
446	2
447	2
448	2
449	2
450	2
451	1
452	1
453	1
454	2
455	2
456	2
457	1
458	1
459	1
460	1
461	1
462	1
463	2
464	2
465	2
466	2
467	2
468	2
469	2
470	2
471	2
472	2
473	1
474	1
475	12
476	12
477	13
478	13
479	13
480	13
481	13
482	13
483	13
484	11
485	11
486	13
487	13
488	13
489	12
490	12
491	12
492	12
493	12
494	12
495	13
496	13
497	13
498	11
499	13
500	13
501	13
502	11
503	13
504	13
505	13
506	11
507	11
508	11
509	11
510	11
511	11
512	11
513	11
514	11
515	11
516	11
517	11
518	11
519	11
520	11
521	11
522	10
523	10
524	10
525	10
526	4
527	4
528	10
529	10
530	10
531	10
532	10
533	10
534	10
535	10
536	10
537	10
538	4
539	4
540	4
541	4
542	4
543	4
544	4
545	4
546	4
547	4
548	4
549	4
550	4
551	4
552	4
553	4
554	4
555	4
556	4
557	4
558	4
559	11
560	11
561	11
562	11
563	11
564	11
565	4
566	4
567	4
568	4
569	4
570	10
571	10
572	10
573	10
574	10
575	10
576	10
577	10
578	10
579	10
580	10
581	4
582	4
583	4
584	4
585	4
586	4
587	12
588	12
589	12
590	12
591	12
592	12
593	12
594	12
595	12
596	12
597	12
598	12
599	12
600	12
601	12
602	12
603	4
604	4
605	4
606	4
607	4
608	4
609	4
610	4
611	4
612	4
613	4
614	4
615	4
616	4
617	12
618	12
619	12
620	12
621	12
622	12
623	12
624	12
625	12
626	12
627	12
628	12
629	12
630	12
631	12
632	12
633	12
634	12
635	12
636	12
637	12
638	12
639	4
640	4
641	4
642	4
643	4
644	4
645	4
646	4
647	4
648	4
649	4
650	4
651	4
652	4
653	4
654	4
655	4
656	4
657	12
658	12
659	12
660	12
661	1
662	1
663	1
664	1
665	1
666	1
667	1
668	1
669	1
670	13
671	13
672	13
673	13
674	13
675	13
676	13
677	13
678	13
679	13
680	1
681	1
682	1
683	1
684	1
685	1
686	1
687	1
688	1
689	1
690	1
691	1
692	1
693	1
694	1
695	1
696	1
697	13
698	13
699	13
700	13
701	13
702	13
703	13
704	13
705	13
706	13
707	13
708	13
709	13
710	13
711	13
712	13
713	13
714	1
715	1
716	12
717	12
718	13
719	13
720	13
721	12
722	12
723	12
724	12
725	12
726	12
727	12
728	12
729	12
730	12
731	12
732	5
733	5
734	5
735	5
736	5
737	13
738	12
739	12
740	13
741	12
742	12
743	13
744	12
745	5
746	5
747	5
748	5
749	5
750	5
751	5
752	5
753	5
754	5
755	5
756	5
757	5
758	5
759	5
760	5
761	5
762	5
763	5
764	5
765	5
766	12
767	12
768	12
769	12
770	5
771	5
772	12
773	12
774	12
775	12
776	13
777	13
778	13
779	12
780	13
781	13
782	13
783	12
784	12
785	11
786	12
787	13
788	12
789	12
790	12
791	11
792	11
793	11
794	11
795	11
796	11
797	11
798	11
799	11
800	11
801	12
802	12
803	12
804	12
805	11
806	11
807	11
808	12
809	12
810	12
811	9
812	9
813	9
814	9
815	9
816	10
817	9
818	9
819	10
820	9
821	9
822	9
823	9
824	9
825	10
826	9
827	10
828	10
829	9
830	9
831	9
832	10
833	10
834	9
835	9
836	9
837	9
838	9
839	10
840	9
841	10
842	9
843	9
844	9
845	9
846	9
847	9
848	10
849	10
850	9
851	9
852	9
853	9
854	9
855	10
856	9
857	9
858	4
859	4
860	4
861	4
862	4
863	4
864	4
865	4
866	4
867	4
868	4
869	4
870	4
871	9
872	9
873	10
874	9
875	9
876	9
877	9
878	10
879	9
880	10
881	9
882	9
883	9
884	9
885	9
886	9
887	9
888	9
889	9
890	9
891	10
892	9
893	9
894	9
895	9
896	9
897	10
898	9
899	10
900	10
901	10
902	9
903	9
904	9
905	9
906	10
907	9
908	9
909	10
910	10
911	10
912	10
913	10
914	9
915	9
916	10
917	9
918	10
919	10
920	9
921	9
922	10
923	10
924	10
925	9
926	10
927	9
928	9
929	9
930	9
931	9
932	10
933	10
934	10
935	9
936	9
937	9
938	10
939	10
940	10
941	10
942	9
943	10
944	10
945	10
946	10
947	9
948	9
949	9
950	10
951	9
952	9
953	10
954	10
955	10
956	10
957	9
958	9
959	9
960	10
961	10
962	9
963	9
964	9
965	9
966	10
967	10
968	10
969	9
970	10
971	10
972	9
973	9
974	9
975	9
976	9
977	9
978	10
979	10
980	10
981	10
982	9
983	9
984	9
985	2
986	2
987	2
988	2
989	2
990	2
991	2
992	2
993	2
994	2
995	2
996	2
997	2
998	2
999	2
1000	2
1001	2
1002	2
1003	2
1004	2
1005	2
1006	2
1007	9
1008	9
1009	2
1010	9
1011	9
1012	9
1013	9
1014	9
1015	9
1016	9
1017	9
1018	9
1019	9
1020	9
1021	9
1022	9
1023	9
1024	9
1025	9
1026	9
1027	9
1028	9
1029	9
1030	9
1031	9
1032	9
1033	9
1034	9
1035	9
1036	5
1037	5
1038	9
1039	9
1040	9
1041	9
1042	9
1043	9
1044	9
1045	9
1046	9
1047	5
1048	9
1049	9
1050	5
1051	9
1052	9
1053	9
1054	9
1055	5
1056	5
1057	9
1058	9
1059	9
1060	9
1061	9
1062	9
1063	5
1064	9
1065	5
1066	5
1067	5
1068	9
1069	9
1070	9
1071	9
1072	9
1073	9
1074	9
1075	1
1076	1
1077	1
1078	1
1079	1
1080	1
1081	1
1082	1
1083	1
1084	1
1085	1
1086	1
1087	12
1088	12
1089	12
1090	12
1091	12
1092	12
1093	12
1094	12
1095	12
1096	12
1097	11
1098	11
1099	11
1100	11
1101	11
1102	12
1103	11
1104	12
1105	12
1106	12
1107	7
1108	7
1109	7
1110	7
1111	7
1112	7
1113	7
1114	7
1115	7
1116	7
1117	7
1118	7
1119	7
1120	7
1121	7
1122	7
1123	7
1124	7
1125	7
1126	7
1127	7
1128	7
1129	7
1130	7
1131	7
1132	7
1133	7
1134	7
1135	7
1136	7
1137	7
1138	7
1139	7
1140	7
1141	7
1142	7
1143	7
1144	7
1145	7
1146	7
1147	7
1148	7
1149	7
1150	7
1151	7
1152	7
1153	7
1154	11
1155	11
1156	11
1157	11
1158	11
1159	11
1160	11
1161	11
1162	11
1163	11
1164	11
1165	11
1166	11
1167	11
1168	11
1169	9
1170	9
1171	9
1172	9
1173	9
1174	9
1175	9
1176	9
1177	9
1178	9
1179	9
1180	9
1181	9
1182	9
1183	9
1184	9
1185	9
1186	9
1187	9
1188	9
1189	9
1190	5
1191	9
1192	9
1193	9
1194	9
1195	9
1196	9
1197	9
1198	9
1199	9
1200	10
1201	10
1202	10
1203	10
1204	10
1205	10
1206	10
1207	10
1208	10
1209	10
1210	10
1211	10
1212	10
1213	10
1214	10
1215	10
1216	10
1217	10
1218	10
1219	10
1220	10
1221	10
1222	10
1223	10
1224	10
1225	10
1226	10
1227	10
1228	10
1229	10
1230	10
1231	10
1232	10
1233	10
1234	10
1235	10
1236	10
1237	10
1238	10
1239	10
1240	13
1241	13
1242	13
1243	13
1244	13
1245	13
1246	13
1247	13
1248	13
1249	13
1250	13
1251	13
1252	13
1253	5
1254	5
1255	5
1256	5
1257	5
1258	13
1259	13
1260	13
1261	13
1262	13
1263	13
1264	5
1265	5
1266	5
1267	5
1268	5
1269	5
1270	5
1271	5
1272	5
1273	5
1274	5
1275	5
1276	5
1277	5
1278	11
1279	11
1280	11
1281	13
1282	13
1283	13
1284	5
1285	5
1286	5
1287	5
1288	11
1289	11
1290	11
1291	11
1292	11
1293	11
1294	11
1295	11
1296	11
1297	11
1298	11
1299	11
1300	11
1301	11
1302	11
1303	1
1304	1
1305	1
1306	1
1307	1
1308	1
1309	1
1310	1
1311	1
1312	1
1313	1
1314	7
1315	7
1316	7
1317	7
1318	7
1319	7
1320	7
1321	7
1322	7
1323	7
1324	7
1325	7
1326	7
1327	7
1328	7
1329	7
1330	7
1331	7
1332	7
1333	7
1334	7
1335	7
1336	7
1337	7
1338	7
1339	7
1340	7
1341	7
1342	7
1343	7
1344	7
1345	7
1346	1
1347	1
1348	1
1349	1
1350	1
1351	1
1352	1
1353	1
1354	1
1355	1
1356	1
1357	1
1358	1
1359	1
1360	1
1361	1
1362	1
1363	7
1364	7
1365	7
1366	7
1367	7
1368	7
1369	7
1370	7
1371	7
1372	7
1373	7
1374	7
1375	7
1376	7
1377	7
1378	7
1379	7
1380	7
1381	11
1382	11
1383	11
1384	11
1385	11
1386	11
1387	11
1388	11
1389	11
1390	11
1391	11
1392	11
1393	11
1394	11
1395	11
1396	11
1397	1
1398	1
1399	1
1400	1
1401	1
1402	1
1403	1
1404	1
1405	1
1406	1
1407	1
1408	1
1409	1
1410	1
1411	1
1412	1
1413	1
1414	1
1415	1
1416	1
1417	1
1418	1
1419	1
1420	1
1421	1
1422	1
1423	1
1424	1
1425	1
1426	1
1427	1
1428	10
1429	10
1430	10
1431	6
1432	10
1433	6
1434	10
1435	6
1436	6
1437	10
1438	6
1439	6
1440	6
1441	5
1442	5
1443	5
1444	5
1445	5
1446	5
1447	5
1448	5
1449	5
1450	5
1451	5
1452	5
1453	5
1454	5
1455	10
1456	10
1457	6
1458	10
1459	10
1460	6
1461	10
1462	10
1463	10
1464	6
1465	11
1466	13
1467	13
1468	13
1469	13
1470	11
1471	11
1472	13
1473	13
1474	11
1475	11
1476	13
1477	11
1478	13
1479	13
1480	11
1481	13
1482	11
1483	11
1484	11
1485	13
1486	11
1487	13
1488	13
1489	5
1490	5
1491	5
1492	5
1493	5
1494	5
1495	5
1496	5
1497	5
1498	5
1499	5
1500	5
1501	1
1502	1
1503	1
1504	1
1505	1
1506	4
1507	4
1508	1
1509	4
1510	4
1511	1
1512	4
1513	4
1514	4
1515	4
1516	1
1517	1
1518	1
1519	1
1520	4
1521	4
1522	1
1523	4
1524	4
1525	4
1526	1
1527	4
1528	4
1529	2
1530	2
1531	2
1532	2
1533	2
1534	2
1535	2
1536	2
1537	2
1538	2
1539	2
1540	2
1541	2
1542	2
1543	2
1544	2
1545	2
1546	2
1547	2
1548	2
1549	2
1550	2
1551	2
1552	10
1553	10
1554	10
1555	10
1556	10
1557	10
1558	10
1559	10
1560	10
1561	10
1562	10
1563	10
1564	10
1565	10
1566	10
1567	10
1568	10
1569	10
1570	10
1571	10
1572	10
1573	10
1574	10
1575	10
1576	5
1577	5
1578	5
1579	5
1580	5
1581	5
1582	5
1583	5
1584	5
1585	5
1586	5
1587	5
1588	5
1589	5
1590	5
1591	5
1592	5
1593	1
1594	1
1595	1
1596	1
1597	1
1598	1
1599	1
1600	1
1601	1
1602	10
1603	10
1604	10
1605	10
1606	10
1607	10
1608	10
1609	10
1610	10
1611	10
1612	10
1613	10
1614	10
1615	10
1616	10
1617	10
1618	11
1619	11
1620	11
1621	11
1622	11
1623	11
1624	11
1625	11
1626	11
1627	11
1628	11
1629	5
1630	5
1631	5
1632	5
1633	5
1634	5
1635	5
1636	5
1637	5
1638	5
1639	5
1640	5
1641	5
1642	5
1643	5
1644	11
1645	11
1646	11
1647	11
1648	11
1649	5
1650	5
1651	5
1652	5
1653	5
1654	5
1655	5
1656	5
1658	5
1659	5
1660	5
1661	5
1662	5
1663	5
1664	5
1665	5
1666	5
1667	5
1668	5
1669	5
1670	5
1671	5
1672	5
1673	11
1674	5
1675	5
1676	5
1677	11
1678	13
1679	13
1680	13
1681	13
1682	13
1683	13
1684	13
1685	5
1686	5
1687	5
1688	5
1689	5
1690	5
1691	5
1692	5
1693	5
1694	5
1695	5
1696	5
1697	5
1698	5
1699	5
1700	5
1701	1
1702	1
1703	6
1704	6
1705	5
1706	5
1707	5
1708	5
1709	1
1710	5
1711	5
1712	5
1713	11
1714	11
1715	11
1716	11
1717	11
1718	11
1719	11
1720	11
1721	11
1722	11
1723	11
1724	11
1725	5
1726	5
1727	5
1728	11
1729	5
1730	5
1731	5
1732	5
1733	5
1734	5
1735	5
1736	1
1737	1
1738	1
1739	1
1740	1
1741	5
1742	4
1743	4
1744	4
1745	4
1746	4
1747	4
1748	4
1749	4
1750	4
1751	4
1752	4
1753	4
1754	4
1755	1
1756	4
1757	11
1758	11
1759	11
1760	11
1761	1
1762	4
1763	4
1764	4
1765	4
1766	4
1767	4
1768	4
1769	4
1770	4
1771	4
1772	4
1773	4
1774	11
1775	11
1776	11
1777	11
1778	11
1779	11
1780	11
1781	11
1782	11
1783	11
1784	11
1785	11
1786	11
1787	4
1788	4
1789	4
1790	4
1791	4
1792	4
1793	4
1794	4
1795	11
1796	11
1797	11
1798	11
1799	4
1800	1
1801	1
1802	4
1803	4
1804	4
1805	4
1806	4
1807	4
1808	4
1809	6
1810	6
1811	6
1812	3
1813	3
1814	3
1815	6
1816	6
1817	3
1818	6
1819	6
1820	6
1821	6
1822	6
1823	6
1824	3
1825	6
1826	6
1827	6
1828	6
1829	6
1830	12
1831	12
1832	12
1833	12
1834	12
1835	3
1836	3
1837	12
1838	6
1839	6
1840	7
1841	7
1842	7
1843	7
1844	7
1845	6
1846	6
1847	6
1848	6
1849	6
1850	6
1851	6
1852	6
1853	6
1854	6
1855	3
1856	3
1857	11
1858	11
1859	11
1860	11
1861	11
1862	11
1863	3
1864	6
1865	6
1866	6
1867	6
1868	6
1869	6
1870	6
1871	6
1872	12
1873	12
1874	12
1875	13
1876	13
1877	13
1878	13
1879	13
1880	13
1881	13
1882	12
1883	13
1884	13
1885	13
1886	12
1887	13
1888	13
1889	13
1890	13
1891	12
1892	13
1893	13
1894	12
1895	1
1896	1
1897	4
1898	7
1899	7
1900	7
1901	7
1902	7
1903	7
1904	1
1905	1
1906	1
1907	1
1908	1
1909	1
1910	1
1911	1
1912	1
1913	1
1914	1
1915	1
1916	7
1917	7
1918	7
1919	7
1920	7
1921	7
1922	7
1923	7
1924	4
1925	4
1926	1
1927	1
1928	4
1929	1
1930	4
1931	1
1932	1
1933	1
1934	1
1935	1
1936	1
1937	4
1938	1
1939	1
1940	4
1941	1
1942	1
1943	1
1944	1
1945	1
1946	1
1947	1
1948	1
1949	1
1950	1
1951	4
1952	4
1953	1
1954	1
1955	1
1956	1
1957	4
1958	1
1959	4
1960	1
1961	1
1962	4
1963	1
1964	1
1965	4
1966	1
1967	1
1968	1
1969	1
1970	1
1971	1
1972	4
1973	1
1974	1
1975	1
1976	2
1977	2
1978	2
1979	2
1980	2
1981	2
1982	2
1983	2
1984	2
1985	2
1986	2
1987	2
1988	2
1989	2
1990	2
1991	2
1992	2
1993	2
1994	2
1995	2
1996	2
1997	2
1998	2
1999	2
2000	2
2001	2
2002	2
2003	2
2004	2
2005	2
2006	2
2007	2
2008	2
2009	2
2010	2
2011	2
2012	2
2013	2
2014	2
2015	2
2016	2
2017	12
2018	12
2019	12
2020	12
2021	12
2022	12
2023	12
2024	13
2025	12
2026	12
2027	12
2028	12
2029	12
2030	13
2031	13
2032	13
2033	13
2034	13
2035	13
2036	13
2037	12
2038	11
2039	11
2040	11
2041	11
2042	11
2043	12
2044	12
2045	12
2046	13
2047	13
2048	11
2049	11
2050	12
2051	13
2052	13
2053	12
2054	12
2055	13
2056	12
2057	13
2058	10
2059	10
2060	10
2061	10
2062	10
2063	10
2064	10
2065	10
2066	10
2067	10
2068	12
2069	12
2070	12
2071	12
2072	12
2073	12
2074	12
2075	12
2076	12
2077	12
2078	12
2079	12
2080	12
2081	12
2082	12
2083	12
2084	12
2085	12
2086	12
2087	12
2088	12
2089	5
2090	5
2091	5
2092	5
2093	5
2094	5
2095	5
2096	4
2097	4
2098	4
2099	4
2100	4
2101	4
2102	4
2103	4
2104	1
2105	4
2106	4
2107	4
2108	4
2109	4
2110	4
2111	4
2112	4
2113	3
2114	3
2115	3
2116	3
2117	3
2118	6
2119	3
2120	3
2121	3
2122	3
2123	6
2124	12
2125	3
2126	3
2127	3
2128	3
2129	3
2130	3
2131	3
2132	3
2133	6
2134	3
2135	3
2136	6
2137	6
2138	6
2139	3
2140	6
2141	3
2142	3
2143	3
2144	3
2145	3
2146	6
2147	3
2148	3
2149	3
2150	3
2151	3
2152	3
2153	3
2154	3
2155	3
2156	3
2157	3
2158	3
2159	3
2160	3
2161	3
2162	3
2163	3
2164	6
2165	6
2166	3
2167	3
2168	3
2169	3
2170	3
2171	3
2172	3
2173	3
2174	3
2175	3
2176	6
2177	6
2178	3
2179	3
2180	6
2181	6
2182	3
2183	3
2184	3
2185	3
2186	3
2187	3
2188	3
2189	3
2190	3
2191	3
2192	3
2193	3
2194	3
2195	3
2196	6
2197	3
2198	3
2199	6
2200	3
2201	3
2202	3
2203	3
2204	3
2205	3
2206	3
2207	3
2208	3
2209	3
2210	3
2211	3
2212	3
2213	3
2214	3
2215	6
2216	6
2217	3
2218	3
2219	3
2220	3
2221	3
2222	3
2223	6
2224	3
2225	3
2226	3
2227	3
2228	3
2229	3
2230	6
2231	6
2232	3
2233	6
2234	6
2235	3
2236	6
2237	6
2238	6
2239	3
2240	3
2241	3
2242	6
2243	3
2244	3
2245	6
2246	3
2247	6
2248	6
2249	3
2250	3
2251	3
2252	3
2253	3
2254	3
2255	3
2256	6
2257	3
2258	3
2259	3
2260	3
2261	6
2262	6
2263	3
2264	3
2265	3
2266	3
2267	3
2268	3
2269	3
2270	3
2271	3
2272	3
2273	3
2274	3
2275	3
2276	3
2277	6
2278	3
2279	3
2280	3
2281	3
2282	3
2283	6
2284	12
2285	12
2286	3
2287	3
2288	3
2289	3
2290	3
2291	3
2292	3
2293	3
2294	3
2295	3
2296	3
2297	3
2298	3
2299	3
2300	6
2301	3
2302	6
2303	3
2304	6
2305	3
2306	3
2307	3
2308	3
2309	12
2310	12
2311	12
2312	7
2313	9
2314	7
2315	9
2316	9
2317	7
2318	9
2319	9
2320	9
2321	9
2322	9
2323	9
2324	9
2325	7
2326	9
2327	9
2328	9
2329	9
2330	4
2331	4
2332	4
2333	4
2334	4
2335	4
2336	4
2337	4
2338	4
2339	4
2340	4
2341	4
2342	4
2343	4
2344	4
2345	4
2346	9
2347	9
2348	9
2349	9
2350	9
2351	9
2352	9
2353	9
2354	9
2355	9
2356	9
2357	9
2358	9
2359	9
2360	9
2361	9
2362	9
2363	9
2364	9
2365	9
2366	6
2367	6
2368	6
2369	6
2370	6
2371	6
2372	6
2373	6
2374	6
2375	6
2376	6
2377	6
2378	6
2379	6
2380	6
2381	6
2382	6
2383	6
2384	6
2385	6
2386	6
2387	6
2388	6
2389	6
2390	6
2391	6
2392	6
2393	6
2394	6
2395	6
2396	6
2397	6
2398	6
2399	6
2400	6
2401	6
2402	6
2403	6
2404	6
2405	6
2406	6
2407	6
2408	6
2409	6
2410	6
2411	6
2412	6
2413	6
2414	6
2415	8
2416	8
2417	8
2418	8
2419	11
2420	11
2421	8
2422	8
2423	8
2424	8
2425	8
2426	8
2427	11
2428	11
2429	11
2430	11
2431	8
2432	8
2433	8
2434	8
2435	8
2436	8
2437	8
2438	8
2439	11
2440	8
2441	8
2442	8
2443	8
2444	8
2445	8
2446	8
2447	8
2448	8
2449	8
2450	8
2451	8
2452	8
2453	8
2454	8
2455	8
2456	8
2457	8
2458	8
2459	8
2460	8
2461	8
2462	8
2463	8
2464	8
2465	8
2466	8
2467	8
2468	8
2469	8
2470	8
2471	8
2472	8
2473	8
2474	8
2475	8
2476	8
2477	8
2478	8
2479	8
2480	8
2481	8
2482	8
2483	8
2484	8
2485	8
2486	8
2487	8
2488	8
2489	8
2490	8
2491	8
2492	8
2493	8
2494	8
2495	8
2496	11
2497	11
2498	8
2499	8
2500	8
2501	8
2502	8
2503	8
2504	8
2505	8
2506	8
2507	8
2508	8
2509	11
2510	8
2511	8
2512	8
2513	8
2514	8
2515	8
2516	8
2517	8
2518	8
2519	8
2520	8
2521	8
2522	8
2523	8
2524	8
2525	11
2526	8
2527	8
2528	8
2529	8
2530	11
2531	11
2532	11
2533	11
2534	8
2535	11
2536	8
2537	11
2538	8
2539	8
2540	11
2541	8
2542	8
2543	8
2544	8
2545	8
2546	8
2547	8
2548	8
2549	8
2550	8
2551	8
2552	11
2553	11
2554	8
2555	8
2556	8
2557	8
2558	8
2559	11
2560	8
2561	8
2562	8
2563	11
2564	8
2565	8
2566	8
2567	8
2568	11
2569	8
2570	8
2571	8
2572	8
2573	8
2574	8
2575	8
2576	8
2577	8
2578	8
2579	8
2580	8
2581	11
2582	8
2583	8
2584	8
2585	8
2586	8
2587	11
2588	11
2589	11
2590	11
2591	11
2592	11
2593	11
2594	8
2595	8
2596	8
2597	8
2598	8
2599	8
2600	8
2601	8
2602	8
2603	8
2604	11
2605	11
2606	12
2607	12
2608	12
2609	12
2610	12
2611	12
2612	12
2613	12
2614	12
2615	12
2616	12
2617	12
2618	12
2619	12
2620	12
2621	12
2622	12
2623	12
2624	12
2625	12
2626	12
2627	12
2628	12
2629	12
2630	12
2631	12
2632	12
2633	12
2634	12
2635	12
2636	12
2637	12
2638	12
2639	12
2640	10
2641	2
2642	2
2643	2
2644	2
2645	2
2646	2
2647	2
2648	2
2649	2
2650	2
2651	2
2652	2
2653	2
2654	2
2655	2
2656	2
2657	2
2658	2
2659	10
2660	10
2661	2
2662	2
2663	10
2664	2
2665	10
2666	2
2667	2
2668	10
2669	2
2670	2
2671	10
2672	2
2673	10
2674	2
2675	2
2676	2
2677	2
2678	2
2679	10
2680	2
2681	10
2682	10
2683	10
2684	10
2685	2
2686	10
2687	10
2688	4
2689	4
2690	4
2691	4
315	5
1657	5
