0	10
1	10
2	10
3	10
4	10
5	10
6	10
7	7
8	7
9	7
10	7
11	7
12	7
13	7
14	7
15	7
16	7
17	7
18	7
19	7
20	7
21	1
22	1
23	1
24	1
25	1
26	1
27	1
28	1
29	7
30	7
31	7
32	7
33	7
34	7
35	7
36	7
37	7
38	7
39	7
40	7
41	7
42	7
43	7
44	7
45	7
46	7
47	7
48	7
49	2
50	2
51	2
52	2
53	4
54	4
55	4
56	4
57	4
58	2
59	2
60	2
61	2
62	2
63	2
64	2
65	4
66	4
67	4
68	4
69	4
70	4
71	1
72	1
73	1
74	1
75	2
76	2
77	2
78	2
79	2
80	2
81	2
82	2
83	13
84	13
85	13
86	13
87	13
88	13
89	13
90	13
91	13
92	13
93	13
94	13
95	13
96	7
97	7
98	7
99	7
100	7
101	7
102	7
103	7
104	7
105	7
106	7
107	7
108	7
109	7
110	7
111	7
112	7
113	7
114	7
115	7
116	7
117	7
118	7
119	7
120	7
121	7
122	7
123	7
124	7
125	7
126	7
127	7
128	7
129	5
130	5
131	5
132	5
133	5
134	5
135	5
136	5
137	5
138	5
139	5
140	5
141	5
142	5
143	5
144	5
145	5
146	5
147	5
148	5
149	5
150	5
151	5
152	5
153	5
154	5
155	5
156	5
157	5
158	5
159	5
160	5
161	5
162	5
163	5
164	5
165	5
166	9
167	9
168	9
169	9
170	9
171	9
172	9
173	9
174	9
175	9
176	9
177	9
178	9
179	9
180	9
181	9
182	9
183	10
184	10
185	10
186	10
187	10
188	10
189	10
190	10
191	10
192	10
193	10
194	10
195	10
196	10
197	10
198	10
199	10
200	10
201	10
202	10
203	10
204	10
205	10
206	10
207	10
208	1
209	1
210	1
211	1
212	1
213	1
214	1
215	1
216	1
217	1
218	1
219	1
220	1
221	1
222	1
223	1
224	1
225	1
226	1
227	1
228	1
229	1
230	1
231	1
232	1
233	1
234	1
235	1
236	1
237	1
238	1
239	1
240	1
241	1
242	1
243	1
244	1
245	1
246	1
247	1
248	10
249	10
250	10
251	10
252	10
253	10
254	10
255	10
256	10
257	10
258	10
259	10
260	10
261	11
262	11
263	11
264	11
265	11
266	11
267	11
268	1
269	1
270	11
271	11
272	11
273	11
274	11
275	11
276	11
277	11
278	1
279	1
280	1
281	1
282	1
283	1
284	1
285	1
286	1
287	11
288	1
289	11
290	1
291	1
292	1
293	1
294	11
295	1
296	11
297	11
298	1
299	1
300	11
301	11
302	10
303	10
304	10
305	10
306	13
307	13
308	13
309	13
310	13
311	13
312	13
313	13
314	13
316	8
317	8
318	8
319	8
320	8
321	8
322	8
323	8
324	8
325	8
326	8
327	8
328	8
329	8
330	8
331	13
332	5
333	13
334	13
335	13
336	13
337	8
338	8
339	8
340	5
341	5
342	13
343	13
344	5
345	5
346	5
347	13
348	5
349	13
350	13
351	13
352	13
353	13
354	13
355	13
356	13
357	13
358	13
359	13
360	13
361	13
362	13
363	13
364	13
365	13
366	13
367	13
368	13
369	13
370	13
371	13
372	13
373	13
374	13
375	13
376	13
377	13
378	13
379	13
380	13
381	13
382	13
383	13
384	13
385	13
386	13
387	13
388	13
389	8
390	8
391	8
392	8
393	8
394	13
395	13
396	5
397	13
398	8
399	8
400	8
401	8
402	8
403	1
404	1
405	1
406	5
407	5
408	5
409	2
410	2
411	2
412	2
413	2
414	2
415	2
416	2
417	2
418	2
419	2
420	2
421	2
422	2
423	2
424	2
425	9
426	9
427	9
428	9
429	9
430	9
431	9
432	9
433	2
434	2
435	2
436	2
437	2
438	2
439	2
440	2
441	2
442	2
443	2
444	2
445	2
446	9
447	9
448	9
449	9
450	9
451	2
452	2
453	2
454	9
455	9
456	9
457	2
458	2
459	2
460	2
461	2
462	2
463	9
464	9
465	9
466	9
467	9
468	9
469	9
470	9
471	9
472	9
473	2
474	2
475	1
476	1
477	9
478	9
479	9
480	9
481	9
482	9
483	9
484	1
485	1
486	9
487	9
488	9
489	1
490	1
491	1
492	1
493	1
494	1
495	9
496	9
497	9
498	1
499	9
500	9
501	9
502	1
503	9
504	9
505	9
506	5
507	1
508	1
509	1
510	1
511	1
512	1
513	1
514	1
515	1
516	1
517	5
518	1
519	5
520	1
521	1
522	12
523	12
524	12
525	12
526	10
527	10
528	12
529	12
530	12
531	12
532	12
533	12
534	12
535	12
536	12
537	12
538	10
539	10
540	10
541	10
542	10
543	10
544	10
545	10
546	10
547	10
548	10
549	10
550	10
551	10
552	10
553	10
554	10
555	10
556	10
557	10
558	10
559	1
560	1
561	1
562	1
563	1
564	1
565	10
566	10
567	10
568	10
569	10
570	12
571	12
572	12
573	12
574	12
575	12
576	12
577	12
578	12
579	12
580	12
581	10
582	10
583	10
584	10
585	10
586	10
587	1
588	1
589	1
590	1
591	1
592	1
593	1
594	1
595	1
596	1
597	1
598	1
599	1
600	1
601	1
602	1
603	10
604	10
605	10
606	10
607	10
608	10
609	10
610	10
611	10
612	10
613	10
614	10
615	10
616	10
617	1
618	1
619	1
620	1
621	1
622	1
623	1
624	1
625	1
626	1
627	1
628	1
629	1
630	1
631	1
632	1
633	1
634	1
635	1
636	1
637	1
638	1
639	10
640	10
641	10
642	10
643	10
644	10
645	10
646	10
647	10
648	10
649	10
650	10
651	10
652	10
653	10
654	10
655	10
656	10
657	11
658	11
659	11
660	11
661	2
662	2
663	2
664	2
665	2
666	2
667	2
668	2
669	2
670	9
671	9
672	9
673	9
674	9
675	9
676	9
677	5
678	5
679	5
680	2
681	2
682	2
683	2
684	2
685	2
686	2
687	2
688	2
689	2
690	2
691	2
692	2
693	2
694	2
695	2
696	2
697	9
698	9
699	5
700	5
701	9
702	5
703	9
704	9
705	5
706	9
707	9
708	9
709	9
710	9
711	9
712	9
713	9
714	2
715	2
716	11
717	11
718	9
719	9
720	9
721	11
722	11
723	11
724	11
725	11
726	11
727	11
728	11
729	11
730	11
731	11
732	7
733	7
734	7
735	7
736	7
737	11
738	11
739	11
740	11
741	11
742	11
743	11
744	11
745	7
746	7
747	7
748	7
749	7
750	7
751	7
752	7
753	7
754	7
755	7
756	7
757	7
758	7
759	7
760	7
761	7
762	7
763	7
764	7
765	7
766	11
767	11
768	11
769	11
770	7
771	7
772	11
773	11
774	11
775	11
776	11
777	11
778	11
779	11
780	11
781	11
782	11
783	11
784	11
785	5
786	11
787	11
788	11
789	11
790	11
791	5
792	5
793	5
794	5
795	5
796	5
797	5
798	5
799	5
800	5
801	11
802	11
803	11
804	11
805	5
806	5
807	5
808	11
809	11
810	11
811	4
812	8
813	4
814	4
815	4
816	4
817	4
818	8
819	4
820	8
821	4
822	4
823	4
824	4
825	4
826	4
827	4
828	4
829	8
830	4
831	4
832	4
833	4
834	4
835	4
836	4
837	4
838	4
839	4
840	4
841	4
842	4
843	4
844	4
845	4
846	4
847	8
848	4
849	4
850	8
851	4
852	4
853	4
854	4
855	4
856	8
857	8
858	10
859	10
860	10
861	10
862	10
863	10
864	10
865	10
866	10
867	10
868	10
869	10
870	10
871	4
872	4
873	4
874	4
875	4
876	4
877	4
878	4
879	4
880	4
881	4
882	4
883	4
884	4
885	4
886	4
887	4
888	4
889	4
890	4
891	4
892	8
893	4
894	4
895	4
896	4
897	4
898	4
899	4
900	4
901	8
902	4
903	4
904	4
905	4
906	4
907	4
908	4
909	4
910	4
911	8
912	8
913	4
914	4
915	4
916	4
917	4
918	4
919	4
920	4
921	4
922	8
923	8
924	4
925	4
926	4
927	4
928	4
929	4
930	8
931	8
932	4
933	8
934	4
935	4
936	4
937	4
938	4
939	4
940	4
941	4
942	8
943	4
944	8
945	8
946	4
947	4
948	4
949	8
950	4
951	4
952	4
953	4
954	8
955	4
956	8
957	4
958	4
959	4
960	4
961	4
962	8
963	4
964	4
965	4
966	4
967	4
968	4
969	4
970	4
971	4
972	4
973	4
974	4
975	8
976	4
977	4
978	4
979	4
980	4
981	4
982	8
983	8
984	8
985	9
986	9
987	9
988	9
989	9
990	9
991	9
992	9
993	9
994	9
995	9
996	9
997	9
998	9
999	9
1000	9
1001	9
1002	9
1003	9
1004	9
1005	9
1006	9
1007	8
1008	8
1009	9
1010	8
1011	8
1012	8
1013	8
1014	8
1015	8
1016	8
1017	8
1018	8
1019	8
1020	8
1021	8
1022	8
1023	8
1024	8
1025	8
1026	8
1027	8
1028	8
1029	8
1030	8
1031	8
1032	8
1033	8
1034	8
1035	8
1036	8
1037	8
1038	8
1039	8
1040	8
1041	8
1042	8
1043	8
1044	8
1045	8
1046	8
1047	8
1048	8
1049	8
1050	8
1051	8
1052	8
1053	8
1054	8
1055	8
1056	8
1057	8
1058	8
1059	8
1060	8
1061	8
1062	8
1063	8
1064	8
1065	8
1066	8
1067	8
1068	8
1069	8
1070	8
1071	8
1072	8
1073	8
1074	8
1075	10
1076	10
1077	10
1078	10
1079	10
1080	10
1081	10
1082	10
1083	10
1084	10
1085	10
1086	10
1087	1
1088	11
1089	11
1090	11
1091	1
1092	11
1093	11
1094	1
1095	1
1096	1
1097	1
1098	1
1099	1
1100	1
1101	1
1102	1
1103	1
1104	1
1105	1
1106	1
1107	13
1108	13
1109	13
1110	13
1111	13
1112	13
1113	13
1114	5
1115	13
1116	5
1117	13
1118	5
1119	13
1120	13
1121	13
1122	5
1123	13
1124	5
1125	5
1126	13
1127	13
1128	13
1129	13
1130	13
1131	5
1132	5
1133	5
1134	13
1135	13
1136	4
1137	4
1138	4
1139	4
1140	13
1141	13
1142	13
1143	13
1144	13
1145	13
1146	5
1147	5
1148	13
1149	13
1150	13
1151	13
1152	13
1153	5
1154	5
1155	5
1156	5
1157	5
1158	5
1159	5
1160	5
1161	5
1162	5
1163	5
1164	5
1165	5
1166	5
1167	5
1168	5
1169	8
1170	8
1171	8
1172	8
1173	8
1174	8
1175	8
1176	8
1177	8
1178	8
1179	8
1180	8
1181	8
1182	8
1183	8
1184	8
1185	8
1186	8
1187	8
1188	8
1189	8
1190	8
1191	8
1192	8
1193	8
1194	8
1195	8
1196	8
1197	8
1198	8
1199	8
1200	12
1201	12
1202	12
1203	12
1204	8
1205	12
1206	12
1207	12
1208	12
1209	12
1210	12
1211	12
1212	12
1213	12
1214	12
1215	12
1216	12
1217	8
1218	12
1219	12
1220	12
1221	12
1222	12
1223	12
1224	8
1225	12
1226	12
1227	8
1228	8
1229	12
1230	8
1231	12
1232	12
1233	12
1234	12
1235	8
1236	12
1237	12
1238	12
1239	8
1240	1
1241	1
1242	1
1243	1
1244	1
1245	1
1246	1
1247	1
1248	1
1249	1
1250	1
1251	1
1252	1
1253	2
1254	7
1255	2
1256	7
1257	7
1258	1
1259	1
1260	1
1261	1
1262	1
1263	1
1264	7
1265	7
1266	2
1267	2
1268	7
1269	2
1270	2
1271	2
1272	2
1273	2
1274	7
1275	2
1276	2
1277	2
1278	5
1279	5
1280	5
1281	1
1282	1
1283	1
1284	2
1285	7
1286	2
1287	2
1288	5
1289	5
1290	5
1291	5
1292	5
1293	5
1294	5
1295	5
1296	5
1297	5
1298	5
1299	5
1300	5
1301	5
1302	5
1303	2
1304	10
1305	10
1306	10
1307	10
1308	2
1309	10
1310	2
1311	2
1312	10
1313	2
1314	4
1315	4
1316	4
1317	4
1318	4
1319	4
1320	4
1321	4
1322	4
1323	4
1324	4
1325	4
1326	4
1327	4
1328	4
1329	4
1330	4
1331	4
1332	4
1333	4
1334	4
1335	4
1336	4
1337	4
1338	4
1339	4
1340	4
1341	4
1342	4
1343	4
1344	4
1345	4
1346	2
1347	10
1348	10
1349	10
1350	10
1351	10
1352	10
1353	10
1354	10
1355	10
1356	10
1357	10
1358	10
1359	10
1360	10
1361	10
1362	10
1363	13
1364	13
1365	13
1366	13
1367	13
1368	13
1369	13
1370	13
1371	13
1372	13
1373	13
1374	13
1375	13
1376	13
1377	13
1378	13
1379	13
1380	13
1381	5
1382	5
1383	5
1384	5
1385	5
1386	5
1387	5
1388	5
1389	5
1390	5
1391	5
1392	5
1393	5
1394	5
1395	5
1396	5
1397	2
1398	2
1399	2
1400	2
1401	2
1402	2
1403	2
1404	2
1405	2
1406	2
1407	2
1408	2
1409	2
1410	2
1411	2
1412	2
1413	2
1414	2
1415	2
1416	2
1417	2
1418	2
1419	2
1420	2
1421	2
1422	2
1423	2
1424	2
1425	2
1426	2
1427	2
1428	12
1429	12
1430	12
1431	12
1432	12
1433	12
1434	12
1435	12
1436	12
1437	12
1438	12
1439	12
1440	12
1441	7
1442	7
1443	8
1444	7
1445	8
1446	8
1447	7
1448	8
1449	7
1450	8
1451	8
1452	8
1453	8
1454	8
1455	12
1456	12
1457	12
1458	12
1459	12
1460	12
1461	12
1462	12
1463	12
1464	12
1465	1
1466	1
1467	5
1468	1
1469	5
1470	1
1471	1
1472	5
1473	5
1474	1
1475	1
1476	5
1477	1
1478	5
1479	1
1480	1
1481	5
1482	1
1483	1
1484	5
1485	1
1486	1
1487	5
1488	1
1489	8
1490	8
1491	8
1492	8
1493	8
1494	8
1495	8
1496	8
1497	8
1498	8
1499	8
1500	8
1501	2
1502	2
1503	2
1504	2
1505	2
1506	2
1507	2
1508	2
1509	2
1510	2
1511	2
1512	2
1513	2
1514	2
1515	2
1516	2
1517	2
1518	2
1519	2
1520	2
1521	2
1522	2
1523	2
1524	2
1525	2
1526	2
1527	2
1528	2
1529	11
1530	11
1531	11
1532	9
1533	11
1534	11
1535	11
1536	11
1537	11
1538	9
1539	9
1540	9
1541	9
1542	11
1543	11
1544	11
1545	11
1546	11
1547	11
1548	9
1549	11
1550	11
1551	11
1552	13
1553	12
1554	12
1555	13
1556	12
1557	13
1558	12
1559	12
1560	12
1561	12
1562	12
1563	12
1564	12
1565	12
1566	13
1567	12
1568	12
1569	12
1570	12
1571	12
1572	12
1573	12
1574	12
1575	12
1576	7
1577	7
1578	7
1579	7
1580	7
1581	7
1582	7
1583	7
1584	7
1585	7
1586	7
1587	7
1588	7
1589	7
1590	7
1591	7
1592	7
1593	2
1594	2
1595	2
1596	2
1597	2
1598	2
1599	2
1600	2
1601	2
1602	12
1603	12
1604	12
1605	12
1606	12
1607	12
1608	12
1609	12
1610	12
1611	12
1612	12
1613	12
1614	12
1615	12
1616	12
1617	12
1618	1
1619	1
1620	1
1621	1
1622	1
1623	1
1624	1
1625	1
1626	1
1627	1
1628	1
1629	8
1630	8
1631	7
1632	8
1633	8
1634	7
1635	8
1636	8
1637	8
1638	8
1639	8
1640	8
1641	8
1642	8
1643	8
1644	1
1645	1
1646	1
1647	1
1648	1
1649	8
1650	8
1651	8
1652	8
1653	8
1654	8
1655	8
1656	8
1658	8
1659	8
1660	7
1661	8
1662	8
1663	8
1664	8
1665	7
1666	8
1667	8
1668	7
1669	8
1670	8
1671	8
1672	7
1673	1
1674	8
1675	8
1676	7
1677	1
1678	11
1679	11
1680	11
1681	11
1682	11
1683	11
1684	11
1685	7
1686	7
1687	7
1688	7
1689	7
1690	7
1691	7
1692	7
1693	7
1694	7
1695	7
1696	7
1697	7
1698	7
1699	7
1700	7
1701	7
1702	7
1703	6
1704	6
1705	7
1706	7
1707	7
1708	7
1709	7
1710	7
1711	7
1712	7
1713	1
1714	1
1715	1
1716	1
1717	1
1718	1
1719	1
1720	1
1721	1
1722	1
1723	1
1724	1
1725	7
1726	7
1727	7
1728	1
1729	7
1730	7
1731	7
1732	7
1733	7
1734	7
1735	7
1736	7
1737	7
1738	7
1739	7
1740	7
1741	7
1742	2
1743	2
1744	2
1745	2
1746	2
1747	2
1748	2
1749	2
1750	2
1751	2
1752	2
1753	2
1754	2
1755	2
1756	2
1757	1
1758	1
1759	1
1760	1
1761	2
1762	2
1763	2
1764	2
1765	2
1766	2
1767	2
1768	2
1769	2
1770	2
1771	2
1772	2
1773	2
1774	1
1775	1
1776	1
1777	1
1778	1
1779	1
1780	1
1781	1
1782	1
1783	1
1784	1
1785	1
1786	1
1787	2
1788	2
1789	2
1790	2
1791	2
1792	2
1793	2
1794	2
1795	1
1796	1
1797	1
1798	1
1799	2
1800	2
1801	2
1802	2
1803	2
1804	2
1805	2
1806	2
1807	2
1808	2
1809	7
1810	7
1811	7
1812	7
1813	7
1814	7
1815	7
1816	7
1817	7
1818	7
1819	7
1820	7
1821	7
1822	7
1823	7
1824	7
1825	7
1826	7
1827	7
1828	7
1829	7
1830	1
1831	1
1832	1
1833	1
1834	1
1835	7
1836	7
1837	1
1838	7
1839	7
1840	13
1841	13
1842	13
1843	13
1844	13
1845	7
1846	7
1847	7
1848	7
1849	7
1850	7
1851	7
1852	7
1853	7
1854	7
1855	7
1856	7
1857	1
1858	1
1859	1
1860	1
1861	1
1862	1
1863	7
1864	7
1865	7
1866	7
1867	7
1868	7
1869	7
1870	7
1871	7
1872	11
1873	11
1874	11
1875	11
1876	11
1877	11
1878	11
1879	11
1880	11
1881	11
1882	11
1883	11
1884	11
1885	11
1886	11
1887	11
1888	11
1889	11
1890	11
1891	11
1892	11
1893	11
1894	11
1895	10
1896	10
1897	10
1898	5
1899	5
1900	5
1901	5
1902	5
1903	5
1904	10
1905	10
1906	10
1907	10
1908	10
1909	10
1910	10
1911	10
1912	10
1913	10
1914	10
1915	10
1916	5
1917	5
1918	5
1919	5
1920	5
1921	5
1922	5
1923	5
1924	10
1925	10
1926	10
1927	10
1928	10
1929	10
1930	10
1931	10
1932	10
1933	10
1934	10
1935	10
1936	10
1937	10
1938	10
1939	10
1940	10
1941	10
1942	10
1943	10
1944	10
1945	10
1946	10
1947	10
1948	10
1949	10
1950	10
1951	10
1952	10
1953	10
1954	10
1955	10
1956	10
1957	10
1958	10
1959	10
1960	10
1961	10
1962	10
1963	10
1964	10
1965	10
1966	10
1967	10
1968	10
1969	10
1970	10
1971	10
1972	10
1973	10
1974	10
1975	10
1976	9
1977	9
1978	9
1979	9
1980	9
1981	9
1982	9
1983	9
1984	9
1985	9
1986	9
1987	9
1988	9
1989	9
1990	9
1991	9
1992	9
1993	9
1994	9
1995	9
1996	9
1997	9
1998	9
1999	9
2000	9
2001	9
2002	9
2003	9
2004	9
2005	9
2006	9
2007	9
2008	9
2009	9
2010	9
2011	9
2012	9
2013	9
2014	9
2015	9
2016	9
2017	11
2018	11
2019	11
2020	11
2021	11
2022	11
2023	11
2024	9
2025	11
2026	11
2027	11
2028	11
2029	11
2030	9
2031	9
2032	9
2033	9
2034	9
2035	9
2036	9
2037	11
2038	11
2039	11
2040	11
2041	11
2042	11
2043	11
2044	11
2045	11
2046	9
2047	9
2048	11
2049	11
2050	11
2051	9
2052	9
2053	11
2054	11
2055	9
2056	11
2057	9
2058	13
2059	13
2060	13
2061	13
2062	13
2063	13
2064	13
2065	13
2066	13
2067	13
2068	1
2069	1
2070	1
2071	1
2072	1
2073	1
2074	1
2075	1
2076	1
2077	1
2078	1
2079	1
2080	1
2081	1
2082	1
2083	1
2084	1
2085	1
2086	1
2087	1
2088	1
2089	7
2090	7
2091	7
2092	7
2093	7
2094	7
2095	7
2096	10
2097	10
2098	10
2099	10
2100	10
2101	10
2102	10
2103	10
2104	2
2105	10
2106	10
2107	10
2108	10
2109	10
2110	10
2111	10
2112	10
2113	12
2114	6
2115	6
2116	6
2117	6
2118	12
2119	12
2120	6
2121	6
2122	12
2123	12
2124	11
2125	6
2126	6
2127	6
2128	6
2129	6
2130	12
2131	6
2132	6
2133	12
2134	6
2135	6
2136	6
2137	12
2138	12
2139	6
2140	12
2141	6
2142	12
2143	12
2144	12
2145	6
2146	12
2147	12
2148	6
2149	12
2150	6
2151	6
2152	6
2153	6
2154	6
2155	6
2156	6
2157	6
2158	6
2159	12
2160	6
2161	6
2162	6
2163	6
2164	6
2165	6
2166	6
2167	12
2168	6
2169	6
2170	6
2171	6
2172	6
2173	6
2174	12
2175	12
2176	12
2177	12
2178	6
2179	6
2180	6
2181	6
2182	6
2183	6
2184	6
2185	6
2186	6
2187	6
2188	6
2189	6
2190	6
2191	6
2192	6
2193	6
2194	12
2195	6
2196	12
2197	12
2198	6
2199	12
2200	6
2201	12
2202	12
2203	6
2204	6
2205	6
2206	6
2207	6
2208	6
2209	6
2210	6
2211	6
2212	6
2213	6
2214	6
2215	6
2216	6
2217	6
2218	6
2219	6
2220	6
2221	6
2222	12
2223	12
2224	6
2225	6
2226	6
2227	6
2228	12
2229	12
2230	6
2231	6
2232	6
2233	12
2234	12
2235	6
2236	6
2237	12
2238	12
2239	6
2240	6
2241	12
2242	12
2243	12
2244	12
2245	12
2246	6
2247	6
2248	6
2249	6
2250	6
2251	6
2252	6
2253	12
2254	12
2255	12
2256	6
2257	6
2258	6
2259	6
2260	6
2261	6
2262	6
2263	6
2264	6
2265	6
2266	12
2267	6
2268	6
2269	12
2270	12
2271	6
2272	6
2273	6
2274	6
2275	6
2276	6
2277	12
2278	12
2279	12
2280	6
2281	6
2282	12
2283	12
2284	11
2285	11
2286	6
2287	6
2288	6
2289	6
2290	6
2291	6
2292	6
2293	6
2294	6
2295	6
2296	6
2297	12
2298	12
2299	12
2300	12
2301	6
2302	12
2303	6
2304	12
2305	6
2306	6
2307	6
2308	6
2309	11
2310	11
2311	11
2312	4
2313	4
2314	4
2315	4
2316	4
2317	4
2318	4
2319	4
2320	4
2321	4
2322	4
2323	4
2324	4
2325	4
2326	4
2327	4
2328	4
2329	4
2330	10
2331	10
2332	10
2333	10
2334	10
2335	10
2336	10
2337	10
2338	10
2339	10
2340	10
2341	10
2342	10
2343	10
2344	10
2345	10
2346	4
2347	4
2348	4
2349	4
2350	4
2351	4
2352	4
2353	4
2354	4
2355	4
2356	4
2357	4
2358	4
2359	4
2360	4
2361	4
2362	4
2363	4
2364	4
2365	4
2366	12
2367	6
2368	12
2369	6
2370	12
2371	12
2372	12
2373	12
2374	12
2375	12
2376	12
2377	12
2378	12
2379	12
2380	12
2381	12
2382	12
2383	12
2384	12
2385	12
2386	12
2387	12
2388	12
2389	12
2390	12
2391	12
2392	12
2393	12
2394	12
2395	12
2396	12
2397	12
2398	12
2399	12
2400	12
2401	12
2402	12
2403	12
2404	12
2405	12
2406	12
2407	12
2408	12
2409	12
2410	12
2411	12
2412	12
2413	12
2414	12
2415	3
2416	5
2417	3
2418	3
2419	3
2420	3
2421	3
2422	3
2423	3
2424	3
2425	3
2426	3
2427	3
2428	3
2429	3
2430	3
2431	3
2432	3
2433	3
2434	3
2435	3
2436	3
2437	3
2438	3
2439	3
2440	3
2441	3
2442	3
2443	3
2444	3
2445	3
2446	3
2447	3
2448	3
2449	3
2450	3
2451	3
2452	3
2453	3
2454	3
2455	3
2456	3
2457	3
2458	3
2459	3
2460	3
2461	3
2462	3
2463	3
2464	3
2465	3
2466	3
2467	3
2468	3
2469	3
2470	3
2471	3
2472	3
2473	3
2474	3
2475	3
2476	3
2477	3
2478	3
2479	3
2480	3
2481	3
2482	3
2483	3
2484	3
2485	3
2486	3
2487	3
2488	3
2489	3
2490	3
2491	3
2492	3
2493	3
2494	3
2495	3
2496	5
2497	5
2498	5
2499	5
2500	3
2501	3
2502	5
2503	5
2504	5
2505	5
2506	5
2507	5
2508	5
2509	5
2510	5
2511	5
2512	5
2513	5
2514	5
2515	3
2516	3
2517	3
2518	3
2519	3
2520	3
2521	3
2522	3
2523	3
2524	3
2525	3
2526	3
2527	3
2528	5
2529	3
2530	3
2531	3
2532	3
2533	3
2534	3
2535	3
2536	3
2537	3
2538	3
2539	3
2540	3
2541	3
2542	3
2543	3
2544	3
2545	3
2546	3
2547	3
2548	3
2549	3
2550	3
2551	3
2552	3
2553	3
2554	3
2555	3
2556	3
2557	3
2558	5
2559	5
2560	5
2561	5
2562	5
2563	3
2564	3
2565	3
2566	3
2567	3
2568	3
2569	3
2570	3
2571	3
2572	3
2573	5
2574	3
2575	3
2576	3
2577	3
2578	3
2579	3
2580	3
2581	3
2582	3
2583	3
2584	3
2585	3
2586	3
2587	5
2588	5
2589	5
2590	5
2591	5
2592	5
2593	5
2594	3
2595	3
2596	3
2597	5
2598	5
2599	3
2600	3
2601	3
2602	3
2603	3
2604	3
2605	3
2606	11
2607	11
2608	11
2609	11
2610	11
2611	11
2612	11
2613	11
2614	11
2615	11
2616	11
2617	11
2618	11
2619	11
2620	11
2621	11
2622	11
2623	11
2624	11
2625	11
2626	11
2627	11
2628	11
2629	11
2630	11
2631	11
2632	11
2633	11
2634	11
2635	11
2636	11
2637	11
2638	11
2639	11
2640	9
2641	9
2642	9
2643	9
2644	9
2645	9
2646	9
2647	9
2648	9
2649	9
2650	9
2651	9
2652	9
2653	9
2654	9
2655	9
2656	9
2657	9
2658	9
2659	9
2660	9
2661	9
2662	9
2663	9
2664	9
2665	13
2666	9
2667	9
2668	13
2669	13
2670	9
2671	13
2672	9
2673	13
2674	9
2675	9
2676	9
2677	9
2678	9
2679	13
2680	9
2681	13
2682	13
2683	13
2684	13
2685	13
2686	9
2687	9
2688	10
2689	10
2690	10
2691	10
315	8
1657	7
