0	2
1	2
2	2
3	2
4	2
5	2
6	2
7	6
8	6
9	6
10	6
11	6
12	6
13	6
14	6
15	6
16	6
17	6
18	6
19	6
20	6
21	5
22	5
23	5
24	5
25	5
26	5
27	5
28	5
29	7
30	7
31	7
32	7
33	7
34	7
35	7
36	7
37	7
38	7
39	7
40	7
41	7
42	7
43	7
44	7
45	7
46	7
47	7
48	7
49	7
50	7
51	7
52	7
53	8
54	8
55	8
56	8
57	8
58	7
59	7
60	7
61	7
62	7
63	7
64	7
65	8
66	8
67	8
68	8
69	8
70	8
71	5
72	5
73	5
74	5
75	7
76	7
77	7
78	7
79	7
80	7
81	7
82	7
83	13
84	13
85	13
86	9
87	9
88	9
89	13
90	9
91	13
92	13
93	13
94	13
95	9
96	6
97	6
98	6
99	6
100	6
101	6
102	6
103	6
104	6
105	6
106	6
107	6
108	6
109	6
110	6
111	6
112	6
113	6
114	6
115	6
116	6
117	6
118	6
119	6
120	6
121	6
122	6
123	6
124	6
125	6
126	6
127	6
128	6
129	12
130	12
131	12
132	12
133	12
134	12
135	12
136	12
137	12
138	12
139	12
140	12
141	12
142	12
143	12
144	12
145	12
146	12
147	12
148	12
149	12
150	12
151	12
152	12
153	12
154	12
155	12
156	12
157	12
158	12
159	12
160	12
161	12
162	12
163	12
164	12
165	12
166	10
167	10
168	10
169	10
170	10
171	10
172	10
173	10
174	10
175	10
176	10
177	10
178	10
179	10
180	10
181	10
182	10
183	7
184	7
185	7
186	7
187	7
188	7
189	7
190	7
191	7
192	7
193	7
194	7
195	7
196	7
197	7
198	7
199	7
200	7
201	7
202	7
203	7
204	7
205	7
206	7
207	7
208	5
209	5
210	5
211	5
212	5
213	5
214	5
215	5
216	5
217	5
218	5
219	5
220	5
221	5
222	5
223	5
224	5
225	5
226	5
227	5
228	5
229	5
230	5
231	5
232	5
233	5
234	5
235	5
236	5
237	5
238	5
239	5
240	5
241	5
242	5
243	5
244	5
245	5
246	5
247	5
248	7
249	7
250	7
251	7
252	7
253	7
254	7
255	7
256	7
257	7
258	7
259	7
260	7
261	5
262	12
263	5
264	12
265	12
266	12
267	12
268	12
269	12
270	12
271	12
272	12
273	12
274	12
275	12
276	12
277	12
278	12
279	12
280	12
281	12
282	12
283	12
284	12
285	12
286	12
287	12
288	12
289	12
290	12
291	12
292	12
293	12
294	12
295	12
296	12
297	12
298	12
299	12
300	12
301	12
302	7
303	7
304	7
305	7
306	8
307	8
308	8
309	8
310	8
311	8
312	8
313	8
314	8
316	4
317	4
318	4
319	4
320	4
321	4
322	4
323	4
324	4
325	4
326	4
327	4
328	4
329	4
330	4
331	8
332	8
333	8
334	8
335	8
336	8
337	4
338	4
339	4
340	8
341	8
342	8
343	8
344	8
345	8
346	8
347	8
348	8
349	8
350	8
351	8
352	8
353	8
354	8
355	8
356	9
357	9
358	9
359	9
360	9
361	9
362	9
363	9
364	9
365	9
366	9
367	9
368	9
369	8
370	8
371	8
372	8
373	8
374	8
375	8
376	8
377	8
378	8
379	8
380	8
381	8
382	8
383	8
384	8
385	8
386	8
387	8
388	8
389	4
390	4
391	4
392	4
393	4
394	8
395	8
396	8
397	8
398	4
399	4
400	4
401	4
402	4
403	5
404	5
405	5
406	5
407	5
408	5
409	6
410	4
411	4
412	4
413	4
414	4
415	4
416	4
417	4
418	4
419	4
420	4
421	4
422	4
423	4
424	4
425	10
426	10
427	10
428	10
429	10
430	10
431	10
432	10
433	4
434	4
435	4
436	4
437	4
438	4
439	4
440	4
441	4
442	4
443	4
444	4
445	6
446	10
447	10
448	10
449	10
450	10
451	4
452	4
453	4
454	10
455	10
456	10
457	4
458	6
459	4
460	4
461	4
462	4
463	10
464	10
465	10
466	10
467	10
468	10
469	10
470	10
471	10
472	10
473	4
474	4
475	12
476	12
477	10
478	10
479	10
480	10
481	10
482	10
483	10
484	5
485	5
486	10
487	10
488	10
489	12
490	12
491	12
492	12
493	12
494	12
495	10
496	10
497	12
498	5
499	10
500	10
501	10
502	5
503	10
504	12
505	12
506	5
507	5
508	5
509	5
510	5
511	5
512	5
513	5
514	5
515	5
516	5
517	5
518	5
519	5
520	5
521	5
522	9
523	9
524	9
525	9
526	2
527	2
528	9
529	9
530	9
531	9
532	9
533	9
534	9
535	9
536	9
537	9
538	2
539	2
540	2
541	2
542	2
543	2
544	2
545	2
546	2
547	2
548	2
549	2
550	2
551	2
552	2
553	2
554	2
555	2
556	2
557	2
558	2
559	5
560	5
561	5
562	5
563	5
564	5
565	2
566	2
567	2
568	2
569	2
570	13
571	13
572	13
573	13
574	13
575	13
576	13
577	13
578	13
579	13
580	13
581	2
582	2
583	2
584	2
585	2
586	2
587	12
588	5
589	5
590	5
591	5
592	5
593	5
594	5
595	5
596	12
597	5
598	12
599	5
600	5
601	5
602	5
603	7
604	7
605	7
606	7
607	7
608	7
609	7
610	7
611	7
612	7
613	7
614	7
615	7
616	7
617	12
618	12
619	5
620	12
621	12
622	12
623	12
624	12
625	12
626	12
627	12
628	5
629	5
630	5
631	5
632	12
633	5
634	12
635	5
636	12
637	12
638	12
639	2
640	2
641	2
642	2
643	2
644	2
645	2
646	2
647	2
648	2
649	2
650	2
651	2
652	2
653	2
654	2
655	2
656	2
657	10
658	10
659	10
660	10
661	2
662	2
663	2
664	2
665	6
666	2
667	2
668	2
669	2
670	12
671	12
672	12
673	12
674	12
675	12
676	12
677	12
678	12
679	12
680	2
681	2
682	2
683	2
684	2
685	2
686	2
687	2
688	2
689	2
690	2
691	2
692	2
693	2
694	2
695	2
696	2
697	12
698	12
699	12
700	12
701	12
702	12
703	12
704	12
705	12
706	12
707	12
708	12
709	12
710	12
711	12
712	12
713	12
714	2
715	2
716	5
717	5
718	12
719	12
720	12
721	5
722	5
723	5
724	5
725	5
726	5
727	5
728	5
729	5
730	5
731	5
732	4
733	7
734	4
735	7
736	7
737	10
738	10
739	10
740	10
741	10
742	10
743	10
744	10
745	7
746	4
747	4
748	7
749	7
750	4
751	7
752	4
753	4
754	4
755	7
756	7
757	7
758	7
759	7
760	7
761	4
762	7
763	7
764	7
765	7
766	10
767	10
768	10
769	10
770	4
771	7
772	10
773	10
774	10
775	10
776	10
777	10
778	10
779	10
780	10
781	10
782	10
783	10
784	10
785	5
786	10
787	10
788	10
789	10
790	10
791	5
792	5
793	5
794	5
795	5
796	5
797	5
798	5
799	5
800	5
801	10
802	10
803	10
804	10
805	5
806	5
807	5
808	10
809	10
810	10
811	1
812	6
813	1
814	1
815	1
816	1
817	1
818	6
819	6
820	6
821	1
822	1
823	1
824	1
825	1
826	1
827	1
828	1
829	6
830	1
831	1
832	1
833	1
834	1
835	1
836	1
837	1
838	1
839	1
840	1
841	1
842	1
843	1
844	1
845	1
846	1
847	6
848	1
849	1
850	6
851	6
852	1
853	1
854	1
855	1
856	6
857	6
858	7
859	7
860	7
861	7
862	7
863	7
864	7
865	7
866	7
867	7
868	7
869	7
870	7
871	1
872	1
873	1
874	1
875	1
876	1
877	1
878	1
879	1
880	1
881	1
882	1
883	1
884	1
885	1
886	1
887	1
888	6
889	1
890	1
891	1
892	6
893	1
894	1
895	1
896	1
897	1
898	1
899	6
900	6
901	6
902	1
903	1
904	1
905	1
906	1
907	1
908	1
909	1
910	6
911	6
912	6
913	1
914	1
915	1
916	1
917	1
918	1
919	1
920	1
921	1
922	6
923	6
924	1
925	1
926	1
927	1
928	1
929	1
930	6
931	6
932	1
933	6
934	1
935	1
936	1
937	1
938	1
939	1
940	1
941	1
942	6
943	1
944	6
945	6
946	1
947	1
948	1
949	6
950	1
951	1
952	1
953	1
954	6
955	6
956	6
957	1
958	1
959	1
960	1
961	1
962	6
963	1
964	1
965	1
966	1
967	1
968	1
969	1
970	1
971	1
972	1
973	1
974	6
975	6
976	1
977	1
978	1
979	1
980	1
981	1
982	4
983	4
984	4
985	10
986	10
987	10
988	10
989	10
990	10
991	10
992	10
993	10
994	10
995	10
996	10
997	10
998	10
999	10
1000	10
1001	10
1002	10
1003	10
1004	10
1005	10
1006	10
1007	4
1008	4
1009	10
1010	4
1011	4
1012	4
1013	4
1014	4
1015	4
1016	4
1017	4
1018	4
1019	4
1020	4
1021	4
1022	4
1023	4
1024	4
1025	4
1026	4
1027	4
1028	4
1029	4
1030	4
1031	4
1032	4
1033	4
1034	4
1035	4
1036	4
1037	4
1038	4
1039	4
1040	4
1041	4
1042	4
1043	4
1044	4
1045	4
1046	4
1047	4
1048	4
1049	4
1050	4
1051	6
1052	4
1053	4
1054	4
1055	4
1056	4
1057	4
1058	4
1059	4
1060	4
1061	4
1062	4
1063	4
1064	4
1065	4
1066	4
1067	4
1068	4
1069	4
1070	4
1071	4
1072	4
1073	4
1074	4
1075	7
1076	7
1077	7
1078	7
1079	7
1080	7
1081	7
1082	7
1083	7
1084	7
1085	7
1086	7
1087	12
1088	12
1089	12
1090	12
1091	12
1092	12
1093	12
1094	5
1095	5
1096	5
1097	5
1098	5
1099	5
1100	5
1101	5
1102	5
1103	5
1104	5
1105	5
1106	5
1107	8
1108	8
1109	8
1110	8
1111	8
1112	8
1113	8
1114	8
1115	8
1116	8
1117	8
1118	8
1119	8
1120	8
1121	8
1122	8
1123	8
1124	8
1125	8
1126	8
1127	8
1128	8
1129	8
1130	8
1131	8
1132	8
1133	8
1134	8
1135	8
1136	1
1137	1
1138	1
1139	1
1140	8
1141	8
1142	8
1143	8
1144	8
1145	8
1146	8
1147	8
1148	8
1149	8
1150	8
1151	8
1152	8
1153	8
1154	8
1155	8
1156	8
1157	8
1158	8
1159	8
1160	8
1161	8
1162	8
1163	8
1164	8
1165	8
1166	8
1167	8
1168	8
1169	4
1170	4
1171	4
1172	4
1173	4
1174	4
1175	4
1176	4
1177	6
1178	4
1179	4
1180	6
1181	4
1182	4
1183	4
1184	4
1185	4
1186	4
1187	4
1188	4
1189	4
1190	4
1191	4
1192	4
1193	4
1194	4
1195	4
1196	4
1197	4
1198	4
1199	4
1200	9
1201	9
1202	9
1203	1
1204	9
1205	9
1206	1
1207	1
1208	9
1209	1
1210	9
1211	9
1212	9
1213	9
1214	1
1215	9
1216	1
1217	9
1218	1
1219	1
1220	9
1221	9
1222	1
1223	1
1224	9
1225	1
1226	9
1227	9
1228	9
1229	1
1230	1
1231	9
1232	9
1233	1
1234	9
1235	9
1236	1
1237	1
1238	1
1239	9
1240	12
1241	12
1242	12
1243	5
1244	12
1245	12
1246	12
1247	12
1248	5
1249	5
1250	12
1251	5
1252	5
1253	7
1254	7
1255	7
1256	7
1257	7
1258	5
1259	5
1260	5
1261	5
1262	12
1263	12
1264	7
1265	7
1266	7
1267	7
1268	7
1269	7
1270	7
1271	7
1272	7
1273	7
1274	7
1275	7
1276	7
1277	7
1278	5
1279	5
1280	5
1281	5
1282	12
1283	12
1284	7
1285	7
1286	7
1287	7
1288	11
1289	5
1290	5
1291	5
1292	5
1293	5
1294	11
1295	5
1296	5
1297	5
1298	5
1299	11
1300	5
1301	5
1302	5
1303	7
1304	7
1305	7
1306	7
1307	7
1308	7
1309	7
1310	7
1311	7
1312	7
1313	7
1314	1
1315	1
1316	1
1317	1
1318	1
1319	1
1320	1
1321	1
1322	1
1323	1
1324	1
1325	1
1326	1
1327	1
1328	1
1329	1
1330	1
1331	1
1332	1
1333	1
1334	1
1335	1
1336	1
1337	1
1338	1
1339	1
1340	1
1341	1
1342	1
1343	1
1344	1
1345	1
1346	7
1347	7
1348	7
1349	7
1350	7
1351	7
1352	7
1353	7
1354	7
1355	7
1356	7
1357	7
1358	7
1359	7
1360	7
1361	7
1362	7
1363	1
1364	8
1365	1
1366	8
1367	8
1368	1
1369	1
1370	1
1371	8
1372	8
1373	1
1374	1
1375	1
1376	1
1377	1
1378	1
1379	8
1380	8
1381	5
1382	5
1383	5
1384	5
1385	5
1386	5
1387	5
1388	5
1389	5
1390	5
1391	5
1392	5
1393	5
1394	5
1395	5
1396	5
1397	7
1398	7
1399	7
1400	7
1401	7
1402	7
1403	7
1404	7
1405	7
1406	7
1407	7
1408	7
1409	7
1410	7
1411	7
1412	7
1413	7
1414	7
1415	7
1416	7
1417	7
1418	7
1419	7
1420	7
1421	7
1422	7
1423	7
1424	7
1425	7
1426	7
1427	7
1428	13
1429	13
1430	13
1431	13
1432	13
1433	13
1434	13
1435	13
1436	13
1437	13
1438	13
1439	13
1440	13
1441	6
1442	6
1443	4
1444	6
1445	4
1446	6
1447	6
1448	4
1449	6
1450	4
1451	4
1452	4
1453	4
1454	4
1455	13
1456	13
1457	13
1458	13
1459	13
1460	13
1461	13
1462	13
1463	13
1464	13
1465	5
1466	5
1467	5
1468	5
1469	5
1470	5
1471	5
1472	5
1473	5
1474	5
1475	5
1476	5
1477	5
1478	5
1479	5
1480	5
1481	5
1482	5
1483	5
1484	5
1485	5
1486	5
1487	5
1488	5
1489	4
1490	4
1491	4
1492	4
1493	4
1494	4
1495	4
1496	4
1497	4
1498	4
1499	4
1500	4
1501	2
1502	2
1503	2
1504	2
1505	2
1506	2
1507	2
1508	2
1509	2
1510	2
1511	2
1512	2
1513	2
1514	2
1515	2
1516	2
1517	2
1518	2
1519	2
1520	2
1521	2
1522	2
1523	2
1524	2
1525	2
1526	2
1527	2
1528	2
1529	10
1530	10
1531	10
1532	10
1533	10
1534	10
1535	10
1536	10
1537	10
1538	10
1539	10
1540	10
1541	10
1542	10
1543	10
1544	10
1545	10
1546	10
1547	10
1548	10
1549	10
1550	10
1551	10
1552	9
1553	9
1554	9
1555	9
1556	9
1557	9
1558	9
1559	9
1560	9
1561	9
1562	9
1563	9
1564	9
1565	9
1566	9
1567	9
1568	9
1569	9
1570	9
1571	9
1572	9
1573	9
1574	9
1575	9
1576	7
1577	7
1578	7
1579	7
1580	7
1581	7
1582	7
1583	7
1584	7
1585	7
1586	7
1587	7
1588	7
1589	7
1590	7
1591	7
1592	7
1593	7
1594	7
1595	7
1596	7
1597	7
1598	7
1599	7
1600	7
1601	7
1602	13
1603	13
1604	9
1605	13
1606	13
1607	13
1608	9
1609	9
1610	9
1611	9
1612	9
1613	9
1614	9
1615	13
1616	13
1617	9
1618	5
1619	5
1620	5
1621	5
1622	5
1623	5
1624	5
1625	5
1626	5
1627	5
1628	5
1629	6
1630	6
1631	6
1632	6
1633	6
1634	6
1635	6
1636	6
1637	6
1638	6
1639	6
1640	6
1641	6
1642	6
1643	6
1644	5
1645	5
1646	5
1647	5
1648	5
1649	6
1650	6
1651	6
1652	6
1653	6
1654	6
1655	6
1656	6
1658	6
1659	6
1660	6
1661	6
1662	6
1663	6
1664	6
1665	6
1666	6
1667	6
1668	6
1669	6
1670	6
1671	6
1672	6
1673	5
1674	6
1675	6
1676	6
1677	5
1678	12
1679	12
1680	12
1681	12
1682	12
1683	12
1684	12
1685	4
1686	4
1687	4
1688	4
1689	4
1690	4
1691	4
1692	4
1693	4
1694	4
1695	4
1696	4
1697	4
1698	4
1699	4
1700	4
1701	6
1702	6
1703	3
1704	3
1705	6
1706	6
1707	6
1708	6
1709	6
1710	4
1711	6
1712	4
1713	5
1714	5
1715	5
1716	5
1717	5
1718	5
1719	5
1720	5
1721	5
1722	5
1723	5
1724	5
1725	4
1726	6
1727	6
1728	5
1729	6
1730	6
1731	6
1732	6
1733	6
1734	6
1735	6
1736	6
1737	6
1738	6
1739	6
1740	6
1741	6
1742	2
1743	2
1744	2
1745	2
1746	2
1747	2
1748	2
1749	2
1750	2
1751	2
1752	2
1753	2
1754	2
1755	2
1756	2
1757	5
1758	5
1759	5
1760	5
1761	2
1762	2
1763	2
1764	2
1765	2
1766	2
1767	2
1768	2
1769	2
1770	2
1771	2
1772	2
1773	2
1774	5
1775	5
1776	5
1777	5
1778	5
1779	5
1780	5
1781	5
1782	5
1783	5
1784	5
1785	5
1786	5
1787	2
1788	2
1789	2
1790	2
1791	2
1792	2
1793	2
1794	2
1795	5
1796	5
1797	5
1798	5
1799	2
1800	2
1801	2
1802	2
1803	2
1804	2
1805	2
1806	2
1807	2
1808	2
1809	6
1810	6
1811	3
1812	6
1813	6
1814	3
1815	6
1816	6
1817	3
1818	6
1819	6
1820	6
1821	6
1822	6
1823	6
1824	3
1825	6
1826	6
1827	6
1828	6
1829	6
1830	5
1831	5
1832	5
1833	5
1834	5
1835	3
1836	3
1837	5
1838	6
1839	6
1840	9
1841	9
1842	9
1843	9
1844	9
1845	6
1846	6
1847	6
1848	6
1849	6
1850	6
1851	6
1852	6
1853	6
1854	3
1855	3
1856	3
1857	5
1858	5
1859	5
1860	5
1861	5
1862	5
1863	3
1864	6
1865	6
1866	6
1867	6
1868	6
1869	6
1870	6
1871	6
1872	10
1873	10
1874	12
1875	10
1876	10
1877	10
1878	10
1879	10
1880	10
1881	10
1882	10
1883	10
1884	12
1885	12
1886	10
1887	10
1888	10
1889	10
1890	10
1891	10
1892	10
1893	10
1894	10
1895	2
1896	2
1897	2
1898	8
1899	8
1900	8
1901	8
1902	8
1903	8
1904	7
1905	7
1906	7
1907	7
1908	2
1909	7
1910	7
1911	2
1912	7
1913	7
1914	7
1915	7
1916	8
1917	8
1918	8
1919	8
1920	8
1921	8
1922	8
1923	8
1924	2
1925	2
1926	2
1927	2
1928	2
1929	2
1930	2
1931	7
1932	7
1933	2
1934	7
1935	7
1936	7
1937	2
1938	2
1939	7
1940	2
1941	2
1942	7
1943	2
1944	2
1945	2
1946	7
1947	7
1948	7
1949	2
1950	7
1951	2
1952	2
1953	2
1954	7
1955	7
1956	2
1957	2
1958	7
1959	2
1960	7
1961	7
1962	7
1963	7
1964	7
1965	2
1966	2
1967	2
1968	7
1969	7
1970	2
1971	2
1972	2
1973	7
1974	2
1975	2
1976	13
1977	13
1978	13
1979	13
1980	13
1981	13
1982	13
1983	13
1984	13
1985	13
1986	13
1987	13
1988	13
1989	13
1990	13
1991	13
1992	13
1993	13
1994	13
1995	13
1996	13
1997	13
1998	13
1999	13
2000	13
2001	13
2002	13
2003	13
2004	13
2005	13
2006	13
2007	13
2008	13
2009	13
2010	13
2011	13
2012	13
2013	13
2014	13
2015	13
2016	13
2017	12
2018	12
2019	12
2020	12
2021	12
2022	12
2023	12
2024	10
2025	12
2026	12
2027	12
2028	12
2029	12
2030	10
2031	10
2032	10
2033	10
2034	10
2035	10
2036	10
2037	10
2038	5
2039	5
2040	5
2041	5
2042	5
2043	12
2044	12
2045	12
2046	10
2047	10
2048	5
2049	5
2050	12
2051	10
2052	10
2053	10
2054	10
2055	10
2056	10
2057	10
2058	13
2059	13
2060	13
2061	13
2062	13
2063	13
2064	13
2065	13
2066	13
2067	13
2068	12
2069	12
2070	12
2071	12
2072	12
2073	12
2074	12
2075	12
2076	12
2077	12
2078	12
2079	12
2080	12
2081	12
2082	12
2083	12
2084	12
2085	12
2086	12
2087	12
2088	12
2089	7
2090	7
2091	7
2092	7
2093	7
2094	7
2095	7
2096	2
2097	2
2098	2
2099	2
2100	2
2101	2
2102	2
2103	2
2104	2
2105	2
2106	2
2107	2
2108	2
2109	2
2110	2
2111	2
2112	2
2113	3
2114	3
2115	3
2116	3
2117	3
2118	13
2119	13
2120	3
2121	3
2122	13
2123	13
2124	12
2125	3
2126	3
2127	3
2128	3
2129	3
2130	13
2131	3
2132	3
2133	13
2134	3
2135	3
2136	13
2137	13
2138	13
2139	3
2140	13
2141	3
2142	3
2143	13
2144	13
2145	3
2146	13
2147	13
2148	3
2149	13
2150	3
2151	3
2152	3
2153	3
2154	3
2155	3
2156	13
2157	3
2158	3
2159	13
2160	3
2161	3
2162	3
2163	3
2164	3
2165	3
2166	3
2167	3
2168	3
2169	3
2170	3
2171	3
2172	3
2173	3
2174	13
2175	13
2176	13
2177	13
2178	3
2179	3
2180	3
2181	3
2182	3
2183	3
2184	3
2185	3
2186	3
2187	3
2188	13
2189	3
2190	3
2191	3
2192	3
2193	3
2194	13
2195	3
2196	13
2197	13
2198	3
2199	13
2200	3
2201	3
2202	13
2203	3
2204	3
2205	3
2206	3
2207	3
2208	3
2209	3
2210	3
2211	3
2212	3
2213	3
2214	3
2215	13
2216	13
2217	3
2218	3
2219	3
2220	3
2221	3
2222	13
2223	13
2224	3
2225	3
2226	3
2227	3
2228	13
2229	13
2230	3
2231	3
2232	3
2233	13
2234	13
2235	3
2236	13
2237	13
2238	13
2239	3
2240	3
2241	13
2242	13
2243	13
2244	13
2245	13
2246	3
2247	3
2248	3
2249	3
2250	3
2251	3
2252	3
2253	13
2254	13
2255	13
2256	3
2257	3
2258	3
2259	3
2260	3
2261	3
2262	3
2263	3
2264	3
2265	3
2266	13
2267	3
2268	3
2269	13
2270	13
2271	3
2272	3
2273	3
2274	3
2275	3
2276	3
2277	13
2278	13
2279	13
2280	3
2281	3
2282	3
2283	13
2284	12
2285	12
2286	3
2287	3
2288	3
2289	3
2290	3
2291	3
2292	3
2293	3
2294	3
2295	3
2296	3
2297	13
2298	13
2299	13
2300	13
2301	3
2302	13
2303	3
2304	13
2305	3
2306	3
2307	3
2308	3
2309	12
2310	12
2311	12
2312	1
2313	1
2314	1
2315	1
2316	1
2317	1
2318	1
2319	1
2320	1
2321	1
2322	1
2323	1
2324	1
2325	1
2326	1
2327	1
2328	1
2329	1
2330	7
2331	7
2332	7
2333	7
2334	7
2335	7
2336	7
2337	7
2338	7
2339	7
2340	7
2341	7
2342	7
2343	7
2344	7
2345	7
2346	4
2347	4
2348	4
2349	4
2350	4
2351	4
2352	4
2353	4
2354	4
2355	4
2356	4
2357	4
2358	4
2359	4
2360	4
2361	4
2362	4
2363	4
2364	4
2365	4
2366	13
2367	13
2368	13
2369	13
2370	13
2371	13
2372	13
2373	13
2374	13
2375	13
2376	13
2377	13
2378	13
2379	13
2380	13
2381	13
2382	13
2383	13
2384	13
2385	13
2386	13
2387	13
2388	13
2389	13
2390	13
2391	13
2392	13
2393	13
2394	13
2395	13
2396	13
2397	13
2398	13
2399	13
2400	13
2401	13
2402	13
2403	13
2404	13
2405	13
2406	13
2407	13
2408	13
2409	13
2410	13
2411	13
2412	13
2413	13
2414	13
2415	11
2416	8
2417	8
2418	11
2419	11
2420	11
2421	11
2422	11
2423	11
2424	11
2425	11
2426	11
2427	11
2428	11
2429	11
2430	11
2431	11
2432	11
2433	11
2434	11
2435	11
2436	11
2437	11
2438	11
2439	11
2440	11
2441	11
2442	11
2443	11
2444	11
2445	11
2446	11
2447	11
2448	11
2449	11
2450	11
2451	11
2452	11
2453	8
2454	8
2455	8
2456	8
2457	8
2458	8
2459	11
2460	11
2461	11
2462	11
2463	11
2464	8
2465	11
2466	11
2467	8
2468	11
2469	11
2470	11
2471	8
2472	11
2473	11
2474	11
2475	11
2476	11
2477	8
2478	8
2479	11
2480	11
2481	11
2482	11
2483	11
2484	11
2485	8
2486	8
2487	8
2488	11
2489	8
2490	8
2491	11
2492	8
2493	8
2494	8
2495	11
2496	11
2497	11
2498	11
2499	11
2500	11
2501	8
2502	8
2503	8
2504	8
2505	8
2506	8
2507	8
2508	11
2509	11
2510	11
2511	11
2512	11
2513	11
2514	11
2515	11
2516	11
2517	11
2518	11
2519	11
2520	11
2521	11
2522	11
2523	11
2524	11
2525	11
2526	11
2527	11
2528	11
2529	11
2530	11
2531	11
2532	11
2533	11
2534	11
2535	11
2536	11
2537	11
2538	11
2539	11
2540	11
2541	11
2542	11
2543	11
2544	11
2545	11
2546	11
2547	11
2548	11
2549	11
2550	11
2551	11
2552	11
2553	11
2554	11
2555	11
2556	11
2557	11
2558	8
2559	8
2560	11
2561	11
2562	11
2563	11
2564	11
2565	11
2566	11
2567	11
2568	11
2569	11
2570	11
2571	11
2572	11
2573	11
2574	11
2575	11
2576	11
2577	11
2578	11
2579	11
2580	11
2581	11
2582	11
2583	11
2584	11
2585	11
2586	11
2587	11
2588	11
2589	11
2590	11
2591	11
2592	11
2593	11
2594	11
2595	11
2596	11
2597	8
2598	8
2599	11
2600	11
2601	11
2602	11
2603	11
2604	11
2605	11
2606	12
2607	12
2608	12
2609	12
2610	12
2611	12
2612	12
2613	12
2614	12
2615	12
2616	12
2617	12
2618	12
2619	12
2620	12
2621	12
2622	12
2623	12
2624	12
2625	12
2626	12
2627	12
2628	12
2629	12
2630	12
2631	12
2632	12
2633	12
2634	12
2635	12
2636	12
2637	12
2638	12
2639	12
2640	9
2641	9
2642	9
2643	9
2644	9
2645	9
2646	9
2647	9
2648	9
2649	9
2650	9
2651	9
2652	9
2653	9
2654	9
2655	9
2656	9
2657	9
2658	9
2659	9
2660	9
2661	9
2662	9
2663	9
2664	9
2665	9
2666	9
2667	9
2668	9
2669	9
2670	9
2671	9
2672	9
2673	9
2674	9
2675	9
2676	9
2677	9
2678	9
2679	9
2680	9
2681	9
2682	9
2683	9
2684	9
2685	9
2686	9
2687	9
2688	7
2689	7
2690	7
2691	7
315	4
1657	6
