0	5
1	5
2	5
3	5
4	5
5	5
6	5
7	4
8	4
9	4
10	4
11	4
12	4
13	4
14	4
15	4
16	4
17	4
18	11
19	11
20	11
21	7
22	7
23	7
24	7
25	7
26	7
27	7
28	7
29	11
30	11
31	11
32	11
33	11
34	11
35	11
36	11
37	11
38	11
39	11
40	11
41	11
42	11
43	11
44	11
45	11
46	11
47	11
48	11
49	2
50	2
51	2
52	2
53	8
54	8
55	8
56	8
57	8
58	2
59	2
60	2
61	5
62	5
63	2
64	5
65	8
66	8
67	8
68	8
69	8
70	8
71	7
72	7
73	7
74	7
75	2
76	2
77	2
78	2
79	2
80	2
81	5
82	2
83	10
84	10
85	10
86	10
87	10
88	10
89	10
90	10
91	10
92	10
93	10
94	10
95	10
96	4
97	4
98	4
99	4
100	4
101	4
102	4
103	4
104	4
105	4
106	4
107	4
108	4
109	4
110	4
111	4
112	4
113	4
114	4
115	4
116	4
117	4
118	4
119	4
120	4
121	4
122	4
123	4
124	4
125	4
126	4
127	4
128	4
129	12
130	3
131	3
132	12
133	12
134	3
135	3
136	3
137	12
138	12
139	12
140	3
141	12
142	12
143	12
144	3
145	3
146	3
147	12
148	12
149	12
150	3
151	3
152	3
153	3
154	3
155	3
156	3
157	12
158	12
159	12
160	12
161	12
162	12
163	12
164	3
165	12
166	10
167	3
168	3
169	3
170	3
171	3
172	3
173	3
174	3
175	3
176	3
177	3
178	3
179	3
180	3
181	3
182	3
183	5
184	5
185	5
186	5
187	5
188	5
189	5
190	5
191	5
192	5
193	5
194	5
195	5
196	5
197	5
198	5
199	5
200	5
201	5
202	5
203	5
204	5
205	5
206	5
207	5
208	7
209	7
210	7
211	7
212	7
213	7
214	7
215	7
216	7
217	7
218	7
219	7
220	7
221	7
222	7
223	7
224	7
225	7
226	7
227	7
228	7
229	7
230	7
231	7
232	7
233	7
234	7
235	7
236	7
237	7
238	7
239	7
240	7
241	7
242	7
243	7
244	7
245	7
246	7
247	7
248	5
249	5
250	5
251	5
252	5
253	5
254	5
255	5
256	5
257	5
258	5
259	5
260	5
261	1
262	1
263	1
264	1
265	1
266	1
267	1
268	7
269	1
270	1
271	1
272	1
273	1
274	1
275	1
276	1
277	1
278	7
279	7
280	7
281	7
282	7
283	7
284	7
285	7
286	1
287	1
288	7
289	1
290	7
291	7
292	1
293	7
294	1
295	7
296	1
297	1
298	1
299	7
300	1
301	1
302	5
303	5
304	5
305	5
306	13
307	13
308	13
309	13
310	13
311	13
312	13
313	13
314	13
316	11
317	11
318	11
319	11
320	11
321	11
322	11
323	11
324	11
325	11
326	11
327	11
328	11
329	11
330	11
331	13
332	13
333	13
334	13
335	13
336	13
337	11
338	11
339	11
340	13
341	13
342	13
343	13
344	13
345	13
346	13
347	13
348	13
349	13
350	13
351	13
352	13
353	13
354	13
355	13
356	3
357	3
358	3
359	3
360	3
361	3
362	3
363	3
364	3
365	3
366	3
367	3
368	3
369	13
370	13
371	13
372	13
373	13
374	13
375	13
376	13
377	13
378	13
379	13
380	13
381	13
382	13
383	13
384	13
385	13
386	13
387	13
388	13
389	11
390	11
391	11
392	11
393	11
394	13
395	13
396	13
397	13
398	11
399	11
400	11
401	11
402	11
403	7
404	7
405	7
406	7
407	3
408	3
409	2
410	2
411	2
412	2
413	2
414	2
415	2
416	2
417	2
418	2
419	2
420	2
421	2
422	2
423	2
424	2
425	10
426	10
427	10
428	10
429	10
430	10
431	10
432	10
433	2
434	2
435	2
436	2
437	2
438	2
439	2
440	2
441	2
442	2
443	2
444	2
445	2
446	10
447	10
448	10
449	10
450	10
451	2
452	2
453	2
454	10
455	10
456	10
457	2
458	2
459	2
460	2
461	2
462	2
463	10
464	10
465	10
466	10
467	10
468	10
469	10
470	10
471	10
472	10
473	2
474	2
475	1
476	1
477	3
478	3
479	3
480	3
481	3
482	3
483	3
484	7
485	7
486	3
487	3
488	3
489	1
490	1
491	1
492	1
493	1
494	1
495	3
496	3
497	3
498	7
499	3
500	3
501	3
502	7
503	3
504	3
505	3
506	3
507	7
508	7
509	7
510	7
511	7
512	7
513	7
514	7
515	7
516	7
517	7
518	7
519	3
520	7
521	7
522	10
523	10
524	10
525	10
526	5
527	5
528	10
529	10
530	10
531	10
532	10
533	10
534	10
535	10
536	10
537	10
538	5
539	5
540	5
541	5
542	5
543	5
544	5
545	5
546	5
547	5
548	5
549	5
550	5
551	5
552	5
553	5
554	5
555	5
556	5
557	5
558	5
559	7
560	7
561	7
562	7
563	7
564	7
565	5
566	5
567	5
568	5
569	5
570	4
571	4
572	4
573	4
574	4
575	4
576	4
577	4
578	4
579	4
580	4
581	5
582	5
583	5
584	5
585	5
586	5
587	7
588	7
589	7
590	7
591	7
592	7
593	7
594	7
595	7
596	7
597	7
598	7
599	7
600	7
601	7
602	7
603	5
604	5
605	5
606	5
607	5
608	5
609	5
610	5
611	5
612	5
613	5
614	5
615	5
616	5
617	7
618	7
619	7
620	7
621	7
622	7
623	7
624	7
625	7
626	7
627	7
628	7
629	7
630	7
631	7
632	7
633	7
634	7
635	7
636	7
637	7
638	7
639	5
640	5
641	5
642	5
643	5
644	5
645	5
646	5
647	5
648	5
649	5
650	5
651	5
652	5
653	5
654	5
655	5
656	5
657	1
658	1
659	1
660	1
661	2
662	2
663	2
664	2
665	2
666	2
667	2
668	2
669	2
670	3
671	3
672	3
673	3
674	3
675	3
676	3
677	3
678	3
679	3
680	2
681	2
682	2
683	2
684	2
685	2
686	2
687	2
688	2
689	2
690	2
691	2
692	2
693	2
694	2
695	2
696	2
697	3
698	3
699	3
700	3
701	3
702	3
703	3
704	3
705	3
706	3
707	3
708	3
709	3
710	3
711	3
712	3
713	3
714	2
715	2
716	7
717	7
718	3
719	3
720	3
721	7
722	7
723	7
724	7
725	7
726	7
727	7
728	7
729	7
730	7
731	7
732	11
733	11
734	11
735	11
736	11
737	1
738	1
739	1
740	1
741	1
742	1
743	1
744	1
745	11
746	11
747	11
748	11
749	11
750	11
751	11
752	11
753	11
754	11
755	11
756	11
757	11
758	11
759	11
760	11
761	11
762	11
763	11
764	11
765	11
766	1
767	1
768	1
769	1
770	11
771	11
772	1
773	1
774	1
775	1
776	1
777	1
778	1
779	1
780	1
781	1
782	1
783	1
784	1
785	13
786	1
787	1
788	1
789	1
790	1
791	13
792	13
793	13
794	13
795	13
796	13
797	13
798	13
799	13
800	13
801	1
802	1
803	1
804	1
805	13
806	13
807	13
808	1
809	1
810	1
811	8
812	9
813	8
814	8
815	8
816	9
817	8
818	9
819	9
820	9
821	8
822	8
823	8
824	9
825	9
826	9
827	9
828	9
829	9
830	8
831	8
832	9
833	9
834	8
835	8
836	8
837	8
838	8
839	9
840	8
841	9
842	8
843	8
844	8
845	9
846	8
847	9
848	9
849	9
850	9
851	9
852	8
853	8
854	8
855	9
856	9
857	9
858	5
859	5
860	5
861	5
862	5
863	5
864	5
865	5
866	5
867	5
868	5
869	5
870	5
871	8
872	8
873	9
874	9
875	8
876	8
877	8
878	9
879	9
880	9
881	8
882	8
883	8
884	8
885	8
886	8
887	8
888	8
889	9
890	9
891	9
892	9
893	8
894	8
895	8
896	8
897	9
898	9
899	9
900	9
901	9
902	8
903	8
904	8
905	8
906	9
907	9
908	9
909	9
910	9
911	9
912	9
913	9
914	8
915	8
916	9
917	8
918	9
919	9
920	9
921	9
922	9
923	9
924	9
925	8
926	9
927	8
928	8
929	8
930	8
931	8
932	9
933	9
934	9
935	8
936	8
937	9
938	9
939	9
940	9
941	9
942	8
943	9
944	9
945	9
946	9
947	8
948	8
949	8
950	9
951	9
952	9
953	9
954	9
955	9
956	9
957	8
958	8
959	9
960	9
961	9
962	8
963	8
964	8
965	8
966	9
967	9
968	9
969	8
970	9
971	9
972	8
973	8
974	9
975	9
976	8
977	8
978	9
979	9
980	9
981	9
982	8
983	8
984	9
985	3
986	3
987	3
988	3
989	3
990	3
991	3
992	3
993	3
994	3
995	3
996	3
997	3
998	3
999	3
1000	3
1001	3
1002	3
1003	3
1004	3
1005	3
1006	3
1007	9
1008	9
1009	3
1010	9
1011	8
1012	9
1013	8
1014	8
1015	8
1016	8
1017	9
1018	9
1019	8
1020	9
1021	9
1022	9
1023	8
1024	8
1025	8
1026	8
1027	9
1028	8
1029	8
1030	8
1031	8
1032	8
1033	8
1034	9
1035	9
1036	9
1037	9
1038	8
1039	8
1040	8
1041	9
1042	9
1043	8
1044	8
1045	8
1046	8
1047	9
1048	8
1049	8
1050	9
1051	9
1052	8
1053	8
1054	9
1055	8
1056	9
1057	9
1058	9
1059	8
1060	9
1061	9
1062	8
1063	9
1064	8
1065	9
1066	9
1067	9
1068	9
1069	8
1070	9
1071	8
1072	8
1073	8
1074	8
1075	5
1076	5
1077	5
1078	5
1079	5
1080	5
1081	5
1082	5
1083	5
1084	5
1085	5
1086	5
1087	1
1088	1
1089	1
1090	1
1091	1
1092	1
1093	1
1094	7
1095	7
1096	7
1097	7
1098	7
1099	7
1100	7
1101	7
1102	7
1103	7
1104	7
1105	7
1106	7
1107	8
1108	8
1109	8
1110	8
1111	8
1112	8
1113	8
1114	8
1115	3
1116	8
1117	8
1118	8
1119	8
1120	8
1121	8
1122	8
1123	8
1124	8
1125	8
1126	8
1127	8
1128	8
1129	3
1130	8
1131	8
1132	8
1133	8
1134	8
1135	8
1136	9
1137	9
1138	9
1139	9
1140	8
1141	8
1142	8
1143	8
1144	8
1145	8
1146	8
1147	8
1148	3
1149	8
1150	3
1151	8
1152	3
1153	8
1154	13
1155	13
1156	13
1157	13
1158	13
1159	13
1160	13
1161	13
1162	13
1163	13
1164	13
1165	13
1166	13
1167	13
1168	13
1169	8
1170	9
1171	9
1172	8
1173	8
1174	9
1175	9
1176	8
1177	8
1178	8
1179	8
1180	9
1181	8
1182	8
1183	8
1184	9
1185	8
1186	8
1187	8
1188	8
1189	8
1190	9
1191	9
1192	9
1193	8
1194	9
1195	8
1196	9
1197	8
1198	9
1199	8
1200	9
1201	9
1202	9
1203	9
1204	9
1205	9
1206	9
1207	9
1208	9
1209	9
1210	9
1211	9
1212	9
1213	9
1214	9
1215	9
1216	9
1217	9
1218	9
1219	9
1220	9
1221	9
1222	9
1223	9
1224	9
1225	9
1226	9
1227	9
1228	9
1229	9
1230	9
1231	9
1232	9
1233	9
1234	9
1235	9
1236	9
1237	9
1238	9
1239	9
1240	7
1241	7
1242	7
1243	7
1244	7
1245	7
1246	7
1247	7
1248	7
1249	7
1250	7
1251	7
1252	7
1253	2
1254	2
1255	2
1256	2
1257	2
1258	7
1259	7
1260	7
1261	7
1262	7
1263	7
1264	2
1265	2
1266	2
1267	2
1268	2
1269	2
1270	2
1271	2
1272	2
1273	2
1274	2
1275	2
1276	2
1277	2
1278	13
1279	13
1280	13
1281	7
1282	7
1283	7
1284	2
1285	2
1286	2
1287	2
1288	13
1289	13
1290	13
1291	13
1292	13
1293	13
1294	13
1295	13
1296	13
1297	13
1298	13
1299	13
1300	13
1301	13
1302	13
1303	5
1304	5
1305	5
1306	5
1307	5
1308	5
1309	5
1310	5
1311	5
1312	5
1313	5
1314	9
1315	9
1316	9
1317	9
1318	9
1319	9
1320	9
1321	9
1322	9
1323	9
1324	9
1325	9
1326	9
1327	9
1328	9
1329	9
1330	9
1331	9
1332	9
1333	9
1334	9
1335	9
1336	9
1337	9
1338	9
1339	9
1340	9
1341	9
1342	9
1343	9
1344	9
1345	9
1346	5
1347	5
1348	5
1349	5
1350	5
1351	5
1352	5
1353	5
1354	5
1355	5
1356	5
1357	5
1358	5
1359	5
1360	5
1361	5
1362	5
1363	3
1364	3
1365	3
1366	3
1367	3
1368	3
1369	3
1370	3
1371	3
1372	3
1373	3
1374	3
1375	3
1376	3
1377	3
1378	3
1379	3
1380	3
1381	13
1382	13
1383	13
1384	13
1385	13
1386	13
1387	13
1388	13
1389	13
1390	13
1391	13
1392	13
1393	13
1394	13
1395	13
1396	13
1397	2
1398	2
1399	2
1400	2
1401	2
1402	2
1403	2
1404	2
1405	2
1406	2
1407	2
1408	2
1409	2
1410	2
1411	2
1412	2
1413	2
1414	2
1415	2
1416	2
1417	2
1418	2
1419	2
1420	2
1421	2
1422	2
1423	2
1424	2
1425	2
1426	2
1427	2
1428	4
1429	4
1430	4
1431	4
1432	4
1433	4
1434	4
1435	4
1436	4
1437	4
1438	4
1439	4
1440	4
1441	4
1442	4
1443	4
1444	4
1445	4
1446	4
1447	4
1448	4
1449	4
1450	4
1451	4
1452	4
1453	4
1454	4
1455	4
1456	4
1457	4
1458	4
1459	4
1460	4
1461	4
1462	4
1463	4
1464	4
1465	3
1466	3
1467	3
1468	3
1469	3
1470	3
1471	7
1472	3
1473	3
1474	7
1475	7
1476	3
1477	7
1478	3
1479	7
1480	3
1481	3
1482	7
1483	7
1484	3
1485	3
1486	7
1487	3
1488	7
1489	11
1490	11
1491	11
1492	11
1493	11
1494	11
1495	11
1496	11
1497	11
1498	11
1499	11
1500	11
1501	2
1502	2
1503	2
1504	2
1505	2
1506	2
1507	2
1508	2
1509	2
1510	2
1511	2
1512	2
1513	2
1514	2
1515	2
1516	2
1517	2
1518	2
1519	2
1520	2
1521	2
1522	2
1523	2
1524	2
1525	2
1526	2
1527	2
1528	2
1529	1
1530	1
1531	10
1532	10
1533	1
1534	10
1535	10
1536	1
1537	1
1538	10
1539	10
1540	10
1541	10
1542	1
1543	1
1544	1
1545	1
1546	1
1547	1
1548	10
1549	10
1550	1
1551	1
1552	10
1553	10
1554	10
1555	10
1556	10
1557	10
1558	10
1559	10
1560	10
1561	10
1562	10
1563	10
1564	10
1565	10
1566	10
1567	10
1568	10
1569	10
1570	10
1571	10
1572	10
1573	10
1574	10
1575	10
1576	11
1577	11
1578	11
1579	11
1580	11
1581	11
1582	11
1583	11
1584	11
1585	11
1586	11
1587	11
1588	11
1589	11
1590	11
1591	11
1592	11
1593	5
1594	5
1595	5
1596	5
1597	5
1598	5
1599	5
1600	5
1601	5
1602	10
1603	10
1604	10
1605	10
1606	10
1607	10
1608	10
1609	10
1610	10
1611	10
1612	10
1613	10
1614	10
1615	10
1616	10
1617	10
1618	7
1619	7
1620	7
1621	7
1622	7
1623	7
1624	7
1625	7
1626	7
1627	7
1628	7
1629	9
1630	4
1631	4
1632	4
1633	4
1634	4
1635	4
1636	4
1637	4
1638	4
1639	9
1640	4
1641	4
1642	4
1643	4
1644	7
1645	7
1646	7
1647	7
1648	7
1649	4
1650	4
1651	4
1652	4
1653	4
1654	4
1655	4
1656	4
1658	4
1659	4
1660	4
1661	4
1662	4
1663	4
1664	4
1665	4
1666	4
1667	4
1668	4
1669	4
1670	4
1671	4
1672	4
1673	7
1674	4
1675	4
1676	4
1677	7
1678	1
1679	1
1680	1
1681	1
1682	1
1683	1
1684	1
1685	11
1686	11
1687	11
1688	11
1689	11
1690	11
1691	11
1692	11
1693	11
1694	11
1695	11
1696	11
1697	11
1698	11
1699	11
1700	11
1701	11
1702	11
1703	11
1704	11
1705	11
1706	11
1707	11
1708	11
1709	11
1710	11
1711	11
1712	11
1713	7
1714	7
1715	7
1716	7
1717	7
1718	7
1719	7
1720	7
1721	7
1722	7
1723	7
1724	7
1725	11
1726	11
1727	11
1728	7
1729	11
1730	11
1731	11
1732	11
1733	11
1734	11
1735	11
1736	11
1737	11
1738	11
1739	11
1740	11
1741	11
1742	2
1743	2
1744	11
1745	2
1746	2
1747	2
1748	2
1749	2
1750	2
1751	2
1752	2
1753	2
1754	2
1755	2
1756	2
1757	7
1758	7
1759	7
1760	7
1761	2
1762	2
1763	2
1764	11
1765	2
1766	2
1767	11
1768	2
1769	2
1770	2
1771	2
1772	2
1773	2
1774	7
1775	7
1776	7
1777	7
1778	7
1779	7
1780	7
1781	7
1782	7
1783	7
1784	7
1785	7
1786	7
1787	2
1788	2
1789	2
1790	2
1791	2
1792	2
1793	2
1794	2
1795	7
1796	7
1797	7
1798	7
1799	2
1800	2
1801	2
1802	2
1803	2
1804	11
1805	2
1806	11
1807	2
1808	2
1809	4
1810	4
1811	4
1812	4
1813	4
1814	4
1815	4
1816	4
1817	4
1818	4
1819	4
1820	4
1821	4
1822	4
1823	4
1824	4
1825	4
1826	4
1827	4
1828	4
1829	4
1830	7
1831	7
1832	7
1833	7
1834	7
1835	4
1836	4
1837	7
1838	4
1839	4
1840	3
1841	3
1842	3
1843	3
1844	3
1845	4
1846	4
1847	4
1848	4
1849	4
1850	4
1851	4
1852	4
1853	4
1854	4
1855	4
1856	4
1857	7
1858	7
1859	7
1860	7
1861	7
1862	7
1863	4
1864	4
1865	4
1866	4
1867	4
1868	4
1869	4
1870	4
1871	4
1872	1
1873	1
1874	1
1875	1
1876	1
1877	1
1878	1
1879	1
1880	1
1881	1
1882	1
1883	1
1884	1
1885	1
1886	1
1887	1
1888	1
1889	1
1890	1
1891	1
1892	1
1893	1
1894	1
1895	5
1896	5
1897	5
1898	8
1899	8
1900	8
1901	8
1902	8
1903	8
1904	5
1905	5
1906	5
1907	5
1908	5
1909	5
1910	5
1911	5
1912	5
1913	5
1914	5
1915	5
1916	8
1917	8
1918	8
1919	8
1920	8
1921	8
1922	8
1923	8
1924	5
1925	5
1926	5
1927	5
1928	5
1929	5
1930	5
1931	5
1932	5
1933	5
1934	5
1935	5
1936	5
1937	5
1938	5
1939	5
1940	5
1941	5
1942	5
1943	5
1944	5
1945	5
1946	5
1947	5
1948	5
1949	5
1950	5
1951	5
1952	5
1953	5
1954	5
1955	5
1956	5
1957	5
1958	5
1959	5
1960	5
1961	5
1962	5
1963	5
1964	5
1965	5
1966	5
1967	5
1968	5
1969	5
1970	5
1971	5
1972	5
1973	5
1974	5
1975	5
1976	10
1977	10
1978	10
1979	10
1980	10
1981	10
1982	10
1983	10
1984	10
1985	10
1986	10
1987	10
1988	10
1989	10
1990	10
1991	10
1992	10
1993	10
1994	10
1995	10
1996	10
1997	10
1998	10
1999	10
2000	10
2001	10
2002	10
2003	10
2004	10
2005	10
2006	10
2007	10
2008	10
2009	10
2010	10
2011	10
2012	10
2013	10
2014	10
2015	10
2016	10
2017	1
2018	1
2019	1
2020	1
2021	1
2022	1
2023	1
2024	1
2025	1
2026	1
2027	1
2028	1
2029	1
2030	1
2031	1
2032	1
2033	1
2034	1
2035	1
2036	1
2037	1
2038	7
2039	7
2040	7
2041	7
2042	7
2043	1
2044	1
2045	1
2046	1
2047	1
2048	7
2049	7
2050	1
2051	1
2052	1
2053	1
2054	1
2055	1
2056	1
2057	1
2058	10
2059	10
2060	10
2061	10
2062	10
2063	10
2064	10
2065	10
2066	10
2067	10
2068	7
2069	1
2070	1
2071	7
2072	7
2073	7
2074	7
2075	1
2076	7
2077	7
2078	7
2079	7
2080	7
2081	1
2082	7
2083	7
2084	1
2085	1
2086	1
2087	7
2088	7
2089	11
2090	11
2091	11
2092	11
2093	11
2094	11
2095	11
2096	5
2097	5
2098	5
2099	5
2100	5
2101	5
2102	5
2103	2
2104	2
2105	2
2106	2
2107	5
2108	5
2109	5
2110	2
2111	2
2112	2
2113	6
2114	6
2115	6
2116	6
2117	6
2118	6
2119	6
2120	6
2121	6
2122	6
2123	6
2124	1
2125	6
2126	6
2127	6
2128	6
2129	6
2130	6
2131	6
2132	6
2133	6
2134	11
2135	11
2136	6
2137	6
2138	6
2139	6
2140	6
2141	6
2142	6
2143	6
2144	6
2145	6
2146	6
2147	6
2148	6
2149	6
2150	6
2151	6
2152	6
2153	6
2154	6
2155	6
2156	6
2157	6
2158	6
2159	6
2160	6
2161	6
2162	6
2163	6
2164	11
2165	11
2166	11
2167	6
2168	6
2169	6
2170	11
2171	6
2172	6
2173	6
2174	6
2175	6
2176	6
2177	6
2178	6
2179	6
2180	11
2181	11
2182	6
2183	6
2184	6
2185	6
2186	6
2187	6
2188	6
2189	6
2190	6
2191	6
2192	6
2193	11
2194	6
2195	6
2196	6
2197	6
2198	6
2199	6
2200	6
2201	6
2202	6
2203	6
2204	6
2205	6
2206	6
2207	6
2208	6
2209	6
2210	6
2211	6
2212	6
2213	6
2214	6
2215	6
2216	6
2217	6
2218	6
2219	11
2220	11
2221	6
2222	6
2223	6
2224	6
2225	11
2226	11
2227	11
2228	6
2229	6
2230	11
2231	11
2232	6
2233	6
2234	6
2235	11
2236	6
2237	6
2238	6
2239	6
2240	6
2241	6
2242	6
2243	6
2244	6
2245	6
2246	6
2247	11
2248	11
2249	6
2250	6
2251	6
2252	11
2253	6
2254	6
2255	6
2256	11
2257	11
2258	6
2259	6
2260	6
2261	11
2262	11
2263	11
2264	11
2265	6
2266	6
2267	6
2268	6
2269	6
2270	6
2271	11
2272	6
2273	6
2274	11
2275	6
2276	6
2277	6
2278	6
2279	6
2280	6
2281	6
2282	6
2283	6
2284	1
2285	1
2286	6
2287	6
2288	11
2289	11
2290	11
2291	11
2292	11
2293	6
2294	6
2295	6
2296	6
2297	6
2298	6
2299	6
2300	6
2301	11
2302	6
2303	6
2304	6
2305	11
2306	11
2307	11
2308	11
2309	1
2310	1
2311	1
2312	8
2313	8
2314	8
2315	8
2316	8
2317	8
2318	8
2319	8
2320	8
2321	8
2322	8
2323	8
2324	8
2325	8
2326	8
2327	8
2328	8
2329	8
2330	5
2331	5
2332	5
2333	5
2334	5
2335	5
2336	5
2337	5
2338	5
2339	5
2340	5
2341	5
2342	5
2343	5
2344	5
2345	5
2346	8
2347	8
2348	8
2349	8
2350	8
2351	8
2352	8
2353	8
2354	8
2355	8
2356	8
2357	8
2358	8
2359	8
2360	8
2361	8
2362	8
2363	8
2364	8
2365	8
2366	4
2367	6
2368	4
2369	6
2370	4
2371	6
2372	6
2373	4
2374	4
2375	4
2376	4
2377	4
2378	4
2379	4
2380	6
2381	4
2382	4
2383	4
2384	4
2385	4
2386	4
2387	4
2388	4
2389	4
2390	4
2391	4
2392	4
2393	4
2394	4
2395	4
2396	4
2397	4
2398	4
2399	4
2400	4
2401	6
2402	6
2403	4
2404	4
2405	6
2406	4
2407	4
2408	4
2409	4
2410	6
2411	6
2412	4
2413	4
2414	6
2415	12
2416	12
2417	12
2418	12
2419	12
2420	12
2421	12
2422	12
2423	12
2424	12
2425	12
2426	12
2427	13
2428	12
2429	13
2430	13
2431	12
2432	12
2433	12
2434	12
2435	12
2436	12
2437	12
2438	12
2439	13
2440	12
2441	12
2442	12
2443	12
2444	12
2445	12
2446	12
2447	12
2448	12
2449	12
2450	12
2451	12
2452	12
2453	12
2454	12
2455	12
2456	12
2457	12
2458	12
2459	12
2460	12
2461	12
2462	12
2463	12
2464	12
2465	12
2466	12
2467	12
2468	12
2469	12
2470	12
2471	12
2472	12
2473	12
2474	12
2475	12
2476	12
2477	12
2478	12
2479	12
2480	12
2481	12
2482	12
2483	12
2484	12
2485	12
2486	12
2487	12
2488	12
2489	12
2490	12
2491	12
2492	12
2493	12
2494	12
2495	12
2496	13
2497	13
2498	13
2499	13
2500	12
2501	12
2502	12
2503	12
2504	12
2505	13
2506	13
2507	12
2508	13
2509	13
2510	13
2511	13
2512	13
2513	13
2514	13
2515	12
2516	12
2517	12
2518	12
2519	12
2520	12
2521	12
2522	12
2523	13
2524	12
2525	13
2526	12
2527	12
2528	12
2529	13
2530	13
2531	13
2532	13
2533	13
2534	13
2535	13
2536	13
2537	13
2538	13
2539	12
2540	13
2541	12
2542	13
2543	12
2544	12
2545	12
2546	12
2547	12
2548	12
2549	12
2550	12
2551	12
2552	13
2553	13
2554	12
2555	12
2556	12
2557	12
2558	13
2559	13
2560	12
2561	12
2562	13
2563	13
2564	12
2565	13
2566	12
2567	12
2568	12
2569	13
2570	13
2571	12
2572	12
2573	12
2574	13
2575	12
2576	12
2577	12
2578	12
2579	12
2580	12
2581	13
2582	12
2583	12
2584	12
2585	12
2586	12
2587	13
2588	13
2589	13
2590	13
2591	13
2592	13
2593	13
2594	12
2595	12
2596	12
2597	12
2598	12
2599	12
2600	12
2601	12
2602	12
2603	12
2604	13
2605	12
2606	1
2607	1
2608	1
2609	1
2610	1
2611	1
2612	1
2613	1
2614	1
2615	1
2616	1
2617	1
2618	1
2619	1
2620	1
2621	1
2622	1
2623	1
2624	1
2625	1
2626	1
2627	1
2628	1
2629	1
2630	1
2631	1
2632	1
2633	1
2634	1
2635	1
2636	1
2637	1
2638	1
2639	1
2640	3
2641	3
2642	10
2643	10
2644	10
2645	3
2646	10
2647	10
2648	3
2649	10
2650	10
2651	3
2652	3
2653	3
2654	10
2655	3
2656	10
2657	3
2658	3
2659	10
2660	10
2661	3
2662	3
2663	10
2664	10
2665	10
2666	3
2667	10
2668	10
2669	10
2670	3
2671	10
2672	10
2673	10
2674	3
2675	3
2676	3
2677	3
2678	3
2679	10
2680	10
2681	10
2682	10
2683	10
2684	10
2685	10
2686	10
2687	10
2688	5
2689	5
2690	5
2691	5
315	11
1657	4
