0	10
1	10
2	10
3	10
4	10
5	10
6	10
7	4
8	4
9	4
10	4
11	4
12	4
13	4
14	4
15	4
16	4
17	4
18	5
19	4
20	4
21	9
22	9
23	9
24	9
25	9
26	9
27	9
28	9
29	2
30	2
31	2
32	2
33	2
34	2
35	2
36	2
37	2
38	2
39	2
40	2
41	2
42	2
43	2
44	2
45	2
46	2
47	2
48	2
49	2
50	2
51	2
52	2
53	8
54	8
55	8
56	8
57	8
58	2
59	2
60	2
61	2
62	2
63	2
64	2
65	8
66	8
67	8
68	8
69	8
70	8
71	9
72	9
73	9
74	9
75	2
76	2
77	2
78	2
79	2
80	2
81	2
82	2
83	7
84	7
85	7
86	7
87	7
88	7
89	7
90	7
91	7
92	7
93	7
94	7
95	7
96	4
97	4
98	4
99	4
100	4
101	4
102	4
103	4
104	4
105	4
106	4
107	4
108	4
109	4
110	4
111	4
112	4
113	4
114	4
115	4
116	4
117	4
118	4
119	4
120	4
121	4
122	4
123	4
124	4
125	4
126	4
127	4
128	4
129	13
130	13
131	13
132	13
133	13
134	13
135	13
136	13
137	13
138	13
139	13
140	13
141	13
142	13
143	13
144	13
145	13
146	13
147	13
148	13
149	13
150	13
151	13
152	13
153	13
154	13
155	13
156	13
157	13
158	13
159	13
160	13
161	13
162	13
163	13
164	13
165	13
166	13
167	13
168	13
169	13
170	13
171	13
172	13
173	13
174	13
175	13
176	13
177	13
178	13
179	13
180	13
181	13
182	13
183	2
184	2
185	2
186	2
187	2
188	2
189	2
190	2
191	2
192	2
193	2
194	2
195	2
196	2
197	2
198	2
199	2
200	2
201	2
202	2
203	2
204	2
205	2
206	2
207	2
208	9
209	9
210	9
211	9
212	9
213	9
214	9
215	9
216	9
217	8
218	9
219	9
220	8
221	8
222	8
223	8
224	8
225	8
226	9
227	9
228	9
229	9
230	9
231	9
232	9
233	9
234	9
235	9
236	8
237	8
238	9
239	9
240	9
241	9
242	9
243	9
244	9
245	9
246	9
247	9
248	2
249	2
250	2
251	2
252	2
253	2
254	2
255	2
256	2
257	2
258	2
259	2
260	2
261	9
262	9
263	9
264	9
265	9
266	9
267	9
268	1
269	1
270	1
271	9
272	9
273	9
274	9
275	9
276	9
277	9
278	1
279	1
280	1
281	1
282	1
283	1
284	1
285	1
286	1
287	1
288	1
289	1
290	1
291	1
292	1
293	1
294	1
295	1
296	1
297	1
298	1
299	1
300	1
301	1
302	2
303	2
304	2
305	2
306	8
307	8
308	8
309	11
310	8
311	8
312	8
313	8
314	8
316	5
317	5
318	5
319	5
320	5
321	5
322	5
323	5
324	5
325	5
326	5
327	5
328	5
329	5
330	5
331	8
332	8
333	8
334	8
335	8
336	8
337	5
338	5
339	5
340	8
341	8
342	8
343	8
344	8
345	11
346	8
347	8
348	8
349	8
350	8
351	8
352	8
353	11
354	8
355	11
356	13
357	13
358	7
359	13
360	13
361	7
362	13
363	13
364	13
365	7
366	13
367	7
368	7
369	11
370	11
371	11
372	8
373	8
374	8
375	11
376	8
377	8
378	8
379	8
380	8
381	8
382	8
383	8
384	8
385	8
386	8
387	8
388	8
389	5
390	5
391	5
392	5
393	5
394	8
395	8
396	8
397	8
398	5
399	5
400	5
401	5
402	5
403	9
404	9
405	9
406	9
407	9
408	9
409	5
410	5
411	5
412	5
413	2
414	2
415	2
416	5
417	2
418	5
419	5
420	2
421	2
422	5
423	5
424	2
425	13
426	13
427	13
428	13
429	13
430	13
431	13
432	13
433	2
434	2
435	2
436	2
437	2
438	2
439	5
440	2
441	2
442	5
443	2
444	2
445	5
446	13
447	13
448	13
449	13
450	13
451	2
452	5
453	2
454	13
455	13
456	13
457	2
458	5
459	2
460	5
461	2
462	2
463	13
464	13
465	13
466	13
467	13
468	13
469	13
470	13
471	13
472	13
473	2
474	5
475	1
476	1
477	1
478	1
479	1
480	1
481	1
482	1
483	1
484	9
485	9
486	1
487	1
488	1
489	1
490	1
491	1
492	1
493	1
494	1
495	1
496	1
497	1
498	9
499	1
500	1
501	1
502	9
503	1
504	1
505	1
506	9
507	9
508	9
509	9
510	9
511	9
512	9
513	9
514	9
515	9
516	9
517	9
518	9
519	9
520	9
521	9
522	3
523	3
524	3
525	3
526	10
527	10
528	3
529	3
530	3
531	3
532	3
533	3
534	3
535	3
536	3
537	3
538	10
539	10
540	10
541	10
542	10
543	10
544	10
545	10
546	10
547	10
548	10
549	10
550	10
551	10
552	10
553	10
554	10
555	10
556	10
557	10
558	10
559	9
560	9
561	9
562	9
563	9
564	9
565	10
566	10
567	10
568	10
569	10
570	3
571	3
572	3
573	3
574	3
575	3
576	3
577	3
578	3
579	3
580	3
581	10
582	10
583	10
584	10
585	10
586	10
587	9
588	1
589	1
590	1
591	1
592	9
593	9
594	1
595	9
596	1
597	9
598	1
599	9
600	9
601	9
602	9
603	2
604	2
605	2
606	2
607	2
608	2
609	2
610	2
611	2
612	2
613	2
614	2
615	2
616	2
617	9
618	9
619	9
620	1
621	1
622	1
623	1
624	1
625	1
626	9
627	1
628	9
629	9
630	9
631	9
632	9
633	1
634	1
635	9
636	9
637	9
638	1
639	10
640	10
641	10
642	10
643	10
644	10
645	10
646	10
647	10
648	10
649	10
650	10
651	10
652	10
653	10
654	10
655	10
656	10
657	13
658	13
659	1
660	1
661	10
662	10
663	10
664	10
665	10
666	10
667	10
668	10
669	10
670	9
671	9
672	9
673	9
674	9
675	9
676	9
677	9
678	9
679	9
680	10
681	10
682	10
683	10
684	10
685	10
686	10
687	10
688	10
689	10
690	10
691	10
692	10
693	10
694	10
695	10
696	10
697	9
698	9
699	9
700	9
701	9
702	9
703	9
704	9
705	9
706	9
707	9
708	9
709	9
710	9
711	9
712	9
713	9
714	10
715	10
716	9
717	9
718	9
719	9
720	9
721	9
722	9
723	9
724	9
725	9
726	9
727	9
728	9
729	9
730	9
731	9
732	5
733	5
734	5
735	5
736	5
737	1
738	13
739	13
740	13
741	13
742	13
743	1
744	13
745	5
746	5
747	5
748	5
749	5
750	5
751	5
752	5
753	5
754	5
755	5
756	5
757	5
758	5
759	5
760	5
761	5
762	5
763	5
764	5
765	5
766	13
767	13
768	13
769	13
770	5
771	5
772	13
773	13
774	13
775	13
776	1
777	1
778	13
779	13
780	1
781	13
782	13
783	13
784	13
785	8
786	13
787	1
788	13
789	13
790	13
791	8
792	8
793	8
794	8
795	8
796	8
797	8
798	8
799	8
800	8
801	13
802	13
803	13
804	1
805	8
806	8
807	8
808	13
809	13
810	13
811	6
812	6
813	6
814	6
815	6
816	6
817	6
818	6
819	6
820	6
821	6
822	6
823	6
824	6
825	6
826	6
827	6
828	6
829	6
830	6
831	6
832	6
833	6
834	6
835	6
836	6
837	6
838	6
839	6
840	6
841	6
842	6
843	6
844	6
845	6
846	6
847	6
848	6
849	6
850	6
851	6
852	6
853	6
854	6
855	6
856	6
857	6
858	2
859	2
860	2
861	2
862	2
863	2
864	2
865	2
866	2
867	2
868	2
869	2
870	2
871	6
872	6
873	6
874	6
875	6
876	6
877	6
878	6
879	6
880	6
881	6
882	6
883	6
884	6
885	6
886	6
887	6
888	6
889	6
890	6
891	6
892	6
893	6
894	6
895	6
896	6
897	6
898	6
899	6
900	6
901	6
902	6
903	6
904	6
905	6
906	6
907	6
908	6
909	6
910	6
911	6
912	6
913	6
914	6
915	6
916	6
917	6
918	6
919	6
920	6
921	6
922	6
923	6
924	6
925	6
926	6
927	6
928	6
929	6
930	6
931	6
932	6
933	6
934	6
935	6
936	6
937	6
938	6
939	6
940	6
941	6
942	6
943	6
944	6
945	6
946	6
947	6
948	6
949	6
950	6
951	6
952	6
953	6
954	6
955	6
956	6
957	6
958	6
959	6
960	6
961	6
962	6
963	6
964	6
965	6
966	6
967	6
968	6
969	6
970	6
971	6
972	6
973	6
974	6
975	6
976	6
977	6
978	6
979	6
980	6
981	6
982	5
983	5
984	5
985	13
986	13
987	13
988	13
989	13
990	13
991	13
992	13
993	13
994	13
995	13
996	13
997	13
998	13
999	13
1000	13
1001	13
1002	13
1003	13
1004	13
1005	13
1006	13
1007	5
1008	5
1009	13
1010	5
1011	6
1012	5
1013	5
1014	5
1015	5
1016	5
1017	5
1018	6
1019	6
1020	5
1021	5
1022	5
1023	5
1024	5
1025	5
1026	5
1027	5
1028	5
1029	5
1030	5
1031	6
1032	5
1033	5
1034	5
1035	5
1036	5
1037	5
1038	5
1039	5
1040	5
1041	5
1042	5
1043	5
1044	5
1045	5
1046	5
1047	5
1048	5
1049	6
1050	5
1051	6
1052	5
1053	5
1054	5
1055	5
1056	5
1057	5
1058	5
1059	5
1060	5
1061	5
1062	6
1063	5
1064	5
1065	5
1066	5
1067	5
1068	5
1069	5
1070	5
1071	5
1072	5
1073	5
1074	5
1075	2
1076	2
1077	2
1078	2
1079	2
1080	2
1081	2
1082	2
1083	2
1084	2
1085	2
1086	2
1087	1
1088	1
1089	1
1090	1
1091	1
1092	1
1093	1
1094	9
1095	9
1096	9
1097	9
1098	9
1099	9
1100	9
1101	9
1102	9
1103	9
1104	9
1105	9
1106	9
1107	3
1108	3
1109	3
1110	3
1111	3
1112	3
1113	3
1114	8
1115	3
1116	3
1117	3
1118	8
1119	3
1120	3
1121	3
1122	8
1123	3
1124	8
1125	8
1126	3
1127	3
1128	3
1129	3
1130	3
1131	8
1132	3
1133	8
1134	3
1135	3
1136	6
1137	3
1138	3
1139	3
1140	3
1141	3
1142	3
1143	3
1144	3
1145	3
1146	8
1147	8
1148	3
1149	3
1150	3
1151	3
1152	3
1153	3
1154	8
1155	8
1156	8
1157	8
1158	8
1159	8
1160	8
1161	8
1162	8
1163	8
1164	8
1165	8
1166	8
1167	8
1168	8
1169	5
1170	5
1171	5
1172	6
1173	5
1174	5
1175	5
1176	5
1177	6
1178	5
1179	6
1180	6
1181	6
1182	5
1183	5
1184	5
1185	5
1186	5
1187	5
1188	5
1189	5
1190	5
1191	5
1192	5
1193	5
1194	5
1195	5
1196	5
1197	6
1198	5
1199	5
1200	3
1201	3
1202	3
1203	3
1204	3
1205	3
1206	3
1207	3
1208	3
1209	3
1210	3
1211	3
1212	3
1213	3
1214	3
1215	3
1216	3
1217	3
1218	3
1219	3
1220	3
1221	3
1222	3
1223	3
1224	3
1225	3
1226	3
1227	3
1228	3
1229	3
1230	3
1231	3
1232	3
1233	3
1234	3
1235	3
1236	3
1237	3
1238	3
1239	3
1240	1
1241	1
1242	1
1243	1
1244	1
1245	1
1246	1
1247	1
1248	1
1249	1
1250	1
1251	1
1252	1
1253	2
1254	2
1255	2
1256	2
1257	2
1258	1
1259	1
1260	1
1261	1
1262	1
1263	1
1264	2
1265	2
1266	2
1267	2
1268	2
1269	2
1270	2
1271	2
1272	2
1273	2
1274	2
1275	2
1276	2
1277	2
1278	8
1279	8
1280	8
1281	1
1282	1
1283	1
1284	2
1285	2
1286	2
1287	2
1288	8
1289	8
1290	8
1291	8
1292	8
1293	8
1294	8
1295	8
1296	8
1297	8
1298	8
1299	8
1300	8
1301	8
1302	8
1303	2
1304	2
1305	2
1306	2
1307	2
1308	2
1309	2
1310	2
1311	2
1312	2
1313	2
1314	6
1315	6
1316	6
1317	6
1318	6
1319	6
1320	6
1321	6
1322	6
1323	6
1324	6
1325	3
1326	6
1327	3
1328	6
1329	6
1330	6
1331	3
1332	3
1333	6
1334	6
1335	6
1336	3
1337	3
1338	6
1339	6
1340	6
1341	3
1342	6
1343	6
1344	3
1345	6
1346	2
1347	2
1348	2
1349	2
1350	2
1351	2
1352	2
1353	2
1354	2
1355	2
1356	2
1357	2
1358	2
1359	2
1360	2
1361	2
1362	2
1363	7
1364	7
1365	7
1366	7
1367	7
1368	7
1369	7
1370	7
1371	7
1372	7
1373	7
1374	7
1375	7
1376	7
1377	7
1378	7
1379	7
1380	7
1381	8
1382	8
1383	8
1384	8
1385	8
1386	8
1387	8
1388	8
1389	8
1390	8
1391	8
1392	8
1393	8
1394	8
1395	8
1396	8
1397	2
1398	2
1399	2
1400	2
1401	2
1402	2
1403	2
1404	2
1405	2
1406	2
1407	2
1408	2
1409	2
1410	2
1411	2
1412	2
1413	2
1414	2
1415	2
1416	2
1417	2
1418	2
1419	2
1420	2
1421	2
1422	2
1423	2
1424	2
1425	2
1426	2
1427	2
1428	3
1429	3
1430	3
1431	3
1432	3
1433	3
1434	3
1435	3
1436	3
1437	3
1438	3
1439	3
1440	3
1441	3
1442	3
1443	3
1444	3
1445	3
1446	3
1447	3
1448	3
1449	3
1450	3
1451	3
1452	3
1453	3
1454	3
1455	3
1456	3
1457	3
1458	3
1459	3
1460	3
1461	3
1462	3
1463	3
1464	3
1465	9
1466	9
1467	9
1468	9
1469	9
1470	9
1471	9
1472	9
1473	9
1474	9
1475	9
1476	9
1477	9
1478	9
1479	9
1480	9
1481	9
1482	9
1483	9
1484	9
1485	9
1486	9
1487	9
1488	9
1489	5
1490	5
1491	5
1492	5
1493	5
1494	5
1495	5
1496	5
1497	5
1498	5
1499	5
1500	5
1501	10
1502	10
1503	10
1504	10
1505	10
1506	10
1507	10
1508	10
1509	10
1510	10
1511	10
1512	10
1513	10
1514	10
1515	10
1516	10
1517	10
1518	10
1519	10
1520	10
1521	10
1522	10
1523	10
1524	10
1525	10
1526	10
1527	10
1528	10
1529	13
1530	13
1531	13
1532	13
1533	13
1534	13
1535	13
1536	13
1537	13
1538	13
1539	13
1540	13
1541	13
1542	13
1543	13
1544	13
1545	13
1546	13
1547	13
1548	13
1549	13
1550	13
1551	13
1552	7
1553	7
1554	3
1555	7
1556	3
1557	7
1558	7
1559	7
1560	7
1561	7
1562	3
1563	7
1564	7
1565	7
1566	7
1567	7
1568	7
1569	7
1570	7
1571	7
1572	7
1573	7
1574	7
1575	7
1576	5
1577	5
1578	5
1579	5
1580	5
1581	5
1582	5
1583	5
1584	5
1585	5
1586	5
1587	5
1588	5
1589	5
1590	5
1591	5
1592	5
1593	2
1594	2
1595	2
1596	2
1597	2
1598	2
1599	2
1600	2
1601	2
1602	3
1603	7
1604	3
1605	3
1606	3
1607	7
1608	3
1609	3
1610	3
1611	3
1612	3
1613	7
1614	7
1615	3
1616	3
1617	3
1618	8
1619	8
1620	9
1621	9
1622	9
1623	9
1624	9
1625	9
1626	9
1627	9
1628	9
1629	3
1630	3
1631	3
1632	3
1633	3
1634	3
1635	3
1636	3
1637	3
1638	3
1639	3
1640	3
1641	3
1642	3
1643	3
1644	9
1645	9
1646	9
1647	9
1648	9
1649	3
1650	3
1651	3
1652	3
1653	3
1654	3
1655	3
1656	3
1658	3
1659	3
1660	3
1661	3
1662	3
1663	3
1664	3
1665	3
1666	3
1667	3
1668	3
1669	3
1670	3
1671	3
1672	3
1673	9
1674	3
1675	3
1676	3
1677	9
1678	1
1679	1
1680	1
1681	1
1682	1
1683	1
1684	1
1685	5
1686	5
1687	5
1688	5
1689	5
1690	5
1691	5
1692	5
1693	5
1694	5
1695	5
1696	5
1697	5
1698	5
1699	5
1700	5
1701	4
1702	4
1703	4
1704	4
1705	5
1706	5
1707	5
1708	5
1709	4
1710	5
1711	5
1712	5
1713	9
1714	9
1715	9
1716	9
1717	9
1718	9
1719	9
1720	9
1721	9
1722	9
1723	9
1724	9
1725	5
1726	4
1727	5
1728	9
1729	5
1730	4
1731	4
1732	4
1733	5
1734	5
1735	5
1736	4
1737	4
1738	4
1739	4
1740	4
1741	4
1742	10
1743	10
1744	10
1745	10
1746	10
1747	10
1748	10
1749	10
1750	10
1751	10
1752	10
1753	10
1754	10
1755	10
1756	10
1757	9
1758	9
1759	9
1760	9
1761	10
1762	10
1763	10
1764	10
1765	10
1766	10
1767	10
1768	10
1769	10
1770	10
1771	10
1772	10
1773	10
1774	9
1775	9
1776	9
1777	9
1778	9
1779	9
1780	9
1781	9
1782	9
1783	9
1784	9
1785	9
1786	9
1787	10
1788	10
1789	10
1790	10
1791	10
1792	10
1793	10
1794	10
1795	9
1796	9
1797	9
1798	9
1799	10
1800	10
1801	10
1802	10
1803	10
1804	10
1805	10
1806	10
1807	10
1808	10
1809	4
1810	4
1811	4
1812	4
1813	4
1814	4
1815	4
1816	4
1817	4
1818	4
1819	4
1820	4
1821	4
1822	4
1823	4
1824	4
1825	4
1826	4
1827	4
1828	4
1829	4
1830	9
1831	9
1832	9
1833	9
1834	9
1835	4
1836	4
1837	9
1838	4
1839	4
1840	7
1841	7
1842	7
1843	7
1844	7
1845	4
1846	4
1847	4
1848	4
1849	4
1850	4
1851	4
1852	4
1853	4
1854	4
1855	4
1856	4
1857	9
1858	9
1859	9
1860	9
1861	9
1862	9
1863	4
1864	4
1865	4
1866	4
1867	4
1868	4
1869	4
1870	4
1871	4
1872	1
1873	1
1874	1
1875	1
1876	1
1877	1
1878	1
1879	1
1880	1
1881	1
1882	1
1883	1
1884	1
1885	1
1886	1
1887	1
1888	1
1889	1
1890	1
1891	1
1892	1
1893	1
1894	1
1895	10
1896	10
1897	10
1898	8
1899	8
1900	8
1901	8
1902	8
1903	8
1904	2
1905	2
1906	2
1907	2
1908	10
1909	10
1910	2
1911	10
1912	2
1913	2
1914	2
1915	2
1916	8
1917	8
1918	8
1919	8
1920	8
1921	8
1922	8
1923	8
1924	10
1925	10
1926	10
1927	10
1928	10
1929	2
1930	10
1931	2
1932	2
1933	10
1934	2
1935	2
1936	2
1937	10
1938	2
1939	2
1940	10
1941	10
1942	2
1943	2
1944	10
1945	2
1946	2
1947	2
1948	2
1949	2
1950	2
1951	10
1952	10
1953	10
1954	2
1955	2
1956	10
1957	10
1958	2
1959	10
1960	2
1961	2
1962	10
1963	2
1964	10
1965	10
1966	2
1967	2
1968	2
1969	2
1970	10
1971	10
1972	10
1973	2
1974	10
1975	2
1976	7
1977	7
1978	7
1979	13
1980	7
1981	13
1982	13
1983	7
1984	13
1985	13
1986	13
1987	7
1988	7
1989	7
1990	7
1991	13
1992	7
1993	7
1994	7
1995	13
1996	7
1997	7
1998	7
1999	7
2000	7
2001	7
2002	7
2003	7
2004	7
2005	7
2006	7
2007	7
2008	7
2009	13
2010	13
2011	13
2012	13
2013	7
2014	7
2015	13
2016	7
2017	1
2018	1
2019	1
2020	1
2021	1
2022	1
2023	1
2024	1
2025	1
2026	1
2027	1
2028	1
2029	1
2030	13
2031	13
2032	13
2033	13
2034	13
2035	1
2036	1
2037	1
2038	9
2039	9
2040	9
2041	9
2042	9
2043	1
2044	1
2045	1
2046	1
2047	1
2048	9
2049	9
2050	1
2051	1
2052	1
2053	1
2054	1
2055	1
2056	1
2057	1
2058	7
2059	7
2060	7
2061	7
2062	7
2063	7
2064	7
2065	7
2066	7
2067	7
2068	1
2069	1
2070	1
2071	1
2072	1
2073	9
2074	9
2075	1
2076	1
2077	9
2078	9
2079	1
2080	9
2081	1
2082	1
2083	1
2084	1
2085	1
2086	1
2087	1
2088	1
2089	5
2090	5
2091	5
2092	5
2093	5
2094	5
2095	5
2096	10
2097	10
2098	10
2099	10
2100	10
2101	10
2102	10
2103	10
2104	10
2105	10
2106	10
2107	10
2108	10
2109	10
2110	10
2111	10
2112	10
2113	12
2114	12
2115	12
2116	4
2117	12
2118	12
2119	12
2120	4
2121	4
2122	4
2123	12
2124	1
2125	4
2126	4
2127	4
2128	4
2129	12
2130	4
2131	12
2132	12
2133	12
2134	12
2135	12
2136	12
2137	12
2138	12
2139	4
2140	4
2141	4
2142	12
2143	12
2144	12
2145	4
2146	12
2147	12
2148	4
2149	12
2150	4
2151	4
2152	12
2153	12
2154	12
2155	12
2156	12
2157	12
2158	4
2159	4
2160	12
2161	12
2162	12
2163	12
2164	4
2165	4
2166	12
2167	4
2168	4
2169	12
2170	12
2171	12
2172	12
2173	12
2174	12
2175	12
2176	12
2177	12
2178	4
2179	4
2180	4
2181	4
2182	12
2183	12
2184	12
2185	12
2186	12
2187	12
2188	12
2189	4
2190	4
2191	4
2192	4
2193	12
2194	12
2195	12
2196	12
2197	12
2198	12
2199	12
2200	12
2201	12
2202	12
2203	12
2204	4
2205	4
2206	4
2207	4
2208	4
2209	12
2210	12
2211	12
2212	12
2213	4
2214	4
2215	12
2216	12
2217	4
2218	12
2219	12
2220	12
2221	4
2222	12
2223	12
2224	4
2225	12
2226	12
2227	12
2228	4
2229	12
2230	4
2231	4
2232	12
2233	12
2234	12
2235	12
2236	12
2237	12
2238	12
2239	12
2240	12
2241	12
2242	12
2243	12
2244	12
2245	12
2246	4
2247	4
2248	4
2249	12
2250	12
2251	12
2252	12
2253	12
2254	12
2255	12
2256	4
2257	12
2258	4
2259	4
2260	4
2261	4
2262	4
2263	12
2264	12
2265	12
2266	12
2267	4
2268	4
2269	12
2270	12
2271	12
2272	12
2273	12
2274	12
2275	12
2276	12
2277	12
2278	12
2279	12
2280	12
2281	12
2282	4
2283	12
2284	1
2285	1
2286	12
2287	12
2288	12
2289	12
2290	12
2291	12
2292	12
2293	12
2294	4
2295	4
2296	4
2297	4
2298	12
2299	12
2300	12
2301	12
2302	12
2303	4
2304	4
2305	12
2306	12
2307	12
2308	12
2309	1
2310	1
2311	1
2312	6
2313	6
2314	6
2315	6
2316	6
2317	6
2318	6
2319	6
2320	6
2321	6
2322	6
2323	6
2324	6
2325	6
2326	6
2327	6
2328	6
2329	6
2330	2
2331	2
2332	2
2333	2
2334	2
2335	2
2336	2
2337	2
2338	2
2339	2
2340	2
2341	2
2342	2
2343	2
2344	2
2345	2
2346	5
2347	5
2348	5
2349	5
2350	5
2351	5
2352	5
2353	5
2354	5
2355	5
2356	5
2357	5
2358	5
2359	5
2360	5
2361	5
2362	5
2363	5
2364	5
2365	5
2366	3
2367	12
2368	3
2369	12
2370	3
2371	12
2372	12
2373	12
2374	3
2375	12
2376	3
2377	3
2378	3
2379	12
2380	12
2381	3
2382	12
2383	12
2384	3
2385	12
2386	3
2387	12
2388	3
2389	3
2390	3
2391	12
2392	12
2393	3
2394	3
2395	3
2396	3
2397	3
2398	3
2399	3
2400	12
2401	12
2402	12
2403	12
2404	12
2405	12
2406	12
2407	12
2408	3
2409	3
2410	12
2411	12
2412	12
2413	12
2414	12
2415	11
2416	11
2417	11
2418	11
2419	11
2420	11
2421	11
2422	11
2423	11
2424	11
2425	11
2426	11
2427	11
2428	11
2429	8
2430	8
2431	11
2432	11
2433	11
2434	11
2435	11
2436	11
2437	11
2438	8
2439	8
2440	11
2441	11
2442	11
2443	11
2444	11
2445	11
2446	11
2447	11
2448	11
2449	11
2450	11
2451	11
2452	11
2453	11
2454	11
2455	11
2456	11
2457	11
2458	11
2459	11
2460	11
2461	11
2462	11
2463	11
2464	11
2465	11
2466	11
2467	11
2468	11
2469	11
2470	11
2471	11
2472	11
2473	11
2474	11
2475	11
2476	11
2477	11
2478	11
2479	11
2480	11
2481	11
2482	11
2483	11
2484	11
2485	11
2486	11
2487	11
2488	11
2489	11
2490	11
2491	11
2492	11
2493	11
2494	11
2495	11
2496	8
2497	8
2498	8
2499	11
2500	11
2501	11
2502	11
2503	11
2504	11
2505	11
2506	11
2507	11
2508	8
2509	8
2510	8
2511	11
2512	11
2513	8
2514	11
2515	11
2516	11
2517	11
2518	11
2519	11
2520	11
2521	11
2522	11
2523	8
2524	11
2525	11
2526	11
2527	11
2528	11
2529	8
2530	8
2531	8
2532	8
2533	8
2534	8
2535	8
2536	8
2537	8
2538	8
2539	11
2540	8
2541	11
2542	8
2543	11
2544	11
2545	11
2546	11
2547	11
2548	11
2549	11
2550	11
2551	11
2552	11
2553	8
2554	11
2555	11
2556	11
2557	11
2558	11
2559	11
2560	11
2561	11
2562	8
2563	8
2564	11
2565	8
2566	11
2567	11
2568	11
2569	8
2570	8
2571	11
2572	11
2573	11
2574	8
2575	11
2576	11
2577	11
2578	11
2579	11
2580	11
2581	8
2582	11
2583	11
2584	11
2585	11
2586	11
2587	8
2588	8
2589	8
2590	8
2591	8
2592	8
2593	8
2594	11
2595	11
2596	11
2597	11
2598	11
2599	11
2600	11
2601	11
2602	11
2603	11
2604	8
2605	11
2606	1
2607	1
2608	1
2609	1
2610	1
2611	1
2612	1
2613	1
2614	1
2615	1
2616	1
2617	1
2618	1
2619	1
2620	1
2621	1
2622	1
2623	1
2624	1
2625	1
2626	1
2627	1
2628	1
2629	1
2630	1
2631	1
2632	1
2633	1
2634	1
2635	1
2636	1
2637	1
2638	1
2639	1
2640	7
2641	7
2642	7
2643	7
2644	7
2645	7
2646	7
2647	7
2648	7
2649	7
2650	7
2651	7
2652	7
2653	7
2654	7
2655	7
2656	7
2657	13
2658	13
2659	7
2660	7
2661	13
2662	13
2663	7
2664	7
2665	7
2666	7
2667	7
2668	7
2669	7
2670	13
2671	7
2672	7
2673	7
2674	13
2675	13
2676	7
2677	7
2678	13
2679	7
2680	7
2681	7
2682	7
2683	7
2684	7
2685	7
2686	7
2687	7
2688	2
2689	2
2690	2
2691	2
315	5
1657	3
