0	3
1	3
2	3
3	3
4	3
5	3
6	3
7	4
8	4
9	4
10	4
11	4
12	4
13	4
14	4
15	4
16	4
17	4
18	4
19	4
20	2
21	1
22	1
23	1
24	1
25	1
26	1
27	1
28	1
29	4
30	4
31	4
32	4
33	4
34	4
35	4
36	4
37	4
38	4
39	4
40	4
41	4
42	4
43	4
44	4
45	4
46	4
47	4
48	4
49	2
50	2
51	2
52	2
53	9
54	9
55	9
56	9
57	9
58	2
59	2
60	2
61	2
62	2
63	2
64	2
65	9
66	9
67	9
68	9
69	9
70	9
71	1
72	1
73	1
74	1
75	2
76	2
77	2
78	2
79	2
80	2
81	2
82	2
83	6
84	6
85	6
86	6
87	6
88	6
89	6
90	6
91	6
92	6
93	6
94	6
95	6
96	4
97	4
98	4
99	4
100	4
101	4
102	4
103	4
104	4
105	4
106	4
107	4
108	4
109	4
110	4
111	4
112	4
113	4
114	4
115	4
116	4
117	4
118	4
119	4
120	4
121	4
122	4
123	4
124	4
125	4
126	4
127	4
128	4
129	11
130	11
131	11
132	11
133	11
134	11
135	11
136	11
137	11
138	11
139	11
140	11
141	11
142	11
143	11
144	11
145	11
146	11
147	11
148	11
149	11
150	11
151	11
152	11
153	11
154	11
155	11
156	11
157	11
158	11
159	11
160	11
161	11
162	11
163	11
164	11
165	11
166	10
167	10
168	10
169	10
170	10
171	10
172	10
173	10
174	10
175	10
176	10
177	10
178	10
179	10
180	10
181	10
182	10
183	3
184	3
185	3
186	3
187	3
188	3
189	3
190	3
191	3
192	3
193	3
194	3
195	3
196	3
197	3
198	3
199	3
200	3
201	3
202	3
203	3
204	3
205	3
206	3
207	3
208	1
209	1
210	1
211	1
212	1
213	1
214	1
215	1
216	1
217	1
218	1
219	1
220	1
221	1
222	1
223	1
224	1
225	1
226	1
227	1
228	1
229	1
230	1
231	1
232	1
233	1
234	1
235	1
236	1
237	1
238	1
239	1
240	1
241	1
242	1
243	1
244	1
245	1
246	1
247	1
248	3
249	3
250	3
251	3
252	3
253	3
254	3
255	3
256	3
257	3
258	3
259	3
260	3
261	8
262	8
263	8
264	8
265	8
266	8
267	8
268	8
269	8
270	8
271	8
272	8
273	8
274	8
275	8
276	8
277	8
278	8
279	8
280	8
281	8
282	8
283	8
284	8
285	8
286	8
287	8
288	8
289	8
290	8
291	8
292	8
293	8
294	8
295	8
296	8
297	8
298	8
299	8
300	8
301	8
302	3
303	3
304	3
305	3
306	12
307	12
308	12
309	12
310	12
311	12
312	12
313	12
314	12
316	4
317	4
318	4
319	4
320	4
321	4
322	4
323	4
324	4
325	4
326	4
327	4
328	4
329	4
330	4
331	12
332	13
333	13
334	12
335	13
336	12
337	4
338	4
339	4
340	13
341	13
342	12
343	12
344	12
345	12
346	12
347	12
348	13
349	12
350	12
351	12
352	12
353	12
354	12
355	12
356	6
357	11
358	6
359	11
360	11
361	6
362	11
363	11
364	6
365	6
366	11
367	6
368	11
369	12
370	12
371	12
372	12
373	12
374	12
375	12
376	12
377	12
378	12
379	12
380	12
381	12
382	12
383	12
384	12
385	12
386	12
387	12
388	12
389	4
390	4
391	4
392	4
393	4
394	12
395	12
396	13
397	12
398	4
399	4
400	4
401	4
402	4
403	1
404	1
405	1
406	1
407	1
408	1
409	2
410	2
411	2
412	2
413	2
414	2
415	2
416	2
417	2
418	2
419	2
420	2
421	2
422	2
423	2
424	2
425	10
426	10
427	10
428	10
429	10
430	10
431	10
432	10
433	2
434	2
435	2
436	2
437	2
438	2
439	2
440	2
441	2
442	2
443	2
444	2
445	2
446	10
447	10
448	10
449	10
450	10
451	2
452	2
453	2
454	10
455	10
456	10
457	2
458	2
459	2
460	2
461	2
462	2
463	10
464	10
465	10
466	10
467	10
468	10
469	10
470	10
471	10
472	10
473	2
474	2
475	8
476	8
477	10
478	10
479	10
480	10
481	10
482	10
483	10
484	1
485	1
486	10
487	10
488	10
489	8
490	8
491	8
492	8
493	8
494	8
495	10
496	10
497	10
498	1
499	10
500	10
501	10
502	1
503	10
504	10
505	10
506	1
507	1
508	1
509	1
510	1
511	1
512	1
513	1
514	1
515	1
516	1
517	1
518	1
519	1
520	1
521	1
522	5
523	5
524	5
525	5
526	3
527	3
528	5
529	5
530	5
531	5
532	5
533	5
534	5
535	5
536	5
537	6
538	3
539	3
540	3
541	3
542	3
543	3
544	3
545	3
546	3
547	3
548	3
549	3
550	3
551	3
552	3
553	3
554	3
555	3
556	3
557	3
558	3
559	8
560	8
561	8
562	8
563	8
564	8
565	3
566	3
567	3
568	3
569	3
570	6
571	6
572	6
573	6
574	6
575	6
576	6
577	6
578	6
579	6
580	6
581	3
582	3
583	3
584	3
585	3
586	3
587	1
588	1
589	1
590	1
591	1
592	1
593	1
594	1
595	1
596	1
597	1
598	1
599	1
600	1
601	1
602	1
603	3
604	3
605	3
606	3
607	3
608	3
609	3
610	3
611	3
612	3
613	3
614	3
615	3
616	3
617	1
618	1
619	1
620	1
621	1
622	1
623	1
624	1
625	1
626	1
627	1
628	1
629	1
630	1
631	1
632	1
633	1
634	1
635	1
636	1
637	1
638	1
639	3
640	3
641	3
642	3
643	3
644	3
645	3
646	3
647	3
648	3
649	3
650	3
651	3
652	3
653	3
654	3
655	3
656	3
657	8
658	8
659	8
660	8
661	2
662	2
663	2
664	2
665	2
666	2
667	2
668	2
669	2
670	1
671	1
672	1
673	1
674	1
675	1
676	1
677	1
678	1
679	1
680	2
681	2
682	2
683	2
684	2
685	2
686	2
687	2
688	2
689	2
690	2
691	2
692	2
693	2
694	2
695	2
696	2
697	1
698	1
699	1
700	1
701	1
702	1
703	1
704	1
705	1
706	1
707	1
708	1
709	1
710	1
711	1
712	1
713	1
714	2
715	2
716	8
717	8
718	1
719	1
720	1
721	8
722	8
723	8
724	8
725	8
726	8
727	8
728	8
729	8
730	8
731	8
732	4
733	4
734	4
735	4
736	4
737	10
738	10
739	10
740	10
741	10
742	10
743	10
744	8
745	4
746	4
747	4
748	4
749	4
750	4
751	4
752	4
753	4
754	4
755	4
756	4
757	4
758	4
759	4
760	4
761	4
762	4
763	4
764	4
765	4
766	8
767	10
768	8
769	10
770	4
771	4
772	8
773	8
774	8
775	10
776	10
777	8
778	10
779	10
780	8
781	10
782	10
783	10
784	10
785	12
786	8
787	10
788	8
789	10
790	8
791	12
792	12
793	12
794	12
795	12
796	12
797	12
798	12
799	12
800	12
801	8
802	8
803	8
804	8
805	12
806	12
807	12
808	8
809	8
810	10
811	9
812	13
813	9
814	9
815	9
816	9
817	9
818	9
819	13
820	9
821	9
822	9
823	9
824	9
825	9
826	9
827	13
828	13
829	9
830	9
831	9
832	9
833	9
834	9
835	9
836	9
837	9
838	9
839	9
840	9
841	9
842	9
843	9
844	9
845	9
846	9
847	9
848	13
849	13
850	9
851	9
852	9
853	9
854	9
855	9
856	13
857	9
858	3
859	3
860	3
861	3
862	3
863	3
864	3
865	3
866	3
867	3
868	3
869	3
870	3
871	9
872	9
873	9
874	9
875	9
876	9
877	9
878	9
879	9
880	13
881	9
882	9
883	9
884	9
885	9
886	9
887	9
888	9
889	9
890	9
891	13
892	13
893	9
894	9
895	9
896	9
897	9
898	9
899	13
900	13
901	9
902	9
903	9
904	9
905	9
906	9
907	9
908	9
909	9
910	13
911	13
912	13
913	13
914	9
915	9
916	9
917	9
918	9
919	9
920	9
921	9
922	13
923	13
924	13
925	9
926	9
927	9
928	9
929	9
930	9
931	9
932	9
933	13
934	13
935	9
936	9
937	9
938	9
939	9
940	9
941	9
942	9
943	13
944	13
945	13
946	9
947	9
948	9
949	9
950	9
951	9
952	9
953	9
954	13
955	13
956	13
957	9
958	9
959	9
960	9
961	9
962	9
963	9
964	9
965	9
966	9
967	9
968	9
969	9
970	9
971	9
972	9
973	9
974	9
975	9
976	9
977	9
978	13
979	9
980	13
981	13
982	9
983	9
984	9
985	10
986	10
987	10
988	10
989	10
990	10
991	10
992	10
993	10
994	10
995	10
996	10
997	10
998	10
999	10
1000	10
1001	10
1002	10
1003	10
1004	10
1005	10
1006	10
1007	4
1008	9
1009	10
1010	9
1011	9
1012	9
1013	9
1014	9
1015	9
1016	9
1017	9
1018	9
1019	9
1020	4
1021	4
1022	4
1023	9
1024	9
1025	4
1026	4
1027	4
1028	9
1029	9
1030	9
1031	9
1032	9
1033	9
1034	4
1035	4
1036	4
1037	4
1038	4
1039	9
1040	4
1041	4
1042	4
1043	4
1044	9
1045	9
1046	4
1047	4
1048	9
1049	9
1050	4
1051	9
1052	9
1053	4
1054	4
1055	4
1056	4
1057	4
1058	4
1059	9
1060	4
1061	4
1062	9
1063	4
1064	4
1065	4
1066	4
1067	4
1068	4
1069	9
1070	4
1071	9
1072	9
1073	4
1074	4
1075	3
1076	3
1077	3
1078	3
1079	3
1080	3
1081	3
1082	3
1083	3
1084	3
1085	3
1086	3
1087	8
1088	8
1089	8
1090	8
1091	8
1092	8
1093	8
1094	1
1095	1
1096	1
1097	1
1098	1
1099	1
1100	1
1101	1
1102	1
1103	1
1104	1
1105	1
1106	1
1107	6
1108	13
1109	6
1110	6
1111	6
1112	13
1113	6
1114	13
1115	6
1116	13
1117	13
1118	13
1119	6
1120	13
1121	6
1122	13
1123	6
1124	13
1125	13
1126	6
1127	6
1128	6
1129	6
1130	13
1131	13
1132	13
1133	13
1134	6
1135	6
1136	13
1137	13
1138	13
1139	13
1140	6
1141	6
1142	6
1143	13
1144	6
1145	6
1146	13
1147	13
1148	6
1149	6
1150	6
1151	6
1152	6
1153	13
1154	13
1155	13
1156	13
1157	13
1158	13
1159	13
1160	13
1161	13
1162	12
1163	12
1164	12
1165	12
1166	13
1167	13
1168	13
1169	9
1170	4
1171	9
1172	9
1173	9
1174	4
1175	4
1176	9
1177	9
1178	9
1179	9
1180	9
1181	9
1182	9
1183	9
1184	9
1185	9
1186	9
1187	9
1188	9
1189	9
1190	9
1191	4
1192	9
1193	9
1194	9
1195	9
1196	4
1197	9
1198	9
1199	9
1200	13
1201	13
1202	13
1203	13
1204	13
1205	13
1206	13
1207	13
1208	13
1209	13
1210	13
1211	13
1212	13
1213	13
1214	13
1215	13
1216	13
1217	13
1218	13
1219	13
1220	13
1221	13
1222	13
1223	13
1224	13
1225	13
1226	13
1227	13
1228	13
1229	13
1230	13
1231	13
1232	13
1233	13
1234	13
1235	13
1236	13
1237	13
1238	13
1239	13
1240	8
1241	8
1242	8
1243	1
1244	1
1245	8
1246	8
1247	1
1248	1
1249	1
1250	1
1251	1
1252	8
1253	2
1254	2
1255	2
1256	2
1257	2
1258	1
1259	8
1260	1
1261	1
1262	8
1263	8
1264	2
1265	2
1266	2
1267	2
1268	2
1269	2
1270	2
1271	2
1272	2
1273	2
1274	2
1275	2
1276	2
1277	2
1278	12
1279	12
1280	12
1281	8
1282	8
1283	8
1284	2
1285	2
1286	2
1287	2
1288	12
1289	12
1290	12
1291	12
1292	12
1293	12
1294	12
1295	12
1296	12
1297	12
1298	12
1299	12
1300	12
1301	12
1302	12
1303	3
1304	3
1305	3
1306	3
1307	3
1308	3
1309	3
1310	3
1311	3
1312	3
1313	3
1314	13
1315	13
1316	13
1317	13
1318	13
1319	13
1320	13
1321	13
1322	13
1323	13
1324	13
1325	13
1326	13
1327	13
1328	13
1329	13
1330	13
1331	13
1332	13
1333	13
1334	13
1335	13
1336	13
1337	13
1338	13
1339	13
1340	13
1341	13
1342	13
1343	13
1344	13
1345	13
1346	2
1347	3
1348	3
1349	3
1350	3
1351	3
1352	3
1353	3
1354	3
1355	3
1356	3
1357	3
1358	3
1359	3
1360	3
1361	3
1362	3
1363	6
1364	6
1365	6
1366	6
1367	6
1368	6
1369	6
1370	6
1371	6
1372	6
1373	6
1374	6
1375	6
1376	6
1377	6
1378	6
1379	6
1380	6
1381	13
1382	13
1383	13
1384	13
1385	13
1386	13
1387	13
1388	13
1389	13
1390	13
1391	13
1392	13
1393	13
1394	13
1395	13
1396	13
1397	2
1398	2
1399	2
1400	2
1401	2
1402	2
1403	2
1404	2
1405	2
1406	2
1407	2
1408	2
1409	2
1410	2
1411	2
1412	2
1413	2
1414	2
1415	2
1416	2
1417	2
1418	2
1419	2
1420	2
1421	2
1422	2
1423	2
1424	2
1425	2
1426	2
1427	2
1428	5
1429	5
1430	5
1431	5
1432	5
1433	5
1434	5
1435	5
1436	5
1437	5
1438	5
1439	5
1440	5
1441	4
1442	4
1443	4
1444	4
1445	4
1446	4
1447	4
1448	4
1449	4
1450	4
1451	4
1452	4
1453	4
1454	4
1455	5
1456	5
1457	5
1458	5
1459	5
1460	5
1461	5
1462	5
1463	5
1464	5
1465	1
1466	1
1467	1
1468	1
1469	1
1470	1
1471	1
1472	1
1473	1
1474	1
1475	1
1476	1
1477	1
1478	1
1479	1
1480	1
1481	1
1482	1
1483	1
1484	1
1485	1
1486	1
1487	1
1488	1
1489	4
1490	4
1491	4
1492	4
1493	4
1494	4
1495	4
1496	4
1497	4
1498	4
1499	4
1500	4
1501	2
1502	2
1503	2
1504	2
1505	2
1506	2
1507	2
1508	2
1509	2
1510	2
1511	2
1512	2
1513	2
1514	2
1515	2
1516	2
1517	2
1518	2
1519	2
1520	2
1521	2
1522	2
1523	2
1524	2
1525	2
1526	2
1527	2
1528	2
1529	10
1530	10
1531	10
1532	10
1533	10
1534	10
1535	10
1536	10
1537	10
1538	10
1539	10
1540	10
1541	10
1542	10
1543	10
1544	10
1545	10
1546	10
1547	10
1548	10
1549	10
1550	10
1551	10
1552	6
1553	6
1554	6
1555	6
1556	6
1557	6
1558	6
1559	6
1560	6
1561	6
1562	6
1563	6
1564	6
1565	6
1566	6
1567	6
1568	6
1569	6
1570	6
1571	6
1572	6
1573	6
1574	6
1575	6
1576	4
1577	4
1578	4
1579	4
1580	4
1581	4
1582	4
1583	4
1584	4
1585	4
1586	4
1587	4
1588	4
1589	4
1590	4
1591	4
1592	4
1593	3
1594	3
1595	3
1596	3
1597	3
1598	3
1599	3
1600	3
1601	3
1602	6
1603	6
1604	6
1605	6
1606	6
1607	6
1608	6
1609	6
1610	6
1611	6
1612	6
1613	6
1614	6
1615	6
1616	6
1617	6
1618	1
1619	1
1620	1
1621	1
1622	1
1623	1
1624	1
1625	1
1626	1
1627	1
1628	1
1629	13
1630	4
1631	13
1632	4
1633	13
1634	13
1635	13
1636	13
1637	13
1638	13
1639	13
1640	13
1641	13
1642	13
1643	13
1644	1
1645	1
1646	1
1647	1
1648	1
1649	13
1650	13
1651	13
1652	13
1653	13
1654	13
1655	13
1656	13
1658	13
1659	13
1660	13
1661	13
1662	13
1663	13
1664	13
1665	13
1666	4
1667	4
1668	4
1669	13
1670	13
1671	13
1672	13
1673	1
1674	13
1675	13
1676	13
1677	1
1678	8
1679	8
1680	8
1681	8
1682	8
1683	8
1684	8
1685	2
1686	2
1687	2
1688	2
1689	2
1690	2
1691	2
1692	2
1693	2
1694	2
1695	2
1696	2
1697	2
1698	2
1699	2
1700	2
1701	2
1702	2
1703	5
1704	5
1705	4
1706	4
1707	4
1708	4
1709	2
1710	4
1711	4
1712	4
1713	1
1714	1
1715	1
1716	1
1717	1
1718	1
1719	1
1720	1
1721	1
1722	1
1723	1
1724	1
1725	4
1726	4
1727	4
1728	1
1729	2
1730	4
1731	4
1732	4
1733	4
1734	2
1735	4
1736	2
1737	2
1738	2
1739	2
1740	2
1741	4
1742	5
1743	2
1744	5
1745	5
1746	2
1747	5
1748	5
1749	5
1750	5
1751	2
1752	2
1753	2
1754	5
1755	2
1756	5
1757	1
1758	1
1759	1
1760	1
1761	2
1762	5
1763	5
1764	5
1765	5
1766	2
1767	5
1768	5
1769	2
1770	2
1771	2
1772	5
1773	2
1774	1
1775	1
1776	1
1777	1
1778	1
1779	1
1780	1
1781	1
1782	1
1783	1
1784	1
1785	1
1786	1
1787	5
1788	5
1789	5
1790	2
1791	5
1792	2
1793	5
1794	5
1795	1
1796	1
1797	1
1798	1
1799	5
1800	2
1801	2
1802	5
1803	5
1804	5
1805	5
1806	5
1807	5
1808	5
1809	5
1810	5
1811	5
1812	5
1813	5
1814	5
1815	5
1816	5
1817	5
1818	5
1819	5
1820	5
1821	5
1822	5
1823	5
1824	5
1825	5
1826	5
1827	5
1828	5
1829	5
1830	8
1831	8
1832	8
1833	8
1834	8
1835	5
1836	5
1837	8
1838	5
1839	5
1840	6
1841	6
1842	6
1843	6
1844	6
1845	5
1846	5
1847	5
1848	5
1849	5
1850	5
1851	5
1852	5
1853	5
1854	5
1855	5
1856	5
1857	8
1858	8
1859	8
1860	8
1861	8
1862	8
1863	5
1864	5
1865	5
1866	5
1867	5
1868	5
1869	5
1870	5
1871	5
1872	8
1873	8
1874	8
1875	8
1876	8
1877	8
1878	8
1879	8
1880	8
1881	8
1882	8
1883	8
1884	8
1885	8
1886	8
1887	8
1888	8
1889	8
1890	8
1891	8
1892	8
1893	8
1894	8
1895	3
1896	3
1897	3
1898	13
1899	13
1900	13
1901	13
1902	13
1903	13
1904	3
1905	3
1906	3
1907	3
1908	3
1909	3
1910	3
1911	3
1912	3
1913	3
1914	3
1915	3
1916	13
1917	13
1918	13
1919	13
1920	13
1921	13
1922	13
1923	13
1924	3
1925	3
1926	3
1927	3
1928	3
1929	3
1930	3
1931	3
1932	3
1933	3
1934	3
1935	3
1936	3
1937	3
1938	3
1939	3
1940	3
1941	3
1942	3
1943	3
1944	3
1945	3
1946	3
1947	3
1948	3
1949	3
1950	3
1951	3
1952	3
1953	3
1954	3
1955	3
1956	3
1957	3
1958	3
1959	3
1960	3
1961	3
1962	3
1963	3
1964	3
1965	3
1966	3
1967	3
1968	3
1969	3
1970	3
1971	3
1972	3
1973	3
1974	3
1975	3
1976	10
1977	10
1978	10
1979	10
1980	10
1981	10
1982	10
1983	10
1984	10
1985	10
1986	10
1987	10
1988	10
1989	10
1990	10
1991	10
1992	10
1993	10
1994	10
1995	10
1996	10
1997	10
1998	10
1999	10
2000	10
2001	10
2002	10
2003	10
2004	10
2005	10
2006	10
2007	10
2008	10
2009	10
2010	10
2011	10
2012	10
2013	10
2014	10
2015	10
2016	10
2017	8
2018	8
2019	8
2020	8
2021	8
2022	8
2023	8
2024	10
2025	8
2026	8
2027	8
2028	8
2029	8
2030	10
2031	10
2032	10
2033	10
2034	10
2035	10
2036	10
2037	8
2038	8
2039	8
2040	8
2041	8
2042	8
2043	8
2044	8
2045	8
2046	10
2047	10
2048	8
2049	8
2050	8
2051	10
2052	10
2053	8
2054	8
2055	10
2056	8
2057	10
2058	6
2059	6
2060	6
2061	6
2062	6
2063	6
2064	6
2065	6
2066	6
2067	6
2068	8
2069	8
2070	8
2071	8
2072	8
2073	1
2074	8
2075	8
2076	8
2077	1
2078	1
2079	8
2080	1
2081	8
2082	8
2083	8
2084	8
2085	8
2086	8
2087	8
2088	8
2089	4
2090	4
2091	4
2092	4
2093	4
2094	4
2095	4
2096	3
2097	3
2098	3
2099	3
2100	3
2101	3
2102	3
2103	3
2104	2
2105	2
2106	2
2107	3
2108	3
2109	3
2110	2
2111	2
2112	2
2113	7
2114	7
2115	7
2116	7
2117	7
2118	5
2119	7
2120	7
2121	7
2122	7
2123	7
2124	8
2125	7
2126	7
2127	7
2128	7
2129	7
2130	7
2131	7
2132	7
2133	5
2134	7
2135	7
2136	7
2137	5
2138	5
2139	7
2140	5
2141	7
2142	7
2143	7
2144	7
2145	7
2146	5
2147	7
2148	7
2149	7
2150	7
2151	7
2152	7
2153	7
2154	7
2155	7
2156	7
2157	7
2158	7
2159	7
2160	7
2161	7
2162	7
2163	7
2164	5
2165	5
2166	7
2167	7
2168	7
2169	7
2170	7
2171	7
2172	7
2173	7
2174	7
2175	7
2176	5
2177	5
2178	7
2179	7
2180	5
2181	5
2182	7
2183	7
2184	7
2185	7
2186	7
2187	7
2188	7
2189	7
2190	7
2191	7
2192	7
2193	7
2194	7
2195	7
2196	5
2197	7
2198	7
2199	5
2200	7
2201	7
2202	7
2203	7
2204	7
2205	7
2206	7
2207	7
2208	7
2209	7
2210	7
2211	7
2212	7
2213	7
2214	7
2215	7
2216	7
2217	7
2218	7
2219	7
2220	7
2221	7
2222	7
2223	5
2224	7
2225	7
2226	7
2227	7
2228	7
2229	7
2230	5
2231	5
2232	7
2233	5
2234	5
2235	7
2236	5
2237	5
2238	7
2239	7
2240	7
2241	7
2242	7
2243	7
2244	7
2245	5
2246	7
2247	5
2248	5
2249	7
2250	7
2251	7
2252	7
2253	7
2254	7
2255	7
2256	5
2257	7
2258	7
2259	7
2260	7
2261	5
2262	5
2263	7
2264	7
2265	7
2266	7
2267	7
2268	7
2269	7
2270	7
2271	7
2272	7
2273	7
2274	7
2275	7
2276	7
2277	5
2278	7
2279	7
2280	7
2281	7
2282	7
2283	5
2284	8
2285	8
2286	7
2287	7
2288	7
2289	7
2290	7
2291	7
2292	7
2293	7
2294	7
2295	7
2296	7
2297	7
2298	7
2299	7
2300	7
2301	7
2302	5
2303	7
2304	5
2305	7
2306	7
2307	7
2308	7
2309	8
2310	8
2311	8
2312	9
2313	9
2314	9
2315	9
2316	9
2317	9
2318	9
2319	9
2320	9
2321	9
2322	9
2323	9
2324	9
2325	9
2326	9
2327	9
2328	9
2329	9
2330	3
2331	3
2332	3
2333	3
2334	3
2335	3
2336	3
2337	3
2338	3
2339	3
2340	3
2341	3
2342	3
2343	3
2344	3
2345	3
2346	4
2347	4
2348	4
2349	4
2350	4
2351	4
2352	4
2353	4
2354	4
2355	4
2356	4
2357	4
2358	4
2359	4
2360	4
2361	4
2362	4
2363	4
2364	4
2365	4
2366	6
2367	5
2368	6
2369	5
2370	6
2371	5
2372	5
2373	5
2374	5
2375	5
2376	6
2377	6
2378	6
2379	5
2380	5
2381	6
2382	5
2383	5
2384	5
2385	5
2386	5
2387	5
2388	6
2389	6
2390	6
2391	5
2392	5
2393	6
2394	6
2395	6
2396	6
2397	6
2398	6
2399	6
2400	5
2401	5
2402	5
2403	5
2404	5
2405	5
2406	5
2407	5
2408	5
2409	6
2410	5
2411	5
2412	5
2413	5
2414	5
2415	12
2416	12
2417	12
2418	12
2419	11
2420	11
2421	11
2422	12
2423	12
2424	12
2425	12
2426	11
2427	11
2428	11
2429	11
2430	11
2431	11
2432	11
2433	11
2434	11
2435	12
2436	12
2437	12
2438	11
2439	11
2440	11
2441	11
2442	12
2443	12
2444	12
2445	11
2446	11
2447	11
2448	12
2449	11
2450	11
2451	11
2452	11
2453	11
2454	12
2455	12
2456	12
2457	12
2458	12
2459	12
2460	11
2461	11
2462	12
2463	12
2464	12
2465	11
2466	11
2467	12
2468	12
2469	12
2470	12
2471	12
2472	11
2473	11
2474	11
2475	12
2476	12
2477	12
2478	12
2479	11
2480	11
2481	12
2482	12
2483	11
2484	12
2485	12
2486	11
2487	12
2488	11
2489	12
2490	11
2491	11
2492	12
2493	12
2494	12
2495	11
2496	12
2497	12
2498	12
2499	12
2500	12
2501	11
2502	12
2503	12
2504	12
2505	12
2506	12
2507	12
2508	12
2509	12
2510	12
2511	12
2512	12
2513	12
2514	12
2515	11
2516	11
2517	11
2518	11
2519	11
2520	11
2521	11
2522	11
2523	11
2524	11
2525	11
2526	12
2527	11
2528	12
2529	11
2530	11
2531	11
2532	11
2533	11
2534	11
2535	11
2536	11
2537	11
2538	11
2539	11
2540	11
2541	11
2542	11
2543	12
2544	11
2545	11
2546	11
2547	11
2548	11
2549	12
2550	11
2551	11
2552	11
2553	11
2554	11
2555	11
2556	11
2557	11
2558	12
2559	12
2560	12
2561	12
2562	12
2563	11
2564	12
2565	11
2566	11
2567	11
2568	11
2569	12
2570	12
2571	12
2572	12
2573	12
2574	11
2575	11
2576	11
2577	11
2578	11
2579	11
2580	11
2581	11
2582	11
2583	11
2584	11
2585	12
2586	12
2587	11
2588	11
2589	11
2590	11
2591	12
2592	11
2593	12
2594	12
2595	12
2596	12
2597	12
2598	12
2599	12
2600	11
2601	11
2602	11
2603	11
2604	11
2605	11
2606	8
2607	8
2608	8
2609	8
2610	8
2611	8
2612	8
2613	8
2614	8
2615	8
2616	8
2617	8
2618	8
2619	8
2620	8
2621	8
2622	8
2623	8
2624	8
2625	8
2626	8
2627	8
2628	8
2629	8
2630	8
2631	8
2632	8
2633	8
2634	8
2635	8
2636	8
2637	8
2638	8
2639	8
2640	6
2641	6
2642	10
2643	10
2644	10
2645	6
2646	6
2647	6
2648	6
2649	6
2650	10
2651	6
2652	6
2653	6
2654	6
2655	6
2656	10
2657	10
2658	10
2659	10
2660	10
2661	10
2662	10
2663	10
2664	6
2665	6
2666	6
2667	6
2668	6
2669	6
2670	6
2671	6
2672	10
2673	6
2674	10
2675	10
2676	6
2677	6
2678	10
2679	6
2680	6
2681	6
2682	6
2683	6
2684	6
2685	6
2686	6
2687	10
2688	3
2689	3
2690	3
2691	3
315	4
1657	13
