0	12
1	12
2	12
3	12
4	12
5	12
6	12
7	13
8	13
9	13
10	13
11	13
12	13
13	13
14	13
15	13
16	13
17	13
18	7
19	7
20	12
21	5
22	5
23	5
24	5
25	5
26	5
27	5
28	5
29	7
30	7
31	7
32	7
33	7
34	7
35	7
36	7
37	7
38	7
39	7
40	7
41	7
42	7
43	7
44	7
45	7
46	7
47	7
48	7
49	10
50	10
51	10
52	10
53	1
54	1
55	1
56	1
57	1
58	10
59	10
60	10
61	10
62	10
63	10
64	10
65	1
66	1
67	1
68	1
69	1
70	1
71	5
72	5
73	5
74	5
75	10
76	10
77	10
78	10
79	10
80	10
81	10
82	10
83	3
84	3
85	3
86	3
87	3
88	3
89	3
90	3
91	3
92	3
93	3
94	3
95	3
96	13
97	13
98	13
99	13
100	13
101	13
102	13
103	13
104	13
105	13
106	13
107	13
108	13
109	13
110	13
111	13
112	13
113	13
114	13
115	13
116	13
117	13
118	13
119	13
120	13
121	13
122	13
123	13
124	13
125	13
126	13
127	13
128	13
129	6
130	6
131	6
132	6
133	6
134	6
135	6
136	6
137	6
138	6
139	6
140	6
141	6
142	6
143	6
144	6
145	6
146	6
147	6
148	6
149	6
150	6
151	6
152	6
153	6
154	6
155	6
156	6
157	6
158	6
159	6
160	6
161	6
162	6
163	6
164	6
165	6
166	6
167	6
168	6
169	6
170	6
171	6
172	6
173	6
174	6
175	6
176	6
177	6
178	6
179	6
180	6
181	6
182	6
183	10
184	10
185	10
186	10
187	10
188	10
189	10
190	10
191	10
192	10
193	10
194	10
195	10
196	10
197	10
198	10
199	10
200	10
201	10
202	10
203	10
204	10
205	10
206	10
207	10
208	5
209	5
210	5
211	5
212	5
213	5
214	5
215	5
216	5
217	5
218	5
219	5
220	5
221	5
222	5
223	5
224	5
225	5
226	5
227	5
228	5
229	5
230	5
231	5
232	5
233	5
234	5
235	5
236	5
237	5
238	5
239	5
240	5
241	5
242	5
243	5
244	5
245	5
246	5
247	5
248	10
249	10
250	10
251	10
252	10
253	10
254	10
255	10
256	10
257	10
258	10
259	10
260	10
261	11
262	11
263	11
264	11
265	11
266	11
267	11
268	11
269	11
270	11
271	11
272	11
273	11
274	11
275	11
276	11
277	11
278	11
279	11
280	11
281	11
282	11
283	11
284	11
285	11
286	11
287	11
288	11
289	11
290	11
291	11
292	11
293	11
294	11
295	11
296	11
297	11
298	11
299	11
300	11
301	11
302	10
303	10
304	10
305	10
306	4
307	9
308	9
309	4
310	9
311	4
312	9
313	9
314	9
316	7
317	7
318	7
319	7
320	7
321	7
322	7
323	7
324	7
325	7
326	7
327	7
328	7
329	7
330	7
331	9
332	4
333	9
334	9
335	4
336	4
337	7
338	7
339	7
340	4
341	4
342	9
343	9
344	4
345	4
346	4
347	9
348	4
349	9
350	9
351	9
352	9
353	4
354	9
355	9
356	3
357	3
358	3
359	3
360	3
361	3
362	3
363	3
364	3
365	3
366	3
367	3
368	3
369	4
370	9
371	9
372	9
373	4
374	9
375	9
376	9
377	9
378	9
379	9
380	9
381	9
382	9
383	9
384	9
385	9
386	9
387	9
388	9
389	7
390	7
391	7
392	7
393	7
394	9
395	9
396	4
397	4
398	7
399	7
400	7
401	7
402	7
403	5
404	5
405	5
406	5
407	5
408	5
409	12
410	12
411	12
412	12
413	12
414	12
415	12
416	12
417	12
418	12
419	12
420	12
421	12
422	12
423	12
424	12
425	6
426	6
427	6
428	6
429	6
430	6
431	6
432	6
433	12
434	12
435	12
436	12
437	12
438	12
439	12
440	12
441	12
442	12
443	12
444	12
445	12
446	6
447	6
448	6
449	6
450	6
451	12
452	12
453	12
454	6
455	6
456	6
457	12
458	12
459	12
460	12
461	12
462	12
463	6
464	6
465	6
466	6
467	6
468	6
469	6
470	6
471	6
472	6
473	12
474	12
475	11
476	11
477	11
478	11
479	11
480	11
481	11
482	11
483	11
484	5
485	5
486	11
487	11
488	11
489	11
490	11
491	11
492	11
493	11
494	11
495	11
496	11
497	11
498	5
499	11
500	11
501	11
502	5
503	11
504	11
505	11
506	5
507	5
508	5
509	5
510	5
511	5
512	5
513	5
514	5
515	5
516	5
517	5
518	5
519	5
520	5
521	5
522	13
523	13
524	13
525	13
526	10
527	10
528	13
529	13
530	13
531	13
532	13
533	13
534	13
535	13
536	13
537	13
538	10
539	10
540	10
541	10
542	10
543	10
544	10
545	10
546	10
547	10
548	10
549	10
550	10
551	10
552	10
553	10
554	10
555	10
556	10
557	10
558	10
559	5
560	5
561	5
562	5
563	5
564	5
565	10
566	10
567	10
568	10
569	10
570	8
571	8
572	8
573	8
574	13
575	8
576	8
577	8
578	13
579	8
580	8
581	10
582	10
583	10
584	10
585	10
586	10
587	11
588	5
589	5
590	11
591	5
592	5
593	5
594	11
595	5
596	11
597	5
598	11
599	5
600	5
601	5
602	5
603	10
604	10
605	10
606	10
607	10
608	10
609	10
610	10
611	10
612	10
613	10
614	10
615	10
616	10
617	11
618	5
619	5
620	11
621	11
622	11
623	11
624	11
625	11
626	11
627	11
628	5
629	5
630	5
631	5
632	11
633	11
634	11
635	5
636	11
637	11
638	11
639	10
640	10
641	10
642	10
643	10
644	10
645	10
646	10
647	10
648	10
649	10
650	10
651	10
652	10
653	10
654	10
655	10
656	10
657	11
658	6
659	11
660	11
661	12
662	12
663	12
664	12
665	12
666	12
667	12
668	12
669	12
670	5
671	5
672	5
673	5
674	5
675	5
676	5
677	6
678	6
679	5
680	12
681	12
682	12
683	12
684	12
685	12
686	12
687	12
688	12
689	12
690	12
691	12
692	12
693	12
694	12
695	12
696	12
697	5
698	5
699	5
700	5
701	5
702	5
703	5
704	5
705	5
706	6
707	5
708	5
709	5
710	5
711	5
712	5
713	5
714	12
715	12
716	5
717	5
718	5
719	5
720	5
721	5
722	5
723	5
724	5
725	5
726	5
727	5
728	5
729	5
730	5
731	5
732	7
733	7
734	7
735	7
736	7
737	11
738	6
739	6
740	6
741	6
742	6
743	6
744	11
745	7
746	7
747	7
748	7
749	7
750	7
751	7
752	7
753	7
754	7
755	7
756	7
757	7
758	7
759	7
760	7
761	7
762	7
763	7
764	7
765	7
766	11
767	6
768	6
769	6
770	7
771	7
772	6
773	6
774	6
775	6
776	6
777	6
778	6
779	6
780	6
781	6
782	6
783	6
784	6
785	9
786	6
787	6
788	6
789	6
790	11
791	9
792	9
793	9
794	9
795	9
796	9
797	9
798	9
799	9
800	9
801	6
802	11
803	6
804	6
805	9
806	9
807	9
808	6
809	6
810	6
811	1
812	13
813	1
814	1
815	1
816	1
817	1
818	13
819	13
820	13
821	1
822	1
823	1
824	1
825	1
826	1
827	13
828	1
829	13
830	1
831	1
832	1
833	1
834	1
835	1
836	1
837	1
838	1
839	1
840	1
841	1
842	1
843	1
844	1
845	1
846	1
847	13
848	13
849	13
850	13
851	13
852	1
853	1
854	1
855	1
856	13
857	13
858	10
859	10
860	10
861	10
862	10
863	10
864	10
865	10
866	10
867	10
868	10
869	10
870	10
871	1
872	1
873	1
874	1
875	1
876	1
877	1
878	1
879	1
880	13
881	1
882	1
883	1
884	1
885	1
886	1
887	1
888	13
889	1
890	1
891	13
892	13
893	1
894	1
895	1
896	1
897	1
898	1
899	13
900	13
901	13
902	1
903	1
904	1
905	1
906	1
907	13
908	13
909	1
910	13
911	13
912	13
913	13
914	1
915	1
916	1
917	1
918	1
919	1
920	13
921	13
922	13
923	13
924	13
925	1
926	1
927	1
928	1
929	1
930	13
931	13
932	13
933	13
934	1
935	1
936	1
937	1
938	1
939	13
940	13
941	1
942	13
943	13
944	13
945	13
946	1
947	1
948	1
949	13
950	1
951	13
952	13
953	1
954	13
955	13
956	13
957	1
958	1
959	1
960	1
961	13
962	13
963	1
964	1
965	1
966	13
967	1
968	13
969	1
970	1
971	1
972	1
973	1
974	13
975	13
976	1
977	1
978	1
979	1
980	1
981	1
982	7
983	7
984	7
985	6
986	6
987	6
988	6
989	6
990	6
991	6
992	6
993	6
994	6
995	6
996	6
997	6
998	6
999	6
1000	6
1001	6
1002	6
1003	6
1004	6
1005	6
1006	6
1007	7
1008	7
1009	6
1010	13
1011	7
1012	7
1013	7
1014	7
1015	7
1016	7
1017	13
1018	7
1019	7
1020	7
1021	7
1022	7
1023	7
1024	7
1025	7
1026	7
1027	13
1028	7
1029	7
1030	7
1031	7
1032	7
1033	7
1034	7
1035	7
1036	7
1037	13
1038	7
1039	7
1040	7
1041	7
1042	13
1043	7
1044	7
1045	7
1046	7
1047	7
1048	7
1049	7
1050	7
1051	13
1052	7
1053	7
1054	7
1055	7
1056	13
1057	13
1058	7
1059	7
1060	7
1061	7
1062	7
1063	7
1064	7
1065	13
1066	13
1067	13
1068	7
1069	7
1070	13
1071	7
1072	7
1073	7
1074	7
1075	10
1076	10
1077	10
1078	10
1079	10
1080	10
1081	10
1082	10
1083	10
1084	10
1085	10
1086	10
1087	11
1088	11
1089	11
1090	11
1091	11
1092	11
1093	11
1094	5
1095	5
1096	5
1097	5
1098	5
1099	5
1100	5
1101	5
1102	5
1103	5
1104	5
1105	5
1106	5
1107	1
1108	4
1109	1
1110	1
1111	4
1112	1
1113	1
1114	4
1115	4
1116	1
1117	1
1118	1
1119	4
1120	4
1121	1
1122	4
1123	1
1124	1
1125	4
1126	4
1127	1
1128	4
1129	1
1130	1
1131	4
1132	1
1133	1
1134	4
1135	4
1136	1
1137	1
1138	1
1139	1
1140	1
1141	1
1142	4
1143	1
1144	4
1145	4
1146	1
1147	1
1148	1
1149	1
1150	4
1151	4
1152	1
1153	1
1154	9
1155	9
1156	9
1157	9
1158	4
1159	9
1160	4
1161	4
1162	4
1163	4
1164	4
1165	4
1166	4
1167	4
1168	9
1169	7
1170	13
1171	7
1172	7
1173	7
1174	7
1175	13
1176	7
1177	7
1178	7
1179	7
1180	13
1181	7
1182	7
1183	7
1184	13
1185	7
1186	7
1187	7
1188	7
1189	7
1190	13
1191	7
1192	7
1193	7
1194	7
1195	7
1196	7
1197	7
1198	7
1199	7
1200	1
1201	1
1202	13
1203	13
1204	13
1205	13
1206	13
1207	13
1208	13
1209	13
1210	13
1211	13
1212	13
1213	13
1214	13
1215	13
1216	13
1217	13
1218	13
1219	13
1220	13
1221	13
1222	13
1223	1
1224	13
1225	13
1226	13
1227	13
1228	13
1229	1
1230	13
1231	13
1232	1
1233	13
1234	13
1235	13
1236	1
1237	13
1238	1
1239	13
1240	11
1241	11
1242	5
1243	5
1244	5
1245	11
1246	5
1247	5
1248	5
1249	5
1250	5
1251	5
1252	5
1253	10
1254	10
1255	10
1256	10
1257	10
1258	5
1259	5
1260	5
1261	5
1262	5
1263	11
1264	10
1265	10
1266	10
1267	10
1268	10
1269	10
1270	10
1271	10
1272	10
1273	10
1274	10
1275	10
1276	10
1277	10
1278	9
1279	9
1280	9
1281	5
1282	11
1283	11
1284	10
1285	10
1286	10
1287	10
1288	9
1289	9
1290	9
1291	9
1292	9
1293	9
1294	9
1295	9
1296	9
1297	9
1298	9
1299	9
1300	9
1301	9
1302	9
1303	10
1304	10
1305	10
1306	10
1307	10
1308	10
1309	10
1310	10
1311	10
1312	10
1313	10
1314	1
1315	1
1316	1
1317	1
1318	1
1319	1
1320	1
1321	1
1322	1
1323	1
1324	1
1325	1
1326	1
1327	1
1328	1
1329	1
1330	1
1331	1
1332	1
1333	1
1334	1
1335	1
1336	1
1337	1
1338	1
1339	1
1340	1
1341	1
1342	1
1343	1
1344	1
1345	1
1346	10
1347	12
1348	12
1349	12
1350	12
1351	12
1352	12
1353	12
1354	12
1355	12
1356	12
1357	12
1358	12
1359	12
1360	12
1361	12
1362	10
1363	1
1364	1
1365	1
1366	4
1367	4
1368	1
1369	1
1370	1
1371	4
1372	1
1373	1
1374	1
1375	1
1376	1
1377	1
1378	1
1379	4
1380	4
1381	9
1382	9
1383	9
1384	9
1385	9
1386	9
1387	9
1388	9
1389	9
1390	9
1391	9
1392	9
1393	9
1394	9
1395	9
1396	9
1397	12
1398	10
1399	12
1400	12
1401	12
1402	12
1403	10
1404	12
1405	12
1406	12
1407	12
1408	10
1409	12
1410	12
1411	12
1412	12
1413	12
1414	12
1415	12
1416	12
1417	12
1418	12
1419	12
1420	12
1421	12
1422	12
1423	12
1424	12
1425	12
1426	12
1427	12
1428	8
1429	8
1430	8
1431	8
1432	8
1433	8
1434	8
1435	8
1436	8
1437	8
1438	8
1439	8
1440	8
1441	13
1442	13
1443	13
1444	13
1445	13
1446	13
1447	13
1448	13
1449	13
1450	13
1451	13
1452	13
1453	13
1454	13
1455	8
1456	8
1457	8
1458	8
1459	8
1460	8
1461	8
1462	8
1463	8
1464	8
1465	5
1466	5
1467	5
1468	5
1469	5
1470	5
1471	5
1472	5
1473	5
1474	5
1475	5
1476	5
1477	5
1478	5
1479	5
1480	5
1481	5
1482	5
1483	5
1484	5
1485	5
1486	5
1487	5
1488	5
1489	7
1490	7
1491	7
1492	7
1493	7
1494	7
1495	7
1496	7
1497	7
1498	7
1499	7
1500	7
1501	12
1502	12
1503	12
1504	12
1505	12
1506	12
1507	12
1508	12
1509	12
1510	12
1511	12
1512	12
1513	12
1514	12
1515	12
1516	12
1517	12
1518	12
1519	12
1520	12
1521	12
1522	12
1523	12
1524	12
1525	12
1526	12
1527	12
1528	12
1529	6
1530	6
1531	6
1532	6
1533	6
1534	6
1535	6
1536	6
1537	6
1538	6
1539	6
1540	6
1541	6
1542	6
1543	6
1544	6
1545	6
1546	6
1547	6
1548	6
1549	6
1550	6
1551	6
1552	3
1553	3
1554	3
1555	3
1556	3
1557	3
1558	3
1559	3
1560	3
1561	3
1562	3
1563	3
1564	3
1565	3
1566	3
1567	3
1568	3
1569	3
1570	3
1571	3
1572	3
1573	3
1574	3
1575	3
1576	7
1577	7
1578	7
1579	7
1580	7
1581	7
1582	7
1583	7
1584	7
1585	7
1586	7
1587	7
1588	7
1589	7
1590	7
1591	7
1592	7
1593	10
1594	10
1595	10
1596	10
1597	10
1598	10
1599	10
1600	10
1601	10
1602	3
1603	3
1604	13
1605	3
1606	3
1607	3
1608	13
1609	3
1610	13
1611	13
1612	13
1613	3
1614	3
1615	3
1616	3
1617	3
1618	5
1619	5
1620	5
1621	5
1622	5
1623	5
1624	5
1625	5
1626	5
1627	5
1628	5
1629	13
1630	13
1631	13
1632	13
1633	13
1634	13
1635	13
1636	13
1637	13
1638	13
1639	13
1640	13
1641	13
1642	13
1643	13
1644	5
1645	5
1646	5
1647	5
1648	5
1649	13
1650	13
1651	13
1652	13
1653	13
1654	13
1655	13
1656	13
1658	13
1659	13
1660	13
1661	13
1662	13
1663	13
1664	13
1665	13
1666	13
1667	13
1668	13
1669	13
1670	13
1671	13
1672	13
1673	5
1674	13
1675	13
1676	13
1677	5
1678	11
1679	11
1680	11
1681	11
1682	11
1683	11
1684	11
1685	7
1686	7
1687	7
1688	7
1689	7
1690	7
1691	7
1692	7
1693	7
1694	7
1695	7
1696	7
1697	7
1698	7
1699	7
1700	7
1701	12
1702	7
1703	2
1704	2
1705	7
1706	7
1707	7
1708	7
1709	12
1710	7
1711	7
1712	7
1713	5
1714	5
1715	5
1716	5
1717	5
1718	5
1719	5
1720	5
1721	5
1722	5
1723	5
1724	5
1725	7
1726	7
1727	7
1728	5
1729	7
1730	7
1731	7
1732	7
1733	7
1734	7
1735	7
1736	12
1737	12
1738	12
1739	12
1740	12
1741	7
1742	12
1743	12
1744	8
1745	12
1746	12
1747	8
1748	12
1749	8
1750	8
1751	12
1752	12
1753	12
1754	8
1755	12
1756	8
1757	5
1758	5
1759	5
1760	5
1761	12
1762	8
1763	8
1764	8
1765	12
1766	12
1767	8
1768	12
1769	12
1770	12
1771	12
1772	8
1773	12
1774	5
1775	5
1776	5
1777	5
1778	5
1779	5
1780	5
1781	5
1782	5
1783	5
1784	5
1785	5
1786	5
1787	8
1788	12
1789	12
1790	12
1791	8
1792	12
1793	12
1794	8
1795	5
1796	5
1797	5
1798	5
1799	12
1800	12
1801	12
1802	12
1803	8
1804	8
1805	8
1806	8
1807	12
1808	8
1809	2
1810	2
1811	2
1812	2
1813	2
1814	2
1815	2
1816	2
1817	2
1818	2
1819	8
1820	2
1821	8
1822	2
1823	8
1824	2
1825	2
1826	2
1827	2
1828	2
1829	2
1830	5
1831	5
1832	5
1833	5
1834	5
1835	2
1836	2
1837	5
1838	2
1839	2
1840	3
1841	3
1842	3
1843	3
1844	3
1845	2
1846	8
1847	2
1848	2
1849	2
1850	8
1851	2
1852	2
1853	8
1854	2
1855	2
1856	2
1857	5
1858	5
1859	5
1860	5
1861	5
1862	5
1863	2
1864	8
1865	8
1866	8
1867	8
1868	2
1869	8
1870	2
1871	2
1872	11
1873	11
1874	11
1875	11
1876	11
1877	11
1878	11
1879	11
1880	11
1881	11
1882	11
1883	11
1884	11
1885	11
1886	11
1887	11
1888	11
1889	11
1890	11
1891	11
1892	11
1893	11
1894	11
1895	10
1896	10
1897	10
1898	4
1899	4
1900	4
1901	4
1902	4
1903	4
1904	10
1905	10
1906	10
1907	10
1908	10
1909	10
1910	10
1911	10
1912	10
1913	10
1914	10
1915	10
1916	4
1917	4
1918	4
1919	4
1920	4
1921	4
1922	4
1923	4
1924	10
1925	10
1926	10
1927	10
1928	10
1929	10
1930	10
1931	10
1932	10
1933	10
1934	10
1935	10
1936	10
1937	10
1938	10
1939	10
1940	10
1941	10
1942	10
1943	10
1944	10
1945	10
1946	10
1947	10
1948	10
1949	10
1950	10
1951	10
1952	10
1953	10
1954	10
1955	10
1956	10
1957	10
1958	10
1959	10
1960	10
1961	10
1962	10
1963	10
1964	10
1965	10
1966	10
1967	10
1968	10
1969	10
1970	10
1971	10
1972	10
1973	10
1974	10
1975	10
1976	6
1977	6
1978	3
1979	6
1980	6
1981	6
1982	6
1983	6
1984	6
1985	6
1986	6
1987	3
1988	6
1989	3
1990	3
1991	6
1992	6
1993	6
1994	6
1995	6
1996	3
1997	3
1998	3
1999	3
2000	3
2001	6
2002	3
2003	6
2004	6
2005	6
2006	6
2007	6
2008	6
2009	6
2010	6
2011	6
2012	6
2013	6
2014	6
2015	6
2016	3
2017	11
2018	11
2019	11
2020	11
2021	11
2022	11
2023	11
2024	11
2025	11
2026	11
2027	11
2028	11
2029	11
2030	6
2031	6
2032	6
2033	6
2034	6
2035	11
2036	11
2037	11
2038	5
2039	5
2040	5
2041	5
2042	5
2043	11
2044	11
2045	11
2046	11
2047	11
2048	5
2049	5
2050	11
2051	11
2052	11
2053	11
2054	11
2055	11
2056	11
2057	11
2058	3
2059	3
2060	3
2061	3
2062	3
2063	3
2064	3
2065	3
2066	3
2067	3
2068	11
2069	11
2070	11
2071	11
2072	11
2073	11
2074	11
2075	11
2076	11
2077	11
2078	11
2079	11
2080	11
2081	11
2082	11
2083	11
2084	11
2085	11
2086	11
2087	11
2088	11
2089	7
2090	7
2091	7
2092	7
2093	7
2094	7
2095	7
2096	12
2097	12
2098	12
2099	12
2100	12
2101	12
2102	12
2103	12
2104	12
2105	12
2106	12
2107	12
2108	12
2109	12
2110	12
2111	12
2112	12
2113	2
2114	2
2115	2
2116	2
2117	2
2118	8
2119	8
2120	2
2121	2
2122	2
2123	8
2124	11
2125	2
2126	2
2127	2
2128	2
2129	2
2130	2
2131	8
2132	8
2133	8
2134	8
2135	8
2136	8
2137	8
2138	8
2139	2
2140	8
2141	2
2142	2
2143	2
2144	2
2145	2
2146	8
2147	8
2148	2
2149	2
2150	2
2151	2
2152	2
2153	2
2154	2
2155	2
2156	2
2157	8
2158	2
2159	2
2160	2
2161	2
2162	2
2163	2
2164	2
2165	2
2166	8
2167	2
2168	2
2169	2
2170	2
2171	8
2172	8
2173	2
2174	8
2175	8
2176	8
2177	8
2178	2
2179	2
2180	2
2181	2
2182	2
2183	2
2184	2
2185	2
2186	2
2187	2
2188	8
2189	2
2190	2
2191	2
2192	2
2193	2
2194	8
2195	8
2196	8
2197	8
2198	8
2199	8
2200	2
2201	2
2202	2
2203	8
2204	2
2205	2
2206	2
2207	2
2208	2
2209	2
2210	2
2211	2
2212	2
2213	2
2214	2
2215	8
2216	8
2217	2
2218	2
2219	8
2220	8
2221	2
2222	2
2223	8
2224	2
2225	2
2226	2
2227	2
2228	2
2229	2
2230	2
2231	2
2232	2
2233	8
2234	8
2235	8
2236	8
2237	8
2238	8
2239	2
2240	2
2241	2
2242	8
2243	8
2244	2
2245	8
2246	2
2247	2
2248	2
2249	2
2250	2
2251	2
2252	8
2253	8
2254	8
2255	2
2256	2
2257	8
2258	2
2259	2
2260	2
2261	2
2262	2
2263	2
2264	2
2265	2
2266	2
2267	2
2268	2
2269	8
2270	8
2271	8
2272	8
2273	8
2274	8
2275	2
2276	2
2277	8
2278	2
2279	2
2280	8
2281	8
2282	2
2283	8
2284	11
2285	11
2286	8
2287	8
2288	8
2289	2
2290	8
2291	8
2292	2
2293	2
2294	2
2295	2
2296	2
2297	2
2298	8
2299	8
2300	8
2301	2
2302	8
2303	2
2304	8
2305	2
2306	2
2307	8
2308	8
2309	11
2310	11
2311	11
2312	1
2313	1
2314	1
2315	1
2316	1
2317	1
2318	1
2319	1
2320	1
2321	1
2322	1
2323	1
2324	1
2325	1
2326	1
2327	1
2328	1
2329	1
2330	10
2331	10
2332	10
2333	10
2334	10
2335	10
2336	10
2337	10
2338	10
2339	10
2340	10
2341	10
2342	10
2343	10
2344	10
2345	10
2346	7
2347	7
2348	7
2349	7
2350	7
2351	7
2352	7
2353	7
2354	7
2355	7
2356	7
2357	7
2358	7
2359	7
2360	7
2361	7
2362	7
2363	7
2364	7
2365	7
2366	8
2367	8
2368	8
2369	8
2370	8
2371	8
2372	8
2373	8
2374	8
2375	8
2376	8
2377	8
2378	8
2379	8
2380	8
2381	8
2382	8
2383	8
2384	8
2385	8
2386	8
2387	8
2388	8
2389	8
2390	8
2391	8
2392	8
2393	8
2394	8
2395	8
2396	8
2397	8
2398	8
2399	8
2400	8
2401	8
2402	8
2403	8
2404	8
2405	8
2406	8
2407	8
2408	8
2409	8
2410	8
2411	8
2412	8
2413	8
2414	8
2415	4
2416	4
2417	4
2418	4
2419	9
2420	9
2421	9
2422	4
2423	4
2424	9
2425	9
2426	9
2427	9
2428	9
2429	9
2430	9
2431	9
2432	9
2433	4
2434	9
2435	4
2436	4
2437	4
2438	9
2439	9
2440	9
2441	9
2442	9
2443	9
2444	9
2445	9
2446	9
2447	9
2448	9
2449	4
2450	4
2451	4
2452	4
2453	4
2454	4
2455	9
2456	4
2457	4
2458	4
2459	4
2460	9
2461	9
2462	4
2463	4
2464	4
2465	9
2466	9
2467	4
2468	4
2469	4
2470	4
2471	4
2472	4
2473	4
2474	9
2475	4
2476	4
2477	4
2478	4
2479	4
2480	4
2481	4
2482	4
2483	4
2484	4
2485	4
2486	4
2487	4
2488	4
2489	4
2490	4
2491	4
2492	4
2493	4
2494	4
2495	4
2496	9
2497	9
2498	9
2499	4
2500	4
2501	4
2502	4
2503	4
2504	4
2505	4
2506	4
2507	4
2508	9
2509	9
2510	9
2511	4
2512	4
2513	9
2514	9
2515	4
2516	4
2517	4
2518	4
2519	4
2520	4
2521	4
2522	4
2523	9
2524	9
2525	9
2526	4
2527	4
2528	4
2529	9
2530	9
2531	9
2532	9
2533	9
2534	9
2535	9
2536	9
2537	9
2538	9
2539	9
2540	9
2541	9
2542	9
2543	9
2544	9
2545	9
2546	9
2547	9
2548	9
2549	9
2550	4
2551	9
2552	9
2553	9
2554	9
2555	9
2556	9
2557	9
2558	4
2559	4
2560	4
2561	4
2562	9
2563	9
2564	9
2565	9
2566	9
2567	9
2568	9
2569	9
2570	9
2571	9
2572	9
2573	4
2574	9
2575	4
2576	4
2577	4
2578	4
2579	4
2580	4
2581	9
2582	4
2583	4
2584	4
2585	4
2586	4
2587	9
2588	9
2589	9
2590	9
2591	9
2592	9
2593	9
2594	4
2595	4
2596	4
2597	4
2598	4
2599	4
2600	4
2601	4
2602	9
2603	4
2604	9
2605	9
2606	11
2607	11
2608	11
2609	11
2610	11
2611	11
2612	11
2613	11
2614	11
2615	11
2616	11
2617	11
2618	11
2619	11
2620	11
2621	11
2622	11
2623	11
2624	11
2625	11
2626	11
2627	11
2628	11
2629	11
2630	11
2631	11
2632	11
2633	11
2634	11
2635	11
2636	11
2637	11
2638	11
2639	11
2640	3
2641	3
2642	3
2643	3
2644	3
2645	3
2646	3
2647	3
2648	3
2649	3
2650	3
2651	3
2652	3
2653	3
2654	3
2655	3
2656	3
2657	6
2658	3
2659	3
2660	3
2661	3
2662	3
2663	3
2664	3
2665	3
2666	3
2667	3
2668	3
2669	3
2670	3
2671	3
2672	3
2673	3
2674	3
2675	3
2676	3
2677	3
2678	3
2679	3
2680	3
2681	3
2682	3
2683	3
2684	3
2685	3
2686	3
2687	3
2688	10
2689	10
2690	10
2691	10
315	7
1657	13
