0	2
1	2
2	2
3	2
4	2
5	2
6	2
7	1
8	1
9	12
10	1
11	12
12	1
13	1
14	12
15	12
16	12
17	12
18	12
19	12
20	12
21	13
22	13
23	13
24	13
25	13
26	13
27	13
28	13
29	5
30	5
31	5
32	5
33	5
34	5
35	5
36	5
37	5
38	5
39	5
40	5
41	5
42	5
43	5
44	5
45	5
46	5
47	5
48	5
49	5
50	5
51	5
52	5
53	11
54	11
55	11
56	11
57	11
58	5
59	5
60	5
61	5
62	5
63	5
64	5
65	11
66	11
67	11
68	11
69	11
70	11
71	13
72	13
73	13
74	13
75	5
76	5
77	5
78	5
79	5
80	5
81	5
82	5
83	8
84	8
85	8
86	8
87	8
88	8
89	8
90	8
91	8
92	8
93	8
94	8
95	8
96	12
97	1
98	12
99	12
100	12
101	1
102	1
103	12
104	1
105	12
106	12
107	12
108	12
109	12
110	12
111	12
112	12
113	12
114	1
115	1
116	12
117	12
118	12
119	12
120	1
121	12
122	12
123	1
124	12
125	12
126	12
127	12
128	12
129	9
130	9
131	9
132	9
133	9
134	9
135	9
136	9
137	9
138	9
139	9
140	9
141	9
142	9
143	9
144	9
145	9
146	9
147	9
148	9
149	9
150	9
151	9
152	9
153	9
154	9
155	9
156	9
157	9
158	9
159	9
160	9
161	9
162	9
163	9
164	9
165	9
166	8
167	8
168	8
169	8
170	8
171	9
172	8
173	8
174	9
175	8
176	8
177	8
178	8
179	8
180	8
181	9
182	9
183	2
184	2
185	2
186	2
187	2
188	2
189	2
190	2
191	2
192	2
193	2
194	2
195	2
196	2
197	2
198	2
199	2
200	2
201	2
202	2
203	2
204	2
205	2
206	2
207	2
208	13
209	13
210	13
211	13
212	13
213	13
214	13
215	13
216	13
217	13
218	13
219	13
220	13
221	13
222	13
223	13
224	13
225	13
226	10
227	10
228	10
229	10
230	10
231	10
232	10
233	10
234	10
235	10
236	13
237	13
238	13
239	13
240	13
241	13
242	13
243	13
244	13
245	13
246	13
247	13
248	2
249	2
250	2
251	2
252	2
253	2
254	2
255	2
256	2
257	2
258	2
259	2
260	2
261	13
262	13
263	13
264	13
265	13
266	13
267	13
268	10
269	10
270	10
271	13
272	13
273	13
274	13
275	13
276	13
277	13
278	10
279	10
280	10
281	10
282	10
283	10
284	10
285	10
286	10
287	10
288	10
289	10
290	10
291	10
292	10
293	10
294	10
295	10
296	10
297	10
298	10
299	10
300	10
301	10
302	2
303	2
304	2
305	2
306	11
307	11
308	11
309	11
310	11
311	11
312	11
313	11
314	11
316	4
317	4
318	4
319	4
320	4
321	4
322	4
323	4
324	4
325	4
326	4
327	4
328	4
329	4
330	4
331	11
332	11
333	11
334	11
335	11
336	11
337	4
338	4
339	4
340	11
341	11
342	11
343	11
344	11
345	3
346	11
347	11
348	11
349	11
350	11
351	11
352	11
353	11
354	11
355	11
356	7
357	7
358	7
359	9
360	7
361	7
362	7
363	7
364	7
365	7
366	7
367	7
368	7
369	11
370	11
371	11
372	11
373	11
374	11
375	11
376	11
377	11
378	11
379	11
380	11
381	11
382	11
383	11
384	11
385	11
386	11
387	11
388	11
389	4
390	4
391	4
392	4
393	4
394	11
395	11
396	11
397	11
398	4
399	4
400	4
401	4
402	4
403	13
404	13
405	13
406	13
407	13
408	13
409	12
410	5
411	12
412	12
413	5
414	5
415	5
416	12
417	5
418	12
419	12
420	5
421	5
422	5
423	12
424	5
425	8
426	8
427	9
428	9
429	8
430	8
431	8
432	8
433	5
434	5
435	5
436	12
437	5
438	5
439	12
440	5
441	5
442	12
443	5
444	12
445	12
446	8
447	8
448	9
449	9
450	9
451	5
452	12
453	12
454	8
455	9
456	8
457	5
458	12
459	5
460	5
461	5
462	5
463	8
464	8
465	8
466	8
467	8
468	8
469	9
470	8
471	9
472	9
473	5
474	12
475	10
476	10
477	9
478	9
479	9
480	9
481	9
482	9
483	9
484	13
485	13
486	9
487	9
488	9
489	10
490	10
491	10
492	10
493	10
494	10
495	9
496	9
497	9
498	13
499	9
500	9
501	9
502	13
503	9
504	9
505	9
506	13
507	13
508	13
509	13
510	13
511	13
512	13
513	13
514	13
515	13
516	13
517	13
518	13
519	13
520	13
521	13
522	8
523	8
524	8
525	8
526	2
527	2
528	8
529	8
530	8
531	8
532	8
533	8
534	8
535	8
536	8
537	8
538	2
539	2
540	2
541	2
542	2
543	2
544	2
545	2
546	2
547	2
548	2
549	2
550	2
551	2
552	2
553	2
554	2
555	2
556	2
557	2
558	2
559	13
560	13
561	13
562	13
563	13
564	13
565	2
566	2
567	2
568	2
569	2
570	1
571	1
572	1
573	1
574	1
575	1
576	1
577	1
578	1
579	1
580	1
581	2
582	2
583	2
584	2
585	2
586	2
587	10
588	10
589	10
590	10
591	10
592	13
593	13
594	10
595	13
596	10
597	13
598	10
599	13
600	13
601	13
602	13
603	2
604	2
605	2
606	2
607	2
608	2
609	2
610	2
611	2
612	2
613	2
614	2
615	2
616	2
617	10
618	13
619	13
620	10
621	10
622	10
623	10
624	10
625	10
626	10
627	10
628	13
629	13
630	13
631	13
632	10
633	10
634	10
635	13
636	10
637	10
638	10
639	2
640	2
641	2
642	2
643	2
644	2
645	2
646	2
647	2
648	2
649	2
650	2
651	2
652	2
653	2
654	2
655	2
656	2
657	9
658	9
659	9
660	9
661	5
662	5
663	5
664	6
665	6
666	5
667	5
668	6
669	6
670	9
671	9
672	9
673	10
674	9
675	10
676	9
677	9
678	9
679	9
680	6
681	5
682	6
683	5
684	6
685	5
686	5
687	6
688	5
689	5
690	5
691	5
692	5
693	5
694	5
695	5
696	5
697	10
698	10
699	10
700	10
701	9
702	10
703	10
704	9
705	10
706	9
707	10
708	10
709	9
710	10
711	10
712	10
713	10
714	5
715	5
716	13
717	13
718	10
719	10
720	9
721	13
722	13
723	13
724	13
725	13
726	13
727	13
728	13
729	13
730	13
731	13
732	12
733	5
734	12
735	12
736	12
737	9
738	9
739	9
740	9
741	9
742	9
743	9
744	9
745	12
746	12
747	12
748	12
749	12
750	12
751	12
752	12
753	12
754	12
755	12
756	5
757	5
758	12
759	12
760	12
761	12
762	12
763	12
764	12
765	12
766	9
767	9
768	9
769	9
770	12
771	5
772	9
773	9
774	9
775	9
776	9
777	9
778	9
779	9
780	9
781	9
782	9
783	9
784	9
785	11
786	9
787	9
788	9
789	9
790	9
791	11
792	11
793	11
794	11
795	11
796	11
797	11
798	11
799	11
800	11
801	9
802	9
803	9
804	9
805	11
806	11
807	11
808	9
809	9
810	9
811	4
812	4
813	4
814	4
815	4
816	7
817	4
818	4
819	7
820	4
821	4
822	4
823	4
824	4
825	7
826	4
827	7
828	7
829	4
830	4
831	4
832	7
833	7
834	4
835	4
836	4
837	4
838	4
839	7
840	4
841	7
842	4
843	4
844	4
845	4
846	4
847	4
848	7
849	7
850	4
851	7
852	4
853	4
854	4
855	7
856	4
857	7
858	2
859	2
860	2
861	2
862	2
863	2
864	2
865	2
866	2
867	2
868	2
869	2
870	2
871	4
872	4
873	7
874	7
875	4
876	4
877	4
878	4
879	4
880	7
881	4
882	4
883	4
884	4
885	4
886	4
887	4
888	4
889	7
890	4
891	7
892	4
893	4
894	4
895	4
896	4
897	7
898	4
899	7
900	7
901	7
902	4
903	4
904	4
905	4
906	7
907	4
908	4
909	7
910	7
911	7
912	4
913	7
914	4
915	4
916	7
917	4
918	7
919	7
920	4
921	4
922	7
923	7
924	7
925	4
926	7
927	4
928	4
929	4
930	4
931	4
932	4
933	7
934	7
935	4
936	4
937	4
938	7
939	4
940	4
941	7
942	4
943	7
944	7
945	7
946	7
947	4
948	4
949	4
950	4
951	4
952	4
953	7
954	7
955	7
956	7
957	4
958	4
959	4
960	7
961	4
962	4
963	4
964	4
965	4
966	4
967	7
968	4
969	4
970	7
971	7
972	4
973	4
974	4
975	4
976	4
977	4
978	7
979	7
980	7
981	7
982	4
983	4
984	12
985	9
986	9
987	9
988	9
989	9
990	9
991	9
992	9
993	9
994	9
995	9
996	9
997	9
998	9
999	9
1000	9
1001	9
1002	9
1003	9
1004	9
1005	9
1006	9
1007	4
1008	12
1009	9
1010	12
1011	4
1012	12
1013	12
1014	4
1015	4
1016	4
1017	12
1018	4
1019	4
1020	4
1021	4
1022	4
1023	4
1024	4
1025	4
1026	4
1027	12
1028	4
1029	4
1030	4
1031	4
1032	4
1033	4
1034	4
1035	4
1036	4
1037	12
1038	4
1039	4
1040	4
1041	4
1042	12
1043	4
1044	4
1045	4
1046	4
1047	4
1048	12
1049	4
1050	4
1051	4
1052	4
1053	4
1054	4
1055	4
1056	12
1057	12
1058	4
1059	4
1060	4
1061	4
1062	4
1063	4
1064	4
1065	12
1066	12
1067	12
1068	12
1069	4
1070	12
1071	4
1072	4
1073	4
1074	4
1075	2
1076	2
1077	2
1078	2
1079	2
1080	2
1081	2
1082	2
1083	2
1084	2
1085	2
1086	2
1087	10
1088	10
1089	10
1090	10
1091	10
1092	10
1093	10
1094	13
1095	13
1096	13
1097	13
1098	13
1099	13
1100	13
1101	13
1102	13
1103	13
1104	13
1105	13
1106	13
1107	11
1108	11
1109	11
1110	11
1111	11
1112	11
1113	11
1114	11
1115	11
1116	11
1117	11
1118	11
1119	11
1120	11
1121	11
1122	11
1123	11
1124	11
1125	11
1126	11
1127	11
1128	11
1129	11
1130	11
1131	11
1132	11
1133	11
1134	11
1135	11
1136	7
1137	7
1138	7
1139	7
1140	11
1141	11
1142	11
1143	11
1144	11
1145	11
1146	11
1147	11
1148	11
1149	11
1150	11
1151	11
1152	11
1153	11
1154	11
1155	11
1156	11
1157	11
1158	11
1159	11
1160	11
1161	11
1162	11
1163	11
1164	11
1165	11
1166	11
1167	11
1168	11
1169	4
1170	12
1171	4
1172	4
1173	12
1174	4
1175	12
1176	4
1177	4
1178	4
1179	4
1180	4
1181	4
1182	4
1183	4
1184	12
1185	4
1186	4
1187	4
1188	4
1189	4
1190	12
1191	12
1192	4
1193	4
1194	12
1195	4
1196	12
1197	4
1198	12
1199	4
1200	7
1201	7
1202	7
1203	7
1204	7
1205	7
1206	7
1207	7
1208	7
1209	7
1210	7
1211	7
1212	7
1213	7
1214	7
1215	7
1216	7
1217	7
1218	7
1219	7
1220	7
1221	7
1222	7
1223	7
1224	7
1225	7
1226	7
1227	7
1228	7
1229	7
1230	7
1231	7
1232	7
1233	7
1234	7
1235	7
1236	7
1237	7
1238	7
1239	7
1240	10
1241	10
1242	10
1243	10
1244	10
1245	10
1246	10
1247	10
1248	10
1249	10
1250	10
1251	10
1252	10
1253	5
1254	5
1255	5
1256	5
1257	5
1258	10
1259	10
1260	10
1261	10
1262	10
1263	10
1264	5
1265	5
1266	5
1267	5
1268	5
1269	5
1270	5
1271	5
1272	5
1273	5
1274	5
1275	5
1276	5
1277	5
1278	11
1279	11
1280	11
1281	10
1282	10
1283	10
1284	5
1285	5
1286	5
1287	5
1288	11
1289	11
1290	11
1291	11
1292	13
1293	11
1294	11
1295	13
1296	11
1297	13
1298	11
1299	11
1300	11
1301	11
1302	11
1303	2
1304	2
1305	2
1306	2
1307	2
1308	2
1309	2
1310	2
1311	2
1312	2
1313	2
1314	7
1315	7
1316	7
1317	7
1318	7
1319	7
1320	7
1321	7
1322	7
1323	7
1324	7
1325	7
1326	7
1327	7
1328	7
1329	7
1330	7
1331	7
1332	7
1333	7
1334	7
1335	7
1336	7
1337	7
1338	7
1339	7
1340	7
1341	7
1342	7
1343	7
1344	7
1345	7
1346	2
1347	2
1348	2
1349	2
1350	2
1351	2
1352	2
1353	2
1354	2
1355	2
1356	2
1357	2
1358	2
1359	2
1360	2
1361	2
1362	2
1363	7
1364	7
1365	7
1366	7
1367	7
1368	7
1369	7
1370	7
1371	7
1372	7
1373	7
1374	7
1375	7
1376	7
1377	7
1378	7
1379	7
1380	7
1381	11
1382	11
1383	11
1384	11
1385	11
1386	11
1387	11
1388	11
1389	11
1390	11
1391	11
1392	11
1393	11
1394	11
1395	11
1396	11
1397	5
1398	5
1399	5
1400	5
1401	5
1402	5
1403	5
1404	5
1405	5
1406	5
1407	5
1408	5
1409	5
1410	5
1411	5
1412	5
1413	5
1414	5
1415	5
1416	5
1417	5
1418	5
1419	5
1420	5
1421	5
1422	5
1423	5
1424	5
1425	5
1426	5
1427	5
1428	1
1429	1
1430	1
1431	1
1432	1
1433	1
1434	1
1435	1
1436	1
1437	1
1438	1
1439	1
1440	1
1441	12
1442	12
1443	12
1444	12
1445	12
1446	12
1447	12
1448	12
1449	12
1450	12
1451	12
1452	12
1453	12
1454	12
1455	1
1456	1
1457	1
1458	1
1459	1
1460	1
1461	1
1462	1
1463	1
1464	1
1465	13
1466	13
1467	10
1468	10
1469	10
1470	13
1471	13
1472	10
1473	10
1474	13
1475	13
1476	10
1477	13
1478	10
1479	13
1480	13
1481	10
1482	13
1483	13
1484	10
1485	13
1486	13
1487	10
1488	10
1489	4
1490	4
1491	4
1492	4
1493	4
1494	4
1495	4
1496	4
1497	4
1498	4
1499	4
1500	4
1501	5
1502	5
1503	5
1504	5
1505	5
1506	5
1507	5
1508	5
1509	5
1510	5
1511	5
1512	5
1513	5
1514	5
1515	5
1516	5
1517	5
1518	5
1519	5
1520	5
1521	5
1522	5
1523	5
1524	5
1525	5
1526	5
1527	5
1528	5
1529	9
1530	9
1531	9
1532	9
1533	9
1534	9
1535	9
1536	9
1537	9
1538	9
1539	9
1540	9
1541	9
1542	9
1543	9
1544	9
1545	9
1546	9
1547	9
1548	9
1549	9
1550	9
1551	9
1552	8
1553	8
1554	8
1555	8
1556	8
1557	8
1558	8
1559	8
1560	8
1561	8
1562	8
1563	8
1564	8
1565	8
1566	8
1567	8
1568	8
1569	8
1570	8
1571	8
1572	8
1573	8
1574	8
1575	8
1576	5
1577	5
1578	5
1579	5
1580	5
1581	5
1582	5
1583	5
1584	5
1585	5
1586	5
1587	5
1588	5
1589	5
1590	5
1591	5
1592	5
1593	2
1594	2
1595	2
1596	2
1597	2
1598	2
1599	2
1600	2
1601	2
1602	8
1603	8
1604	8
1605	8
1606	8
1607	8
1608	8
1609	8
1610	8
1611	8
1612	8
1613	8
1614	8
1615	8
1616	8
1617	8
1618	13
1619	13
1620	13
1621	13
1622	13
1623	13
1624	13
1625	13
1626	13
1627	13
1628	13
1629	12
1630	12
1631	12
1632	12
1633	12
1634	12
1635	12
1636	12
1637	12
1638	12
1639	12
1640	12
1641	12
1642	12
1643	12
1644	13
1645	13
1646	13
1647	13
1648	13
1649	12
1650	12
1651	12
1652	12
1653	12
1654	12
1655	12
1656	12
1658	12
1659	12
1660	12
1661	12
1662	12
1663	12
1664	12
1665	12
1666	12
1667	12
1668	12
1669	12
1670	12
1671	12
1672	12
1673	13
1674	12
1675	12
1676	12
1677	13
1678	10
1679	10
1680	10
1681	10
1682	10
1683	10
1684	10
1685	12
1686	12
1687	12
1688	12
1689	12
1690	12
1691	12
1692	12
1693	12
1694	12
1695	12
1696	12
1697	12
1698	12
1699	12
1700	12
1701	12
1702	12
1703	6
1704	6
1705	12
1706	12
1707	12
1708	12
1709	12
1710	12
1711	12
1712	12
1713	13
1714	13
1715	13
1716	13
1717	13
1718	13
1719	13
1720	13
1721	13
1722	13
1723	13
1724	13
1725	12
1726	12
1727	12
1728	13
1729	12
1730	12
1731	12
1732	12
1733	12
1734	12
1735	12
1736	12
1737	12
1738	12
1739	12
1740	12
1741	12
1742	5
1743	5
1744	5
1745	5
1746	5
1747	5
1748	5
1749	5
1750	5
1751	5
1752	5
1753	5
1754	5
1755	5
1756	5
1757	13
1758	13
1759	13
1760	13
1761	5
1762	5
1763	5
1764	6
1765	5
1766	5
1767	6
1768	5
1769	5
1770	5
1771	5
1772	5
1773	5
1774	13
1775	13
1776	13
1777	13
1778	13
1779	13
1780	13
1781	13
1782	13
1783	13
1784	13
1785	13
1786	13
1787	6
1788	5
1789	5
1790	5
1791	5
1792	5
1793	5
1794	5
1795	13
1796	13
1797	13
1798	13
1799	5
1800	5
1801	5
1802	5
1803	5
1804	5
1805	5
1806	5
1807	5
1808	5
1809	1
1810	1
1811	1
1812	1
1813	1
1814	1
1815	1
1816	1
1817	1
1818	6
1819	1
1820	1
1821	1
1822	1
1823	1
1824	1
1825	1
1826	1
1827	1
1828	1
1829	1
1830	10
1831	10
1832	10
1833	10
1834	10
1835	1
1836	1
1837	10
1838	1
1839	1
1840	7
1841	7
1842	7
1843	7
1844	7
1845	1
1846	1
1847	1
1848	1
1849	6
1850	1
1851	1
1852	1
1853	1
1854	6
1855	1
1856	1
1857	13
1858	13
1859	13
1860	13
1861	13
1862	13
1863	1
1864	1
1865	1
1866	1
1867	1
1868	1
1869	1
1870	1
1871	1
1872	10
1873	10
1874	10
1875	10
1876	10
1877	10
1878	10
1879	10
1880	10
1881	10
1882	10
1883	10
1884	10
1885	10
1886	10
1887	10
1888	10
1889	10
1890	10
1891	10
1892	10
1893	10
1894	10
1895	2
1896	2
1897	2
1898	11
1899	11
1900	11
1901	11
1902	11
1903	11
1904	2
1905	2
1906	2
1907	2
1908	2
1909	2
1910	2
1911	2
1912	2
1913	2
1914	2
1915	2
1916	11
1917	11
1918	11
1919	11
1920	11
1921	11
1922	11
1923	11
1924	2
1925	2
1926	2
1927	2
1928	2
1929	2
1930	2
1931	2
1932	2
1933	2
1934	2
1935	2
1936	2
1937	2
1938	2
1939	2
1940	2
1941	2
1942	2
1943	2
1944	2
1945	2
1946	2
1947	2
1948	2
1949	2
1950	2
1951	2
1952	2
1953	2
1954	2
1955	2
1956	2
1957	2
1958	2
1959	2
1960	2
1961	2
1962	2
1963	2
1964	2
1965	2
1966	2
1967	2
1968	2
1969	2
1970	2
1971	2
1972	2
1973	2
1974	2
1975	2
1976	8
1977	8
1978	8
1979	8
1980	8
1981	8
1982	8
1983	8
1984	8
1985	8
1986	8
1987	8
1988	8
1989	8
1990	8
1991	8
1992	8
1993	8
1994	8
1995	8
1996	8
1997	8
1998	8
1999	8
2000	8
2001	8
2002	8
2003	8
2004	8
2005	8
2006	8
2007	8
2008	8
2009	8
2010	8
2011	8
2012	8
2013	8
2014	8
2015	8
2016	8
2017	13
2018	13
2019	13
2020	13
2021	13
2022	13
2023	13
2024	9
2025	13
2026	13
2027	13
2028	13
2029	13
2030	9
2031	9
2032	9
2033	9
2034	9
2035	9
2036	9
2037	9
2038	13
2039	13
2040	13
2041	13
2042	13
2043	13
2044	13
2045	13
2046	9
2047	9
2048	13
2049	13
2050	13
2051	9
2052	9
2053	9
2054	9
2055	9
2056	9
2057	9
2058	8
2059	8
2060	8
2061	8
2062	8
2063	8
2064	8
2065	8
2066	8
2067	8
2068	10
2069	10
2070	10
2071	10
2072	10
2073	10
2074	10
2075	10
2076	10
2077	10
2078	10
2079	10
2080	10
2081	10
2082	10
2083	10
2084	10
2085	10
2086	10
2087	10
2088	10
2089	12
2090	12
2091	12
2092	12
2093	12
2094	12
2095	12
2096	2
2097	2
2098	2
2099	2
2100	2
2101	2
2102	2
2103	5
2104	5
2105	5
2106	5
2107	2
2108	2
2109	2
2110	5
2111	5
2112	5
2113	1
2114	6
2115	6
2116	6
2117	6
2118	1
2119	1
2120	6
2121	6
2122	1
2123	1
2124	10
2125	6
2126	6
2127	6
2128	6
2129	6
2130	1
2131	6
2132	6
2133	1
2134	6
2135	6
2136	6
2137	1
2138	1
2139	6
2140	1
2141	6
2142	1
2143	1
2144	1
2145	6
2146	1
2147	1
2148	6
2149	1
2150	6
2151	6
2152	6
2153	6
2154	1
2155	1
2156	1
2157	6
2158	6
2159	1
2160	6
2161	6
2162	6
2163	6
2164	6
2165	6
2166	6
2167	6
2168	6
2169	6
2170	6
2171	1
2172	6
2173	6
2174	1
2175	1
2176	1
2177	1
2178	6
2179	6
2180	6
2181	6
2182	6
2183	6
2184	6
2185	6
2186	6
2187	6
2188	1
2189	6
2190	6
2191	6
2192	6
2193	6
2194	1
2195	6
2196	1
2197	1
2198	6
2199	1
2200	6
2201	1
2202	1
2203	6
2204	6
2205	6
2206	6
2207	6
2208	6
2209	6
2210	6
2211	1
2212	1
2213	6
2214	6
2215	1
2216	1
2217	6
2218	6
2219	6
2220	6
2221	6
2222	1
2223	1
2224	6
2225	6
2226	6
2227	6
2228	1
2229	1
2230	6
2231	6
2232	6
2233	1
2234	1
2235	6
2236	1
2237	1
2238	1
2239	6
2240	6
2241	1
2242	1
2243	1
2244	1
2245	1
2246	6
2247	6
2248	6
2249	6
2250	6
2251	6
2252	6
2253	1
2254	1
2255	1
2256	6
2257	6
2258	6
2259	6
2260	6
2261	6
2262	6
2263	6
2264	6
2265	6
2266	1
2267	6
2268	6
2269	1
2270	1
2271	6
2272	6
2273	6
2274	6
2275	6
2276	6
2277	1
2278	6
2279	1
2280	6
2281	6
2282	6
2283	1
2284	10
2285	13
2286	6
2287	6
2288	6
2289	6
2290	6
2291	6
2292	6
2293	6
2294	6
2295	6
2296	6
2297	1
2298	1
2299	1
2300	1
2301	6
2302	1
2303	6
2304	1
2305	6
2306	6
2307	6
2308	6
2309	13
2310	13
2311	13
2312	11
2313	11
2314	11
2315	11
2316	11
2317	11
2318	11
2319	11
2320	11
2321	11
2322	11
2323	11
2324	11
2325	11
2326	11
2327	11
2328	11
2329	11
2330	2
2331	2
2332	2
2333	2
2334	2
2335	2
2336	2
2337	2
2338	2
2339	2
2340	2
2341	2
2342	2
2343	2
2344	2
2345	2
2346	4
2347	4
2348	4
2349	4
2350	4
2351	4
2352	4
2353	4
2354	4
2355	4
2356	4
2357	4
2358	4
2359	4
2360	4
2361	4
2362	4
2363	4
2364	4
2365	4
2366	1
2367	1
2368	1
2369	1
2370	1
2371	1
2372	1
2373	1
2374	1
2375	1
2376	1
2377	1
2378	1
2379	1
2380	1
2381	1
2382	1
2383	1
2384	1
2385	1
2386	1
2387	1
2388	1
2389	1
2390	1
2391	1
2392	1
2393	1
2394	1
2395	1
2396	1
2397	1
2398	1
2399	1
2400	1
2401	1
2402	1
2403	1
2404	1
2405	1
2406	1
2407	1
2408	1
2409	1
2410	1
2411	1
2412	1
2413	1
2414	1
2415	3
2416	3
2417	3
2418	3
2419	13
2420	13
2421	3
2422	3
2423	3
2424	3
2425	3
2426	3
2427	13
2428	3
2429	13
2430	13
2431	3
2432	3
2433	3
2434	3
2435	3
2436	3
2437	3
2438	3
2439	3
2440	3
2441	3
2442	3
2443	3
2444	3
2445	3
2446	3
2447	3
2448	3
2449	3
2450	3
2451	3
2452	3
2453	3
2454	3
2455	3
2456	3
2457	3
2458	3
2459	3
2460	3
2461	3
2462	3
2463	3
2464	3
2465	3
2466	3
2467	3
2468	3
2469	3
2470	3
2471	3
2472	3
2473	3
2474	3
2475	3
2476	3
2477	3
2478	3
2479	3
2480	3
2481	3
2482	3
2483	3
2484	3
2485	3
2486	3
2487	3
2488	3
2489	3
2490	3
2491	3
2492	3
2493	3
2494	3
2495	3
2496	3
2497	3
2498	3
2499	3
2500	3
2501	3
2502	3
2503	3
2504	3
2505	3
2506	3
2507	3
2508	3
2509	3
2510	3
2511	3
2512	3
2513	3
2514	3
2515	3
2516	3
2517	3
2518	3
2519	3
2520	3
2521	3
2522	3
2523	13
2524	3
2525	13
2526	3
2527	3
2528	3
2529	13
2530	13
2531	13
2532	13
2533	13
2534	13
2535	13
2536	13
2537	13
2538	13
2539	3
2540	13
2541	3
2542	3
2543	3
2544	3
2545	3
2546	3
2547	3
2548	3
2549	3
2550	3
2551	3
2552	13
2553	13
2554	3
2555	3
2556	3
2557	3
2558	3
2559	3
2560	3
2561	3
2562	3
2563	13
2564	3
2565	13
2566	3
2567	3
2568	13
2569	3
2570	3
2571	3
2572	3
2573	3
2574	3
2575	3
2576	3
2577	3
2578	3
2579	3
2580	3
2581	13
2582	3
2583	3
2584	3
2585	3
2586	3
2587	13
2588	13
2589	13
2590	13
2591	13
2592	13
2593	13
2594	3
2595	3
2596	3
2597	3
2598	3
2599	3
2600	3
2601	3
2602	3
2603	3
2604	13
2605	3
2606	10
2607	10
2608	10
2609	10
2610	10
2611	10
2612	10
2613	10
2614	10
2615	10
2616	10
2617	10
2618	10
2619	10
2620	10
2621	10
2622	10
2623	10
2624	10
2625	10
2626	10
2627	10
2628	10
2629	10
2630	10
2631	10
2632	10
2633	10
2634	10
2635	10
2636	10
2637	10
2638	10
2639	10
2640	8
2641	8
2642	8
2643	8
2644	8
2645	8
2646	8
2647	8
2648	8
2649	8
2650	8
2651	8
2652	8
2653	8
2654	8
2655	8
2656	8
2657	8
2658	8
2659	8
2660	8
2661	8
2662	8
2663	8
2664	7
2665	8
2666	8
2667	8
2668	8
2669	8
2670	7
2671	8
2672	8
2673	8
2674	8
2675	8
2676	8
2677	8
2678	8
2679	8
2680	8
2681	8
2682	8
2683	8
2684	8
2685	8
2686	8
2687	8
2688	2
2689	2
2690	2
2691	2
315	4
1657	12
