0	3
1	3
2	3
3	3
4	3
5	3
6	3
7	5
8	5
9	5
10	5
11	4
12	5
13	5
14	4
15	4
16	4
17	4
18	4
19	4
20	3
21	11
22	11
23	11
24	11
25	11
26	11
27	11
28	11
29	4
30	4
31	4
32	4
33	4
34	4
35	4
36	4
37	4
38	4
39	4
40	4
41	4
42	4
43	4
44	4
45	4
46	4
47	4
48	4
49	4
50	4
51	4
52	4
53	11
54	11
55	11
56	11
57	11
58	4
59	4
60	4
61	4
62	4
63	4
64	4
65	11
66	11
67	11
68	11
69	11
70	11
71	11
72	11
73	11
74	11
75	4
76	4
77	4
78	4
79	4
80	4
81	4
82	4
83	9
84	9
85	9
86	9
87	9
88	9
89	9
90	9
91	9
92	9
93	9
94	9
95	9
96	4
97	4
98	4
99	4
100	4
101	5
102	5
103	4
104	5
105	4
106	4
107	4
108	4
109	4
110	4
111	4
112	4
113	4
114	5
115	5
116	4
117	4
118	4
119	4
120	5
121	4
122	4
123	5
124	4
125	4
126	4
127	4
128	4
129	8
130	8
131	8
132	8
133	8
134	8
135	8
136	8
137	8
138	8
139	8
140	8
141	8
142	8
143	8
144	8
145	8
146	8
147	8
148	8
149	8
150	8
151	8
152	8
153	8
154	8
155	8
156	8
157	8
158	8
159	8
160	8
161	8
162	8
163	8
164	8
165	8
166	9
167	9
168	9
169	9
170	9
171	9
172	9
173	9
174	9
175	9
176	9
177	9
178	9
179	9
180	9
181	9
182	9
183	7
184	7
185	7
186	7
187	7
188	7
189	7
190	7
191	7
192	7
193	7
194	7
195	7
196	7
197	7
198	7
199	7
200	7
201	7
202	7
203	7
204	7
205	7
206	7
207	7
208	11
209	11
210	11
211	11
212	11
213	11
214	11
215	11
216	11
217	11
218	11
219	11
220	11
221	11
222	11
223	11
224	11
225	11
226	2
227	2
228	2
229	2
230	2
231	2
232	2
233	2
234	2
235	2
236	11
237	11
238	11
239	11
240	11
241	11
242	11
243	11
244	11
245	11
246	11
247	11
248	7
249	7
250	7
251	7
252	7
253	7
254	7
255	7
256	7
257	7
258	7
259	7
260	7
261	6
262	6
263	6
264	6
265	6
266	6
267	6
268	2
269	6
270	6
271	6
272	6
273	6
274	6
275	6
276	6
277	6
278	2
279	2
280	6
281	2
282	6
283	2
284	6
285	6
286	6
287	6
288	6
289	6
290	6
291	2
292	6
293	6
294	6
295	6
296	6
297	6
298	6
299	6
300	6
301	6
302	7
303	7
304	7
305	7
306	1
307	11
308	1
309	1
310	1
311	1
312	1
313	1
314	1
316	12
317	12
318	12
319	12
320	12
321	12
322	12
323	12
324	12
325	12
326	12
327	12
328	12
329	12
330	12
331	11
332	1
333	1
334	11
335	1
336	1
337	12
338	12
339	12
340	1
341	1
342	1
343	1
344	11
345	1
346	11
347	1
348	1
349	1
350	1
351	11
352	11
353	1
354	1
355	1
356	2
357	2
358	2
359	2
360	2
361	2
362	2
363	2
364	2
365	2
366	2
367	2
368	2
369	1
370	1
371	1
372	1
373	1
374	1
375	1
376	1
377	11
378	1
379	1
380	11
381	11
382	11
383	1
384	11
385	1
386	11
387	1
388	1
389	12
390	12
391	12
392	12
393	12
394	1
395	1
396	1
397	1
398	12
399	12
400	12
401	12
402	12
403	11
404	11
405	11
406	11
407	11
408	11
409	3
410	3
411	3
412	3
413	3
414	3
415	3
416	3
417	3
418	3
419	3
420	3
421	3
422	3
423	3
424	3
425	9
426	9
427	9
428	9
429	9
430	9
431	9
432	9
433	3
434	3
435	3
436	3
437	3
438	3
439	3
440	3
441	3
442	3
443	3
444	3
445	3
446	9
447	9
448	9
449	9
450	9
451	3
452	3
453	3
454	9
455	9
456	9
457	3
458	3
459	3
460	3
461	3
462	3
463	9
464	9
465	9
466	9
467	9
468	9
469	9
470	9
471	9
472	9
473	3
474	3
475	6
476	6
477	2
478	2
479	2
480	2
481	2
482	2
483	2
484	11
485	11
486	2
487	2
488	2
489	6
490	6
491	6
492	6
493	6
494	6
495	2
496	2
497	2
498	11
499	2
500	2
501	2
502	11
503	2
504	2
505	2
506	11
507	11
508	11
509	11
510	11
511	11
512	11
513	11
514	11
515	11
516	11
517	11
518	11
519	11
520	11
521	11
522	5
523	5
524	5
525	5
526	7
527	7
528	5
529	5
530	5
531	5
532	5
533	5
534	5
535	5
536	5
537	5
538	7
539	7
540	7
541	7
542	7
543	7
544	7
545	7
546	7
547	7
548	7
549	7
550	7
551	7
552	7
553	7
554	7
555	7
556	7
557	7
558	7
559	11
560	11
561	11
562	11
563	11
564	11
565	7
566	7
567	7
568	7
569	7
570	5
571	5
572	5
573	5
574	5
575	5
576	5
577	5
578	5
579	5
580	5
581	7
582	7
583	7
584	7
585	7
586	7
587	6
588	2
589	2
590	2
591	2
592	6
593	2
594	2
595	6
596	2
597	2
598	2
599	6
600	6
601	2
602	2
603	7
604	7
605	7
606	7
607	7
608	7
609	7
610	7
611	7
612	7
613	7
614	7
615	7
616	7
617	6
618	6
619	2
620	2
621	2
622	2
623	2
624	6
625	2
626	6
627	6
628	6
629	6
630	2
631	2
632	6
633	2
634	6
635	2
636	6
637	6
638	2
639	7
640	7
641	7
642	7
643	7
644	7
645	7
646	7
647	7
648	7
649	7
650	7
651	7
652	7
653	7
654	7
655	7
656	7
657	6
658	6
659	6
660	6
661	3
662	3
663	3
664	3
665	3
666	3
667	3
668	3
669	3
670	2
671	2
672	2
673	2
674	2
675	11
676	2
677	2
678	2
679	2
680	3
681	3
682	3
683	3
684	3
685	3
686	3
687	3
688	3
689	3
690	3
691	3
692	3
693	3
694	3
695	3
696	3
697	2
698	2
699	2
700	11
701	2
702	11
703	2
704	2
705	2
706	2
707	11
708	2
709	2
710	2
711	2
712	11
713	11
714	3
715	3
716	11
717	11
718	2
719	11
720	2
721	11
722	11
723	11
724	11
725	11
726	11
727	11
728	11
729	11
730	11
731	11
732	4
733	4
734	4
735	4
736	4
737	6
738	9
739	9
740	9
741	9
742	9
743	6
744	6
745	4
746	4
747	4
748	4
749	4
750	4
751	4
752	4
753	4
754	4
755	4
756	4
757	4
758	4
759	4
760	4
761	4
762	4
763	4
764	4
765	4
766	6
767	9
768	6
769	9
770	4
771	4
772	6
773	6
774	6
775	9
776	6
777	6
778	9
779	9
780	6
781	6
782	6
783	9
784	9
785	11
786	9
787	6
788	6
789	6
790	6
791	11
792	11
793	11
794	11
795	11
796	11
797	11
798	11
799	11
800	11
801	6
802	6
803	6
804	6
805	11
806	11
807	11
808	6
809	6
810	9
811	12
812	13
813	12
814	12
815	13
816	13
817	13
818	13
819	13
820	13
821	12
822	13
823	12
824	13
825	13
826	13
827	13
828	13
829	13
830	12
831	12
832	13
833	13
834	12
835	12
836	12
837	12
838	12
839	13
840	12
841	13
842	12
843	12
844	13
845	13
846	13
847	13
848	13
849	13
850	13
851	13
852	12
853	12
854	13
855	13
856	13
857	13
858	7
859	7
860	7
861	7
862	7
863	7
864	7
865	7
866	7
867	7
868	7
869	7
870	7
871	12
872	12
873	13
874	13
875	13
876	13
877	13
878	13
879	13
880	13
881	12
882	12
883	12
884	12
885	12
886	12
887	13
888	13
889	13
890	13
891	13
892	13
893	12
894	12
895	12
896	12
897	13
898	13
899	13
900	13
901	13
902	12
903	12
904	12
905	12
906	13
907	13
908	13
909	13
910	13
911	13
912	13
913	13
914	12
915	12
916	13
917	12
918	13
919	13
920	13
921	13
922	13
923	13
924	13
925	12
926	13
927	12
928	12
929	12
930	12
931	12
932	13
933	13
934	13
935	12
936	12
937	13
938	13
939	13
940	13
941	13
942	12
943	13
944	13
945	13
946	13
947	12
948	12
949	12
950	13
951	13
952	13
953	13
954	13
955	13
956	13
957	12
958	12
959	13
960	13
961	13
962	13
963	12
964	12
965	12
966	13
967	13
968	13
969	12
970	13
971	13
972	12
973	12
974	13
975	13
976	12
977	12
978	13
979	13
980	13
981	13
982	12
983	12
984	12
985	2
986	2
987	2
988	2
989	2
990	2
991	2
992	2
993	2
994	2
995	2
996	2
997	2
998	2
999	2
1000	2
1001	2
1002	2
1003	2
1004	2
1005	2
1006	2
1007	12
1008	12
1009	2
1010	12
1011	12
1012	12
1013	12
1014	12
1015	12
1016	12
1017	4
1018	12
1019	12
1020	12
1021	12
1022	12
1023	12
1024	12
1025	12
1026	12
1027	4
1028	12
1029	12
1030	12
1031	12
1032	12
1033	12
1034	12
1035	12
1036	12
1037	4
1038	12
1039	12
1040	12
1041	12
1042	4
1043	12
1044	12
1045	12
1046	12
1047	12
1048	12
1049	12
1050	12
1051	12
1052	12
1053	12
1054	12
1055	12
1056	4
1057	12
1058	12
1059	12
1060	12
1061	12
1062	12
1063	12
1064	12
1065	4
1066	4
1067	4
1068	12
1069	12
1070	4
1071	12
1072	12
1073	12
1074	12
1075	7
1076	7
1077	7
1078	7
1079	7
1080	7
1081	7
1082	7
1083	7
1084	7
1085	7
1086	7
1087	6
1088	6
1089	6
1090	6
1091	6
1092	6
1093	6
1094	11
1095	11
1096	11
1097	11
1098	11
1099	11
1100	11
1101	11
1102	11
1103	11
1104	11
1105	11
1106	11
1107	1
1108	1
1109	1
1110	1
1111	1
1112	13
1113	1
1114	1
1115	1
1116	13
1117	1
1118	1
1119	1
1120	1
1121	1
1122	1
1123	1
1124	1
1125	1
1126	1
1127	1
1128	1
1129	1
1130	1
1131	1
1132	13
1133	1
1134	1
1135	1
1136	13
1137	13
1138	13
1139	13
1140	1
1141	1
1142	1
1143	13
1144	1
1145	1
1146	13
1147	13
1148	1
1149	1
1150	1
1151	1
1152	1
1153	1
1154	11
1155	11
1156	11
1157	11
1158	11
1159	11
1160	11
1161	11
1162	1
1163	1
1164	11
1165	1
1166	11
1167	11
1168	11
1169	12
1170	4
1171	12
1172	12
1173	12
1174	12
1175	4
1176	12
1177	12
1178	12
1179	12
1180	12
1181	12
1182	12
1183	12
1184	4
1185	12
1186	12
1187	12
1188	12
1189	12
1190	4
1191	12
1192	12
1193	12
1194	12
1195	12
1196	12
1197	12
1198	4
1199	12
1200	13
1201	13
1202	13
1203	13
1204	13
1205	13
1206	13
1207	13
1208	13
1209	13
1210	13
1211	13
1212	13
1213	13
1214	13
1215	13
1216	13
1217	13
1218	13
1219	13
1220	13
1221	13
1222	13
1223	13
1224	13
1225	13
1226	13
1227	13
1228	13
1229	13
1230	13
1231	13
1232	13
1233	13
1234	13
1235	13
1236	13
1237	13
1238	13
1239	13
1240	2
1241	2
1242	2
1243	2
1244	2
1245	2
1246	2
1247	2
1248	2
1249	2
1250	2
1251	2
1252	2
1253	4
1254	4
1255	4
1256	4
1257	4
1258	2
1259	2
1260	2
1261	2
1262	2
1263	2
1264	4
1265	4
1266	4
1267	4
1268	4
1269	4
1270	4
1271	4
1272	4
1273	4
1274	4
1275	4
1276	4
1277	4
1278	11
1279	11
1280	11
1281	2
1282	2
1283	2
1284	4
1285	4
1286	4
1287	4
1288	1
1289	1
1290	1
1291	1
1292	1
1293	1
1294	1
1295	1
1296	1
1297	1
1298	11
1299	1
1300	1
1301	1
1302	1
1303	7
1304	7
1305	7
1306	7
1307	7
1308	7
1309	7
1310	7
1311	7
1312	7
1313	7
1314	13
1315	13
1316	13
1317	13
1318	13
1319	13
1320	13
1321	13
1322	13
1323	13
1324	13
1325	13
1326	13
1327	13
1328	13
1329	13
1330	13
1331	13
1332	13
1333	13
1334	13
1335	13
1336	13
1337	13
1338	13
1339	13
1340	13
1341	13
1342	13
1343	13
1344	13
1345	13
1346	7
1347	7
1348	7
1349	7
1350	7
1351	7
1352	7
1353	7
1354	7
1355	7
1356	7
1357	7
1358	7
1359	7
1360	7
1361	7
1362	7
1363	13
1364	13
1365	13
1366	13
1367	13
1368	13
1369	13
1370	13
1371	13
1372	13
1373	13
1374	13
1375	13
1376	13
1377	13
1378	13
1379	13
1380	13
1381	11
1382	11
1383	11
1384	11
1385	11
1386	11
1387	11
1388	11
1389	11
1390	11
1391	11
1392	11
1393	11
1394	11
1395	11
1396	11
1397	3
1398	7
1399	7
1400	7
1401	3
1402	7
1403	7
1404	3
1405	7
1406	7
1407	7
1408	7
1409	7
1410	3
1411	7
1412	7
1413	7
1414	7
1415	7
1416	7
1417	3
1418	3
1419	7
1420	3
1421	7
1422	3
1423	7
1424	7
1425	3
1426	3
1427	7
1428	5
1429	5
1430	5
1431	5
1432	5
1433	5
1434	5
1435	5
1436	5
1437	5
1438	5
1439	5
1440	5
1441	4
1442	4
1443	4
1444	4
1445	4
1446	4
1447	4
1448	4
1449	4
1450	4
1451	4
1452	4
1453	4
1454	4
1455	5
1456	5
1457	5
1458	5
1459	5
1460	5
1461	5
1462	5
1463	5
1464	5
1465	11
1466	11
1467	11
1468	11
1469	11
1470	11
1471	11
1472	11
1473	11
1474	11
1475	11
1476	11
1477	11
1478	11
1479	11
1480	11
1481	11
1482	11
1483	11
1484	11
1485	11
1486	11
1487	11
1488	11
1489	12
1490	12
1491	12
1492	12
1493	12
1494	12
1495	12
1496	12
1497	12
1498	12
1499	12
1500	12
1501	3
1502	3
1503	3
1504	3
1505	3
1506	3
1507	3
1508	3
1509	3
1510	3
1511	3
1512	3
1513	3
1514	3
1515	3
1516	3
1517	3
1518	3
1519	3
1520	3
1521	3
1522	3
1523	3
1524	3
1525	3
1526	3
1527	3
1528	3
1529	9
1530	9
1531	9
1532	9
1533	9
1534	9
1535	9
1536	9
1537	9
1538	9
1539	9
1540	9
1541	9
1542	9
1543	9
1544	9
1545	9
1546	9
1547	9
1548	9
1549	9
1550	9
1551	9
1552	9
1553	9
1554	9
1555	9
1556	9
1557	9
1558	9
1559	9
1560	9
1561	9
1562	9
1563	9
1564	9
1565	9
1566	9
1567	9
1568	9
1569	9
1570	9
1571	9
1572	9
1573	9
1574	9
1575	9
1576	4
1577	4
1578	4
1579	4
1580	4
1581	4
1582	4
1583	4
1584	4
1585	4
1586	4
1587	4
1588	4
1589	4
1590	4
1591	4
1592	4
1593	7
1594	7
1595	7
1596	7
1597	7
1598	7
1599	7
1600	7
1601	7
1602	9
1603	9
1604	5
1605	9
1606	9
1607	9
1608	5
1609	9
1610	5
1611	5
1612	5
1613	9
1614	9
1615	9
1616	9
1617	9
1618	11
1619	11
1620	11
1621	11
1622	11
1623	11
1624	11
1625	11
1626	11
1627	11
1628	11
1629	4
1630	4
1631	4
1632	4
1633	4
1634	4
1635	4
1636	4
1637	4
1638	4
1639	4
1640	4
1641	4
1642	4
1643	4
1644	11
1645	11
1646	11
1647	11
1648	11
1649	4
1650	4
1651	4
1652	4
1653	4
1654	4
1655	4
1656	4
1658	4
1659	4
1660	4
1661	4
1662	4
1663	4
1664	4
1665	4
1666	4
1667	4
1668	4
1669	4
1670	4
1671	4
1672	4
1673	11
1674	4
1675	4
1676	4
1677	11
1678	2
1679	2
1680	6
1681	6
1682	2
1683	2
1684	2
1685	4
1686	4
1687	4
1688	4
1689	4
1690	4
1691	4
1692	4
1693	4
1694	4
1695	4
1696	4
1697	4
1698	4
1699	4
1700	4
1701	3
1702	3
1703	10
1704	10
1705	4
1706	4
1707	4
1708	4
1709	3
1710	4
1711	4
1712	4
1713	11
1714	11
1715	11
1716	11
1717	11
1718	11
1719	11
1720	11
1721	11
1722	11
1723	11
1724	11
1725	4
1726	4
1727	4
1728	11
1729	3
1730	4
1731	4
1732	4
1733	4
1734	4
1735	4
1736	3
1737	3
1738	3
1739	3
1740	3
1741	4
1742	3
1743	3
1744	3
1745	3
1746	3
1747	3
1748	3
1749	3
1750	3
1751	3
1752	3
1753	3
1754	3
1755	3
1756	3
1757	11
1758	11
1759	11
1760	11
1761	3
1762	3
1763	3
1764	3
1765	3
1766	3
1767	3
1768	3
1769	3
1770	3
1771	3
1772	3
1773	3
1774	11
1775	11
1776	11
1777	11
1778	11
1779	11
1780	11
1781	11
1782	11
1783	11
1784	11
1785	11
1786	11
1787	3
1788	3
1789	3
1790	3
1791	3
1792	3
1793	3
1794	3
1795	11
1796	11
1797	11
1798	11
1799	3
1800	3
1801	3
1802	3
1803	3
1804	3
1805	3
1806	3
1807	3
1808	3
1809	5
1810	5
1811	5
1812	5
1813	5
1814	5
1815	5
1816	5
1817	5
1818	5
1819	5
1820	5
1821	5
1822	5
1823	5
1824	5
1825	5
1826	5
1827	5
1828	5
1829	5
1830	11
1831	11
1832	11
1833	11
1834	11
1835	5
1836	5
1837	11
1838	5
1839	5
1840	13
1841	13
1842	13
1843	13
1844	13
1845	5
1846	5
1847	5
1848	5
1849	5
1850	5
1851	5
1852	5
1853	5
1854	5
1855	5
1856	5
1857	11
1858	11
1859	11
1860	11
1861	11
1862	11
1863	5
1864	5
1865	5
1866	5
1867	5
1868	5
1869	5
1870	5
1871	5
1872	6
1873	6
1874	6
1875	6
1876	6
1877	6
1878	6
1879	6
1880	6
1881	6
1882	6
1883	6
1884	6
1885	6
1886	6
1887	6
1888	6
1889	6
1890	6
1891	6
1892	6
1893	6
1894	6
1895	7
1896	7
1897	7
1898	11
1899	11
1900	11
1901	11
1902	11
1903	11
1904	7
1905	7
1906	7
1907	7
1908	7
1909	7
1910	7
1911	7
1912	7
1913	7
1914	7
1915	7
1916	11
1917	11
1918	11
1919	11
1920	11
1921	11
1922	11
1923	11
1924	7
1925	7
1926	7
1927	7
1928	7
1929	7
1930	7
1931	7
1932	7
1933	7
1934	7
1935	7
1936	7
1937	7
1938	7
1939	7
1940	7
1941	7
1942	7
1943	7
1944	7
1945	7
1946	7
1947	7
1948	7
1949	7
1950	7
1951	7
1952	7
1953	7
1954	7
1955	7
1956	7
1957	7
1958	7
1959	7
1960	7
1961	7
1962	7
1963	7
1964	7
1965	7
1966	7
1967	7
1968	7
1969	7
1970	7
1971	7
1972	7
1973	7
1974	7
1975	7
1976	9
1977	9
1978	9
1979	9
1980	9
1981	9
1982	9
1983	9
1984	9
1985	9
1986	9
1987	9
1988	9
1989	9
1990	9
1991	9
1992	9
1993	9
1994	9
1995	9
1996	9
1997	9
1998	9
1999	9
2000	9
2001	9
2002	9
2003	9
2004	9
2005	9
2006	9
2007	9
2008	9
2009	9
2010	9
2011	9
2012	9
2013	9
2014	9
2015	9
2016	9
2017	6
2018	6
2019	6
2020	6
2021	6
2022	6
2023	6
2024	6
2025	6
2026	6
2027	6
2028	6
2029	6
2030	6
2031	9
2032	9
2033	6
2034	6
2035	6
2036	6
2037	6
2038	11
2039	11
2040	11
2041	11
2042	11
2043	6
2044	6
2045	6
2046	6
2047	6
2048	11
2049	11
2050	6
2051	6
2052	6
2053	6
2054	6
2055	6
2056	6
2057	6
2058	9
2059	9
2060	9
2061	9
2062	9
2063	9
2064	9
2065	9
2066	9
2067	9
2068	6
2069	6
2070	6
2071	6
2072	6
2073	6
2074	6
2075	6
2076	6
2077	6
2078	6
2079	6
2080	6
2081	6
2082	6
2083	6
2084	6
2085	6
2086	6
2087	6
2088	6
2089	4
2090	4
2091	4
2092	4
2093	4
2094	4
2095	4
2096	3
2097	3
2098	3
2099	3
2100	3
2101	3
2102	3
2103	3
2104	3
2105	3
2106	3
2107	3
2108	3
2109	3
2110	3
2111	3
2112	3
2113	10
2114	10
2115	10
2116	10
2117	10
2118	5
2119	5
2120	10
2121	10
2122	10
2123	5
2124	6
2125	10
2126	10
2127	10
2128	10
2129	10
2130	10
2131	10
2132	10
2133	5
2134	10
2135	10
2136	5
2137	5
2138	5
2139	10
2140	5
2141	10
2142	10
2143	10
2144	10
2145	10
2146	5
2147	5
2148	10
2149	5
2150	10
2151	10
2152	10
2153	10
2154	10
2155	10
2156	10
2157	10
2158	10
2159	10
2160	10
2161	10
2162	10
2163	10
2164	10
2165	10
2166	10
2167	10
2168	10
2169	10
2170	10
2171	10
2172	10
2173	10
2174	5
2175	5
2176	5
2177	5
2178	10
2179	10
2180	10
2181	10
2182	10
2183	10
2184	10
2185	10
2186	10
2187	10
2188	5
2189	10
2190	10
2191	10
2192	10
2193	10
2194	5
2195	10
2196	5
2197	5
2198	10
2199	5
2200	10
2201	10
2202	10
2203	10
2204	10
2205	10
2206	10
2207	10
2208	10
2209	10
2210	10
2211	10
2212	10
2213	10
2214	10
2215	5
2216	5
2217	10
2218	10
2219	10
2220	10
2221	10
2222	10
2223	5
2224	10
2225	10
2226	10
2227	10
2228	10
2229	10
2230	10
2231	10
2232	10
2233	5
2234	5
2235	10
2236	5
2237	5
2238	5
2239	10
2240	10
2241	10
2242	5
2243	5
2244	5
2245	5
2246	10
2247	10
2248	10
2249	10
2250	10
2251	10
2252	10
2253	5
2254	5
2255	5
2256	10
2257	10
2258	10
2259	10
2260	10
2261	10
2262	10
2263	10
2264	10
2265	10
2266	10
2267	10
2268	10
2269	5
2270	5
2271	10
2272	10
2273	10
2274	10
2275	10
2276	10
2277	5
2278	10
2279	10
2280	10
2281	10
2282	10
2283	5
2284	6
2285	6
2286	10
2287	10
2288	10
2289	10
2290	10
2291	10
2292	10
2293	10
2294	10
2295	10
2296	10
2297	10
2298	5
2299	5
2300	5
2301	10
2302	5
2303	10
2304	5
2305	10
2306	10
2307	10
2308	10
2309	6
2310	6
2311	6
2312	12
2313	12
2314	12
2315	12
2316	12
2317	12
2318	12
2319	12
2320	12
2321	12
2322	12
2323	12
2324	12
2325	12
2326	12
2327	12
2328	12
2329	12
2330	7
2331	7
2332	7
2333	7
2334	7
2335	7
2336	7
2337	7
2338	7
2339	7
2340	7
2341	7
2342	7
2343	7
2344	7
2345	7
2346	12
2347	12
2348	12
2349	12
2350	12
2351	12
2352	12
2353	12
2354	12
2355	12
2356	12
2357	12
2358	12
2359	12
2360	12
2361	12
2362	12
2363	12
2364	12
2365	12
2366	5
2367	5
2368	5
2369	5
2370	5
2371	5
2372	5
2373	5
2374	5
2375	5
2376	5
2377	5
2378	5
2379	5
2380	5
2381	5
2382	5
2383	5
2384	5
2385	5
2386	5
2387	5
2388	5
2389	5
2390	5
2391	5
2392	5
2393	5
2394	5
2395	5
2396	5
2397	5
2398	5
2399	5
2400	5
2401	5
2402	5
2403	5
2404	5
2405	5
2406	5
2407	5
2408	5
2409	5
2410	5
2411	5
2412	5
2413	5
2414	5
2415	1
2416	1
2417	1
2418	1
2419	8
2420	8
2421	8
2422	1
2423	1
2424	1
2425	1
2426	1
2427	8
2428	8
2429	8
2430	8
2431	8
2432	8
2433	1
2434	8
2435	1
2436	1
2437	1
2438	8
2439	8
2440	8
2441	8
2442	1
2443	1
2444	1
2445	8
2446	8
2447	8
2448	1
2449	8
2450	8
2451	8
2452	8
2453	8
2454	1
2455	1
2456	1
2457	1
2458	1
2459	1
2460	8
2461	8
2462	8
2463	8
2464	1
2465	8
2466	8
2467	1
2468	8
2469	8
2470	8
2471	8
2472	8
2473	8
2474	8
2475	8
2476	8
2477	1
2478	1
2479	8
2480	8
2481	1
2482	8
2483	8
2484	8
2485	8
2486	8
2487	1
2488	8
2489	8
2490	8
2491	8
2492	8
2493	8
2494	1
2495	8
2496	1
2497	1
2498	1
2499	1
2500	8
2501	8
2502	1
2503	1
2504	1
2505	1
2506	1
2507	1
2508	1
2509	1
2510	1
2511	1
2512	1
2513	1
2514	1
2515	8
2516	8
2517	8
2518	8
2519	8
2520	8
2521	8
2522	8
2523	8
2524	8
2525	8
2526	8
2527	8
2528	1
2529	8
2530	8
2531	8
2532	8
2533	8
2534	8
2535	8
2536	8
2537	8
2538	8
2539	8
2540	8
2541	8
2542	8
2543	1
2544	8
2545	8
2546	8
2547	8
2548	8
2549	1
2550	8
2551	8
2552	8
2553	8
2554	8
2555	8
2556	8
2557	8
2558	1
2559	1
2560	1
2561	1
2562	1
2563	8
2564	1
2565	8
2566	8
2567	8
2568	8
2569	1
2570	1
2571	1
2572	1
2573	1
2574	8
2575	8
2576	8
2577	8
2578	8
2579	8
2580	8
2581	8
2582	8
2583	8
2584	8
2585	1
2586	1
2587	8
2588	8
2589	8
2590	8
2591	1
2592	8
2593	1
2594	1
2595	1
2596	1
2597	1
2598	1
2599	1
2600	8
2601	8
2602	8
2603	8
2604	8
2605	8
2606	6
2607	6
2608	6
2609	6
2610	6
2611	6
2612	6
2613	6
2614	6
2615	6
2616	6
2617	6
2618	6
2619	6
2620	6
2621	6
2622	6
2623	6
2624	6
2625	6
2626	6
2627	6
2628	6
2629	6
2630	6
2631	6
2632	6
2633	6
2634	6
2635	6
2636	6
2637	6
2638	6
2639	6
2640	2
2641	2
2642	9
2643	9
2644	9
2645	2
2646	2
2647	2
2648	2
2649	2
2650	2
2651	2
2652	2
2653	2
2654	2
2655	2
2656	9
2657	2
2658	9
2659	9
2660	9
2661	2
2662	2
2663	9
2664	2
2665	9
2666	2
2667	2
2668	2
2669	2
2670	2
2671	2
2672	2
2673	2
2674	2
2675	2
2676	2
2677	2
2678	2
2679	2
2680	2
2681	2
2682	2
2683	9
2684	9
2685	2
2686	2
2687	9
2688	7
2689	7
2690	7
2691	7
315	12
1657	4
