0	3
1	3
2	3
3	3
4	3
5	3
6	3
7	4
8	4
9	4
10	4
11	4
12	4
13	4
14	4
15	4
16	4
17	4
18	4
19	4
20	4
21	7
22	7
23	7
24	7
25	7
26	7
27	7
28	7
29	2
30	2
31	2
32	2
33	2
34	2
35	2
36	2
37	2
38	2
39	2
40	2
41	2
42	2
43	2
44	2
45	2
46	2
47	2
48	2
49	2
50	2
51	2
52	2
53	1
54	1
55	1
56	1
57	1
58	2
59	2
60	2
61	2
62	2
63	2
64	2
65	1
66	1
67	1
68	1
69	1
70	1
71	7
72	7
73	7
74	7
75	2
76	2
77	2
78	2
79	2
80	2
81	2
82	2
83	10
84	10
85	10
86	10
87	10
88	10
89	10
90	10
91	10
92	10
93	10
94	10
95	10
96	4
97	4
98	4
99	4
100	4
101	4
102	4
103	4
104	4
105	4
106	4
107	4
108	4
109	4
110	4
111	4
112	4
113	4
114	4
115	4
116	4
117	4
118	4
119	4
120	4
121	4
122	4
123	4
124	4
125	4
126	4
127	4
128	4
129	13
130	13
131	13
132	13
133	13
134	13
135	13
136	13
137	13
138	13
139	6
140	13
141	6
142	6
143	13
144	13
145	13
146	13
147	6
148	13
149	13
150	13
151	13
152	13
153	13
154	6
155	13
156	13
157	6
158	6
159	6
160	6
161	6
162	6
163	13
164	13
165	6
166	13
167	13
168	13
169	13
170	13
171	13
172	13
173	13
174	13
175	13
176	13
177	13
178	13
179	13
180	13
181	13
182	13
183	2
184	2
185	2
186	2
187	2
188	2
189	2
190	2
191	2
192	2
193	2
194	2
195	2
196	2
197	2
198	2
199	2
200	2
201	2
202	2
203	2
204	2
205	2
206	2
207	2
208	7
209	7
210	7
211	7
212	7
213	7
214	7
215	7
216	7
217	7
218	7
219	7
220	7
221	7
222	7
223	7
224	7
225	7
226	13
227	13
228	13
229	13
230	13
231	13
232	13
233	13
234	13
235	13
236	7
237	7
238	7
239	7
240	7
241	7
242	7
243	7
244	7
245	7
246	7
247	7
248	2
249	2
250	2
251	2
252	2
253	2
254	2
255	2
256	2
257	2
258	2
259	2
260	2
261	11
262	11
263	11
264	11
265	11
266	11
267	11
268	11
269	11
270	11
271	11
272	11
273	11
274	11
275	11
276	11
277	11
278	11
279	11
280	11
281	11
282	11
283	11
284	11
285	11
286	11
287	11
288	11
289	11
290	11
291	11
292	11
293	11
294	11
295	11
296	11
297	11
298	11
299	11
300	11
301	11
302	2
303	2
304	2
305	2
306	1
307	1
308	1
309	1
310	1
311	1
312	1
313	1
314	1
316	12
317	12
318	12
319	12
320	12
321	12
322	12
323	12
324	12
325	12
326	12
327	12
328	12
329	12
330	12
331	1
332	1
333	1
334	1
335	1
336	1
337	12
338	12
339	12
340	1
341	1
342	1
343	1
344	1
345	1
346	1
347	1
348	1
349	1
350	1
351	1
352	1
353	1
354	1
355	1
356	10
357	10
358	10
359	10
360	10
361	10
362	10
363	10
364	10
365	10
366	10
367	10
368	10
369	1
370	1
371	1
372	1
373	1
374	1
375	1
376	1
377	1
378	1
379	1
380	1
381	1
382	1
383	1
384	1
385	1
386	1
387	1
388	1
389	12
390	12
391	12
392	12
393	12
394	1
395	1
396	1
397	1
398	12
399	12
400	12
401	12
402	12
403	7
404	7
405	7
406	7
407	7
408	7
409	3
410	3
411	3
412	3
413	3
414	3
415	3
416	3
417	3
418	3
419	3
420	3
421	3
422	3
423	3
424	3
425	13
426	13
427	13
428	13
429	13
430	13
431	13
432	13
433	3
434	3
435	3
436	3
437	3
438	3
439	3
440	3
441	3
442	3
443	3
444	3
445	3
446	13
447	13
448	13
449	13
450	13
451	3
452	3
453	3
454	13
455	13
456	13
457	3
458	3
459	3
460	3
461	3
462	3
463	13
464	13
465	13
466	13
467	13
468	13
469	13
470	13
471	13
472	13
473	3
474	3
475	11
476	11
477	13
478	13
479	13
480	13
481	13
482	13
483	13
484	7
485	7
486	13
487	13
488	13
489	11
490	11
491	11
492	11
493	11
494	11
495	13
496	13
497	13
498	7
499	13
500	13
501	13
502	7
503	13
504	13
505	13
506	7
507	7
508	7
509	7
510	7
511	7
512	7
513	7
514	7
515	7
516	7
517	7
518	7
519	7
520	7
521	7
522	9
523	9
524	9
525	9
526	3
527	3
528	9
529	9
530	9
531	9
532	9
533	9
534	9
535	9
536	9
537	9
538	3
539	3
540	3
541	3
542	3
543	3
544	3
545	3
546	3
547	3
548	3
549	3
550	3
551	3
552	3
553	3
554	3
555	3
556	3
557	3
558	3
559	7
560	7
561	7
562	7
563	7
564	7
565	3
566	3
567	3
568	3
569	3
570	9
571	9
572	9
573	9
574	9
575	9
576	9
577	9
578	9
579	9
580	9
581	3
582	3
583	3
584	3
585	3
586	3
587	7
588	7
589	7
590	7
591	7
592	7
593	7
594	7
595	7
596	7
597	7
598	7
599	7
600	7
601	7
602	7
603	2
604	2
605	2
606	2
607	2
608	2
609	2
610	2
611	2
612	2
613	2
614	2
615	2
616	2
617	7
618	7
619	7
620	7
621	7
622	7
623	7
624	7
625	7
626	7
627	7
628	7
629	7
630	7
631	7
632	7
633	7
634	7
635	7
636	7
637	7
638	7
639	2
640	2
641	2
642	2
643	2
644	2
645	2
646	2
647	2
648	2
649	2
650	2
651	2
652	2
653	2
654	2
655	2
656	2
657	11
658	11
659	11
660	11
661	3
662	3
663	3
664	3
665	3
666	3
667	3
668	3
669	3
670	13
671	13
672	13
673	13
674	13
675	13
676	13
677	13
678	13
679	13
680	3
681	3
682	3
683	3
684	3
685	3
686	3
687	3
688	3
689	3
690	3
691	3
692	3
693	3
694	3
695	3
696	3
697	13
698	13
699	13
700	13
701	13
702	13
703	13
704	13
705	13
706	13
707	13
708	13
709	13
710	13
711	13
712	13
713	13
714	3
715	3
716	11
717	11
718	13
719	13
720	13
721	11
722	11
723	11
724	11
725	11
726	11
727	11
728	11
729	11
730	11
731	11
732	12
733	2
734	12
735	12
736	12
737	13
738	13
739	13
740	13
741	11
742	11
743	11
744	11
745	12
746	12
747	12
748	12
749	12
750	12
751	12
752	12
753	12
754	12
755	12
756	2
757	2
758	12
759	12
760	12
761	12
762	12
763	12
764	12
765	12
766	11
767	11
768	11
769	11
770	12
771	2
772	11
773	11
774	11
775	11
776	11
777	11
778	11
779	11
780	11
781	11
782	11
783	11
784	11
785	7
786	11
787	11
788	11
789	11
790	11
791	7
792	7
793	7
794	7
795	7
796	7
797	7
798	7
799	7
800	7
801	11
802	11
803	11
804	11
805	7
806	7
807	7
808	11
809	11
810	11
811	8
812	12
813	8
814	8
815	8
816	8
817	8
818	12
819	12
820	12
821	8
822	8
823	8
824	8
825	8
826	8
827	12
828	8
829	12
830	8
831	8
832	8
833	8
834	8
835	8
836	8
837	8
838	8
839	8
840	8
841	8
842	8
843	8
844	8
845	8
846	8
847	12
848	12
849	8
850	12
851	12
852	8
853	8
854	8
855	8
856	12
857	12
858	2
859	2
860	2
861	2
862	2
863	2
864	2
865	2
866	2
867	2
868	2
869	2
870	2
871	8
872	8
873	8
874	8
875	8
876	8
877	8
878	8
879	8
880	8
881	8
882	8
883	8
884	8
885	8
886	8
887	8
888	12
889	8
890	8
891	8
892	12
893	8
894	8
895	8
896	8
897	8
898	8
899	12
900	12
901	12
902	8
903	8
904	8
905	8
906	8
907	8
908	12
909	8
910	12
911	12
912	12
913	12
914	8
915	8
916	8
917	8
918	8
919	8
920	12
921	12
922	12
923	12
924	8
925	8
926	8
927	8
928	8
929	8
930	12
931	12
932	12
933	12
934	8
935	8
936	8
937	8
938	8
939	12
940	12
941	8
942	12
943	8
944	12
945	12
946	8
947	12
948	8
949	12
950	8
951	12
952	12
953	8
954	12
955	12
956	12
957	8
958	8
959	8
960	8
961	12
962	12
963	8
964	8
965	8
966	12
967	8
968	8
969	8
970	8
971	8
972	8
973	8
974	12
975	12
976	8
977	8
978	8
979	8
980	8
981	8
982	12
983	12
984	12
985	13
986	13
987	13
988	13
989	13
990	13
991	13
992	13
993	13
994	13
995	13
996	13
997	13
998	13
999	13
1000	13
1001	13
1002	13
1003	13
1004	13
1005	13
1006	13
1007	12
1008	12
1009	13
1010	12
1011	12
1012	12
1013	12
1014	12
1015	12
1016	12
1017	12
1018	12
1019	12
1020	12
1021	12
1022	12
1023	12
1024	12
1025	12
1026	12
1027	12
1028	12
1029	12
1030	12
1031	12
1032	12
1033	12
1034	12
1035	12
1036	12
1037	12
1038	12
1039	12
1040	12
1041	12
1042	12
1043	12
1044	12
1045	12
1046	12
1047	12
1048	12
1049	12
1050	12
1051	12
1052	12
1053	12
1054	12
1055	12
1056	12
1057	12
1058	12
1059	12
1060	12
1061	12
1062	12
1063	12
1064	12
1065	12
1066	12
1067	12
1068	12
1069	12
1070	12
1071	12
1072	12
1073	12
1074	12
1075	2
1076	2
1077	2
1078	2
1079	2
1080	2
1081	2
1082	2
1083	2
1084	2
1085	2
1086	2
1087	11
1088	11
1089	11
1090	11
1091	11
1092	11
1093	11
1094	7
1095	7
1096	7
1097	7
1098	7
1099	7
1100	7
1101	7
1102	7
1103	7
1104	7
1105	7
1106	7
1107	8
1108	8
1109	8
1110	8
1111	8
1112	8
1113	8
1114	1
1115	8
1116	8
1117	8
1118	1
1119	8
1120	8
1121	8
1122	1
1123	8
1124	1
1125	1
1126	8
1127	8
1128	8
1129	8
1130	8
1131	1
1132	8
1133	1
1134	8
1135	8
1136	8
1137	8
1138	8
1139	8
1140	8
1141	8
1142	8
1143	8
1144	8
1145	8
1146	1
1147	1
1148	8
1149	8
1150	8
1151	8
1152	8
1153	1
1154	1
1155	1
1156	1
1157	1
1158	1
1159	1
1160	1
1161	1
1162	1
1163	1
1164	1
1165	1
1166	1
1167	1
1168	1
1169	12
1170	12
1171	12
1172	12
1173	12
1174	12
1175	12
1176	12
1177	12
1178	12
1179	12
1180	12
1181	12
1182	12
1183	12
1184	12
1185	12
1186	12
1187	12
1188	12
1189	12
1190	12
1191	12
1192	12
1193	12
1194	12
1195	12
1196	12
1197	12
1198	12
1199	12
1200	4
1201	4
1202	4
1203	4
1204	4
1205	4
1206	4
1207	4
1208	4
1209	4
1210	4
1211	4
1212	4
1213	4
1214	4
1215	4
1216	4
1217	4
1218	4
1219	4
1220	4
1221	4
1222	4
1223	4
1224	4
1225	4
1226	4
1227	4
1228	4
1229	4
1230	4
1231	4
1232	4
1233	4
1234	4
1235	4
1236	4
1237	4
1238	4
1239	4
1240	13
1241	13
1242	13
1243	13
1244	13
1245	13
1246	13
1247	13
1248	13
1249	13
1250	13
1251	13
1252	13
1253	2
1254	2
1255	2
1256	2
1257	2
1258	13
1259	13
1260	13
1261	13
1262	13
1263	13
1264	2
1265	2
1266	2
1267	2
1268	2
1269	2
1270	2
1271	2
1272	2
1273	2
1274	2
1275	2
1276	2
1277	2
1278	7
1279	7
1280	7
1281	13
1282	13
1283	13
1284	2
1285	2
1286	2
1287	2
1288	1
1289	7
1290	7
1291	7
1292	7
1293	7
1294	7
1295	7
1296	7
1297	7
1298	7
1299	1
1300	7
1301	7
1302	7
1303	2
1304	2
1305	2
1306	2
1307	2
1308	2
1309	2
1310	2
1311	2
1312	2
1313	2
1314	8
1315	8
1316	8
1317	8
1318	8
1319	8
1320	8
1321	8
1322	8
1323	8
1324	8
1325	8
1326	8
1327	8
1328	8
1329	8
1330	8
1331	8
1332	8
1333	8
1334	8
1335	8
1336	8
1337	8
1338	8
1339	8
1340	8
1341	8
1342	8
1343	8
1344	8
1345	8
1346	2
1347	3
1348	3
1349	3
1350	2
1351	2
1352	3
1353	2
1354	3
1355	3
1356	2
1357	3
1358	3
1359	3
1360	3
1361	2
1362	2
1363	6
1364	6
1365	6
1366	6
1367	6
1368	6
1369	6
1370	6
1371	6
1372	6
1373	6
1374	6
1375	6
1376	6
1377	6
1378	6
1379	6
1380	6
1381	7
1382	7
1383	7
1384	7
1385	7
1386	7
1387	7
1388	7
1389	7
1390	7
1391	7
1392	7
1393	7
1394	7
1395	7
1396	7
1397	2
1398	2
1399	2
1400	2
1401	2
1402	2
1403	2
1404	2
1405	2
1406	2
1407	2
1408	2
1409	2
1410	2
1411	2
1412	2
1413	2
1414	2
1415	2
1416	2
1417	2
1418	2
1419	2
1420	2
1421	2
1422	2
1423	2
1424	2
1425	2
1426	2
1427	2
1428	9
1429	9
1430	9
1431	9
1432	9
1433	9
1434	9
1435	9
1436	9
1437	9
1438	9
1439	9
1440	9
1441	4
1442	4
1443	4
1444	4
1445	4
1446	4
1447	4
1448	4
1449	4
1450	4
1451	4
1452	4
1453	4
1454	4
1455	9
1456	9
1457	9
1458	9
1459	9
1460	9
1461	9
1462	9
1463	9
1464	9
1465	7
1466	7
1467	7
1468	7
1469	7
1470	7
1471	7
1472	7
1473	7
1474	7
1475	7
1476	7
1477	7
1478	7
1479	7
1480	7
1481	7
1482	7
1483	7
1484	7
1485	7
1486	7
1487	7
1488	7
1489	12
1490	12
1491	12
1492	12
1493	12
1494	12
1495	12
1496	12
1497	12
1498	12
1499	12
1500	12
1501	3
1502	3
1503	3
1504	3
1505	3
1506	3
1507	3
1508	3
1509	3
1510	3
1511	3
1512	3
1513	3
1514	3
1515	3
1516	3
1517	3
1518	3
1519	3
1520	3
1521	3
1522	3
1523	3
1524	3
1525	3
1526	3
1527	3
1528	3
1529	13
1530	13
1531	13
1532	13
1533	13
1534	13
1535	13
1536	13
1537	13
1538	13
1539	13
1540	13
1541	13
1542	13
1543	13
1544	13
1545	13
1546	13
1547	13
1548	13
1549	13
1550	13
1551	13
1552	10
1553	10
1554	10
1555	10
1556	10
1557	10
1558	10
1559	10
1560	10
1561	10
1562	10
1563	10
1564	10
1565	10
1566	10
1567	10
1568	10
1569	10
1570	10
1571	10
1572	10
1573	10
1574	10
1575	10
1576	2
1577	2
1578	2
1579	2
1580	2
1581	2
1582	2
1583	2
1584	2
1585	2
1586	2
1587	2
1588	2
1589	2
1590	2
1591	2
1592	2
1593	2
1594	2
1595	2
1596	2
1597	2
1598	2
1599	2
1600	2
1601	2
1602	9
1603	9
1604	9
1605	9
1606	9
1607	9
1608	9
1609	9
1610	9
1611	9
1612	9
1613	9
1614	9
1615	9
1616	9
1617	9
1618	7
1619	7
1620	7
1621	7
1622	7
1623	7
1624	7
1625	7
1626	7
1627	7
1628	7
1629	12
1630	4
1631	4
1632	4
1633	4
1634	4
1635	4
1636	4
1637	4
1638	4
1639	4
1640	4
1641	4
1642	4
1643	4
1644	7
1645	7
1646	7
1647	7
1648	7
1649	4
1650	4
1651	4
1652	4
1653	4
1654	4
1655	4
1656	4
1658	4
1659	4
1660	4
1661	4
1662	4
1663	4
1664	4
1665	4
1666	4
1667	4
1668	4
1669	4
1670	4
1671	4
1672	4
1673	7
1674	4
1675	4
1676	4
1677	7
1678	11
1679	11
1680	11
1681	11
1682	11
1683	11
1684	11
1685	12
1686	12
1687	12
1688	12
1689	12
1690	12
1691	12
1692	12
1693	12
1694	12
1695	12
1696	12
1697	12
1698	12
1699	12
1700	12
1701	4
1702	4
1703	5
1704	5
1705	4
1706	4
1707	4
1708	4
1709	3
1710	4
1711	4
1712	4
1713	7
1714	7
1715	7
1716	7
1717	7
1718	7
1719	7
1720	7
1721	7
1722	7
1723	7
1724	7
1725	4
1726	4
1727	4
1728	7
1729	4
1730	4
1731	4
1732	4
1733	4
1734	4
1735	4
1736	3
1737	3
1738	3
1739	3
1740	3
1741	4
1742	5
1743	5
1744	5
1745	5
1746	3
1747	5
1748	5
1749	5
1750	5
1751	5
1752	5
1753	3
1754	5
1755	3
1756	5
1757	7
1758	7
1759	7
1760	7
1761	3
1762	5
1763	5
1764	5
1765	5
1766	3
1767	5
1768	5
1769	3
1770	3
1771	5
1772	5
1773	3
1774	7
1775	7
1776	7
1777	7
1778	7
1779	7
1780	7
1781	7
1782	7
1783	7
1784	7
1785	7
1786	7
1787	5
1788	5
1789	5
1790	3
1791	5
1792	3
1793	5
1794	5
1795	7
1796	7
1797	7
1798	7
1799	5
1800	3
1801	3
1802	5
1803	5
1804	5
1805	5
1806	5
1807	5
1808	5
1809	4
1810	4
1811	4
1812	4
1813	4
1814	4
1815	4
1816	4
1817	4
1818	4
1819	4
1820	4
1821	9
1822	4
1823	9
1824	4
1825	4
1826	4
1827	4
1828	4
1829	4
1830	7
1831	7
1832	7
1833	7
1834	7
1835	4
1836	4
1837	7
1838	4
1839	4
1840	10
1841	10
1842	10
1843	10
1844	10
1845	4
1846	4
1847	4
1848	4
1849	4
1850	9
1851	4
1852	4
1853	9
1854	4
1855	4
1856	4
1857	7
1858	7
1859	7
1860	7
1861	7
1862	7
1863	4
1864	4
1865	4
1866	9
1867	9
1868	4
1869	9
1870	4
1871	4
1872	11
1873	11
1874	11
1875	11
1876	11
1877	11
1878	11
1879	11
1880	11
1881	11
1882	11
1883	11
1884	11
1885	11
1886	11
1887	11
1888	11
1889	11
1890	11
1891	11
1892	11
1893	11
1894	11
1895	2
1896	2
1897	3
1898	1
1899	1
1900	1
1901	1
1902	1
1903	1
1904	2
1905	2
1906	2
1907	2
1908	3
1909	2
1910	2
1911	2
1912	2
1913	3
1914	3
1915	2
1916	1
1917	1
1918	1
1919	1
1920	1
1921	1
1922	1
1923	1
1924	3
1925	3
1926	3
1927	3
1928	3
1929	2
1930	3
1931	2
1932	3
1933	2
1934	2
1935	3
1936	2
1937	3
1938	2
1939	2
1940	3
1941	2
1942	3
1943	2
1944	2
1945	2
1946	3
1947	2
1948	3
1949	2
1950	2
1951	3
1952	3
1953	2
1954	2
1955	2
1956	2
1957	3
1958	2
1959	3
1960	2
1961	2
1962	2
1963	2
1964	2
1965	3
1966	2
1967	2
1968	2
1969	2
1970	2
1971	2
1972	3
1973	2
1974	2
1975	2
1976	10
1977	10
1978	10
1979	10
1980	10
1981	13
1982	13
1983	10
1984	13
1985	13
1986	13
1987	10
1988	10
1989	10
1990	10
1991	13
1992	10
1993	10
1994	10
1995	13
1996	10
1997	10
1998	10
1999	10
2000	10
2001	10
2002	10
2003	10
2004	10
2005	10
2006	10
2007	10
2008	10
2009	13
2010	10
2011	13
2012	13
2013	10
2014	10
2015	10
2016	10
2017	11
2018	11
2019	11
2020	11
2021	11
2022	11
2023	11
2024	13
2025	11
2026	11
2027	11
2028	11
2029	11
2030	13
2031	13
2032	13
2033	13
2034	13
2035	13
2036	13
2037	11
2038	7
2039	7
2040	7
2041	7
2042	7
2043	11
2044	11
2045	11
2046	13
2047	13
2048	7
2049	7
2050	11
2051	13
2052	13
2053	11
2054	11
2055	13
2056	11
2057	13
2058	10
2059	10
2060	10
2061	10
2062	10
2063	10
2064	10
2065	10
2066	10
2067	10
2068	11
2069	11
2070	11
2071	11
2072	11
2073	7
2074	11
2075	11
2076	11
2077	7
2078	7
2079	11
2080	7
2081	11
2082	7
2083	11
2084	11
2085	11
2086	11
2087	11
2088	11
2089	12
2090	12
2091	12
2092	12
2093	12
2094	12
2095	12
2096	3
2097	3
2098	3
2099	3
2100	3
2101	3
2102	3
2103	3
2104	3
2105	3
2106	3
2107	3
2108	3
2109	3
2110	3
2111	3
2112	3
2113	9
2114	9
2115	5
2116	5
2117	5
2118	9
2119	9
2120	5
2121	5
2122	9
2123	9
2124	11
2125	5
2126	5
2127	5
2128	5
2129	5
2130	9
2131	5
2132	5
2133	9
2134	9
2135	5
2136	9
2137	9
2138	9
2139	9
2140	9
2141	5
2142	9
2143	9
2144	9
2145	9
2146	9
2147	9
2148	9
2149	9
2150	5
2151	5
2152	5
2153	5
2154	9
2155	9
2156	9
2157	9
2158	5
2159	9
2160	5
2161	5
2162	5
2163	5
2164	5
2165	5
2166	9
2167	9
2168	9
2169	5
2170	5
2171	9
2172	5
2173	9
2174	9
2175	9
2176	9
2177	9
2178	5
2179	5
2180	5
2181	5
2182	5
2183	5
2184	5
2185	5
2186	5
2187	5
2188	9
2189	5
2190	5
2191	5
2192	5
2193	5
2194	9
2195	9
2196	9
2197	9
2198	5
2199	9
2200	5
2201	9
2202	9
2203	9
2204	5
2205	5
2206	5
2207	5
2208	5
2209	5
2210	5
2211	9
2212	9
2213	5
2214	5
2215	9
2216	9
2217	5
2218	5
2219	5
2220	5
2221	5
2222	9
2223	9
2224	5
2225	5
2226	5
2227	5
2228	9
2229	9
2230	5
2231	5
2232	5
2233	9
2234	9
2235	5
2236	9
2237	9
2238	9
2239	5
2240	5
2241	9
2242	9
2243	9
2244	9
2245	9
2246	5
2247	5
2248	5
2249	5
2250	5
2251	5
2252	5
2253	9
2254	9
2255	9
2256	5
2257	5
2258	5
2259	5
2260	5
2261	5
2262	5
2263	5
2264	5
2265	5
2266	9
2267	5
2268	5
2269	9
2270	9
2271	9
2272	5
2273	9
2274	5
2275	5
2276	5
2277	9
2278	9
2279	9
2280	5
2281	5
2282	9
2283	9
2284	11
2285	11
2286	9
2287	9
2288	5
2289	5
2290	5
2291	5
2292	5
2293	5
2294	5
2295	5
2296	5
2297	9
2298	9
2299	9
2300	9
2301	5
2302	9
2303	9
2304	9
2305	5
2306	5
2307	5
2308	5
2309	11
2310	11
2311	11
2312	8
2313	8
2314	8
2315	8
2316	8
2317	8
2318	8
2319	8
2320	8
2321	8
2322	8
2323	8
2324	8
2325	8
2326	8
2327	8
2328	8
2329	8
2330	2
2331	2
2332	2
2333	2
2334	2
2335	2
2336	2
2337	2
2338	2
2339	2
2340	2
2341	2
2342	2
2343	2
2344	2
2345	2
2346	8
2347	8
2348	8
2349	8
2350	8
2351	8
2352	8
2353	8
2354	8
2355	8
2356	8
2357	8
2358	8
2359	8
2360	8
2361	8
2362	8
2363	8
2364	8
2365	8
2366	9
2367	9
2368	9
2369	9
2370	9
2371	9
2372	9
2373	9
2374	9
2375	9
2376	9
2377	9
2378	9
2379	9
2380	9
2381	9
2382	9
2383	9
2384	9
2385	9
2386	9
2387	9
2388	9
2389	9
2390	9
2391	9
2392	9
2393	9
2394	9
2395	9
2396	9
2397	9
2398	9
2399	9
2400	9
2401	9
2402	9
2403	9
2404	9
2405	9
2406	9
2407	9
2408	9
2409	9
2410	9
2411	9
2412	9
2413	9
2414	9
2415	1
2416	1
2417	1
2418	1
2419	6
2420	6
2421	6
2422	1
2423	1
2424	1
2425	1
2426	1
2427	6
2428	6
2429	6
2430	6
2431	1
2432	1
2433	1
2434	1
2435	1
2436	1
2437	1
2438	6
2439	6
2440	1
2441	1
2442	1
2443	1
2444	1
2445	1
2446	1
2447	1
2448	1
2449	6
2450	6
2451	6
2452	6
2453	6
2454	6
2455	1
2456	6
2457	1
2458	6
2459	1
2460	1
2461	1
2462	1
2463	6
2464	1
2465	1
2466	1
2467	1
2468	6
2469	6
2470	6
2471	6
2472	6
2473	1
2474	1
2475	1
2476	6
2477	1
2478	1
2479	6
2480	6
2481	1
2482	6
2483	6
2484	6
2485	6
2486	6
2487	6
2488	6
2489	6
2490	6
2491	6
2492	6
2493	6
2494	6
2495	6
2496	6
2497	6
2498	1
2499	1
2500	6
2501	6
2502	1
2503	1
2504	1
2505	1
2506	1
2507	1
2508	6
2509	6
2510	1
2511	1
2512	1
2513	6
2514	1
2515	6
2516	6
2517	6
2518	6
2519	6
2520	6
2521	6
2522	6
2523	6
2524	1
2525	6
2526	6
2527	6
2528	1
2529	6
2530	6
2531	6
2532	6
2533	6
2534	6
2535	6
2536	6
2537	6
2538	6
2539	6
2540	6
2541	6
2542	1
2543	1
2544	6
2545	6
2546	6
2547	1
2548	1
2549	1
2550	6
2551	6
2552	6
2553	6
2554	6
2555	6
2556	6
2557	6
2558	1
2559	1
2560	1
2561	1
2562	6
2563	6
2564	1
2565	6
2566	1
2567	1
2568	6
2569	6
2570	6
2571	1
2572	1
2573	1
2574	6
2575	6
2576	6
2577	6
2578	6
2579	6
2580	6
2581	6
2582	1
2583	6
2584	6
2585	1
2586	1
2587	6
2588	6
2589	6
2590	6
2591	6
2592	6
2593	6
2594	1
2595	1
2596	1
2597	1
2598	1
2599	1
2600	6
2601	6
2602	1
2603	1
2604	6
2605	6
2606	11
2607	11
2608	11
2609	11
2610	11
2611	11
2612	11
2613	11
2614	11
2615	11
2616	11
2617	11
2618	11
2619	11
2620	11
2621	11
2622	11
2623	11
2624	11
2625	11
2626	11
2627	11
2628	11
2629	11
2630	11
2631	11
2632	11
2633	11
2634	11
2635	11
2636	11
2637	11
2638	11
2639	11
2640	10
2641	10
2642	10
2643	10
2644	10
2645	10
2646	10
2647	10
2648	10
2649	10
2650	10
2651	10
2652	10
2653	10
2654	10
2655	10
2656	10
2657	13
2658	13
2659	10
2660	10
2661	13
2662	13
2663	10
2664	10
2665	10
2666	10
2667	10
2668	10
2669	10
2670	10
2671	10
2672	10
2673	10
2674	13
2675	13
2676	10
2677	10
2678	13
2679	10
2680	10
2681	10
2682	10
2683	10
2684	10
2685	10
2686	10
2687	10
2688	2
2689	2
2690	2
2691	2
315	12
1657	4
