0	4
1	4
2	4
3	4
4	4
5	4
6	4
7	8
8	8
9	8
10	8
11	8
12	8
13	8
14	8
15	8
16	8
17	8
18	2
19	2
20	2
21	1
22	1
23	1
24	1
25	1
26	1
27	1
28	1
29	5
30	5
31	5
32	5
33	5
34	5
35	5
36	5
37	5
38	5
39	5
40	5
41	5
42	5
43	5
44	5
45	5
46	5
47	5
48	5
49	3
50	3
51	3
52	3
53	10
54	10
55	10
56	10
57	10
58	3
59	3
60	3
61	3
62	3
63	3
64	3
65	10
66	10
67	10
68	10
69	10
70	10
71	1
72	1
73	1
74	1
75	3
76	3
77	3
78	3
79	3
80	3
81	3
82	3
83	9
84	9
85	9
86	9
87	9
88	9
89	9
90	9
91	9
92	9
93	9
94	9
95	9
96	8
97	8
98	8
99	8
100	8
101	8
102	8
103	8
104	8
105	8
106	8
107	8
108	8
109	8
110	8
111	8
112	8
113	8
114	8
115	8
116	8
117	8
118	8
119	8
120	8
121	8
122	8
123	8
124	8
125	8
126	8
127	8
128	8
129	11
130	11
131	11
132	11
133	11
134	11
135	11
136	11
137	11
138	11
139	11
140	11
141	11
142	11
143	11
144	11
145	11
146	11
147	11
148	11
149	11
150	11
151	11
152	11
153	11
154	11
155	11
156	11
157	11
158	11
159	11
160	11
161	11
162	11
163	11
164	11
165	11
166	6
167	6
168	6
169	6
170	6
171	6
172	6
173	6
174	6
175	6
176	6
177	6
178	6
179	6
180	6
181	6
182	6
183	4
184	4
185	4
186	4
187	4
188	4
189	4
190	4
191	4
192	4
193	4
194	4
195	4
196	4
197	4
198	4
199	4
200	4
201	4
202	4
203	4
204	4
205	4
206	4
207	4
208	1
209	1
210	1
211	1
212	1
213	1
214	1
215	1
216	1
217	1
218	1
219	1
220	1
221	1
222	1
223	1
224	1
225	1
226	1
227	1
228	1
229	1
230	1
231	1
232	1
233	1
234	1
235	1
236	1
237	1
238	1
239	1
240	1
241	1
242	1
243	1
244	1
245	1
246	1
247	1
248	4
249	4
250	4
251	4
252	4
253	4
254	4
255	4
256	4
257	4
258	4
259	4
260	4
261	1
262	1
263	1
264	1
265	1
266	1
267	1
268	7
269	7
270	7
271	1
272	1
273	1
274	1
275	1
276	1
277	1
278	7
279	7
280	7
281	7
282	7
283	7
284	7
285	7
286	7
287	7
288	7
289	7
290	7
291	7
292	7
293	7
294	7
295	7
296	7
297	7
298	7
299	7
300	7
301	7
302	4
303	4
304	4
305	4
306	10
307	9
308	10
309	9
310	9
311	9
312	10
313	10
314	9
316	5
317	5
318	5
319	5
320	5
321	5
322	5
323	5
324	5
325	5
326	5
327	5
328	5
329	5
330	5
331	10
332	10
333	10
334	9
335	10
336	9
337	5
338	5
339	5
340	10
341	10
342	9
343	9
344	10
345	10
346	10
347	10
348	10
349	9
350	9
351	10
352	10
353	9
354	9
355	10
356	9
357	9
358	9
359	9
360	9
361	9
362	9
363	9
364	9
365	9
366	9
367	9
368	9
369	9
370	10
371	10
372	9
373	9
374	9
375	9
376	9
377	9
378	9
379	9
380	9
381	10
382	10
383	9
384	9
385	10
386	9
387	10
388	10
389	5
390	5
391	5
392	5
393	5
394	9
395	9
396	10
397	9
398	5
399	5
400	5
401	5
402	5
403	1
404	1
405	1
406	1
407	1
408	1
409	3
410	3
411	3
412	3
413	3
414	3
415	3
416	3
417	3
418	3
419	3
420	3
421	3
422	3
423	3
424	3
425	6
426	6
427	6
428	6
429	6
430	6
431	6
432	6
433	3
434	3
435	3
436	3
437	3
438	3
439	3
440	3
441	3
442	3
443	3
444	3
445	3
446	6
447	6
448	6
449	6
450	6
451	3
452	3
453	3
454	6
455	6
456	6
457	3
458	3
459	3
460	3
461	3
462	3
463	6
464	6
465	6
466	6
467	6
468	6
469	6
470	6
471	6
472	6
473	3
474	3
475	7
476	7
477	6
478	6
479	6
480	6
481	6
482	6
483	6
484	1
485	1
486	6
487	6
488	6
489	7
490	7
491	7
492	7
493	7
494	7
495	6
496	6
497	6
498	1
499	6
500	6
501	6
502	1
503	6
504	6
505	6
506	1
507	1
508	1
509	1
510	1
511	1
512	1
513	1
514	1
515	1
516	1
517	1
518	1
519	1
520	1
521	1
522	8
523	8
524	8
525	9
526	4
527	4
528	9
529	9
530	9
531	9
532	9
533	8
534	9
535	9
536	9
537	9
538	4
539	4
540	4
541	4
542	4
543	4
544	4
545	4
546	4
547	4
548	4
549	4
550	4
551	4
552	4
553	4
554	4
555	4
556	4
557	4
558	4
559	1
560	1
561	1
562	1
563	1
564	1
565	4
566	4
567	4
568	4
569	4
570	2
571	9
572	9
573	2
574	9
575	9
576	9
577	9
578	9
579	2
580	2
581	4
582	4
583	4
584	4
585	4
586	4
587	7
588	7
589	7
590	7
591	7
592	1
593	1
594	7
595	1
596	7
597	1
598	7
599	1
600	1
601	1
602	1
603	4
604	4
605	4
606	4
607	4
608	4
609	4
610	4
611	4
612	4
613	4
614	4
615	4
616	4
617	7
618	7
619	1
620	7
621	7
622	7
623	7
624	7
625	7
626	7
627	7
628	1
629	1
630	1
631	1
632	7
633	7
634	7
635	7
636	7
637	7
638	7
639	4
640	4
641	4
642	4
643	4
644	4
645	4
646	4
647	4
648	4
649	4
650	4
651	4
652	4
653	4
654	4
655	4
656	4
657	7
658	7
659	7
660	7
661	3
662	3
663	3
664	3
665	3
666	3
667	3
668	3
669	3
670	6
671	6
672	6
673	6
674	6
675	6
676	6
677	6
678	6
679	6
680	3
681	3
682	3
683	3
684	3
685	3
686	3
687	3
688	3
689	3
690	3
691	3
692	3
693	3
694	3
695	3
696	3
697	6
698	6
699	6
700	6
701	6
702	6
703	6
704	6
705	6
706	6
707	6
708	6
709	6
710	6
711	6
712	6
713	6
714	3
715	3
716	1
717	1
718	6
719	6
720	6
721	1
722	1
723	1
724	1
725	1
726	1
727	1
728	1
729	1
730	1
731	1
732	5
733	5
734	5
735	5
736	5
737	7
738	6
739	6
740	6
741	7
742	6
743	7
744	7
745	5
746	5
747	5
748	5
749	5
750	5
751	5
752	5
753	5
754	5
755	5
756	5
757	5
758	5
759	5
760	5
761	5
762	5
763	5
764	5
765	5
766	7
767	6
768	7
769	6
770	5
771	5
772	7
773	7
774	7
775	6
776	7
777	7
778	6
779	7
780	7
781	6
782	7
783	6
784	6
785	1
786	7
787	7
788	7
789	7
790	7
791	1
792	1
793	1
794	1
795	1
796	1
797	1
798	1
799	1
800	1
801	7
802	7
803	7
804	7
805	1
806	1
807	1
808	7
809	7
810	7
811	13
812	8
813	13
814	8
815	13
816	13
817	13
818	8
819	13
820	8
821	8
822	13
823	13
824	13
825	13
826	13
827	13
828	13
829	8
830	13
831	13
832	13
833	13
834	8
835	8
836	13
837	8
838	13
839	13
840	8
841	13
842	8
843	13
844	13
845	13
846	13
847	8
848	13
849	13
850	8
851	8
852	13
853	13
854	13
855	13
856	8
857	13
858	4
859	4
860	4
861	4
862	4
863	4
864	4
865	4
866	4
867	4
868	4
869	4
870	4
871	13
872	13
873	13
874	13
875	13
876	13
877	13
878	13
879	13
880	13
881	13
882	13
883	8
884	13
885	8
886	13
887	13
888	8
889	13
890	13
891	13
892	8
893	8
894	8
895	8
896	13
897	13
898	13
899	13
900	13
901	13
902	13
903	13
904	13
905	8
906	13
907	13
908	8
909	13
910	13
911	13
912	8
913	13
914	13
915	13
916	13
917	13
918	13
919	13
920	13
921	13
922	13
923	8
924	13
925	8
926	13
927	13
928	13
929	13
930	8
931	8
932	13
933	13
934	13
935	13
936	13
937	13
938	13
939	13
940	13
941	13
942	8
943	13
944	13
945	8
946	13
947	8
948	13
949	8
950	13
951	13
952	13
953	13
954	13
955	13
956	8
957	13
958	8
959	13
960	13
961	13
962	8
963	13
964	8
965	13
966	13
967	13
968	13
969	13
970	13
971	13
972	13
973	13
974	13
975	8
976	13
977	8
978	13
979	13
980	13
981	13
982	5
983	5
984	5
985	6
986	6
987	6
988	6
989	6
990	6
991	6
992	6
993	6
994	6
995	6
996	6
997	6
998	6
999	6
1000	6
1001	6
1002	6
1003	6
1004	6
1005	6
1006	6
1007	5
1008	5
1009	6
1010	5
1011	5
1012	5
1013	5
1014	5
1015	5
1016	5
1017	5
1018	5
1019	5
1020	5
1021	5
1022	5
1023	5
1024	5
1025	5
1026	5
1027	5
1028	5
1029	5
1030	5
1031	5
1032	5
1033	5
1034	5
1035	5
1036	5
1037	8
1038	5
1039	5
1040	5
1041	5
1042	5
1043	5
1044	5
1045	5
1046	5
1047	5
1048	5
1049	5
1050	5
1051	8
1052	5
1053	5
1054	5
1055	5
1056	8
1057	5
1058	5
1059	5
1060	5
1061	5
1062	8
1063	5
1064	5
1065	8
1066	8
1067	8
1068	5
1069	5
1070	5
1071	5
1072	5
1073	5
1074	5
1075	4
1076	4
1077	4
1078	4
1079	4
1080	4
1081	4
1082	4
1083	4
1084	4
1085	4
1086	4
1087	7
1088	7
1089	7
1090	7
1091	7
1092	7
1093	7
1094	1
1095	1
1096	1
1097	1
1098	1
1099	1
1100	1
1101	1
1102	1
1103	1
1104	1
1105	1
1106	1
1107	13
1108	10
1109	13
1110	13
1111	13
1112	13
1113	13
1114	10
1115	13
1116	10
1117	13
1118	10
1119	13
1120	10
1121	13
1122	10
1123	13
1124	10
1125	10
1126	13
1127	13
1128	10
1129	13
1130	10
1131	10
1132	10
1133	10
1134	13
1135	13
1136	13
1137	13
1138	13
1139	13
1140	13
1141	13
1142	13
1143	13
1144	13
1145	13
1146	10
1147	10
1148	13
1149	13
1150	13
1151	13
1152	13
1153	10
1154	10
1155	10
1156	10
1157	10
1158	10
1159	10
1160	10
1161	10
1162	10
1163	10
1164	10
1165	10
1166	10
1167	10
1168	10
1169	5
1170	5
1171	5
1172	5
1173	5
1174	5
1175	5
1176	5
1177	8
1178	5
1179	5
1180	8
1181	5
1182	5
1183	5
1184	5
1185	5
1186	5
1187	5
1188	5
1189	5
1190	5
1191	5
1192	5
1193	5
1194	5
1195	5
1196	5
1197	5
1198	5
1199	5
1200	13
1201	13
1202	8
1203	13
1204	8
1205	8
1206	8
1207	8
1208	8
1209	8
1210	8
1211	8
1212	8
1213	8
1214	8
1215	8
1216	8
1217	8
1218	8
1219	8
1220	8
1221	8
1222	8
1223	13
1224	8
1225	8
1226	8
1227	8
1228	8
1229	13
1230	8
1231	8
1232	13
1233	8
1234	8
1235	8
1236	13
1237	13
1238	13
1239	8
1240	1
1241	1
1242	1
1243	1
1244	1
1245	1
1246	1
1247	1
1248	1
1249	1
1250	1
1251	1
1252	1
1253	3
1254	3
1255	3
1256	3
1257	3
1258	1
1259	1
1260	1
1261	1
1262	1
1263	1
1264	3
1265	3
1266	3
1267	3
1268	3
1269	3
1270	3
1271	3
1272	3
1273	3
1274	3
1275	3
1276	3
1277	3
1278	10
1279	1
1280	1
1281	1
1282	1
1283	1
1284	3
1285	3
1286	3
1287	3
1288	10
1289	10
1290	10
1291	1
1292	1
1293	1
1294	10
1295	1
1296	1
1297	1
1298	1
1299	10
1300	1
1301	1
1302	10
1303	3
1304	3
1305	3
1306	3
1307	3
1308	3
1309	3
1310	3
1311	3
1312	3
1313	3
1314	13
1315	13
1316	13
1317	13
1318	13
1319	13
1320	13
1321	13
1322	13
1323	13
1324	13
1325	13
1326	13
1327	13
1328	13
1329	13
1330	13
1331	13
1332	13
1333	13
1334	13
1335	13
1336	13
1337	13
1338	13
1339	13
1340	13
1341	13
1342	13
1343	13
1344	13
1345	13
1346	3
1347	4
1348	4
1349	4
1350	3
1351	3
1352	4
1353	3
1354	4
1355	4
1356	3
1357	4
1358	4
1359	4
1360	4
1361	3
1362	3
1363	13
1364	13
1365	13
1366	9
1367	9
1368	13
1369	13
1370	13
1371	9
1372	13
1373	13
1374	13
1375	13
1376	13
1377	13
1378	13
1379	9
1380	9
1381	10
1382	10
1383	10
1384	10
1385	10
1386	10
1387	10
1388	10
1389	10
1390	10
1391	10
1392	10
1393	10
1394	10
1395	10
1396	10
1397	3
1398	3
1399	3
1400	3
1401	3
1402	3
1403	3
1404	3
1405	3
1406	3
1407	3
1408	3
1409	3
1410	3
1411	3
1412	3
1413	3
1414	3
1415	3
1416	3
1417	3
1418	3
1419	3
1420	3
1421	3
1422	3
1423	3
1424	3
1425	3
1426	3
1427	3
1428	8
1429	8
1430	8
1431	2
1432	8
1433	8
1434	8
1435	8
1436	8
1437	8
1438	8
1439	8
1440	2
1441	8
1442	8
1443	8
1444	8
1445	8
1446	8
1447	8
1448	8
1449	8
1450	8
1451	8
1452	8
1453	8
1454	8
1455	8
1456	8
1457	8
1458	8
1459	8
1460	2
1461	8
1462	8
1463	8
1464	2
1465	1
1466	1
1467	1
1468	1
1469	1
1470	1
1471	1
1472	1
1473	1
1474	1
1475	1
1476	1
1477	1
1478	1
1479	1
1480	1
1481	1
1482	1
1483	1
1484	1
1485	1
1486	1
1487	1
1488	1
1489	5
1490	5
1491	5
1492	5
1493	5
1494	5
1495	5
1496	5
1497	5
1498	5
1499	5
1500	5
1501	3
1502	3
1503	3
1504	3
1505	3
1506	3
1507	4
1508	3
1509	4
1510	3
1511	3
1512	4
1513	3
1514	3
1515	3
1516	3
1517	3
1518	3
1519	3
1520	3
1521	3
1522	3
1523	4
1524	4
1525	4
1526	3
1527	3
1528	3
1529	6
1530	6
1531	6
1532	6
1533	6
1534	6
1535	6
1536	6
1537	6
1538	6
1539	6
1540	6
1541	6
1542	6
1543	6
1544	6
1545	6
1546	6
1547	6
1548	6
1549	6
1550	6
1551	6
1552	9
1553	9
1554	9
1555	13
1556	9
1557	13
1558	9
1559	9
1560	9
1561	9
1562	9
1563	9
1564	9
1565	9
1566	13
1567	9
1568	9
1569	9
1570	9
1571	9
1572	9
1573	9
1574	9
1575	9
1576	5
1577	5
1578	5
1579	5
1580	5
1581	5
1582	5
1583	5
1584	5
1585	5
1586	5
1587	5
1588	5
1589	5
1590	5
1591	5
1592	5
1593	3
1594	3
1595	3
1596	3
1597	3
1598	3
1599	3
1600	3
1601	3
1602	9
1603	9
1604	9
1605	9
1606	9
1607	9
1608	9
1609	9
1610	9
1611	9
1612	9
1613	9
1614	9
1615	9
1616	9
1617	9
1618	1
1619	1
1620	1
1621	1
1622	1
1623	1
1624	1
1625	1
1626	1
1627	1
1628	1
1629	8
1630	8
1631	8
1632	8
1633	8
1634	8
1635	8
1636	8
1637	8
1638	8
1639	8
1640	8
1641	8
1642	8
1643	8
1644	1
1645	1
1646	1
1647	1
1648	1
1649	8
1650	8
1651	8
1652	8
1653	8
1654	8
1655	8
1656	8
1658	8
1659	8
1660	8
1661	8
1662	8
1663	8
1664	8
1665	8
1666	8
1667	8
1668	8
1669	8
1670	8
1671	8
1672	8
1673	1
1674	8
1675	8
1676	8
1677	1
1678	7
1679	7
1680	7
1681	7
1682	7
1683	7
1684	7
1685	2
1686	2
1687	2
1688	2
1689	2
1690	2
1691	2
1692	2
1693	2
1694	2
1695	2
1696	2
1697	2
1698	2
1699	2
1700	2
1701	2
1702	2
1703	2
1704	2
1705	2
1706	2
1707	2
1708	2
1709	2
1710	2
1711	2
1712	2
1713	1
1714	1
1715	1
1716	1
1717	1
1718	1
1719	1
1720	1
1721	1
1722	1
1723	1
1724	1
1725	2
1726	2
1727	2
1728	1
1729	2
1730	2
1731	2
1732	2
1733	2
1734	2
1735	2
1736	2
1737	2
1738	2
1739	2
1740	2
1741	2
1742	3
1743	3
1744	12
1745	3
1746	3
1747	3
1748	3
1749	3
1750	3
1751	3
1752	3
1753	3
1754	3
1755	3
1756	12
1757	1
1758	1
1759	1
1760	1
1761	3
1762	3
1763	3
1764	12
1765	3
1766	3
1767	12
1768	3
1769	3
1770	3
1771	3
1772	3
1773	3
1774	1
1775	1
1776	1
1777	1
1778	1
1779	1
1780	1
1781	1
1782	1
1783	1
1784	1
1785	1
1786	1
1787	3
1788	3
1789	3
1790	3
1791	3
1792	3
1793	3
1794	3
1795	1
1796	1
1797	1
1798	1
1799	3
1800	3
1801	3
1802	3
1803	3
1804	12
1805	3
1806	12
1807	3
1808	3
1809	8
1810	2
1811	2
1812	2
1813	2
1814	2
1815	8
1816	8
1817	2
1818	2
1819	8
1820	8
1821	2
1822	8
1823	2
1824	2
1825	8
1826	8
1827	8
1828	8
1829	2
1830	1
1831	1
1832	1
1833	1
1834	1
1835	2
1836	2
1837	1
1838	8
1839	8
1840	13
1841	13
1842	13
1843	13
1844	13
1845	8
1846	2
1847	8
1848	8
1849	2
1850	2
1851	8
1852	2
1853	2
1854	2
1855	2
1856	2
1857	1
1858	1
1859	1
1860	1
1861	1
1862	1
1863	2
1864	8
1865	8
1866	8
1867	2
1868	8
1869	2
1870	8
1871	8
1872	7
1873	7
1874	7
1875	7
1876	7
1877	7
1878	7
1879	7
1880	7
1881	7
1882	7
1883	7
1884	7
1885	7
1886	7
1887	7
1888	7
1889	7
1890	7
1891	7
1892	7
1893	7
1894	7
1895	4
1896	4
1897	4
1898	10
1899	10
1900	10
1901	10
1902	10
1903	10
1904	4
1905	4
1906	4
1907	4
1908	4
1909	4
1910	4
1911	4
1912	4
1913	4
1914	4
1915	4
1916	10
1917	10
1918	10
1919	10
1920	10
1921	10
1922	10
1923	10
1924	4
1925	4
1926	4
1927	4
1928	4
1929	4
1930	4
1931	4
1932	4
1933	4
1934	4
1935	4
1936	4
1937	4
1938	4
1939	4
1940	4
1941	4
1942	4
1943	4
1944	4
1945	4
1946	4
1947	4
1948	4
1949	4
1950	4
1951	4
1952	4
1953	4
1954	4
1955	4
1956	4
1957	4
1958	4
1959	4
1960	4
1961	4
1962	4
1963	4
1964	4
1965	4
1966	4
1967	4
1968	4
1969	4
1970	4
1971	4
1972	4
1973	4
1974	4
1975	4
1976	6
1977	6
1978	6
1979	6
1980	6
1981	6
1982	6
1983	6
1984	6
1985	6
1986	6
1987	6
1988	6
1989	6
1990	6
1991	6
1992	6
1993	6
1994	6
1995	6
1996	6
1997	6
1998	6
1999	6
2000	6
2001	6
2002	6
2003	6
2004	6
2005	6
2006	6
2007	6
2008	6
2009	6
2010	6
2011	6
2012	6
2013	6
2014	6
2015	6
2016	6
2017	1
2018	1
2019	1
2020	1
2021	1
2022	1
2023	1
2024	7
2025	1
2026	1
2027	1
2028	1
2029	1
2030	6
2031	6
2032	6
2033	6
2034	6
2035	7
2036	7
2037	7
2038	1
2039	1
2040	1
2041	1
2042	1
2043	1
2044	1
2045	1
2046	7
2047	6
2048	1
2049	1
2050	1
2051	7
2052	7
2053	7
2054	7
2055	7
2056	7
2057	6
2058	9
2059	9
2060	9
2061	9
2062	9
2063	9
2064	9
2065	9
2066	9
2067	9
2068	7
2069	7
2070	7
2071	7
2072	7
2073	7
2074	7
2075	7
2076	7
2077	7
2078	7
2079	7
2080	7
2081	7
2082	7
2083	7
2084	7
2085	7
2086	7
2087	7
2088	7
2089	5
2090	5
2091	5
2092	5
2093	5
2094	5
2095	5
2096	4
2097	4
2098	4
2099	4
2100	4
2101	4
2102	4
2103	4
2104	4
2105	4
2106	4
2107	4
2108	4
2109	4
2110	4
2111	4
2112	4
2113	12
2114	12
2115	12
2116	12
2117	12
2118	2
2119	12
2120	12
2121	12
2122	12
2123	2
2124	1
2125	12
2126	12
2127	12
2128	12
2129	12
2130	12
2131	12
2132	12
2133	2
2134	12
2135	12
2136	12
2137	2
2138	2
2139	12
2140	2
2141	12
2142	12
2143	12
2144	12
2145	12
2146	2
2147	12
2148	12
2149	12
2150	12
2151	12
2152	12
2153	12
2154	12
2155	12
2156	12
2157	12
2158	12
2159	12
2160	12
2161	12
2162	12
2163	12
2164	2
2165	2
2166	12
2167	2
2168	12
2169	12
2170	12
2171	12
2172	12
2173	12
2174	12
2175	12
2176	2
2177	2
2178	12
2179	12
2180	2
2181	2
2182	12
2183	12
2184	12
2185	12
2186	12
2187	12
2188	12
2189	12
2190	12
2191	12
2192	12
2193	12
2194	12
2195	12
2196	2
2197	12
2198	12
2199	2
2200	12
2201	12
2202	12
2203	12
2204	12
2205	12
2206	12
2207	12
2208	12
2209	12
2210	12
2211	12
2212	12
2213	12
2214	12
2215	12
2216	2
2217	12
2218	12
2219	12
2220	12
2221	12
2222	12
2223	2
2224	12
2225	12
2226	12
2227	12
2228	12
2229	12
2230	2
2231	2
2232	12
2233	2
2234	2
2235	12
2236	2
2237	2
2238	2
2239	12
2240	12
2241	12
2242	2
2243	12
2244	12
2245	2
2246	12
2247	2
2248	2
2249	12
2250	12
2251	12
2252	12
2253	12
2254	12
2255	12
2256	2
2257	12
2258	12
2259	12
2260	12
2261	2
2262	12
2263	12
2264	12
2265	12
2266	12
2267	12
2268	12
2269	12
2270	12
2271	12
2272	12
2273	12
2274	12
2275	12
2276	12
2277	2
2278	12
2279	12
2280	12
2281	12
2282	12
2283	2
2284	7
2285	1
2286	12
2287	12
2288	12
2289	12
2290	12
2291	12
2292	12
2293	12
2294	12
2295	12
2296	12
2297	12
2298	12
2299	12
2300	2
2301	12
2302	2
2303	12
2304	2
2305	12
2306	12
2307	12
2308	12
2309	1
2310	1
2311	1
2312	5
2313	5
2314	5
2315	5
2316	5
2317	5
2318	5
2319	5
2320	5
2321	5
2322	5
2323	5
2324	5
2325	5
2326	5
2327	5
2328	5
2329	5
2330	4
2331	4
2332	4
2333	4
2334	4
2335	4
2336	4
2337	4
2338	4
2339	4
2340	4
2341	4
2342	4
2343	4
2344	4
2345	4
2346	5
2347	5
2348	5
2349	5
2350	5
2351	5
2352	5
2353	5
2354	5
2355	5
2356	5
2357	5
2358	5
2359	5
2360	5
2361	5
2362	5
2363	5
2364	5
2365	5
2366	2
2367	2
2368	2
2369	2
2370	2
2371	2
2372	2
2373	2
2374	2
2375	2
2376	2
2377	2
2378	2
2379	2
2380	2
2381	2
2382	2
2383	2
2384	2
2385	2
2386	2
2387	2
2388	2
2389	2
2390	2
2391	2
2392	2
2393	2
2394	2
2395	2
2396	2
2397	2
2398	2
2399	2
2400	2
2401	2
2402	2
2403	2
2404	2
2405	2
2406	2
2407	2
2408	2
2409	2
2410	2
2411	2
2412	2
2413	2
2414	2
2415	10
2416	10
2417	10
2418	10
2419	11
2420	11
2421	11
2422	10
2423	10
2424	10
2425	10
2426	10
2427	11
2428	11
2429	11
2430	11
2431	11
2432	11
2433	10
2434	11
2435	10
2436	10
2437	10
2438	11
2439	11
2440	11
2441	11
2442	10
2443	10
2444	10
2445	11
2446	11
2447	11
2448	10
2449	11
2450	11
2451	11
2452	11
2453	11
2454	10
2455	10
2456	10
2457	10
2458	10
2459	10
2460	11
2461	11
2462	10
2463	11
2464	10
2465	11
2466	11
2467	10
2468	10
2469	10
2470	10
2471	11
2472	11
2473	11
2474	11
2475	10
2476	11
2477	10
2478	10
2479	11
2480	11
2481	10
2482	10
2483	11
2484	10
2485	11
2486	11
2487	11
2488	11
2489	11
2490	11
2491	11
2492	11
2493	11
2494	11
2495	11
2496	11
2497	11
2498	10
2499	10
2500	10
2501	11
2502	10
2503	10
2504	10
2505	10
2506	10
2507	10
2508	10
2509	10
2510	10
2511	10
2512	10
2513	10
2514	10
2515	11
2516	11
2517	11
2518	11
2519	11
2520	11
2521	11
2522	11
2523	11
2524	10
2525	11
2526	10
2527	11
2528	10
2529	11
2530	11
2531	11
2532	11
2533	11
2534	11
2535	11
2536	11
2537	11
2538	11
2539	11
2540	11
2541	11
2542	11
2543	10
2544	11
2545	11
2546	11
2547	11
2548	10
2549	10
2550	11
2551	11
2552	11
2553	11
2554	11
2555	11
2556	11
2557	11
2558	10
2559	10
2560	10
2561	10
2562	10
2563	11
2564	10
2565	11
2566	10
2567	11
2568	11
2569	10
2570	10
2571	10
2572	10
2573	10
2574	11
2575	11
2576	11
2577	11
2578	11
2579	11
2580	11
2581	11
2582	11
2583	11
2584	11
2585	10
2586	10
2587	11
2588	11
2589	11
2590	11
2591	11
2592	11
2593	11
2594	10
2595	10
2596	10
2597	10
2598	10
2599	10
2600	11
2601	11
2602	11
2603	11
2604	11
2605	11
2606	7
2607	7
2608	7
2609	7
2610	7
2611	7
2612	7
2613	7
2614	7
2615	7
2616	7
2617	7
2618	7
2619	7
2620	7
2621	7
2622	7
2623	7
2624	7
2625	7
2626	7
2627	7
2628	7
2629	7
2630	7
2631	7
2632	7
2633	7
2634	7
2635	7
2636	7
2637	7
2638	7
2639	7
2640	9
2641	9
2642	9
2643	9
2644	6
2645	9
2646	9
2647	9
2648	9
2649	9
2650	9
2651	9
2652	9
2653	9
2654	9
2655	6
2656	6
2657	6
2658	6
2659	9
2660	9
2661	6
2662	6
2663	9
2664	9
2665	9
2666	6
2667	9
2668	9
2669	9
2670	9
2671	9
2672	6
2673	9
2674	6
2675	6
2676	9
2677	9
2678	6
2679	9
2680	9
2681	9
2682	9
2683	9
2684	9
2685	9
2686	9
2687	9
2688	4
2689	4
2690	4
2691	4
315	5
1657	8
