0	3
1	3
2	3
3	3
4	3
5	3
6	3
7	4
8	4
9	4
10	4
11	4
12	4
13	4
14	4
15	4
16	4
17	4
18	10
19	10
20	10
21	8
22	8
23	8
24	8
25	8
26	8
27	8
28	8
29	11
30	11
31	11
32	11
33	10
34	11
35	11
36	11
37	11
38	11
39	11
40	11
41	10
42	11
43	11
44	10
45	11
46	11
47	10
48	11
49	11
50	11
51	11
52	11
53	8
54	8
55	8
56	8
57	8
58	11
59	11
60	11
61	11
62	11
63	11
64	11
65	8
66	8
67	8
68	8
69	8
70	8
71	8
72	8
73	8
74	8
75	11
76	11
77	11
78	11
79	11
80	11
81	11
82	11
83	6
84	6
85	6
86	6
87	6
88	6
89	6
90	6
91	6
92	6
93	6
94	6
95	6
96	4
97	4
98	4
99	4
100	4
101	4
102	4
103	4
104	4
105	4
106	4
107	4
108	4
109	4
110	4
111	4
112	4
113	4
114	4
115	4
116	4
117	4
118	4
119	4
120	4
121	4
122	4
123	4
124	4
125	4
126	4
127	4
128	4
129	6
130	6
131	9
132	6
133	6
134	6
135	9
136	6
137	6
138	6
139	9
140	6
141	6
142	6
143	6
144	6
145	6
146	6
147	6
148	6
149	6
150	6
151	6
152	6
153	6
154	9
155	9
156	6
157	6
158	6
159	6
160	6
161	6
162	6
163	6
164	6
165	6
166	2
167	2
168	2
169	2
170	2
171	2
172	2
173	2
174	2
175	2
176	2
177	2
178	2
179	2
180	2
181	2
182	2
183	11
184	11
185	11
186	11
187	11
188	11
189	11
190	11
191	11
192	11
193	11
194	11
195	11
196	11
197	11
198	11
199	11
200	11
201	11
202	11
203	11
204	11
205	11
206	11
207	11
208	9
209	9
210	9
211	9
212	9
213	9
214	9
215	9
216	9
217	8
218	9
219	9
220	9
221	9
222	9
223	9
224	9
225	9
226	1
227	1
228	1
229	1
230	1
231	1
232	1
233	1
234	1
235	1
236	9
237	9
238	9
239	9
240	9
241	8
242	9
243	9
244	9
245	9
246	8
247	8
248	11
249	11
250	11
251	11
252	11
253	11
254	11
255	11
256	11
257	11
258	11
259	11
260	11
261	8
262	8
263	8
264	8
265	8
266	8
267	8
268	1
269	1
270	1
271	8
272	8
273	8
274	8
275	8
276	8
277	8
278	1
279	1
280	1
281	1
282	1
283	1
284	1
285	1
286	1
287	1
288	1
289	1
290	1
291	1
292	1
293	1
294	1
295	1
296	1
297	1
298	1
299	1
300	1
301	1
302	11
303	11
304	11
305	11
306	13
307	13
308	8
309	13
310	13
311	13
312	13
313	13
314	13
316	10
317	10
318	10
319	10
320	10
321	10
322	10
323	10
324	10
325	10
326	10
327	10
328	10
329	10
330	10
331	8
332	8
333	8
334	8
335	13
336	13
337	10
338	10
339	10
340	8
341	8
342	13
343	13
344	8
345	13
346	8
347	13
348	8
349	13
350	13
351	8
352	8
353	13
354	13
355	13
356	6
357	6
358	6
359	6
360	6
361	6
362	6
363	6
364	6
365	6
366	6
367	6
368	6
369	13
370	13
371	13
372	13
373	13
374	13
375	13
376	13
377	8
378	13
379	13
380	8
381	8
382	8
383	13
384	13
385	13
386	8
387	13
388	13
389	10
390	10
391	10
392	10
393	10
394	13
395	13
396	8
397	13
398	10
399	10
400	10
401	10
402	10
403	9
404	9
405	9
406	9
407	9
408	9
409	3
410	3
411	3
412	3
413	3
414	3
415	3
416	3
417	3
418	3
419	3
420	3
421	3
422	3
423	3
424	3
425	2
426	2
427	2
428	2
429	2
430	2
431	2
432	2
433	3
434	3
435	3
436	3
437	3
438	3
439	3
440	3
441	3
442	3
443	3
444	3
445	3
446	2
447	2
448	2
449	2
450	2
451	3
452	3
453	3
454	2
455	2
456	2
457	3
458	3
459	3
460	3
461	3
462	3
463	2
464	2
465	2
466	2
467	2
468	2
469	2
470	2
471	2
472	2
473	3
474	3
475	1
476	1
477	1
478	1
479	1
480	1
481	1
482	1
483	1
484	9
485	9
486	1
487	1
488	1
489	1
490	1
491	1
492	1
493	1
494	1
495	1
496	1
497	1
498	9
499	1
500	1
501	1
502	9
503	1
504	1
505	1
506	9
507	9
508	9
509	9
510	9
511	9
512	9
513	9
514	9
515	9
516	9
517	9
518	9
519	9
520	9
521	9
522	4
523	4
524	4
525	4
526	3
527	3
528	4
529	4
530	4
531	4
532	4
533	4
534	4
535	4
536	4
537	4
538	3
539	3
540	3
541	3
542	3
543	3
544	3
545	3
546	3
547	3
548	3
549	3
550	3
551	3
552	3
553	3
554	3
555	3
556	3
557	3
558	3
559	8
560	8
561	8
562	8
563	8
564	8
565	3
566	3
567	3
568	3
569	3
570	12
571	12
572	12
573	12
574	12
575	12
576	12
577	12
578	12
579	12
580	12
581	3
582	3
583	3
584	3
585	3
586	3
587	1
588	1
589	1
590	1
591	1
592	8
593	8
594	1
595	8
596	1
597	1
598	1
599	1
600	8
601	1
602	8
603	11
604	11
605	11
606	11
607	11
608	11
609	11
610	11
611	11
612	11
613	11
614	11
615	11
616	11
617	1
618	1
619	8
620	1
621	1
622	1
623	1
624	1
625	1
626	1
627	8
628	8
629	8
630	1
631	1
632	8
633	1
634	1
635	1
636	1
637	1
638	1
639	11
640	3
641	11
642	3
643	11
644	3
645	3
646	3
647	3
648	3
649	3
650	3
651	3
652	3
653	11
654	11
655	11
656	3
657	2
658	2
659	1
660	1
661	3
662	3
663	3
664	3
665	3
666	3
667	3
668	5
669	5
670	6
671	6
672	6
673	6
674	6
675	6
676	6
677	6
678	6
679	6
680	5
681	3
682	5
683	3
684	3
685	3
686	3
687	3
688	3
689	3
690	3
691	3
692	3
693	3
694	3
695	3
696	3
697	6
698	6
699	6
700	6
701	6
702	6
703	6
704	6
705	6
706	6
707	6
708	6
709	6
710	6
711	6
712	6
713	6
714	3
715	3
716	8
717	8
718	6
719	6
720	6
721	8
722	8
723	8
724	8
725	8
726	8
727	8
728	8
729	8
730	8
731	8
732	10
733	10
734	10
735	10
736	10
737	1
738	2
739	2
740	2
741	2
742	2
743	1
744	1
745	10
746	10
747	10
748	10
749	10
750	10
751	10
752	10
753	10
754	10
755	10
756	10
757	10
758	10
759	10
760	10
761	10
762	10
763	10
764	10
765	10
766	1
767	2
768	2
769	2
770	10
771	10
772	2
773	2
774	2
775	2
776	1
777	1
778	2
779	2
780	2
781	2
782	2
783	2
784	2
785	8
786	2
787	1
788	2
789	2
790	1
791	8
792	8
793	8
794	8
795	8
796	8
797	8
798	8
799	8
800	8
801	2
802	1
803	2
804	1
805	8
806	8
807	8
808	2
809	2
810	2
811	7
812	7
813	8
814	7
815	7
816	7
817	7
818	7
819	7
820	7
821	7
822	7
823	7
824	8
825	8
826	8
827	7
828	7
829	7
830	7
831	8
832	8
833	8
834	7
835	7
836	7
837	7
838	8
839	7
840	7
841	7
842	7
843	7
844	7
845	8
846	7
847	7
848	7
849	7
850	7
851	7
852	7
853	7
854	7
855	8
856	7
857	7
858	11
859	11
860	11
861	11
862	11
863	11
864	11
865	11
866	11
867	11
868	11
869	11
870	11
871	7
872	7
873	7
874	8
875	7
876	7
877	7
878	8
879	8
880	7
881	7
882	7
883	7
884	8
885	7
886	8
887	7
888	7
889	8
890	7
891	7
892	7
893	7
894	7
895	7
896	7
897	8
898	7
899	7
900	7
901	7
902	7
903	7
904	7
905	7
906	7
907	7
908	7
909	7
910	7
911	7
912	7
913	7
914	7
915	7
916	7
917	7
918	8
919	7
920	7
921	7
922	7
923	7
924	7
925	7
926	8
927	7
928	7
929	8
930	7
931	7
932	7
933	7
934	7
935	7
936	7
937	8
938	8
939	7
940	7
941	7
942	7
943	7
944	7
945	7
946	8
947	7
948	7
949	7
950	7
951	7
952	7
953	7
954	7
955	7
956	7
957	7
958	7
959	8
960	7
961	7
962	7
963	7
964	7
965	7
966	7
967	7
968	7
969	7
970	7
971	8
972	7
973	7
974	7
975	7
976	7
977	7
978	7
979	7
980	7
981	7
982	10
983	10
984	4
985	2
986	2
987	2
988	2
989	2
990	2
991	2
992	2
993	2
994	2
995	2
996	2
997	2
998	2
999	2
1000	2
1001	2
1002	2
1003	2
1004	2
1005	2
1006	2
1007	10
1008	4
1009	2
1010	4
1011	4
1012	4
1013	4
1014	10
1015	10
1016	10
1017	4
1018	4
1019	4
1020	10
1021	10
1022	10
1023	10
1024	10
1025	10
1026	10
1027	4
1028	10
1029	10
1030	10
1031	4
1032	10
1033	10
1034	10
1035	10
1036	10
1037	4
1038	10
1039	4
1040	10
1041	10
1042	4
1043	10
1044	10
1045	10
1046	10
1047	10
1048	4
1049	4
1050	10
1051	4
1052	4
1053	10
1054	10
1055	10
1056	4
1057	4
1058	10
1059	10
1060	10
1061	10
1062	4
1063	10
1064	10
1065	4
1066	4
1067	4
1068	4
1069	10
1070	4
1071	10
1072	10
1073	10
1074	10
1075	11
1076	11
1077	11
1078	11
1079	11
1080	11
1081	11
1082	11
1083	11
1084	11
1085	11
1086	11
1087	8
1088	8
1089	8
1090	8
1091	8
1092	8
1093	8
1094	8
1095	8
1096	8
1097	8
1098	8
1099	8
1100	8
1101	8
1102	8
1103	8
1104	8
1105	8
1106	8
1107	7
1108	7
1109	7
1110	7
1111	7
1112	7
1113	7
1114	7
1115	7
1116	7
1117	7
1118	7
1119	7
1120	7
1121	7
1122	7
1123	7
1124	7
1125	7
1126	7
1127	7
1128	7
1129	7
1130	7
1131	7
1132	7
1133	7
1134	7
1135	7
1136	7
1137	7
1138	7
1139	7
1140	7
1141	7
1142	7
1143	7
1144	7
1145	7
1146	7
1147	7
1148	7
1149	7
1150	7
1151	7
1152	7
1153	7
1154	8
1155	8
1156	8
1157	8
1158	8
1159	8
1160	8
1161	8
1162	8
1163	8
1164	8
1165	8
1166	8
1167	8
1168	8
1169	10
1170	4
1171	4
1172	4
1173	4
1174	10
1175	4
1176	10
1177	4
1178	4
1179	4
1180	4
1181	4
1182	10
1183	4
1184	4
1185	4
1186	4
1187	10
1188	10
1189	10
1190	4
1191	4
1192	4
1193	10
1194	4
1195	10
1196	4
1197	4
1198	4
1199	10
1200	4
1201	4
1202	4
1203	4
1204	4
1205	4
1206	4
1207	4
1208	4
1209	4
1210	4
1211	4
1212	4
1213	4
1214	4
1215	4
1216	4
1217	4
1218	4
1219	4
1220	4
1221	4
1222	4
1223	4
1224	4
1225	4
1226	4
1227	4
1228	4
1229	4
1230	4
1231	4
1232	4
1233	4
1234	4
1235	4
1236	4
1237	4
1238	4
1239	4
1240	1
1241	1
1242	1
1243	1
1244	1
1245	1
1246	1
1247	1
1248	1
1249	1
1250	1
1251	1
1252	1
1253	11
1254	11
1255	11
1256	11
1257	11
1258	1
1259	1
1260	1
1261	1
1262	1
1263	1
1264	11
1265	11
1266	11
1267	11
1268	11
1269	11
1270	11
1271	11
1272	11
1273	11
1274	11
1275	11
1276	11
1277	11
1278	9
1279	9
1280	9
1281	1
1282	1
1283	1
1284	11
1285	11
1286	11
1287	11
1288	9
1289	9
1290	9
1291	9
1292	9
1293	9
1294	9
1295	9
1296	9
1297	9
1298	9
1299	9
1300	9
1301	9
1302	9
1303	11
1304	11
1305	11
1306	11
1307	11
1308	11
1309	11
1310	11
1311	11
1312	11
1313	11
1314	7
1315	7
1316	7
1317	7
1318	7
1319	7
1320	7
1321	7
1322	7
1323	7
1324	7
1325	7
1326	7
1327	7
1328	7
1329	7
1330	7
1331	7
1332	7
1333	7
1334	7
1335	7
1336	7
1337	7
1338	7
1339	7
1340	7
1341	7
1342	7
1343	7
1344	7
1345	7
1346	11
1347	11
1348	3
1349	3
1350	11
1351	11
1352	3
1353	11
1354	11
1355	11
1356	11
1357	3
1358	3
1359	3
1360	11
1361	11
1362	11
1363	7
1364	7
1365	7
1366	13
1367	13
1368	7
1369	7
1370	7
1371	13
1372	7
1373	7
1374	7
1375	7
1376	7
1377	7
1378	7
1379	13
1380	13
1381	8
1382	8
1383	8
1384	8
1385	8
1386	8
1387	8
1388	8
1389	8
1390	8
1391	8
1392	8
1393	8
1394	8
1395	8
1396	8
1397	11
1398	11
1399	11
1400	11
1401	11
1402	11
1403	11
1404	11
1405	11
1406	11
1407	11
1408	11
1409	11
1410	11
1411	11
1412	11
1413	11
1414	11
1415	11
1416	11
1417	11
1418	11
1419	11
1420	11
1421	11
1422	11
1423	11
1424	11
1425	11
1426	11
1427	11
1428	4
1429	4
1430	4
1431	12
1432	12
1433	4
1434	4
1435	4
1436	4
1437	4
1438	4
1439	12
1440	12
1441	4
1442	4
1443	4
1444	4
1445	4
1446	4
1447	4
1448	4
1449	4
1450	4
1451	4
1452	4
1453	4
1454	4
1455	4
1456	12
1457	12
1458	4
1459	4
1460	12
1461	4
1462	4
1463	4
1464	12
1465	9
1466	9
1467	9
1468	9
1469	9
1470	9
1471	9
1472	9
1473	9
1474	9
1475	9
1476	9
1477	9
1478	9
1479	9
1480	9
1481	9
1482	9
1483	9
1484	9
1485	9
1486	9
1487	9
1488	9
1489	10
1490	10
1491	10
1492	10
1493	10
1494	10
1495	10
1496	10
1497	10
1498	10
1499	10
1500	10
1501	3
1502	3
1503	3
1504	3
1505	3
1506	3
1507	3
1508	3
1509	3
1510	3
1511	3
1512	3
1513	3
1514	3
1515	3
1516	3
1517	3
1518	3
1519	3
1520	3
1521	3
1522	3
1523	3
1524	3
1525	3
1526	3
1527	3
1528	3
1529	2
1530	2
1531	2
1532	2
1533	2
1534	2
1535	2
1536	2
1537	2
1538	2
1539	2
1540	2
1541	2
1542	2
1543	2
1544	2
1545	2
1546	2
1547	2
1548	2
1549	2
1550	2
1551	2
1552	6
1553	6
1554	4
1555	4
1556	4
1557	6
1558	6
1559	6
1560	6
1561	6
1562	4
1563	6
1564	6
1565	6
1566	6
1567	6
1568	6
1569	6
1570	6
1571	6
1572	6
1573	6
1574	6
1575	6
1576	10
1577	10
1578	10
1579	10
1580	10
1581	10
1582	10
1583	10
1584	10
1585	10
1586	10
1587	10
1588	10
1589	10
1590	10
1591	10
1592	10
1593	11
1594	11
1595	11
1596	11
1597	11
1598	11
1599	11
1600	11
1601	11
1602	12
1603	12
1604	12
1605	12
1606	12
1607	12
1608	12
1609	12
1610	12
1611	12
1612	12
1613	12
1614	12
1615	12
1616	12
1617	12
1618	8
1619	8
1620	8
1621	8
1622	8
1623	8
1624	8
1625	8
1626	8
1627	8
1628	8
1629	4
1630	4
1631	4
1632	4
1633	4
1634	4
1635	4
1636	4
1637	4
1638	4
1639	4
1640	4
1641	4
1642	4
1643	4
1644	8
1645	8
1646	8
1647	8
1648	8
1649	4
1650	4
1651	4
1652	4
1653	4
1654	4
1655	4
1656	4
1658	4
1659	4
1660	4
1661	4
1662	4
1663	4
1664	4
1665	4
1666	4
1667	4
1668	4
1669	4
1670	4
1671	4
1672	4
1673	8
1674	4
1675	4
1676	4
1677	8
1678	1
1679	1
1680	1
1681	1
1682	1
1683	1
1684	1
1685	10
1686	10
1687	10
1688	10
1689	10
1690	10
1691	10
1692	10
1693	10
1694	10
1695	10
1696	10
1697	10
1698	10
1699	10
1700	10
1701	10
1702	10
1703	5
1704	5
1705	10
1706	10
1707	10
1708	10
1709	10
1710	10
1711	10
1712	10
1713	8
1714	8
1715	8
1716	8
1717	8
1718	8
1719	8
1720	8
1721	8
1722	8
1723	8
1724	8
1725	10
1726	10
1727	10
1728	8
1729	10
1730	10
1731	10
1732	10
1733	10
1734	10
1735	10
1736	10
1737	10
1738	10
1739	10
1740	10
1741	10
1742	3
1743	3
1744	5
1745	3
1746	3
1747	5
1748	3
1749	5
1750	5
1751	3
1752	3
1753	3
1754	3
1755	3
1756	5
1757	9
1758	9
1759	9
1760	9
1761	3
1762	3
1763	3
1764	5
1765	3
1766	3
1767	5
1768	3
1769	3
1770	3
1771	3
1772	3
1773	3
1774	9
1775	9
1776	9
1777	9
1778	9
1779	9
1780	9
1781	9
1782	9
1783	9
1784	9
1785	9
1786	9
1787	5
1788	3
1789	3
1790	3
1791	5
1792	3
1793	3
1794	3
1795	9
1796	9
1797	9
1798	9
1799	3
1800	3
1801	3
1802	3
1803	5
1804	5
1805	3
1806	5
1807	3
1808	5
1809	5
1810	5
1811	5
1812	5
1813	5
1814	5
1815	5
1816	5
1817	5
1818	5
1819	5
1820	5
1821	5
1822	5
1823	5
1824	5
1825	5
1826	5
1827	5
1828	5
1829	5
1830	8
1831	8
1832	8
1833	8
1834	8
1835	5
1836	5
1837	8
1838	5
1839	5
1840	6
1841	6
1842	6
1843	6
1844	6
1845	5
1846	5
1847	5
1848	5
1849	5
1850	5
1851	5
1852	5
1853	5
1854	5
1855	5
1856	5
1857	8
1858	8
1859	8
1860	8
1861	8
1862	8
1863	5
1864	5
1865	5
1866	5
1867	5
1868	5
1869	5
1870	5
1871	5
1872	1
1873	1
1874	1
1875	1
1876	1
1877	1
1878	1
1879	1
1880	1
1881	1
1882	1
1883	1
1884	1
1885	1
1886	1
1887	1
1888	1
1889	1
1890	1
1891	1
1892	1
1893	1
1894	1
1895	11
1896	11
1897	11
1898	8
1899	8
1900	8
1901	8
1902	8
1903	8
1904	11
1905	11
1906	11
1907	11
1908	11
1909	11
1910	11
1911	11
1912	11
1913	3
1914	3
1915	11
1916	8
1917	8
1918	8
1919	8
1920	8
1921	8
1922	8
1923	8
1924	11
1925	3
1926	11
1927	11
1928	3
1929	11
1930	11
1931	11
1932	11
1933	11
1934	11
1935	3
1936	11
1937	11
1938	11
1939	11
1940	11
1941	11
1942	3
1943	11
1944	11
1945	11
1946	3
1947	11
1948	3
1949	11
1950	11
1951	3
1952	11
1953	11
1954	11
1955	11
1956	11
1957	11
1958	11
1959	11
1960	11
1961	11
1962	11
1963	11
1964	11
1965	3
1966	11
1967	11
1968	11
1969	11
1970	11
1971	11
1972	11
1973	11
1974	11
1975	11
1976	2
1977	2
1978	2
1979	2
1980	2
1981	2
1982	2
1983	2
1984	2
1985	2
1986	2
1987	2
1988	2
1989	2
1990	2
1991	2
1992	2
1993	2
1994	2
1995	2
1996	2
1997	2
1998	2
1999	2
2000	2
2001	2
2002	2
2003	2
2004	2
2005	2
2006	2
2007	2
2008	2
2009	2
2010	2
2011	2
2012	2
2013	2
2014	2
2015	2
2016	2
2017	8
2018	8
2019	8
2020	8
2021	8
2022	8
2023	8
2024	1
2025	8
2026	8
2027	8
2028	8
2029	8
2030	2
2031	2
2032	2
2033	2
2034	1
2035	1
2036	1
2037	1
2038	8
2039	8
2040	8
2041	8
2042	8
2043	8
2044	8
2045	8
2046	1
2047	1
2048	8
2049	8
2050	8
2051	1
2052	1
2053	1
2054	1
2055	1
2056	1
2057	1
2058	6
2059	6
2060	6
2061	6
2062	6
2063	6
2064	6
2065	6
2066	6
2067	6
2068	8
2069	8
2070	8
2071	8
2072	8
2073	8
2074	8
2075	8
2076	8
2077	8
2078	8
2079	8
2080	8
2081	8
2082	8
2083	8
2084	8
2085	8
2086	8
2087	8
2088	8
2089	10
2090	10
2091	10
2092	10
2093	10
2094	10
2095	10
2096	3
2097	3
2098	3
2099	3
2100	3
2101	3
2102	3
2103	3
2104	3
2105	3
2106	3
2107	3
2108	3
2109	3
2110	3
2111	3
2112	3
2113	12
2114	12
2115	5
2116	5
2117	12
2118	12
2119	12
2120	12
2121	12
2122	12
2123	12
2124	8
2125	12
2126	12
2127	12
2128	12
2129	12
2130	12
2131	12
2132	5
2133	12
2134	5
2135	5
2136	12
2137	12
2138	12
2139	12
2140	12
2141	12
2142	12
2143	12
2144	12
2145	12
2146	12
2147	12
2148	12
2149	12
2150	12
2151	5
2152	5
2153	5
2154	5
2155	5
2156	12
2157	5
2158	5
2159	12
2160	5
2161	5
2162	5
2163	5
2164	5
2165	5
2166	5
2167	12
2168	12
2169	5
2170	5
2171	5
2172	5
2173	12
2174	12
2175	12
2176	12
2177	12
2178	5
2179	5
2180	5
2181	5
2182	5
2183	5
2184	12
2185	5
2186	5
2187	5
2188	12
2189	12
2190	12
2191	12
2192	12
2193	5
2194	12
2195	12
2196	12
2197	12
2198	12
2199	12
2200	12
2201	12
2202	12
2203	12
2204	5
2205	12
2206	12
2207	12
2208	12
2209	5
2210	5
2211	12
2212	5
2213	12
2214	12
2215	12
2216	12
2217	12
2218	5
2219	5
2220	5
2221	12
2222	12
2223	12
2224	5
2225	5
2226	5
2227	5
2228	12
2229	12
2230	5
2231	5
2232	5
2233	12
2234	12
2235	5
2236	12
2237	12
2238	12
2239	5
2240	5
2241	12
2242	12
2243	12
2244	12
2245	12
2246	5
2247	5
2248	5
2249	5
2250	12
2251	5
2252	5
2253	12
2254	12
2255	12
2256	5
2257	5
2258	12
2259	12
2260	5
2261	5
2262	5
2263	5
2264	5
2265	5
2266	12
2267	12
2268	12
2269	12
2270	12
2271	5
2272	12
2273	12
2274	5
2275	5
2276	5
2277	12
2278	12
2279	12
2280	5
2281	5
2282	12
2283	12
2284	8
2285	8
2286	5
2287	5
2288	5
2289	5
2290	5
2291	5
2292	5
2293	5
2294	12
2295	12
2296	12
2297	12
2298	12
2299	12
2300	12
2301	5
2302	12
2303	12
2304	12
2305	5
2306	5
2307	5
2308	5
2309	8
2310	8
2311	8
2312	10
2313	10
2314	8
2315	10
2316	10
2317	10
2318	10
2319	10
2320	10
2321	10
2322	10
2323	10
2324	10
2325	10
2326	10
2327	10
2328	10
2329	10
2330	11
2331	11
2332	11
2333	11
2334	11
2335	11
2336	11
2337	11
2338	11
2339	11
2340	11
2341	11
2342	11
2343	11
2344	11
2345	11
2346	10
2347	10
2348	10
2349	10
2350	10
2351	10
2352	10
2353	10
2354	10
2355	10
2356	10
2357	10
2358	10
2359	10
2360	10
2361	10
2362	10
2363	10
2364	10
2365	10
2366	12
2367	12
2368	12
2369	12
2370	12
2371	12
2372	12
2373	12
2374	12
2375	12
2376	12
2377	12
2378	12
2379	12
2380	12
2381	12
2382	12
2383	12
2384	12
2385	12
2386	12
2387	12
2388	12
2389	12
2390	12
2391	12
2392	12
2393	12
2394	12
2395	12
2396	12
2397	12
2398	12
2399	12
2400	12
2401	12
2402	12
2403	12
2404	12
2405	12
2406	12
2407	12
2408	12
2409	12
2410	12
2411	12
2412	12
2413	12
2414	12
2415	13
2416	13
2417	13
2418	13
2419	9
2420	9
2421	13
2422	13
2423	13
2424	13
2425	13
2426	13
2427	9
2428	9
2429	9
2430	9
2431	9
2432	13
2433	13
2434	13
2435	13
2436	13
2437	13
2438	9
2439	9
2440	9
2441	13
2442	13
2443	13
2444	13
2445	13
2446	9
2447	9
2448	13
2449	13
2450	13
2451	13
2452	13
2453	13
2454	13
2455	13
2456	13
2457	13
2458	13
2459	13
2460	9
2461	13
2462	13
2463	13
2464	13
2465	13
2466	13
2467	13
2468	13
2469	13
2470	13
2471	13
2472	13
2473	13
2474	13
2475	13
2476	13
2477	13
2478	13
2479	13
2480	13
2481	13
2482	13
2483	13
2484	13
2485	13
2486	13
2487	13
2488	13
2489	13
2490	13
2491	13
2492	13
2493	13
2494	13
2495	13
2496	9
2497	9
2498	9
2499	9
2500	13
2501	13
2502	13
2503	13
2504	13
2505	13
2506	13
2507	13
2508	9
2509	9
2510	9
2511	9
2512	9
2513	9
2514	9
2515	13
2516	13
2517	13
2518	13
2519	13
2520	13
2521	13
2522	13
2523	9
2524	13
2525	9
2526	13
2527	13
2528	13
2529	9
2530	9
2531	9
2532	9
2533	9
2534	9
2535	9
2536	9
2537	9
2538	9
2539	9
2540	9
2541	9
2542	9
2543	13
2544	9
2545	9
2546	9
2547	13
2548	13
2549	13
2550	13
2551	9
2552	9
2553	9
2554	9
2555	9
2556	9
2557	9
2558	13
2559	13
2560	13
2561	13
2562	9
2563	9
2564	13
2565	9
2566	13
2567	13
2568	9
2569	9
2570	9
2571	13
2572	13
2573	13
2574	9
2575	13
2576	13
2577	9
2578	9
2579	13
2580	9
2581	9
2582	13
2583	9
2584	13
2585	13
2586	13
2587	9
2588	9
2589	9
2590	9
2591	9
2592	9
2593	9
2594	13
2595	13
2596	13
2597	13
2598	13
2599	13
2600	13
2601	13
2602	13
2603	13
2604	9
2605	9
2606	1
2607	1
2608	1
2609	1
2610	1
2611	1
2612	1
2613	1
2614	1
2615	1
2616	1
2617	1
2618	1
2619	1
2620	1
2621	1
2622	1
2623	1
2624	1
2625	1
2626	1
2627	1
2628	1
2629	1
2630	1
2631	1
2632	1
2633	1
2634	1
2635	1
2636	1
2637	1
2638	1
2639	1
2640	2
2641	2
2642	6
2643	2
2644	2
2645	2
2646	2
2647	2
2648	2
2649	2
2650	2
2651	2
2652	2
2653	2
2654	2
2655	2
2656	2
2657	2
2658	2
2659	6
2660	6
2661	2
2662	2
2663	6
2664	2
2665	6
2666	2
2667	2
2668	6
2669	6
2670	2
2671	6
2672	2
2673	6
2674	2
2675	2
2676	2
2677	2
2678	2
2679	6
2680	6
2681	6
2682	6
2683	6
2684	6
2685	6
2686	6
2687	6
2688	11
2689	11
2690	11
2691	11
315	10
1657	4
