0	7
1	7
2	7
3	7
4	7
5	7
6	7
7	10
8	10
9	10
10	10
11	10
12	10
13	10
14	10
15	10
16	10
17	10
18	9
19	9
20	9
21	5
22	5
23	5
24	5
25	5
26	5
27	5
28	5
29	2
30	2
31	2
32	2
33	2
34	2
35	2
36	2
37	2
38	2
39	2
40	2
41	2
42	2
43	2
44	2
45	2
46	2
47	2
48	2
49	2
50	2
51	2
52	2
53	1
54	1
55	1
56	1
57	1
58	2
59	2
60	2
61	2
62	2
63	2
64	2
65	1
66	1
67	1
68	1
69	1
70	1
71	5
72	5
73	5
74	5
75	2
76	2
77	2
78	2
79	2
80	2
81	2
82	2
83	11
84	11
85	11
86	11
87	11
88	11
89	11
90	11
91	11
92	11
93	11
94	11
95	11
96	10
97	10
98	10
99	10
100	10
101	10
102	10
103	10
104	10
105	10
106	10
107	10
108	10
109	10
110	10
111	10
112	10
113	10
114	10
115	10
116	10
117	10
118	10
119	10
120	10
121	10
122	10
123	10
124	10
125	10
126	10
127	10
128	10
129	12
130	12
131	12
132	12
133	12
134	12
135	12
136	12
137	12
138	12
139	12
140	12
141	12
142	12
143	12
144	12
145	12
146	12
147	12
148	12
149	12
150	12
151	12
152	12
153	12
154	12
155	12
156	12
157	12
158	12
159	12
160	12
161	12
162	12
163	12
164	12
165	12
166	8
167	8
168	8
169	8
170	8
171	8
172	8
173	8
174	8
175	8
176	8
177	8
178	8
179	8
180	8
181	8
182	8
183	2
184	2
185	2
186	2
187	2
188	2
189	7
190	7
191	2
192	7
193	2
194	7
195	7
196	2
197	7
198	2
199	7
200	2
201	7
202	7
203	7
204	2
205	7
206	7
207	7
208	5
209	5
210	5
211	5
212	5
213	5
214	5
215	5
216	5
217	5
218	5
219	5
220	5
221	5
222	5
223	5
224	5
225	5
226	5
227	5
228	5
229	5
230	5
231	5
232	5
233	5
234	5
235	5
236	5
237	5
238	5
239	5
240	5
241	5
242	5
243	5
244	5
245	5
246	5
247	5
248	2
249	2
250	7
251	2
252	7
253	7
254	7
255	7
256	7
257	7
258	7
259	7
260	7
261	3
262	3
263	3
264	3
265	3
266	3
267	3
268	3
269	3
270	3
271	3
272	3
273	3
274	3
275	3
276	3
277	3
278	3
279	3
280	3
281	3
282	3
283	3
284	3
285	3
286	3
287	3
288	3
289	3
290	3
291	3
292	3
293	3
294	3
295	3
296	3
297	3
298	3
299	3
300	3
301	3
302	2
303	2
304	2
305	2
306	13
307	13
308	13
309	13
310	13
311	13
312	13
313	13
314	13
316	1
317	1
318	1
319	1
320	1
321	1
322	1
323	1
324	1
325	1
326	1
327	1
328	1
329	1
330	1
331	13
332	13
333	13
334	13
335	13
336	13
337	1
338	1
339	1
340	13
341	13
342	13
343	13
344	13
345	13
346	13
347	13
348	13
349	13
350	13
351	13
352	13
353	13
354	13
355	13
356	6
357	6
358	6
359	6
360	6
361	6
362	6
363	6
364	6
365	6
366	6
367	6
368	6
369	13
370	13
371	13
372	13
373	13
374	13
375	13
376	13
377	13
378	13
379	13
380	13
381	13
382	13
383	13
384	13
385	13
386	13
387	13
388	13
389	1
390	1
391	1
392	1
393	1
394	13
395	13
396	13
397	13
398	1
399	1
400	1
401	1
402	1
403	5
404	5
405	5
406	5
407	5
408	5
409	9
410	9
411	9
412	9
413	2
414	2
415	9
416	9
417	2
418	9
419	2
420	9
421	2
422	9
423	9
424	9
425	8
426	8
427	8
428	8
429	8
430	8
431	8
432	8
433	2
434	9
435	9
436	2
437	2
438	9
439	9
440	9
441	9
442	9
443	2
444	9
445	9
446	8
447	8
448	8
449	8
450	8
451	2
452	9
453	9
454	8
455	8
456	8
457	2
458	9
459	9
460	9
461	2
462	2
463	8
464	8
465	8
466	8
467	8
468	8
469	8
470	8
471	8
472	8
473	2
474	9
475	3
476	3
477	3
478	3
479	3
480	3
481	3
482	3
483	3
484	5
485	5
486	3
487	3
488	3
489	3
490	3
491	3
492	3
493	3
494	3
495	3
496	3
497	3
498	5
499	3
500	3
501	3
502	5
503	3
504	3
505	3
506	5
507	5
508	5
509	5
510	5
511	5
512	5
513	5
514	5
515	5
516	5
517	5
518	5
519	5
520	5
521	5
522	11
523	11
524	11
525	11
526	7
527	7
528	11
529	11
530	11
531	11
532	11
533	11
534	11
535	11
536	11
537	11
538	7
539	7
540	7
541	7
542	7
543	7
544	7
545	7
546	7
547	7
548	7
549	7
550	7
551	7
552	7
553	7
554	7
555	7
556	7
557	7
558	7
559	5
560	5
561	5
562	5
563	5
564	5
565	7
566	7
567	7
568	7
569	7
570	11
571	11
572	11
573	11
574	11
575	11
576	11
577	11
578	11
579	11
580	11
581	7
582	7
583	7
584	7
585	7
586	7
587	3
588	5
589	5
590	5
591	5
592	5
593	5
594	3
595	5
596	3
597	5
598	3
599	5
600	5
601	5
602	5
603	7
604	7
605	7
606	7
607	7
608	7
609	7
610	7
611	7
612	7
613	7
614	7
615	7
616	7
617	3
618	5
619	5
620	3
621	3
622	3
623	3
624	3
625	3
626	3
627	3
628	5
629	5
630	5
631	5
632	5
633	5
634	3
635	5
636	3
637	3
638	3
639	7
640	7
641	7
642	7
643	7
644	7
645	7
646	7
647	7
648	7
649	7
650	7
651	7
652	7
653	7
654	7
655	7
656	7
657	8
658	8
659	3
660	3
661	9
662	9
663	9
664	9
665	9
666	9
667	9
668	9
669	9
670	8
671	8
672	8
673	8
674	8
675	8
676	8
677	8
678	8
679	8
680	9
681	9
682	9
683	9
684	9
685	9
686	9
687	9
688	9
689	9
690	9
691	9
692	9
693	9
694	9
695	9
696	9
697	8
698	8
699	8
700	8
701	8
702	8
703	8
704	8
705	8
706	8
707	8
708	8
709	8
710	8
711	8
712	8
713	8
714	9
715	9
716	3
717	3
718	8
719	8
720	8
721	3
722	3
723	3
724	3
725	3
726	3
727	3
728	3
729	3
730	3
731	3
732	2
733	2
734	2
735	2
736	2
737	8
738	8
739	8
740	8
741	8
742	8
743	8
744	8
745	2
746	2
747	2
748	2
749	2
750	2
751	2
752	2
753	2
754	2
755	2
756	2
757	2
758	2
759	2
760	2
761	2
762	2
763	2
764	2
765	2
766	8
767	8
768	8
769	8
770	2
771	2
772	8
773	8
774	8
775	8
776	8
777	8
778	8
779	8
780	8
781	8
782	8
783	8
784	8
785	5
786	8
787	8
788	8
789	8
790	8
791	5
792	5
793	5
794	5
795	5
796	5
797	5
798	5
799	5
800	5
801	8
802	8
803	8
804	8
805	5
806	5
807	5
808	8
809	8
810	8
811	1
812	1
813	1
814	1
815	1
816	1
817	1
818	1
819	1
820	1
821	1
822	1
823	1
824	1
825	1
826	1
827	6
828	6
829	1
830	1
831	1
832	1
833	1
834	1
835	1
836	1
837	1
838	1
839	1
840	1
841	1
842	1
843	1
844	1
845	1
846	1
847	1
848	6
849	6
850	1
851	1
852	1
853	1
854	1
855	1
856	6
857	1
858	7
859	7
860	7
861	7
862	7
863	7
864	7
865	7
866	7
867	2
868	7
869	7
870	2
871	1
872	1
873	1
874	1
875	1
876	1
877	1
878	1
879	1
880	6
881	1
882	1
883	1
884	1
885	1
886	1
887	1
888	1
889	1
890	1
891	6
892	6
893	1
894	1
895	1
896	1
897	1
898	1
899	6
900	6
901	1
902	1
903	1
904	1
905	1
906	1
907	1
908	1
909	1
910	6
911	6
912	6
913	6
914	1
915	1
916	1
917	1
918	1
919	1
920	1
921	1
922	6
923	6
924	6
925	1
926	1
927	1
928	1
929	1
930	1
931	1
932	1
933	6
934	6
935	1
936	1
937	1
938	1
939	6
940	6
941	1
942	1
943	6
944	6
945	6
946	1
947	1
948	1
949	1
950	6
951	1
952	1
953	6
954	6
955	6
956	6
957	1
958	1
959	1
960	6
961	6
962	1
963	1
964	1
965	1
966	6
967	6
968	6
969	1
970	1
971	1
972	1
973	1
974	1
975	1
976	1
977	1
978	6
979	6
980	6
981	6
982	10
983	10
984	10
985	8
986	8
987	8
988	8
989	8
990	8
991	8
992	8
993	8
994	8
995	8
996	8
997	8
998	8
999	8
1000	8
1001	8
1002	8
1003	8
1004	8
1005	8
1006	8
1007	10
1008	10
1009	8
1010	10
1011	10
1012	10
1013	10
1014	10
1015	10
1016	10
1017	10
1018	10
1019	10
1020	10
1021	10
1022	10
1023	10
1024	10
1025	10
1026	10
1027	10
1028	10
1029	10
1030	10
1031	10
1032	10
1033	10
1034	10
1035	10
1036	10
1037	10
1038	10
1039	10
1040	10
1041	10
1042	10
1043	10
1044	10
1045	10
1046	10
1047	10
1048	10
1049	10
1050	10
1051	10
1052	10
1053	10
1054	10
1055	10
1056	10
1057	10
1058	10
1059	10
1060	10
1061	10
1062	10
1063	10
1064	10
1065	10
1066	10
1067	10
1068	10
1069	10
1070	10
1071	10
1072	10
1073	10
1074	10
1075	2
1076	2
1077	2
1078	2
1079	2
1080	2
1081	2
1082	2
1083	2
1084	2
1085	2
1086	2
1087	3
1088	3
1089	3
1090	3
1091	3
1092	3
1093	3
1094	5
1095	5
1096	5
1097	5
1098	5
1099	5
1100	5
1101	5
1102	5
1103	5
1104	5
1105	5
1106	5
1107	6
1108	6
1109	6
1110	6
1111	6
1112	6
1113	6
1114	13
1115	6
1116	13
1117	6
1118	13
1119	6
1120	13
1121	6
1122	13
1123	6
1124	13
1125	13
1126	6
1127	6
1128	6
1129	6
1130	13
1131	13
1132	13
1133	13
1134	6
1135	6
1136	1
1137	1
1138	6
1139	1
1140	6
1141	6
1142	6
1143	6
1144	6
1145	6
1146	13
1147	13
1148	6
1149	6
1150	6
1151	6
1152	6
1153	13
1154	5
1155	5
1156	5
1157	5
1158	13
1159	5
1160	13
1161	5
1162	13
1163	13
1164	13
1165	13
1166	13
1167	13
1168	5
1169	10
1170	10
1171	10
1172	10
1173	10
1174	10
1175	10
1176	10
1177	10
1178	10
1179	10
1180	10
1181	10
1182	10
1183	10
1184	10
1185	10
1186	10
1187	10
1188	10
1189	10
1190	10
1191	10
1192	10
1193	10
1194	10
1195	10
1196	10
1197	10
1198	10
1199	10
1200	6
1201	6
1202	6
1203	6
1204	6
1205	6
1206	6
1207	6
1208	6
1209	6
1210	6
1211	6
1212	6
1213	6
1214	6
1215	6
1216	6
1217	6
1218	6
1219	6
1220	6
1221	6
1222	6
1223	6
1224	6
1225	6
1226	6
1227	6
1228	6
1229	6
1230	6
1231	6
1232	6
1233	6
1234	6
1235	6
1236	6
1237	6
1238	6
1239	6
1240	3
1241	3
1242	5
1243	5
1244	5
1245	3
1246	5
1247	5
1248	5
1249	5
1250	5
1251	5
1252	5
1253	2
1254	2
1255	2
1256	2
1257	2
1258	5
1259	5
1260	5
1261	5
1262	5
1263	3
1264	2
1265	2
1266	2
1267	2
1268	2
1269	2
1270	2
1271	2
1272	2
1273	2
1274	2
1275	2
1276	2
1277	2
1278	5
1279	5
1280	5
1281	5
1282	3
1283	3
1284	2
1285	2
1286	2
1287	2
1288	5
1289	5
1290	5
1291	5
1292	5
1293	5
1294	5
1295	5
1296	5
1297	5
1298	5
1299	5
1300	5
1301	5
1302	5
1303	2
1304	2
1305	2
1306	2
1307	2
1308	2
1309	2
1310	2
1311	2
1312	2
1313	2
1314	1
1315	1
1316	1
1317	1
1318	1
1319	1
1320	1
1321	1
1322	1
1323	6
1324	1
1325	1
1326	1
1327	6
1328	1
1329	1
1330	1
1331	6
1332	6
1333	1
1334	1
1335	1
1336	1
1337	6
1338	1
1339	1
1340	1
1341	1
1342	1
1343	1
1344	6
1345	1
1346	2
1347	2
1348	2
1349	2
1350	2
1351	2
1352	2
1353	2
1354	2
1355	2
1356	2
1357	2
1358	2
1359	2
1360	2
1361	2
1362	2
1363	6
1364	6
1365	6
1366	6
1367	6
1368	6
1369	6
1370	6
1371	6
1372	6
1373	6
1374	6
1375	6
1376	6
1377	6
1378	6
1379	6
1380	6
1381	5
1382	5
1383	5
1384	5
1385	5
1386	5
1387	5
1388	5
1389	5
1390	5
1391	5
1392	5
1393	5
1394	5
1395	5
1396	5
1397	2
1398	2
1399	2
1400	2
1401	2
1402	2
1403	2
1404	2
1405	2
1406	2
1407	2
1408	2
1409	2
1410	2
1411	2
1412	2
1413	2
1414	2
1415	2
1416	2
1417	2
1418	2
1419	2
1420	2
1421	2
1422	2
1423	2
1424	2
1425	2
1426	2
1427	2
1428	11
1429	11
1430	11
1431	11
1432	11
1433	11
1434	11
1435	11
1436	11
1437	11
1438	11
1439	11
1440	11
1441	10
1442	10
1443	10
1444	10
1445	10
1446	10
1447	10
1448	10
1449	10
1450	10
1451	10
1452	10
1453	10
1454	10
1455	11
1456	11
1457	11
1458	11
1459	11
1460	11
1461	11
1462	11
1463	11
1464	11
1465	5
1466	5
1467	5
1468	5
1469	5
1470	5
1471	5
1472	5
1473	5
1474	5
1475	5
1476	5
1477	5
1478	5
1479	5
1480	5
1481	5
1482	5
1483	5
1484	5
1485	5
1486	5
1487	5
1488	5
1489	10
1490	10
1491	10
1492	10
1493	10
1494	10
1495	10
1496	10
1497	10
1498	10
1499	10
1500	10
1501	7
1502	7
1503	7
1504	7
1505	7
1506	7
1507	7
1508	7
1509	7
1510	7
1511	7
1512	7
1513	7
1514	7
1515	7
1516	7
1517	7
1518	7
1519	7
1520	7
1521	7
1522	7
1523	7
1524	7
1525	7
1526	7
1527	7
1528	7
1529	8
1530	8
1531	8
1532	8
1533	8
1534	8
1535	8
1536	8
1537	8
1538	8
1539	8
1540	8
1541	8
1542	8
1543	8
1544	8
1545	8
1546	8
1547	8
1548	8
1549	8
1550	8
1551	8
1552	11
1553	11
1554	6
1555	6
1556	6
1557	6
1558	11
1559	11
1560	11
1561	11
1562	11
1563	11
1564	11
1565	11
1566	6
1567	11
1568	11
1569	11
1570	11
1571	11
1572	11
1573	11
1574	11
1575	11
1576	2
1577	2
1578	2
1579	2
1580	2
1581	2
1582	2
1583	2
1584	2
1585	2
1586	2
1587	2
1588	2
1589	2
1590	2
1591	2
1592	2
1593	2
1594	2
1595	2
1596	2
1597	2
1598	2
1599	2
1600	2
1601	2
1602	11
1603	11
1604	11
1605	11
1606	11
1607	11
1608	11
1609	11
1610	11
1611	11
1612	11
1613	11
1614	11
1615	11
1616	11
1617	11
1618	5
1619	5
1620	5
1621	5
1622	5
1623	5
1624	5
1625	5
1626	5
1627	5
1628	5
1629	10
1630	10
1631	10
1632	10
1633	10
1634	10
1635	10
1636	10
1637	10
1638	10
1639	10
1640	10
1641	10
1642	10
1643	10
1644	5
1645	5
1646	5
1647	5
1648	5
1649	10
1650	10
1651	10
1652	10
1653	10
1654	10
1655	10
1656	10
1658	10
1659	10
1660	10
1661	10
1662	10
1663	10
1664	10
1665	10
1666	10
1667	10
1668	10
1669	10
1670	10
1671	10
1672	10
1673	5
1674	10
1675	10
1676	10
1677	5
1678	3
1679	3
1680	3
1681	3
1682	3
1683	3
1684	3
1685	2
1686	2
1687	2
1688	2
1689	2
1690	2
1691	2
1692	2
1693	2
1694	2
1695	2
1696	2
1697	2
1698	2
1699	2
1700	2
1701	9
1702	9
1703	9
1704	9
1705	9
1706	9
1707	9
1708	9
1709	9
1710	9
1711	9
1712	9
1713	5
1714	5
1715	5
1716	5
1717	5
1718	5
1719	5
1720	5
1721	5
1722	5
1723	5
1724	5
1725	9
1726	9
1727	9
1728	5
1729	9
1730	9
1731	9
1732	9
1733	9
1734	9
1735	9
1736	9
1737	9
1738	9
1739	9
1740	9
1741	9
1742	7
1743	7
1744	9
1745	7
1746	7
1747	7
1748	7
1749	7
1750	7
1751	7
1752	7
1753	7
1754	7
1755	7
1756	9
1757	5
1758	5
1759	5
1760	5
1761	7
1762	7
1763	7
1764	9
1765	7
1766	7
1767	9
1768	7
1769	7
1770	7
1771	7
1772	7
1773	7
1774	5
1775	5
1776	5
1777	5
1778	5
1779	5
1780	5
1781	5
1782	5
1783	5
1784	5
1785	5
1786	5
1787	7
1788	7
1789	7
1790	7
1791	7
1792	7
1793	7
1794	7
1795	5
1796	5
1797	5
1798	5
1799	7
1800	7
1801	7
1802	7
1803	7
1804	9
1805	7
1806	9
1807	7
1808	7
1809	11
1810	11
1811	11
1812	11
1813	11
1814	11
1815	11
1816	11
1817	11
1818	11
1819	11
1820	11
1821	11
1822	11
1823	11
1824	11
1825	11
1826	11
1827	11
1828	11
1829	11
1830	3
1831	3
1832	3
1833	3
1834	3
1835	11
1836	11
1837	3
1838	11
1839	11
1840	6
1841	6
1842	6
1843	6
1844	6
1845	11
1846	11
1847	11
1848	11
1849	11
1850	11
1851	11
1852	11
1853	11
1854	11
1855	11
1856	11
1857	5
1858	5
1859	5
1860	5
1861	5
1862	5
1863	11
1864	11
1865	11
1866	11
1867	11
1868	11
1869	11
1870	11
1871	11
1872	3
1873	3
1874	3
1875	3
1876	3
1877	3
1878	3
1879	3
1880	3
1881	3
1882	3
1883	3
1884	3
1885	3
1886	3
1887	3
1888	3
1889	3
1890	3
1891	3
1892	3
1893	3
1894	3
1895	7
1896	7
1897	7
1898	13
1899	13
1900	13
1901	13
1902	13
1903	13
1904	2
1905	2
1906	2
1907	2
1908	2
1909	7
1910	2
1911	7
1912	2
1913	2
1914	2
1915	2
1916	13
1917	13
1918	13
1919	13
1920	13
1921	13
1922	13
1923	13
1924	7
1925	7
1926	2
1927	2
1928	7
1929	2
1930	7
1931	2
1932	2
1933	2
1934	2
1935	2
1936	2
1937	7
1938	2
1939	2
1940	7
1941	7
1942	2
1943	2
1944	2
1945	2
1946	2
1947	2
1948	2
1949	2
1950	2
1951	7
1952	7
1953	2
1954	2
1955	2
1956	2
1957	7
1958	2
1959	7
1960	2
1961	2
1962	7
1963	2
1964	7
1965	7
1966	2
1967	2
1968	2
1969	2
1970	7
1971	2
1972	7
1973	2
1974	7
1975	2
1976	8
1977	8
1978	8
1979	8
1980	8
1981	8
1982	8
1983	8
1984	8
1985	8
1986	8
1987	8
1988	8
1989	8
1990	8
1991	8
1992	8
1993	8
1994	8
1995	8
1996	8
1997	8
1998	8
1999	8
2000	8
2001	8
2002	8
2003	8
2004	8
2005	8
2006	8
2007	8
2008	8
2009	8
2010	8
2011	8
2012	8
2013	8
2014	8
2015	8
2016	8
2017	3
2018	3
2019	3
2020	3
2021	3
2022	3
2023	3
2024	3
2025	3
2026	3
2027	3
2028	3
2029	3
2030	8
2031	8
2032	8
2033	8
2034	8
2035	3
2036	3
2037	3
2038	3
2039	3
2040	3
2041	3
2042	3
2043	3
2044	3
2045	3
2046	3
2047	3
2048	3
2049	3
2050	3
2051	3
2052	3
2053	3
2054	3
2055	3
2056	3
2057	3
2058	11
2059	11
2060	11
2061	11
2062	11
2063	11
2064	11
2065	11
2066	11
2067	11
2068	3
2069	3
2070	3
2071	5
2072	3
2073	5
2074	3
2075	3
2076	3
2077	5
2078	5
2079	3
2080	5
2081	3
2082	5
2083	3
2084	3
2085	3
2086	3
2087	3
2088	3
2089	2
2090	2
2091	2
2092	2
2093	2
2094	2
2095	2
2096	7
2097	7
2098	7
2099	7
2100	7
2101	7
2102	7
2103	7
2104	7
2105	7
2106	7
2107	7
2108	7
2109	7
2110	7
2111	7
2112	7
2113	9
2114	4
2115	4
2116	4
2117	4
2118	9
2119	9
2120	4
2121	4
2122	9
2123	9
2124	3
2125	4
2126	4
2127	4
2128	4
2129	4
2130	9
2131	4
2132	4
2133	9
2134	9
2135	4
2136	9
2137	9
2138	9
2139	4
2140	4
2141	4
2142	9
2143	9
2144	9
2145	4
2146	9
2147	9
2148	4
2149	9
2150	4
2151	4
2152	4
2153	4
2154	4
2155	9
2156	9
2157	9
2158	4
2159	9
2160	4
2161	4
2162	4
2163	4
2164	9
2165	9
2166	9
2167	4
2168	4
2169	4
2170	4
2171	9
2172	4
2173	4
2174	9
2175	9
2176	9
2177	9
2178	4
2179	4
2180	9
2181	9
2182	4
2183	4
2184	4
2185	4
2186	4
2187	4
2188	9
2189	4
2190	4
2191	4
2192	4
2193	4
2194	9
2195	9
2196	9
2197	9
2198	4
2199	9
2200	4
2201	9
2202	9
2203	9
2204	4
2205	4
2206	4
2207	4
2208	4
2209	4
2210	4
2211	9
2212	9
2213	4
2214	4
2215	9
2216	9
2217	4
2218	4
2219	4
2220	4
2221	4
2222	9
2223	9
2224	4
2225	4
2226	4
2227	4
2228	9
2229	9
2230	9
2231	9
2232	4
2233	9
2234	9
2235	4
2236	9
2237	9
2238	9
2239	4
2240	4
2241	9
2242	9
2243	9
2244	9
2245	9
2246	4
2247	9
2248	9
2249	4
2250	4
2251	4
2252	4
2253	9
2254	9
2255	9
2256	9
2257	4
2258	4
2259	4
2260	4
2261	9
2262	9
2263	4
2264	4
2265	4
2266	9
2267	4
2268	4
2269	9
2270	9
2271	9
2272	4
2273	9
2274	4
2275	4
2276	4
2277	9
2278	9
2279	9
2280	4
2281	4
2282	4
2283	4
2284	3
2285	3
2286	9
2287	4
2288	4
2289	4
2290	4
2291	4
2292	4
2293	4
2294	4
2295	4
2296	4
2297	9
2298	9
2299	9
2300	9
2301	4
2302	9
2303	4
2304	4
2305	4
2306	4
2307	4
2308	4
2309	3
2310	3
2311	3
2312	1
2313	1
2314	1
2315	1
2316	1
2317	1
2318	1
2319	1
2320	1
2321	1
2322	1
2323	1
2324	1
2325	1
2326	1
2327	1
2328	1
2329	1
2330	2
2331	7
2332	7
2333	7
2334	7
2335	7
2336	7
2337	7
2338	7
2339	7
2340	7
2341	7
2342	7
2343	7
2344	7
2345	7
2346	1
2347	1
2348	1
2349	1
2350	1
2351	1
2352	1
2353	1
2354	1
2355	1
2356	1
2357	1
2358	1
2359	1
2360	1
2361	1
2362	1
2363	1
2364	1
2365	1
2366	4
2367	4
2368	4
2369	4
2370	4
2371	4
2372	4
2373	4
2374	4
2375	4
2376	4
2377	4
2378	4
2379	4
2380	4
2381	4
2382	4
2383	4
2384	4
2385	4
2386	11
2387	4
2388	11
2389	11
2390	4
2391	11
2392	4
2393	4
2394	4
2395	4
2396	4
2397	4
2398	11
2399	11
2400	11
2401	4
2402	4
2403	4
2404	4
2405	4
2406	11
2407	4
2408	11
2409	4
2410	4
2411	4
2412	4
2413	4
2414	4
2415	13
2416	13
2417	13
2418	13
2419	12
2420	12
2421	12
2422	13
2423	13
2424	13
2425	13
2426	13
2427	12
2428	12
2429	12
2430	12
2431	13
2432	13
2433	12
2434	13
2435	13
2436	13
2437	13
2438	12
2439	12
2440	13
2441	13
2442	13
2443	13
2444	13
2445	13
2446	13
2447	12
2448	13
2449	12
2450	12
2451	12
2452	12
2453	12
2454	12
2455	13
2456	12
2457	12
2458	12
2459	12
2460	12
2461	13
2462	12
2463	12
2464	12
2465	13
2466	12
2467	12
2468	12
2469	12
2470	12
2471	12
2472	12
2473	12
2474	12
2475	12
2476	12
2477	12
2478	12
2479	12
2480	12
2481	12
2482	12
2483	12
2484	12
2485	12
2486	12
2487	12
2488	12
2489	12
2490	12
2491	12
2492	12
2493	12
2494	12
2495	12
2496	13
2497	13
2498	13
2499	13
2500	12
2501	12
2502	13
2503	13
2504	13
2505	13
2506	13
2507	13
2508	13
2509	13
2510	13
2511	13
2512	13
2513	13
2514	13
2515	12
2516	12
2517	12
2518	12
2519	12
2520	12
2521	12
2522	12
2523	13
2524	13
2525	12
2526	12
2527	12
2528	13
2529	13
2530	12
2531	12
2532	12
2533	12
2534	13
2535	13
2536	13
2537	12
2538	13
2539	12
2540	12
2541	12
2542	13
2543	13
2544	12
2545	12
2546	12
2547	13
2548	13
2549	13
2550	12
2551	12
2552	12
2553	12
2554	12
2555	12
2556	12
2557	12
2558	13
2559	13
2560	13
2561	13
2562	13
2563	12
2564	13
2565	13
2566	13
2567	13
2568	12
2569	13
2570	13
2571	13
2572	13
2573	13
2574	13
2575	12
2576	12
2577	12
2578	12
2579	12
2580	12
2581	12
2582	12
2583	12
2584	12
2585	12
2586	12
2587	12
2588	12
2589	12
2590	12
2591	12
2592	12
2593	12
2594	13
2595	13
2596	13
2597	13
2598	13
2599	13
2600	12
2601	12
2602	13
2603	12
2604	12
2605	12
2606	3
2607	3
2608	3
2609	3
2610	3
2611	3
2612	3
2613	3
2614	3
2615	3
2616	3
2617	3
2618	3
2619	3
2620	3
2621	3
2622	3
2623	3
2624	3
2625	3
2626	3
2627	3
2628	3
2629	3
2630	3
2631	3
2632	3
2633	3
2634	3
2635	3
2636	3
2637	3
2638	3
2639	3
2640	11
2641	11
2642	11
2643	11
2644	11
2645	6
2646	6
2647	6
2648	11
2649	11
2650	11
2651	11
2652	11
2653	11
2654	6
2655	6
2656	11
2657	6
2658	6
2659	11
2660	11
2661	6
2662	6
2663	11
2664	6
2665	11
2666	11
2667	6
2668	11
2669	11
2670	6
2671	11
2672	11
2673	11
2674	6
2675	6
2676	6
2677	6
2678	6
2679	11
2680	6
2681	11
2682	11
2683	11
2684	11
2685	11
2686	11
2687	11
2688	2
2689	2
2690	2
2691	2
315	1
1657	10
