0	11
1	11
2	11
3	11
4	11
5	11
6	11
7	9
8	9
9	9
10	9
11	5
12	9
13	9
14	5
15	9
16	9
17	5
18	9
19	9
20	9
21	1
22	1
23	1
24	1
25	1
26	1
27	1
28	1
29	9
30	9
31	9
32	9
33	9
34	9
35	9
36	9
37	9
38	9
39	9
40	9
41	9
42	9
43	9
44	9
45	9
46	9
47	9
48	9
49	9
50	9
51	9
52	9
53	7
54	7
55	7
56	7
57	7
58	9
59	9
60	9
61	9
62	9
63	9
64	9
65	7
66	7
67	7
68	7
69	7
70	7
71	1
72	1
73	1
74	1
75	9
76	9
77	9
78	9
79	9
80	9
81	9
82	9
83	12
84	12
85	12
86	12
87	12
88	12
89	12
90	12
91	12
92	12
93	12
94	12
95	12
96	5
97	9
98	9
99	5
100	9
101	9
102	9
103	9
104	9
105	9
106	9
107	9
108	9
109	9
110	9
111	5
112	5
113	5
114	9
115	9
116	9
117	5
118	5
119	5
120	9
121	5
122	5
123	9
124	5
125	5
126	5
127	5
128	5
129	10
130	10
131	10
132	10
133	10
134	10
135	10
136	10
137	10
138	10
139	10
140	10
141	10
142	10
143	10
144	10
145	10
146	10
147	10
148	10
149	10
150	10
151	10
152	10
153	10
154	10
155	10
156	10
157	10
158	10
159	10
160	10
161	10
162	10
163	10
164	10
165	10
166	12
167	12
168	12
169	10
170	12
171	12
172	12
173	12
174	10
175	10
176	10
177	12
178	10
179	12
180	12
181	10
182	10
183	11
184	11
185	11
186	11
187	11
188	11
189	11
190	11
191	11
192	11
193	11
194	11
195	11
196	11
197	11
198	11
199	11
200	11
201	11
202	11
203	11
204	11
205	11
206	11
207	11
208	1
209	1
210	1
211	1
212	1
213	1
214	1
215	1
216	1
217	1
218	1
219	1
220	1
221	1
222	1
223	1
224	1
225	1
226	1
227	1
228	1
229	1
230	1
231	1
232	1
233	1
234	1
235	1
236	1
237	1
238	1
239	1
240	1
241	1
242	1
243	1
244	1
245	1
246	1
247	1
248	11
249	11
250	11
251	11
252	11
253	11
254	11
255	11
256	11
257	11
258	11
259	11
260	11
261	4
262	4
263	4
264	4
265	4
266	4
267	4
268	4
269	4
270	4
271	4
272	4
273	4
274	4
275	4
276	4
277	4
278	4
279	4
280	4
281	4
282	4
283	4
284	4
285	4
286	4
287	4
288	4
289	4
290	4
291	4
292	4
293	4
294	4
295	4
296	4
297	4
298	4
299	4
300	4
301	4
302	11
303	11
304	11
305	11
306	7
307	8
308	7
309	7
310	7
311	7
312	7
313	7
314	7
316	6
317	6
318	6
319	6
320	6
321	6
322	6
323	6
324	6
325	6
326	6
327	6
328	6
329	6
330	6
331	7
332	7
333	7
334	7
335	7
336	7
337	6
338	6
339	6
340	7
341	7
342	7
343	7
344	8
345	8
346	7
347	7
348	7
349	7
350	7
351	8
352	7
353	8
354	8
355	8
356	7
357	7
358	7
359	7
360	7
361	7
362	7
363	7
364	7
365	7
366	7
367	7
368	7
369	7
370	8
371	8
372	7
373	7
374	7
375	8
376	7
377	7
378	7
379	7
380	7
381	8
382	8
383	7
384	7
385	7
386	7
387	7
388	7
389	6
390	6
391	6
392	6
393	6
394	7
395	7
396	7
397	7
398	6
399	6
400	6
401	6
402	6
403	1
404	1
405	1
406	1
407	1
408	1
409	3
410	3
411	3
412	3
413	3
414	9
415	3
416	3
417	3
418	9
419	9
420	3
421	9
422	3
423	9
424	3
425	12
426	12
427	12
428	12
429	12
430	12
431	12
432	12
433	9
434	3
435	3
436	9
437	9
438	3
439	3
440	3
441	3
442	3
443	3
444	9
445	3
446	12
447	12
448	12
449	12
450	12
451	3
452	3
453	3
454	12
455	12
456	12
457	9
458	3
459	3
460	3
461	9
462	9
463	12
464	12
465	12
466	12
467	12
468	12
469	12
470	12
471	12
472	12
473	9
474	3
475	4
476	4
477	4
478	4
479	4
480	4
481	4
482	4
483	4
484	1
485	1
486	4
487	4
488	4
489	4
490	4
491	4
492	4
493	4
494	4
495	4
496	4
497	4
498	1
499	4
500	4
501	4
502	1
503	4
504	4
505	4
506	1
507	1
508	1
509	1
510	1
511	1
512	1
513	1
514	1
515	1
516	1
517	1
518	1
519	1
520	1
521	1
522	5
523	5
524	5
525	5
526	11
527	11
528	5
529	5
530	5
531	5
532	5
533	5
534	5
535	5
536	5
537	5
538	11
539	11
540	11
541	11
542	11
543	11
544	11
545	11
546	11
547	11
548	11
549	11
550	11
551	11
552	11
553	11
554	11
555	11
556	11
557	11
558	11
559	1
560	1
561	1
562	1
563	1
564	1
565	11
566	11
567	11
568	11
569	11
570	5
571	5
572	5
573	5
574	5
575	5
576	5
577	5
578	5
579	5
580	5
581	11
582	11
583	11
584	11
585	11
586	11
587	4
588	1
589	1
590	1
591	1
592	1
593	1
594	1
595	1
596	4
597	1
598	4
599	1
600	1
601	1
602	1
603	11
604	11
605	11
606	11
607	11
608	11
609	11
610	11
611	11
612	11
613	11
614	11
615	11
616	11
617	4
618	1
619	1
620	4
621	4
622	4
623	4
624	4
625	4
626	4
627	4
628	1
629	1
630	1
631	1
632	4
633	4
634	4
635	1
636	4
637	4
638	4
639	11
640	11
641	11
642	11
643	11
644	11
645	11
646	11
647	11
648	11
649	11
650	11
651	11
652	11
653	11
654	11
655	11
656	11
657	10
658	12
659	10
660	10
661	3
662	3
663	3
664	3
665	3
666	3
667	3
668	3
669	3
670	1
671	1
672	4
673	4
674	4
675	1
676	4
677	4
678	4
679	4
680	3
681	3
682	3
683	3
684	3
685	3
686	3
687	3
688	3
689	3
690	3
691	3
692	3
693	3
694	3
695	3
696	3
697	1
698	4
699	4
700	1
701	1
702	1
703	1
704	4
705	4
706	4
707	1
708	1
709	4
710	1
711	1
712	1
713	1
714	3
715	3
716	1
717	1
718	1
719	1
720	4
721	1
722	1
723	1
724	1
725	1
726	1
727	1
728	1
729	1
730	1
731	1
732	6
733	6
734	6
735	6
736	6
737	10
738	12
739	12
740	10
741	12
742	12
743	10
744	10
745	6
746	6
747	6
748	6
749	6
750	6
751	6
752	6
753	6
754	6
755	6
756	9
757	9
758	6
759	6
760	6
761	6
762	9
763	9
764	6
765	6
766	10
767	12
768	12
769	12
770	9
771	9
772	12
773	12
774	12
775	12
776	10
777	10
778	10
779	12
780	10
781	10
782	10
783	12
784	12
785	1
786	12
787	10
788	10
789	10
790	10
791	1
792	1
793	1
794	1
795	1
796	1
797	1
798	1
799	1
800	1
801	10
802	10
803	10
804	10
805	1
806	1
807	1
808	10
809	10
810	12
811	13
812	13
813	13
814	6
815	13
816	13
817	13
818	13
819	13
820	13
821	6
822	13
823	13
824	13
825	13
826	13
827	13
828	13
829	13
830	6
831	13
832	13
833	13
834	6
835	6
836	13
837	6
838	13
839	13
840	6
841	13
842	13
843	13
844	13
845	13
846	13
847	13
848	13
849	13
850	13
851	13
852	13
853	13
854	13
855	13
856	13
857	13
858	11
859	11
860	11
861	11
862	11
863	11
864	11
865	11
866	11
867	11
868	11
869	11
870	11
871	13
872	13
873	13
874	13
875	13
876	13
877	13
878	13
879	13
880	13
881	13
882	13
883	6
884	13
885	6
886	13
887	13
888	13
889	13
890	13
891	13
892	13
893	13
894	13
895	13
896	13
897	13
898	13
899	13
900	13
901	13
902	13
903	13
904	13
905	13
906	13
907	13
908	13
909	13
910	13
911	13
912	13
913	13
914	13
915	13
916	13
917	13
918	13
919	13
920	13
921	13
922	13
923	13
924	13
925	13
926	13
927	13
928	13
929	13
930	13
931	13
932	13
933	13
934	13
935	13
936	13
937	13
938	13
939	13
940	13
941	13
942	13
943	13
944	13
945	13
946	13
947	13
948	13
949	13
950	13
951	13
952	13
953	13
954	13
955	13
956	13
957	13
958	13
959	13
960	13
961	13
962	13
963	13
964	13
965	13
966	13
967	13
968	13
969	13
970	13
971	13
972	13
973	13
974	13
975	13
976	13
977	13
978	13
979	13
980	13
981	13
982	6
983	6
984	6
985	10
986	10
987	10
988	10
989	10
990	10
991	10
992	10
993	10
994	10
995	10
996	10
997	10
998	10
999	10
1000	10
1001	10
1002	10
1003	10
1004	10
1005	10
1006	10
1007	6
1008	6
1009	10
1010	6
1011	6
1012	6
1013	6
1014	6
1015	6
1016	6
1017	6
1018	6
1019	6
1020	6
1021	6
1022	6
1023	6
1024	6
1025	6
1026	6
1027	6
1028	6
1029	6
1030	6
1031	6
1032	6
1033	6
1034	6
1035	6
1036	6
1037	6
1038	6
1039	6
1040	6
1041	6
1042	6
1043	6
1044	6
1045	6
1046	6
1047	6
1048	6
1049	6
1050	6
1051	6
1052	6
1053	6
1054	6
1055	6
1056	6
1057	6
1058	6
1059	6
1060	6
1061	6
1062	6
1063	6
1064	6
1065	6
1066	6
1067	6
1068	6
1069	6
1070	6
1071	6
1072	6
1073	6
1074	6
1075	11
1076	11
1077	11
1078	11
1079	11
1080	11
1081	11
1082	11
1083	11
1084	11
1085	11
1086	11
1087	4
1088	4
1089	4
1090	4
1091	4
1092	4
1093	4
1094	1
1095	1
1096	1
1097	1
1098	1
1099	1
1100	1
1101	1
1102	1
1103	1
1104	1
1105	1
1106	1
1107	7
1108	7
1109	7
1110	7
1111	7
1112	7
1113	7
1114	7
1115	7
1116	7
1117	7
1118	7
1119	7
1120	7
1121	7
1122	7
1123	7
1124	7
1125	7
1126	7
1127	7
1128	7
1129	7
1130	7
1131	7
1132	7
1133	7
1134	7
1135	7
1136	13
1137	13
1138	13
1139	13
1140	7
1141	7
1142	7
1143	7
1144	7
1145	7
1146	7
1147	7
1148	7
1149	7
1150	7
1151	7
1152	7
1153	7
1154	7
1155	7
1156	7
1157	7
1158	7
1159	7
1160	7
1161	7
1162	7
1163	7
1164	7
1165	7
1166	7
1167	7
1168	7
1169	6
1170	6
1171	6
1172	6
1173	6
1174	6
1175	6
1176	6
1177	6
1178	6
1179	6
1180	6
1181	6
1182	6
1183	6
1184	6
1185	6
1186	6
1187	6
1188	6
1189	6
1190	6
1191	6
1192	6
1193	6
1194	6
1195	6
1196	6
1197	6
1198	6
1199	6
1200	13
1201	13
1202	13
1203	13
1204	5
1205	13
1206	13
1207	13
1208	5
1209	13
1210	13
1211	13
1212	5
1213	5
1214	13
1215	13
1216	13
1217	5
1218	13
1219	13
1220	13
1221	13
1222	13
1223	13
1224	5
1225	13
1226	13
1227	5
1228	5
1229	13
1230	13
1231	13
1232	13
1233	13
1234	13
1235	5
1236	13
1237	13
1238	13
1239	5
1240	4
1241	4
1242	4
1243	1
1244	4
1245	4
1246	4
1247	4
1248	1
1249	1
1250	1
1251	1
1252	4
1253	9
1254	9
1255	9
1256	9
1257	9
1258	1
1259	1
1260	1
1261	1
1262	4
1263	4
1264	9
1265	9
1266	9
1267	9
1268	9
1269	9
1270	9
1271	9
1272	9
1273	9
1274	9
1275	9
1276	9
1277	9
1278	1
1279	1
1280	1
1281	1
1282	4
1283	4
1284	9
1285	9
1286	9
1287	9
1288	7
1289	7
1290	7
1291	1
1292	1
1293	1
1294	1
1295	1
1296	1
1297	1
1298	1
1299	7
1300	1
1301	1
1302	1
1303	11
1304	11
1305	11
1306	11
1307	11
1308	11
1309	11
1310	11
1311	11
1312	11
1313	11
1314	13
1315	13
1316	13
1317	13
1318	13
1319	13
1320	13
1321	13
1322	13
1323	13
1324	13
1325	13
1326	13
1327	13
1328	13
1329	13
1330	13
1331	13
1332	13
1333	13
1334	13
1335	13
1336	13
1337	13
1338	13
1339	13
1340	13
1341	13
1342	13
1343	13
1344	13
1345	13
1346	9
1347	11
1348	11
1349	11
1350	11
1351	11
1352	11
1353	11
1354	11
1355	11
1356	11
1357	11
1358	11
1359	11
1360	11
1361	11
1362	11
1363	7
1364	7
1365	13
1366	7
1367	7
1368	13
1369	7
1370	7
1371	7
1372	7
1373	13
1374	13
1375	13
1376	7
1377	13
1378	7
1379	7
1380	7
1381	7
1382	7
1383	7
1384	7
1385	7
1386	7
1387	7
1388	7
1389	7
1390	7
1391	7
1392	7
1393	7
1394	7
1395	7
1396	7
1397	9
1398	9
1399	9
1400	9
1401	9
1402	9
1403	9
1404	9
1405	9
1406	9
1407	9
1408	9
1409	9
1410	9
1411	9
1412	9
1413	9
1414	9
1415	9
1416	9
1417	9
1418	9
1419	9
1420	9
1421	9
1422	9
1423	9
1424	9
1425	9
1426	9
1427	9
1428	5
1429	5
1430	5
1431	5
1432	5
1433	5
1434	5
1435	5
1436	5
1437	5
1438	5
1439	5
1440	5
1441	5
1442	5
1443	5
1444	5
1445	5
1446	5
1447	5
1448	5
1449	5
1450	5
1451	5
1452	5
1453	5
1454	5
1455	5
1456	5
1457	5
1458	5
1459	5
1460	5
1461	5
1462	5
1463	5
1464	5
1465	1
1466	1
1467	1
1468	1
1469	1
1470	1
1471	1
1472	1
1473	1
1474	1
1475	1
1476	1
1477	1
1478	1
1479	1
1480	1
1481	1
1482	1
1483	1
1484	1
1485	1
1486	1
1487	1
1488	1
1489	6
1490	6
1491	6
1492	6
1493	6
1494	6
1495	6
1496	6
1497	6
1498	6
1499	6
1500	6
1501	9
1502	9
1503	9
1504	9
1505	9
1506	9
1507	9
1508	9
1509	9
1510	9
1511	9
1512	9
1513	9
1514	9
1515	9
1516	9
1517	9
1518	9
1519	9
1520	9
1521	9
1522	9
1523	9
1524	9
1525	9
1526	9
1527	9
1528	9
1529	12
1530	12
1531	12
1532	12
1533	10
1534	12
1535	12
1536	12
1537	12
1538	12
1539	12
1540	12
1541	12
1542	10
1543	12
1544	12
1545	12
1546	12
1547	10
1548	12
1549	12
1550	12
1551	12
1552	12
1553	5
1554	5
1555	5
1556	5
1557	5
1558	5
1559	5
1560	5
1561	5
1562	5
1563	5
1564	5
1565	5
1566	5
1567	5
1568	5
1569	5
1570	5
1571	5
1572	5
1573	5
1574	5
1575	5
1576	6
1577	6
1578	6
1579	6
1580	6
1581	6
1582	6
1583	6
1584	6
1585	6
1586	6
1587	6
1588	6
1589	6
1590	6
1591	6
1592	6
1593	11
1594	11
1595	11
1596	11
1597	11
1598	11
1599	11
1600	11
1601	11
1602	5
1603	5
1604	5
1605	5
1606	5
1607	5
1608	5
1609	5
1610	5
1611	5
1612	5
1613	5
1614	5
1615	5
1616	5
1617	5
1618	1
1619	1
1620	1
1621	1
1622	1
1623	1
1624	1
1625	1
1626	1
1627	1
1628	1
1629	5
1630	5
1631	5
1632	5
1633	5
1634	5
1635	5
1636	5
1637	5
1638	5
1639	5
1640	5
1641	5
1642	5
1643	5
1644	1
1645	1
1646	1
1647	1
1648	1
1649	5
1650	5
1651	5
1652	5
1653	5
1654	5
1655	5
1656	5
1658	5
1659	5
1660	5
1661	5
1662	5
1663	5
1664	5
1665	5
1666	5
1667	5
1668	5
1669	5
1670	5
1671	5
1672	5
1673	1
1674	5
1675	5
1676	5
1677	1
1678	4
1679	4
1680	4
1681	4
1682	4
1683	4
1684	4
1685	9
1686	9
1687	9
1688	9
1689	9
1690	9
1691	9
1692	9
1693	9
1694	9
1695	9
1696	9
1697	9
1698	9
1699	9
1700	9
1701	9
1702	9
1703	3
1704	2
1705	9
1706	9
1707	9
1708	9
1709	9
1710	9
1711	9
1712	9
1713	1
1714	1
1715	1
1716	1
1717	1
1718	1
1719	1
1720	1
1721	1
1722	1
1723	1
1724	1
1725	9
1726	9
1727	9
1728	1
1729	9
1730	9
1731	9
1732	9
1733	9
1734	9
1735	9
1736	9
1737	9
1738	9
1739	9
1740	9
1741	9
1742	3
1743	3
1744	3
1745	3
1746	3
1747	3
1748	3
1749	3
1750	3
1751	3
1752	3
1753	3
1754	3
1755	3
1756	3
1757	1
1758	1
1759	1
1760	1
1761	3
1762	3
1763	3
1764	3
1765	3
1766	3
1767	3
1768	3
1769	3
1770	3
1771	3
1772	3
1773	3
1774	1
1775	1
1776	1
1777	1
1778	1
1779	1
1780	1
1781	1
1782	1
1783	1
1784	1
1785	1
1786	1
1787	3
1788	3
1789	3
1790	3
1791	3
1792	3
1793	3
1794	3
1795	1
1796	1
1797	1
1798	1
1799	3
1800	3
1801	3
1802	3
1803	3
1804	3
1805	3
1806	3
1807	3
1808	3
1809	2
1810	2
1811	2
1812	2
1813	2
1814	2
1815	2
1816	2
1817	2
1818	2
1819	9
1820	2
1821	2
1822	2
1823	2
1824	2
1825	2
1826	2
1827	2
1828	2
1829	2
1830	1
1831	1
1832	1
1833	1
1834	1
1835	2
1836	2
1837	1
1838	2
1839	2
1840	7
1841	7
1842	7
1843	7
1844	7
1845	2
1846	2
1847	2
1848	2
1849	2
1850	2
1851	2
1852	2
1853	2
1854	2
1855	2
1856	2
1857	1
1858	1
1859	1
1860	1
1861	1
1862	1
1863	2
1864	9
1865	9
1866	9
1867	2
1868	2
1869	2
1870	9
1871	2
1872	4
1873	4
1874	4
1875	4
1876	4
1877	4
1878	4
1879	4
1880	4
1881	4
1882	4
1883	4
1884	4
1885	4
1886	4
1887	4
1888	4
1889	4
1890	4
1891	4
1892	4
1893	4
1894	4
1895	11
1896	11
1897	11
1898	7
1899	7
1900	7
1901	7
1902	7
1903	7
1904	11
1905	11
1906	11
1907	11
1908	11
1909	11
1910	11
1911	11
1912	11
1913	11
1914	11
1915	11
1916	7
1917	7
1918	7
1919	7
1920	7
1921	7
1922	7
1923	7
1924	11
1925	11
1926	11
1927	11
1928	11
1929	11
1930	11
1931	11
1932	11
1933	11
1934	11
1935	11
1936	11
1937	11
1938	11
1939	11
1940	11
1941	11
1942	11
1943	11
1944	11
1945	11
1946	11
1947	11
1948	11
1949	11
1950	11
1951	11
1952	11
1953	11
1954	11
1955	11
1956	11
1957	11
1958	11
1959	11
1960	11
1961	11
1962	11
1963	11
1964	11
1965	11
1966	11
1967	11
1968	11
1969	11
1970	11
1971	11
1972	11
1973	11
1974	11
1975	11
1976	12
1977	12
1978	12
1979	12
1980	12
1981	12
1982	12
1983	12
1984	12
1985	12
1986	12
1987	12
1988	12
1989	12
1990	12
1991	12
1992	12
1993	12
1994	12
1995	12
1996	12
1997	12
1998	12
1999	12
2000	12
2001	12
2002	12
2003	12
2004	12
2005	12
2006	12
2007	12
2008	12
2009	12
2010	12
2011	12
2012	12
2013	12
2014	12
2015	12
2016	12
2017	4
2018	4
2019	4
2020	4
2021	4
2022	4
2023	4
2024	10
2025	4
2026	4
2027	4
2028	4
2029	4
2030	10
2031	10
2032	10
2033	10
2034	10
2035	10
2036	10
2037	10
2038	1
2039	1
2040	1
2041	1
2042	1
2043	4
2044	4
2045	4
2046	10
2047	10
2048	1
2049	1
2050	4
2051	10
2052	10
2053	10
2054	10
2055	10
2056	10
2057	10
2058	12
2059	12
2060	12
2061	12
2062	12
2063	12
2064	12
2065	12
2066	12
2067	12
2068	4
2069	4
2070	4
2071	4
2072	4
2073	4
2074	4
2075	4
2076	4
2077	4
2078	4
2079	4
2080	4
2081	4
2082	4
2083	4
2084	4
2085	4
2086	4
2087	4
2088	4
2089	6
2090	6
2091	6
2092	6
2093	6
2094	6
2095	6
2096	11
2097	11
2098	11
2099	11
2100	11
2101	11
2102	11
2103	11
2104	9
2105	9
2106	9
2107	11
2108	11
2109	11
2110	9
2111	9
2112	9
2113	3
2114	3
2115	2
2116	2
2117	2
2118	3
2119	3
2120	2
2121	2
2122	3
2123	3
2124	4
2125	2
2126	2
2127	2
2128	2
2129	2
2130	3
2131	3
2132	2
2133	3
2134	3
2135	2
2136	3
2137	3
2138	3
2139	2
2140	2
2141	2
2142	3
2143	3
2144	3
2145	2
2146	3
2147	3
2148	2
2149	3
2150	2
2151	2
2152	2
2153	2
2154	3
2155	3
2156	3
2157	3
2158	2
2159	3
2160	2
2161	2
2162	2
2163	2
2164	2
2165	3
2166	3
2167	2
2168	2
2169	2
2170	2
2171	3
2172	2
2173	2
2174	3
2175	3
2176	3
2177	3
2178	2
2179	2
2180	2
2181	2
2182	2
2183	2
2184	2
2185	2
2186	2
2187	2
2188	3
2189	2
2190	2
2191	2
2192	2
2193	2
2194	3
2195	3
2196	3
2197	3
2198	3
2199	3
2200	2
2201	3
2202	3
2203	3
2204	2
2205	2
2206	2
2207	2
2208	2
2209	2
2210	2
2211	3
2212	3
2213	2
2214	2
2215	3
2216	3
2217	2
2218	2
2219	2
2220	2
2221	2
2222	3
2223	3
2224	2
2225	2
2226	2
2227	2
2228	2
2229	3
2230	2
2231	3
2232	2
2233	3
2234	3
2235	2
2236	3
2237	3
2238	3
2239	2
2240	2
2241	3
2242	3
2243	3
2244	3
2245	3
2246	2
2247	3
2248	3
2249	2
2250	2
2251	2
2252	2
2253	3
2254	3
2255	3
2256	3
2257	2
2258	2
2259	2
2260	2
2261	2
2262	3
2263	2
2264	2
2265	2
2266	3
2267	2
2268	2
2269	3
2270	3
2271	3
2272	2
2273	3
2274	2
2275	2
2276	2
2277	3
2278	3
2279	3
2280	2
2281	2
2282	2
2283	3
2284	4
2285	4
2286	3
2287	3
2288	2
2289	2
2290	2
2291	2
2292	2
2293	2
2294	2
2295	2
2296	2
2297	3
2298	3
2299	3
2300	3
2301	2
2302	3
2303	2
2304	2
2305	2
2306	2
2307	3
2308	2
2309	4
2310	4
2311	4
2312	6
2313	6
2314	6
2315	6
2316	6
2317	6
2318	6
2319	6
2320	6
2321	6
2322	6
2323	6
2324	6
2325	6
2326	6
2327	6
2328	6
2329	6
2330	11
2331	11
2332	11
2333	11
2334	11
2335	11
2336	11
2337	11
2338	11
2339	11
2340	11
2341	11
2342	11
2343	11
2344	11
2345	11
2346	6
2347	6
2348	6
2349	6
2350	6
2351	6
2352	6
2353	6
2354	6
2355	6
2356	6
2357	6
2358	6
2359	6
2360	6
2361	6
2362	6
2363	6
2364	6
2365	6
2366	5
2367	5
2368	5
2369	5
2370	5
2371	5
2372	5
2373	5
2374	5
2375	5
2376	5
2377	5
2378	5
2379	5
2380	5
2381	5
2382	5
2383	5
2384	5
2385	5
2386	5
2387	5
2388	5
2389	5
2390	5
2391	5
2392	5
2393	5
2394	5
2395	5
2396	5
2397	5
2398	5
2399	5
2400	5
2401	5
2402	5
2403	5
2404	5
2405	5
2406	5
2407	5
2408	5
2409	5
2410	5
2411	5
2412	5
2413	5
2414	5
2415	8
2416	8
2417	8
2418	8
2419	8
2420	8
2421	8
2422	8
2423	8
2424	8
2425	8
2426	8
2427	8
2428	8
2429	8
2430	8
2431	8
2432	8
2433	8
2434	8
2435	8
2436	8
2437	8
2438	8
2439	8
2440	8
2441	8
2442	8
2443	8
2444	8
2445	8
2446	8
2447	8
2448	8
2449	8
2450	8
2451	8
2452	8
2453	8
2454	8
2455	8
2456	8
2457	8
2458	8
2459	8
2460	8
2461	8
2462	8
2463	8
2464	8
2465	8
2466	8
2467	8
2468	8
2469	8
2470	8
2471	8
2472	8
2473	8
2474	8
2475	8
2476	8
2477	8
2478	8
2479	8
2480	8
2481	8
2482	8
2483	8
2484	8
2485	8
2486	8
2487	8
2488	8
2489	8
2490	8
2491	8
2492	8
2493	8
2494	8
2495	8
2496	10
2497	10
2498	10
2499	8
2500	8
2501	8
2502	8
2503	8
2504	8
2505	8
2506	8
2507	8
2508	10
2509	10
2510	10
2511	8
2512	8
2513	10
2514	10
2515	8
2516	8
2517	8
2518	8
2519	8
2520	8
2521	8
2522	8
2523	10
2524	8
2525	8
2526	8
2527	8
2528	8
2529	10
2530	10
2531	10
2532	10
2533	10
2534	10
2535	10
2536	10
2537	10
2538	10
2539	10
2540	10
2541	10
2542	8
2543	8
2544	10
2545	10
2546	10
2547	8
2548	8
2549	8
2550	8
2551	10
2552	10
2553	10
2554	10
2555	10
2556	10
2557	10
2558	8
2559	8
2560	8
2561	8
2562	10
2563	8
2564	8
2565	8
2566	8
2567	8
2568	8
2569	10
2570	10
2571	8
2572	8
2573	8
2574	10
2575	8
2576	8
2577	8
2578	8
2579	8
2580	8
2581	8
2582	8
2583	8
2584	8
2585	8
2586	8
2587	10
2588	10
2589	10
2590	10
2591	10
2592	10
2593	10
2594	8
2595	8
2596	8
2597	8
2598	8
2599	8
2600	8
2601	8
2602	8
2603	8
2604	8
2605	8
2606	4
2607	4
2608	4
2609	4
2610	4
2611	4
2612	4
2613	4
2614	4
2615	4
2616	4
2617	4
2618	4
2619	4
2620	4
2621	4
2622	4
2623	4
2624	4
2625	4
2626	4
2627	4
2628	4
2629	4
2630	4
2631	4
2632	4
2633	4
2634	4
2635	4
2636	4
2637	4
2638	4
2639	4
2640	12
2641	12
2642	12
2643	12
2644	12
2645	12
2646	12
2647	12
2648	12
2649	12
2650	12
2651	12
2652	12
2653	12
2654	10
2655	12
2656	12
2657	10
2658	12
2659	12
2660	12
2661	10
2662	10
2663	12
2664	10
2665	12
2666	12
2667	12
2668	12
2669	12
2670	10
2671	12
2672	12
2673	12
2674	12
2675	10
2676	12
2677	12
2678	10
2679	12
2680	12
2681	12
2682	12
2683	12
2684	12
2685	12
2686	12
2687	12
2688	11
2689	11
2690	11
2691	11
315	6
1657	5
