0	7
1	7
2	7
3	7
4	7
5	7
6	7
7	3
8	3
9	3
10	3
11	3
12	3
13	3
14	3
15	3
16	3
17	3
18	3
19	3
20	3
21	12
22	12
23	12
24	12
25	12
26	12
27	12
28	12
29	4
30	4
31	4
32	4
33	4
34	4
35	4
36	4
37	4
38	4
39	4
40	4
41	4
42	4
43	4
44	4
45	4
46	4
47	4
48	4
49	4
50	4
51	4
52	4
53	6
54	6
55	6
56	6
57	6
58	4
59	4
60	4
61	4
62	4
63	4
64	4
65	6
66	6
67	6
68	6
69	6
70	6
71	12
72	12
73	12
74	12
75	4
76	4
77	4
78	4
79	4
80	4
81	4
82	4
83	9
84	9
85	9
86	9
87	9
88	9
89	9
90	9
91	9
92	9
93	9
94	9
95	9
96	3
97	3
98	3
99	3
100	3
101	3
102	3
103	3
104	3
105	3
106	3
107	3
108	3
109	3
110	3
111	3
112	3
113	3
114	3
115	3
116	3
117	3
118	3
119	3
120	3
121	3
122	3
123	3
124	3
125	3
126	3
127	3
128	3
129	2
130	2
131	2
132	2
133	2
134	2
135	2
136	2
137	2
138	2
139	2
140	2
141	2
142	2
143	2
144	2
145	2
146	2
147	2
148	2
149	2
150	2
151	2
152	2
153	2
154	2
155	2
156	2
157	2
158	2
159	2
160	2
161	2
162	2
163	2
164	2
165	2
166	9
167	9
168	9
169	11
170	9
171	9
172	9
173	9
174	11
175	11
176	11
177	9
178	11
179	9
180	9
181	11
182	11
183	7
184	7
185	7
186	7
187	7
188	7
189	7
190	7
191	7
192	7
193	7
194	7
195	7
196	7
197	7
198	7
199	7
200	7
201	7
202	7
203	7
204	7
205	7
206	7
207	7
208	12
209	12
210	12
211	12
212	12
213	12
214	12
215	12
216	12
217	12
218	12
219	12
220	12
221	12
222	12
223	12
224	12
225	12
226	12
227	12
228	12
229	12
230	12
231	12
232	12
233	12
234	12
235	12
236	12
237	12
238	12
239	12
240	12
241	12
242	12
243	12
244	12
245	12
246	12
247	12
248	7
249	7
250	7
251	7
252	7
253	7
254	7
255	7
256	7
257	7
258	7
259	7
260	7
261	8
262	8
263	8
264	8
265	8
266	8
267	8
268	8
269	8
270	8
271	8
272	8
273	8
274	8
275	8
276	8
277	8
278	8
279	8
280	8
281	8
282	8
283	8
284	8
285	8
286	8
287	8
288	8
289	8
290	8
291	8
292	8
293	8
294	8
295	8
296	8
297	8
298	8
299	8
300	8
301	8
302	7
303	7
304	7
305	7
306	5
307	5
308	5
309	5
310	5
311	5
312	5
313	5
314	5
316	4
317	4
318	4
319	4
320	4
321	4
322	4
323	4
324	4
325	4
326	4
327	4
328	4
329	4
330	4
331	5
332	5
333	5
334	5
335	5
336	5
337	4
338	4
339	4
340	5
341	5
342	5
343	5
344	5
345	5
346	5
347	5
348	5
349	5
350	5
351	5
352	5
353	5
354	5
355	5
356	11
357	11
358	11
359	11
360	11
361	11
362	11
363	11
364	11
365	11
366	11
367	11
368	11
369	5
370	5
371	5
372	5
373	5
374	5
375	5
376	5
377	5
378	5
379	5
380	5
381	5
382	5
383	5
384	5
385	5
386	5
387	5
388	5
389	4
390	4
391	4
392	4
393	4
394	5
395	5
396	5
397	5
398	4
399	4
400	4
401	4
402	4
403	12
404	12
405	12
406	12
407	12
408	12
409	3
410	3
411	3
412	3
413	4
414	4
415	4
416	3
417	4
418	3
419	3
420	4
421	3
422	3
423	3
424	4
425	9
426	9
427	9
428	9
429	9
430	9
431	9
432	9
433	3
434	4
435	4
436	3
437	3
438	4
439	3
440	3
441	4
442	3
443	4
444	3
445	3
446	9
447	9
448	9
449	9
450	9
451	4
452	3
453	3
454	9
455	9
456	9
457	4
458	3
459	4
460	3
461	4
462	4
463	9
464	9
465	9
466	9
467	9
468	9
469	9
470	9
471	9
472	9
473	3
474	3
475	8
476	8
477	8
478	8
479	8
480	8
481	8
482	8
483	8
484	12
485	12
486	8
487	8
488	8
489	8
490	8
491	8
492	8
493	8
494	8
495	8
496	8
497	8
498	12
499	8
500	8
501	8
502	12
503	8
504	8
505	8
506	12
507	12
508	12
509	12
510	12
511	12
512	12
513	12
514	12
515	12
516	12
517	12
518	12
519	12
520	12
521	12
522	9
523	9
524	9
525	9
526	7
527	7
528	9
529	9
530	9
531	9
532	9
533	9
534	9
535	9
536	9
537	9
538	7
539	7
540	7
541	7
542	7
543	7
544	7
545	7
546	7
547	7
548	7
549	7
550	7
551	7
552	7
553	7
554	7
555	7
556	7
557	7
558	7
559	12
560	12
561	12
562	12
563	12
564	12
565	7
566	7
567	7
568	7
569	7
570	9
571	9
572	9
573	9
574	9
575	9
576	9
577	9
578	9
579	9
580	9
581	7
582	7
583	7
584	7
585	7
586	7
587	8
588	12
589	12
590	12
591	12
592	12
593	12
594	12
595	12
596	8
597	12
598	8
599	12
600	12
601	12
602	12
603	7
604	7
605	7
606	7
607	7
608	7
609	7
610	7
611	7
612	7
613	7
614	7
615	7
616	7
617	12
618	12
619	12
620	8
621	8
622	8
623	8
624	8
625	8
626	8
627	8
628	12
629	12
630	12
631	12
632	8
633	8
634	8
635	12
636	8
637	8
638	8
639	7
640	7
641	7
642	7
643	7
644	7
645	7
646	7
647	7
648	7
649	7
650	7
651	7
652	7
653	7
654	7
655	7
656	7
657	11
658	11
659	11
660	11
661	7
662	3
663	3
664	3
665	3
666	3
667	3
668	3
669	3
670	8
671	8
672	8
673	8
674	8
675	8
676	8
677	8
678	8
679	8
680	3
681	3
682	3
683	7
684	3
685	7
686	7
687	3
688	7
689	7
690	7
691	7
692	7
693	7
694	3
695	3
696	7
697	8
698	8
699	8
700	8
701	8
702	8
703	8
704	8
705	8
706	8
707	8
708	8
709	8
710	8
711	8
712	8
713	8
714	3
715	3
716	8
717	8
718	8
719	8
720	8
721	8
722	12
723	8
724	12
725	12
726	12
727	12
728	12
729	12
730	12
731	12
732	4
733	4
734	4
735	4
736	4
737	11
738	11
739	11
740	11
741	11
742	11
743	11
744	11
745	4
746	4
747	4
748	4
749	4
750	4
751	4
752	4
753	4
754	4
755	4
756	4
757	4
758	4
759	4
760	4
761	4
762	4
763	4
764	4
765	4
766	11
767	11
768	11
769	11
770	4
771	4
772	11
773	11
774	11
775	11
776	11
777	11
778	11
779	11
780	11
781	11
782	11
783	11
784	11
785	12
786	11
787	11
788	11
789	11
790	11
791	12
792	12
793	12
794	12
795	12
796	12
797	12
798	12
799	12
800	12
801	11
802	11
803	11
804	11
805	12
806	12
807	12
808	11
809	11
810	11
811	6
812	10
813	6
814	6
815	6
816	10
817	6
818	10
819	10
820	10
821	6
822	6
823	6
824	10
825	10
826	10
827	10
828	10
829	10
830	6
831	6
832	10
833	10
834	6
835	6
836	6
837	6
838	6
839	10
840	6
841	10
842	6
843	6
844	6
845	6
846	10
847	10
848	10
849	10
850	10
851	10
852	6
853	6
854	6
855	10
856	10
857	10
858	7
859	7
860	7
861	7
862	7
863	7
864	7
865	7
866	7
867	7
868	7
869	7
870	7
871	6
872	6
873	10
874	10
875	6
876	10
877	10
878	10
879	10
880	10
881	6
882	6
883	6
884	6
885	6
886	6
887	10
888	6
889	10
890	10
891	10
892	10
893	6
894	6
895	6
896	6
897	10
898	10
899	10
900	10
901	10
902	6
903	6
904	6
905	6
906	10
907	10
908	6
909	10
910	10
911	10
912	10
913	10
914	6
915	6
916	10
917	6
918	10
919	10
920	10
921	10
922	10
923	10
924	10
925	6
926	10
927	6
928	6
929	6
930	6
931	6
932	10
933	10
934	10
935	6
936	6
937	10
938	10
939	10
940	10
941	10
942	6
943	10
944	10
945	10
946	10
947	6
948	6
949	6
950	10
951	10
952	10
953	10
954	10
955	10
956	10
957	6
958	6
959	6
960	10
961	10
962	6
963	6
964	6
965	6
966	10
967	10
968	10
969	6
970	10
971	10
972	6
973	6
974	10
975	10
976	6
977	6
978	10
979	10
980	10
981	10
982	6
983	6
984	6
985	11
986	11
987	11
988	11
989	11
990	11
991	11
992	11
993	11
994	11
995	11
996	11
997	11
998	11
999	11
1000	11
1001	11
1002	11
1003	11
1004	11
1005	11
1006	11
1007	6
1008	6
1009	11
1010	6
1011	6
1012	6
1013	6
1014	6
1015	6
1016	6
1017	6
1018	6
1019	6
1020	6
1021	6
1022	6
1023	6
1024	6
1025	6
1026	6
1027	6
1028	6
1029	6
1030	6
1031	6
1032	6
1033	6
1034	6
1035	6
1036	6
1037	6
1038	6
1039	6
1040	6
1041	6
1042	6
1043	6
1044	6
1045	6
1046	6
1047	6
1048	6
1049	6
1050	6
1051	6
1052	6
1053	6
1054	6
1055	6
1056	6
1057	6
1058	6
1059	6
1060	6
1061	6
1062	6
1063	6
1064	6
1065	6
1066	6
1067	6
1068	6
1069	6
1070	6
1071	6
1072	6
1073	6
1074	6
1075	4
1076	4
1077	4
1078	4
1079	4
1080	4
1081	4
1082	4
1083	4
1084	4
1085	4
1086	4
1087	8
1088	8
1089	8
1090	8
1091	8
1092	8
1093	8
1094	12
1095	12
1096	12
1097	12
1098	12
1099	12
1100	12
1101	12
1102	12
1103	12
1104	12
1105	12
1106	12
1107	10
1108	5
1109	10
1110	10
1111	10
1112	10
1113	10
1114	5
1115	10
1116	10
1117	10
1118	5
1119	10
1120	5
1121	10
1122	5
1123	10
1124	5
1125	5
1126	10
1127	10
1128	5
1129	10
1130	5
1131	5
1132	10
1133	5
1134	10
1135	10
1136	10
1137	10
1138	10
1139	10
1140	10
1141	10
1142	10
1143	10
1144	10
1145	10
1146	10
1147	5
1148	10
1149	10
1150	10
1151	10
1152	10
1153	5
1154	12
1155	12
1156	12
1157	12
1158	5
1159	12
1160	5
1161	5
1162	5
1163	5
1164	5
1165	5
1166	5
1167	5
1168	12
1169	6
1170	6
1171	6
1172	6
1173	6
1174	6
1175	6
1176	6
1177	6
1178	6
1179	6
1180	6
1181	6
1182	6
1183	6
1184	6
1185	6
1186	6
1187	6
1188	6
1189	6
1190	6
1191	6
1192	6
1193	6
1194	6
1195	6
1196	6
1197	6
1198	6
1199	6
1200	10
1201	10
1202	10
1203	10
1204	3
1205	10
1206	10
1207	10
1208	3
1209	10
1210	10
1211	10
1212	3
1213	3
1214	10
1215	3
1216	10
1217	3
1218	10
1219	10
1220	10
1221	10
1222	10
1223	10
1224	3
1225	10
1226	10
1227	3
1228	3
1229	10
1230	10
1231	3
1232	10
1233	10
1234	10
1235	3
1236	10
1237	10
1238	10
1239	3
1240	8
1241	8
1242	8
1243	12
1244	8
1245	8
1246	8
1247	8
1248	12
1249	12
1250	12
1251	12
1252	12
1253	4
1254	4
1255	4
1256	4
1257	4
1258	12
1259	12
1260	12
1261	12
1262	8
1263	8
1264	4
1265	4
1266	4
1267	4
1268	4
1269	4
1270	4
1271	4
1272	4
1273	4
1274	4
1275	4
1276	4
1277	4
1278	12
1279	12
1280	12
1281	12
1282	8
1283	8
1284	4
1285	4
1286	4
1287	4
1288	12
1289	12
1290	12
1291	12
1292	12
1293	12
1294	12
1295	12
1296	12
1297	12
1298	12
1299	12
1300	12
1301	12
1302	12
1303	4
1304	4
1305	4
1306	4
1307	4
1308	4
1309	4
1310	4
1311	4
1312	4
1313	4
1314	10
1315	10
1316	10
1317	10
1318	10
1319	10
1320	10
1321	10
1322	10
1323	10
1324	10
1325	10
1326	10
1327	10
1328	10
1329	10
1330	10
1331	10
1332	10
1333	10
1334	10
1335	10
1336	10
1337	10
1338	10
1339	10
1340	10
1341	10
1342	10
1343	10
1344	10
1345	10
1346	4
1347	4
1348	4
1349	4
1350	4
1351	4
1352	4
1353	4
1354	4
1355	4
1356	4
1357	4
1358	4
1359	4
1360	4
1361	4
1362	4
1363	10
1364	10
1365	10
1366	10
1367	10
1368	10
1369	10
1370	10
1371	10
1372	10
1373	10
1374	10
1375	10
1376	10
1377	10
1378	10
1379	10
1380	10
1381	12
1382	12
1383	12
1384	12
1385	12
1386	12
1387	12
1388	12
1389	12
1390	12
1391	12
1392	12
1393	12
1394	12
1395	12
1396	12
1397	4
1398	4
1399	4
1400	4
1401	4
1402	4
1403	4
1404	4
1405	4
1406	4
1407	4
1408	4
1409	4
1410	4
1411	4
1412	4
1413	4
1414	4
1415	4
1416	4
1417	4
1418	4
1419	4
1420	4
1421	4
1422	4
1423	4
1424	4
1425	4
1426	4
1427	4
1428	9
1429	9
1430	9
1431	1
1432	9
1433	1
1434	9
1435	1
1436	1
1437	9
1438	1
1439	1
1440	1
1441	3
1442	3
1443	3
1444	3
1445	3
1446	3
1447	3
1448	3
1449	3
1450	3
1451	3
1452	3
1453	3
1454	3
1455	9
1456	9
1457	1
1458	9
1459	9
1460	1
1461	9
1462	9
1463	9
1464	1
1465	12
1466	12
1467	12
1468	12
1469	12
1470	12
1471	12
1472	12
1473	12
1474	12
1475	12
1476	12
1477	12
1478	12
1479	12
1480	12
1481	12
1482	12
1483	12
1484	12
1485	12
1486	12
1487	12
1488	12
1489	4
1490	4
1491	4
1492	4
1493	4
1494	4
1495	4
1496	4
1497	4
1498	4
1499	4
1500	4
1501	7
1502	7
1503	7
1504	7
1505	7
1506	7
1507	7
1508	7
1509	7
1510	7
1511	7
1512	7
1513	7
1514	7
1515	7
1516	7
1517	7
1518	7
1519	7
1520	7
1521	7
1522	7
1523	7
1524	7
1525	7
1526	7
1527	7
1528	7
1529	11
1530	11
1531	9
1532	9
1533	11
1534	11
1535	9
1536	11
1537	11
1538	9
1539	9
1540	9
1541	9
1542	11
1543	11
1544	11
1545	11
1546	11
1547	11
1548	9
1549	11
1550	11
1551	11
1552	9
1553	9
1554	9
1555	9
1556	9
1557	9
1558	9
1559	9
1560	9
1561	9
1562	9
1563	9
1564	9
1565	9
1566	9
1567	9
1568	9
1569	9
1570	9
1571	9
1572	9
1573	9
1574	9
1575	9
1576	4
1577	4
1578	4
1579	4
1580	4
1581	4
1582	4
1583	4
1584	4
1585	4
1586	4
1587	4
1588	4
1589	4
1590	4
1591	4
1592	4
1593	4
1594	4
1595	4
1596	4
1597	4
1598	4
1599	4
1600	4
1601	4
1602	9
1603	9
1604	9
1605	9
1606	9
1607	9
1608	9
1609	9
1610	9
1611	9
1612	9
1613	9
1614	9
1615	9
1616	9
1617	9
1618	12
1619	12
1620	12
1621	12
1622	12
1623	12
1624	12
1625	12
1626	12
1627	12
1628	12
1629	3
1630	3
1631	3
1632	3
1633	3
1634	3
1635	3
1636	3
1637	3
1638	3
1639	3
1640	3
1641	3
1642	3
1643	3
1644	12
1645	12
1646	12
1647	12
1648	12
1649	3
1650	3
1651	3
1652	3
1653	3
1654	3
1655	3
1656	3
1658	3
1659	3
1660	3
1661	3
1662	3
1663	3
1664	3
1665	3
1666	3
1667	3
1668	3
1669	3
1670	3
1671	3
1672	3
1673	12
1674	3
1675	3
1676	3
1677	12
1678	8
1679	8
1680	8
1681	8
1682	8
1683	8
1684	8
1685	3
1686	3
1687	3
1688	3
1689	3
1690	3
1691	3
1692	3
1693	3
1694	3
1695	3
1696	3
1697	3
1698	3
1699	3
1700	3
1701	3
1702	3
1703	13
1704	13
1705	3
1706	3
1707	3
1708	3
1709	3
1710	3
1711	3
1712	3
1713	12
1714	12
1715	12
1716	12
1717	12
1718	12
1719	12
1720	12
1721	12
1722	12
1723	12
1724	12
1725	3
1726	3
1727	3
1728	12
1729	3
1730	3
1731	3
1732	3
1733	3
1734	3
1735	3
1736	3
1737	3
1738	3
1739	3
1740	3
1741	3
1742	13
1743	13
1744	13
1745	13
1746	7
1747	13
1748	13
1749	13
1750	13
1751	13
1752	13
1753	7
1754	13
1755	7
1756	13
1757	12
1758	12
1759	12
1760	12
1761	7
1762	13
1763	13
1764	13
1765	13
1766	7
1767	13
1768	13
1769	7
1770	7
1771	13
1772	13
1773	7
1774	12
1775	12
1776	12
1777	12
1778	12
1779	12
1780	12
1781	12
1782	12
1783	12
1784	12
1785	12
1786	12
1787	13
1788	13
1789	7
1790	7
1791	13
1792	7
1793	13
1794	13
1795	12
1796	12
1797	12
1798	12
1799	13
1800	7
1801	7
1802	7
1803	13
1804	13
1805	13
1806	13
1807	13
1808	13
1809	1
1810	1
1811	1
1812	1
1813	1
1814	1
1815	1
1816	1
1817	1
1818	1
1819	1
1820	1
1821	1
1822	1
1823	1
1824	1
1825	1
1826	1
1827	1
1828	1
1829	1
1830	8
1831	8
1832	8
1833	8
1834	8
1835	1
1836	1
1837	8
1838	1
1839	1
1840	10
1841	10
1842	10
1843	10
1844	10
1845	1
1846	1
1847	1
1848	1
1849	1
1850	1
1851	1
1852	1
1853	1
1854	1
1855	1
1856	1
1857	12
1858	12
1859	12
1860	12
1861	12
1862	12
1863	1
1864	1
1865	1
1866	1
1867	1
1868	1
1869	1
1870	1
1871	1
1872	11
1873	11
1874	8
1875	8
1876	11
1877	8
1878	11
1879	8
1880	8
1881	8
1882	11
1883	8
1884	8
1885	8
1886	8
1887	11
1888	11
1889	8
1890	11
1891	8
1892	8
1893	11
1894	11
1895	7
1896	7
1897	7
1898	5
1899	5
1900	5
1901	5
1902	5
1903	5
1904	4
1905	4
1906	4
1907	4
1908	7
1909	7
1910	4
1911	7
1912	4
1913	4
1914	4
1915	4
1916	5
1917	5
1918	5
1919	5
1920	5
1921	5
1922	5
1923	5
1924	7
1925	7
1926	7
1927	7
1928	7
1929	4
1930	7
1931	4
1932	7
1933	4
1934	4
1935	4
1936	4
1937	7
1938	4
1939	4
1940	7
1941	7
1942	4
1943	4
1944	4
1945	4
1946	4
1947	4
1948	4
1949	4
1950	4
1951	7
1952	7
1953	4
1954	4
1955	4
1956	7
1957	7
1958	4
1959	7
1960	4
1961	4
1962	7
1963	4
1964	7
1965	7
1966	4
1967	4
1968	4
1969	4
1970	7
1971	4
1972	7
1973	4
1974	7
1975	7
1976	9
1977	9
1978	9
1979	9
1980	9
1981	9
1982	9
1983	9
1984	9
1985	9
1986	9
1987	9
1988	9
1989	9
1990	9
1991	9
1992	9
1993	9
1994	9
1995	9
1996	9
1997	9
1998	9
1999	9
2000	9
2001	9
2002	9
2003	9
2004	9
2005	9
2006	9
2007	9
2008	9
2009	9
2010	9
2011	9
2012	9
2013	9
2014	9
2015	9
2016	9
2017	8
2018	8
2019	8
2020	8
2021	8
2022	8
2023	8
2024	11
2025	8
2026	8
2027	8
2028	8
2029	8
2030	11
2031	11
2032	11
2033	11
2034	11
2035	11
2036	11
2037	11
2038	12
2039	12
2040	12
2041	12
2042	12
2043	8
2044	8
2045	8
2046	11
2047	11
2048	12
2049	12
2050	8
2051	11
2052	11
2053	11
2054	11
2055	11
2056	11
2057	11
2058	9
2059	9
2060	9
2061	9
2062	9
2063	9
2064	9
2065	9
2066	9
2067	9
2068	8
2069	8
2070	8
2071	8
2072	8
2073	8
2074	8
2075	8
2076	8
2077	8
2078	8
2079	8
2080	8
2081	8
2082	8
2083	8
2084	8
2085	8
2086	8
2087	8
2088	8
2089	4
2090	4
2091	4
2092	4
2093	4
2094	4
2095	4
2096	7
2097	7
2098	7
2099	7
2100	7
2101	7
2102	7
2103	7
2104	7
2105	7
2106	7
2107	7
2108	7
2109	7
2110	7
2111	7
2112	7
2113	1
2114	1
2115	13
2116	13
2117	13
2118	1
2119	1
2120	13
2121	13
2122	1
2123	1
2124	8
2125	13
2126	13
2127	13
2128	13
2129	13
2130	1
2131	13
2132	13
2133	1
2134	13
2135	13
2136	1
2137	1
2138	1
2139	1
2140	1
2141	13
2142	1
2143	1
2144	1
2145	1
2146	1
2147	1
2148	1
2149	1
2150	13
2151	13
2152	13
2153	13
2154	1
2155	1
2156	1
2157	1
2158	13
2159	1
2160	13
2161	13
2162	13
2163	13
2164	13
2165	13
2166	13
2167	1
2168	1
2169	13
2170	13
2171	1
2172	13
2173	1
2174	1
2175	1
2176	1
2177	1
2178	13
2179	13
2180	13
2181	13
2182	13
2183	13
2184	13
2185	13
2186	13
2187	13
2188	1
2189	1
2190	13
2191	13
2192	13
2193	13
2194	1
2195	1
2196	1
2197	1
2198	13
2199	1
2200	13
2201	1
2202	1
2203	1
2204	13
2205	13
2206	13
2207	13
2208	13
2209	13
2210	13
2211	1
2212	1
2213	13
2214	13
2215	1
2216	1
2217	13
2218	13
2219	13
2220	13
2221	13
2222	1
2223	1
2224	13
2225	13
2226	13
2227	13
2228	1
2229	1
2230	13
2231	13
2232	13
2233	1
2234	1
2235	13
2236	1
2237	1
2238	1
2239	13
2240	13
2241	1
2242	1
2243	1
2244	1
2245	1
2246	13
2247	13
2248	13
2249	13
2250	13
2251	13
2252	13
2253	1
2254	1
2255	1
2256	13
2257	13
2258	1
2259	13
2260	13
2261	13
2262	13
2263	13
2264	13
2265	13
2266	1
2267	13
2268	13
2269	1
2270	1
2271	13
2272	13
2273	1
2274	13
2275	13
2276	13
2277	1
2278	13
2279	1
2280	13
2281	13
2282	1
2283	1
2284	8
2285	8
2286	1
2287	1
2288	13
2289	13
2290	13
2291	13
2292	13
2293	13
2294	1
2295	13
2296	13
2297	1
2298	1
2299	1
2300	1
2301	13
2302	1
2303	1
2304	1
2305	13
2306	13
2307	13
2308	13
2309	8
2310	8
2311	8
2312	6
2313	6
2314	6
2315	6
2316	6
2317	6
2318	6
2319	6
2320	6
2321	6
2322	6
2323	6
2324	6
2325	6
2326	6
2327	6
2328	6
2329	6
2330	7
2331	7
2332	7
2333	7
2334	7
2335	7
2336	7
2337	7
2338	7
2339	7
2340	7
2341	7
2342	7
2343	7
2344	7
2345	7
2346	6
2347	6
2348	6
2349	6
2350	6
2351	6
2352	6
2353	6
2354	6
2355	6
2356	6
2357	6
2358	6
2359	6
2360	6
2361	6
2362	6
2363	6
2364	6
2365	6
2366	1
2367	1
2368	1
2369	1
2370	1
2371	1
2372	1
2373	1
2374	1
2375	1
2376	1
2377	1
2378	1
2379	1
2380	1
2381	1
2382	1
2383	1
2384	1
2385	1
2386	1
2387	1
2388	1
2389	1
2390	1
2391	1
2392	1
2393	1
2394	1
2395	1
2396	1
2397	1
2398	1
2399	1
2400	1
2401	1
2402	1
2403	1
2404	1
2405	1
2406	1
2407	1
2408	1
2409	1
2410	1
2411	1
2412	1
2413	1
2414	1
2415	5
2416	5
2417	5
2418	5
2419	2
2420	2
2421	2
2422	5
2423	5
2424	5
2425	5
2426	5
2427	2
2428	2
2429	2
2430	2
2431	2
2432	2
2433	5
2434	2
2435	5
2436	5
2437	5
2438	2
2439	2
2440	2
2441	2
2442	5
2443	5
2444	5
2445	2
2446	2
2447	2
2448	5
2449	2
2450	2
2451	2
2452	2
2453	2
2454	5
2455	5
2456	5
2457	5
2458	5
2459	5
2460	2
2461	2
2462	5
2463	5
2464	5
2465	2
2466	2
2467	5
2468	5
2469	5
2470	5
2471	5
2472	5
2473	2
2474	2
2475	5
2476	5
2477	5
2478	5
2479	5
2480	5
2481	5
2482	5
2483	5
2484	5
2485	2
2486	2
2487	5
2488	2
2489	2
2490	2
2491	2
2492	5
2493	5
2494	5
2495	2
2496	2
2497	2
2498	5
2499	5
2500	5
2501	2
2502	5
2503	5
2504	5
2505	5
2506	5
2507	5
2508	2
2509	2
2510	5
2511	5
2512	5
2513	2
2514	5
2515	2
2516	2
2517	2
2518	2
2519	2
2520	2
2521	2
2522	2
2523	2
2524	2
2525	2
2526	2
2527	2
2528	5
2529	2
2530	2
2531	2
2532	2
2533	2
2534	2
2535	2
2536	2
2537	2
2538	2
2539	2
2540	2
2541	2
2542	2
2543	2
2544	2
2545	2
2546	2
2547	2
2548	2
2549	2
2550	2
2551	2
2552	2
2553	2
2554	2
2555	2
2556	2
2557	2
2558	5
2559	5
2560	5
2561	5
2562	2
2563	2
2564	5
2565	2
2566	2
2567	2
2568	2
2569	2
2570	2
2571	5
2572	2
2573	5
2574	2
2575	2
2576	2
2577	2
2578	2
2579	2
2580	2
2581	2
2582	2
2583	2
2584	2
2585	5
2586	5
2587	2
2588	2
2589	2
2590	2
2591	2
2592	2
2593	2
2594	5
2595	5
2596	5
2597	5
2598	5
2599	5
2600	2
2601	2
2602	2
2603	2
2604	2
2605	2
2606	8
2607	8
2608	8
2609	8
2610	8
2611	8
2612	8
2613	8
2614	8
2615	8
2616	8
2617	8
2618	8
2619	8
2620	8
2621	8
2622	8
2623	8
2624	8
2625	8
2626	8
2627	8
2628	8
2629	8
2630	8
2631	8
2632	8
2633	8
2634	8
2635	8
2636	8
2637	8
2638	8
2639	8
2640	9
2641	9
2642	9
2643	9
2644	9
2645	11
2646	11
2647	11
2648	9
2649	9
2650	9
2651	9
2652	9
2653	11
2654	11
2655	11
2656	9
2657	11
2658	9
2659	9
2660	9
2661	11
2662	11
2663	9
2664	11
2665	9
2666	9
2667	11
2668	11
2669	11
2670	11
2671	9
2672	9
2673	11
2674	9
2675	11
2676	11
2677	11
2678	11
2679	9
2680	11
2681	11
2682	11
2683	9
2684	9
2685	11
2686	9
2687	9
2688	7
2689	7
2690	7
2691	7
315	4
1657	3
