0	3
1	3
2	3
3	3
4	3
5	3
6	3
7	9
8	9
9	9
10	9
11	9
12	9
13	9
14	9
15	9
16	9
17	9
18	12
19	12
20	12
21	1
22	1
23	1
24	1
25	1
26	1
27	1
28	1
29	5
30	5
31	5
32	5
33	5
34	5
35	5
36	5
37	5
38	5
39	5
40	5
41	5
42	5
43	5
44	5
45	5
46	5
47	5
48	5
49	5
50	5
51	5
52	5
53	2
54	2
55	2
56	2
57	2
58	5
59	5
60	5
61	5
62	5
63	5
64	5
65	2
66	2
67	2
68	2
69	2
70	2
71	1
72	1
73	1
74	1
75	5
76	5
77	5
78	5
79	5
80	5
81	5
82	5
83	8
84	8
85	8
86	8
87	8
88	8
89	8
90	8
91	8
92	8
93	8
94	8
95	8
96	9
97	9
98	9
99	9
100	9
101	9
102	9
103	9
104	9
105	9
106	9
107	9
108	9
109	9
110	9
111	9
112	9
113	9
114	9
115	9
116	9
117	9
118	9
119	9
120	9
121	9
122	9
123	9
124	9
125	9
126	9
127	9
128	9
129	7
130	7
131	1
132	7
133	7
134	7
135	7
136	7
137	7
138	7
139	7
140	7
141	7
142	7
143	7
144	7
145	7
146	7
147	7
148	7
149	7
150	7
151	7
152	7
153	7
154	7
155	7
156	7
157	7
158	7
159	7
160	7
161	7
162	7
163	7
164	7
165	7
166	11
167	11
168	11
169	11
170	11
171	11
172	11
173	11
174	11
175	11
176	11
177	11
178	11
179	11
180	11
181	11
182	11
183	3
184	3
185	3
186	3
187	3
188	3
189	3
190	3
191	3
192	3
193	3
194	3
195	3
196	3
197	3
198	3
199	3
200	3
201	3
202	3
203	3
204	3
205	3
206	3
207	3
208	1
209	1
210	1
211	1
212	1
213	1
214	1
215	1
216	1
217	1
218	1
219	1
220	1
221	1
222	1
223	1
224	1
225	1
226	1
227	1
228	1
229	1
230	1
231	1
232	1
233	1
234	1
235	1
236	1
237	1
238	1
239	1
240	1
241	1
242	1
243	1
244	1
245	1
246	1
247	1
248	3
249	3
250	3
251	3
252	3
253	3
254	3
255	3
256	3
257	3
258	3
259	3
260	3
261	4
262	4
263	4
264	4
265	4
266	4
267	4
268	4
269	4
270	4
271	4
272	4
273	4
274	4
275	4
276	4
277	4
278	4
279	4
280	4
281	4
282	4
283	4
284	4
285	4
286	4
287	4
288	4
289	4
290	4
291	4
292	4
293	4
294	4
295	4
296	4
297	4
298	4
299	4
300	4
301	4
302	3
303	3
304	3
305	3
306	2
307	2
308	2
309	2
310	2
311	2
312	2
313	2
314	2
316	5
317	5
318	5
319	5
320	5
321	5
322	5
323	5
324	5
325	5
326	5
327	5
328	5
329	5
330	5
331	2
332	2
333	2
334	2
335	2
336	2
337	5
338	5
339	5
340	2
341	2
342	2
343	2
344	2
345	6
346	2
347	2
348	2
349	2
350	2
351	2
352	2
353	2
354	2
355	6
356	7
357	7
358	7
359	7
360	7
361	7
362	7
363	7
364	7
365	7
366	7
367	7
368	7
369	2
370	6
371	6
372	2
373	2
374	2
375	2
376	2
377	2
378	2
379	2
380	2
381	2
382	2
383	2
384	2
385	2
386	2
387	2
388	2
389	5
390	5
391	5
392	5
393	5
394	2
395	2
396	2
397	2
398	5
399	5
400	5
401	5
402	5
403	1
404	1
405	1
406	1
407	1
408	1
409	12
410	12
411	12
412	12
413	12
414	12
415	12
416	12
417	12
418	12
419	12
420	12
421	12
422	12
423	12
424	12
425	11
426	11
427	11
428	11
429	11
430	11
431	11
432	11
433	12
434	12
435	12
436	12
437	12
438	12
439	12
440	12
441	12
442	12
443	12
444	12
445	12
446	11
447	11
448	11
449	11
450	11
451	12
452	12
453	12
454	11
455	11
456	11
457	12
458	12
459	12
460	12
461	12
462	12
463	11
464	11
465	11
466	11
467	11
468	11
469	11
470	11
471	11
472	11
473	12
474	12
475	4
476	4
477	11
478	11
479	11
480	11
481	11
482	11
483	11
484	1
485	1
486	11
487	11
488	11
489	4
490	4
491	4
492	4
493	4
494	4
495	11
496	11
497	11
498	1
499	11
500	11
501	11
502	1
503	11
504	11
505	11
506	1
507	1
508	1
509	1
510	1
511	1
512	1
513	1
514	1
515	1
516	1
517	1
518	1
519	1
520	1
521	1
522	9
523	9
524	9
525	9
526	3
527	3
528	9
529	9
530	9
531	9
532	9
533	9
534	9
535	9
536	9
537	9
538	3
539	3
540	3
541	3
542	3
543	3
544	3
545	3
546	3
547	3
548	3
549	3
550	3
551	3
552	3
553	3
554	3
555	3
556	3
557	3
558	3
559	1
560	1
561	4
562	1
563	1
564	1
565	3
566	3
567	3
568	3
569	3
570	8
571	8
572	8
573	8
574	8
575	8
576	8
577	8
578	8
579	8
580	8
581	3
582	3
583	3
584	3
585	3
586	3
587	4
588	4
589	4
590	4
591	4
592	1
593	1
594	4
595	1
596	4
597	1
598	4
599	1
600	1
601	1
602	4
603	3
604	3
605	3
606	3
607	3
608	3
609	3
610	3
611	3
612	3
613	3
614	3
615	3
616	3
617	4
618	4
619	4
620	4
621	4
622	4
623	4
624	4
625	4
626	4
627	4
628	1
629	1
630	1
631	1
632	4
633	4
634	4
635	4
636	4
637	4
638	4
639	3
640	3
641	3
642	3
643	3
644	3
645	3
646	3
647	3
648	3
649	3
650	3
651	3
652	3
653	3
654	3
655	3
656	3
657	11
658	11
659	11
660	11
661	12
662	12
663	12
664	12
665	12
666	12
667	12
668	12
669	12
670	4
671	4
672	7
673	4
674	4
675	7
676	4
677	7
678	7
679	7
680	12
681	12
682	12
683	12
684	12
685	12
686	12
687	12
688	12
689	12
690	12
691	12
692	12
693	12
694	12
695	12
696	12
697	7
698	4
699	7
700	7
701	4
702	7
703	7
704	7
705	7
706	7
707	7
708	4
709	7
710	4
711	4
712	4
713	7
714	12
715	12
716	4
717	4
718	4
719	4
720	7
721	4
722	4
723	4
724	4
725	4
726	4
727	4
728	4
729	4
730	4
731	4
732	5
733	5
734	5
735	5
736	5
737	11
738	11
739	11
740	11
741	11
742	11
743	11
744	11
745	5
746	5
747	5
748	5
749	5
750	5
751	5
752	5
753	5
754	5
755	5
756	5
757	5
758	5
759	5
760	5
761	5
762	5
763	5
764	5
765	5
766	11
767	11
768	11
769	11
770	5
771	5
772	11
773	11
774	11
775	11
776	11
777	11
778	11
779	11
780	11
781	11
782	11
783	11
784	11
785	2
786	11
787	11
788	11
789	11
790	11
791	2
792	2
793	2
794	2
795	2
796	2
797	2
798	2
799	2
800	2
801	11
802	11
803	11
804	11
805	2
806	2
807	2
808	11
809	11
810	11
811	2
812	10
813	2
814	10
815	2
816	10
817	2
818	10
819	10
820	10
821	2
822	2
823	2
824	2
825	2
826	2
827	10
828	10
829	10
830	2
831	2
832	10
833	10
834	10
835	10
836	2
837	10
838	2
839	10
840	10
841	10
842	10
843	2
844	2
845	2
846	2
847	10
848	10
849	10
850	10
851	10
852	2
853	2
854	2
855	2
856	10
857	10
858	3
859	3
860	3
861	3
862	3
863	3
864	3
865	3
866	3
867	3
868	3
869	3
870	3
871	2
872	2
873	10
874	2
875	2
876	2
877	2
878	2
879	2
880	10
881	2
882	2
883	10
884	2
885	10
886	2
887	2
888	10
889	2
890	2
891	10
892	10
893	10
894	10
895	10
896	2
897	2
898	2
899	10
900	10
901	10
902	2
903	2
904	2
905	10
906	10
907	2
908	10
909	10
910	10
911	10
912	10
913	10
914	2
915	2
916	10
917	2
918	2
919	10
920	10
921	10
922	10
923	10
924	10
925	10
926	2
927	2
928	2
929	2
930	10
931	10
932	10
933	10
934	10
935	2
936	2
937	2
938	2
939	10
940	2
941	10
942	10
943	10
944	10
945	10
946	2
947	10
948	2
949	10
950	2
951	10
952	10
953	10
954	10
955	10
956	10
957	2
958	10
959	2
960	2
961	10
962	10
963	2
964	10
965	2
966	10
967	10
968	2
969	2
970	10
971	2
972	2
973	2
974	10
975	10
976	2
977	10
978	10
979	2
980	10
981	10
982	5
983	10
984	5
985	7
986	7
987	7
988	7
989	7
990	7
991	7
992	11
993	7
994	7
995	7
996	7
997	7
998	7
999	7
1000	11
1001	11
1002	7
1003	7
1004	7
1005	7
1006	7
1007	5
1008	5
1009	7
1010	5
1011	10
1012	10
1013	10
1014	5
1015	10
1016	5
1017	5
1018	10
1019	10
1020	5
1021	5
1022	5
1023	5
1024	5
1025	5
1026	5
1027	5
1028	10
1029	10
1030	5
1031	10
1032	5
1033	10
1034	5
1035	5
1036	5
1037	5
1038	5
1039	10
1040	5
1041	5
1042	5
1043	5
1044	10
1045	10
1046	5
1047	5
1048	10
1049	10
1050	5
1051	10
1052	10
1053	5
1054	5
1055	5
1056	5
1057	5
1058	5
1059	5
1060	5
1061	5
1062	10
1063	5
1064	5
1065	5
1066	5
1067	5
1068	5
1069	5
1070	5
1071	10
1072	5
1073	5
1074	5
1075	3
1076	3
1077	3
1078	3
1079	3
1080	3
1081	3
1082	3
1083	3
1084	3
1085	3
1086	3
1087	4
1088	4
1089	4
1090	4
1091	4
1092	4
1093	4
1094	1
1095	1
1096	1
1097	1
1098	1
1099	1
1100	1
1101	1
1102	1
1103	1
1104	1
1105	1
1106	1
1107	10
1108	10
1109	10
1110	10
1111	10
1112	10
1113	10
1114	10
1115	10
1116	10
1117	10
1118	10
1119	10
1120	10
1121	10
1122	10
1123	10
1124	10
1125	10
1126	10
1127	10
1128	10
1129	10
1130	10
1131	10
1132	10
1133	10
1134	10
1135	10
1136	10
1137	10
1138	10
1139	10
1140	10
1141	10
1142	10
1143	10
1144	10
1145	10
1146	10
1147	10
1148	10
1149	10
1150	10
1151	10
1152	10
1153	10
1154	2
1155	2
1156	2
1157	2
1158	2
1159	2
1160	2
1161	2
1162	6
1163	2
1164	2
1165	6
1166	2
1167	2
1168	2
1169	10
1170	5
1171	10
1172	10
1173	5
1174	5
1175	5
1176	10
1177	10
1178	10
1179	10
1180	10
1181	10
1182	10
1183	10
1184	5
1185	10
1186	5
1187	10
1188	10
1189	5
1190	5
1191	5
1192	10
1193	10
1194	5
1195	10
1196	5
1197	10
1198	5
1199	10
1200	9
1201	9
1202	9
1203	9
1204	9
1205	9
1206	9
1207	9
1208	9
1209	9
1210	9
1211	9
1212	9
1213	9
1214	9
1215	9
1216	9
1217	9
1218	9
1219	9
1220	9
1221	9
1222	9
1223	9
1224	9
1225	9
1226	9
1227	9
1228	9
1229	9
1230	9
1231	9
1232	9
1233	9
1234	9
1235	9
1236	9
1237	9
1238	9
1239	9
1240	4
1241	4
1242	4
1243	4
1244	4
1245	4
1246	4
1247	4
1248	4
1249	4
1250	4
1251	4
1252	4
1253	5
1254	5
1255	5
1256	5
1257	5
1258	4
1259	4
1260	4
1261	4
1262	4
1263	4
1264	5
1265	5
1266	5
1267	5
1268	5
1269	5
1270	5
1271	5
1272	5
1273	5
1274	5
1275	5
1276	5
1277	5
1278	2
1279	2
1280	6
1281	4
1282	4
1283	4
1284	5
1285	5
1286	5
1287	5
1288	6
1289	6
1290	6
1291	6
1292	6
1293	6
1294	6
1295	6
1296	6
1297	6
1298	2
1299	6
1300	6
1301	6
1302	6
1303	3
1304	3
1305	3
1306	3
1307	3
1308	3
1309	3
1310	3
1311	3
1312	3
1313	3
1314	10
1315	10
1316	10
1317	10
1318	10
1319	10
1320	10
1321	10
1322	10
1323	10
1324	10
1325	10
1326	10
1327	10
1328	10
1329	10
1330	10
1331	10
1332	10
1333	10
1334	10
1335	10
1336	10
1337	10
1338	10
1339	10
1340	10
1341	10
1342	10
1343	10
1344	10
1345	10
1346	5
1347	5
1348	3
1349	3
1350	5
1351	3
1352	3
1353	5
1354	5
1355	5
1356	5
1357	3
1358	3
1359	3
1360	5
1361	5
1362	3
1363	9
1364	9
1365	9
1366	9
1367	9
1368	9
1369	9
1370	9
1371	9
1372	9
1373	9
1374	9
1375	9
1376	9
1377	9
1378	9
1379	9
1380	9
1381	2
1382	2
1383	2
1384	2
1385	2
1386	2
1387	2
1388	2
1389	2
1390	2
1391	2
1392	2
1393	2
1394	2
1395	2
1396	2
1397	5
1398	5
1399	5
1400	5
1401	5
1402	5
1403	5
1404	5
1405	5
1406	5
1407	5
1408	5
1409	5
1410	5
1411	5
1412	5
1413	5
1414	5
1415	5
1416	5
1417	5
1418	5
1419	5
1420	5
1421	5
1422	5
1423	5
1424	5
1425	5
1426	5
1427	5
1428	9
1429	9
1430	9
1431	8
1432	8
1433	9
1434	9
1435	9
1436	9
1437	9
1438	9
1439	8
1440	8
1441	9
1442	9
1443	5
1444	9
1445	5
1446	9
1447	9
1448	5
1449	9
1450	5
1451	5
1452	5
1453	5
1454	5
1455	9
1456	8
1457	8
1458	9
1459	9
1460	8
1461	9
1462	9
1463	9
1464	8
1465	1
1466	1
1467	1
1468	1
1469	1
1470	1
1471	1
1472	1
1473	1
1474	1
1475	1
1476	1
1477	1
1478	1
1479	1
1480	1
1481	1
1482	1
1483	1
1484	1
1485	1
1486	1
1487	1
1488	1
1489	5
1490	5
1491	5
1492	5
1493	5
1494	5
1495	5
1496	5
1497	5
1498	5
1499	5
1500	5
1501	12
1502	12
1503	12
1504	12
1505	12
1506	12
1507	12
1508	12
1509	12
1510	12
1511	12
1512	12
1513	12
1514	12
1515	12
1516	12
1517	12
1518	12
1519	12
1520	12
1521	12
1522	12
1523	12
1524	12
1525	12
1526	12
1527	12
1528	12
1529	11
1530	11
1531	11
1532	11
1533	11
1534	11
1535	11
1536	11
1537	11
1538	11
1539	11
1540	11
1541	11
1542	11
1543	11
1544	11
1545	11
1546	11
1547	11
1548	11
1549	11
1550	11
1551	11
1552	8
1553	8
1554	9
1555	9
1556	9
1557	9
1558	8
1559	8
1560	8
1561	8
1562	9
1563	8
1564	8
1565	8
1566	9
1567	8
1568	8
1569	8
1570	8
1571	8
1572	8
1573	8
1574	8
1575	8
1576	5
1577	5
1578	5
1579	5
1580	5
1581	5
1582	5
1583	5
1584	5
1585	5
1586	5
1587	5
1588	5
1589	5
1590	5
1591	5
1592	5
1593	3
1594	3
1595	3
1596	3
1597	3
1598	3
1599	3
1600	3
1601	3
1602	8
1603	8
1604	8
1605	8
1606	8
1607	8
1608	8
1609	8
1610	8
1611	8
1612	8
1613	8
1614	8
1615	8
1616	8
1617	8
1618	1
1619	1
1620	1
1621	1
1622	1
1623	1
1624	1
1625	1
1626	1
1627	1
1628	1
1629	9
1630	9
1631	9
1632	9
1633	9
1634	9
1635	9
1636	9
1637	9
1638	9
1639	9
1640	9
1641	9
1642	9
1643	9
1644	1
1645	1
1646	1
1647	1
1648	1
1649	9
1650	9
1651	9
1652	9
1653	9
1654	9
1655	9
1656	9
1658	9
1659	9
1660	9
1661	9
1662	9
1663	9
1664	9
1665	9
1666	9
1667	9
1668	9
1669	9
1670	9
1671	9
1672	9
1673	1
1674	9
1675	9
1676	9
1677	1
1678	4
1679	4
1680	4
1681	4
1682	4
1683	4
1684	4
1685	12
1686	12
1687	12
1688	12
1689	12
1690	12
1691	12
1692	12
1693	12
1694	12
1695	12
1696	12
1697	12
1698	12
1699	12
1700	12
1701	12
1702	12
1703	13
1704	13
1705	12
1706	12
1707	12
1708	12
1709	12
1710	12
1711	12
1712	12
1713	1
1714	1
1715	1
1716	1
1717	1
1718	1
1719	1
1720	1
1721	1
1722	1
1723	1
1724	1
1725	12
1726	12
1727	12
1728	1
1729	12
1730	12
1731	12
1732	12
1733	12
1734	12
1735	12
1736	12
1737	12
1738	12
1739	12
1740	12
1741	12
1742	12
1743	12
1744	12
1745	12
1746	12
1747	12
1748	12
1749	12
1750	12
1751	12
1752	12
1753	12
1754	12
1755	12
1756	12
1757	1
1758	1
1759	1
1760	1
1761	12
1762	12
1763	12
1764	12
1765	12
1766	12
1767	12
1768	12
1769	12
1770	12
1771	12
1772	12
1773	12
1774	1
1775	1
1776	1
1777	1
1778	1
1779	1
1780	1
1781	1
1782	1
1783	1
1784	1
1785	1
1786	1
1787	12
1788	12
1789	12
1790	12
1791	12
1792	12
1793	12
1794	12
1795	1
1796	1
1797	1
1798	1
1799	12
1800	12
1801	12
1802	12
1803	12
1804	12
1805	12
1806	12
1807	12
1808	12
1809	9
1810	8
1811	8
1812	8
1813	8
1814	8
1815	8
1816	9
1817	8
1818	9
1819	9
1820	9
1821	8
1822	9
1823	8
1824	8
1825	9
1826	9
1827	8
1828	9
1829	8
1830	4
1831	4
1832	4
1833	4
1834	4
1835	8
1836	8
1837	4
1838	9
1839	9
1840	9
1841	9
1842	9
1843	9
1844	9
1845	9
1846	8
1847	9
1848	8
1849	8
1850	8
1851	8
1852	8
1853	8
1854	8
1855	8
1856	8
1857	1
1858	1
1859	1
1860	1
1861	1
1862	1
1863	8
1864	9
1865	9
1866	9
1867	8
1868	9
1869	8
1870	9
1871	9
1872	11
1873	11
1874	4
1875	4
1876	11
1877	4
1878	4
1879	4
1880	4
1881	4
1882	11
1883	4
1884	4
1885	4
1886	4
1887	4
1888	11
1889	4
1890	11
1891	4
1892	4
1893	11
1894	11
1895	3
1896	3
1897	3
1898	2
1899	2
1900	2
1901	2
1902	2
1903	2
1904	3
1905	3
1906	3
1907	3
1908	3
1909	3
1910	3
1911	3
1912	3
1913	3
1914	3
1915	3
1916	2
1917	2
1918	2
1919	2
1920	2
1921	2
1922	2
1923	2
1924	3
1925	3
1926	3
1927	3
1928	3
1929	3
1930	3
1931	3
1932	3
1933	3
1934	3
1935	3
1936	3
1937	3
1938	3
1939	3
1940	3
1941	3
1942	3
1943	3
1944	3
1945	3
1946	3
1947	3
1948	3
1949	3
1950	3
1951	3
1952	3
1953	3
1954	3
1955	3
1956	3
1957	3
1958	3
1959	3
1960	3
1961	3
1962	3
1963	3
1964	3
1965	3
1966	3
1967	3
1968	3
1969	3
1970	3
1971	3
1972	3
1973	3
1974	3
1975	3
1976	11
1977	11
1978	11
1979	11
1980	11
1981	11
1982	11
1983	11
1984	11
1985	11
1986	11
1987	11
1988	11
1989	11
1990	11
1991	11
1992	11
1993	11
1994	11
1995	11
1996	11
1997	11
1998	11
1999	11
2000	11
2001	11
2002	11
2003	11
2004	11
2005	11
2006	11
2007	11
2008	11
2009	11
2010	11
2011	11
2012	11
2013	11
2014	11
2015	11
2016	11
2017	4
2018	4
2019	4
2020	4
2021	4
2022	4
2023	4
2024	11
2025	4
2026	4
2027	4
2028	4
2029	4
2030	11
2031	11
2032	11
2033	11
2034	11
2035	11
2036	11
2037	11
2038	4
2039	4
2040	4
2041	4
2042	4
2043	4
2044	4
2045	4
2046	11
2047	11
2048	4
2049	4
2050	4
2051	11
2052	11
2053	11
2054	11
2055	11
2056	11
2057	11
2058	8
2059	8
2060	11
2061	8
2062	8
2063	8
2064	11
2065	11
2066	11
2067	8
2068	4
2069	4
2070	4
2071	4
2072	4
2073	4
2074	4
2075	4
2076	4
2077	4
2078	4
2079	4
2080	4
2081	4
2082	4
2083	4
2084	4
2085	4
2086	4
2087	4
2088	4
2089	5
2090	5
2091	5
2092	5
2093	5
2094	5
2095	5
2096	3
2097	3
2098	3
2099	3
2100	3
2101	3
2102	3
2103	3
2104	3
2105	3
2106	3
2107	3
2108	3
2109	3
2110	3
2111	3
2112	3
2113	13
2114	13
2115	8
2116	8
2117	8
2118	13
2119	13
2120	8
2121	8
2122	13
2123	13
2124	4
2125	8
2126	8
2127	8
2128	8
2129	13
2130	13
2131	13
2132	13
2133	13
2134	13
2135	13
2136	13
2137	13
2138	13
2139	8
2140	8
2141	13
2142	13
2143	13
2144	13
2145	13
2146	13
2147	13
2148	8
2149	13
2150	8
2151	8
2152	13
2153	13
2154	13
2155	13
2156	13
2157	13
2158	8
2159	13
2160	8
2161	8
2162	8
2163	8
2164	13
2165	13
2166	13
2167	8
2168	8
2169	13
2170	13
2171	13
2172	13
2173	13
2174	13
2175	13
2176	13
2177	13
2178	8
2179	8
2180	13
2181	13
2182	13
2183	13
2184	13
2185	13
2186	13
2187	13
2188	13
2189	8
2190	8
2191	8
2192	8
2193	13
2194	13
2195	13
2196	13
2197	13
2198	13
2199	13
2200	13
2201	13
2202	13
2203	13
2204	8
2205	8
2206	8
2207	8
2208	8
2209	8
2210	8
2211	13
2212	13
2213	8
2214	8
2215	13
2216	13
2217	8
2218	13
2219	13
2220	13
2221	8
2222	13
2223	13
2224	8
2225	13
2226	13
2227	13
2228	13
2229	13
2230	13
2231	13
2232	13
2233	13
2234	13
2235	13
2236	13
2237	13
2238	13
2239	13
2240	13
2241	13
2242	13
2243	13
2244	13
2245	13
2246	8
2247	13
2248	13
2249	8
2250	8
2251	13
2252	13
2253	13
2254	13
2255	13
2256	13
2257	13
2258	8
2259	8
2260	8
2261	13
2262	13
2263	13
2264	13
2265	8
2266	13
2267	8
2268	8
2269	13
2270	13
2271	13
2272	13
2273	13
2274	13
2275	13
2276	8
2277	13
2278	13
2279	13
2280	13
2281	13
2282	8
2283	8
2284	4
2285	4
2286	13
2287	13
2288	13
2289	13
2290	13
2291	13
2292	13
2293	8
2294	8
2295	8
2296	8
2297	13
2298	13
2299	13
2300	13
2301	13
2302	13
2303	8
2304	8
2305	13
2306	13
2307	13
2308	13
2309	4
2310	4
2311	4
2312	2
2313	2
2314	2
2315	2
2316	2
2317	2
2318	2
2319	2
2320	2
2321	2
2322	2
2323	2
2324	2
2325	2
2326	2
2327	2
2328	2
2329	2
2330	3
2331	3
2332	3
2333	3
2334	3
2335	3
2336	3
2337	3
2338	3
2339	3
2340	3
2341	3
2342	3
2343	3
2344	3
2345	3
2346	10
2347	10
2348	10
2349	10
2350	5
2351	10
2352	5
2353	10
2354	10
2355	10
2356	10
2357	10
2358	10
2359	5
2360	5
2361	10
2362	10
2363	10
2364	10
2365	10
2366	13
2367	13
2368	13
2369	13
2370	13
2371	13
2372	13
2373	13
2374	8
2375	8
2376	13
2377	13
2378	13
2379	8
2380	13
2381	8
2382	13
2383	13
2384	8
2385	8
2386	8
2387	8
2388	8
2389	8
2390	8
2391	8
2392	8
2393	8
2394	8
2395	8
2396	8
2397	8
2398	8
2399	8
2400	8
2401	13
2402	13
2403	8
2404	8
2405	13
2406	8
2407	8
2408	8
2409	13
2410	13
2411	13
2412	8
2413	8
2414	13
2415	6
2416	6
2417	6
2418	6
2419	1
2420	1
2421	6
2422	6
2423	6
2424	6
2425	6
2426	6
2427	1
2428	1
2429	1
2430	1
2431	1
2432	6
2433	6
2434	6
2435	6
2436	6
2437	6
2438	6
2439	1
2440	6
2441	6
2442	6
2443	6
2444	6
2445	6
2446	6
2447	6
2448	6
2449	6
2450	6
2451	6
2452	6
2453	6
2454	6
2455	6
2456	6
2457	6
2458	6
2459	6
2460	6
2461	6
2462	6
2463	6
2464	6
2465	6
2466	6
2467	6
2468	6
2469	6
2470	6
2471	6
2472	6
2473	6
2474	6
2475	6
2476	6
2477	6
2478	6
2479	6
2480	6
2481	6
2482	6
2483	6
2484	6
2485	6
2486	6
2487	6
2488	6
2489	6
2490	6
2491	6
2492	6
2493	6
2494	6
2495	6
2496	1
2497	1
2498	6
2499	6
2500	6
2501	6
2502	6
2503	6
2504	6
2505	6
2506	6
2507	6
2508	6
2509	6
2510	6
2511	6
2512	6
2513	6
2514	6
2515	6
2516	6
2517	6
2518	6
2519	6
2520	6
2521	6
2522	6
2523	1
2524	6
2525	1
2526	6
2527	6
2528	6
2529	1
2530	1
2531	1
2532	1
2533	1
2534	1
2535	1
2536	1
2537	1
2538	1
2539	1
2540	1
2541	1
2542	1
2543	6
2544	1
2545	1
2546	1
2547	1
2548	6
2549	6
2550	6
2551	1
2552	1
2553	1
2554	1
2555	6
2556	6
2557	1
2558	6
2559	6
2560	6
2561	6
2562	6
2563	1
2564	6
2565	1
2566	6
2567	6
2568	1
2569	1
2570	1
2571	6
2572	1
2573	6
2574	1
2575	6
2576	6
2577	6
2578	6
2579	6
2580	6
2581	1
2582	6
2583	6
2584	6
2585	6
2586	6
2587	1
2588	1
2589	1
2590	1
2591	6
2592	1
2593	6
2594	6
2595	6
2596	6
2597	6
2598	6
2599	6
2600	6
2601	6
2602	6
2603	6
2604	1
2605	1
2606	4
2607	4
2608	4
2609	4
2610	4
2611	4
2612	4
2613	4
2614	4
2615	4
2616	4
2617	4
2618	4
2619	4
2620	4
2621	4
2622	4
2623	4
2624	4
2625	4
2626	4
2627	4
2628	4
2629	4
2630	4
2631	4
2632	4
2633	4
2634	4
2635	4
2636	4
2637	4
2638	4
2639	4
2640	7
2641	7
2642	7
2643	7
2644	7
2645	7
2646	7
2647	7
2648	7
2649	7
2650	7
2651	7
2652	7
2653	7
2654	7
2655	7
2656	7
2657	7
2658	7
2659	7
2660	7
2661	7
2662	7
2663	7
2664	7
2665	7
2666	7
2667	7
2668	7
2669	7
2670	7
2671	7
2672	7
2673	7
2674	7
2675	7
2676	7
2677	7
2678	7
2679	7
2680	7
2681	7
2682	7
2683	7
2684	7
2685	7
2686	7
2687	7
2688	3
2689	3
2690	3
2691	3
315	5
1657	9
