0	8
1	8
2	8
3	8
4	8
5	8
6	8
7	4
8	4
9	4
10	4
11	4
12	4
13	4
14	4
15	4
16	4
17	4
18	4
19	4
20	4
21	11
22	11
23	11
24	11
25	11
26	11
27	11
28	11
29	12
30	12
31	12
32	12
33	12
34	12
35	12
36	12
37	12
38	12
39	12
40	12
41	12
42	12
43	12
44	12
45	12
46	12
47	12
48	12
49	12
50	12
51	12
52	12
53	9
54	9
55	9
56	9
57	9
58	12
59	12
60	12
61	12
62	12
63	12
64	12
65	9
66	9
67	9
68	9
69	9
70	9
71	11
72	11
73	11
74	11
75	12
76	12
77	12
78	12
79	12
80	12
81	12
82	12
83	10
84	10
85	10
86	10
87	10
88	10
89	10
90	10
91	10
92	10
93	10
94	10
95	10
96	4
97	4
98	4
99	4
100	4
101	4
102	4
103	4
104	4
105	4
106	4
107	4
108	4
109	4
110	4
111	4
112	4
113	4
114	4
115	4
116	4
117	4
118	4
119	4
120	4
121	4
122	4
123	4
124	4
125	4
126	4
127	4
128	4
129	2
130	2
131	2
132	2
133	5
134	2
135	2
136	2
137	2
138	2
139	2
140	2
141	5
142	5
143	2
144	2
145	2
146	2
147	5
148	2
149	2
150	5
151	2
152	2
153	5
154	2
155	2
156	2
157	5
158	5
159	5
160	5
161	5
162	5
163	5
164	2
165	5
166	5
167	5
168	5
169	5
170	5
171	5
172	5
173	5
174	5
175	5
176	5
177	5
178	5
179	5
180	5
181	5
182	5
183	8
184	8
185	8
186	8
187	8
188	8
189	8
190	8
191	8
192	8
193	8
194	8
195	8
196	8
197	8
198	8
199	8
200	8
201	8
202	8
203	8
204	8
205	8
206	8
207	8
208	11
209	11
210	11
211	11
212	11
213	11
214	11
215	11
216	11
217	11
218	11
219	11
220	11
221	11
222	11
223	11
224	11
225	11
226	11
227	11
228	11
229	11
230	11
231	11
232	11
233	11
234	11
235	11
236	11
237	11
238	11
239	11
240	11
241	11
242	11
243	11
244	11
245	11
246	11
247	11
248	8
249	8
250	8
251	8
252	8
253	8
254	8
255	8
256	8
257	8
258	8
259	8
260	8
261	7
262	7
263	7
264	7
265	7
266	7
267	7
268	7
269	7
270	7
271	7
272	7
273	7
274	7
275	7
276	7
277	7
278	7
279	7
280	7
281	7
282	7
283	7
284	7
285	7
286	7
287	7
288	7
289	7
290	7
291	7
292	7
293	7
294	7
295	7
296	7
297	7
298	7
299	7
300	7
301	7
302	8
303	8
304	8
305	8
306	9
307	9
308	9
309	3
310	9
311	9
312	9
313	9
314	9
316	12
317	12
318	12
319	12
320	12
321	12
322	12
323	12
324	12
325	12
326	12
327	12
328	12
329	12
330	12
331	9
332	9
333	9
334	9
335	9
336	9
337	12
338	12
339	12
340	9
341	9
342	9
343	9
344	9
345	3
346	9
347	9
348	9
349	9
350	9
351	9
352	9
353	9
354	9
355	9
356	5
357	5
358	3
359	5
360	5
361	5
362	5
363	5
364	5
365	3
366	5
367	3
368	3
369	9
370	9
371	9
372	9
373	3
374	9
375	9
376	9
377	9
378	9
379	9
380	9
381	9
382	9
383	9
384	9
385	9
386	9
387	9
388	9
389	12
390	12
391	12
392	12
393	12
394	9
395	9
396	9
397	9
398	12
399	12
400	12
401	12
402	12
403	11
404	11
405	11
406	11
407	2
408	2
409	6
410	6
411	6
412	6
413	6
414	6
415	6
416	6
417	6
418	6
419	6
420	6
421	6
422	6
423	6
424	6
425	5
426	5
427	5
428	5
429	5
430	5
431	5
432	5
433	6
434	6
435	6
436	6
437	6
438	6
439	6
440	6
441	6
442	6
443	6
444	6
445	6
446	5
447	5
448	5
449	5
450	5
451	6
452	6
453	6
454	5
455	5
456	5
457	6
458	6
459	6
460	6
461	6
462	6
463	5
464	5
465	5
466	5
467	5
468	5
469	5
470	5
471	5
472	5
473	6
474	6
475	7
476	7
477	7
478	7
479	7
480	7
481	7
482	7
483	7
484	11
485	11
486	7
487	7
488	7
489	7
490	7
491	7
492	7
493	7
494	7
495	7
496	7
497	7
498	11
499	7
500	7
501	7
502	11
503	7
504	7
505	7
506	2
507	11
508	11
509	11
510	11
511	11
512	11
513	11
514	11
515	11
516	11
517	11
518	11
519	11
520	11
521	11
522	10
523	10
524	10
525	10
526	8
527	8
528	10
529	10
530	10
531	10
532	10
533	10
534	10
535	10
536	10
537	10
538	8
539	8
540	8
541	8
542	8
543	8
544	8
545	8
546	8
547	8
548	8
549	8
550	8
551	8
552	8
553	8
554	8
555	8
556	8
557	8
558	8
559	11
560	11
561	11
562	11
563	11
564	11
565	8
566	8
567	8
568	8
569	8
570	1
571	1
572	1
573	1
574	10
575	1
576	1
577	1
578	10
579	1
580	1
581	8
582	8
583	8
584	8
585	8
586	8
587	11
588	11
589	11
590	11
591	11
592	11
593	11
594	7
595	11
596	7
597	11
598	7
599	11
600	11
601	11
602	11
603	8
604	8
605	8
606	8
607	8
608	8
609	8
610	8
611	8
612	8
613	8
614	8
615	8
616	8
617	11
618	11
619	11
620	7
621	7
622	7
623	7
624	7
625	7
626	11
627	7
628	11
629	11
630	11
631	11
632	11
633	7
634	7
635	11
636	11
637	11
638	7
639	8
640	8
641	8
642	8
643	8
644	8
645	8
646	8
647	8
648	8
649	8
650	8
651	8
652	8
653	8
654	8
655	8
656	8
657	5
658	5
659	7
660	7
661	6
662	6
663	6
664	6
665	6
666	6
667	6
668	6
669	6
670	2
671	2
672	2
673	2
674	2
675	2
676	2
677	2
678	2
679	2
680	6
681	6
682	6
683	6
684	6
685	6
686	6
687	6
688	6
689	6
690	6
691	6
692	6
693	6
694	6
695	6
696	6
697	2
698	2
699	2
700	2
701	2
702	2
703	2
704	2
705	2
706	2
707	2
708	2
709	2
710	2
711	2
712	2
713	2
714	6
715	6
716	11
717	11
718	2
719	2
720	2
721	11
722	11
723	11
724	11
725	11
726	11
727	11
728	11
729	11
730	11
731	11
732	12
733	12
734	12
735	12
736	12
737	7
738	5
739	5
740	5
741	5
742	5
743	7
744	7
745	12
746	12
747	12
748	12
749	12
750	12
751	12
752	12
753	12
754	12
755	12
756	12
757	12
758	12
759	12
760	12
761	12
762	12
763	12
764	12
765	12
766	5
767	5
768	5
769	5
770	12
771	12
772	5
773	5
774	5
775	5
776	7
777	5
778	5
779	5
780	5
781	5
782	5
783	5
784	5
785	11
786	5
787	5
788	5
789	5
790	5
791	11
792	11
793	11
794	11
795	11
796	11
797	11
798	11
799	11
800	11
801	5
802	5
803	5
804	5
805	11
806	11
807	11
808	5
809	5
810	5
811	13
812	13
813	9
814	13
815	13
816	9
817	13
818	13
819	13
820	13
821	13
822	9
823	13
824	9
825	9
826	9
827	9
828	9
829	13
830	13
831	13
832	9
833	9
834	13
835	13
836	13
837	13
838	9
839	9
840	13
841	9
842	13
843	13
844	13
845	9
846	13
847	13
848	13
849	9
850	13
851	13
852	13
853	13
854	13
855	9
856	13
857	13
858	8
859	8
860	8
861	8
862	8
863	8
864	8
865	8
866	8
867	8
868	8
869	8
870	8
871	13
872	13
873	9
874	9
875	13
876	9
877	9
878	9
879	9
880	9
881	13
882	9
883	13
884	9
885	13
886	9
887	13
888	13
889	9
890	9
891	9
892	13
893	13
894	13
895	13
896	13
897	9
898	9
899	13
900	13
901	13
902	13
903	13
904	9
905	13
906	9
907	9
908	13
909	9
910	13
911	13
912	13
913	13
914	13
915	13
916	9
917	13
918	9
919	9
920	13
921	13
922	13
923	13
924	9
925	13
926	9
927	13
928	13
929	9
930	13
931	13
932	9
933	13
934	9
935	13
936	13
937	9
938	9
939	9
940	9
941	9
942	13
943	9
944	13
945	13
946	9
947	13
948	13
949	13
950	9
951	13
952	13
953	9
954	13
955	13
956	13
957	13
958	13
959	9
960	9
961	13
962	13
963	13
964	13
965	13
966	9
967	9
968	9
969	13
970	9
971	9
972	13
973	13
974	13
975	13
976	13
977	13
978	9
979	9
980	9
981	9
982	13
983	13
984	10
985	5
986	5
987	5
988	5
989	5
990	5
991	5
992	5
993	5
994	5
995	5
996	5
997	5
998	5
999	5
1000	5
1001	5
1002	5
1003	5
1004	5
1005	5
1006	5
1007	13
1008	10
1009	5
1010	10
1011	13
1012	13
1013	13
1014	13
1015	13
1016	13
1017	10
1018	13
1019	13
1020	13
1021	13
1022	13
1023	13
1024	13
1025	13
1026	13
1027	10
1028	13
1029	13
1030	13
1031	13
1032	13
1033	13
1034	13
1035	13
1036	13
1037	13
1038	13
1039	13
1040	13
1041	13
1042	10
1043	13
1044	13
1045	13
1046	13
1047	13
1048	13
1049	13
1050	13
1051	13
1052	13
1053	13
1054	13
1055	13
1056	13
1057	13
1058	13
1059	13
1060	13
1061	13
1062	13
1063	13
1064	13
1065	13
1066	13
1067	13
1068	13
1069	13
1070	13
1071	13
1072	13
1073	13
1074	13
1075	12
1076	12
1077	12
1078	12
1079	12
1080	12
1081	12
1082	12
1083	12
1084	12
1085	12
1086	12
1087	7
1088	7
1089	7
1090	7
1091	7
1092	7
1093	7
1094	11
1095	11
1096	11
1097	11
1098	11
1099	11
1100	11
1101	11
1102	11
1103	11
1104	11
1105	11
1106	11
1107	3
1108	3
1109	3
1110	3
1111	3
1112	9
1113	3
1114	9
1115	3
1116	9
1117	9
1118	9
1119	3
1120	9
1121	3
1122	9
1123	3
1124	9
1125	9
1126	3
1127	3
1128	3
1129	3
1130	9
1131	9
1132	9
1133	9
1134	3
1135	3
1136	9
1137	9
1138	9
1139	9
1140	3
1141	3
1142	3
1143	9
1144	3
1145	3
1146	9
1147	9
1148	3
1149	3
1150	3
1151	3
1152	3
1153	9
1154	11
1155	11
1156	11
1157	11
1158	11
1159	11
1160	11
1161	11
1162	11
1163	3
1164	3
1165	11
1166	11
1167	11
1168	11
1169	13
1170	13
1171	13
1172	13
1173	13
1174	13
1175	13
1176	13
1177	13
1178	13
1179	13
1180	13
1181	13
1182	13
1183	13
1184	10
1185	13
1186	13
1187	13
1188	13
1189	13
1190	10
1191	13
1192	13
1193	13
1194	10
1195	13
1196	13
1197	13
1198	13
1199	13
1200	10
1201	10
1202	10
1203	10
1204	10
1205	10
1206	10
1207	10
1208	10
1209	10
1210	10
1211	10
1212	10
1213	10
1214	10
1215	10
1216	10
1217	10
1218	10
1219	10
1220	10
1221	10
1222	10
1223	10
1224	10
1225	10
1226	10
1227	10
1228	10
1229	10
1230	10
1231	10
1232	10
1233	10
1234	10
1235	10
1236	10
1237	10
1238	10
1239	10
1240	7
1241	7
1242	7
1243	7
1244	7
1245	7
1246	7
1247	7
1248	7
1249	11
1250	7
1251	11
1252	11
1253	12
1254	12
1255	12
1256	12
1257	12
1258	7
1259	7
1260	11
1261	11
1262	7
1263	7
1264	12
1265	12
1266	12
1267	12
1268	12
1269	12
1270	12
1271	12
1272	12
1273	12
1274	12
1275	12
1276	12
1277	12
1278	11
1279	11
1280	11
1281	7
1282	7
1283	7
1284	12
1285	12
1286	12
1287	12
1288	2
1289	11
1290	11
1291	11
1292	2
1293	11
1294	2
1295	2
1296	2
1297	2
1298	11
1299	2
1300	11
1301	2
1302	2
1303	12
1304	12
1305	12
1306	12
1307	12
1308	12
1309	12
1310	12
1311	12
1312	12
1313	12
1314	9
1315	9
1316	9
1317	9
1318	9
1319	9
1320	9
1321	9
1322	9
1323	9
1324	9
1325	9
1326	9
1327	9
1328	9
1329	9
1330	9
1331	9
1332	9
1333	9
1334	9
1335	9
1336	9
1337	9
1338	9
1339	9
1340	9
1341	9
1342	9
1343	9
1344	9
1345	9
1346	12
1347	12
1348	12
1349	12
1350	12
1351	12
1352	12
1353	12
1354	12
1355	12
1356	12
1357	12
1358	12
1359	12
1360	12
1361	12
1362	12
1363	3
1364	3
1365	3
1366	3
1367	3
1368	3
1369	3
1370	3
1371	3
1372	3
1373	3
1374	3
1375	3
1376	3
1377	3
1378	3
1379	3
1380	3
1381	11
1382	11
1383	11
1384	11
1385	11
1386	11
1387	11
1388	11
1389	11
1390	11
1391	11
1392	11
1393	11
1394	11
1395	11
1396	11
1397	12
1398	12
1399	12
1400	12
1401	12
1402	12
1403	12
1404	12
1405	12
1406	12
1407	12
1408	12
1409	12
1410	12
1411	12
1412	12
1413	12
1414	12
1415	12
1416	12
1417	12
1418	12
1419	12
1420	12
1421	12
1422	12
1423	12
1424	12
1425	12
1426	12
1427	12
1428	4
1429	4
1430	4
1431	4
1432	4
1433	4
1434	4
1435	4
1436	4
1437	4
1438	4
1439	4
1440	4
1441	4
1442	4
1443	4
1444	4
1445	4
1446	4
1447	4
1448	4
1449	4
1450	4
1451	4
1452	4
1453	4
1454	4
1455	4
1456	4
1457	4
1458	4
1459	4
1460	4
1461	4
1462	4
1463	4
1464	4
1465	11
1466	11
1467	11
1468	11
1469	2
1470	11
1471	11
1472	2
1473	2
1474	11
1475	11
1476	11
1477	11
1478	11
1479	11
1480	11
1481	11
1482	11
1483	11
1484	11
1485	11
1486	11
1487	2
1488	11
1489	12
1490	12
1491	12
1492	12
1493	12
1494	12
1495	12
1496	12
1497	12
1498	12
1499	12
1500	12
1501	8
1502	8
1503	8
1504	8
1505	8
1506	8
1507	8
1508	8
1509	8
1510	8
1511	8
1512	8
1513	8
1514	8
1515	8
1516	8
1517	8
1518	8
1519	8
1520	8
1521	8
1522	8
1523	8
1524	8
1525	8
1526	8
1527	8
1528	8
1529	5
1530	5
1531	5
1532	5
1533	5
1534	5
1535	5
1536	5
1537	5
1538	5
1539	5
1540	5
1541	5
1542	5
1543	5
1544	5
1545	5
1546	5
1547	5
1548	5
1549	5
1550	5
1551	5
1552	10
1553	10
1554	10
1555	3
1556	10
1557	3
1558	10
1559	10
1560	10
1561	10
1562	10
1563	10
1564	10
1565	10
1566	3
1567	10
1568	10
1569	10
1570	10
1571	10
1572	10
1573	10
1574	10
1575	10
1576	12
1577	12
1578	12
1579	12
1580	12
1581	12
1582	12
1583	12
1584	12
1585	12
1586	12
1587	12
1588	12
1589	12
1590	12
1591	12
1592	12
1593	12
1594	12
1595	12
1596	12
1597	12
1598	12
1599	12
1600	12
1601	12
1602	10
1603	10
1604	10
1605	10
1606	10
1607	10
1608	10
1609	10
1610	10
1611	10
1612	10
1613	10
1614	10
1615	10
1616	10
1617	10
1618	11
1619	11
1620	11
1621	11
1622	11
1623	11
1624	11
1625	11
1626	11
1627	11
1628	11
1629	10
1630	4
1631	4
1632	4
1633	10
1634	4
1635	4
1636	4
1637	4
1638	4
1639	10
1640	4
1641	10
1642	4
1643	4
1644	11
1645	11
1646	11
1647	11
1648	11
1649	4
1650	4
1651	4
1652	4
1653	4
1654	4
1655	4
1656	4
1658	4
1659	4
1660	4
1661	4
1662	4
1663	4
1664	4
1665	4
1666	4
1667	4
1668	4
1669	4
1670	4
1671	4
1672	4
1673	11
1674	4
1675	4
1676	4
1677	11
1678	7
1679	7
1680	7
1681	7
1682	7
1683	7
1684	7
1685	4
1686	4
1687	4
1688	4
1689	4
1690	4
1691	4
1692	4
1693	4
1694	4
1695	4
1696	4
1697	4
1698	4
1699	4
1700	4
1701	4
1702	4
1703	6
1704	6
1705	4
1706	4
1707	4
1708	4
1709	6
1710	4
1711	4
1712	4
1713	11
1714	11
1715	11
1716	11
1717	11
1718	11
1719	11
1720	11
1721	11
1722	11
1723	11
1724	11
1725	4
1726	4
1727	4
1728	11
1729	4
1730	4
1731	4
1732	4
1733	4
1734	4
1735	4
1736	6
1737	6
1738	4
1739	4
1740	4
1741	4
1742	8
1743	8
1744	6
1745	8
1746	8
1747	6
1748	8
1749	6
1750	6
1751	8
1752	8
1753	8
1754	8
1755	8
1756	6
1757	11
1758	11
1759	11
1760	11
1761	8
1762	8
1763	8
1764	6
1765	8
1766	8
1767	6
1768	8
1769	6
1770	8
1771	8
1772	8
1773	8
1774	11
1775	11
1776	11
1777	11
1778	11
1779	11
1780	11
1781	11
1782	11
1783	11
1784	11
1785	11
1786	11
1787	6
1788	8
1789	8
1790	8
1791	6
1792	8
1793	8
1794	8
1795	11
1796	11
1797	11
1798	11
1799	8
1800	8
1801	8
1802	8
1803	6
1804	6
1805	8
1806	6
1807	8
1808	6
1809	4
1810	4
1811	4
1812	4
1813	4
1814	4
1815	4
1816	4
1817	4
1818	4
1819	4
1820	4
1821	4
1822	4
1823	4
1824	4
1825	4
1826	4
1827	4
1828	4
1829	4
1830	7
1831	7
1832	7
1833	7
1834	7
1835	4
1836	4
1837	7
1838	4
1839	4
1840	3
1841	3
1842	3
1843	3
1844	3
1845	4
1846	4
1847	4
1848	4
1849	4
1850	4
1851	4
1852	4
1853	4
1854	4
1855	4
1856	4
1857	11
1858	11
1859	11
1860	11
1861	11
1862	11
1863	4
1864	4
1865	4
1866	4
1867	4
1868	4
1869	4
1870	4
1871	4
1872	7
1873	7
1874	7
1875	7
1876	7
1877	7
1878	7
1879	7
1880	7
1881	7
1882	7
1883	7
1884	7
1885	7
1886	7
1887	7
1888	7
1889	7
1890	7
1891	7
1892	7
1893	7
1894	7
1895	8
1896	8
1897	8
1898	9
1899	9
1900	9
1901	9
1902	9
1903	9
1904	12
1905	12
1906	12
1907	12
1908	12
1909	8
1910	12
1911	8
1912	12
1913	12
1914	12
1915	12
1916	9
1917	9
1918	9
1919	9
1920	9
1921	9
1922	9
1923	9
1924	8
1925	12
1926	12
1927	8
1928	12
1929	12
1930	12
1931	12
1932	12
1933	12
1934	12
1935	12
1936	12
1937	8
1938	12
1939	12
1940	12
1941	8
1942	12
1943	12
1944	12
1945	12
1946	12
1947	12
1948	12
1949	12
1950	12
1951	12
1952	12
1953	12
1954	12
1955	12
1956	8
1957	8
1958	12
1959	12
1960	12
1961	12
1962	8
1963	12
1964	8
1965	12
1966	12
1967	12
1968	12
1969	12
1970	8
1971	12
1972	8
1973	12
1974	8
1975	12
1976	10
1977	10
1978	10
1979	5
1980	10
1981	5
1982	5
1983	10
1984	5
1985	5
1986	5
1987	10
1988	10
1989	10
1990	10
1991	5
1992	10
1993	10
1994	10
1995	5
1996	10
1997	10
1998	10
1999	10
2000	10
2001	10
2002	10
2003	10
2004	10
2005	10
2006	10
2007	10
2008	10
2009	5
2010	10
2011	5
2012	5
2013	10
2014	10
2015	10
2016	10
2017	7
2018	7
2019	7
2020	7
2021	7
2022	7
2023	7
2024	7
2025	7
2026	7
2027	7
2028	7
2029	7
2030	5
2031	5
2032	5
2033	5
2034	5
2035	7
2036	7
2037	7
2038	11
2039	11
2040	11
2041	11
2042	11
2043	7
2044	7
2045	7
2046	7
2047	7
2048	11
2049	11
2050	7
2051	7
2052	7
2053	7
2054	7
2055	7
2056	7
2057	7
2058	10
2059	10
2060	10
2061	10
2062	10
2063	10
2064	10
2065	10
2066	10
2067	10
2068	7
2069	7
2070	7
2071	7
2072	7
2073	11
2074	7
2075	7
2076	7
2077	11
2078	11
2079	7
2080	11
2081	7
2082	7
2083	7
2084	7
2085	7
2086	7
2087	7
2088	7
2089	12
2090	12
2091	12
2092	12
2093	12
2094	12
2095	12
2096	8
2097	8
2098	8
2099	8
2100	8
2101	8
2102	8
2103	8
2104	8
2105	8
2106	8
2107	8
2108	8
2109	8
2110	8
2111	8
2112	8
2113	1
2114	1
2115	1
2116	1
2117	1
2118	1
2119	1
2120	1
2121	1
2122	1
2123	1
2124	7
2125	1
2126	1
2127	1
2128	1
2129	1
2130	1
2131	1
2132	1
2133	1
2134	6
2135	6
2136	1
2137	1
2138	1
2139	1
2140	1
2141	1
2142	1
2143	1
2144	1
2145	1
2146	1
2147	1
2148	1
2149	1
2150	1
2151	6
2152	6
2153	6
2154	1
2155	6
2156	1
2157	1
2158	6
2159	1
2160	6
2161	6
2162	6
2163	6
2164	6
2165	6
2166	6
2167	1
2168	1
2169	6
2170	6
2171	6
2172	6
2173	1
2174	1
2175	1
2176	1
2177	1
2178	1
2179	1
2180	6
2181	6
2182	1
2183	1
2184	1
2185	6
2186	6
2187	6
2188	1
2189	1
2190	1
2191	1
2192	1
2193	6
2194	1
2195	1
2196	1
2197	1
2198	1
2199	1
2200	1
2201	1
2202	1
2203	1
2204	1
2205	1
2206	1
2207	1
2208	1
2209	6
2210	6
2211	1
2212	6
2213	1
2214	1
2215	1
2216	1
2217	1
2218	6
2219	6
2220	6
2221	1
2222	1
2223	1
2224	1
2225	6
2226	6
2227	6
2228	1
2229	1
2230	6
2231	6
2232	6
2233	1
2234	1
2235	6
2236	1
2237	1
2238	1
2239	6
2240	6
2241	1
2242	1
2243	1
2244	1
2245	1
2246	6
2247	6
2248	6
2249	1
2250	1
2251	1
2252	6
2253	1
2254	1
2255	1
2256	6
2257	6
2258	1
2259	1
2260	1
2261	6
2262	6
2263	6
2264	6
2265	6
2266	1
2267	1
2268	1
2269	1
2270	1
2271	6
2272	1
2273	1
2274	6
2275	6
2276	6
2277	1
2278	1
2279	1
2280	6
2281	6
2282	1
2283	1
2284	7
2285	7
2286	1
2287	6
2288	6
2289	6
2290	6
2291	6
2292	6
2293	1
2294	1
2295	1
2296	1
2297	1
2298	1
2299	1
2300	1
2301	6
2302	1
2303	1
2304	1
2305	6
2306	6
2307	6
2308	6
2309	7
2310	7
2311	7
2312	13
2313	13
2314	13
2315	13
2316	13
2317	13
2318	13
2319	13
2320	13
2321	13
2322	13
2323	13
2324	13
2325	13
2326	13
2327	13
2328	13
2329	13
2330	8
2331	8
2332	8
2333	8
2334	8
2335	8
2336	8
2337	8
2338	8
2339	8
2340	8
2341	8
2342	8
2343	8
2344	8
2345	8
2346	13
2347	13
2348	13
2349	13
2350	13
2351	13
2352	13
2353	13
2354	13
2355	13
2356	13
2357	13
2358	13
2359	13
2360	13
2361	13
2362	13
2363	13
2364	13
2365	13
2366	1
2367	1
2368	1
2369	1
2370	1
2371	1
2372	1
2373	1
2374	1
2375	1
2376	1
2377	1
2378	1
2379	1
2380	1
2381	1
2382	1
2383	1
2384	1
2385	1
2386	1
2387	1
2388	1
2389	1
2390	1
2391	1
2392	1
2393	1
2394	1
2395	1
2396	1
2397	1
2398	1
2399	1
2400	1
2401	1
2402	1
2403	1
2404	1
2405	1
2406	1
2407	1
2408	1
2409	1
2410	1
2411	1
2412	1
2413	1
2414	1
2415	3
2416	3
2417	3
2418	3
2419	2
2420	2
2421	3
2422	2
2423	2
2424	2
2425	3
2426	2
2427	2
2428	2
2429	2
2430	2
2431	2
2432	2
2433	2
2434	2
2435	2
2436	2
2437	2
2438	2
2439	2
2440	2
2441	2
2442	2
2443	2
2444	2
2445	2
2446	2
2447	2
2448	2
2449	3
2450	3
2451	3
2452	3
2453	3
2454	3
2455	3
2456	3
2457	3
2458	3
2459	3
2460	2
2461	2
2462	3
2463	3
2464	3
2465	2
2466	2
2467	3
2468	3
2469	3
2470	3
2471	3
2472	3
2473	2
2474	2
2475	3
2476	3
2477	3
2478	3
2479	3
2480	3
2481	3
2482	3
2483	3
2484	3
2485	3
2486	3
2487	3
2488	3
2489	3
2490	3
2491	3
2492	3
2493	3
2494	3
2495	3
2496	2
2497	2
2498	2
2499	2
2500	3
2501	3
2502	2
2503	3
2504	2
2505	2
2506	3
2507	2
2508	2
2509	2
2510	2
2511	2
2512	2
2513	2
2514	2
2515	3
2516	3
2517	3
2518	3
2519	3
2520	3
2521	3
2522	3
2523	2
2524	2
2525	2
2526	3
2527	3
2528	2
2529	2
2530	2
2531	2
2532	2
2533	2
2534	2
2535	2
2536	2
2537	2
2538	2
2539	3
2540	2
2541	3
2542	2
2543	2
2544	3
2545	3
2546	3
2547	2
2548	2
2549	2
2550	3
2551	3
2552	2
2553	2
2554	3
2555	3
2556	3
2557	3
2558	2
2559	3
2560	2
2561	2
2562	2
2563	2
2564	2
2565	2
2566	2
2567	2
2568	2
2569	2
2570	2
2571	2
2572	2
2573	2
2574	2
2575	3
2576	3
2577	3
2578	3
2579	3
2580	3
2581	2
2582	2
2583	3
2584	3
2585	2
2586	3
2587	2
2588	2
2589	2
2590	2
2591	2
2592	2
2593	2
2594	3
2595	3
2596	2
2597	3
2598	3
2599	2
2600	3
2601	3
2602	2
2603	2
2604	2
2605	2
2606	7
2607	7
2608	7
2609	7
2610	7
2611	7
2612	7
2613	7
2614	7
2615	7
2616	7
2617	7
2618	7
2619	7
2620	7
2621	7
2622	7
2623	7
2624	7
2625	7
2626	7
2627	7
2628	7
2629	7
2630	7
2631	7
2632	7
2633	7
2634	7
2635	7
2636	7
2637	7
2638	7
2639	7
2640	10
2641	10
2642	10
2643	10
2644	10
2645	5
2646	5
2647	5
2648	5
2649	10
2650	10
2651	5
2652	5
2653	5
2654	5
2655	5
2656	10
2657	5
2658	5
2659	10
2660	10
2661	5
2662	5
2663	10
2664	5
2665	10
2666	5
2667	5
2668	10
2669	10
2670	5
2671	10
2672	5
2673	10
2674	5
2675	5
2676	5
2677	5
2678	5
2679	10
2680	10
2681	10
2682	10
2683	10
2684	10
2685	10
2686	10
2687	10
2688	8
2689	8
2690	8
2691	8
315	12
1657	4
