0	4
1	4
2	4
3	4
4	4
5	4
6	4
7	8
8	8
9	9
10	9
11	9
12	8
13	8
14	8
15	8
16	9
17	9
18	9
19	9
20	9
21	11
22	11
23	11
24	11
25	11
26	11
27	11
28	11
29	9
30	9
31	9
32	9
33	9
34	9
35	9
36	9
37	9
38	9
39	9
40	9
41	9
42	9
43	9
44	9
45	9
46	9
47	9
48	9
49	9
50	9
51	9
52	9
53	12
54	12
55	12
56	12
57	12
58	9
59	9
60	9
61	9
62	9
63	9
64	9
65	12
66	12
67	12
68	12
69	12
70	12
71	11
72	11
73	11
74	11
75	9
76	9
77	9
78	9
79	9
80	9
81	9
82	9
83	5
84	5
85	5
86	5
87	5
88	5
89	5
90	5
91	5
92	5
93	5
94	5
95	5
96	9
97	8
98	9
99	9
100	8
101	8
102	8
103	9
104	8
105	9
106	8
107	9
108	9
109	8
110	9
111	9
112	8
113	8
114	8
115	8
116	8
117	9
118	8
119	8
120	8
121	8
122	9
123	8
124	9
125	9
126	9
127	8
128	9
129	10
130	10
131	10
132	10
133	10
134	10
135	10
136	10
137	10
138	10
139	10
140	10
141	10
142	10
143	10
144	10
145	10
146	10
147	10
148	10
149	10
150	10
151	10
152	10
153	10
154	10
155	10
156	10
157	10
158	10
159	10
160	10
161	10
162	10
163	10
164	10
165	10
166	10
167	10
168	10
169	10
170	10
171	10
172	10
173	10
174	10
175	10
176	10
177	10
178	10
179	10
180	10
181	10
182	10
183	4
184	4
185	4
186	4
187	4
188	4
189	4
190	4
191	4
192	4
193	4
194	4
195	4
196	4
197	4
198	4
199	4
200	4
201	4
202	4
203	4
204	4
205	4
206	4
207	4
208	11
209	11
210	11
211	11
212	11
213	11
214	11
215	13
216	11
217	11
218	13
219	11
220	11
221	11
222	11
223	11
224	11
225	11
226	11
227	11
228	11
229	11
230	11
231	11
232	11
233	11
234	11
235	11
236	11
237	11
238	11
239	11
240	11
241	11
242	11
243	11
244	11
245	11
246	11
247	11
248	4
249	4
250	4
251	4
252	4
253	4
254	4
255	4
256	4
257	4
258	4
259	4
260	4
261	7
262	7
263	7
264	7
265	7
266	7
267	7
268	11
269	7
270	7
271	7
272	7
273	7
274	7
275	7
276	7
277	7
278	11
279	11
280	7
281	11
282	7
283	11
284	7
285	7
286	7
287	7
288	11
289	7
290	7
291	11
292	7
293	7
294	7
295	7
296	7
297	7
298	7
299	7
300	7
301	7
302	4
303	4
304	4
305	4
306	13
307	13
308	13
309	1
310	13
311	1
312	13
313	13
314	13
316	9
317	9
318	9
319	9
320	9
321	9
322	9
323	9
324	9
325	9
326	9
327	9
328	9
329	9
330	9
331	13
332	13
333	13
334	13
335	13
336	1
337	9
338	9
339	9
340	13
341	13
342	13
343	13
344	13
345	13
346	13
347	13
348	13
349	13
350	13
351	13
352	13
353	13
354	13
355	13
356	10
357	10
358	5
359	10
360	10
361	5
362	10
363	10
364	10
365	5
366	10
367	5
368	5
369	13
370	13
371	13
372	13
373	1
374	13
375	13
376	13
377	13
378	13
379	13
380	13
381	13
382	13
383	13
384	13
385	13
386	13
387	13
388	13
389	9
390	9
391	9
392	9
393	9
394	13
395	13
396	13
397	13
398	9
399	9
400	9
401	9
402	9
403	13
404	11
405	11
406	13
407	13
408	13
409	2
410	2
411	2
412	2
413	2
414	2
415	2
416	2
417	2
418	2
419	2
420	2
421	2
422	2
423	2
424	2
425	5
426	5
427	5
428	5
429	5
430	5
431	5
432	5
433	2
434	2
435	2
436	2
437	2
438	2
439	2
440	2
441	2
442	2
443	2
444	2
445	2
446	5
447	5
448	5
449	5
450	5
451	2
452	2
453	2
454	5
455	5
456	5
457	2
458	2
459	2
460	2
461	2
462	2
463	5
464	5
465	5
466	5
467	5
468	5
469	5
470	5
471	5
472	5
473	2
474	2
475	7
476	7
477	10
478	10
479	10
480	10
481	10
482	10
483	10
484	13
485	13
486	10
487	10
488	10
489	7
490	7
491	7
492	7
493	7
494	7
495	10
496	10
497	10
498	13
499	10
500	10
501	10
502	13
503	10
504	10
505	10
506	13
507	13
508	13
509	11
510	13
511	11
512	13
513	13
514	11
515	13
516	13
517	13
518	13
519	13
520	11
521	13
522	5
523	5
524	5
525	5
526	4
527	4
528	5
529	5
530	5
531	5
532	5
533	5
534	5
535	5
536	5
537	5
538	4
539	4
540	4
541	4
542	4
543	4
544	4
545	4
546	4
547	4
548	4
549	4
550	4
551	4
552	4
553	4
554	4
555	4
556	4
557	4
558	4
559	11
560	11
561	11
562	11
563	11
564	11
565	4
566	4
567	4
568	4
569	4
570	8
571	8
572	8
573	8
574	5
575	8
576	8
577	8
578	5
579	8
580	8
581	4
582	4
583	4
584	4
585	4
586	4
587	11
588	11
589	11
590	11
591	11
592	11
593	11
594	11
595	11
596	11
597	11
598	11
599	11
600	11
601	11
602	11
603	4
604	4
605	4
606	4
607	4
608	4
609	4
610	4
611	4
612	4
613	4
614	4
615	4
616	4
617	11
618	11
619	11
620	11
621	11
622	11
623	11
624	11
625	11
626	11
627	11
628	11
629	11
630	11
631	11
632	11
633	11
634	11
635	11
636	11
637	11
638	11
639	4
640	4
641	4
642	4
643	4
644	4
645	4
646	4
647	4
648	4
649	4
650	4
651	4
652	4
653	4
654	4
655	4
656	4
657	7
658	7
659	7
660	7
661	2
662	2
663	2
664	2
665	2
666	2
667	2
668	2
669	2
670	11
671	11
672	11
673	11
674	11
675	11
676	11
677	11
678	11
679	11
680	2
681	2
682	2
683	2
684	2
685	2
686	2
687	2
688	2
689	2
690	2
691	2
692	2
693	2
694	2
695	2
696	2
697	11
698	11
699	11
700	11
701	11
702	11
703	11
704	11
705	11
706	10
707	11
708	11
709	10
710	11
711	11
712	11
713	11
714	2
715	2
716	7
717	7
718	11
719	11
720	10
721	7
722	7
723	7
724	7
725	7
726	7
727	7
728	7
729	7
730	7
731	7
732	9
733	9
734	9
735	9
736	9
737	7
738	5
739	5
740	7
741	7
742	7
743	7
744	7
745	9
746	9
747	9
748	9
749	9
750	9
751	9
752	9
753	9
754	9
755	9
756	9
757	9
758	9
759	9
760	9
761	9
762	9
763	9
764	9
765	9
766	7
767	7
768	7
769	7
770	9
771	9
772	7
773	7
774	7
775	5
776	7
777	7
778	7
779	7
780	7
781	7
782	7
783	7
784	7
785	13
786	7
787	7
788	7
789	7
790	7
791	13
792	13
793	13
794	13
795	13
796	13
797	13
798	13
799	13
800	13
801	7
802	7
803	7
804	7
805	13
806	13
807	13
808	7
809	7
810	7
811	12
812	1
813	12
814	12
815	12
816	12
817	12
818	1
819	1
820	1
821	12
822	12
823	12
824	12
825	12
826	12
827	1
828	1
829	1
830	12
831	12
832	12
833	12
834	12
835	12
836	12
837	12
838	12
839	12
840	12
841	12
842	12
843	12
844	12
845	12
846	12
847	1
848	1
849	1
850	1
851	1
852	12
853	12
854	12
855	12
856	1
857	1
858	4
859	4
860	4
861	4
862	4
863	4
864	4
865	4
866	4
867	4
868	4
869	4
870	4
871	12
872	12
873	12
874	12
875	12
876	12
877	12
878	12
879	12
880	1
881	12
882	12
883	12
884	12
885	12
886	12
887	12
888	12
889	12
890	12
891	1
892	1
893	12
894	12
895	12
896	12
897	12
898	12
899	1
900	1
901	1
902	12
903	12
904	12
905	12
906	12
907	12
908	12
909	1
910	1
911	1
912	1
913	1
914	12
915	12
916	12
917	12
918	12
919	1
920	12
921	12
922	1
923	1
924	1
925	12
926	12
927	12
928	12
929	12
930	12
931	12
932	1
933	1
934	1
935	12
936	12
937	12
938	12
939	1
940	1
941	1
942	12
943	1
944	1
945	1
946	12
947	12
948	12
949	12
950	1
951	12
952	12
953	1
954	1
955	1
956	1
957	12
958	12
959	12
960	1
961	1
962	12
963	12
964	12
965	12
966	1
967	1
968	1
969	12
970	12
971	12
972	12
973	12
974	1
975	1
976	12
977	12
978	1
979	1
980	1
981	1
982	12
983	12
984	12
985	10
986	10
987	10
988	10
989	10
990	10
991	10
992	10
993	10
994	10
995	10
996	10
997	10
998	10
999	10
1000	10
1001	10
1002	10
1003	10
1004	10
1005	10
1006	10
1007	12
1008	12
1009	10
1010	12
1011	12
1012	12
1013	12
1014	12
1015	12
1016	12
1017	12
1018	12
1019	12
1020	12
1021	12
1022	12
1023	12
1024	12
1025	12
1026	12
1027	12
1028	9
1029	12
1030	9
1031	12
1032	9
1033	12
1034	12
1035	12
1036	9
1037	9
1038	9
1039	12
1040	9
1041	12
1042	12
1043	12
1044	12
1045	9
1046	9
1047	9
1048	12
1049	12
1050	9
1051	12
1052	12
1053	9
1054	12
1055	9
1056	9
1057	12
1058	12
1059	9
1060	12
1061	12
1062	12
1063	9
1064	9
1065	9
1066	9
1067	9
1068	12
1069	12
1070	12
1071	9
1072	9
1073	9
1074	9
1075	4
1076	4
1077	4
1078	4
1079	4
1080	4
1081	4
1082	4
1083	4
1084	4
1085	4
1086	4
1087	7
1088	7
1089	7
1090	7
1091	7
1092	7
1093	7
1094	11
1095	11
1096	11
1097	11
1098	11
1099	11
1100	11
1101	11
1102	11
1103	11
1104	11
1105	11
1106	11
1107	1
1108	1
1109	1
1110	1
1111	1
1112	1
1113	1
1114	1
1115	1
1116	1
1117	1
1118	1
1119	1
1120	1
1121	1
1122	1
1123	1
1124	1
1125	1
1126	1
1127	1
1128	1
1129	1
1130	1
1131	1
1132	1
1133	1
1134	1
1135	1
1136	1
1137	1
1138	1
1139	1
1140	1
1141	1
1142	1
1143	1
1144	1
1145	1
1146	1
1147	1
1148	1
1149	1
1150	1
1151	1
1152	1
1153	1
1154	13
1155	13
1156	13
1157	13
1158	13
1159	13
1160	13
1161	13
1162	13
1163	13
1164	13
1165	13
1166	13
1167	13
1168	13
1169	12
1170	12
1171	12
1172	12
1173	12
1174	12
1175	12
1176	12
1177	12
1178	12
1179	12
1180	12
1181	12
1182	12
1183	12
1184	12
1185	12
1186	12
1187	12
1188	12
1189	12
1190	12
1191	12
1192	12
1193	12
1194	12
1195	12
1196	12
1197	12
1198	12
1199	12
1200	1
1201	1
1202	1
1203	1
1204	1
1205	1
1206	1
1207	1
1208	1
1209	1
1210	1
1211	1
1212	1
1213	1
1214	1
1215	1
1216	1
1217	1
1218	1
1219	1
1220	1
1221	1
1222	1
1223	1
1224	1
1225	1
1226	1
1227	1
1228	1
1229	1
1230	1
1231	1
1232	1
1233	1
1234	1
1235	1
1236	1
1237	1
1238	1
1239	1
1240	11
1241	11
1242	11
1243	11
1244	11
1245	11
1246	11
1247	11
1248	11
1249	11
1250	11
1251	11
1252	11
1253	2
1254	2
1255	2
1256	2
1257	2
1258	11
1259	11
1260	11
1261	11
1262	11
1263	11
1264	2
1265	2
1266	2
1267	2
1268	2
1269	2
1270	2
1271	2
1272	2
1273	2
1274	2
1275	2
1276	2
1277	2
1278	13
1279	13
1280	13
1281	11
1282	11
1283	11
1284	2
1285	2
1286	2
1287	2
1288	13
1289	13
1290	13
1291	13
1292	13
1293	13
1294	13
1295	13
1296	13
1297	13
1298	13
1299	13
1300	13
1301	13
1302	13
1303	4
1304	4
1305	4
1306	4
1307	4
1308	4
1309	4
1310	4
1311	4
1312	4
1313	4
1314	1
1315	1
1316	1
1317	1
1318	1
1319	1
1320	1
1321	1
1322	12
1323	1
1324	1
1325	1
1326	1
1327	1
1328	1
1329	1
1330	1
1331	1
1332	1
1333	1
1334	1
1335	12
1336	1
1337	1
1338	1
1339	12
1340	1
1341	1
1342	12
1343	1
1344	1
1345	1
1346	4
1347	4
1348	4
1349	4
1350	4
1351	4
1352	4
1353	4
1354	4
1355	4
1356	4
1357	4
1358	4
1359	4
1360	4
1361	4
1362	4
1363	5
1364	5
1365	5
1366	3
1367	3
1368	5
1369	5
1370	5
1371	3
1372	5
1373	5
1374	5
1375	5
1376	5
1377	5
1378	5
1379	5
1380	3
1381	13
1382	13
1383	13
1384	13
1385	13
1386	13
1387	13
1388	13
1389	13
1390	13
1391	13
1392	13
1393	13
1394	13
1395	13
1396	13
1397	2
1398	2
1399	2
1400	2
1401	2
1402	2
1403	2
1404	2
1405	2
1406	2
1407	2
1408	2
1409	2
1410	2
1411	2
1412	2
1413	2
1414	2
1415	2
1416	2
1417	2
1418	2
1419	2
1420	2
1421	2
1422	2
1423	2
1424	2
1425	2
1426	2
1427	2
1428	8
1429	8
1430	8
1431	8
1432	8
1433	8
1434	8
1435	8
1436	8
1437	8
1438	8
1439	8
1440	8
1441	9
1442	9
1443	9
1444	9
1445	9
1446	9
1447	9
1448	9
1449	9
1450	9
1451	9
1452	9
1453	9
1454	9
1455	8
1456	8
1457	8
1458	8
1459	8
1460	8
1461	8
1462	8
1463	8
1464	8
1465	11
1466	11
1467	11
1468	11
1469	11
1470	11
1471	11
1472	11
1473	11
1474	11
1475	11
1476	11
1477	11
1478	11
1479	11
1480	11
1481	11
1482	11
1483	11
1484	11
1485	11
1486	11
1487	11
1488	11
1489	9
1490	9
1491	9
1492	9
1493	9
1494	9
1495	9
1496	9
1497	9
1498	9
1499	9
1500	9
1501	2
1502	2
1503	2
1504	2
1505	2
1506	2
1507	2
1508	2
1509	2
1510	2
1511	2
1512	2
1513	2
1514	2
1515	2
1516	2
1517	2
1518	2
1519	2
1520	2
1521	2
1522	2
1523	2
1524	2
1525	2
1526	2
1527	2
1528	2
1529	5
1530	5
1531	5
1532	5
1533	5
1534	5
1535	5
1536	5
1537	5
1538	5
1539	5
1540	5
1541	5
1542	5
1543	5
1544	5
1545	5
1546	5
1547	5
1548	5
1549	5
1550	5
1551	5
1552	5
1553	5
1554	5
1555	5
1556	5
1557	5
1558	5
1559	5
1560	5
1561	5
1562	5
1563	5
1564	5
1565	5
1566	5
1567	5
1568	5
1569	5
1570	5
1571	5
1572	5
1573	5
1574	5
1575	5
1576	9
1577	9
1578	9
1579	9
1580	9
1581	9
1582	9
1583	9
1584	9
1585	9
1586	9
1587	9
1588	9
1589	9
1590	9
1591	9
1592	9
1593	4
1594	4
1595	4
1596	4
1597	4
1598	4
1599	4
1600	4
1601	4
1602	5
1603	5
1604	5
1605	5
1606	5
1607	5
1608	5
1609	5
1610	5
1611	5
1612	5
1613	5
1614	5
1615	5
1616	5
1617	5
1618	11
1619	11
1620	11
1621	11
1622	11
1623	11
1624	11
1625	11
1626	11
1627	11
1628	11
1629	1
1630	1
1631	1
1632	9
1633	1
1634	1
1635	1
1636	1
1637	1
1638	1
1639	1
1640	1
1641	1
1642	1
1643	1
1644	11
1645	11
1646	11
1647	11
1648	11
1649	1
1650	1
1651	1
1652	1
1653	1
1654	1
1655	1
1656	1
1658	1
1659	1
1660	1
1661	1
1662	1
1663	1
1664	1
1665	1
1666	1
1667	9
1668	9
1669	1
1670	1
1671	1
1672	1
1673	11
1674	1
1675	1
1676	1
1677	11
1678	11
1679	11
1680	7
1681	7
1682	11
1683	11
1684	11
1685	9
1686	9
1687	9
1688	9
1689	9
1690	9
1691	9
1692	9
1693	9
1694	9
1695	9
1696	9
1697	9
1698	9
1699	9
1700	9
1701	9
1702	9
1703	6
1704	6
1705	9
1706	9
1707	9
1708	9
1709	9
1710	9
1711	9
1712	9
1713	11
1714	11
1715	11
1716	11
1717	11
1718	11
1719	11
1720	11
1721	11
1722	11
1723	11
1724	11
1725	9
1726	9
1727	9
1728	11
1729	9
1730	9
1731	9
1732	9
1733	9
1734	9
1735	9
1736	9
1737	9
1738	9
1739	9
1740	9
1741	9
1742	2
1743	2
1744	2
1745	2
1746	2
1747	2
1748	2
1749	2
1750	2
1751	2
1752	2
1753	2
1754	2
1755	2
1756	2
1757	11
1758	11
1759	11
1760	11
1761	2
1762	2
1763	2
1764	6
1765	2
1766	2
1767	6
1768	2
1769	2
1770	2
1771	2
1772	2
1773	2
1774	11
1775	11
1776	11
1777	11
1778	11
1779	11
1780	11
1781	11
1782	11
1783	11
1784	11
1785	11
1786	11
1787	2
1788	2
1789	2
1790	2
1791	2
1792	2
1793	2
1794	2
1795	11
1796	11
1797	11
1798	11
1799	2
1800	2
1801	2
1802	2
1803	2
1804	2
1805	2
1806	2
1807	2
1808	2
1809	8
1810	6
1811	6
1812	8
1813	8
1814	6
1815	8
1816	8
1817	6
1818	6
1819	8
1820	8
1821	8
1822	8
1823	8
1824	8
1825	8
1826	8
1827	8
1828	8
1829	8
1830	11
1831	11
1832	11
1833	11
1834	11
1835	6
1836	6
1837	11
1838	8
1839	8
1840	5
1841	5
1842	5
1843	5
1844	5
1845	8
1846	8
1847	8
1848	8
1849	6
1850	8
1851	8
1852	8
1853	8
1854	6
1855	8
1856	6
1857	11
1858	11
1859	11
1860	11
1861	11
1862	11
1863	8
1864	8
1865	8
1866	8
1867	8
1868	8
1869	8
1870	8
1871	8
1872	7
1873	7
1874	7
1875	7
1876	7
1877	7
1878	7
1879	7
1880	7
1881	7
1882	7
1883	7
1884	7
1885	7
1886	7
1887	7
1888	7
1889	7
1890	7
1891	7
1892	7
1893	7
1894	7
1895	4
1896	4
1897	4
1898	13
1899	13
1900	13
1901	13
1902	13
1903	13
1904	4
1905	4
1906	4
1907	4
1908	4
1909	4
1910	4
1911	4
1912	4
1913	4
1914	4
1915	4
1916	13
1917	13
1918	13
1919	13
1920	13
1921	13
1922	13
1923	13
1924	4
1925	4
1926	4
1927	4
1928	4
1929	4
1930	4
1931	4
1932	4
1933	4
1934	4
1935	4
1936	4
1937	4
1938	4
1939	4
1940	4
1941	4
1942	4
1943	4
1944	4
1945	4
1946	4
1947	4
1948	4
1949	4
1950	4
1951	4
1952	4
1953	4
1954	4
1955	4
1956	4
1957	4
1958	4
1959	4
1960	4
1961	4
1962	4
1963	4
1964	4
1965	4
1966	4
1967	4
1968	4
1969	4
1970	4
1971	4
1972	4
1973	4
1974	4
1975	4
1976	5
1977	5
1978	5
1979	5
1980	5
1981	5
1982	5
1983	10
1984	10
1985	5
1986	5
1987	10
1988	5
1989	5
1990	5
1991	10
1992	5
1993	10
1994	10
1995	10
1996	5
1997	10
1998	10
1999	10
2000	10
2001	5
2002	5
2003	5
2004	5
2005	5
2006	5
2007	5
2008	5
2009	10
2010	10
2011	10
2012	10
2013	5
2014	10
2015	10
2016	5
2017	7
2018	7
2019	7
2020	7
2021	7
2022	7
2023	7
2024	10
2025	7
2026	7
2027	7
2028	7
2029	7
2030	10
2031	10
2032	10
2033	10
2034	10
2035	10
2036	10
2037	7
2038	7
2039	7
2040	7
2041	7
2042	7
2043	7
2044	7
2045	7
2046	10
2047	10
2048	7
2049	7
2050	7
2051	10
2052	10
2053	7
2054	7
2055	10
2056	7
2057	10
2058	5
2059	5
2060	5
2061	5
2062	5
2063	5
2064	5
2065	5
2066	5
2067	5
2068	7
2069	7
2070	7
2071	7
2072	7
2073	11
2074	7
2075	7
2076	7
2077	11
2078	11
2079	7
2080	11
2081	7
2082	7
2083	7
2084	7
2085	7
2086	7
2087	7
2088	7
2089	9
2090	9
2091	9
2092	9
2093	9
2094	9
2095	9
2096	4
2097	4
2098	4
2099	4
2100	4
2101	4
2102	4
2103	2
2104	2
2105	2
2106	2
2107	4
2108	4
2109	4
2110	2
2111	2
2112	2
2113	6
2114	6
2115	6
2116	6
2117	6
2118	8
2119	6
2120	8
2121	6
2122	8
2123	8
2124	7
2125	6
2126	6
2127	6
2128	6
2129	6
2130	8
2131	6
2132	6
2133	8
2134	6
2135	6
2136	8
2137	8
2138	8
2139	8
2140	8
2141	6
2142	6
2143	6
2144	6
2145	8
2146	8
2147	6
2148	8
2149	8
2150	6
2151	6
2152	6
2153	6
2154	6
2155	6
2156	6
2157	6
2158	6
2159	8
2160	6
2161	6
2162	6
2163	6
2164	6
2165	6
2166	6
2167	8
2168	8
2169	6
2170	6
2171	6
2172	6
2173	6
2174	8
2175	6
2176	8
2177	8
2178	6
2179	6
2180	6
2181	6
2182	6
2183	6
2184	6
2185	6
2186	6
2187	6
2188	6
2189	8
2190	6
2191	8
2192	6
2193	6
2194	6
2195	6
2196	8
2197	8
2198	6
2199	8
2200	6
2201	6
2202	6
2203	6
2204	6
2205	6
2206	6
2207	6
2208	8
2209	6
2210	6
2211	6
2212	6
2213	6
2214	8
2215	8
2216	8
2217	6
2218	6
2219	6
2220	6
2221	8
2222	8
2223	8
2224	6
2225	6
2226	6
2227	6
2228	6
2229	8
2230	6
2231	6
2232	6
2233	8
2234	8
2235	6
2236	8
2237	8
2238	8
2239	6
2240	6
2241	8
2242	8
2243	8
2244	6
2245	8
2246	6
2247	6
2248	6
2249	6
2250	6
2251	6
2252	6
2253	8
2254	6
2255	6
2256	6
2257	6
2258	8
2259	6
2260	6
2261	6
2262	6
2263	6
2264	6
2265	6
2266	6
2267	6
2268	6
2269	6
2270	6
2271	6
2272	6
2273	6
2274	6
2275	6
2276	6
2277	8
2278	6
2279	6
2280	6
2281	6
2282	8
2283	8
2284	7
2285	7
2286	6
2287	6
2288	6
2289	6
2290	6
2291	6
2292	6
2293	6
2294	8
2295	6
2296	6
2297	8
2298	8
2299	8
2300	8
2301	6
2302	8
2303	8
2304	8
2305	6
2306	6
2307	6
2308	6
2309	7
2310	7
2311	7
2312	12
2313	12
2314	12
2315	12
2316	12
2317	12
2318	12
2319	12
2320	12
2321	12
2322	12
2323	12
2324	12
2325	12
2326	12
2327	12
2328	12
2329	12
2330	4
2331	4
2332	4
2333	4
2334	4
2335	4
2336	4
2337	4
2338	4
2339	4
2340	4
2341	4
2342	4
2343	4
2344	4
2345	4
2346	9
2347	9
2348	9
2349	9
2350	9
2351	9
2352	9
2353	9
2354	9
2355	9
2356	9
2357	9
2358	9
2359	9
2360	9
2361	9
2362	9
2363	9
2364	9
2365	9
2366	8
2367	8
2368	8
2369	8
2370	8
2371	8
2372	8
2373	8
2374	8
2375	8
2376	8
2377	8
2378	8
2379	8
2380	8
2381	8
2382	8
2383	8
2384	8
2385	8
2386	8
2387	8
2388	8
2389	8
2390	8
2391	8
2392	8
2393	8
2394	8
2395	8
2396	8
2397	8
2398	8
2399	8
2400	8
2401	8
2402	8
2403	8
2404	8
2405	8
2406	8
2407	8
2408	8
2409	8
2410	8
2411	8
2412	8
2413	8
2414	8
2415	3
2416	3
2417	3
2418	3
2419	13
2420	3
2421	3
2422	3
2423	3
2424	3
2425	3
2426	3
2427	13
2428	3
2429	13
2430	13
2431	3
2432	3
2433	3
2434	3
2435	3
2436	3
2437	3
2438	3
2439	3
2440	3
2441	3
2442	3
2443	3
2444	3
2445	3
2446	3
2447	3
2448	3
2449	3
2450	3
2451	3
2452	3
2453	3
2454	3
2455	3
2456	3
2457	3
2458	3
2459	3
2460	3
2461	3
2462	3
2463	3
2464	3
2465	3
2466	3
2467	3
2468	3
2469	3
2470	3
2471	3
2472	3
2473	3
2474	3
2475	3
2476	3
2477	3
2478	3
2479	3
2480	3
2481	3
2482	3
2483	3
2484	3
2485	3
2486	3
2487	3
2488	3
2489	3
2490	3
2491	3
2492	3
2493	3
2494	3
2495	3
2496	13
2497	13
2498	13
2499	13
2500	3
2501	3
2502	3
2503	3
2504	3
2505	3
2506	3
2507	3
2508	13
2509	13
2510	13
2511	13
2512	13
2513	13
2514	13
2515	3
2516	3
2517	3
2518	3
2519	3
2520	3
2521	3
2522	3
2523	3
2524	3
2525	13
2526	3
2527	3
2528	3
2529	3
2530	13
2531	13
2532	13
2533	13
2534	3
2535	13
2536	3
2537	13
2538	3
2539	3
2540	3
2541	3
2542	3
2543	3
2544	3
2545	3
2546	3
2547	3
2548	3
2549	3
2550	3
2551	3
2552	3
2553	3
2554	3
2555	3
2556	3
2557	3
2558	13
2559	13
2560	3
2561	3
2562	13
2563	13
2564	3
2565	3
2566	3
2567	3
2568	13
2569	3
2570	3
2571	3
2572	3
2573	3
2574	3
2575	3
2576	3
2577	3
2578	3
2579	3
2580	3
2581	3
2582	3
2583	3
2584	3
2585	3
2586	3
2587	13
2588	13
2589	13
2590	13
2591	13
2592	13
2593	13
2594	3
2595	3
2596	3
2597	3
2598	3
2599	3
2600	3
2601	3
2602	3
2603	3
2604	3
2605	3
2606	7
2607	7
2608	7
2609	7
2610	7
2611	7
2612	7
2613	7
2614	7
2615	7
2616	7
2617	7
2618	7
2619	7
2620	7
2621	7
2622	7
2623	7
2624	7
2625	7
2626	7
2627	7
2628	7
2629	7
2630	7
2631	7
2632	7
2633	7
2634	7
2635	7
2636	7
2637	7
2638	7
2639	7
2640	10
2641	10
2642	10
2643	10
2644	10
2645	10
2646	10
2647	10
2648	10
2649	10
2650	10
2651	10
2652	10
2653	10
2654	10
2655	10
2656	10
2657	10
2658	10
2659	10
2660	10
2661	10
2662	10
2663	10
2664	10
2665	5
2666	10
2667	10
2668	10
2669	5
2670	10
2671	10
2672	10
2673	10
2674	10
2675	10
2676	10
2677	10
2678	10
2679	10
2680	10
2681	10
2682	10
2683	5
2684	5
2685	10
2686	10
2687	5
2688	4
2689	4
2690	4
2691	4
315	9
1657	1
