0	2
1	2
2	2
3	2
4	2
5	2
6	2
7	9
8	9
9	9
10	9
11	9
12	9
13	9
14	9
15	9
16	9
17	9
18	9
19	9
20	9
21	13
22	13
23	13
24	13
25	13
26	13
27	13
28	13
29	5
30	5
31	5
32	5
33	5
34	5
35	5
36	5
37	5
38	5
39	5
40	5
41	5
42	5
43	5
44	5
45	5
46	5
47	5
48	5
49	5
50	5
51	5
52	5
53	6
54	6
55	6
56	6
57	6
58	5
59	5
60	5
61	5
62	5
63	5
64	5
65	6
66	6
67	6
68	6
69	6
70	6
71	13
72	13
73	13
74	13
75	5
76	5
77	5
78	5
79	5
80	5
81	5
82	5
83	3
84	3
85	3
86	3
87	3
88	3
89	3
90	3
91	3
92	3
93	3
94	3
95	3
96	9
97	9
98	9
99	9
100	9
101	9
102	9
103	9
104	9
105	9
106	9
107	9
108	9
109	9
110	9
111	9
112	9
113	9
114	9
115	9
116	9
117	9
118	9
119	9
120	9
121	9
122	9
123	9
124	9
125	9
126	9
127	9
128	9
129	4
130	4
131	8
132	4
133	4
134	4
135	8
136	4
137	4
138	4
139	8
140	4
141	4
142	4
143	4
144	4
145	4
146	4
147	4
148	4
149	4
150	4
151	4
152	4
153	4
154	8
155	8
156	8
157	4
158	4
159	4
160	4
161	4
162	4
163	4
164	4
165	4
166	3
167	3
168	3
169	4
170	4
171	4
172	4
173	3
174	4
175	4
176	4
177	3
178	4
179	3
180	4
181	4
182	4
183	7
184	7
185	7
186	7
187	7
188	7
189	7
190	7
191	7
192	7
193	7
194	7
195	7
196	7
197	7
198	7
199	7
200	7
201	7
202	7
203	7
204	7
205	7
206	7
207	7
208	13
209	13
210	13
211	13
212	13
213	13
214	13
215	8
216	13
217	13
218	8
219	13
220	13
221	13
222	13
223	13
224	13
225	13
226	13
227	13
228	13
229	13
230	13
231	13
232	13
233	13
234	13
235	13
236	13
237	13
238	13
239	13
240	13
241	13
242	13
243	13
244	13
245	13
246	13
247	13
248	7
249	7
250	7
251	7
252	7
253	7
254	7
255	7
256	7
257	7
258	7
259	7
260	7
261	11
262	11
263	11
264	11
265	11
266	11
267	11
268	11
269	11
270	11
271	11
272	11
273	11
274	11
275	11
276	11
277	11
278	11
279	11
280	11
281	11
282	11
283	11
284	11
285	11
286	11
287	11
288	11
289	11
290	11
291	11
292	11
293	11
294	11
295	11
296	11
297	11
298	11
299	11
300	11
301	11
302	7
303	7
304	7
305	7
306	12
307	12
308	12
309	10
310	12
311	10
312	12
313	12
314	12
316	5
317	5
318	5
319	5
320	5
321	5
322	5
323	5
324	5
325	5
326	5
327	5
328	5
329	5
330	5
331	12
332	12
333	12
334	12
335	12
336	10
337	5
338	5
339	5
340	12
341	12
342	12
343	12
344	12
345	12
346	12
347	12
348	12
349	12
350	12
351	12
352	12
353	10
354	12
355	12
356	4
357	4
358	4
359	4
360	4
361	4
362	4
363	4
364	4
365	4
366	4
367	4
368	4
369	10
370	12
371	12
372	12
373	10
374	12
375	12
376	12
377	12
378	12
379	12
380	12
381	12
382	12
383	12
384	12
385	12
386	12
387	12
388	12
389	5
390	5
391	5
392	5
393	5
394	12
395	12
396	12
397	10
398	5
399	5
400	5
401	5
402	5
403	8
404	13
405	13
406	8
407	8
408	8
409	2
410	2
411	2
412	2
413	2
414	2
415	2
416	2
417	2
418	2
419	2
420	2
421	2
422	2
423	2
424	2
425	3
426	4
427	4
428	4
429	3
430	3
431	3
432	3
433	2
434	2
435	2
436	2
437	2
438	2
439	2
440	2
441	2
442	2
443	2
444	2
445	2
446	3
447	3
448	4
449	4
450	4
451	2
452	2
453	2
454	3
455	4
456	3
457	2
458	2
459	2
460	2
461	2
462	2
463	3
464	3
465	3
466	3
467	3
468	3
469	4
470	3
471	4
472	4
473	2
474	2
475	11
476	11
477	11
478	11
479	11
480	11
481	11
482	11
483	11
484	8
485	8
486	11
487	11
488	11
489	11
490	11
491	11
492	11
493	11
494	11
495	11
496	11
497	11
498	8
499	11
500	11
501	11
502	8
503	11
504	11
505	11
506	8
507	8
508	8
509	8
510	8
511	13
512	8
513	8
514	13
515	8
516	8
517	8
518	8
519	8
520	13
521	8
522	10
523	10
524	10
525	10
526	7
527	7
528	10
529	10
530	10
531	10
532	10
533	10
534	10
535	10
536	10
537	10
538	7
539	7
540	7
541	7
542	7
543	7
544	7
545	7
546	7
547	7
548	7
549	7
550	7
551	7
552	7
553	7
554	7
555	7
556	7
557	7
558	7
559	13
560	13
561	13
562	13
563	13
564	13
565	7
566	7
567	7
568	7
569	7
570	3
571	3
572	3
573	3
574	3
575	3
576	3
577	3
578	3
579	3
580	3
581	7
582	7
583	7
584	7
585	7
586	7
587	13
588	13
589	13
590	13
591	13
592	13
593	13
594	13
595	13
596	11
597	13
598	13
599	13
600	13
601	13
602	13
603	7
604	7
605	7
606	7
607	7
608	7
609	7
610	7
611	7
612	7
613	7
614	7
615	7
616	7
617	13
618	13
619	13
620	11
621	13
622	13
623	11
624	11
625	13
626	13
627	11
628	13
629	13
630	13
631	13
632	13
633	13
634	11
635	13
636	13
637	13
638	11
639	7
640	7
641	7
642	7
643	7
644	7
645	7
646	7
647	7
648	7
649	7
650	7
651	7
652	7
653	7
654	7
655	7
656	7
657	11
658	4
659	11
660	11
661	2
662	2
663	2
664	2
665	2
666	2
667	2
668	2
669	2
670	13
671	13
672	13
673	13
674	13
675	13
676	13
677	13
678	13
679	13
680	2
681	2
682	2
683	2
684	2
685	2
686	2
687	2
688	2
689	2
690	2
691	2
692	2
693	2
694	2
695	2
696	2
697	13
698	13
699	13
700	13
701	13
702	13
703	13
704	13
705	13
706	4
707	13
708	13
709	13
710	13
711	13
712	13
713	13
714	2
715	2
716	13
717	13
718	13
719	13
720	13
721	13
722	13
723	13
724	13
725	13
726	13
727	13
728	13
729	13
730	13
731	13
732	5
733	5
734	5
735	5
736	5
737	11
738	4
739	4
740	4
741	4
742	4
743	11
744	11
745	5
746	5
747	5
748	5
749	5
750	5
751	5
752	5
753	5
754	5
755	5
756	5
757	5
758	5
759	5
760	5
761	5
762	5
763	5
764	5
765	5
766	11
767	4
768	4
769	4
770	5
771	5
772	4
773	4
774	4
775	4
776	11
777	11
778	4
779	4
780	11
781	4
782	11
783	4
784	4
785	8
786	11
787	11
788	11
789	11
790	11
791	8
792	8
793	8
794	8
795	8
796	8
797	8
798	8
799	8
800	8
801	11
802	11
803	11
804	11
805	8
806	8
807	8
808	11
809	11
810	4
811	6
812	6
813	6
814	6
815	6
816	6
817	6
818	6
819	6
820	6
821	6
822	6
823	6
824	6
825	6
826	6
827	6
828	6
829	6
830	6
831	6
832	6
833	6
834	6
835	6
836	6
837	6
838	6
839	6
840	6
841	6
842	6
843	6
844	6
845	6
846	6
847	6
848	6
849	6
850	6
851	6
852	6
853	6
854	6
855	6
856	6
857	6
858	7
859	7
860	7
861	7
862	7
863	7
864	7
865	7
866	7
867	7
868	7
869	7
870	7
871	6
872	6
873	6
874	6
875	6
876	6
877	6
878	6
879	6
880	6
881	6
882	6
883	6
884	6
885	6
886	6
887	6
888	6
889	6
890	6
891	6
892	6
893	6
894	6
895	6
896	6
897	6
898	6
899	6
900	6
901	6
902	6
903	6
904	6
905	6
906	6
907	6
908	6
909	6
910	6
911	6
912	6
913	6
914	6
915	6
916	6
917	6
918	6
919	6
920	6
921	6
922	6
923	6
924	6
925	6
926	6
927	6
928	6
929	6
930	6
931	6
932	6
933	6
934	6
935	6
936	6
937	6
938	6
939	6
940	6
941	6
942	6
943	6
944	6
945	6
946	6
947	6
948	6
949	6
950	6
951	6
952	6
953	6
954	6
955	6
956	6
957	6
958	6
959	6
960	6
961	6
962	6
963	6
964	6
965	6
966	6
967	6
968	6
969	6
970	6
971	6
972	6
973	6
974	6
975	6
976	6
977	6
978	6
979	6
980	6
981	6
982	5
983	5
984	5
985	4
986	4
987	4
988	4
989	4
990	4
991	4
992	4
993	4
994	4
995	4
996	4
997	4
998	4
999	4
1000	4
1001	4
1002	4
1003	4
1004	4
1005	4
1006	4
1007	5
1008	5
1009	4
1010	5
1011	5
1012	5
1013	5
1014	5
1015	5
1016	5
1017	5
1018	5
1019	5
1020	5
1021	5
1022	5
1023	5
1024	5
1025	5
1026	5
1027	5
1028	5
1029	5
1030	5
1031	5
1032	5
1033	5
1034	5
1035	5
1036	5
1037	5
1038	5
1039	5
1040	5
1041	5
1042	5
1043	5
1044	5
1045	5
1046	5
1047	5
1048	5
1049	5
1050	5
1051	5
1052	5
1053	5
1054	5
1055	5
1056	5
1057	5
1058	5
1059	5
1060	5
1061	5
1062	5
1063	5
1064	5
1065	5
1066	5
1067	5
1068	5
1069	5
1070	5
1071	5
1072	5
1073	5
1074	5
1075	7
1076	7
1077	7
1078	7
1079	7
1080	7
1081	7
1082	7
1083	7
1084	7
1085	7
1086	7
1087	11
1088	11
1089	11
1090	11
1091	11
1092	11
1093	11
1094	13
1095	13
1096	13
1097	13
1098	13
1099	13
1100	13
1101	13
1102	13
1103	13
1104	13
1105	13
1106	13
1107	10
1108	10
1109	10
1110	10
1111	10
1112	10
1113	10
1114	10
1115	10
1116	10
1117	10
1118	10
1119	10
1120	10
1121	10
1122	10
1123	10
1124	10
1125	10
1126	10
1127	10
1128	10
1129	10
1130	10
1131	10
1132	10
1133	10
1134	10
1135	10
1136	6
1137	6
1138	10
1139	6
1140	10
1141	10
1142	10
1143	10
1144	10
1145	10
1146	10
1147	10
1148	10
1149	10
1150	10
1151	10
1152	10
1153	10
1154	12
1155	12
1156	12
1157	12
1158	12
1159	12
1160	12
1161	12
1162	12
1163	12
1164	12
1165	12
1166	12
1167	12
1168	12
1169	5
1170	5
1171	5
1172	5
1173	5
1174	5
1175	5
1176	5
1177	5
1178	5
1179	5
1180	5
1181	5
1182	5
1183	5
1184	5
1185	5
1186	5
1187	5
1188	5
1189	5
1190	5
1191	5
1192	5
1193	5
1194	5
1195	5
1196	5
1197	5
1198	5
1199	5
1200	10
1201	10
1202	10
1203	10
1204	10
1205	10
1206	10
1207	10
1208	10
1209	10
1210	10
1211	10
1212	10
1213	10
1214	10
1215	10
1216	10
1217	10
1218	10
1219	10
1220	10
1221	10
1222	10
1223	10
1224	10
1225	10
1226	10
1227	10
1228	10
1229	10
1230	10
1231	10
1232	10
1233	10
1234	10
1235	10
1236	10
1237	10
1238	10
1239	10
1240	11
1241	11
1242	13
1243	13
1244	13
1245	11
1246	13
1247	13
1248	13
1249	13
1250	13
1251	13
1252	13
1253	5
1254	5
1255	5
1256	5
1257	5
1258	13
1259	13
1260	13
1261	13
1262	13
1263	11
1264	5
1265	5
1266	5
1267	5
1268	5
1269	2
1270	5
1271	2
1272	5
1273	2
1274	2
1275	2
1276	5
1277	2
1278	8
1279	8
1280	8
1281	13
1282	11
1283	11
1284	2
1285	5
1286	5
1287	2
1288	8
1289	8
1290	8
1291	8
1292	8
1293	8
1294	8
1295	8
1296	8
1297	8
1298	8
1299	8
1300	8
1301	8
1302	8
1303	7
1304	7
1305	7
1306	7
1307	7
1308	7
1309	7
1310	7
1311	7
1312	7
1313	7
1314	6
1315	6
1316	6
1317	6
1318	6
1319	6
1320	6
1321	6
1322	6
1323	6
1324	6
1325	6
1326	6
1327	10
1328	6
1329	6
1330	6
1331	10
1332	10
1333	6
1334	6
1335	6
1336	6
1337	10
1338	6
1339	6
1340	6
1341	6
1342	6
1343	6
1344	10
1345	6
1346	7
1347	7
1348	7
1349	7
1350	7
1351	7
1352	7
1353	7
1354	7
1355	7
1356	7
1357	7
1358	7
1359	7
1360	7
1361	7
1362	7
1363	10
1364	10
1365	10
1366	10
1367	10
1368	10
1369	10
1370	10
1371	10
1372	10
1373	10
1374	10
1375	10
1376	10
1377	10
1378	10
1379	10
1380	10
1381	12
1382	12
1383	12
1384	12
1385	12
1386	12
1387	12
1388	12
1389	12
1390	12
1391	12
1392	12
1393	12
1394	12
1395	12
1396	12
1397	2
1398	7
1399	7
1400	7
1401	2
1402	7
1403	7
1404	2
1405	7
1406	7
1407	7
1408	7
1409	7
1410	2
1411	7
1412	7
1413	7
1414	7
1415	7
1416	7
1417	2
1418	2
1419	7
1420	2
1421	7
1422	2
1423	7
1424	7
1425	2
1426	2
1427	7
1428	10
1429	10
1430	10
1431	10
1432	10
1433	10
1434	10
1435	10
1436	10
1437	10
1438	10
1439	10
1440	10
1441	9
1442	9
1443	9
1444	9
1445	9
1446	9
1447	9
1448	9
1449	9
1450	9
1451	9
1452	9
1453	9
1454	9
1455	10
1456	10
1457	10
1458	10
1459	10
1460	10
1461	10
1462	10
1463	10
1464	10
1465	13
1466	13
1467	13
1468	13
1469	13
1470	13
1471	13
1472	13
1473	13
1474	13
1475	13
1476	13
1477	13
1478	13
1479	13
1480	13
1481	13
1482	13
1483	13
1484	13
1485	13
1486	13
1487	13
1488	13
1489	5
1490	5
1491	5
1492	5
1493	5
1494	5
1495	5
1496	5
1497	5
1498	5
1499	5
1500	5
1501	2
1502	2
1503	2
1504	2
1505	2
1506	2
1507	2
1508	2
1509	2
1510	2
1511	2
1512	2
1513	2
1514	2
1515	2
1516	2
1517	2
1518	2
1519	2
1520	2
1521	2
1522	2
1523	2
1524	2
1525	2
1526	2
1527	2
1528	2
1529	4
1530	4
1531	4
1532	4
1533	4
1534	4
1535	4
1536	4
1537	4
1538	4
1539	4
1540	4
1541	4
1542	4
1543	4
1544	4
1545	4
1546	4
1547	4
1548	4
1549	4
1550	4
1551	4
1552	3
1553	3
1554	10
1555	10
1556	10
1557	10
1558	3
1559	3
1560	3
1561	3
1562	10
1563	3
1564	3
1565	3
1566	10
1567	3
1568	3
1569	3
1570	3
1571	3
1572	3
1573	3
1574	3
1575	3
1576	5
1577	5
1578	5
1579	5
1580	5
1581	5
1582	5
1583	5
1584	5
1585	5
1586	5
1587	5
1588	5
1589	5
1590	5
1591	5
1592	5
1593	7
1594	7
1595	7
1596	7
1597	7
1598	7
1599	7
1600	7
1601	7
1602	3
1603	3
1604	3
1605	3
1606	3
1607	3
1608	3
1609	3
1610	3
1611	3
1612	3
1613	3
1614	3
1615	3
1616	3
1617	3
1618	13
1619	13
1620	13
1621	13
1622	13
1623	13
1624	13
1625	13
1626	13
1627	13
1628	13
1629	10
1630	9
1631	9
1632	9
1633	10
1634	10
1635	10
1636	9
1637	10
1638	10
1639	10
1640	10
1641	10
1642	10
1643	10
1644	13
1645	13
1646	13
1647	13
1648	13
1649	10
1650	10
1651	10
1652	10
1653	10
1654	10
1655	10
1656	10
1658	10
1659	10
1660	9
1661	10
1662	10
1663	10
1664	10
1665	10
1666	9
1667	9
1668	9
1669	10
1670	10
1671	10
1672	10
1673	13
1674	10
1675	10
1676	10
1677	13
1678	11
1679	11
1680	11
1681	11
1682	11
1683	11
1684	11
1685	2
1686	2
1687	2
1688	2
1689	2
1690	2
1691	2
1692	2
1693	2
1694	2
1695	2
1696	2
1697	2
1698	2
1699	2
1700	2
1701	9
1702	9
1703	9
1704	9
1705	9
1706	9
1707	2
1708	9
1709	9
1710	9
1711	2
1712	9
1713	13
1714	13
1715	13
1716	13
1717	13
1718	13
1719	13
1720	13
1721	13
1722	13
1723	13
1724	13
1725	2
1726	9
1727	9
1728	13
1729	2
1730	9
1731	9
1732	9
1733	9
1734	2
1735	9
1736	9
1737	9
1738	9
1739	9
1740	9
1741	9
1742	2
1743	2
1744	2
1745	2
1746	2
1747	2
1748	2
1749	2
1750	2
1751	2
1752	2
1753	2
1754	2
1755	2
1756	2
1757	13
1758	13
1759	13
1760	13
1761	2
1762	2
1763	2
1764	1
1765	2
1766	2
1767	1
1768	2
1769	2
1770	2
1771	2
1772	2
1773	2
1774	13
1775	13
1776	13
1777	13
1778	13
1779	13
1780	13
1781	13
1782	13
1783	13
1784	13
1785	13
1786	13
1787	2
1788	2
1789	2
1790	2
1791	2
1792	2
1793	2
1794	2
1795	13
1796	13
1797	13
1798	13
1799	2
1800	2
1801	2
1802	2
1803	2
1804	1
1805	2
1806	2
1807	2
1808	2
1809	9
1810	9
1811	9
1812	9
1813	9
1814	9
1815	9
1816	9
1817	9
1818	9
1819	9
1820	9
1821	9
1822	9
1823	9
1824	9
1825	9
1826	9
1827	9
1828	9
1829	9
1830	13
1831	13
1832	13
1833	13
1834	13
1835	9
1836	9
1837	13
1838	9
1839	9
1840	10
1841	4
1842	4
1843	10
1844	10
1845	9
1846	9
1847	9
1848	9
1849	9
1850	9
1851	9
1852	9
1853	9
1854	9
1855	9
1856	9
1857	13
1858	13
1859	13
1860	13
1861	13
1862	13
1863	9
1864	9
1865	9
1866	9
1867	9
1868	9
1869	9
1870	9
1871	9
1872	11
1873	11
1874	11
1875	11
1876	11
1877	11
1878	11
1879	11
1880	11
1881	11
1882	11
1883	11
1884	11
1885	11
1886	11
1887	11
1888	11
1889	11
1890	11
1891	11
1892	11
1893	11
1894	11
1895	7
1896	7
1897	7
1898	12
1899	12
1900	12
1901	12
1902	12
1903	12
1904	7
1905	7
1906	7
1907	7
1908	7
1909	7
1910	7
1911	7
1912	7
1913	7
1914	7
1915	7
1916	12
1917	12
1918	12
1919	12
1920	12
1921	12
1922	12
1923	12
1924	7
1925	7
1926	7
1927	7
1928	7
1929	7
1930	7
1931	7
1932	7
1933	7
1934	7
1935	7
1936	7
1937	7
1938	7
1939	7
1940	7
1941	7
1942	7
1943	7
1944	7
1945	7
1946	7
1947	7
1948	7
1949	7
1950	7
1951	7
1952	7
1953	7
1954	7
1955	7
1956	7
1957	7
1958	7
1959	7
1960	7
1961	7
1962	7
1963	7
1964	7
1965	7
1966	7
1967	7
1968	7
1969	7
1970	7
1971	7
1972	7
1973	7
1974	7
1975	7
1976	3
1977	3
1978	3
1979	3
1980	3
1981	3
1982	3
1983	3
1984	3
1985	3
1986	3
1987	3
1988	3
1989	3
1990	3
1991	3
1992	3
1993	3
1994	3
1995	3
1996	3
1997	3
1998	3
1999	3
2000	3
2001	3
2002	3
2003	3
2004	3
2005	3
2006	3
2007	3
2008	3
2009	3
2010	3
2011	3
2012	3
2013	3
2014	3
2015	3
2016	3
2017	11
2018	11
2019	11
2020	11
2021	11
2022	11
2023	11
2024	11
2025	11
2026	11
2027	11
2028	11
2029	11
2030	4
2031	4
2032	4
2033	4
2034	4
2035	11
2036	11
2037	11
2038	13
2039	13
2040	13
2041	13
2042	13
2043	11
2044	11
2045	11
2046	11
2047	11
2048	13
2049	13
2050	11
2051	11
2052	11
2053	11
2054	11
2055	11
2056	11
2057	11
2058	3
2059	3
2060	3
2061	3
2062	3
2063	3
2064	3
2065	3
2066	3
2067	3
2068	11
2069	11
2070	11
2071	11
2072	11
2073	13
2074	11
2075	11
2076	11
2077	13
2078	13
2079	11
2080	13
2081	11
2082	11
2083	11
2084	11
2085	11
2086	11
2087	11
2088	11
2089	5
2090	5
2091	5
2092	5
2093	5
2094	5
2095	5
2096	2
2097	2
2098	2
2099	2
2100	2
2101	2
2102	2
2103	2
2104	2
2105	2
2106	2
2107	2
2108	2
2109	2
2110	2
2111	2
2112	2
2113	1
2114	1
2115	1
2116	1
2117	1
2118	9
2119	9
2120	1
2121	1
2122	1
2123	9
2124	11
2125	1
2126	1
2127	1
2128	1
2129	1
2130	1
2131	1
2132	1
2133	9
2134	1
2135	1
2136	1
2137	9
2138	9
2139	1
2140	9
2141	1
2142	1
2143	1
2144	1
2145	1
2146	9
2147	9
2148	1
2149	9
2150	1
2151	1
2152	1
2153	1
2154	1
2155	1
2156	1
2157	1
2158	1
2159	1
2160	1
2161	1
2162	1
2163	1
2164	1
2165	9
2166	1
2167	1
2168	1
2169	1
2170	1
2171	1
2172	1
2173	1
2174	9
2175	1
2176	9
2177	9
2178	1
2179	1
2180	9
2181	9
2182	1
2183	1
2184	1
2185	1
2186	1
2187	1
2188	9
2189	1
2190	1
2191	1
2192	1
2193	1
2194	1
2195	1
2196	9
2197	9
2198	1
2199	9
2200	1
2201	1
2202	1
2203	1
2204	1
2205	1
2206	1
2207	1
2208	1
2209	1
2210	1
2211	1
2212	1
2213	1
2214	1
2215	9
2216	9
2217	1
2218	1
2219	1
2220	1
2221	1
2222	1
2223	9
2224	1
2225	1
2226	1
2227	1
2228	1
2229	1
2230	1
2231	1
2232	1
2233	9
2234	9
2235	1
2236	9
2237	9
2238	9
2239	1
2240	1
2241	1
2242	9
2243	9
2244	1
2245	9
2246	1
2247	1
2248	1
2249	1
2250	1
2251	1
2252	1
2253	9
2254	1
2255	1
2256	9
2257	1
2258	1
2259	1
2260	1
2261	1
2262	1
2263	1
2264	1
2265	1
2266	1
2267	1
2268	1
2269	1
2270	1
2271	1
2272	1
2273	1
2274	1
2275	1
2276	1
2277	9
2278	1
2279	1
2280	1
2281	1
2282	1
2283	9
2284	11
2285	11
2286	1
2287	1
2288	1
2289	1
2290	1
2291	1
2292	1
2293	1
2294	1
2295	1
2296	1
2297	1
2298	9
2299	9
2300	9
2301	1
2302	9
2303	1
2304	9
2305	1
2306	1
2307	1
2308	1
2309	11
2310	11
2311	11
2312	6
2313	6
2314	6
2315	6
2316	6
2317	6
2318	6
2319	6
2320	6
2321	6
2322	6
2323	6
2324	6
2325	6
2326	6
2327	6
2328	6
2329	6
2330	7
2331	7
2332	7
2333	7
2334	7
2335	7
2336	7
2337	7
2338	7
2339	7
2340	7
2341	7
2342	7
2343	7
2344	7
2345	7
2346	5
2347	5
2348	5
2349	5
2350	5
2351	5
2352	5
2353	5
2354	5
2355	5
2356	5
2357	5
2358	5
2359	5
2360	5
2361	5
2362	5
2363	5
2364	5
2365	5
2366	3
2367	3
2368	3
2369	3
2370	3
2371	3
2372	3
2373	3
2374	3
2375	10
2376	3
2377	3
2378	3
2379	10
2380	3
2381	3
2382	3
2383	3
2384	3
2385	10
2386	10
2387	10
2388	3
2389	3
2390	3
2391	10
2392	10
2393	3
2394	3
2395	3
2396	3
2397	3
2398	3
2399	3
2400	10
2401	3
2402	3
2403	10
2404	10
2405	3
2406	10
2407	10
2408	10
2409	3
2410	3
2411	3
2412	10
2413	10
2414	3
2415	12
2416	12
2417	12
2418	12
2419	8
2420	8
2421	8
2422	8
2423	12
2424	12
2425	12
2426	8
2427	8
2428	8
2429	8
2430	8
2431	8
2432	8
2433	8
2434	8
2435	12
2436	12
2437	8
2438	8
2439	8
2440	8
2441	8
2442	8
2443	8
2444	12
2445	8
2446	8
2447	8
2448	8
2449	12
2450	12
2451	12
2452	12
2453	12
2454	12
2455	12
2456	12
2457	12
2458	12
2459	12
2460	8
2461	8
2462	12
2463	12
2464	12
2465	8
2466	8
2467	12
2468	12
2469	12
2470	12
2471	12
2472	12
2473	8
2474	8
2475	12
2476	12
2477	12
2478	12
2479	12
2480	12
2481	12
2482	12
2483	12
2484	12
2485	12
2486	12
2487	12
2488	12
2489	12
2490	12
2491	12
2492	12
2493	12
2494	12
2495	12
2496	8
2497	8
2498	8
2499	8
2500	12
2501	12
2502	12
2503	12
2504	12
2505	12
2506	12
2507	12
2508	8
2509	8
2510	8
2511	12
2512	8
2513	8
2514	8
2515	8
2516	8
2517	8
2518	8
2519	8
2520	12
2521	8
2522	8
2523	8
2524	8
2525	8
2526	12
2527	8
2528	8
2529	8
2530	8
2531	8
2532	8
2533	8
2534	8
2535	8
2536	8
2537	8
2538	8
2539	8
2540	8
2541	8
2542	8
2543	8
2544	8
2545	8
2546	8
2547	8
2548	8
2549	8
2550	8
2551	8
2552	8
2553	8
2554	8
2555	8
2556	8
2557	8
2558	12
2559	12
2560	12
2561	12
2562	8
2563	8
2564	8
2565	8
2566	8
2567	8
2568	8
2569	8
2570	8
2571	8
2572	8
2573	12
2574	8
2575	12
2576	12
2577	8
2578	8
2579	8
2580	8
2581	8
2582	8
2583	8
2584	8
2585	8
2586	12
2587	8
2588	8
2589	8
2590	8
2591	8
2592	8
2593	8
2594	12
2595	12
2596	12
2597	12
2598	12
2599	12
2600	8
2601	8
2602	8
2603	8
2604	8
2605	8
2606	11
2607	11
2608	11
2609	11
2610	11
2611	11
2612	11
2613	11
2614	11
2615	11
2616	11
2617	11
2618	11
2619	11
2620	11
2621	11
2622	11
2623	11
2624	11
2625	11
2626	11
2627	11
2628	11
2629	11
2630	11
2631	11
2632	11
2633	11
2634	11
2635	11
2636	11
2637	11
2638	11
2639	11
2640	3
2641	3
2642	3
2643	3
2644	3
2645	4
2646	4
2647	4
2648	4
2649	3
2650	3
2651	4
2652	3
2653	4
2654	4
2655	4
2656	3
2657	4
2658	3
2659	3
2660	3
2661	4
2662	4
2663	3
2664	4
2665	3
2666	4
2667	4
2668	3
2669	4
2670	4
2671	3
2672	3
2673	4
2674	3
2675	4
2676	3
2677	4
2678	4
2679	3
2680	4
2681	4
2682	4
2683	3
2684	3
2685	3
2686	3
2687	3
2688	7
2689	7
2690	7
2691	7
315	5
1657	10
