0	1
1	1
2	1
3	1
4	1
5	1
6	1
7	13
8	13
9	13
10	13
11	8
12	13
13	13
14	13
15	13
16	8
17	8
18	8
19	8
20	8
21	4
22	4
23	4
24	4
25	4
26	4
27	4
28	4
29	6
30	6
31	6
32	6
33	6
34	6
35	6
36	6
37	6
38	6
39	6
40	6
41	6
42	6
43	6
44	6
45	6
46	6
47	6
48	6
49	6
50	6
51	6
52	6
53	9
54	9
55	9
56	9
57	9
58	6
59	6
60	6
61	6
62	6
63	6
64	6
65	9
66	9
67	9
68	9
69	9
70	9
71	4
72	4
73	4
74	4
75	6
76	6
77	6
78	6
79	6
80	6
81	6
82	6
83	5
84	5
85	5
86	5
87	5
88	5
89	5
90	5
91	5
92	5
93	5
94	5
95	5
96	8
97	13
98	8
99	8
100	13
101	13
102	13
103	8
104	13
105	8
106	13
107	8
108	8
109	13
110	13
111	8
112	8
113	8
114	13
115	13
116	13
117	8
118	13
119	8
120	13
121	8
122	8
123	13
124	8
125	8
126	8
127	8
128	8
129	12
130	12
131	12
132	12
133	12
134	12
135	12
136	12
137	12
138	12
139	12
140	12
141	12
142	12
143	12
144	12
145	12
146	12
147	12
148	12
149	12
150	12
151	12
152	12
153	12
154	12
155	12
156	12
157	12
158	12
159	12
160	12
161	12
162	12
163	12
164	12
165	12
166	12
167	12
168	12
169	12
170	12
171	12
172	12
173	5
174	12
175	12
176	12
177	12
178	12
179	12
180	12
181	12
182	12
183	6
184	6
185	6
186	6
187	6
188	6
189	6
190	6
191	6
192	6
193	6
194	6
195	6
196	6
197	6
198	6
199	6
200	6
201	6
202	6
203	6
204	6
205	6
206	6
207	6
208	4
209	4
210	4
211	4
212	4
213	4
214	4
215	4
216	4
217	4
218	4
219	4
220	4
221	4
222	4
223	4
224	4
225	4
226	4
227	4
228	4
229	4
230	4
231	4
232	4
233	4
234	4
235	4
236	4
237	4
238	4
239	4
240	4
241	4
242	4
243	4
244	4
245	4
246	4
247	4
248	6
249	6
250	6
251	6
252	6
253	6
254	6
255	6
256	6
257	6
258	6
259	6
260	6
261	7
262	7
263	7
264	7
265	7
266	7
267	7
268	7
269	7
270	7
271	7
272	7
273	7
274	7
275	7
276	7
277	7
278	7
279	7
280	7
281	7
282	7
283	7
284	7
285	7
286	7
287	7
288	7
289	7
290	7
291	7
292	7
293	7
294	7
295	7
296	7
297	7
298	7
299	7
300	7
301	7
302	6
303	6
304	6
305	6
306	11
307	11
308	11
309	11
310	11
311	11
312	11
313	11
314	11
316	9
317	9
318	9
319	9
320	9
321	9
322	9
323	9
324	9
325	9
326	9
327	9
328	9
329	9
330	9
331	11
332	11
333	11
334	11
335	11
336	11
337	9
338	9
339	9
340	11
341	11
342	11
343	11
344	11
345	11
346	11
347	11
348	11
349	11
350	11
351	11
352	11
353	11
354	11
355	11
356	12
357	12
358	5
359	12
360	12
361	12
362	12
363	12
364	12
365	5
366	12
367	5
368	5
369	11
370	11
371	11
372	11
373	11
374	11
375	11
376	11
377	11
378	11
379	11
380	11
381	11
382	11
383	11
384	11
385	11
386	11
387	11
388	11
389	9
390	9
391	9
392	9
393	9
394	11
395	11
396	11
397	11
398	9
399	9
400	9
401	9
402	9
403	4
404	4
405	4
406	11
407	11
408	11
409	1
410	1
411	1
412	1
413	1
414	9
415	1
416	9
417	9
418	9
419	9
420	1
421	9
422	1
423	9
424	1
425	12
426	12
427	12
428	12
429	12
430	12
431	12
432	12
433	9
434	1
435	1
436	9
437	9
438	1
439	1
440	1
441	1
442	1
443	9
444	9
445	1
446	12
447	12
448	12
449	12
450	12
451	1
452	1
453	1
454	12
455	12
456	12
457	9
458	1
459	1
460	1
461	9
462	9
463	12
464	12
465	12
466	12
467	12
468	12
469	12
470	12
471	12
472	12
473	9
474	1
475	7
476	7
477	12
478	12
479	12
480	12
481	12
482	12
483	12
484	11
485	11
486	12
487	12
488	12
489	7
490	7
491	7
492	7
493	7
494	7
495	12
496	12
497	12
498	4
499	12
500	12
501	12
502	4
503	12
504	12
505	12
506	11
507	11
508	11
509	11
510	11
511	4
512	11
513	11
514	11
515	4
516	11
517	11
518	11
519	11
520	4
521	11
522	5
523	5
524	5
525	5
526	1
527	1
528	5
529	5
530	5
531	5
532	5
533	5
534	5
535	5
536	5
537	5
538	1
539	1
540	1
541	1
542	1
543	1
544	1
545	1
546	1
547	1
548	1
549	1
550	1
551	1
552	1
553	1
554	1
555	1
556	1
557	1
558	1
559	4
560	4
561	4
562	4
563	4
564	4
565	1
566	1
567	1
568	1
569	1
570	13
571	13
572	13
573	13
574	5
575	13
576	13
577	13
578	5
579	13
580	13
581	1
582	1
583	1
584	1
585	1
586	1
587	4
588	4
589	4
590	4
591	4
592	4
593	4
594	4
595	4
596	4
597	4
598	4
599	4
600	4
601	4
602	4
603	6
604	6
605	6
606	6
607	6
608	6
609	6
610	6
611	6
612	6
613	6
614	6
615	6
616	6
617	4
618	4
619	4
620	4
621	4
622	4
623	4
624	4
625	4
626	4
627	4
628	4
629	4
630	4
631	4
632	4
633	4
634	4
635	4
636	4
637	4
638	4
639	6
640	1
641	6
642	1
643	6
644	1
645	1
646	1
647	1
648	1
649	1
650	1
651	1
652	1
653	6
654	6
655	6
656	1
657	7
658	7
659	7
660	7
661	1
662	1
663	1
664	1
665	1
666	1
667	1
668	1
669	1
670	4
671	4
672	12
673	4
674	12
675	4
676	12
677	12
678	12
679	12
680	1
681	1
682	1
683	1
684	1
685	1
686	1
687	1
688	1
689	1
690	1
691	1
692	1
693	1
694	1
695	1
696	1
697	4
698	4
699	4
700	4
701	4
702	4
703	4
704	12
705	4
706	12
707	4
708	4
709	12
710	4
711	4
712	4
713	4
714	1
715	1
716	4
717	4
718	4
719	4
720	12
721	4
722	4
723	4
724	4
725	4
726	4
727	4
728	4
729	4
730	4
731	4
732	9
733	9
734	9
735	9
736	9
737	7
738	12
739	7
740	12
741	7
742	7
743	7
744	7
745	9
746	9
747	9
748	9
749	9
750	9
751	9
752	9
753	9
754	9
755	9
756	9
757	9
758	9
759	9
760	9
761	9
762	9
763	9
764	9
765	9
766	7
767	7
768	7
769	7
770	9
771	9
772	7
773	7
774	7
775	7
776	7
777	7
778	7
779	7
780	7
781	7
782	7
783	7
784	7
785	11
786	7
787	7
788	7
789	7
790	7
791	11
792	11
793	11
794	11
795	11
796	11
797	11
798	11
799	11
800	11
801	7
802	7
803	7
804	7
805	11
806	11
807	11
808	7
809	7
810	7
811	3
812	8
813	3
814	3
815	3
816	3
817	3
818	8
819	8
820	8
821	3
822	3
823	3
824	3
825	3
826	3
827	8
828	8
829	8
830	3
831	3
832	3
833	3
834	3
835	3
836	3
837	3
838	3
839	3
840	3
841	3
842	3
843	3
844	3
845	3
846	3
847	8
848	8
849	8
850	8
851	8
852	3
853	3
854	3
855	3
856	8
857	8
858	6
859	6
860	6
861	6
862	6
863	6
864	6
865	6
866	6
867	6
868	6
869	6
870	6
871	3
872	3
873	3
874	3
875	3
876	3
877	3
878	3
879	3
880	8
881	3
882	3
883	3
884	3
885	3
886	3
887	3
888	3
889	3
890	3
891	8
892	8
893	3
894	3
895	3
896	3
897	3
898	3
899	8
900	8
901	8
902	3
903	3
904	3
905	3
906	3
907	3
908	8
909	3
910	8
911	8
912	8
913	8
914	3
915	3
916	3
917	3
918	3
919	3
920	8
921	8
922	8
923	8
924	8
925	3
926	3
927	3
928	3
929	3
930	3
931	3
932	8
933	8
934	8
935	3
936	3
937	3
938	8
939	8
940	8
941	3
942	3
943	8
944	8
945	8
946	3
947	3
948	3
949	3
950	8
951	8
952	8
953	8
954	8
955	8
956	8
957	3
958	3
959	3
960	8
961	8
962	3
963	3
964	3
965	3
966	8
967	8
968	8
969	3
970	3
971	3
972	3
973	3
974	8
975	8
976	3
977	3
978	8
979	8
980	8
981	8
982	3
983	3
984	3
985	12
986	12
987	12
988	12
989	12
990	12
991	12
992	12
993	12
994	12
995	12
996	12
997	12
998	12
999	12
1000	12
1001	12
1002	12
1003	12
1004	12
1005	12
1006	12
1007	3
1008	3
1009	12
1010	3
1011	3
1012	3
1013	3
1014	3
1015	3
1016	3
1017	3
1018	3
1019	3
1020	3
1021	3
1022	3
1023	3
1024	3
1025	3
1026	3
1027	3
1028	3
1029	3
1030	3
1031	3
1032	3
1033	3
1034	3
1035	3
1036	3
1037	3
1038	3
1039	3
1040	3
1041	3
1042	3
1043	3
1044	3
1045	3
1046	3
1047	3
1048	3
1049	3
1050	3
1051	3
1052	3
1053	3
1054	3
1055	3
1056	3
1057	3
1058	3
1059	3
1060	3
1061	3
1062	3
1063	3
1064	3
1065	3
1066	3
1067	3
1068	3
1069	3
1070	3
1071	3
1072	3
1073	3
1074	3
1075	6
1076	6
1077	6
1078	6
1079	6
1080	6
1081	6
1082	6
1083	6
1084	6
1085	6
1086	6
1087	7
1088	7
1089	7
1090	7
1091	7
1092	7
1093	7
1094	4
1095	4
1096	4
1097	4
1098	4
1099	4
1100	4
1101	4
1102	4
1103	4
1104	4
1105	4
1106	4
1107	9
1108	9
1109	9
1110	9
1111	9
1112	9
1113	9
1114	9
1115	9
1116	9
1117	9
1118	9
1119	9
1120	9
1121	9
1122	9
1123	9
1124	9
1125	9
1126	9
1127	9
1128	9
1129	9
1130	9
1131	9
1132	9
1133	9
1134	9
1135	9
1136	9
1137	9
1138	9
1139	9
1140	9
1141	9
1142	9
1143	9
1144	9
1145	9
1146	9
1147	9
1148	9
1149	9
1150	9
1151	9
1152	9
1153	9
1154	11
1155	11
1156	11
1157	11
1158	11
1159	11
1160	11
1161	11
1162	11
1163	11
1164	11
1165	11
1166	11
1167	11
1168	11
1169	3
1170	3
1171	3
1172	3
1173	3
1174	3
1175	3
1176	3
1177	3
1178	3
1179	3
1180	3
1181	3
1182	3
1183	3
1184	3
1185	3
1186	3
1187	3
1188	3
1189	3
1190	3
1191	3
1192	3
1193	3
1194	3
1195	3
1196	3
1197	3
1198	3
1199	3
1200	8
1201	8
1202	8
1203	8
1204	8
1205	8
1206	8
1207	8
1208	8
1209	8
1210	8
1211	8
1212	8
1213	8
1214	8
1215	8
1216	8
1217	8
1218	8
1219	8
1220	8
1221	8
1222	8
1223	8
1224	8
1225	8
1226	8
1227	8
1228	8
1229	8
1230	8
1231	8
1232	8
1233	8
1234	8
1235	8
1236	8
1237	8
1238	8
1239	8
1240	7
1241	7
1242	4
1243	4
1244	4
1245	7
1246	4
1247	4
1248	4
1249	4
1250	4
1251	4
1252	4
1253	6
1254	6
1255	6
1256	6
1257	6
1258	4
1259	4
1260	4
1261	4
1262	4
1263	7
1264	6
1265	6
1266	6
1267	6
1268	6
1269	6
1270	6
1271	6
1272	6
1273	6
1274	6
1275	6
1276	6
1277	6
1278	11
1279	11
1280	11
1281	4
1282	7
1283	7
1284	6
1285	6
1286	6
1287	6
1288	11
1289	11
1290	11
1291	11
1292	11
1293	11
1294	11
1295	11
1296	11
1297	11
1298	11
1299	11
1300	11
1301	11
1302	11
1303	6
1304	6
1305	6
1306	6
1307	6
1308	6
1309	6
1310	6
1311	6
1312	6
1313	6
1314	3
1315	3
1316	9
1317	3
1318	9
1319	3
1320	3
1321	9
1322	3
1323	9
1324	9
1325	9
1326	3
1327	9
1328	9
1329	9
1330	3
1331	9
1332	9
1333	9
1334	3
1335	3
1336	9
1337	9
1338	3
1339	3
1340	9
1341	9
1342	3
1343	3
1344	9
1345	3
1346	6
1347	6
1348	6
1349	6
1350	6
1351	6
1352	6
1353	6
1354	6
1355	6
1356	6
1357	6
1358	6
1359	6
1360	6
1361	6
1362	6
1363	5
1364	9
1365	5
1366	9
1367	9
1368	5
1369	5
1370	5
1371	5
1372	9
1373	9
1374	5
1375	5
1376	9
1377	5
1378	5
1379	5
1380	9
1381	11
1382	11
1383	11
1384	11
1385	11
1386	11
1387	11
1388	11
1389	11
1390	11
1391	11
1392	11
1393	11
1394	11
1395	11
1396	11
1397	6
1398	6
1399	6
1400	6
1401	6
1402	6
1403	6
1404	6
1405	6
1406	6
1407	6
1408	6
1409	6
1410	6
1411	6
1412	6
1413	6
1414	6
1415	6
1416	6
1417	6
1418	6
1419	6
1420	6
1421	6
1422	6
1423	6
1424	6
1425	6
1426	6
1427	6
1428	13
1429	13
1430	13
1431	13
1432	13
1433	13
1434	13
1435	13
1436	13
1437	13
1438	13
1439	13
1440	13
1441	8
1442	8
1443	8
1444	8
1445	8
1446	8
1447	8
1448	8
1449	8
1450	8
1451	8
1452	8
1453	8
1454	8
1455	13
1456	13
1457	13
1458	13
1459	13
1460	13
1461	13
1462	13
1463	13
1464	13
1465	4
1466	4
1467	4
1468	4
1469	4
1470	4
1471	4
1472	4
1473	4
1474	4
1475	4
1476	4
1477	4
1478	4
1479	4
1480	4
1481	4
1482	4
1483	4
1484	4
1485	4
1486	4
1487	4
1488	4
1489	9
1490	9
1491	9
1492	9
1493	9
1494	9
1495	9
1496	9
1497	9
1498	9
1499	9
1500	9
1501	1
1502	1
1503	1
1504	1
1505	1
1506	1
1507	1
1508	1
1509	1
1510	1
1511	1
1512	1
1513	1
1514	1
1515	1
1516	1
1517	1
1518	1
1519	1
1520	1
1521	1
1522	1
1523	1
1524	1
1525	1
1526	1
1527	1
1528	1
1529	12
1530	12
1531	12
1532	12
1533	12
1534	12
1535	12
1536	12
1537	12
1538	12
1539	12
1540	12
1541	12
1542	12
1543	12
1544	12
1545	12
1546	12
1547	12
1548	12
1549	12
1550	12
1551	12
1552	5
1553	5
1554	5
1555	5
1556	5
1557	5
1558	5
1559	5
1560	5
1561	5
1562	5
1563	5
1564	5
1565	5
1566	5
1567	5
1568	5
1569	5
1570	5
1571	5
1572	5
1573	5
1574	5
1575	5
1576	9
1577	9
1578	9
1579	9
1580	9
1581	9
1582	9
1583	9
1584	9
1585	9
1586	9
1587	9
1588	9
1589	9
1590	9
1591	9
1592	9
1593	6
1594	6
1595	6
1596	6
1597	6
1598	6
1599	6
1600	6
1601	6
1602	5
1603	5
1604	5
1605	5
1606	5
1607	5
1608	5
1609	5
1610	5
1611	5
1612	5
1613	5
1614	5
1615	5
1616	5
1617	5
1618	4
1619	4
1620	4
1621	4
1622	4
1623	4
1624	4
1625	4
1626	4
1627	4
1628	4
1629	8
1630	8
1631	8
1632	8
1633	8
1634	8
1635	8
1636	8
1637	8
1638	8
1639	8
1640	8
1641	8
1642	8
1643	8
1644	4
1645	4
1646	4
1647	4
1648	4
1649	8
1650	8
1651	8
1652	8
1653	8
1654	8
1655	8
1656	8
1658	8
1659	8
1660	8
1661	8
1662	8
1663	8
1664	8
1665	8
1666	8
1667	8
1668	8
1669	8
1670	8
1671	8
1672	8
1673	4
1674	8
1675	8
1676	8
1677	4
1678	7
1679	7
1680	7
1681	7
1682	7
1683	7
1684	7
1685	9
1686	9
1687	9
1688	9
1689	9
1690	9
1691	9
1692	9
1693	9
1694	9
1695	9
1696	9
1697	9
1698	9
1699	9
1700	9
1701	8
1702	8
1703	13
1704	13
1705	8
1706	8
1707	8
1708	8
1709	8
1710	8
1711	8
1712	8
1713	4
1714	4
1715	4
1716	4
1717	4
1718	4
1719	4
1720	4
1721	4
1722	4
1723	4
1724	4
1725	8
1726	8
1727	8
1728	4
1729	8
1730	8
1731	8
1732	8
1733	8
1734	8
1735	8
1736	8
1737	8
1738	8
1739	8
1740	8
1741	8
1742	1
1743	1
1744	1
1745	1
1746	1
1747	1
1748	1
1749	1
1750	1
1751	1
1752	1
1753	1
1754	1
1755	1
1756	1
1757	4
1758	4
1759	4
1760	4
1761	1
1762	1
1763	1
1764	10
1765	1
1766	1
1767	10
1768	1
1769	1
1770	1
1771	1
1772	1
1773	1
1774	4
1775	4
1776	4
1777	4
1778	4
1779	4
1780	4
1781	4
1782	4
1783	4
1784	4
1785	4
1786	4
1787	1
1788	1
1789	1
1790	1
1791	1
1792	1
1793	1
1794	1
1795	4
1796	4
1797	4
1798	4
1799	1
1800	1
1801	1
1802	1
1803	1
1804	1
1805	1
1806	1
1807	1
1808	1
1809	13
1810	13
1811	13
1812	13
1813	13
1814	13
1815	13
1816	13
1817	13
1818	13
1819	13
1820	13
1821	13
1822	13
1823	13
1824	13
1825	13
1826	13
1827	13
1828	13
1829	13
1830	4
1831	4
1832	4
1833	4
1834	4
1835	13
1836	13
1837	4
1838	13
1839	13
1840	5
1841	5
1842	5
1843	5
1844	5
1845	13
1846	13
1847	13
1848	13
1849	13
1850	13
1851	13
1852	13
1853	13
1854	13
1855	13
1856	13
1857	4
1858	4
1859	4
1860	4
1861	4
1862	4
1863	13
1864	13
1865	13
1866	13
1867	13
1868	13
1869	13
1870	13
1871	13
1872	7
1873	7
1874	7
1875	7
1876	7
1877	7
1878	7
1879	7
1880	7
1881	7
1882	7
1883	7
1884	7
1885	7
1886	7
1887	7
1888	7
1889	7
1890	7
1891	7
1892	7
1893	7
1894	7
1895	6
1896	6
1897	1
1898	11
1899	11
1900	11
1901	11
1902	11
1903	11
1904	6
1905	6
1906	6
1907	6
1908	6
1909	6
1910	6
1911	6
1912	6
1913	6
1914	6
1915	6
1916	11
1917	11
1918	11
1919	11
1920	11
1921	11
1922	11
1923	11
1924	1
1925	1
1926	6
1927	6
1928	1
1929	6
1930	1
1931	6
1932	6
1933	6
1934	6
1935	6
1936	6
1937	1
1938	6
1939	6
1940	1
1941	6
1942	6
1943	6
1944	6
1945	6
1946	6
1947	6
1948	6
1949	6
1950	6
1951	1
1952	6
1953	6
1954	6
1955	6
1956	6
1957	1
1958	6
1959	1
1960	6
1961	6
1962	6
1963	6
1964	6
1965	1
1966	6
1967	6
1968	6
1969	6
1970	6
1971	6
1972	1
1973	6
1974	6
1975	6
1976	5
1977	5
1978	5
1979	5
1980	5
1981	5
1982	5
1983	5
1984	5
1985	5
1986	5
1987	5
1988	5
1989	5
1990	5
1991	5
1992	5
1993	5
1994	5
1995	5
1996	5
1997	5
1998	5
1999	5
2000	5
2001	5
2002	5
2003	5
2004	5
2005	5
2006	5
2007	5
2008	5
2009	5
2010	5
2011	5
2012	5
2013	5
2014	5
2015	5
2016	5
2017	7
2018	7
2019	7
2020	7
2021	7
2022	7
2023	7
2024	7
2025	7
2026	7
2027	7
2028	7
2029	7
2030	12
2031	12
2032	12
2033	12
2034	12
2035	7
2036	7
2037	7
2038	4
2039	4
2040	4
2041	4
2042	4
2043	7
2044	7
2045	7
2046	7
2047	12
2048	4
2049	4
2050	7
2051	7
2052	7
2053	7
2054	7
2055	7
2056	7
2057	12
2058	5
2059	5
2060	5
2061	5
2062	5
2063	5
2064	5
2065	5
2066	5
2067	5
2068	7
2069	7
2070	7
2071	7
2072	7
2073	4
2074	7
2075	7
2076	7
2077	4
2078	4
2079	7
2080	4
2081	7
2082	7
2083	7
2084	7
2085	7
2086	7
2087	7
2088	7
2089	9
2090	9
2091	9
2092	9
2093	9
2094	9
2095	9
2096	1
2097	1
2098	1
2099	1
2100	1
2101	1
2102	1
2103	1
2104	1
2105	1
2106	1
2107	1
2108	1
2109	1
2110	1
2111	1
2112	1
2113	10
2114	10
2115	10
2116	10
2117	10
2118	13
2119	10
2120	10
2121	10
2122	10
2123	13
2124	7
2125	10
2126	10
2127	10
2128	10
2129	10
2130	10
2131	10
2132	10
2133	13
2134	10
2135	10
2136	10
2137	13
2138	13
2139	10
2140	13
2141	10
2142	10
2143	10
2144	10
2145	10
2146	13
2147	10
2148	10
2149	10
2150	10
2151	10
2152	10
2153	10
2154	10
2155	10
2156	10
2157	10
2158	10
2159	10
2160	10
2161	10
2162	10
2163	10
2164	13
2165	13
2166	10
2167	10
2168	10
2169	10
2170	10
2171	10
2172	10
2173	10
2174	10
2175	10
2176	13
2177	13
2178	10
2179	10
2180	13
2181	13
2182	10
2183	10
2184	10
2185	10
2186	10
2187	10
2188	10
2189	10
2190	10
2191	10
2192	10
2193	10
2194	10
2195	10
2196	13
2197	10
2198	10
2199	13
2200	10
2201	10
2202	10
2203	10
2204	10
2205	10
2206	10
2207	10
2208	10
2209	10
2210	10
2211	10
2212	10
2213	10
2214	10
2215	10
2216	10
2217	10
2218	10
2219	10
2220	10
2221	10
2222	10
2223	13
2224	10
2225	10
2226	10
2227	10
2228	10
2229	10
2230	13
2231	13
2232	10
2233	13
2234	13
2235	10
2236	13
2237	13
2238	13
2239	10
2240	10
2241	10
2242	10
2243	10
2244	10
2245	13
2246	10
2247	13
2248	13
2249	10
2250	10
2251	10
2252	10
2253	10
2254	10
2255	10
2256	13
2257	10
2258	10
2259	10
2260	10
2261	13
2262	10
2263	10
2264	10
2265	10
2266	10
2267	10
2268	10
2269	10
2270	10
2271	10
2272	10
2273	10
2274	10
2275	10
2276	10
2277	13
2278	10
2279	10
2280	10
2281	10
2282	10
2283	13
2284	7
2285	7
2286	10
2287	10
2288	10
2289	10
2290	10
2291	10
2292	10
2293	10
2294	10
2295	10
2296	10
2297	10
2298	10
2299	10
2300	10
2301	10
2302	13
2303	10
2304	13
2305	10
2306	10
2307	10
2308	10
2309	7
2310	7
2311	7
2312	9
2313	9
2314	9
2315	9
2316	9
2317	9
2318	9
2319	9
2320	9
2321	9
2322	9
2323	9
2324	9
2325	9
2326	9
2327	9
2328	9
2329	9
2330	6
2331	6
2332	6
2333	6
2334	6
2335	6
2336	6
2337	6
2338	6
2339	6
2340	6
2341	6
2342	6
2343	6
2344	6
2345	6
2346	9
2347	9
2348	9
2349	9
2350	9
2351	9
2352	9
2353	9
2354	9
2355	9
2356	9
2357	9
2358	9
2359	9
2360	9
2361	9
2362	9
2363	9
2364	9
2365	9
2366	13
2367	13
2368	13
2369	13
2370	13
2371	13
2372	13
2373	13
2374	13
2375	13
2376	13
2377	13
2378	13
2379	13
2380	13
2381	13
2382	13
2383	13
2384	13
2385	13
2386	13
2387	13
2388	13
2389	13
2390	13
2391	13
2392	13
2393	13
2394	13
2395	13
2396	13
2397	13
2398	13
2399	13
2400	13
2401	13
2402	13
2403	13
2404	13
2405	13
2406	13
2407	13
2408	13
2409	13
2410	13
2411	13
2412	13
2413	13
2414	13
2415	2
2416	11
2417	11
2418	2
2419	2
2420	2
2421	2
2422	2
2423	2
2424	2
2425	2
2426	2
2427	2
2428	2
2429	2
2430	2
2431	2
2432	2
2433	2
2434	2
2435	2
2436	2
2437	2
2438	2
2439	2
2440	2
2441	2
2442	2
2443	2
2444	2
2445	2
2446	2
2447	2
2448	2
2449	2
2450	2
2451	2
2452	2
2453	2
2454	2
2455	2
2456	2
2457	2
2458	2
2459	2
2460	2
2461	2
2462	2
2463	2
2464	2
2465	2
2466	2
2467	2
2468	2
2469	2
2470	2
2471	2
2472	2
2473	2
2474	2
2475	2
2476	2
2477	2
2478	2
2479	2
2480	2
2481	2
2482	2
2483	2
2484	2
2485	2
2486	2
2487	2
2488	2
2489	2
2490	2
2491	2
2492	2
2493	2
2494	2
2495	2
2496	11
2497	11
2498	11
2499	11
2500	2
2501	2
2502	11
2503	11
2504	11
2505	11
2506	11
2507	11
2508	11
2509	11
2510	11
2511	11
2512	11
2513	11
2514	11
2515	2
2516	2
2517	2
2518	2
2519	2
2520	2
2521	2
2522	2
2523	2
2524	2
2525	2
2526	2
2527	2
2528	11
2529	2
2530	2
2531	2
2532	2
2533	2
2534	2
2535	2
2536	2
2537	2
2538	2
2539	2
2540	2
2541	2
2542	2
2543	2
2544	2
2545	2
2546	2
2547	2
2548	2
2549	11
2550	2
2551	2
2552	2
2553	2
2554	2
2555	2
2556	2
2557	2
2558	11
2559	11
2560	11
2561	11
2562	11
2563	2
2564	2
2565	2
2566	2
2567	2
2568	2
2569	11
2570	11
2571	11
2572	11
2573	11
2574	2
2575	2
2576	2
2577	2
2578	2
2579	2
2580	2
2581	2
2582	2
2583	2
2584	2
2585	2
2586	2
2587	2
2588	2
2589	2
2590	2
2591	11
2592	11
2593	11
2594	2
2595	2
2596	2
2597	11
2598	11
2599	2
2600	2
2601	2
2602	2
2603	2
2604	2
2605	2
2606	7
2607	7
2608	7
2609	7
2610	7
2611	7
2612	7
2613	7
2614	7
2615	7
2616	7
2617	7
2618	7
2619	7
2620	7
2621	7
2622	7
2623	7
2624	7
2625	7
2626	7
2627	7
2628	7
2629	7
2630	7
2631	7
2632	7
2633	7
2634	7
2635	7
2636	7
2637	7
2638	7
2639	7
2640	5
2641	5
2642	5
2643	5
2644	5
2645	5
2646	12
2647	12
2648	5
2649	5
2650	5
2651	5
2652	5
2653	5
2654	12
2655	12
2656	5
2657	12
2658	5
2659	5
2660	5
2661	12
2662	12
2663	5
2664	12
2665	5
2666	5
2667	12
2668	5
2669	12
2670	12
2671	5
2672	5
2673	5
2674	5
2675	12
2676	5
2677	5
2678	12
2679	5
2680	5
2681	5
2682	5
2683	5
2684	5
2685	5
2686	5
2687	5
2688	6
2689	6
2690	6
2691	6
315	9
1657	8
