0	2
1	2
2	2
3	2
4	2
5	2
6	2
7	4
8	4
9	4
10	4
11	4
12	4
13	4
14	4
15	4
16	4
17	4
18	4
19	4
20	4
21	10
22	10
23	10
24	10
25	10
26	10
27	10
28	10
29	3
30	3
31	3
32	3
33	3
34	3
35	3
36	3
37	3
38	3
39	3
40	3
41	3
42	3
43	3
44	3
45	3
46	3
47	3
48	3
49	3
50	3
51	3
52	3
53	6
54	6
55	6
56	6
57	6
58	3
59	3
60	3
61	3
62	3
63	3
64	3
65	6
66	6
67	6
68	6
69	6
70	6
71	10
72	10
73	10
74	10
75	3
76	3
77	3
78	3
79	3
80	3
81	3
82	3
83	12
84	12
85	12
86	12
87	12
88	12
89	12
90	12
91	12
92	12
93	12
94	12
95	12
96	4
97	4
98	4
99	4
100	4
101	4
102	4
103	4
104	4
105	4
106	4
107	4
108	4
109	4
110	4
111	4
112	4
113	4
114	4
115	4
116	4
117	4
118	4
119	4
120	4
121	4
122	4
123	4
124	4
125	4
126	4
127	4
128	4
129	13
130	13
131	13
132	13
133	13
134	13
135	13
136	13
137	13
138	13
139	13
140	13
141	13
142	13
143	13
144	13
145	13
146	13
147	13
148	13
149	13
150	13
151	13
152	13
153	13
154	13
155	13
156	13
157	13
158	13
159	13
160	13
161	13
162	13
163	13
164	13
165	13
166	12
167	12
168	12
169	13
170	12
171	12
172	12
173	12
174	13
175	13
176	13
177	12
178	13
179	12
180	12
181	13
182	13
183	2
184	2
185	2
186	2
187	2
188	2
189	2
190	2
191	2
192	2
193	2
194	2
195	2
196	2
197	2
198	2
199	2
200	2
201	2
202	2
203	2
204	2
205	2
206	2
207	2
208	10
209	10
210	10
211	10
212	10
213	10
214	10
215	10
216	10
217	10
218	10
219	10
220	10
221	10
222	10
223	10
224	10
225	10
226	10
227	10
228	10
229	10
230	10
231	10
232	10
233	10
234	10
235	10
236	10
237	10
238	10
239	10
240	10
241	10
242	10
243	10
244	10
245	10
246	10
247	10
248	2
249	2
250	2
251	2
252	2
253	2
254	2
255	2
256	2
257	2
258	2
259	2
260	2
261	11
262	11
263	11
264	11
265	11
266	11
267	11
268	11
269	11
270	11
271	11
272	11
273	11
274	11
275	11
276	11
277	11
278	11
279	11
280	11
281	11
282	11
283	11
284	11
285	11
286	11
287	11
288	11
289	11
290	11
291	11
292	11
293	11
294	11
295	11
296	11
297	11
298	11
299	11
300	11
301	11
302	2
303	2
304	2
305	2
306	8
307	8
308	8
309	8
310	8
311	8
312	8
313	8
314	8
316	6
317	6
318	6
319	6
320	6
321	6
322	6
323	6
324	6
325	6
326	6
327	6
328	6
329	6
330	6
331	8
332	8
333	8
334	8
335	8
336	8
337	6
338	6
339	6
340	8
341	8
342	8
343	8
344	8
345	8
346	8
347	8
348	8
349	8
350	8
351	8
352	8
353	8
354	8
355	8
356	13
357	13
358	13
359	13
360	13
361	13
362	13
363	13
364	13
365	13
366	13
367	13
368	13
369	8
370	8
371	8
372	8
373	8
374	8
375	8
376	8
377	8
378	8
379	8
380	8
381	8
382	8
383	8
384	8
385	8
386	8
387	8
388	8
389	6
390	6
391	6
392	6
393	6
394	8
395	8
396	8
397	8
398	6
399	6
400	6
401	6
402	6
403	10
404	10
405	10
406	10
407	10
408	10
409	3
410	3
411	3
412	3
413	3
414	3
415	3
416	3
417	3
418	3
419	3
420	3
421	3
422	3
423	3
424	3
425	12
426	12
427	12
428	12
429	12
430	12
431	12
432	12
433	3
434	3
435	3
436	3
437	3
438	3
439	3
440	3
441	3
442	3
443	3
444	3
445	3
446	12
447	12
448	12
449	12
450	12
451	3
452	3
453	3
454	12
455	12
456	12
457	3
458	3
459	3
460	3
461	3
462	3
463	12
464	12
465	12
466	12
467	12
468	12
469	12
470	12
471	12
472	12
473	3
474	3
475	11
476	11
477	13
478	13
479	13
480	13
481	13
482	13
483	13
484	10
485	10
486	13
487	13
488	13
489	11
490	11
491	11
492	11
493	11
494	11
495	13
496	13
497	13
498	10
499	13
500	13
501	13
502	10
503	13
504	13
505	13
506	10
507	10
508	10
509	10
510	10
511	10
512	10
513	10
514	10
515	10
516	10
517	10
518	10
519	10
520	10
521	10
522	7
523	7
524	7
525	7
526	2
527	2
528	7
529	7
530	7
531	7
532	7
533	7
534	7
535	7
536	7
537	7
538	2
539	2
540	2
541	2
542	2
543	2
544	2
545	2
546	2
547	2
548	2
549	2
550	2
551	2
552	2
553	2
554	2
555	2
556	2
557	2
558	2
559	11
560	11
561	11
562	11
563	11
564	11
565	2
566	2
567	2
568	2
569	2
570	7
571	7
572	7
573	7
574	7
575	7
576	7
577	7
578	7
579	7
580	7
581	2
582	2
583	2
584	2
585	2
586	2
587	10
588	10
589	10
590	10
591	10
592	10
593	10
594	10
595	10
596	11
597	10
598	10
599	10
600	10
601	10
602	10
603	2
604	2
605	2
606	2
607	2
608	2
609	2
610	2
611	2
612	2
613	2
614	2
615	2
616	2
617	10
618	10
619	10
620	11
621	11
622	11
623	11
624	11
625	10
626	10
627	11
628	10
629	10
630	10
631	10
632	10
633	10
634	11
635	10
636	10
637	10
638	11
639	2
640	2
641	2
642	2
643	2
644	2
645	2
646	2
647	2
648	2
649	2
650	2
651	2
652	2
653	2
654	2
655	2
656	2
657	12
658	12
659	11
660	11
661	3
662	3
663	3
664	3
665	3
666	3
667	3
668	3
669	3
670	10
671	10
672	10
673	10
674	10
675	10
676	10
677	10
678	10
679	10
680	3
681	3
682	3
683	3
684	3
685	3
686	3
687	3
688	3
689	3
690	3
691	3
692	3
693	3
694	3
695	3
696	3
697	10
698	10
699	10
700	10
701	10
702	10
703	10
704	10
705	10
706	13
707	10
708	10
709	13
710	10
711	10
712	10
713	10
714	3
715	3
716	11
717	11
718	10
719	10
720	13
721	11
722	11
723	11
724	11
725	11
726	11
727	11
728	11
729	11
730	11
731	11
732	4
733	4
734	4
735	4
736	4
737	11
738	12
739	12
740	12
741	12
742	12
743	11
744	11
745	4
746	4
747	4
748	4
749	4
750	4
751	4
752	4
753	4
754	4
755	4
756	4
757	4
758	4
759	4
760	4
761	4
762	4
763	4
764	4
765	4
766	11
767	12
768	12
769	12
770	4
771	4
772	12
773	12
774	12
775	12
776	11
777	11
778	12
779	12
780	11
781	12
782	12
783	12
784	12
785	8
786	12
787	11
788	12
789	12
790	11
791	8
792	8
793	8
794	8
795	8
796	8
797	8
798	8
799	8
800	8
801	12
802	11
803	12
804	11
805	8
806	8
807	8
808	12
809	12
810	12
811	6
812	5
813	6
814	6
815	5
816	5
817	5
818	5
819	5
820	5
821	6
822	5
823	5
824	5
825	5
826	5
827	5
828	5
829	5
830	6
831	6
832	5
833	5
834	6
835	6
836	6
837	6
838	6
839	5
840	6
841	5
842	6
843	5
844	5
845	5
846	5
847	5
848	5
849	5
850	5
851	5
852	6
853	6
854	5
855	5
856	5
857	5
858	2
859	2
860	2
861	2
862	2
863	2
864	2
865	2
866	2
867	2
868	2
869	2
870	2
871	6
872	6
873	5
874	5
875	5
876	5
877	5
878	5
879	5
880	5
881	5
882	6
883	6
884	6
885	6
886	6
887	5
888	5
889	5
890	5
891	5
892	5
893	6
894	6
895	6
896	6
897	5
898	5
899	5
900	5
901	5
902	5
903	6
904	6
905	6
906	5
907	5
908	5
909	5
910	5
911	5
912	5
913	5
914	6
915	6
916	5
917	6
918	5
919	5
920	5
921	5
922	5
923	5
924	5
925	6
926	5
927	6
928	6
929	6
930	5
931	5
932	5
933	5
934	5
935	5
936	5
937	5
938	5
939	5
940	5
941	5
942	5
943	5
944	5
945	5
946	5
947	5
948	5
949	5
950	5
951	5
952	5
953	5
954	5
955	5
956	5
957	5
958	6
959	5
960	5
961	5
962	5
963	5
964	6
965	5
966	5
967	5
968	5
969	5
970	5
971	5
972	5
973	5
974	5
975	5
976	5
977	5
978	5
979	5
980	5
981	5
982	6
983	6
984	6
985	13
986	13
987	13
988	13
989	13
990	13
991	13
992	13
993	13
994	13
995	13
996	13
997	13
998	13
999	13
1000	13
1001	13
1002	13
1003	13
1004	13
1005	13
1006	13
1007	6
1008	6
1009	13
1010	6
1011	6
1012	6
1013	6
1014	6
1015	6
1016	6
1017	6
1018	6
1019	6
1020	6
1021	6
1022	6
1023	6
1024	6
1025	6
1026	6
1027	6
1028	6
1029	6
1030	6
1031	6
1032	6
1033	6
1034	6
1035	6
1036	6
1037	4
1038	6
1039	6
1040	6
1041	6
1042	6
1043	6
1044	6
1045	6
1046	6
1047	6
1048	6
1049	6
1050	6
1051	6
1052	6
1053	6
1054	6
1055	6
1056	4
1057	6
1058	6
1059	6
1060	6
1061	6
1062	6
1063	6
1064	6
1065	4
1066	4
1067	4
1068	6
1069	6
1070	6
1071	6
1072	6
1073	6
1074	6
1075	2
1076	2
1077	2
1078	2
1079	2
1080	2
1081	2
1082	2
1083	2
1084	2
1085	2
1086	2
1087	11
1088	11
1089	11
1090	11
1091	11
1092	11
1093	11
1094	10
1095	10
1096	10
1097	10
1098	10
1099	10
1100	10
1101	10
1102	10
1103	10
1104	10
1105	10
1106	10
1107	8
1108	8
1109	8
1110	5
1111	8
1112	5
1113	5
1114	8
1115	8
1116	5
1117	8
1118	8
1119	8
1120	8
1121	5
1122	8
1123	8
1124	8
1125	8
1126	8
1127	8
1128	8
1129	5
1130	8
1131	8
1132	5
1133	8
1134	8
1135	8
1136	5
1137	5
1138	5
1139	5
1140	5
1141	8
1142	8
1143	5
1144	8
1145	8
1146	5
1147	8
1148	8
1149	8
1150	8
1151	8
1152	5
1153	8
1154	8
1155	8
1156	8
1157	8
1158	8
1159	8
1160	8
1161	8
1162	8
1163	8
1164	8
1165	8
1166	8
1167	8
1168	8
1169	6
1170	6
1171	6
1172	6
1173	6
1174	6
1175	6
1176	6
1177	6
1178	6
1179	6
1180	6
1181	6
1182	6
1183	6
1184	6
1185	6
1186	6
1187	6
1188	6
1189	6
1190	4
1191	6
1192	6
1193	6
1194	6
1195	6
1196	6
1197	6
1198	6
1199	6
1200	5
1201	5
1202	5
1203	5
1204	5
1205	5
1206	5
1207	5
1208	5
1209	5
1210	5
1211	5
1212	5
1213	5
1214	5
1215	5
1216	5
1217	5
1218	5
1219	5
1220	5
1221	5
1222	5
1223	5
1224	5
1225	5
1226	5
1227	5
1228	5
1229	5
1230	5
1231	5
1232	5
1233	5
1234	5
1235	5
1236	5
1237	5
1238	5
1239	5
1240	11
1241	11
1242	10
1243	10
1244	10
1245	11
1246	10
1247	10
1248	10
1249	10
1250	10
1251	10
1252	10
1253	3
1254	3
1255	3
1256	3
1257	3
1258	10
1259	10
1260	10
1261	10
1262	10
1263	11
1264	3
1265	3
1266	3
1267	3
1268	3
1269	3
1270	3
1271	3
1272	3
1273	3
1274	3
1275	3
1276	3
1277	3
1278	8
1279	8
1280	10
1281	10
1282	11
1283	11
1284	3
1285	3
1286	3
1287	3
1288	8
1289	8
1290	8
1291	8
1292	10
1293	8
1294	8
1295	10
1296	10
1297	10
1298	8
1299	8
1300	8
1301	10
1302	10
1303	2
1304	2
1305	2
1306	2
1307	2
1308	2
1309	2
1310	2
1311	2
1312	2
1313	2
1314	5
1315	5
1316	5
1317	5
1318	5
1319	5
1320	5
1321	5
1322	5
1323	5
1324	5
1325	5
1326	5
1327	5
1328	5
1329	5
1330	5
1331	5
1332	5
1333	5
1334	5
1335	5
1336	5
1337	5
1338	5
1339	5
1340	5
1341	5
1342	5
1343	5
1344	5
1345	5
1346	3
1347	2
1348	2
1349	2
1350	2
1351	2
1352	2
1353	2
1354	2
1355	2
1356	2
1357	2
1358	2
1359	2
1360	2
1361	2
1362	2
1363	5
1364	5
1365	5
1366	13
1367	13
1368	5
1369	5
1370	13
1371	13
1372	5
1373	5
1374	5
1375	5
1376	5
1377	5
1378	5
1379	13
1380	13
1381	8
1382	8
1383	8
1384	8
1385	8
1386	8
1387	8
1388	8
1389	8
1390	8
1391	8
1392	8
1393	8
1394	8
1395	8
1396	8
1397	3
1398	3
1399	3
1400	3
1401	3
1402	3
1403	3
1404	3
1405	3
1406	3
1407	3
1408	3
1409	3
1410	3
1411	3
1412	3
1413	3
1414	3
1415	3
1416	3
1417	3
1418	3
1419	3
1420	3
1421	3
1422	3
1423	3
1424	3
1425	3
1426	3
1427	3
1428	7
1429	7
1430	7
1431	7
1432	7
1433	7
1434	7
1435	7
1436	7
1437	7
1438	7
1439	7
1440	7
1441	4
1442	4
1443	4
1444	4
1445	4
1446	4
1447	4
1448	4
1449	4
1450	4
1451	4
1452	4
1453	4
1454	4
1455	7
1456	7
1457	7
1458	7
1459	7
1460	7
1461	7
1462	7
1463	7
1464	7
1465	10
1466	10
1467	10
1468	10
1469	10
1470	10
1471	10
1472	10
1473	10
1474	10
1475	10
1476	10
1477	10
1478	10
1479	10
1480	10
1481	10
1482	10
1483	10
1484	10
1485	10
1486	10
1487	10
1488	10
1489	6
1490	6
1491	6
1492	6
1493	6
1494	6
1495	6
1496	6
1497	6
1498	6
1499	6
1500	6
1501	3
1502	3
1503	3
1504	3
1505	3
1506	3
1507	3
1508	3
1509	3
1510	3
1511	3
1512	3
1513	3
1514	3
1515	3
1516	3
1517	3
1518	3
1519	3
1520	3
1521	3
1522	3
1523	3
1524	3
1525	3
1526	3
1527	3
1528	3
1529	12
1530	12
1531	12
1532	12
1533	12
1534	12
1535	12
1536	12
1537	12
1538	12
1539	12
1540	12
1541	12
1542	12
1543	12
1544	12
1545	12
1546	12
1547	12
1548	12
1549	12
1550	12
1551	12
1552	12
1553	12
1554	12
1555	12
1556	12
1557	12
1558	12
1559	12
1560	12
1561	12
1562	12
1563	12
1564	12
1565	12
1566	12
1567	12
1568	12
1569	12
1570	12
1571	12
1572	12
1573	12
1574	12
1575	12
1576	3
1577	3
1578	3
1579	3
1580	3
1581	3
1582	3
1583	3
1584	3
1585	3
1586	3
1587	3
1588	3
1589	3
1590	3
1591	3
1592	3
1593	2
1594	2
1595	2
1596	2
1597	2
1598	2
1599	2
1600	2
1601	2
1602	7
1603	7
1604	7
1605	7
1606	7
1607	7
1608	7
1609	7
1610	7
1611	7
1612	7
1613	7
1614	7
1615	7
1616	7
1617	7
1618	10
1619	10
1620	10
1621	10
1622	10
1623	10
1624	10
1625	10
1626	10
1627	10
1628	10
1629	4
1630	4
1631	4
1632	4
1633	4
1634	4
1635	4
1636	4
1637	4
1638	4
1639	4
1640	4
1641	4
1642	4
1643	4
1644	10
1645	10
1646	10
1647	10
1648	10
1649	4
1650	4
1651	4
1652	4
1653	4
1654	4
1655	4
1656	4
1658	4
1659	4
1660	4
1661	4
1662	4
1663	4
1664	4
1665	4
1666	4
1667	4
1668	4
1669	4
1670	4
1671	4
1672	4
1673	10
1674	4
1675	4
1676	4
1677	10
1678	11
1679	11
1680	11
1681	11
1682	11
1683	11
1684	11
1685	4
1686	4
1687	4
1688	4
1689	4
1690	4
1691	4
1692	4
1693	4
1694	4
1695	4
1696	4
1697	4
1698	4
1699	4
1700	4
1701	4
1702	4
1703	9
1704	9
1705	4
1706	4
1707	4
1708	4
1709	4
1710	4
1711	4
1712	4
1713	10
1714	10
1715	10
1716	10
1717	10
1718	10
1719	10
1720	10
1721	10
1722	10
1723	10
1724	10
1725	4
1726	4
1727	4
1728	10
1729	4
1730	4
1731	4
1732	4
1733	4
1734	4
1735	4
1736	4
1737	4
1738	4
1739	4
1740	4
1741	4
1742	3
1743	3
1744	9
1745	9
1746	3
1747	9
1748	3
1749	9
1750	9
1751	3
1752	3
1753	3
1754	9
1755	3
1756	9
1757	10
1758	10
1759	10
1760	10
1761	3
1762	9
1763	9
1764	9
1765	3
1766	3
1767	9
1768	9
1769	3
1770	3
1771	3
1772	9
1773	3
1774	10
1775	10
1776	10
1777	10
1778	10
1779	10
1780	10
1781	10
1782	10
1783	10
1784	10
1785	10
1786	10
1787	9
1788	9
1789	3
1790	3
1791	9
1792	3
1793	3
1794	9
1795	10
1796	10
1797	10
1798	10
1799	3
1800	3
1801	3
1802	3
1803	9
1804	9
1805	3
1806	9
1807	3
1808	9
1809	4
1810	4
1811	7
1812	7
1813	7
1814	7
1815	4
1816	4
1817	7
1818	4
1819	4
1820	4
1821	7
1822	4
1823	7
1824	7
1825	4
1826	4
1827	4
1828	4
1829	4
1830	11
1831	11
1832	11
1833	11
1834	11
1835	7
1836	7
1837	11
1838	4
1839	4
1840	13
1841	13
1842	13
1843	13
1844	13
1845	4
1846	7
1847	4
1848	4
1849	4
1850	4
1851	4
1852	4
1853	7
1854	7
1855	7
1856	7
1857	11
1858	11
1859	11
1860	11
1861	11
1862	11
1863	7
1864	4
1865	4
1866	7
1867	7
1868	4
1869	7
1870	4
1871	4
1872	11
1873	11
1874	11
1875	11
1876	11
1877	11
1878	11
1879	11
1880	11
1881	11
1882	11
1883	11
1884	11
1885	11
1886	11
1887	11
1888	11
1889	11
1890	11
1891	11
1892	11
1893	11
1894	11
1895	2
1896	2
1897	2
1898	8
1899	8
1900	8
1901	8
1902	8
1903	8
1904	2
1905	2
1906	2
1907	2
1908	2
1909	2
1910	2
1911	2
1912	2
1913	2
1914	2
1915	2
1916	8
1917	8
1918	8
1919	8
1920	8
1921	8
1922	8
1923	8
1924	2
1925	2
1926	2
1927	2
1928	2
1929	2
1930	2
1931	2
1932	2
1933	2
1934	2
1935	2
1936	2
1937	2
1938	2
1939	2
1940	2
1941	2
1942	2
1943	2
1944	2
1945	2
1946	2
1947	2
1948	2
1949	2
1950	2
1951	2
1952	2
1953	2
1954	2
1955	2
1956	2
1957	2
1958	2
1959	2
1960	2
1961	2
1962	2
1963	2
1964	2
1965	2
1966	2
1967	2
1968	2
1969	2
1970	2
1971	2
1972	2
1973	2
1974	2
1975	2
1976	12
1977	12
1978	12
1979	12
1980	12
1981	12
1982	12
1983	12
1984	12
1985	12
1986	12
1987	12
1988	12
1989	12
1990	12
1991	12
1992	12
1993	12
1994	12
1995	12
1996	12
1997	12
1998	12
1999	12
2000	12
2001	12
2002	12
2003	12
2004	12
2005	12
2006	12
2007	12
2008	12
2009	12
2010	12
2011	12
2012	12
2013	12
2014	12
2015	12
2016	12
2017	11
2018	11
2019	11
2020	11
2021	11
2022	11
2023	11
2024	11
2025	11
2026	11
2027	11
2028	11
2029	11
2030	13
2031	13
2032	13
2033	13
2034	13
2035	11
2036	11
2037	11
2038	11
2039	11
2040	11
2041	11
2042	11
2043	11
2044	11
2045	11
2046	11
2047	13
2048	11
2049	11
2050	11
2051	11
2052	11
2053	11
2054	11
2055	11
2056	11
2057	13
2058	12
2059	12
2060	12
2061	12
2062	12
2063	12
2064	12
2065	12
2066	12
2067	12
2068	11
2069	11
2070	11
2071	11
2072	11
2073	10
2074	11
2075	11
2076	11
2077	10
2078	10
2079	11
2080	10
2081	11
2082	11
2083	11
2084	11
2085	11
2086	11
2087	11
2088	11
2089	4
2090	4
2091	4
2092	4
2093	4
2094	4
2095	4
2096	2
2097	2
2098	2
2099	2
2100	2
2101	2
2102	2
2103	3
2104	3
2105	3
2106	3
2107	2
2108	2
2109	2
2110	3
2111	3
2112	2
2113	7
2114	7
2115	7
2116	7
2117	7
2118	9
2119	9
2120	7
2121	7
2122	9
2123	9
2124	11
2125	7
2126	7
2127	7
2128	7
2129	7
2130	9
2131	9
2132	9
2133	9
2134	9
2135	9
2136	9
2137	9
2138	9
2139	7
2140	7
2141	7
2142	7
2143	7
2144	9
2145	9
2146	9
2147	9
2148	9
2149	9
2150	7
2151	7
2152	7
2153	7
2154	7
2155	7
2156	9
2157	9
2158	7
2159	7
2160	7
2161	7
2162	7
2163	7
2164	9
2165	9
2166	9
2167	9
2168	7
2169	7
2170	7
2171	9
2172	7
2173	7
2174	9
2175	9
2176	9
2177	9
2178	7
2179	7
2180	9
2181	9
2182	7
2183	7
2184	7
2185	7
2186	7
2187	7
2188	9
2189	7
2190	7
2191	7
2192	7
2193	7
2194	9
2195	9
2196	9
2197	9
2198	9
2199	9
2200	7
2201	7
2202	9
2203	9
2204	7
2205	7
2206	7
2207	7
2208	7
2209	7
2210	7
2211	7
2212	7
2213	7
2214	7
2215	9
2216	9
2217	7
2218	7
2219	7
2220	7
2221	7
2222	9
2223	9
2224	7
2225	7
2226	7
2227	7
2228	7
2229	9
2230	9
2231	9
2232	7
2233	9
2234	9
2235	9
2236	9
2237	9
2238	9
2239	7
2240	7
2241	9
2242	9
2243	9
2244	9
2245	9
2246	7
2247	9
2248	9
2249	7
2250	7
2251	7
2252	7
2253	9
2254	9
2255	9
2256	9
2257	9
2258	7
2259	7
2260	7
2261	9
2262	9
2263	7
2264	7
2265	7
2266	7
2267	7
2268	7
2269	9
2270	9
2271	9
2272	9
2273	9
2274	9
2275	7
2276	7
2277	9
2278	7
2279	9
2280	9
2281	7
2282	9
2283	9
2284	11
2285	11
2286	9
2287	9
2288	7
2289	7
2290	7
2291	7
2292	7
2293	7
2294	7
2295	7
2296	7
2297	9
2298	9
2299	9
2300	9
2301	7
2302	9
2303	7
2304	9
2305	7
2306	7
2307	9
2308	9
2309	11
2310	11
2311	11
2312	6
2313	6
2314	6
2315	6
2316	6
2317	6
2318	6
2319	6
2320	6
2321	6
2322	6
2323	6
2324	6
2325	6
2326	6
2327	6
2328	6
2329	6
2330	2
2331	2
2332	2
2333	2
2334	2
2335	2
2336	2
2337	2
2338	2
2339	2
2340	2
2341	2
2342	2
2343	2
2344	2
2345	2
2346	6
2347	6
2348	6
2349	6
2350	6
2351	6
2352	6
2353	6
2354	6
2355	6
2356	6
2357	6
2358	6
2359	6
2360	6
2361	6
2362	6
2363	6
2364	6
2365	6
2366	9
2367	9
2368	9
2369	9
2370	9
2371	9
2372	9
2373	9
2374	9
2375	9
2376	9
2377	9
2378	9
2379	9
2380	9
2381	9
2382	9
2383	9
2384	9
2385	9
2386	9
2387	9
2388	9
2389	9
2390	9
2391	9
2392	9
2393	9
2394	9
2395	9
2396	9
2397	9
2398	9
2399	9
2400	9
2401	9
2402	9
2403	9
2404	9
2405	9
2406	9
2407	9
2408	9
2409	9
2410	9
2411	9
2412	9
2413	9
2414	9
2415	1
2416	8
2417	8
2418	1
2419	1
2420	1
2421	1
2422	1
2423	1
2424	1
2425	1
2426	1
2427	1
2428	1
2429	1
2430	1
2431	1
2432	1
2433	1
2434	1
2435	1
2436	1
2437	1
2438	1
2439	1
2440	1
2441	1
2442	1
2443	1
2444	1
2445	1
2446	1
2447	1
2448	1
2449	1
2450	1
2451	1
2452	1
2453	1
2454	8
2455	1
2456	8
2457	8
2458	8
2459	1
2460	1
2461	1
2462	8
2463	8
2464	8
2465	1
2466	1
2467	8
2468	1
2469	8
2470	8
2471	8
2472	1
2473	1
2474	1
2475	1
2476	8
2477	8
2478	8
2479	1
2480	1
2481	1
2482	1
2483	1
2484	1
2485	8
2486	1
2487	8
2488	1
2489	8
2490	1
2491	1
2492	8
2493	8
2494	8
2495	1
2496	1
2497	1
2498	1
2499	1
2500	8
2501	1
2502	1
2503	8
2504	8
2505	8
2506	8
2507	8
2508	1
2509	1
2510	1
2511	1
2512	8
2513	1
2514	8
2515	1
2516	1
2517	1
2518	1
2519	1
2520	1
2521	1
2522	1
2523	1
2524	1
2525	1
2526	1
2527	1
2528	1
2529	1
2530	1
2531	1
2532	1
2533	1
2534	1
2535	1
2536	1
2537	1
2538	1
2539	1
2540	1
2541	1
2542	1
2543	1
2544	1
2545	1
2546	1
2547	1
2548	1
2549	1
2550	1
2551	1
2552	1
2553	1
2554	1
2555	1
2556	1
2557	1
2558	8
2559	8
2560	1
2561	1
2562	1
2563	1
2564	1
2565	1
2566	1
2567	1
2568	1
2569	1
2570	1
2571	1
2572	1
2573	1
2574	1
2575	1
2576	1
2577	1
2578	1
2579	1
2580	1
2581	1
2582	1
2583	1
2584	1
2585	1
2586	1
2587	1
2588	1
2589	1
2590	1
2591	1
2592	1
2593	1
2594	1
2595	1
2596	1
2597	8
2598	8
2599	1
2600	1
2601	1
2602	1
2603	1
2604	1
2605	1
2606	11
2607	11
2608	11
2609	11
2610	11
2611	11
2612	11
2613	11
2614	11
2615	11
2616	11
2617	11
2618	11
2619	11
2620	11
2621	11
2622	11
2623	11
2624	11
2625	11
2626	11
2627	11
2628	11
2629	11
2630	11
2631	11
2632	11
2633	11
2634	11
2635	11
2636	11
2637	11
2638	11
2639	11
2640	13
2641	13
2642	13
2643	12
2644	12
2645	13
2646	13
2647	13
2648	13
2649	13
2650	12
2651	13
2652	13
2653	13
2654	13
2655	13
2656	12
2657	13
2658	12
2659	13
2660	12
2661	13
2662	13
2663	13
2664	13
2665	12
2666	13
2667	13
2668	13
2669	13
2670	13
2671	13
2672	12
2673	13
2674	12
2675	13
2676	13
2677	13
2678	13
2679	13
2680	13
2681	13
2682	13
2683	12
2684	13
2685	13
2686	13
2687	13
2688	2
2689	2
2690	2
2691	2
315	6
1657	4
