0	7
1	7
2	7
3	7
4	7
5	7
6	7
7	5
8	5
9	5
10	5
11	5
12	5
13	5
14	5
15	5
16	5
17	5
18	5
19	5
20	5
21	8
22	8
23	8
24	8
25	8
26	8
27	8
28	8
29	9
30	9
31	9
32	9
33	9
34	9
35	9
36	9
37	9
38	9
39	9
40	9
41	9
42	9
43	9
44	9
45	9
46	9
47	9
48	9
49	9
50	9
51	9
52	9
53	2
54	2
55	2
56	2
57	2
58	9
59	9
60	9
61	9
62	9
63	9
64	9
65	2
66	2
67	2
68	2
69	2
70	2
71	8
72	8
73	8
74	8
75	9
76	9
77	9
78	9
79	9
80	9
81	9
82	9
83	6
84	6
85	6
86	6
87	6
88	6
89	6
90	6
91	6
92	6
93	6
94	6
95	6
96	5
97	5
98	5
99	5
100	5
101	5
102	5
103	5
104	5
105	5
106	5
107	5
108	5
109	5
110	5
111	5
112	5
113	5
114	5
115	5
116	5
117	5
118	5
119	5
120	5
121	5
122	5
123	5
124	5
125	5
126	5
127	5
128	5
129	1
130	11
131	11
132	11
133	1
134	11
135	11
136	11
137	11
138	1
139	11
140	11
141	11
142	1
143	11
144	11
145	1
146	11
147	1
148	1
149	1
150	1
151	1
152	1
153	1
154	11
155	11
156	11
157	11
158	11
159	11
160	11
161	11
162	1
163	1
164	1
165	11
166	10
167	10
168	10
169	10
170	10
171	10
172	10
173	10
174	10
175	10
176	10
177	10
178	10
179	10
180	10
181	10
182	10
183	7
184	7
185	7
186	7
187	7
188	7
189	7
190	7
191	7
192	7
193	7
194	7
195	7
196	7
197	7
198	7
199	7
200	7
201	7
202	7
203	7
204	7
205	7
206	7
207	7
208	8
209	8
210	8
211	8
212	8
213	8
214	8
215	8
216	8
217	8
218	8
219	8
220	8
221	8
222	8
223	8
224	8
225	8
226	8
227	8
228	8
229	8
230	8
231	8
232	8
233	8
234	8
235	8
236	8
237	8
238	8
239	8
240	8
241	8
242	8
243	8
244	8
245	8
246	8
247	8
248	7
249	7
250	7
251	7
252	7
253	7
254	7
255	7
256	7
257	7
258	7
259	7
260	7
261	3
262	3
263	3
264	3
265	3
266	3
267	3
268	8
269	3
270	3
271	3
272	3
273	3
274	3
275	3
276	3
277	3
278	8
279	8
280	3
281	8
282	3
283	8
284	3
285	3
286	3
287	3
288	3
289	3
290	3
291	8
292	3
293	3
294	3
295	3
296	3
297	3
298	3
299	3
300	3
301	3
302	7
303	7
304	7
305	7
306	2
307	2
308	2
309	1
310	2
311	2
312	2
313	2
314	2
316	9
317	9
318	9
319	9
320	9
321	9
322	9
323	9
324	9
325	9
326	9
327	9
328	9
329	9
330	9
331	2
332	2
333	2
334	2
335	2
336	1
337	9
338	9
339	9
340	2
341	2
342	2
343	2
344	2
345	2
346	2
347	2
348	2
349	2
350	2
351	2
352	2
353	1
354	2
355	2
356	1
357	1
358	1
359	1
360	1
361	1
362	1
363	1
364	1
365	1
366	1
367	1
368	1
369	1
370	2
371	2
372	2
373	1
374	2
375	2
376	2
377	2
378	2
379	2
380	2
381	2
382	2
383	2
384	2
385	2
386	2
387	2
388	2
389	9
390	9
391	9
392	9
393	9
394	2
395	2
396	2
397	2
398	9
399	9
400	9
401	9
402	9
403	8
404	8
405	8
406	8
407	11
408	11
409	5
410	5
411	5
412	5
413	9
414	9
415	5
416	5
417	5
418	5
419	9
420	5
421	9
422	5
423	5
424	5
425	10
426	10
427	10
428	10
429	10
430	10
431	10
432	10
433	9
434	5
435	5
436	9
437	9
438	5
439	5
440	5
441	5
442	5
443	9
444	5
445	5
446	10
447	10
448	10
449	10
450	10
451	5
452	5
453	5
454	10
455	10
456	10
457	9
458	5
459	5
460	5
461	9
462	9
463	10
464	10
465	10
466	10
467	10
468	10
469	10
470	10
471	10
472	10
473	9
474	5
475	3
476	3
477	3
478	3
479	3
480	3
481	3
482	3
483	3
484	8
485	8
486	3
487	3
488	3
489	3
490	3
491	3
492	3
493	3
494	3
495	3
496	3
497	3
498	8
499	3
500	3
501	3
502	8
503	3
504	3
505	3
506	11
507	8
508	8
509	8
510	8
511	8
512	8
513	8
514	8
515	8
516	8
517	8
518	11
519	11
520	8
521	8
522	6
523	6
524	6
525	6
526	7
527	7
528	6
529	6
530	6
531	6
532	6
533	6
534	6
535	6
536	6
537	6
538	7
539	7
540	7
541	7
542	7
543	7
544	7
545	7
546	7
547	7
548	7
549	7
550	7
551	7
552	7
553	7
554	7
555	7
556	7
557	7
558	7
559	8
560	8
561	8
562	8
563	8
564	8
565	7
566	7
567	7
568	7
569	7
570	13
571	13
572	13
573	13
574	13
575	13
576	13
577	13
578	13
579	13
580	13
581	7
582	7
583	7
584	7
585	7
586	7
587	8
588	8
589	8
590	8
591	8
592	8
593	8
594	8
595	8
596	8
597	8
598	8
599	8
600	8
601	8
602	8
603	7
604	7
605	7
606	7
607	7
608	7
609	7
610	7
611	7
612	7
613	7
614	7
615	7
616	7
617	8
618	8
619	8
620	8
621	8
622	8
623	8
624	8
625	8
626	8
627	8
628	8
629	8
630	8
631	8
632	8
633	8
634	8
635	8
636	8
637	8
638	8
639	7
640	7
641	7
642	7
643	7
644	7
645	7
646	7
647	7
648	7
649	7
650	7
651	7
652	7
653	7
654	7
655	7
656	7
657	10
658	10
659	10
660	10
661	5
662	5
663	5
664	5
665	5
666	5
667	5
668	5
669	5
670	3
671	3
672	3
673	3
674	3
675	3
676	3
677	3
678	3
679	3
680	5
681	5
682	5
683	5
684	5
685	5
686	5
687	5
688	5
689	5
690	5
691	5
692	5
693	5
694	5
695	5
696	5
697	3
698	3
699	3
700	3
701	3
702	3
703	3
704	3
705	3
706	3
707	3
708	3
709	3
710	3
711	3
712	3
713	3
714	5
715	5
716	3
717	3
718	3
719	3
720	3
721	3
722	3
723	3
724	3
725	3
726	3
727	3
728	3
729	3
730	3
731	3
732	9
733	9
734	9
735	9
736	9
737	10
738	10
739	10
740	10
741	10
742	10
743	10
744	10
745	9
746	9
747	9
748	9
749	9
750	9
751	9
752	9
753	9
754	9
755	9
756	9
757	9
758	9
759	9
760	9
761	9
762	9
763	9
764	9
765	9
766	10
767	10
768	10
769	10
770	9
771	9
772	10
773	10
774	10
775	10
776	10
777	10
778	10
779	10
780	10
781	10
782	10
783	10
784	10
785	8
786	10
787	10
788	10
789	10
790	10
791	8
792	8
793	8
794	8
795	8
796	8
797	8
798	8
799	8
800	8
801	10
802	10
803	10
804	10
805	8
806	8
807	8
808	10
809	10
810	10
811	12
812	12
813	2
814	12
815	12
816	2
817	12
818	12
819	12
820	12
821	12
822	2
823	12
824	2
825	2
826	2
827	2
828	2
829	12
830	12
831	12
832	12
833	12
834	12
835	12
836	12
837	12
838	12
839	12
840	12
841	12
842	12
843	12
844	12
845	2
846	12
847	12
848	2
849	2
850	2
851	12
852	12
853	12
854	12
855	2
856	12
857	2
858	7
859	7
860	7
861	7
862	7
863	7
864	7
865	7
866	7
867	7
868	7
869	7
870	7
871	12
872	12
873	12
874	2
875	12
876	12
877	2
878	2
879	2
880	2
881	12
882	12
883	12
884	2
885	12
886	12
887	12
888	12
889	2
890	2
891	2
892	12
893	12
894	12
895	12
896	12
897	2
898	2
899	2
900	2
901	2
902	12
903	12
904	12
905	12
906	12
907	12
908	12
909	2
910	2
911	12
912	12
913	2
914	12
915	12
916	12
917	12
918	2
919	2
920	12
921	12
922	2
923	12
924	2
925	12
926	2
927	12
928	12
929	2
930	12
931	12
932	2
933	2
934	2
935	12
936	12
937	2
938	2
939	2
940	2
941	2
942	12
943	2
944	2
945	12
946	2
947	12
948	12
949	12
950	2
951	12
952	12
953	2
954	2
955	2
956	2
957	12
958	12
959	2
960	2
961	2
962	12
963	12
964	12
965	12
966	2
967	2
968	2
969	12
970	12
971	2
972	12
973	12
974	12
975	12
976	12
977	12
978	2
979	2
980	2
981	2
982	12
983	12
984	12
985	10
986	10
987	10
988	10
989	10
990	10
991	10
992	10
993	10
994	10
995	10
996	10
997	10
998	10
999	10
1000	10
1001	10
1002	10
1003	10
1004	10
1005	10
1006	10
1007	12
1008	12
1009	10
1010	12
1011	12
1012	12
1013	12
1014	12
1015	12
1016	12
1017	12
1018	12
1019	12
1020	12
1021	12
1022	12
1023	12
1024	12
1025	12
1026	12
1027	12
1028	12
1029	12
1030	12
1031	12
1032	12
1033	12
1034	12
1035	9
1036	9
1037	9
1038	12
1039	12
1040	12
1041	9
1042	12
1043	12
1044	12
1045	12
1046	9
1047	9
1048	12
1049	12
1050	9
1051	12
1052	12
1053	9
1054	9
1055	9
1056	9
1057	12
1058	12
1059	12
1060	12
1061	12
1062	12
1063	9
1064	9
1065	9
1066	9
1067	9
1068	12
1069	12
1070	12
1071	12
1072	12
1073	9
1074	9
1075	7
1076	7
1077	7
1078	7
1079	7
1080	7
1081	7
1082	7
1083	7
1084	7
1085	7
1086	7
1087	3
1088	3
1089	3
1090	3
1091	3
1092	3
1093	3
1094	8
1095	8
1096	8
1097	8
1098	8
1099	8
1100	8
1101	8
1102	8
1103	8
1104	8
1105	8
1106	8
1107	1
1108	1
1109	1
1110	1
1111	1
1112	2
1113	1
1114	2
1115	1
1116	2
1117	2
1118	2
1119	1
1120	2
1121	1
1122	2
1123	1
1124	2
1125	2
1126	1
1127	1
1128	1
1129	1
1130	2
1131	2
1132	2
1133	2
1134	1
1135	1
1136	2
1137	2
1138	2
1139	2
1140	1
1141	1
1142	1
1143	2
1144	1
1145	1
1146	2
1147	2
1148	1
1149	1
1150	1
1151	1
1152	1
1153	2
1154	2
1155	2
1156	2
1157	2
1158	2
1159	2
1160	2
1161	2
1162	8
1163	2
1164	2
1165	8
1166	2
1167	2
1168	2
1169	12
1170	12
1171	12
1172	12
1173	12
1174	12
1175	12
1176	12
1177	12
1178	12
1179	12
1180	12
1181	12
1182	12
1183	12
1184	12
1185	12
1186	12
1187	12
1188	12
1189	12
1190	12
1191	12
1192	12
1193	12
1194	12
1195	12
1196	12
1197	12
1198	12
1199	12
1200	6
1201	6
1202	6
1203	6
1204	6
1205	6
1206	6
1207	6
1208	6
1209	6
1210	6
1211	6
1212	6
1213	6
1214	6
1215	6
1216	6
1217	6
1218	6
1219	6
1220	6
1221	6
1222	6
1223	6
1224	6
1225	6
1226	6
1227	6
1228	6
1229	6
1230	6
1231	6
1232	6
1233	6
1234	6
1235	6
1236	6
1237	6
1238	6
1239	6
1240	8
1241	3
1242	3
1243	8
1244	3
1245	3
1246	3
1247	3
1248	8
1249	8
1250	8
1251	8
1252	8
1253	9
1254	9
1255	9
1256	9
1257	9
1258	8
1259	8
1260	8
1261	8
1262	3
1263	3
1264	9
1265	9
1266	9
1267	9
1268	9
1269	9
1270	9
1271	9
1272	9
1273	9
1274	9
1275	9
1276	9
1277	9
1278	8
1279	8
1280	8
1281	8
1282	3
1283	3
1284	9
1285	9
1286	9
1287	9
1288	11
1289	8
1290	8
1291	8
1292	11
1293	8
1294	11
1295	11
1296	11
1297	11
1298	8
1299	11
1300	8
1301	11
1302	11
1303	9
1304	9
1305	9
1306	9
1307	9
1308	9
1309	9
1310	9
1311	9
1312	9
1313	9
1314	2
1315	2
1316	2
1317	2
1318	2
1319	2
1320	2
1321	2
1322	12
1323	2
1324	2
1325	2
1326	2
1327	2
1328	2
1329	2
1330	2
1331	2
1332	2
1333	2
1334	2
1335	12
1336	2
1337	2
1338	2
1339	12
1340	2
1341	2
1342	12
1343	12
1344	2
1345	2
1346	9
1347	9
1348	9
1349	9
1350	9
1351	9
1352	9
1353	9
1354	9
1355	9
1356	9
1357	9
1358	9
1359	9
1360	9
1361	9
1362	9
1363	1
1364	1
1365	6
1366	1
1367	1
1368	6
1369	1
1370	1
1371	1
1372	1
1373	6
1374	6
1375	6
1376	1
1377	6
1378	1
1379	1
1380	1
1381	8
1382	8
1383	8
1384	8
1385	8
1386	8
1387	8
1388	8
1389	8
1390	8
1391	8
1392	8
1393	8
1394	8
1395	8
1396	8
1397	9
1398	9
1399	9
1400	9
1401	9
1402	9
1403	9
1404	9
1405	9
1406	9
1407	9
1408	9
1409	9
1410	9
1411	9
1412	9
1413	9
1414	9
1415	9
1416	9
1417	9
1418	9
1419	9
1420	9
1421	9
1422	9
1423	9
1424	9
1425	9
1426	9
1427	9
1428	13
1429	13
1430	13
1431	13
1432	13
1433	13
1434	13
1435	13
1436	13
1437	13
1438	13
1439	13
1440	13
1441	5
1442	5
1443	5
1444	5
1445	5
1446	5
1447	5
1448	5
1449	5
1450	5
1451	5
1452	5
1453	5
1454	5
1455	13
1456	13
1457	13
1458	13
1459	13
1460	13
1461	13
1462	13
1463	13
1464	13
1465	8
1466	8
1467	8
1468	8
1469	11
1470	8
1471	8
1472	11
1473	11
1474	8
1475	8
1476	11
1477	8
1478	8
1479	8
1480	8
1481	8
1482	8
1483	8
1484	8
1485	8
1486	8
1487	11
1488	8
1489	9
1490	9
1491	9
1492	9
1493	9
1494	9
1495	9
1496	9
1497	9
1498	9
1499	9
1500	9
1501	9
1502	9
1503	9
1504	9
1505	9
1506	7
1507	7
1508	9
1509	7
1510	7
1511	9
1512	7
1513	7
1514	7
1515	7
1516	9
1517	9
1518	9
1519	9
1520	9
1521	7
1522	9
1523	7
1524	7
1525	7
1526	9
1527	7
1528	9
1529	10
1530	10
1531	10
1532	10
1533	10
1534	10
1535	10
1536	10
1537	10
1538	10
1539	10
1540	10
1541	10
1542	10
1543	10
1544	10
1545	10
1546	10
1547	10
1548	10
1549	10
1550	10
1551	10
1552	6
1553	6
1554	6
1555	6
1556	6
1557	6
1558	6
1559	6
1560	6
1561	6
1562	6
1563	6
1564	6
1565	6
1566	6
1567	6
1568	6
1569	6
1570	6
1571	6
1572	6
1573	6
1574	6
1575	6
1576	9
1577	9
1578	9
1579	9
1580	9
1581	9
1582	9
1583	9
1584	9
1585	9
1586	9
1587	9
1588	9
1589	9
1590	9
1591	9
1592	9
1593	9
1594	9
1595	9
1596	9
1597	9
1598	9
1599	9
1600	9
1601	9
1602	6
1603	6
1604	6
1605	6
1606	6
1607	6
1608	6
1609	6
1610	6
1611	6
1612	6
1613	6
1614	6
1615	6
1616	6
1617	6
1618	8
1619	8
1620	8
1621	8
1622	8
1623	8
1624	8
1625	8
1626	8
1627	8
1628	8
1629	6
1630	5
1631	5
1632	5
1633	6
1634	6
1635	5
1636	5
1637	6
1638	6
1639	6
1640	6
1641	6
1642	5
1643	6
1644	8
1645	8
1646	8
1647	8
1648	8
1649	5
1650	6
1651	5
1652	5
1653	5
1654	5
1655	5
1656	6
1658	6
1659	5
1660	5
1661	6
1662	5
1663	6
1664	6
1665	6
1666	5
1667	5
1668	5
1669	6
1670	6
1671	5
1672	6
1673	8
1674	6
1675	5
1676	6
1677	8
1678	3
1679	3
1680	3
1681	3
1682	3
1683	3
1684	3
1685	9
1686	9
1687	9
1688	9
1689	9
1690	9
1691	9
1692	9
1693	9
1694	9
1695	9
1696	9
1697	9
1698	9
1699	9
1700	9
1701	5
1702	5
1703	4
1704	4
1705	5
1706	5
1707	5
1708	5
1709	5
1710	5
1711	5
1712	5
1713	8
1714	8
1715	8
1716	8
1717	8
1718	8
1719	8
1720	8
1721	8
1722	8
1723	8
1724	8
1725	5
1726	5
1727	5
1728	8
1729	5
1730	5
1731	5
1732	5
1733	5
1734	5
1735	5
1736	5
1737	5
1738	5
1739	5
1740	5
1741	5
1742	5
1743	5
1744	4
1745	5
1746	5
1747	4
1748	5
1749	4
1750	4
1751	5
1752	5
1753	5
1754	4
1755	5
1756	4
1757	8
1758	8
1759	8
1760	8
1761	5
1762	4
1763	4
1764	4
1765	5
1766	5
1767	4
1768	5
1769	5
1770	5
1771	5
1772	4
1773	5
1774	8
1775	8
1776	8
1777	8
1778	8
1779	8
1780	8
1781	8
1782	8
1783	8
1784	8
1785	8
1786	8
1787	4
1788	5
1789	5
1790	5
1791	4
1792	5
1793	5
1794	4
1795	8
1796	8
1797	8
1798	8
1799	5
1800	5
1801	5
1802	5
1803	4
1804	4
1805	5
1806	4
1807	5
1808	4
1809	13
1810	13
1811	13
1812	13
1813	13
1814	13
1815	13
1816	13
1817	13
1818	13
1819	13
1820	13
1821	13
1822	13
1823	13
1824	13
1825	13
1826	13
1827	13
1828	13
1829	13
1830	8
1831	8
1832	8
1833	8
1834	8
1835	13
1836	13
1837	8
1838	13
1839	13
1840	1
1841	1
1842	1
1843	1
1844	1
1845	13
1846	13
1847	13
1848	13
1849	13
1850	13
1851	13
1852	13
1853	13
1854	13
1855	13
1856	13
1857	8
1858	8
1859	8
1860	8
1861	8
1862	8
1863	13
1864	13
1865	13
1866	13
1867	13
1868	13
1869	13
1870	13
1871	13
1872	3
1873	3
1874	3
1875	3
1876	3
1877	3
1878	3
1879	3
1880	3
1881	3
1882	3
1883	3
1884	3
1885	3
1886	3
1887	3
1888	3
1889	3
1890	3
1891	3
1892	3
1893	3
1894	3
1895	7
1896	7
1897	7
1898	2
1899	2
1900	2
1901	2
1902	2
1903	2
1904	7
1905	7
1906	7
1907	7
1908	7
1909	7
1910	7
1911	7
1912	7
1913	7
1914	7
1915	7
1916	2
1917	2
1918	2
1919	2
1920	2
1921	2
1922	2
1923	2
1924	7
1925	7
1926	7
1927	7
1928	7
1929	7
1930	7
1931	7
1932	7
1933	7
1934	7
1935	7
1936	7
1937	7
1938	7
1939	7
1940	7
1941	7
1942	7
1943	7
1944	7
1945	7
1946	7
1947	7
1948	7
1949	7
1950	7
1951	7
1952	7
1953	7
1954	7
1955	7
1956	7
1957	7
1958	7
1959	7
1960	7
1961	7
1962	7
1963	7
1964	7
1965	7
1966	7
1967	7
1968	7
1969	7
1970	7
1971	7
1972	7
1973	7
1974	7
1975	7
1976	6
1977	6
1978	6
1979	6
1980	6
1981	6
1982	6
1983	6
1984	6
1985	6
1986	6
1987	6
1988	6
1989	6
1990	6
1991	6
1992	6
1993	6
1994	6
1995	6
1996	6
1997	6
1998	6
1999	6
2000	6
2001	6
2002	6
2003	6
2004	6
2005	6
2006	6
2007	6
2008	6
2009	6
2010	6
2011	6
2012	6
2013	6
2014	6
2015	6
2016	6
2017	3
2018	3
2019	3
2020	3
2021	3
2022	3
2023	3
2024	10
2025	3
2026	3
2027	3
2028	3
2029	3
2030	10
2031	10
2032	10
2033	10
2034	10
2035	10
2036	10
2037	10
2038	3
2039	3
2040	3
2041	3
2042	3
2043	3
2044	3
2045	3
2046	10
2047	10
2048	3
2049	3
2050	3
2051	10
2052	10
2053	10
2054	10
2055	10
2056	10
2057	10
2058	6
2059	6
2060	6
2061	6
2062	6
2063	6
2064	6
2065	6
2066	6
2067	6
2068	3
2069	3
2070	3
2071	8
2072	3
2073	8
2074	3
2075	3
2076	3
2077	8
2078	8
2079	3
2080	8
2081	3
2082	3
2083	3
2084	3
2085	3
2086	3
2087	3
2088	3
2089	9
2090	9
2091	9
2092	9
2093	9
2094	9
2095	9
2096	7
2097	7
2098	7
2099	7
2100	7
2101	7
2102	7
2103	7
2104	9
2105	7
2106	7
2107	7
2108	7
2109	7
2110	7
2111	7
2112	7
2113	4
2114	4
2115	4
2116	13
2117	4
2118	13
2119	4
2120	13
2121	13
2122	13
2123	4
2124	3
2125	13
2126	13
2127	13
2128	13
2129	4
2130	13
2131	4
2132	4
2133	13
2134	4
2135	4
2136	4
2137	4
2138	13
2139	13
2140	13
2141	4
2142	4
2143	4
2144	4
2145	13
2146	4
2147	4
2148	13
2149	13
2150	13
2151	13
2152	4
2153	4
2154	4
2155	4
2156	4
2157	4
2158	4
2159	13
2160	4
2161	4
2162	4
2163	4
2164	4
2165	4
2166	4
2167	13
2168	13
2169	4
2170	4
2171	4
2172	4
2173	4
2174	4
2175	4
2176	4
2177	13
2178	13
2179	13
2180	4
2181	4
2182	4
2183	4
2184	4
2185	4
2186	4
2187	4
2188	4
2189	13
2190	13
2191	13
2192	13
2193	4
2194	4
2195	4
2196	13
2197	4
2198	4
2199	4
2200	4
2201	4
2202	4
2203	4
2204	13
2205	13
2206	13
2207	13
2208	13
2209	4
2210	4
2211	4
2212	4
2213	13
2214	13
2215	4
2216	4
2217	13
2218	4
2219	4
2220	4
2221	13
2222	13
2223	4
2224	4
2225	4
2226	4
2227	4
2228	13
2229	13
2230	4
2231	4
2232	4
2233	13
2234	13
2235	4
2236	4
2237	4
2238	4
2239	4
2240	4
2241	13
2242	4
2243	4
2244	4
2245	4
2246	4
2247	4
2248	4
2249	4
2250	4
2251	4
2252	4
2253	4
2254	4
2255	4
2256	4
2257	4
2258	13
2259	13
2260	13
2261	4
2262	4
2263	4
2264	4
2265	4
2266	4
2267	13
2268	13
2269	4
2270	4
2271	4
2272	4
2273	4
2274	4
2275	4
2276	4
2277	13
2278	4
2279	13
2280	4
2281	4
2282	13
2283	13
2284	3
2285	3
2286	4
2287	4
2288	4
2289	4
2290	4
2291	4
2292	4
2293	4
2294	13
2295	13
2296	13
2297	13
2298	4
2299	4
2300	4
2301	4
2302	4
2303	13
2304	13
2305	4
2306	4
2307	4
2308	4
2309	3
2310	3
2311	3
2312	12
2313	12
2314	12
2315	12
2316	12
2317	12
2318	12
2319	12
2320	12
2321	12
2322	12
2323	12
2324	12
2325	12
2326	12
2327	12
2328	12
2329	12
2330	7
2331	7
2332	7
2333	7
2334	7
2335	7
2336	7
2337	7
2338	7
2339	7
2340	7
2341	7
2342	7
2343	7
2344	7
2345	7
2346	12
2347	12
2348	12
2349	12
2350	12
2351	12
2352	12
2353	12
2354	12
2355	12
2356	12
2357	12
2358	12
2359	12
2360	12
2361	12
2362	12
2363	12
2364	12
2365	12
2366	13
2367	13
2368	13
2369	13
2370	13
2371	13
2372	13
2373	13
2374	13
2375	13
2376	13
2377	13
2378	13
2379	13
2380	13
2381	13
2382	13
2383	13
2384	13
2385	13
2386	13
2387	13
2388	13
2389	13
2390	13
2391	13
2392	13
2393	13
2394	13
2395	13
2396	13
2397	13
2398	13
2399	13
2400	13
2401	13
2402	13
2403	13
2404	13
2405	13
2406	13
2407	13
2408	13
2409	13
2410	13
2411	13
2412	13
2413	13
2414	13
2415	11
2416	11
2417	11
2418	11
2419	11
2420	11
2421	1
2422	11
2423	11
2424	11
2425	1
2426	11
2427	11
2428	11
2429	11
2430	11
2431	11
2432	11
2433	11
2434	11
2435	11
2436	11
2437	11
2438	11
2439	11
2440	11
2441	11
2442	11
2443	11
2444	11
2445	11
2446	11
2447	11
2448	11
2449	1
2450	1
2451	1
2452	1
2453	1
2454	1
2455	1
2456	1
2457	1
2458	1
2459	1
2460	11
2461	11
2462	1
2463	1
2464	1
2465	11
2466	11
2467	1
2468	1
2469	1
2470	1
2471	1
2472	1
2473	11
2474	11
2475	1
2476	1
2477	1
2478	1
2479	1
2480	1
2481	1
2482	1
2483	1
2484	1
2485	1
2486	1
2487	1
2488	1
2489	1
2490	1
2491	1
2492	1
2493	1
2494	1
2495	1
2496	11
2497	11
2498	11
2499	11
2500	1
2501	1
2502	11
2503	11
2504	11
2505	11
2506	11
2507	11
2508	11
2509	11
2510	11
2511	11
2512	11
2513	11
2514	11
2515	1
2516	1
2517	1
2518	1
2519	1
2520	1
2521	1
2522	1
2523	11
2524	11
2525	11
2526	1
2527	1
2528	11
2529	11
2530	11
2531	11
2532	11
2533	11
2534	11
2535	11
2536	11
2537	11
2538	11
2539	11
2540	11
2541	11
2542	11
2543	11
2544	11
2545	11
2546	11
2547	11
2548	11
2549	11
2550	1
2551	11
2552	11
2553	11
2554	11
2555	11
2556	11
2557	11
2558	11
2559	11
2560	11
2561	11
2562	11
2563	11
2564	11
2565	11
2566	11
2567	11
2568	11
2569	11
2570	11
2571	11
2572	11
2573	11
2574	11
2575	1
2576	1
2577	1
2578	1
2579	1
2580	1
2581	11
2582	11
2583	1
2584	1
2585	11
2586	1
2587	11
2588	11
2589	11
2590	11
2591	11
2592	11
2593	11
2594	11
2595	11
2596	11
2597	11
2598	11
2599	11
2600	1
2601	1
2602	11
2603	11
2604	11
2605	11
2606	3
2607	3
2608	3
2609	3
2610	3
2611	3
2612	3
2613	3
2614	3
2615	3
2616	3
2617	3
2618	3
2619	3
2620	3
2621	3
2622	3
2623	3
2624	3
2625	3
2626	3
2627	3
2628	3
2629	3
2630	3
2631	3
2632	3
2633	3
2634	3
2635	3
2636	3
2637	3
2638	3
2639	3
2640	6
2641	6
2642	6
2643	6
2644	6
2645	10
2646	10
2647	10
2648	10
2649	6
2650	6
2651	10
2652	10
2653	10
2654	10
2655	10
2656	6
2657	10
2658	10
2659	6
2660	6
2661	10
2662	10
2663	6
2664	10
2665	10
2666	6
2667	10
2668	10
2669	10
2670	10
2671	10
2672	6
2673	10
2674	10
2675	10
2676	10
2677	10
2678	10
2679	10
2680	10
2681	10
2682	10
2683	10
2684	10
2685	10
2686	6
2687	10
2688	7
2689	7
2690	7
2691	7
315	9
1657	6
