0	6
1	6
2	6
3	6
4	6
5	6
6	6
7	5
8	5
9	5
10	5
11	5
12	5
13	5
14	5
15	5
16	5
17	5
18	5
19	5
20	5
21	11
22	11
23	11
24	11
25	11
26	11
27	11
28	11
29	12
30	5
31	12
32	12
33	5
34	12
35	12
36	12
37	12
38	12
39	12
40	12
41	5
42	12
43	12
44	5
45	12
46	12
47	5
48	12
49	12
50	12
51	12
52	12
53	10
54	10
55	10
56	10
57	10
58	12
59	12
60	12
61	12
62	12
63	12
64	12
65	10
66	10
67	10
68	10
69	10
70	10
71	11
72	11
73	11
74	11
75	12
76	12
77	12
78	12
79	12
80	12
81	12
82	12
83	7
84	7
85	7
86	7
87	7
88	7
89	7
90	7
91	7
92	7
93	7
94	7
95	7
96	5
97	5
98	5
99	5
100	5
101	5
102	5
103	5
104	5
105	5
106	5
107	5
108	5
109	5
110	5
111	5
112	5
113	5
114	5
115	5
116	5
117	5
118	5
119	5
120	5
121	5
122	5
123	5
124	5
125	5
126	5
127	5
128	5
129	11
130	11
131	11
132	4
133	4
134	11
135	11
136	11
137	11
138	11
139	4
140	11
141	4
142	4
143	11
144	11
145	11
146	11
147	4
148	11
149	11
150	4
151	11
152	11
153	11
154	4
155	4
156	4
157	4
158	4
159	4
160	4
161	4
162	4
163	4
164	11
165	4
166	8
167	8
168	8
169	8
170	8
171	8
172	8
173	8
174	8
175	8
176	8
177	8
178	8
179	8
180	8
181	8
182	8
183	12
184	12
185	12
186	12
187	12
188	12
189	12
190	12
191	12
192	12
193	12
194	12
195	12
196	12
197	12
198	12
199	12
200	12
201	12
202	12
203	12
204	12
205	12
206	12
207	12
208	11
209	11
210	11
211	11
212	11
213	11
214	11
215	11
216	11
217	11
218	11
219	11
220	11
221	11
222	11
223	11
224	11
225	11
226	11
227	11
228	11
229	11
230	11
231	11
232	11
233	11
234	11
235	11
236	11
237	11
238	11
239	11
240	11
241	11
242	11
243	11
244	11
245	11
246	11
247	11
248	12
249	12
250	12
251	12
252	12
253	12
254	12
255	12
256	12
257	12
258	12
259	12
260	12
261	2
262	2
263	2
264	2
265	2
266	2
267	2
268	2
269	2
270	2
271	2
272	2
273	2
274	2
275	2
276	2
277	2
278	2
279	2
280	2
281	2
282	2
283	2
284	2
285	2
286	2
287	2
288	2
289	2
290	2
291	2
292	2
293	2
294	2
295	2
296	2
297	2
298	2
299	2
300	2
301	2
302	12
303	12
304	12
305	12
306	9
307	9
308	9
309	1
310	9
311	1
312	9
313	9
314	9
316	5
317	5
318	5
319	5
320	5
321	5
322	5
323	5
324	5
325	5
326	5
327	5
328	5
329	5
330	5
331	9
332	9
333	9
334	9
335	9
336	1
337	5
338	5
339	5
340	9
341	9
342	9
343	9
344	9
345	9
346	9
347	9
348	9
349	9
350	9
351	9
352	9
353	9
354	9
355	9
356	8
357	8
358	8
359	8
360	8
361	8
362	8
363	8
364	8
365	8
366	8
367	8
368	8
369	9
370	9
371	9
372	9
373	1
374	9
375	9
376	9
377	9
378	9
379	9
380	9
381	9
382	9
383	9
384	9
385	9
386	9
387	9
388	9
389	5
390	5
391	5
392	5
393	5
394	9
395	9
396	9
397	9
398	5
399	5
400	5
401	5
402	5
403	11
404	11
405	11
406	11
407	11
408	11
409	6
410	6
411	6
412	6
413	6
414	6
415	6
416	6
417	6
418	6
419	6
420	6
421	6
422	6
423	6
424	6
425	8
426	8
427	8
428	8
429	7
430	7
431	7
432	7
433	6
434	6
435	6
436	6
437	6
438	6
439	6
440	6
441	6
442	6
443	6
444	6
445	6
446	8
447	8
448	8
449	8
450	8
451	6
452	6
453	6
454	7
455	8
456	7
457	6
458	6
459	6
460	6
461	6
462	6
463	7
464	8
465	8
466	7
467	8
468	8
469	8
470	7
471	8
472	8
473	6
474	6
475	2
476	2
477	2
478	2
479	2
480	2
481	2
482	8
483	2
484	11
485	11
486	2
487	2
488	8
489	2
490	2
491	2
492	2
493	2
494	2
495	2
496	2
497	2
498	11
499	2
500	2
501	2
502	11
503	2
504	2
505	2
506	11
507	11
508	11
509	11
510	11
511	11
512	11
513	11
514	11
515	11
516	11
517	11
518	11
519	11
520	11
521	11
522	7
523	7
524	7
525	7
526	12
527	12
528	7
529	7
530	7
531	7
532	7
533	7
534	7
535	7
536	7
537	7
538	12
539	12
540	12
541	12
542	12
543	12
544	12
545	12
546	12
547	12
548	12
549	12
550	12
551	12
552	12
553	12
554	12
555	12
556	12
557	12
558	12
559	11
560	11
561	11
562	11
563	11
564	11
565	12
566	12
567	12
568	12
569	12
570	7
571	7
572	7
573	7
574	7
575	7
576	7
577	7
578	7
579	7
580	7
581	12
582	12
583	12
584	12
585	12
586	12
587	2
588	11
589	11
590	2
591	11
592	11
593	11
594	2
595	11
596	2
597	11
598	2
599	11
600	11
601	11
602	11
603	12
604	12
605	12
606	12
607	12
608	12
609	12
610	12
611	12
612	12
613	12
614	12
615	12
616	12
617	2
618	11
619	11
620	2
621	2
622	2
623	2
624	2
625	2
626	2
627	2
628	11
629	11
630	11
631	11
632	2
633	11
634	2
635	11
636	2
637	2
638	2
639	12
640	12
641	12
642	12
643	12
644	12
645	12
646	12
647	12
648	12
649	12
650	12
651	12
652	12
653	12
654	12
655	12
656	12
657	8
658	8
659	8
660	8
661	6
662	6
663	6
664	6
665	6
666	6
667	6
668	6
669	6
670	11
671	11
672	11
673	11
674	11
675	11
676	11
677	11
678	11
679	11
680	6
681	6
682	6
683	6
684	6
685	6
686	6
687	6
688	6
689	6
690	6
691	6
692	6
693	6
694	6
695	6
696	6
697	11
698	11
699	11
700	11
701	11
702	11
703	11
704	11
705	11
706	11
707	11
708	11
709	11
710	11
711	11
712	11
713	11
714	6
715	6
716	2
717	2
718	11
719	11
720	11
721	2
722	2
723	2
724	2
725	2
726	2
727	2
728	2
729	2
730	2
731	2
732	5
733	5
734	5
735	5
736	5
737	8
738	8
739	8
740	8
741	8
742	8
743	8
744	8
745	5
746	5
747	5
748	5
749	5
750	5
751	5
752	5
753	5
754	5
755	5
756	5
757	5
758	5
759	5
760	5
761	5
762	5
763	5
764	5
765	5
766	8
767	8
768	8
769	8
770	5
771	5
772	8
773	8
774	8
775	8
776	8
777	8
778	8
779	8
780	8
781	8
782	8
783	8
784	8
785	9
786	8
787	8
788	8
789	8
790	8
791	9
792	9
793	9
794	9
795	9
796	9
797	9
798	9
799	9
800	9
801	8
802	8
803	8
804	8
805	9
806	9
807	9
808	8
809	8
810	8
811	10
812	1
813	10
814	10
815	10
816	1
817	10
818	1
819	1
820	1
821	10
822	10
823	10
824	10
825	1
826	10
827	1
828	1
829	10
830	10
831	10
832	10
833	10
834	10
835	10
836	10
837	10
838	10
839	10
840	10
841	10
842	10
843	10
844	10
845	10
846	10
847	1
848	1
849	1
850	1
851	1
852	10
853	10
854	10
855	10
856	1
857	1
858	12
859	12
860	12
861	12
862	12
863	12
864	12
865	12
866	12
867	12
868	12
869	12
870	12
871	10
872	10
873	10
874	10
875	10
876	10
877	10
878	10
879	10
880	1
881	10
882	10
883	10
884	10
885	10
886	10
887	10
888	10
889	10
890	10
891	1
892	1
893	10
894	10
895	10
896	10
897	10
898	10
899	1
900	1
901	1
902	10
903	10
904	10
905	10
906	1
907	1
908	10
909	1
910	1
911	1
912	1
913	1
914	10
915	10
916	1
917	10
918	10
919	1
920	1
921	1
922	1
923	1
924	1
925	10
926	10
927	10
928	10
929	10
930	10
931	10
932	1
933	1
934	1
935	10
936	10
937	10
938	10
939	1
940	1
941	1
942	10
943	1
944	1
945	1
946	10
947	10
948	10
949	10
950	1
951	1
952	1
953	1
954	1
955	1
956	1
957	10
958	10
959	10
960	1
961	1
962	10
963	10
964	10
965	10
966	1
967	1
968	1
969	10
970	1
971	10
972	10
973	10
974	1
975	10
976	10
977	10
978	1
979	1
980	1
981	1
982	10
983	10
984	10
985	8
986	8
987	8
988	8
989	8
990	8
991	8
992	8
993	8
994	8
995	8
996	8
997	8
998	8
999	8
1000	8
1001	8
1002	8
1003	8
1004	8
1005	8
1006	8
1007	10
1008	10
1009	8
1010	10
1011	10
1012	10
1013	10
1014	10
1015	10
1016	10
1017	10
1018	10
1019	10
1020	10
1021	10
1022	10
1023	10
1024	10
1025	10
1026	10
1027	10
1028	10
1029	10
1030	10
1031	10
1032	10
1033	10
1034	10
1035	10
1036	5
1037	5
1038	10
1039	10
1040	10
1041	10
1042	10
1043	10
1044	10
1045	10
1046	5
1047	5
1048	10
1049	10
1050	5
1051	10
1052	10
1053	5
1054	10
1055	5
1056	5
1057	10
1058	10
1059	10
1060	10
1061	10
1062	10
1063	5
1064	5
1065	5
1066	5
1067	5
1068	10
1069	10
1070	10
1071	10
1072	10
1073	5
1074	5
1075	12
1076	12
1077	12
1078	12
1079	12
1080	12
1081	12
1082	12
1083	12
1084	12
1085	12
1086	12
1087	2
1088	2
1089	2
1090	2
1091	2
1092	2
1093	2
1094	11
1095	11
1096	11
1097	11
1098	11
1099	11
1100	11
1101	11
1102	11
1103	11
1104	11
1105	11
1106	11
1107	1
1108	1
1109	1
1110	1
1111	1
1112	1
1113	1
1114	1
1115	1
1116	1
1117	1
1118	1
1119	1
1120	1
1121	1
1122	1
1123	1
1124	1
1125	1
1126	1
1127	1
1128	1
1129	1
1130	1
1131	1
1132	1
1133	1
1134	1
1135	1
1136	1
1137	1
1138	1
1139	1
1140	1
1141	1
1142	1
1143	1
1144	1
1145	1
1146	1
1147	1
1148	1
1149	1
1150	1
1151	1
1152	1
1153	1
1154	9
1155	9
1156	9
1157	9
1158	9
1159	9
1160	9
1161	9
1162	9
1163	9
1164	9
1165	9
1166	9
1167	9
1168	9
1169	10
1170	10
1171	10
1172	10
1173	10
1174	10
1175	10
1176	10
1177	10
1178	10
1179	10
1180	10
1181	10
1182	10
1183	10
1184	10
1185	10
1186	10
1187	10
1188	10
1189	10
1190	10
1191	10
1192	10
1193	10
1194	10
1195	10
1196	10
1197	10
1198	10
1199	10
1200	7
1201	1
1202	7
1203	1
1204	1
1205	1
1206	1
1207	1
1208	7
1209	1
1210	1
1211	7
1212	7
1213	7
1214	1
1215	7
1216	1
1217	1
1218	1
1219	1
1220	1
1221	7
1222	1
1223	1
1224	1
1225	1
1226	1
1227	1
1228	1
1229	1
1230	1
1231	7
1232	1
1233	1
1234	7
1235	1
1236	1
1237	1
1238	1
1239	1
1240	2
1241	2
1242	2
1243	2
1244	2
1245	2
1246	2
1247	2
1248	2
1249	2
1250	2
1251	2
1252	2
1253	6
1254	6
1255	6
1256	6
1257	6
1258	2
1259	2
1260	2
1261	2
1262	2
1263	2
1264	6
1265	6
1266	6
1267	6
1268	6
1269	6
1270	6
1271	6
1272	6
1273	6
1274	6
1275	6
1276	6
1277	6
1278	9
1279	9
1280	9
1281	2
1282	2
1283	2
1284	6
1285	6
1286	6
1287	6
1288	9
1289	9
1290	9
1291	9
1292	9
1293	9
1294	9
1295	9
1296	9
1297	9
1298	9
1299	9
1300	9
1301	9
1302	9
1303	12
1304	12
1305	12
1306	12
1307	12
1308	12
1309	12
1310	12
1311	12
1312	12
1313	12
1314	1
1315	1
1316	1
1317	1
1318	1
1319	1
1320	1
1321	1
1322	1
1323	1
1324	1
1325	1
1326	1
1327	1
1328	1
1329	1
1330	1
1331	1
1332	1
1333	1
1334	1
1335	1
1336	1
1337	1
1338	1
1339	1
1340	1
1341	1
1342	1
1343	1
1344	1
1345	1
1346	12
1347	12
1348	12
1349	12
1350	12
1351	12
1352	12
1353	12
1354	12
1355	12
1356	12
1357	12
1358	12
1359	12
1360	12
1361	12
1362	12
1363	1
1364	1
1365	1
1366	1
1367	1
1368	1
1369	1
1370	1
1371	1
1372	1
1373	1
1374	1
1375	1
1376	1
1377	1
1378	1
1379	1
1380	1
1381	9
1382	9
1383	9
1384	9
1385	9
1386	9
1387	9
1388	9
1389	9
1390	9
1391	9
1392	9
1393	9
1394	9
1395	9
1396	9
1397	6
1398	12
1399	6
1400	6
1401	6
1402	6
1403	6
1404	6
1405	6
1406	6
1407	6
1408	6
1409	6
1410	6
1411	6
1412	6
1413	6
1414	6
1415	6
1416	6
1417	6
1418	6
1419	6
1420	6
1421	6
1422	6
1423	6
1424	6
1425	6
1426	6
1427	6
1428	7
1429	7
1430	7
1431	7
1432	7
1433	7
1434	7
1435	7
1436	7
1437	7
1438	7
1439	7
1440	7
1441	5
1442	5
1443	5
1444	5
1445	5
1446	5
1447	5
1448	5
1449	5
1450	5
1451	5
1452	5
1453	5
1454	5
1455	7
1456	7
1457	7
1458	7
1459	7
1460	7
1461	7
1462	7
1463	7
1464	3
1465	11
1466	11
1467	11
1468	11
1469	11
1470	11
1471	11
1472	11
1473	11
1474	11
1475	11
1476	11
1477	11
1478	11
1479	11
1480	11
1481	11
1482	11
1483	11
1484	11
1485	11
1486	11
1487	11
1488	11
1489	5
1490	5
1491	5
1492	5
1493	5
1494	5
1495	5
1496	5
1497	5
1498	5
1499	5
1500	5
1501	6
1502	6
1503	6
1504	6
1505	6
1506	6
1507	6
1508	6
1509	6
1510	6
1511	6
1512	6
1513	6
1514	6
1515	6
1516	6
1517	6
1518	6
1519	6
1520	6
1521	6
1522	6
1523	6
1524	6
1525	6
1526	6
1527	6
1528	6
1529	8
1530	8
1531	8
1532	8
1533	8
1534	8
1535	8
1536	8
1537	8
1538	8
1539	8
1540	8
1541	8
1542	8
1543	8
1544	8
1545	8
1546	8
1547	8
1548	8
1549	8
1550	8
1551	8
1552	7
1553	7
1554	7
1555	7
1556	7
1557	7
1558	7
1559	7
1560	7
1561	7
1562	7
1563	7
1564	7
1565	7
1566	7
1567	7
1568	7
1569	7
1570	7
1571	7
1572	7
1573	7
1574	7
1575	7
1576	5
1577	5
1578	5
1579	5
1580	5
1581	5
1582	5
1583	5
1584	5
1585	5
1586	5
1587	5
1588	5
1589	5
1590	5
1591	5
1592	5
1593	12
1594	12
1595	12
1596	12
1597	12
1598	12
1599	12
1600	12
1601	12
1602	7
1603	7
1604	7
1605	7
1606	7
1607	7
1608	7
1609	7
1610	7
1611	7
1612	7
1613	7
1614	7
1615	7
1616	7
1617	7
1618	11
1619	11
1620	11
1621	11
1622	11
1623	11
1624	11
1625	11
1626	11
1627	11
1628	11
1629	5
1630	5
1631	5
1632	5
1633	5
1634	5
1635	5
1636	5
1637	5
1638	5
1639	5
1640	5
1641	5
1642	5
1643	5
1644	11
1645	11
1646	11
1647	11
1648	11
1649	5
1650	5
1651	5
1652	5
1653	5
1654	5
1655	5
1656	5
1658	5
1659	5
1660	5
1661	5
1662	5
1663	5
1664	5
1665	5
1666	5
1667	5
1668	5
1669	5
1670	5
1671	5
1672	5
1673	11
1674	5
1675	5
1676	5
1677	11
1678	2
1679	2
1680	2
1681	2
1682	2
1683	2
1684	2
1685	6
1686	6
1687	6
1688	6
1689	6
1690	6
1691	6
1692	6
1693	6
1694	6
1695	6
1696	6
1697	6
1698	6
1699	6
1700	6
1701	6
1702	6
1703	3
1704	3
1705	5
1706	5
1707	5
1708	5
1709	6
1710	5
1711	5
1712	5
1713	11
1714	11
1715	11
1716	11
1717	11
1718	11
1719	11
1720	11
1721	11
1722	11
1723	11
1724	11
1725	5
1726	5
1727	5
1728	11
1729	6
1730	5
1731	5
1732	5
1733	5
1734	6
1735	5
1736	6
1737	6
1738	6
1739	6
1740	6
1741	5
1742	13
1743	13
1744	13
1745	13
1746	6
1747	13
1748	13
1749	13
1750	13
1751	13
1752	13
1753	6
1754	13
1755	6
1756	13
1757	11
1758	11
1759	11
1760	11
1761	6
1762	13
1763	13
1764	13
1765	13
1766	13
1767	13
1768	13
1769	13
1770	6
1771	13
1772	13
1773	6
1774	11
1775	11
1776	11
1777	11
1778	11
1779	11
1780	11
1781	11
1782	11
1783	11
1784	11
1785	11
1786	11
1787	13
1788	13
1789	13
1790	13
1791	13
1792	13
1793	13
1794	13
1795	11
1796	11
1797	11
1798	11
1799	13
1800	6
1801	6
1802	13
1803	13
1804	13
1805	13
1806	13
1807	13
1808	13
1809	3
1810	3
1811	3
1812	3
1813	3
1814	3
1815	3
1816	3
1817	3
1818	3
1819	3
1820	3
1821	3
1822	3
1823	3
1824	3
1825	3
1826	3
1827	3
1828	3
1829	3
1830	11
1831	11
1832	11
1833	11
1834	11
1835	3
1836	3
1837	11
1838	3
1839	3
1840	1
1841	1
1842	1
1843	1
1844	1
1845	3
1846	3
1847	3
1848	3
1849	3
1850	3
1851	3
1852	3
1853	3
1854	3
1855	3
1856	3
1857	11
1858	11
1859	11
1860	11
1861	11
1862	11
1863	3
1864	7
1865	7
1866	7
1867	3
1868	3
1869	3
1870	3
1871	3
1872	2
1873	2
1874	2
1875	2
1876	2
1877	2
1878	2
1879	2
1880	2
1881	2
1882	2
1883	2
1884	2
1885	2
1886	2
1887	2
1888	2
1889	2
1890	2
1891	2
1892	2
1893	2
1894	2
1895	12
1896	12
1897	12
1898	9
1899	9
1900	9
1901	9
1902	9
1903	9
1904	12
1905	12
1906	12
1907	12
1908	12
1909	12
1910	12
1911	12
1912	12
1913	12
1914	12
1915	12
1916	9
1917	9
1918	9
1919	9
1920	9
1921	9
1922	9
1923	9
1924	12
1925	12
1926	12
1927	12
1928	12
1929	12
1930	12
1931	12
1932	12
1933	12
1934	12
1935	12
1936	12
1937	12
1938	12
1939	12
1940	12
1941	12
1942	12
1943	12
1944	12
1945	12
1946	12
1947	12
1948	12
1949	12
1950	12
1951	12
1952	12
1953	12
1954	12
1955	12
1956	12
1957	12
1958	12
1959	12
1960	12
1961	12
1962	12
1963	12
1964	12
1965	12
1966	12
1967	12
1968	12
1969	12
1970	12
1971	12
1972	12
1973	12
1974	12
1975	12
1976	7
1977	7
1978	7
1979	7
1980	7
1981	7
1982	7
1983	7
1984	7
1985	7
1986	7
1987	7
1988	7
1989	7
1990	7
1991	7
1992	7
1993	7
1994	7
1995	7
1996	7
1997	7
1998	7
1999	7
2000	7
2001	7
2002	7
2003	7
2004	7
2005	7
2006	7
2007	7
2008	7
2009	7
2010	7
2011	7
2012	7
2013	7
2014	7
2015	7
2016	7
2017	2
2018	2
2019	2
2020	2
2021	2
2022	2
2023	2
2024	8
2025	2
2026	2
2027	2
2028	2
2029	2
2030	8
2031	8
2032	8
2033	8
2034	8
2035	8
2036	8
2037	8
2038	11
2039	11
2040	11
2041	11
2042	11
2043	2
2044	2
2045	2
2046	8
2047	8
2048	11
2049	11
2050	2
2051	8
2052	8
2053	8
2054	8
2055	8
2056	8
2057	8
2058	7
2059	7
2060	7
2061	7
2062	7
2063	7
2064	7
2065	7
2066	7
2067	7
2068	2
2069	2
2070	2
2071	2
2072	2
2073	2
2074	2
2075	2
2076	2
2077	2
2078	2
2079	2
2080	2
2081	2
2082	2
2083	2
2084	2
2085	2
2086	2
2087	2
2088	2
2089	5
2090	5
2091	5
2092	5
2093	5
2094	5
2095	5
2096	6
2097	6
2098	6
2099	6
2100	6
2101	6
2102	6
2103	6
2104	6
2105	6
2106	6
2107	6
2108	6
2109	6
2110	6
2111	6
2112	6
2113	13
2114	13
2115	13
2116	3
2117	13
2118	3
2119	13
2120	3
2121	3
2122	3
2123	13
2124	2
2125	3
2126	3
2127	13
2128	13
2129	13
2130	3
2131	13
2132	13
2133	3
2134	13
2135	13
2136	13
2137	13
2138	3
2139	3
2140	3
2141	13
2142	13
2143	13
2144	13
2145	3
2146	13
2147	13
2148	3
2149	3
2150	3
2151	3
2152	13
2153	3
2154	13
2155	13
2156	13
2157	13
2158	3
2159	13
2160	13
2161	13
2162	3
2163	3
2164	3
2165	3
2166	13
2167	3
2168	3
2169	13
2170	13
2171	13
2172	13
2173	13
2174	13
2175	13
2176	13
2177	3
2178	3
2179	3
2180	3
2181	3
2182	13
2183	13
2184	13
2185	13
2186	13
2187	13
2188	13
2189	3
2190	3
2191	13
2192	13
2193	13
2194	13
2195	13
2196	3
2197	13
2198	13
2199	13
2200	13
2201	13
2202	13
2203	13
2204	3
2205	3
2206	3
2207	3
2208	3
2209	13
2210	3
2211	13
2212	13
2213	3
2214	13
2215	13
2216	13
2217	13
2218	13
2219	13
2220	13
2221	13
2222	13
2223	13
2224	3
2225	13
2226	13
2227	13
2228	13
2229	13
2230	3
2231	3
2232	13
2233	3
2234	3
2235	13
2236	13
2237	13
2238	13
2239	13
2240	13
2241	13
2242	13
2243	13
2244	13
2245	13
2246	3
2247	3
2248	3
2249	13
2250	13
2251	13
2252	13
2253	13
2254	13
2255	13
2256	3
2257	13
2258	3
2259	3
2260	3
2261	3
2262	13
2263	13
2264	13
2265	3
2266	13
2267	13
2268	13
2269	13
2270	13
2271	13
2272	13
2273	13
2274	13
2275	13
2276	3
2277	3
2278	13
2279	13
2280	13
2281	13
2282	3
2283	3
2284	2
2285	2
2286	13
2287	13
2288	13
2289	13
2290	13
2291	13
2292	13
2293	13
2294	3
2295	3
2296	3
2297	13
2298	13
2299	13
2300	13
2301	13
2302	13
2303	3
2304	3
2305	13
2306	13
2307	13
2308	13
2309	2
2310	2
2311	2
2312	10
2313	10
2314	10
2315	10
2316	10
2317	10
2318	10
2319	10
2320	10
2321	10
2322	10
2323	10
2324	10
2325	10
2326	10
2327	10
2328	10
2329	10
2330	12
2331	12
2332	12
2333	12
2334	12
2335	12
2336	12
2337	12
2338	12
2339	12
2340	12
2341	12
2342	12
2343	12
2344	12
2345	12
2346	10
2347	10
2348	10
2349	10
2350	5
2351	10
2352	5
2353	5
2354	10
2355	10
2356	10
2357	5
2358	5
2359	5
2360	5
2361	5
2362	10
2363	10
2364	10
2365	10
2366	3
2367	3
2368	3
2369	3
2370	3
2371	3
2372	3
2373	3
2374	3
2375	3
2376	3
2377	3
2378	3
2379	3
2380	3
2381	3
2382	3
2383	3
2384	3
2385	3
2386	3
2387	3
2388	3
2389	3
2390	3
2391	3
2392	3
2393	3
2394	3
2395	3
2396	3
2397	3
2398	3
2399	3
2400	3
2401	3
2402	3
2403	3
2404	3
2405	3
2406	3
2407	3
2408	3
2409	3
2410	3
2411	3
2412	3
2413	3
2414	3
2415	4
2416	4
2417	4
2418	4
2419	9
2420	9
2421	4
2422	4
2423	4
2424	4
2425	4
2426	4
2427	9
2428	4
2429	9
2430	9
2431	4
2432	4
2433	4
2434	4
2435	4
2436	4
2437	4
2438	9
2439	9
2440	4
2441	4
2442	4
2443	4
2444	4
2445	4
2446	4
2447	4
2448	4
2449	4
2450	4
2451	4
2452	4
2453	4
2454	4
2455	4
2456	4
2457	4
2458	4
2459	4
2460	4
2461	4
2462	4
2463	4
2464	4
2465	4
2466	4
2467	4
2468	4
2469	4
2470	4
2471	4
2472	4
2473	4
2474	4
2475	4
2476	4
2477	4
2478	4
2479	4
2480	4
2481	4
2482	4
2483	4
2484	4
2485	4
2486	4
2487	4
2488	4
2489	4
2490	4
2491	4
2492	4
2493	4
2494	4
2495	4
2496	9
2497	9
2498	9
2499	9
2500	4
2501	4
2502	4
2503	4
2504	9
2505	9
2506	9
2507	4
2508	9
2509	9
2510	9
2511	9
2512	9
2513	9
2514	9
2515	4
2516	4
2517	4
2518	4
2519	4
2520	4
2521	4
2522	4
2523	9
2524	4
2525	9
2526	4
2527	4
2528	4
2529	9
2530	9
2531	9
2532	9
2533	4
2534	9
2535	9
2536	9
2537	4
2538	9
2539	4
2540	4
2541	4
2542	9
2543	4
2544	4
2545	4
2546	4
2547	4
2548	4
2549	4
2550	4
2551	4
2552	4
2553	4
2554	4
2555	4
2556	4
2557	4
2558	9
2559	9
2560	9
2561	9
2562	9
2563	9
2564	4
2565	9
2566	4
2567	4
2568	9
2569	9
2570	9
2571	9
2572	9
2573	4
2574	9
2575	4
2576	4
2577	4
2578	4
2579	4
2580	4
2581	9
2582	4
2583	4
2584	4
2585	4
2586	4
2587	4
2588	4
2589	4
2590	4
2591	9
2592	9
2593	9
2594	4
2595	4
2596	4
2597	4
2598	4
2599	4
2600	4
2601	4
2602	4
2603	4
2604	9
2605	4
2606	2
2607	2
2608	2
2609	2
2610	2
2611	2
2612	2
2613	2
2614	2
2615	2
2616	2
2617	2
2618	2
2619	2
2620	2
2621	2
2622	2
2623	2
2624	2
2625	2
2626	2
2627	2
2628	2
2629	2
2630	2
2631	2
2632	2
2633	2
2634	2
2635	2
2636	2
2637	2
2638	2
2639	2
2640	7
2641	7
2642	7
2643	7
2644	7
2645	8
2646	8
2647	8
2648	8
2649	7
2650	7
2651	8
2652	8
2653	8
2654	8
2655	8
2656	7
2657	8
2658	8
2659	7
2660	7
2661	8
2662	8
2663	7
2664	8
2665	7
2666	8
2667	8
2668	7
2669	7
2670	8
2671	7
2672	7
2673	7
2674	8
2675	8
2676	8
2677	8
2678	8
2679	7
2680	7
2681	7
2682	7
2683	7
2684	7
2685	7
2686	7
2687	7
2688	12
2689	12
2690	12
2691	12
315	5
1657	5
