0	2
1	2
2	2
3	2
4	2
5	2
6	2
7	5
8	5
9	5
10	5
11	5
12	5
13	5
14	5
15	5
16	5
17	5
18	4
19	4
20	4
21	10
22	10
23	10
24	10
25	10
26	10
27	10
28	10
29	4
30	4
31	4
32	4
33	4
34	4
35	4
36	4
37	4
38	4
39	4
40	4
41	4
42	4
43	4
44	4
45	4
46	4
47	4
48	4
49	3
50	3
51	4
52	4
53	1
54	1
55	1
56	1
57	1
58	4
59	3
60	3
61	3
62	3
63	4
64	3
65	1
66	1
67	1
68	1
69	1
70	1
71	10
72	10
73	10
74	10
75	4
76	4
77	4
78	4
79	3
80	3
81	3
82	4
83	12
84	12
85	12
86	13
87	13
88	13
89	12
90	12
91	12
92	12
93	12
94	12
95	13
96	5
97	5
98	5
99	5
100	5
101	5
102	5
103	5
104	5
105	5
106	5
107	5
108	5
109	5
110	5
111	5
112	5
113	5
114	5
115	5
116	5
117	5
118	5
119	5
120	5
121	5
122	5
123	5
124	5
125	5
126	5
127	5
128	5
129	13
130	13
131	13
132	13
133	13
134	13
135	13
136	13
137	13
138	13
139	13
140	13
141	13
142	13
143	13
144	13
145	13
146	13
147	13
148	13
149	13
150	13
151	13
152	13
153	13
154	13
155	13
156	13
157	13
158	13
159	13
160	13
161	13
162	13
163	13
164	13
165	13
166	12
167	12
168	12
169	12
170	12
171	12
172	12
173	12
174	12
175	12
176	12
177	12
178	12
179	12
180	12
181	12
182	12
183	2
184	2
185	2
186	2
187	2
188	2
189	2
190	2
191	2
192	2
193	2
194	2
195	2
196	2
197	2
198	2
199	2
200	2
201	2
202	2
203	2
204	2
205	2
206	2
207	2
208	10
209	10
210	10
211	10
212	10
213	10
214	10
215	10
216	10
217	10
218	10
219	10
220	10
221	10
222	10
223	10
224	10
225	10
226	10
227	10
228	10
229	10
230	10
231	10
232	10
233	10
234	10
235	10
236	10
237	10
238	10
239	10
240	10
241	10
242	10
243	10
244	10
245	10
246	10
247	10
248	2
249	2
250	2
251	2
252	2
253	2
254	2
255	2
256	2
257	2
258	2
259	2
260	2
261	11
262	11
263	11
264	11
265	11
266	11
267	11
268	11
269	11
270	11
271	11
272	11
273	11
274	11
275	11
276	11
277	11
278	11
279	11
280	11
281	11
282	11
283	11
284	11
285	11
286	11
287	11
288	11
289	11
290	11
291	11
292	11
293	11
294	11
295	11
296	11
297	11
298	11
299	11
300	11
301	11
302	2
303	2
304	2
305	2
306	1
307	1
308	1
309	1
310	1
311	1
312	1
313	1
314	1
316	4
317	4
318	4
319	4
320	4
321	4
322	4
323	4
324	4
325	4
326	4
327	4
328	4
329	4
330	4
331	1
332	1
333	1
334	1
335	1
336	1
337	4
338	4
339	4
340	1
341	1
342	1
343	1
344	1
345	1
346	1
347	1
348	1
349	1
350	1
351	1
352	1
353	1
354	1
355	1
356	13
357	13
358	13
359	13
360	13
361	13
362	13
363	13
364	13
365	13
366	13
367	13
368	13
369	1
370	1
371	1
372	1
373	1
374	1
375	1
376	1
377	1
378	1
379	1
380	1
381	1
382	1
383	1
384	1
385	1
386	1
387	1
388	1
389	4
390	4
391	4
392	4
393	4
394	1
395	1
396	1
397	1
398	4
399	4
400	4
401	4
402	4
403	10
404	10
405	10
406	10
407	13
408	13
409	3
410	3
411	3
412	3
413	3
414	3
415	3
416	3
417	3
418	3
419	3
420	3
421	3
422	3
423	3
424	3
425	12
426	12
427	12
428	12
429	12
430	12
431	12
432	12
433	3
434	3
435	3
436	3
437	3
438	3
439	3
440	3
441	3
442	3
443	3
444	3
445	3
446	12
447	12
448	12
449	12
450	12
451	3
452	3
453	3
454	12
455	12
456	12
457	3
458	3
459	3
460	3
461	3
462	3
463	12
464	12
465	12
466	12
467	12
468	12
469	12
470	12
471	12
472	12
473	3
474	3
475	11
476	11
477	11
478	11
479	11
480	11
481	11
482	11
483	11
484	10
485	10
486	11
487	11
488	11
489	11
490	11
491	11
492	11
493	11
494	11
495	11
496	11
497	11
498	10
499	11
500	11
501	11
502	10
503	11
504	11
505	11
506	13
507	10
508	10
509	10
510	10
511	10
512	10
513	10
514	10
515	10
516	10
517	10
518	10
519	10
520	10
521	10
522	7
523	7
524	7
525	7
526	2
527	2
528	7
529	7
530	7
531	7
532	7
533	7
534	7
535	7
536	7
537	7
538	2
539	2
540	2
541	2
542	2
543	2
544	2
545	2
546	2
547	2
548	2
549	2
550	2
551	2
552	2
553	2
554	2
555	2
556	2
557	2
558	2
559	10
560	10
561	10
562	10
563	10
564	10
565	2
566	2
567	2
568	2
569	2
570	7
571	7
572	7
573	7
574	7
575	7
576	7
577	7
578	7
579	7
580	7
581	2
582	2
583	2
584	2
585	2
586	2
587	10
588	10
589	10
590	10
591	10
592	10
593	10
594	10
595	10
596	11
597	10
598	10
599	10
600	10
601	10
602	10
603	2
604	2
605	2
606	2
607	2
608	2
609	2
610	2
611	2
612	2
613	2
614	2
615	2
616	2
617	10
618	10
619	10
620	10
621	10
622	10
623	11
624	11
625	10
626	10
627	11
628	10
629	10
630	10
631	10
632	10
633	10
634	11
635	10
636	10
637	10
638	10
639	2
640	2
641	2
642	2
643	2
644	2
645	2
646	2
647	2
648	2
649	2
650	2
651	2
652	2
653	2
654	2
655	2
656	2
657	11
658	12
659	11
660	11
661	3
662	3
663	3
664	3
665	3
666	3
667	3
668	3
669	3
670	13
671	13
672	13
673	13
674	13
675	13
676	13
677	13
678	13
679	13
680	3
681	3
682	3
683	3
684	3
685	3
686	3
687	3
688	3
689	3
690	3
691	3
692	3
693	3
694	3
695	3
696	3
697	13
698	13
699	13
700	13
701	13
702	13
703	13
704	13
705	13
706	13
707	13
708	13
709	13
710	13
711	13
712	13
713	13
714	3
715	3
716	10
717	10
718	13
719	13
720	13
721	10
722	10
723	10
724	10
725	10
726	10
727	10
728	10
729	10
730	10
731	10
732	4
733	4
734	4
735	4
736	4
737	11
738	12
739	12
740	11
741	12
742	12
743	11
744	11
745	4
746	4
747	4
748	4
749	4
750	4
751	4
752	4
753	4
754	4
755	4
756	4
757	4
758	4
759	4
760	4
761	4
762	4
763	4
764	4
765	4
766	11
767	12
768	12
769	12
770	4
771	4
772	12
773	12
774	12
775	12
776	11
777	11
778	11
779	12
780	11
781	12
782	11
783	12
784	12
785	10
786	12
787	11
788	11
789	11
790	11
791	10
792	10
793	10
794	10
795	10
796	10
797	10
798	10
799	10
800	10
801	11
802	11
803	11
804	11
805	10
806	10
807	10
808	11
809	11
810	12
811	6
812	7
813	6
814	6
815	6
816	6
817	6
818	6
819	7
820	6
821	6
822	6
823	6
824	6
825	6
826	6
827	7
828	7
829	6
830	6
831	6
832	6
833	6
834	6
835	6
836	6
837	6
838	6
839	6
840	6
841	6
842	6
843	6
844	6
845	6
846	6
847	6
848	7
849	7
850	7
851	7
852	6
853	6
854	6
855	6
856	6
857	7
858	2
859	2
860	2
861	2
862	2
863	2
864	2
865	2
866	2
867	2
868	2
869	2
870	2
871	6
872	6
873	6
874	6
875	6
876	6
877	6
878	6
879	6
880	7
881	6
882	6
883	6
884	6
885	6
886	6
887	6
888	6
889	6
890	6
891	7
892	7
893	6
894	6
895	6
896	6
897	6
898	7
899	7
900	7
901	7
902	6
903	6
904	6
905	6
906	6
907	6
908	7
909	6
910	7
911	7
912	7
913	7
914	6
915	6
916	6
917	6
918	6
919	6
920	7
921	7
922	7
923	7
924	7
925	6
926	6
927	6
928	6
929	6
930	6
931	6
932	7
933	7
934	7
935	6
936	6
937	6
938	6
939	7
940	7
941	6
942	6
943	7
944	7
945	7
946	6
947	6
948	6
949	6
950	7
951	7
952	7
953	7
954	7
955	7
956	7
957	6
958	6
959	6
960	7
961	7
962	6
963	6
964	6
965	6
966	7
967	7
968	7
969	6
970	6
971	6
972	6
973	6
974	7
975	6
976	6
977	6
978	7
979	7
980	7
981	7
982	5
983	6
984	5
985	12
986	12
987	12
988	12
989	12
990	13
991	12
992	12
993	12
994	13
995	12
996	13
997	12
998	12
999	13
1000	12
1001	12
1002	12
1003	13
1004	13
1005	13
1006	12
1007	5
1008	5
1009	13
1010	5
1011	6
1012	5
1013	5
1014	5
1015	5
1016	5
1017	5
1018	5
1019	6
1020	5
1021	5
1022	5
1023	5
1024	5
1025	5
1026	5
1027	5
1028	6
1029	6
1030	6
1031	6
1032	5
1033	6
1034	5
1035	5
1036	5
1037	5
1038	5
1039	5
1040	5
1041	5
1042	5
1043	5
1044	6
1045	6
1046	5
1047	5
1048	5
1049	6
1050	5
1051	5
1052	5
1053	5
1054	5
1055	5
1056	5
1057	5
1058	5
1059	6
1060	5
1061	5
1062	6
1063	5
1064	5
1065	5
1066	5
1067	5
1068	5
1069	5
1070	5
1071	6
1072	6
1073	6
1074	6
1075	3
1076	3
1077	3
1078	3
1079	3
1080	3
1081	3
1082	3
1083	3
1084	3
1085	3
1086	3
1087	11
1088	11
1089	11
1090	11
1091	11
1092	11
1093	11
1094	10
1095	10
1096	10
1097	10
1098	10
1099	10
1100	10
1101	10
1102	10
1103	10
1104	10
1105	10
1106	10
1107	7
1108	7
1109	7
1110	7
1111	7
1112	7
1113	7
1114	6
1115	7
1116	6
1117	7
1118	6
1119	7
1120	7
1121	7
1122	6
1123	7
1124	6
1125	6
1126	7
1127	7
1128	7
1129	7
1130	7
1131	6
1132	6
1133	6
1134	7
1135	7
1136	6
1137	6
1138	7
1139	6
1140	7
1141	7
1142	7
1143	7
1144	7
1145	7
1146	6
1147	6
1148	7
1149	7
1150	7
1151	7
1152	7
1153	6
1154	1
1155	1
1156	1
1157	1
1158	1
1159	1
1160	1
1161	1
1162	1
1163	1
1164	1
1165	1
1166	1
1167	1
1168	1
1169	5
1170	5
1171	5
1172	6
1173	5
1174	5
1175	5
1176	5
1177	6
1178	6
1179	6
1180	5
1181	6
1182	6
1183	5
1184	5
1185	5
1186	5
1187	5
1188	5
1189	5
1190	5
1191	5
1192	5
1193	5
1194	5
1195	5
1196	5
1197	6
1198	5
1199	6
1200	7
1201	7
1202	7
1203	7
1204	7
1205	7
1206	7
1207	7
1208	7
1209	7
1210	7
1211	7
1212	7
1213	7
1214	7
1215	7
1216	7
1217	7
1218	7
1219	7
1220	7
1221	7
1222	7
1223	7
1224	7
1225	7
1226	7
1227	7
1228	7
1229	7
1230	7
1231	7
1232	7
1233	7
1234	7
1235	7
1236	7
1237	7
1238	7
1239	7
1240	11
1241	11
1242	10
1243	10
1244	10
1245	11
1246	10
1247	10
1248	10
1249	10
1250	10
1251	10
1252	10
1253	4
1254	4
1255	4
1256	4
1257	4
1258	10
1259	10
1260	10
1261	10
1262	10
1263	11
1264	4
1265	4
1266	3
1267	4
1268	4
1269	3
1270	4
1271	3
1272	3
1273	3
1274	4
1275	3
1276	4
1277	4
1278	1
1279	13
1280	13
1281	10
1282	11
1283	11
1284	4
1285	4
1286	4
1287	3
1288	1
1289	1
1290	1
1291	13
1292	13
1293	13
1294	1
1295	13
1296	13
1297	13
1298	13
1299	1
1300	13
1301	13
1302	1
1303	3
1304	3
1305	3
1306	3
1307	3
1308	3
1309	3
1310	3
1311	3
1312	3
1313	3
1314	6
1315	6
1316	6
1317	6
1318	6
1319	6
1320	6
1321	6
1322	6
1323	6
1324	6
1325	6
1326	6
1327	7
1328	6
1329	6
1330	6
1331	7
1332	7
1333	6
1334	6
1335	6
1336	6
1337	7
1338	6
1339	6
1340	6
1341	6
1342	6
1343	6
1344	7
1345	6
1346	3
1347	3
1348	3
1349	3
1350	3
1351	3
1352	3
1353	3
1354	3
1355	3
1356	3
1357	3
1358	3
1359	3
1360	3
1361	3
1362	3
1363	8
1364	8
1365	8
1366	8
1367	8
1368	8
1369	8
1370	8
1371	8
1372	8
1373	8
1374	8
1375	8
1376	8
1377	8
1378	8
1379	8
1380	8
1381	1
1382	1
1383	10
1384	1
1385	10
1386	1
1387	10
1388	10
1389	10
1390	1
1391	10
1392	10
1393	10
1394	10
1395	1
1396	1
1397	3
1398	3
1399	3
1400	3
1401	3
1402	3
1403	3
1404	3
1405	3
1406	3
1407	3
1408	3
1409	3
1410	3
1411	3
1412	3
1413	3
1414	3
1415	3
1416	3
1417	3
1418	3
1419	3
1420	3
1421	3
1422	3
1423	3
1424	3
1425	3
1426	3
1427	3
1428	7
1429	7
1430	7
1431	7
1432	7
1433	7
1434	7
1435	7
1436	7
1437	7
1438	7
1439	7
1440	7
1441	5
1442	5
1443	5
1444	5
1445	5
1446	5
1447	5
1448	5
1449	5
1450	5
1451	5
1452	5
1453	5
1454	5
1455	7
1456	7
1457	7
1458	7
1459	7
1460	7
1461	7
1462	7
1463	7
1464	7
1465	10
1466	10
1467	10
1468	10
1469	13
1470	10
1471	10
1472	13
1473	13
1474	10
1475	10
1476	10
1477	10
1478	10
1479	10
1480	10
1481	10
1482	10
1483	10
1484	10
1485	10
1486	10
1487	13
1488	10
1489	4
1490	4
1491	4
1492	4
1493	4
1494	4
1495	4
1496	4
1497	4
1498	4
1499	4
1500	4
1501	2
1502	2
1503	2
1504	2
1505	2
1506	2
1507	2
1508	2
1509	2
1510	2
1511	2
1512	2
1513	2
1514	2
1515	2
1516	2
1517	2
1518	2
1519	2
1520	2
1521	2
1522	2
1523	2
1524	2
1525	2
1526	2
1527	2
1528	2
1529	12
1530	12
1531	12
1532	12
1533	12
1534	12
1535	12
1536	12
1537	12
1538	12
1539	12
1540	12
1541	12
1542	12
1543	12
1544	12
1545	12
1546	12
1547	12
1548	12
1549	12
1550	12
1551	12
1552	13
1553	13
1554	13
1555	13
1556	13
1557	13
1558	13
1559	13
1560	13
1561	13
1562	13
1563	13
1564	13
1565	13
1566	13
1567	13
1568	13
1569	13
1570	13
1571	13
1572	13
1573	13
1574	13
1575	13
1576	4
1577	4
1578	4
1579	4
1580	4
1581	4
1582	4
1583	4
1584	4
1585	4
1586	4
1587	4
1588	4
1589	4
1590	4
1591	4
1592	4
1593	3
1594	3
1595	3
1596	3
1597	3
1598	3
1599	3
1600	3
1601	3
1602	7
1603	12
1604	7
1605	7
1606	7
1607	12
1608	7
1609	7
1610	7
1611	7
1612	7
1613	12
1614	12
1615	7
1616	7
1617	7
1618	10
1619	10
1620	10
1621	10
1622	10
1623	10
1624	10
1625	10
1626	10
1627	10
1628	10
1629	5
1630	5
1631	5
1632	5
1633	5
1634	5
1635	5
1636	5
1637	5
1638	5
1639	5
1640	5
1641	5
1642	5
1643	5
1644	10
1645	10
1646	10
1647	10
1648	10
1649	5
1650	5
1651	5
1652	5
1653	5
1654	5
1655	5
1656	5
1658	5
1659	5
1660	5
1661	5
1662	5
1663	5
1664	5
1665	5
1666	5
1667	5
1668	5
1669	5
1670	5
1671	5
1672	5
1673	10
1674	5
1675	5
1676	5
1677	10
1678	11
1679	11
1680	11
1681	11
1682	11
1683	11
1684	11
1685	4
1686	4
1687	4
1688	4
1689	4
1690	4
1691	4
1692	4
1693	4
1694	4
1695	4
1696	4
1697	4
1698	4
1699	4
1700	4
1701	3
1702	4
1703	9
1704	9
1705	4
1706	4
1707	4
1708	4
1709	3
1710	4
1711	4
1712	4
1713	10
1714	10
1715	10
1716	10
1717	10
1718	10
1719	10
1720	10
1721	10
1722	10
1723	10
1724	10
1725	4
1726	4
1727	4
1728	10
1729	4
1730	4
1731	4
1732	4
1733	4
1734	4
1735	4
1736	3
1737	3
1738	3
1739	3
1740	3
1741	4
1742	2
1743	2
1744	2
1745	2
1746	2
1747	2
1748	2
1749	2
1750	2
1751	2
1752	2
1753	2
1754	2
1755	2
1756	2
1757	10
1758	10
1759	10
1760	10
1761	2
1762	2
1763	2
1764	9
1765	2
1766	2
1767	9
1768	2
1769	2
1770	2
1771	2
1772	2
1773	2
1774	10
1775	10
1776	10
1777	10
1778	10
1779	10
1780	10
1781	10
1782	10
1783	10
1784	10
1785	10
1786	10
1787	2
1788	2
1789	2
1790	2
1791	2
1792	2
1793	2
1794	2
1795	10
1796	10
1797	10
1798	10
1799	2
1800	2
1801	2
1802	2
1803	2
1804	2
1805	2
1806	2
1807	2
1808	2
1809	5
1810	5
1811	5
1812	5
1813	5
1814	4
1815	5
1816	5
1817	4
1818	4
1819	5
1820	5
1821	5
1822	5
1823	5
1824	4
1825	5
1826	5
1827	5
1828	5
1829	5
1830	10
1831	10
1832	10
1833	10
1834	10
1835	4
1836	4
1837	10
1838	5
1839	5
1840	8
1841	8
1842	8
1843	8
1844	8
1845	5
1846	5
1847	5
1848	5
1849	4
1850	5
1851	5
1852	5
1853	5
1854	4
1855	5
1856	4
1857	10
1858	10
1859	10
1860	10
1861	10
1862	10
1863	5
1864	5
1865	5
1866	5
1867	5
1868	5
1869	5
1870	5
1871	5
1872	11
1873	11
1874	11
1875	11
1876	11
1877	11
1878	11
1879	11
1880	11
1881	11
1882	11
1883	11
1884	11
1885	11
1886	11
1887	11
1888	11
1889	11
1890	11
1891	11
1892	11
1893	11
1894	11
1895	3
1896	3
1897	3
1898	1
1899	1
1900	1
1901	1
1902	1
1903	1
1904	3
1905	3
1906	3
1907	3
1908	3
1909	2
1910	3
1911	3
1912	3
1913	3
1914	3
1915	3
1916	1
1917	1
1918	1
1919	1
1920	1
1921	1
1922	1
1923	1
1924	3
1925	3
1926	3
1927	3
1928	3
1929	3
1930	3
1931	3
1932	3
1933	3
1934	3
1935	3
1936	3
1937	3
1938	3
1939	3
1940	3
1941	3
1942	3
1943	3
1944	3
1945	3
1946	3
1947	3
1948	3
1949	3
1950	3
1951	3
1952	3
1953	3
1954	3
1955	3
1956	3
1957	3
1958	3
1959	3
1960	3
1961	3
1962	2
1963	3
1964	2
1965	3
1966	3
1967	3
1968	3
1969	3
1970	3
1971	3
1972	3
1973	3
1974	3
1975	3
1976	12
1977	12
1978	12
1979	12
1980	12
1981	12
1982	12
1983	12
1984	12
1985	12
1986	12
1987	12
1988	12
1989	12
1990	12
1991	12
1992	12
1993	12
1994	12
1995	12
1996	12
1997	12
1998	12
1999	12
2000	12
2001	12
2002	12
2003	12
2004	12
2005	12
2006	12
2007	12
2008	12
2009	12
2010	12
2011	12
2012	12
2013	12
2014	12
2015	12
2016	12
2017	11
2018	11
2019	11
2020	11
2021	11
2022	11
2023	11
2024	11
2025	11
2026	11
2027	11
2028	11
2029	11
2030	11
2031	12
2032	12
2033	11
2034	11
2035	11
2036	11
2037	11
2038	10
2039	10
2040	10
2041	10
2042	10
2043	11
2044	11
2045	11
2046	11
2047	11
2048	10
2049	10
2050	11
2051	11
2052	11
2053	11
2054	11
2055	11
2056	11
2057	11
2058	12
2059	12
2060	12
2061	12
2062	12
2063	12
2064	12
2065	12
2066	12
2067	12
2068	11
2069	11
2070	11
2071	10
2072	11
2073	10
2074	11
2075	11
2076	11
2077	10
2078	10
2079	11
2080	10
2081	11
2082	10
2083	11
2084	11
2085	11
2086	11
2087	11
2088	11
2089	4
2090	4
2091	4
2092	4
2093	4
2094	4
2095	4
2096	2
2097	2
2098	2
2099	2
2100	2
2101	2
2102	2
2103	2
2104	2
2105	2
2106	2
2107	2
2108	2
2109	2
2110	2
2111	2
2112	2
2113	9
2114	9
2115	9
2116	9
2117	9
2118	4
2119	4
2120	9
2121	9
2122	9
2123	4
2124	11
2125	9
2126	9
2127	9
2128	9
2129	9
2130	9
2131	9
2132	9
2133	4
2134	9
2135	9
2136	4
2137	4
2138	4
2139	9
2140	4
2141	9
2142	9
2143	4
2144	4
2145	9
2146	4
2147	4
2148	9
2149	4
2150	9
2151	9
2152	9
2153	9
2154	9
2155	9
2156	9
2157	9
2158	9
2159	9
2160	9
2161	9
2162	9
2163	9
2164	9
2165	9
2166	9
2167	9
2168	9
2169	9
2170	9
2171	9
2172	9
2173	9
2174	4
2175	4
2176	4
2177	4
2178	9
2179	9
2180	9
2181	9
2182	9
2183	9
2184	9
2185	9
2186	9
2187	9
2188	9
2189	9
2190	9
2191	9
2192	9
2193	9
2194	4
2195	9
2196	4
2197	4
2198	9
2199	4
2200	9
2201	4
2202	4
2203	9
2204	9
2205	9
2206	9
2207	9
2208	9
2209	9
2210	9
2211	9
2212	9
2213	9
2214	9
2215	4
2216	4
2217	9
2218	9
2219	9
2220	9
2221	9
2222	9
2223	4
2224	9
2225	9
2226	9
2227	9
2228	9
2229	9
2230	9
2231	9
2232	9
2233	4
2234	4
2235	9
2236	4
2237	4
2238	4
2239	9
2240	9
2241	9
2242	4
2243	4
2244	4
2245	4
2246	9
2247	9
2248	9
2249	9
2250	9
2251	9
2252	9
2253	4
2254	4
2255	4
2256	9
2257	9
2258	9
2259	9
2260	9
2261	9
2262	9
2263	9
2264	9
2265	9
2266	4
2267	9
2268	9
2269	4
2270	9
2271	9
2272	9
2273	9
2274	9
2275	9
2276	9
2277	4
2278	9
2279	9
2280	9
2281	9
2282	9
2283	4
2284	11
2285	11
2286	9
2287	9
2288	9
2289	9
2290	9
2291	9
2292	9
2293	9
2294	9
2295	9
2296	9
2297	9
2298	4
2299	4
2300	4
2301	9
2302	4
2303	9
2304	4
2305	9
2306	9
2307	9
2308	9
2309	11
2310	11
2311	11
2312	6
2313	6
2314	6
2315	6
2316	6
2317	6
2318	6
2319	6
2320	6
2321	6
2322	6
2323	6
2324	6
2325	6
2326	6
2327	6
2328	6
2329	6
2330	2
2331	2
2332	2
2333	2
2334	2
2335	2
2336	2
2337	2
2338	2
2339	2
2340	2
2341	2
2342	2
2343	2
2344	2
2345	2
2346	6
2347	6
2348	6
2349	6
2350	6
2351	6
2352	6
2353	6
2354	6
2355	6
2356	6
2357	6
2358	6
2359	6
2360	6
2361	6
2362	6
2363	6
2364	6
2365	6
2366	7
2367	4
2368	7
2369	4
2370	7
2371	7
2372	7
2373	7
2374	7
2375	7
2376	7
2377	7
2378	7
2379	7
2380	7
2381	7
2382	7
2383	7
2384	7
2385	7
2386	7
2387	7
2388	7
2389	7
2390	7
2391	7
2392	7
2393	7
2394	7
2395	7
2396	7
2397	7
2398	7
2399	7
2400	7
2401	7
2402	7
2403	7
2404	7
2405	7
2406	7
2407	7
2408	7
2409	7
2410	7
2411	7
2412	7
2413	7
2414	7
2415	1
2416	1
2417	1
2418	1
2419	8
2420	8
2421	8
2422	1
2423	1
2424	1
2425	1
2426	1
2427	8
2428	8
2429	8
2430	8
2431	8
2432	8
2433	1
2434	8
2435	1
2436	1
2437	1
2438	8
2439	8
2440	8
2441	8
2442	1
2443	1
2444	1
2445	8
2446	8
2447	8
2448	1
2449	8
2450	8
2451	8
2452	8
2453	8
2454	1
2455	1
2456	1
2457	1
2458	1
2459	1
2460	8
2461	8
2462	1
2463	8
2464	1
2465	8
2466	8
2467	1
2468	8
2469	8
2470	8
2471	8
2472	8
2473	8
2474	8
2475	1
2476	8
2477	1
2478	1
2479	8
2480	8
2481	1
2482	8
2483	1
2484	1
2485	8
2486	8
2487	8
2488	8
2489	8
2490	8
2491	8
2492	8
2493	8
2494	8
2495	8
2496	8
2497	8
2498	1
2499	1
2500	8
2501	8
2502	1
2503	1
2504	1
2505	1
2506	1
2507	1
2508	8
2509	8
2510	1
2511	1
2512	1
2513	8
2514	1
2515	8
2516	8
2517	8
2518	8
2519	8
2520	8
2521	8
2522	8
2523	8
2524	1
2525	8
2526	1
2527	8
2528	1
2529	8
2530	8
2531	8
2532	8
2533	8
2534	8
2535	8
2536	8
2537	8
2538	8
2539	8
2540	8
2541	8
2542	8
2543	1
2544	8
2545	8
2546	8
2547	1
2548	1
2549	1
2550	8
2551	8
2552	8
2553	8
2554	8
2555	8
2556	8
2557	8
2558	1
2559	1
2560	1
2561	1
2562	8
2563	8
2564	1
2565	8
2566	8
2567	8
2568	8
2569	8
2570	8
2571	1
2572	8
2573	1
2574	8
2575	8
2576	8
2577	8
2578	8
2579	8
2580	8
2581	8
2582	8
2583	8
2584	8
2585	1
2586	1
2587	8
2588	8
2589	8
2590	8
2591	8
2592	8
2593	8
2594	1
2595	1
2596	1
2597	1
2598	1
2599	1
2600	8
2601	8
2602	8
2603	8
2604	8
2605	8
2606	11
2607	11
2608	11
2609	11
2610	11
2611	11
2612	11
2613	11
2614	11
2615	11
2616	11
2617	11
2618	11
2619	11
2620	11
2621	11
2622	11
2623	11
2624	11
2625	11
2626	11
2627	11
2628	11
2629	11
2630	11
2631	11
2632	11
2633	11
2634	11
2635	11
2636	11
2637	11
2638	11
2639	11
2640	12
2641	12
2642	12
2643	12
2644	12
2645	13
2646	13
2647	13
2648	12
2649	12
2650	12
2651	12
2652	12
2653	12
2654	13
2655	13
2656	12
2657	12
2658	12
2659	12
2660	12
2661	13
2662	12
2663	12
2664	13
2665	13
2666	12
2667	13
2668	13
2669	13
2670	13
2671	12
2672	12
2673	13
2674	12
2675	12
2676	12
2677	13
2678	13
2679	13
2680	13
2681	13
2682	13
2683	12
2684	12
2685	12
2686	12
2687	12
2688	2
2689	2
2690	2
2691	2
315	4
1657	5
