0	1
1	1
2	1
3	1
4	1
5	1
6	1
7	13
8	13
9	13
10	13
11	8
12	13
13	13
14	13
15	13
16	8
17	8
18	9
19	9
20	13
21	2
22	2
23	2
24	2
25	2
26	2
27	2
28	2
29	5
30	5
31	5
32	5
33	5
34	5
35	5
36	5
37	5
38	5
39	5
40	5
41	5
42	5
43	5
44	5
45	5
46	5
47	5
48	5
49	5
50	5
51	5
52	5
53	12
54	12
55	12
56	12
57	12
58	5
59	5
60	5
61	5
62	5
63	5
64	5
65	12
66	12
67	12
68	12
69	12
70	12
71	2
72	2
73	2
74	2
75	5
76	5
77	5
78	5
79	5
80	5
81	5
82	5
83	7
84	7
85	7
86	7
87	7
88	7
89	7
90	7
91	7
92	7
93	7
94	7
95	7
96	8
97	13
98	8
99	8
100	13
101	13
102	13
103	13
104	13
105	13
106	13
107	13
108	13
109	13
110	13
111	8
112	8
113	8
114	13
115	13
116	13
117	8
118	13
119	8
120	13
121	8
122	8
123	13
124	8
125	8
126	8
127	13
128	8
129	11
130	11
131	11
132	11
133	11
134	11
135	11
136	11
137	11
138	11
139	11
140	11
141	11
142	11
143	11
144	11
145	11
146	11
147	11
148	11
149	11
150	11
151	11
152	11
153	11
154	11
155	11
156	11
157	11
158	11
159	11
160	11
161	11
162	11
163	11
164	11
165	11
166	7
167	7
168	7
169	7
170	7
171	11
172	7
173	7
174	11
175	7
176	7
177	7
178	7
179	7
180	7
181	11
182	11
183	5
184	5
185	5
186	5
187	5
188	5
189	5
190	5
191	5
192	5
193	5
194	5
195	5
196	5
197	5
198	5
199	5
200	5
201	5
202	5
203	5
204	5
205	5
206	5
207	5
208	2
209	2
210	2
211	2
212	2
213	2
214	2
215	2
216	2
217	2
218	2
219	2
220	2
221	2
222	2
223	2
224	2
225	2
226	2
227	2
228	2
229	2
230	2
231	2
232	2
233	2
234	2
235	2
236	2
237	2
238	2
239	2
240	2
241	2
242	2
243	2
244	2
245	2
246	2
247	2
248	5
249	5
250	5
251	5
252	5
253	5
254	5
255	5
256	5
257	5
258	5
259	5
260	5
261	6
262	6
263	6
264	6
265	6
266	6
267	6
268	6
269	6
270	6
271	6
272	6
273	6
274	6
275	6
276	6
277	6
278	6
279	6
280	6
281	6
282	6
283	6
284	6
285	6
286	6
287	6
288	6
289	6
290	6
291	6
292	6
293	6
294	6
295	6
296	6
297	6
298	6
299	6
300	6
301	6
302	5
303	5
304	5
305	5
306	12
307	12
308	12
309	8
310	12
311	12
312	12
313	12
314	12
316	9
317	9
318	9
319	9
320	9
321	9
322	9
323	9
324	9
325	9
326	9
327	9
328	9
329	9
330	9
331	12
332	12
333	12
334	12
335	12
336	12
337	9
338	9
339	9
340	12
341	12
342	12
343	12
344	12
345	12
346	12
347	12
348	12
349	12
350	12
351	12
352	12
353	8
354	12
355	12
356	11
357	11
358	8
359	11
360	11
361	8
362	11
363	11
364	11
365	8
366	11
367	8
368	8
369	8
370	12
371	12
372	12
373	12
374	12
375	12
376	12
377	12
378	12
379	12
380	12
381	12
382	12
383	12
384	12
385	12
386	12
387	12
388	12
389	9
390	9
391	9
392	9
393	9
394	12
395	12
396	12
397	12
398	9
399	9
400	9
401	9
402	9
403	2
404	2
405	2
406	2
407	2
408	2
409	9
410	9
411	9
412	9
413	5
414	5
415	5
416	9
417	5
418	9
419	9
420	5
421	5
422	9
423	9
424	5
425	7
426	7
427	11
428	11
429	7
430	7
431	7
432	7
433	5
434	5
435	5
436	5
437	5
438	5
439	9
440	5
441	5
442	9
443	5
444	5
445	9
446	7
447	11
448	11
449	11
450	11
451	5
452	9
453	9
454	11
455	11
456	7
457	5
458	9
459	5
460	9
461	5
462	5
463	7
464	7
465	7
466	7
467	7
468	7
469	11
470	7
471	11
472	11
473	5
474	9
475	6
476	6
477	11
478	11
479	11
480	11
481	11
482	11
483	11
484	2
485	2
486	11
487	11
488	11
489	6
490	6
491	6
492	6
493	6
494	6
495	11
496	11
497	11
498	2
499	11
500	11
501	11
502	2
503	11
504	11
505	11
506	2
507	2
508	2
509	2
510	2
511	2
512	2
513	2
514	2
515	2
516	2
517	2
518	2
519	2
520	2
521	2
522	8
523	8
524	8
525	8
526	1
527	1
528	8
529	8
530	8
531	8
532	8
533	8
534	8
535	8
536	8
537	8
538	1
539	1
540	1
541	1
542	1
543	1
544	1
545	1
546	1
547	1
548	1
549	1
550	1
551	1
552	1
553	1
554	1
555	1
556	1
557	1
558	1
559	2
560	2
561	2
562	2
563	2
564	2
565	1
566	1
567	1
568	1
569	1
570	7
571	7
572	7
573	7
574	7
575	7
576	7
577	7
578	7
579	7
580	7
581	1
582	1
583	1
584	1
585	1
586	1
587	6
588	2
589	2
590	2
591	2
592	2
593	2
594	2
595	2
596	6
597	2
598	6
599	2
600	2
601	2
602	2
603	5
604	5
605	5
606	5
607	5
608	5
609	5
610	5
611	5
612	5
613	5
614	5
615	5
616	5
617	6
618	6
619	2
620	6
621	6
622	6
623	6
624	6
625	6
626	6
627	6
628	2
629	2
630	2
631	2
632	2
633	2
634	6
635	2
636	6
637	6
638	6
639	5
640	5
641	5
642	5
643	5
644	5
645	5
646	5
647	5
648	5
649	5
650	5
651	5
652	5
653	5
654	5
655	5
656	5
657	6
658	11
659	6
660	6
661	1
662	1
663	1
664	1
665	1
666	1
667	1
668	1
669	1
670	11
671	11
672	11
673	11
674	11
675	11
676	11
677	11
678	11
679	11
680	1
681	1
682	1
683	1
684	1
685	1
686	1
687	1
688	1
689	1
690	1
691	1
692	1
693	1
694	1
695	1
696	1
697	11
698	11
699	11
700	11
701	11
702	11
703	11
704	11
705	11
706	11
707	11
708	11
709	11
710	11
711	11
712	11
713	11
714	1
715	1
716	6
717	6
718	11
719	11
720	11
721	6
722	6
723	6
724	6
725	6
726	6
727	6
728	6
729	6
730	6
731	6
732	9
733	9
734	9
735	9
736	9
737	11
738	11
739	11
740	11
741	11
742	11
743	6
744	6
745	9
746	9
747	9
748	9
749	9
750	9
751	9
752	9
753	9
754	9
755	9
756	9
757	9
758	9
759	9
760	9
761	9
762	9
763	9
764	9
765	9
766	6
767	11
768	11
769	11
770	9
771	9
772	11
773	6
774	6
775	11
776	6
777	6
778	11
779	11
780	6
781	11
782	11
783	11
784	11
785	2
786	11
787	6
788	6
789	6
790	6
791	2
792	2
793	2
794	2
795	2
796	2
797	2
798	2
799	2
800	2
801	6
802	6
803	6
804	6
805	2
806	2
807	2
808	6
809	6
810	11
811	12
812	10
813	10
814	12
815	10
816	10
817	10
818	10
819	10
820	10
821	12
822	10
823	10
824	10
825	10
826	10
827	10
828	10
829	10
830	12
831	10
832	10
833	10
834	12
835	12
836	12
837	12
838	10
839	10
840	12
841	10
842	12
843	10
844	10
845	10
846	10
847	10
848	10
849	10
850	10
851	10
852	12
853	10
854	10
855	10
856	10
857	10
858	5
859	5
860	5
861	5
862	5
863	5
864	5
865	5
866	5
867	5
868	5
869	5
870	5
871	10
872	10
873	10
874	10
875	10
876	10
877	10
878	10
879	10
880	10
881	10
882	10
883	10
884	10
885	10
886	10
887	10
888	10
889	10
890	10
891	10
892	10
893	12
894	10
895	10
896	10
897	10
898	10
899	10
900	10
901	10
902	10
903	10
904	10
905	10
906	10
907	10
908	10
909	10
910	10
911	10
912	10
913	10
914	10
915	10
916	10
917	10
918	10
919	10
920	10
921	10
922	10
923	10
924	10
925	10
926	10
927	10
928	10
929	10
930	10
931	10
932	10
933	10
934	10
935	10
936	10
937	10
938	10
939	10
940	10
941	10
942	10
943	10
944	10
945	10
946	10
947	10
948	10
949	10
950	10
951	10
952	10
953	10
954	10
955	10
956	10
957	10
958	10
959	10
960	10
961	10
962	10
963	10
964	10
965	10
966	10
967	10
968	10
969	10
970	10
971	10
972	10
973	10
974	10
975	10
976	10
977	10
978	10
979	10
980	10
981	10
982	9
983	9
984	9
985	11
986	11
987	11
988	11
989	11
990	11
991	11
992	11
993	11
994	11
995	11
996	11
997	11
998	11
999	11
1000	11
1001	11
1002	11
1003	11
1004	11
1005	11
1006	11
1007	9
1008	9
1009	11
1010	9
1011	10
1012	9
1013	9
1014	9
1015	9
1016	9
1017	9
1018	10
1019	10
1020	9
1021	9
1022	9
1023	9
1024	9
1025	9
1026	9
1027	9
1028	9
1029	9
1030	9
1031	10
1032	9
1033	9
1034	9
1035	9
1036	9
1037	9
1038	9
1039	10
1040	9
1041	9
1042	9
1043	9
1044	9
1045	9
1046	9
1047	9
1048	9
1049	10
1050	9
1051	10
1052	9
1053	9
1054	9
1055	9
1056	9
1057	9
1058	9
1059	9
1060	9
1061	9
1062	10
1063	9
1064	9
1065	9
1066	9
1067	9
1068	9
1069	9
1070	9
1071	9
1072	9
1073	9
1074	9
1075	5
1076	5
1077	5
1078	5
1079	5
1080	5
1081	5
1082	5
1083	5
1084	5
1085	5
1086	5
1087	6
1088	6
1089	6
1090	6
1091	6
1092	6
1093	6
1094	2
1095	2
1096	2
1097	2
1098	2
1099	2
1100	2
1101	2
1102	2
1103	2
1104	2
1105	2
1106	2
1107	8
1108	8
1109	8
1110	8
1111	8
1112	10
1113	8
1114	10
1115	8
1116	10
1117	10
1118	10
1119	8
1120	10
1121	8
1122	10
1123	8
1124	10
1125	10
1126	8
1127	8
1128	8
1129	8
1130	10
1131	10
1132	10
1133	10
1134	8
1135	8
1136	10
1137	10
1138	10
1139	10
1140	8
1141	8
1142	8
1143	10
1144	8
1145	8
1146	10
1147	10
1148	8
1149	8
1150	8
1151	8
1152	8
1153	10
1154	12
1155	12
1156	12
1157	12
1158	12
1159	12
1160	12
1161	12
1162	12
1163	12
1164	12
1165	12
1166	12
1167	12
1168	12
1169	9
1170	9
1171	10
1172	10
1173	9
1174	9
1175	9
1176	9
1177	10
1178	10
1179	10
1180	10
1181	10
1182	9
1183	10
1184	9
1185	9
1186	9
1187	9
1188	9
1189	9
1190	9
1191	9
1192	10
1193	9
1194	9
1195	9
1196	9
1197	10
1198	9
1199	9
1200	8
1201	8
1202	8
1203	8
1204	8
1205	8
1206	8
1207	8
1208	8
1209	8
1210	8
1211	8
1212	8
1213	8
1214	8
1215	8
1216	8
1217	8
1218	8
1219	8
1220	8
1221	8
1222	8
1223	8
1224	8
1225	8
1226	8
1227	8
1228	8
1229	8
1230	8
1231	8
1232	8
1233	8
1234	8
1235	8
1236	8
1237	8
1238	8
1239	8
1240	6
1241	6
1242	2
1243	2
1244	2
1245	6
1246	2
1247	2
1248	2
1249	2
1250	2
1251	2
1252	2
1253	5
1254	5
1255	5
1256	5
1257	5
1258	2
1259	2
1260	2
1261	2
1262	2
1263	6
1264	5
1265	5
1266	5
1267	5
1268	5
1269	5
1270	5
1271	5
1272	5
1273	5
1274	5
1275	5
1276	5
1277	5
1278	2
1279	2
1280	2
1281	2
1282	6
1283	6
1284	5
1285	5
1286	5
1287	5
1288	12
1289	2
1290	2
1291	2
1292	2
1293	2
1294	12
1295	2
1296	2
1297	2
1298	2
1299	12
1300	2
1301	2
1302	2
1303	5
1304	5
1305	5
1306	5
1307	5
1308	5
1309	5
1310	5
1311	5
1312	5
1313	5
1314	10
1315	10
1316	10
1317	10
1318	10
1319	10
1320	10
1321	10
1322	10
1323	10
1324	10
1325	10
1326	10
1327	10
1328	10
1329	10
1330	10
1331	10
1332	10
1333	10
1334	10
1335	10
1336	10
1337	10
1338	10
1339	10
1340	10
1341	10
1342	10
1343	10
1344	10
1345	10
1346	5
1347	1
1348	1
1349	1
1350	5
1351	5
1352	1
1353	5
1354	5
1355	1
1356	5
1357	1
1358	1
1359	1
1360	5
1361	5
1362	5
1363	8
1364	8
1365	8
1366	8
1367	8
1368	8
1369	8
1370	8
1371	8
1372	8
1373	8
1374	8
1375	8
1376	8
1377	8
1378	8
1379	8
1380	8
1381	2
1382	2
1383	2
1384	2
1385	2
1386	2
1387	2
1388	2
1389	2
1390	2
1391	2
1392	2
1393	2
1394	2
1395	2
1396	2
1397	5
1398	5
1399	5
1400	5
1401	5
1402	5
1403	5
1404	5
1405	5
1406	5
1407	5
1408	5
1409	5
1410	5
1411	5
1412	5
1413	5
1414	5
1415	5
1416	5
1417	5
1418	5
1419	5
1420	5
1421	5
1422	5
1423	5
1424	5
1425	5
1426	5
1427	5
1428	8
1429	8
1430	8
1431	8
1432	8
1433	8
1434	8
1435	8
1436	8
1437	8
1438	8
1439	8
1440	13
1441	9
1442	8
1443	9
1444	8
1445	9
1446	8
1447	8
1448	9
1449	9
1450	9
1451	9
1452	9
1453	9
1454	9
1455	8
1456	8
1457	8
1458	8
1459	8
1460	8
1461	8
1462	8
1463	8
1464	13
1465	2
1466	2
1467	2
1468	2
1469	2
1470	2
1471	2
1472	2
1473	2
1474	2
1475	2
1476	2
1477	2
1478	2
1479	2
1480	2
1481	2
1482	2
1483	2
1484	2
1485	2
1486	2
1487	2
1488	2
1489	9
1490	9
1491	9
1492	9
1493	9
1494	9
1495	9
1496	9
1497	9
1498	9
1499	9
1500	9
1501	1
1502	1
1503	1
1504	1
1505	1
1506	1
1507	1
1508	1
1509	1
1510	1
1511	1
1512	1
1513	1
1514	1
1515	1
1516	1
1517	1
1518	1
1519	1
1520	1
1521	1
1522	1
1523	1
1524	1
1525	1
1526	1
1527	1
1528	1
1529	11
1530	11
1531	11
1532	11
1533	11
1534	11
1535	11
1536	11
1537	11
1538	11
1539	11
1540	11
1541	11
1542	11
1543	11
1544	11
1545	11
1546	11
1547	11
1548	11
1549	11
1550	11
1551	11
1552	7
1553	7
1554	8
1555	8
1556	8
1557	8
1558	7
1559	7
1560	7
1561	7
1562	8
1563	7
1564	7
1565	7
1566	8
1567	7
1568	7
1569	7
1570	7
1571	7
1572	7
1573	7
1574	7
1575	7
1576	9
1577	9
1578	9
1579	9
1580	9
1581	9
1582	9
1583	9
1584	9
1585	9
1586	9
1587	9
1588	9
1589	9
1590	9
1591	9
1592	9
1593	5
1594	5
1595	5
1596	5
1597	5
1598	5
1599	5
1600	5
1601	5
1602	7
1603	7
1604	7
1605	7
1606	7
1607	7
1608	7
1609	7
1610	7
1611	7
1612	7
1613	7
1614	7
1615	7
1616	7
1617	7
1618	2
1619	2
1620	2
1621	2
1622	2
1623	2
1624	2
1625	2
1626	2
1627	2
1628	2
1629	8
1630	8
1631	8
1632	8
1633	8
1634	8
1635	8
1636	8
1637	8
1638	8
1639	8
1640	8
1641	8
1642	8
1643	8
1644	2
1645	2
1646	2
1647	2
1648	2
1649	8
1650	8
1651	8
1652	8
1653	8
1654	8
1655	8
1656	8
1658	8
1659	8
1660	8
1661	8
1662	8
1663	8
1664	8
1665	8
1666	8
1667	8
1668	8
1669	8
1670	8
1671	8
1672	8
1673	2
1674	8
1675	8
1676	8
1677	2
1678	6
1679	6
1680	6
1681	6
1682	6
1683	6
1684	6
1685	9
1686	9
1687	9
1688	9
1689	9
1690	9
1691	9
1692	9
1693	9
1694	9
1695	9
1696	9
1697	9
1698	9
1699	9
1700	9
1701	13
1702	9
1703	13
1704	13
1705	9
1706	9
1707	9
1708	9
1709	13
1710	9
1711	9
1712	9
1713	2
1714	2
1715	2
1716	2
1717	2
1718	2
1719	2
1720	2
1721	2
1722	2
1723	2
1724	2
1725	9
1726	9
1727	9
1728	2
1729	9
1730	9
1731	9
1732	9
1733	9
1734	9
1735	9
1736	13
1737	13
1738	13
1739	13
1740	13
1741	9
1742	1
1743	1
1744	1
1745	1
1746	1
1747	1
1748	1
1749	1
1750	1
1751	1
1752	1
1753	1
1754	1
1755	1
1756	1
1757	2
1758	2
1759	2
1760	2
1761	1
1762	1
1763	1
1764	1
1765	1
1766	1
1767	1
1768	1
1769	1
1770	1
1771	1
1772	1
1773	1
1774	2
1775	2
1776	2
1777	2
1778	2
1779	2
1780	2
1781	2
1782	2
1783	2
1784	2
1785	2
1786	2
1787	1
1788	1
1789	1
1790	1
1791	1
1792	1
1793	1
1794	1
1795	2
1796	2
1797	2
1798	2
1799	1
1800	1
1801	1
1802	1
1803	1
1804	1
1805	1
1806	1
1807	1
1808	1
1809	13
1810	13
1811	13
1812	13
1813	13
1814	13
1815	13
1816	13
1817	13
1818	13
1819	13
1820	13
1821	13
1822	13
1823	13
1824	13
1825	13
1826	13
1827	13
1828	13
1829	13
1830	2
1831	2
1832	2
1833	2
1834	2
1835	13
1836	13
1837	2
1838	13
1839	13
1840	8
1841	8
1842	8
1843	8
1844	8
1845	13
1846	13
1847	13
1848	13
1849	13
1850	13
1851	13
1852	13
1853	13
1854	13
1855	13
1856	13
1857	2
1858	2
1859	2
1860	2
1861	2
1862	2
1863	13
1864	13
1865	13
1866	13
1867	13
1868	13
1869	13
1870	13
1871	13
1872	6
1873	6
1874	6
1875	6
1876	6
1877	6
1878	6
1879	6
1880	6
1881	6
1882	6
1883	6
1884	6
1885	6
1886	6
1887	6
1888	6
1889	6
1890	6
1891	6
1892	6
1893	6
1894	6
1895	1
1896	1
1897	1
1898	12
1899	12
1900	12
1901	12
1902	12
1903	12
1904	5
1905	5
1906	1
1907	1
1908	1
1909	5
1910	5
1911	1
1912	1
1913	1
1914	1
1915	5
1916	12
1917	12
1918	12
1919	12
1920	12
1921	12
1922	12
1923	12
1924	1
1925	1
1926	1
1927	1
1928	1
1929	1
1930	1
1931	5
1932	1
1933	1
1934	5
1935	1
1936	5
1937	1
1938	1
1939	5
1940	1
1941	5
1942	1
1943	5
1944	5
1945	1
1946	1
1947	5
1948	1
1949	1
1950	5
1951	1
1952	1
1953	5
1954	5
1955	5
1956	5
1957	1
1958	5
1959	1
1960	5
1961	1
1962	5
1963	5
1964	5
1965	1
1966	1
1967	1
1968	5
1969	5
1970	1
1971	5
1972	1
1973	5
1974	1
1975	1
1976	7
1977	7
1978	7
1979	7
1980	7
1981	7
1982	7
1983	7
1984	7
1985	7
1986	7
1987	7
1988	7
1989	7
1990	7
1991	7
1992	7
1993	7
1994	7
1995	7
1996	7
1997	7
1998	7
1999	7
2000	7
2001	7
2002	7
2003	7
2004	7
2005	7
2006	7
2007	7
2008	7
2009	7
2010	7
2011	7
2012	7
2013	7
2014	7
2015	7
2016	7
2017	6
2018	6
2019	6
2020	6
2021	6
2022	6
2023	6
2024	11
2025	6
2026	6
2027	6
2028	6
2029	6
2030	11
2031	11
2032	11
2033	11
2034	11
2035	11
2036	11
2037	6
2038	2
2039	2
2040	2
2041	2
2042	2
2043	6
2044	6
2045	6
2046	11
2047	11
2048	2
2049	2
2050	6
2051	11
2052	11
2053	6
2054	6
2055	11
2056	6
2057	11
2058	7
2059	7
2060	7
2061	7
2062	7
2063	7
2064	7
2065	7
2066	7
2067	7
2068	6
2069	6
2070	6
2071	6
2072	6
2073	2
2074	6
2075	6
2076	6
2077	2
2078	2
2079	6
2080	2
2081	6
2082	2
2083	6
2084	6
2085	6
2086	6
2087	6
2088	6
2089	9
2090	9
2091	9
2092	9
2093	9
2094	9
2095	9
2096	1
2097	1
2098	1
2099	1
2100	1
2101	1
2102	1
2103	1
2104	1
2105	1
2106	1
2107	1
2108	1
2109	1
2110	1
2111	1
2112	1
2113	3
2114	3
2115	3
2116	3
2117	3
2118	13
2119	3
2120	3
2121	3
2122	3
2123	3
2124	6
2125	3
2126	3
2127	3
2128	3
2129	3
2130	3
2131	3
2132	3
2133	13
2134	3
2135	3
2136	3
2137	13
2138	13
2139	3
2140	13
2141	3
2142	3
2143	3
2144	3
2145	3
2146	13
2147	3
2148	3
2149	3
2150	3
2151	3
2152	3
2153	3
2154	3
2155	3
2156	3
2157	3
2158	3
2159	3
2160	3
2161	3
2162	3
2163	3
2164	13
2165	13
2166	3
2167	3
2168	3
2169	3
2170	3
2171	3
2172	3
2173	3
2174	3
2175	3
2176	13
2177	13
2178	3
2179	3
2180	13
2181	13
2182	3
2183	3
2184	3
2185	3
2186	3
2187	3
2188	3
2189	3
2190	3
2191	3
2192	3
2193	3
2194	3
2195	3
2196	13
2197	3
2198	3
2199	13
2200	3
2201	3
2202	3
2203	3
2204	3
2205	3
2206	3
2207	3
2208	3
2209	3
2210	3
2211	3
2212	3
2213	3
2214	3
2215	3
2216	3
2217	3
2218	3
2219	3
2220	3
2221	3
2222	3
2223	13
2224	3
2225	3
2226	3
2227	3
2228	3
2229	3
2230	13
2231	13
2232	3
2233	13
2234	13
2235	3
2236	13
2237	13
2238	3
2239	3
2240	3
2241	3
2242	3
2243	3
2244	3
2245	13
2246	3
2247	13
2248	13
2249	3
2250	3
2251	3
2252	3
2253	3
2254	3
2255	3
2256	13
2257	3
2258	3
2259	3
2260	3
2261	13
2262	13
2263	3
2264	3
2265	3
2266	3
2267	3
2268	3
2269	3
2270	3
2271	3
2272	3
2273	3
2274	3
2275	3
2276	3
2277	13
2278	3
2279	3
2280	3
2281	3
2282	3
2283	13
2284	6
2285	6
2286	3
2287	3
2288	3
2289	3
2290	3
2291	3
2292	3
2293	3
2294	3
2295	3
2296	3
2297	3
2298	3
2299	3
2300	3
2301	3
2302	13
2303	3
2304	13
2305	3
2306	3
2307	3
2308	3
2309	6
2310	6
2311	6
2312	12
2313	12
2314	12
2315	12
2316	12
2317	12
2318	12
2319	12
2320	12
2321	12
2322	12
2323	12
2324	12
2325	12
2326	12
2327	12
2328	12
2329	12
2330	5
2331	5
2332	5
2333	5
2334	5
2335	5
2336	5
2337	5
2338	5
2339	5
2340	5
2341	5
2342	5
2343	5
2344	5
2345	5
2346	12
2347	12
2348	12
2349	12
2350	12
2351	12
2352	12
2353	12
2354	12
2355	12
2356	12
2357	12
2358	12
2359	12
2360	12
2361	12
2362	12
2363	12
2364	12
2365	12
2366	13
2367	13
2368	13
2369	13
2370	13
2371	13
2372	13
2373	13
2374	13
2375	13
2376	13
2377	13
2378	13
2379	13
2380	13
2381	13
2382	13
2383	13
2384	13
2385	13
2386	13
2387	13
2388	13
2389	13
2390	13
2391	13
2392	13
2393	13
2394	13
2395	13
2396	13
2397	13
2398	13
2399	13
2400	13
2401	13
2402	13
2403	13
2404	13
2405	13
2406	13
2407	13
2408	13
2409	13
2410	13
2411	13
2412	13
2413	13
2414	13
2415	12
2416	12
2417	12
2418	12
2419	4
2420	4
2421	4
2422	12
2423	4
2424	12
2425	12
2426	4
2427	4
2428	4
2429	4
2430	4
2431	4
2432	4
2433	4
2434	4
2435	12
2436	12
2437	12
2438	4
2439	4
2440	4
2441	4
2442	4
2443	4
2444	12
2445	4
2446	4
2447	4
2448	4
2449	4
2450	4
2451	4
2452	4
2453	4
2454	12
2455	12
2456	12
2457	4
2458	12
2459	4
2460	4
2461	4
2462	4
2463	4
2464	4
2465	4
2466	4
2467	4
2468	4
2469	4
2470	4
2471	4
2472	4
2473	4
2474	4
2475	4
2476	4
2477	4
2478	4
2479	4
2480	4
2481	4
2482	4
2483	4
2484	4
2485	4
2486	4
2487	12
2488	4
2489	4
2490	4
2491	4
2492	4
2493	4
2494	12
2495	4
2496	4
2497	4
2498	4
2499	4
2500	4
2501	4
2502	12
2503	12
2504	12
2505	12
2506	12
2507	12
2508	4
2509	4
2510	4
2511	4
2512	12
2513	4
2514	12
2515	4
2516	4
2517	4
2518	4
2519	4
2520	4
2521	4
2522	4
2523	4
2524	4
2525	4
2526	4
2527	4
2528	12
2529	4
2530	4
2531	4
2532	4
2533	4
2534	4
2535	4
2536	4
2537	4
2538	4
2539	4
2540	4
2541	4
2542	4
2543	4
2544	4
2545	4
2546	4
2547	4
2548	4
2549	4
2550	4
2551	4
2552	4
2553	4
2554	4
2555	4
2556	4
2557	4
2558	12
2559	12
2560	4
2561	4
2562	4
2563	4
2564	4
2565	4
2566	4
2567	4
2568	4
2569	4
2570	4
2571	4
2572	4
2573	4
2574	4
2575	4
2576	4
2577	4
2578	4
2579	4
2580	4
2581	4
2582	4
2583	4
2584	4
2585	4
2586	4
2587	4
2588	4
2589	4
2590	4
2591	4
2592	4
2593	4
2594	12
2595	12
2596	12
2597	12
2598	12
2599	12
2600	4
2601	4
2602	4
2603	4
2604	4
2605	4
2606	6
2607	6
2608	6
2609	6
2610	6
2611	6
2612	6
2613	6
2614	6
2615	6
2616	6
2617	6
2618	6
2619	6
2620	6
2621	6
2622	6
2623	6
2624	6
2625	6
2626	6
2627	6
2628	6
2629	6
2630	6
2631	6
2632	6
2633	6
2634	6
2635	6
2636	6
2637	6
2638	6
2639	6
2640	7
2641	7
2642	7
2643	7
2644	7
2645	7
2646	7
2647	7
2648	7
2649	7
2650	7
2651	7
2652	7
2653	7
2654	7
2655	7
2656	7
2657	7
2658	7
2659	7
2660	7
2661	7
2662	7
2663	7
2664	7
2665	7
2666	7
2667	7
2668	7
2669	7
2670	11
2671	7
2672	7
2673	7
2674	7
2675	7
2676	7
2677	7
2678	11
2679	7
2680	7
2681	7
2682	7
2683	7
2684	7
2685	7
2686	7
2687	7
2688	5
2689	5
2690	5
2691	5
315	9
1657	8
