0	7
1	7
2	7
3	7
4	7
5	7
6	7
7	1
8	1
9	1
10	1
11	3
12	1
13	1
14	3
15	3
16	1
17	3
18	1
19	1
20	1
21	4
22	4
23	4
24	4
25	4
26	4
27	4
28	4
29	1
30	1
31	1
32	1
33	1
34	1
35	1
36	1
37	1
38	1
39	1
40	1
41	1
42	1
43	1
44	1
45	1
46	1
47	1
48	1
49	1
50	1
51	1
52	1
53	11
54	11
55	11
56	11
57	11
58	1
59	1
60	1
61	1
62	1
63	1
64	1
65	11
66	11
67	11
68	11
69	11
70	11
71	4
72	4
73	4
74	4
75	1
76	1
77	1
78	1
79	1
80	1
81	1
82	1
83	9
84	9
85	9
86	9
87	9
88	9
89	9
90	9
91	9
92	9
93	9
94	9
95	9
96	3
97	3
98	1
99	3
100	1
101	1
102	1
103	1
104	1
105	1
106	1
107	1
108	1
109	1
110	1
111	3
112	3
113	3
114	1
115	1
116	1
117	3
118	3
119	3
120	3
121	3
122	1
123	1
124	3
125	3
126	3
127	1
128	3
129	5
130	5
131	5
132	5
133	5
134	5
135	5
136	5
137	5
138	5
139	5
140	5
141	5
142	5
143	5
144	5
145	5
146	5
147	5
148	5
149	5
150	5
151	5
152	5
153	5
154	5
155	5
156	5
157	5
158	5
159	5
160	5
161	5
162	5
163	5
164	5
165	5
166	9
167	9
168	9
169	5
170	9
171	9
172	9
173	9
174	5
175	5
176	5
177	9
178	5
179	9
180	9
181	5
182	5
183	7
184	7
185	7
186	7
187	7
188	7
189	7
190	7
191	7
192	7
193	7
194	7
195	7
196	7
197	7
198	7
199	7
200	7
201	7
202	7
203	7
204	7
205	7
206	7
207	7
208	4
209	4
210	4
211	4
212	4
213	4
214	4
215	4
216	4
217	4
218	4
219	4
220	4
221	4
222	4
223	4
224	4
225	4
226	4
227	4
228	4
229	4
230	4
231	4
232	4
233	4
234	4
235	4
236	4
237	4
238	4
239	4
240	4
241	4
242	4
243	4
244	4
245	4
246	4
247	4
248	7
249	7
250	7
251	7
252	7
253	7
254	7
255	7
256	7
257	7
258	7
259	7
260	7
261	4
262	4
263	4
264	4
265	4
266	4
267	4
268	6
269	6
270	6
271	4
272	4
273	4
274	4
275	4
276	4
277	4
278	6
279	6
280	6
281	6
282	6
283	6
284	6
285	6
286	6
287	6
288	6
289	6
290	6
291	6
292	6
293	6
294	6
295	6
296	6
297	6
298	6
299	6
300	6
301	6
302	7
303	7
304	7
305	7
306	11
307	11
308	11
309	11
310	11
311	11
312	11
313	11
314	11
316	1
317	1
318	1
319	1
320	1
321	1
322	1
323	1
324	1
325	1
326	1
327	1
328	1
329	1
330	1
331	11
332	11
333	11
334	11
335	11
336	11
337	1
338	1
339	1
340	11
341	11
342	11
343	11
344	11
345	11
346	11
347	11
348	11
349	11
350	11
351	11
352	11
353	11
354	11
355	11
356	5
357	5
358	13
359	5
360	5
361	13
362	5
363	5
364	5
365	13
366	5
367	13
368	13
369	11
370	11
371	11
372	11
373	11
374	11
375	11
376	11
377	11
378	11
379	11
380	11
381	11
382	11
383	11
384	11
385	11
386	11
387	11
388	11
389	1
390	1
391	1
392	1
393	1
394	11
395	11
396	11
397	11
398	1
399	1
400	1
401	1
402	1
403	4
404	4
405	4
406	4
407	4
408	4
409	12
410	12
411	12
412	12
413	12
414	12
415	12
416	12
417	12
418	12
419	12
420	12
421	12
422	12
423	12
424	12
425	9
426	9
427	9
428	9
429	9
430	9
431	9
432	9
433	12
434	12
435	12
436	12
437	12
438	12
439	12
440	12
441	12
442	12
443	12
444	12
445	12
446	9
447	9
448	9
449	9
450	9
451	12
452	12
453	12
454	9
455	9
456	9
457	12
458	12
459	12
460	12
461	12
462	12
463	9
464	9
465	9
466	9
467	9
468	9
469	9
470	9
471	9
472	9
473	12
474	12
475	6
476	6
477	5
478	5
479	5
480	5
481	5
482	5
483	5
484	4
485	4
486	5
487	5
488	5
489	6
490	6
491	6
492	6
493	6
494	6
495	5
496	5
497	5
498	4
499	5
500	5
501	5
502	4
503	5
504	5
505	5
506	4
507	4
508	4
509	4
510	4
511	4
512	4
513	4
514	4
515	4
516	4
517	4
518	4
519	4
520	4
521	4
522	9
523	9
524	9
525	9
526	7
527	7
528	9
529	9
530	9
531	9
532	9
533	9
534	9
535	9
536	9
537	9
538	7
539	7
540	7
541	7
542	7
543	7
544	7
545	7
546	7
547	7
548	7
549	7
550	7
551	7
552	7
553	7
554	7
555	7
556	7
557	7
558	7
559	4
560	4
561	4
562	4
563	4
564	4
565	7
566	7
567	7
568	7
569	7
570	9
571	9
572	9
573	9
574	9
575	9
576	9
577	9
578	9
579	9
580	9
581	7
582	7
583	7
584	7
585	7
586	7
587	6
588	4
589	4
590	4
591	4
592	4
593	4
594	6
595	4
596	6
597	4
598	6
599	4
600	4
601	4
602	4
603	7
604	7
605	7
606	7
607	7
608	7
609	7
610	7
611	7
612	7
613	7
614	7
615	7
616	7
617	6
618	4
619	4
620	6
621	6
622	6
623	6
624	6
625	6
626	6
627	6
628	4
629	4
630	4
631	4
632	6
633	4
634	6
635	4
636	6
637	6
638	6
639	7
640	7
641	7
642	7
643	7
644	7
645	7
646	7
647	7
648	7
649	7
650	7
651	7
652	7
653	7
654	7
655	7
656	7
657	9
658	9
659	5
660	5
661	12
662	12
663	12
664	12
665	12
666	12
667	12
668	12
669	12
670	6
671	6
672	6
673	6
674	6
675	6
676	6
677	6
678	6
679	6
680	12
681	12
682	12
683	12
684	12
685	12
686	12
687	12
688	12
689	12
690	12
691	12
692	12
693	12
694	12
695	12
696	12
697	6
698	6
699	6
700	6
701	6
702	6
703	6
704	6
705	6
706	6
707	6
708	6
709	6
710	6
711	6
712	6
713	6
714	12
715	12
716	4
717	4
718	6
719	6
720	6
721	4
722	4
723	4
724	4
725	4
726	4
727	4
728	4
729	4
730	4
731	4
732	1
733	1
734	1
735	1
736	1
737	5
738	9
739	9
740	9
741	9
742	9
743	5
744	5
745	1
746	1
747	1
748	1
749	1
750	1
751	1
752	1
753	1
754	1
755	1
756	1
757	1
758	1
759	1
760	1
761	1
762	1
763	1
764	1
765	1
766	5
767	9
768	9
769	9
770	1
771	1
772	9
773	9
774	9
775	9
776	5
777	5
778	9
779	9
780	5
781	9
782	9
783	9
784	9
785	4
786	9
787	5
788	5
789	9
790	5
791	4
792	4
793	4
794	4
795	4
796	4
797	4
798	4
799	4
800	4
801	9
802	5
803	5
804	5
805	4
806	4
807	4
808	5
809	9
810	9
811	2
812	2
813	2
814	2
815	2
816	13
817	2
818	2
819	2
820	2
821	2
822	2
823	2
824	2
825	13
826	2
827	13
828	13
829	2
830	2
831	2
832	13
833	13
834	2
835	2
836	2
837	2
838	2
839	13
840	2
841	13
842	2
843	2
844	2
845	2
846	2
847	2
848	13
849	13
850	2
851	2
852	2
853	2
854	2
855	13
856	2
857	2
858	7
859	7
860	7
861	7
862	7
863	7
864	7
865	7
866	7
867	7
868	7
869	7
870	7
871	2
872	2
873	13
874	2
875	2
876	2
877	2
878	2
879	2
880	13
881	2
882	2
883	2
884	2
885	2
886	2
887	2
888	2
889	2
890	2
891	13
892	2
893	2
894	2
895	2
896	2
897	13
898	2
899	2
900	2
901	2
902	2
903	2
904	2
905	2
906	13
907	2
908	2
909	13
910	2
911	2
912	2
913	13
914	2
915	2
916	13
917	2
918	2
919	13
920	2
921	2
922	2
923	2
924	13
925	2
926	2
927	2
928	2
929	2
930	2
931	2
932	2
933	2
934	13
935	2
936	2
937	2
938	2
939	2
940	2
941	13
942	2
943	13
944	2
945	13
946	2
947	2
948	2
949	2
950	2
951	2
952	2
953	13
954	13
955	13
956	13
957	2
958	2
959	2
960	13
961	2
962	2
963	2
964	2
965	2
966	2
967	13
968	2
969	2
970	13
971	2
972	2
973	2
974	2
975	2
976	2
977	2
978	13
979	13
980	13
981	13
982	2
983	2
984	2
985	5
986	5
987	5
988	5
989	5
990	5
991	5
992	5
993	5
994	5
995	5
996	5
997	5
998	5
999	5
1000	5
1001	5
1002	5
1003	5
1004	5
1005	5
1006	5
1007	2
1008	2
1009	5
1010	2
1011	2
1012	2
1013	2
1014	2
1015	2
1016	2
1017	2
1018	2
1019	2
1020	2
1021	2
1022	2
1023	2
1024	2
1025	2
1026	2
1027	3
1028	2
1029	2
1030	2
1031	2
1032	2
1033	2
1034	2
1035	2
1036	2
1037	3
1038	2
1039	2
1040	2
1041	2
1042	3
1043	2
1044	2
1045	2
1046	2
1047	2
1048	2
1049	2
1050	2
1051	2
1052	2
1053	2
1054	2
1055	2
1056	3
1057	2
1058	2
1059	2
1060	2
1061	2
1062	2
1063	2
1064	2
1065	3
1066	2
1067	3
1068	2
1069	2
1070	3
1071	2
1072	2
1073	2
1074	2
1075	7
1076	7
1077	7
1078	7
1079	7
1080	7
1081	7
1082	7
1083	7
1084	7
1085	7
1086	7
1087	6
1088	6
1089	6
1090	6
1091	6
1092	6
1093	6
1094	4
1095	4
1096	4
1097	4
1098	4
1099	4
1100	4
1101	4
1102	4
1103	4
1104	4
1105	4
1106	4
1107	11
1108	11
1109	11
1110	13
1111	11
1112	13
1113	13
1114	11
1115	13
1116	13
1117	11
1118	11
1119	11
1120	11
1121	13
1122	11
1123	11
1124	11
1125	11
1126	11
1127	13
1128	11
1129	13
1130	11
1131	11
1132	13
1133	11
1134	11
1135	11
1136	13
1137	13
1138	13
1139	13
1140	13
1141	13
1142	11
1143	13
1144	11
1145	11
1146	11
1147	11
1148	13
1149	11
1150	13
1151	11
1152	13
1153	11
1154	4
1155	4
1156	4
1157	4
1158	11
1159	4
1160	11
1161	4
1162	11
1163	11
1164	11
1165	11
1166	11
1167	11
1168	4
1169	2
1170	2
1171	2
1172	2
1173	2
1174	2
1175	3
1176	2
1177	2
1178	2
1179	2
1180	2
1181	2
1182	2
1183	2
1184	2
1185	2
1186	2
1187	2
1188	2
1189	2
1190	3
1191	2
1192	2
1193	2
1194	2
1195	2
1196	2
1197	2
1198	2
1199	2
1200	13
1201	13
1202	13
1203	13
1204	13
1205	13
1206	13
1207	13
1208	13
1209	13
1210	13
1211	13
1212	13
1213	13
1214	13
1215	13
1216	13
1217	13
1218	13
1219	13
1220	13
1221	13
1222	13
1223	13
1224	13
1225	13
1226	13
1227	13
1228	13
1229	13
1230	13
1231	13
1232	13
1233	13
1234	13
1235	13
1236	13
1237	13
1238	13
1239	13
1240	6
1241	6
1242	6
1243	4
1244	6
1245	6
1246	6
1247	6
1248	4
1249	4
1250	4
1251	4
1252	6
1253	12
1254	12
1255	12
1256	12
1257	12
1258	4
1259	6
1260	4
1261	4
1262	6
1263	6
1264	12
1265	12
1266	12
1267	12
1268	12
1269	12
1270	12
1271	12
1272	12
1273	12
1274	12
1275	12
1276	12
1277	12
1278	4
1279	4
1280	4
1281	4
1282	6
1283	6
1284	12
1285	12
1286	12
1287	12
1288	11
1289	4
1290	4
1291	4
1292	4
1293	4
1294	11
1295	4
1296	4
1297	4
1298	4
1299	11
1300	4
1301	4
1302	11
1303	1
1304	1
1305	1
1306	1
1307	1
1308	1
1309	1
1310	1
1311	1
1312	1
1313	1
1314	13
1315	13
1316	13
1317	13
1318	13
1319	13
1320	13
1321	13
1322	13
1323	13
1324	13
1325	13
1326	13
1327	13
1328	13
1329	13
1330	13
1331	13
1332	13
1333	13
1334	13
1335	13
1336	13
1337	13
1338	13
1339	13
1340	13
1341	13
1342	13
1343	13
1344	13
1345	13
1346	12
1347	12
1348	12
1349	12
1350	12
1351	12
1352	12
1353	12
1354	12
1355	12
1356	12
1357	12
1358	12
1359	12
1360	12
1361	12
1362	12
1363	13
1364	13
1365	13
1366	13
1367	13
1368	13
1369	13
1370	13
1371	13
1372	13
1373	13
1374	13
1375	13
1376	13
1377	13
1378	13
1379	13
1380	13
1381	4
1382	4
1383	4
1384	4
1385	4
1386	4
1387	4
1388	4
1389	4
1390	4
1391	4
1392	4
1393	4
1394	4
1395	4
1396	4
1397	12
1398	12
1399	12
1400	12
1401	12
1402	12
1403	12
1404	12
1405	12
1406	12
1407	12
1408	12
1409	12
1410	12
1411	12
1412	12
1413	12
1414	12
1415	12
1416	12
1417	12
1418	12
1419	12
1420	12
1421	12
1422	12
1423	12
1424	12
1425	12
1426	12
1427	12
1428	9
1429	9
1430	9
1431	3
1432	9
1433	9
1434	9
1435	9
1436	3
1437	9
1438	3
1439	3
1440	3
1441	3
1442	3
1443	3
1444	3
1445	3
1446	3
1447	3
1448	3
1449	3
1450	3
1451	3
1452	3
1453	3
1454	3
1455	9
1456	9
1457	3
1458	9
1459	9
1460	3
1461	9
1462	9
1463	9
1464	3
1465	4
1466	4
1467	6
1468	4
1469	6
1470	4
1471	4
1472	6
1473	6
1474	4
1475	4
1476	4
1477	4
1478	6
1479	4
1480	4
1481	6
1482	4
1483	4
1484	4
1485	6
1486	4
1487	6
1488	4
1489	1
1490	1
1491	1
1492	1
1493	1
1494	1
1495	1
1496	1
1497	1
1498	1
1499	1
1500	1
1501	12
1502	12
1503	12
1504	12
1505	12
1506	12
1507	7
1508	12
1509	7
1510	12
1511	7
1512	7
1513	7
1514	12
1515	12
1516	12
1517	7
1518	7
1519	7
1520	12
1521	7
1522	7
1523	7
1524	7
1525	7
1526	7
1527	12
1528	12
1529	9
1530	9
1531	9
1532	9
1533	9
1534	9
1535	9
1536	9
1537	9
1538	9
1539	9
1540	9
1541	9
1542	9
1543	9
1544	9
1545	9
1546	9
1547	9
1548	9
1549	9
1550	9
1551	9
1552	9
1553	9
1554	13
1555	13
1556	13
1557	13
1558	9
1559	9
1560	9
1561	9
1562	9
1563	9
1564	9
1565	9
1566	13
1567	9
1568	9
1569	9
1570	9
1571	9
1572	9
1573	9
1574	9
1575	9
1576	1
1577	1
1578	1
1579	1
1580	1
1581	1
1582	1
1583	1
1584	1
1585	1
1586	1
1587	1
1588	1
1589	1
1590	1
1591	1
1592	1
1593	1
1594	1
1595	1
1596	1
1597	1
1598	1
1599	1
1600	1
1601	1
1602	9
1603	9
1604	9
1605	9
1606	9
1607	9
1608	9
1609	9
1610	9
1611	9
1612	9
1613	9
1614	9
1615	9
1616	9
1617	9
1618	4
1619	4
1620	4
1621	4
1622	4
1623	4
1624	4
1625	4
1626	4
1627	4
1628	4
1629	3
1630	3
1631	3
1632	3
1633	3
1634	3
1635	3
1636	3
1637	3
1638	3
1639	3
1640	3
1641	3
1642	3
1643	3
1644	4
1645	4
1646	4
1647	4
1648	4
1649	3
1650	3
1651	3
1652	3
1653	3
1654	3
1655	3
1656	3
1658	3
1659	3
1660	3
1661	3
1662	3
1663	3
1664	3
1665	3
1666	3
1667	3
1668	3
1669	3
1670	3
1671	3
1672	3
1673	4
1674	3
1675	3
1676	3
1677	4
1678	6
1679	6
1680	6
1681	6
1682	6
1683	6
1684	6
1685	12
1686	12
1687	12
1688	1
1689	1
1690	1
1691	12
1692	1
1693	1
1694	1
1695	12
1696	1
1697	12
1698	12
1699	12
1700	12
1701	1
1702	1
1703	10
1704	10
1705	1
1706	1
1707	1
1708	1
1709	1
1710	1
1711	1
1712	1
1713	4
1714	4
1715	4
1716	4
1717	4
1718	4
1719	4
1720	4
1721	4
1722	4
1723	4
1724	4
1725	1
1726	1
1727	1
1728	4
1729	1
1730	1
1731	1
1732	1
1733	1
1734	1
1735	1
1736	1
1737	1
1738	1
1739	1
1740	1
1741	1
1742	12
1743	12
1744	12
1745	12
1746	12
1747	12
1748	12
1749	12
1750	12
1751	12
1752	12
1753	12
1754	12
1755	12
1756	12
1757	4
1758	4
1759	4
1760	4
1761	12
1762	12
1763	12
1764	12
1765	12
1766	12
1767	12
1768	12
1769	12
1770	12
1771	12
1772	12
1773	12
1774	4
1775	4
1776	4
1777	4
1778	4
1779	4
1780	4
1781	4
1782	4
1783	4
1784	4
1785	4
1786	4
1787	12
1788	12
1789	12
1790	12
1791	12
1792	12
1793	12
1794	12
1795	4
1796	4
1797	4
1798	4
1799	12
1800	12
1801	12
1802	12
1803	12
1804	12
1805	12
1806	12
1807	12
1808	12
1809	1
1810	1
1811	1
1812	1
1813	1
1814	1
1815	1
1816	1
1817	1
1818	1
1819	1
1820	1
1821	1
1822	1
1823	3
1824	1
1825	1
1826	1
1827	1
1828	1
1829	1
1830	4
1831	4
1832	4
1833	4
1834	4
1835	1
1836	1
1837	4
1838	1
1839	1
1840	13
1841	13
1842	13
1843	13
1844	13
1845	1
1846	1
1847	1
1848	1
1849	1
1850	1
1851	1
1852	1
1853	1
1854	1
1855	1
1856	1
1857	4
1858	4
1859	4
1860	4
1861	4
1862	4
1863	1
1864	3
1865	3
1866	3
1867	3
1868	1
1869	1
1870	1
1871	1
1872	6
1873	6
1874	6
1875	6
1876	6
1877	6
1878	6
1879	6
1880	6
1881	6
1882	6
1883	6
1884	6
1885	6
1886	6
1887	6
1888	6
1889	6
1890	6
1891	6
1892	6
1893	6
1894	6
1895	7
1896	7
1897	7
1898	11
1899	11
1900	11
1901	11
1902	11
1903	11
1904	7
1905	7
1906	7
1907	7
1908	7
1909	7
1910	7
1911	7
1912	7
1913	7
1914	7
1915	7
1916	11
1917	11
1918	11
1919	11
1920	11
1921	11
1922	11
1923	11
1924	7
1925	7
1926	7
1927	7
1928	7
1929	7
1930	7
1931	7
1932	7
1933	7
1934	7
1935	7
1936	7
1937	7
1938	7
1939	7
1940	7
1941	7
1942	7
1943	7
1944	7
1945	7
1946	7
1947	7
1948	7
1949	7
1950	7
1951	7
1952	7
1953	7
1954	7
1955	7
1956	7
1957	7
1958	7
1959	7
1960	7
1961	7
1962	7
1963	7
1964	7
1965	7
1966	7
1967	7
1968	7
1969	7
1970	7
1971	7
1972	7
1973	7
1974	7
1975	7
1976	9
1977	9
1978	9
1979	9
1980	9
1981	9
1982	9
1983	9
1984	9
1985	9
1986	9
1987	9
1988	9
1989	9
1990	9
1991	9
1992	9
1993	9
1994	9
1995	9
1996	9
1997	9
1998	9
1999	9
2000	9
2001	9
2002	9
2003	9
2004	9
2005	9
2006	9
2007	9
2008	9
2009	9
2010	9
2011	9
2012	9
2013	9
2014	9
2015	9
2016	9
2017	6
2018	6
2019	6
2020	6
2021	6
2022	6
2023	6
2024	5
2025	6
2026	6
2027	6
2028	6
2029	6
2030	5
2031	5
2032	5
2033	5
2034	5
2035	5
2036	5
2037	5
2038	4
2039	4
2040	4
2041	4
2042	4
2043	6
2044	6
2045	6
2046	5
2047	5
2048	4
2049	4
2050	6
2051	5
2052	5
2053	5
2054	5
2055	5
2056	5
2057	5
2058	9
2059	9
2060	9
2061	9
2062	9
2063	9
2064	9
2065	9
2066	9
2067	9
2068	6
2069	6
2070	6
2071	6
2072	6
2073	6
2074	6
2075	6
2076	6
2077	6
2078	6
2079	6
2080	6
2081	6
2082	6
2083	6
2084	6
2085	6
2086	6
2087	6
2088	6
2089	1
2090	1
2091	1
2092	1
2093	1
2094	1
2095	1
2096	7
2097	7
2098	7
2099	7
2100	7
2101	7
2102	7
2103	7
2104	12
2105	7
2106	7
2107	7
2108	7
2109	7
2110	7
2111	7
2112	7
2113	10
2114	10
2115	10
2116	10
2117	10
2118	3
2119	3
2120	10
2121	10
2122	10
2123	3
2124	6
2125	10
2126	10
2127	10
2128	10
2129	10
2130	10
2131	10
2132	10
2133	3
2134	10
2135	10
2136	3
2137	3
2138	3
2139	10
2140	3
2141	10
2142	10
2143	10
2144	3
2145	10
2146	3
2147	3
2148	10
2149	10
2150	10
2151	10
2152	10
2153	10
2154	10
2155	10
2156	10
2157	10
2158	10
2159	10
2160	10
2161	10
2162	10
2163	10
2164	10
2165	10
2166	10
2167	10
2168	10
2169	10
2170	10
2171	10
2172	10
2173	10
2174	3
2175	3
2176	3
2177	3
2178	10
2179	10
2180	10
2181	10
2182	10
2183	10
2184	10
2185	10
2186	10
2187	10
2188	3
2189	10
2190	10
2191	10
2192	10
2193	10
2194	3
2195	10
2196	3
2197	3
2198	10
2199	3
2200	10
2201	10
2202	3
2203	10
2204	10
2205	10
2206	10
2207	10
2208	10
2209	10
2210	10
2211	10
2212	10
2213	10
2214	10
2215	3
2216	3
2217	10
2218	10
2219	10
2220	10
2221	10
2222	10
2223	3
2224	10
2225	10
2226	10
2227	10
2228	10
2229	10
2230	10
2231	10
2232	10
2233	3
2234	3
2235	10
2236	3
2237	3
2238	3
2239	10
2240	10
2241	10
2242	3
2243	3
2244	3
2245	3
2246	10
2247	10
2248	10
2249	10
2250	10
2251	10
2252	10
2253	3
2254	3
2255	3
2256	10
2257	10
2258	10
2259	10
2260	10
2261	10
2262	10
2263	10
2264	10
2265	10
2266	10
2267	10
2268	10
2269	3
2270	3
2271	10
2272	10
2273	10
2274	10
2275	10
2276	10
2277	3
2278	10
2279	10
2280	10
2281	10
2282	10
2283	3
2284	6
2285	6
2286	10
2287	10
2288	10
2289	10
2290	10
2291	10
2292	10
2293	10
2294	10
2295	10
2296	10
2297	10
2298	3
2299	3
2300	3
2301	10
2302	3
2303	10
2304	3
2305	10
2306	10
2307	10
2308	10
2309	6
2310	6
2311	6
2312	11
2313	11
2314	11
2315	11
2316	11
2317	11
2318	11
2319	11
2320	11
2321	11
2322	11
2323	11
2324	11
2325	11
2326	11
2327	11
2328	11
2329	11
2330	7
2331	7
2332	7
2333	7
2334	7
2335	7
2336	7
2337	7
2338	7
2339	7
2340	7
2341	7
2342	7
2343	7
2344	7
2345	7
2346	2
2347	2
2348	2
2349	2
2350	2
2351	2
2352	2
2353	2
2354	2
2355	2
2356	2
2357	2
2358	2
2359	2
2360	2
2361	2
2362	2
2363	2
2364	2
2365	2
2366	3
2367	3
2368	3
2369	3
2370	3
2371	3
2372	3
2373	3
2374	3
2375	3
2376	3
2377	3
2378	3
2379	3
2380	3
2381	3
2382	3
2383	3
2384	3
2385	3
2386	3
2387	3
2388	3
2389	3
2390	3
2391	3
2392	3
2393	3
2394	3
2395	3
2396	3
2397	3
2398	3
2399	3
2400	3
2401	3
2402	3
2403	3
2404	3
2405	3
2406	3
2407	3
2408	3
2409	3
2410	3
2411	3
2412	3
2413	3
2414	3
2415	11
2416	11
2417	11
2418	11
2419	8
2420	8
2421	8
2422	11
2423	8
2424	11
2425	8
2426	8
2427	8
2428	8
2429	8
2430	8
2431	8
2432	8
2433	8
2434	8
2435	11
2436	11
2437	11
2438	8
2439	8
2440	8
2441	8
2442	11
2443	11
2444	11
2445	8
2446	8
2447	8
2448	8
2449	8
2450	8
2451	8
2452	8
2453	8
2454	8
2455	8
2456	8
2457	8
2458	8
2459	8
2460	8
2461	8
2462	8
2463	8
2464	8
2465	8
2466	8
2467	8
2468	8
2469	8
2470	8
2471	8
2472	8
2473	8
2474	8
2475	8
2476	8
2477	8
2478	8
2479	8
2480	8
2481	8
2482	8
2483	8
2484	8
2485	8
2486	8
2487	8
2488	8
2489	8
2490	8
2491	8
2492	8
2493	8
2494	8
2495	8
2496	8
2497	8
2498	11
2499	11
2500	8
2501	8
2502	11
2503	11
2504	11
2505	11
2506	11
2507	11
2508	8
2509	8
2510	11
2511	11
2512	11
2513	8
2514	11
2515	8
2516	8
2517	8
2518	8
2519	8
2520	8
2521	8
2522	8
2523	8
2524	8
2525	8
2526	8
2527	8
2528	11
2529	8
2530	8
2531	8
2532	8
2533	8
2534	8
2535	8
2536	8
2537	8
2538	8
2539	8
2540	8
2541	8
2542	8
2543	11
2544	8
2545	8
2546	8
2547	8
2548	8
2549	11
2550	8
2551	8
2552	8
2553	8
2554	8
2555	8
2556	8
2557	8
2558	11
2559	11
2560	11
2561	11
2562	8
2563	8
2564	11
2565	8
2566	8
2567	8
2568	8
2569	8
2570	8
2571	11
2572	8
2573	11
2574	8
2575	8
2576	8
2577	8
2578	8
2579	8
2580	8
2581	8
2582	8
2583	8
2584	8
2585	8
2586	8
2587	8
2588	8
2589	8
2590	8
2591	8
2592	8
2593	8
2594	11
2595	11
2596	11
2597	11
2598	11
2599	11
2600	8
2601	8
2602	8
2603	8
2604	8
2605	8
2606	6
2607	6
2608	6
2609	6
2610	6
2611	6
2612	6
2613	6
2614	6
2615	6
2616	6
2617	6
2618	6
2619	6
2620	6
2621	6
2622	6
2623	6
2624	6
2625	6
2626	6
2627	6
2628	6
2629	6
2630	6
2631	6
2632	6
2633	6
2634	6
2635	6
2636	6
2637	6
2638	6
2639	6
2640	5
2641	5
2642	5
2643	5
2644	5
2645	5
2646	5
2647	5
2648	5
2649	5
2650	5
2651	5
2652	5
2653	5
2654	5
2655	5
2656	5
2657	5
2658	5
2659	5
2660	5
2661	5
2662	5
2663	5
2664	5
2665	13
2666	5
2667	5
2668	13
2669	13
2670	5
2671	13
2672	5
2673	13
2674	5
2675	5
2676	5
2677	5
2678	5
2679	13
2680	5
2681	13
2682	13
2683	13
2684	13
2685	5
2686	5
2687	5
2688	7
2689	7
2690	7
2691	7
315	1
1657	3
