0	9
1	9
2	9
3	9
4	9
5	9
6	9
7	8
8	8
9	3
10	3
11	8
12	8
13	8
14	8
15	8
16	3
17	8
18	3
19	3
20	3
21	12
22	12
23	12
24	12
25	12
26	12
27	12
28	12
29	4
30	4
31	4
32	4
33	4
34	4
35	4
36	4
37	4
38	4
39	4
40	4
41	4
42	4
43	4
44	4
45	4
46	4
47	4
48	4
49	4
50	4
51	4
52	4
53	13
54	13
55	13
56	13
57	13
58	4
59	4
60	4
61	4
62	4
63	4
64	4
65	13
66	13
67	13
68	13
69	13
70	13
71	12
72	12
73	12
74	12
75	4
76	4
77	4
78	4
79	4
80	4
81	4
82	4
83	2
84	2
85	2
86	2
87	2
88	2
89	2
90	2
91	2
92	2
93	2
94	2
95	2
96	3
97	8
98	3
99	8
100	8
101	8
102	8
103	8
104	8
105	3
106	8
107	3
108	3
109	8
110	8
111	8
112	8
113	8
114	8
115	8
116	8
117	8
118	8
119	8
120	8
121	8
122	8
123	8
124	8
125	8
126	8
127	8
128	8
129	5
130	5
131	5
132	5
133	5
134	5
135	5
136	5
137	5
138	5
139	5
140	5
141	5
142	5
143	5
144	5
145	5
146	5
147	5
148	5
149	5
150	2
151	5
152	5
153	2
154	5
155	5
156	5
157	5
158	5
159	5
160	5
161	5
162	5
163	5
164	5
165	5
166	10
167	10
168	10
169	10
170	10
171	10
172	10
173	10
174	10
175	10
176	10
177	10
178	10
179	10
180	10
181	10
182	10
183	9
184	9
185	9
186	9
187	9
188	9
189	9
190	9
191	9
192	9
193	9
194	9
195	9
196	9
197	9
198	9
199	9
200	9
201	9
202	9
203	9
204	9
205	9
206	9
207	9
208	12
209	12
210	12
211	12
212	12
213	12
214	12
215	12
216	12
217	12
218	12
219	12
220	12
221	12
222	12
223	12
224	12
225	12
226	6
227	6
228	6
229	6
230	6
231	6
232	6
233	6
234	6
235	6
236	12
237	12
238	12
239	12
240	12
241	12
242	12
243	12
244	12
245	12
246	12
247	12
248	9
249	9
250	9
251	9
252	9
253	9
254	9
255	9
256	9
257	9
258	9
259	9
260	9
261	6
262	6
263	6
264	6
265	6
266	6
267	6
268	6
269	6
270	6
271	6
272	6
273	6
274	6
275	6
276	6
277	6
278	6
279	6
280	6
281	6
282	6
283	6
284	6
285	6
286	6
287	6
288	6
289	6
290	6
291	6
292	6
293	6
294	6
295	6
296	6
297	6
298	6
299	6
300	6
301	6
302	9
303	9
304	9
305	9
306	11
307	11
308	13
309	11
310	11
311	11
312	13
313	13
314	11
316	3
317	3
318	3
319	3
320	3
321	3
322	3
323	3
324	3
325	3
326	3
327	3
328	3
329	3
330	3
331	13
332	13
333	13
334	11
335	13
336	11
337	3
338	3
339	3
340	13
341	13
342	11
343	11
344	11
345	11
346	13
347	11
348	13
349	13
350	11
351	11
352	11
353	11
354	11
355	11
356	2
357	2
358	2
359	2
360	2
361	2
362	2
363	2
364	2
365	2
366	2
367	2
368	2
369	11
370	11
371	11
372	11
373	11
374	11
375	11
376	11
377	11
378	11
379	11
380	11
381	11
382	11
383	13
384	13
385	13
386	11
387	11
388	11
389	3
390	3
391	3
392	3
393	3
394	11
395	11
396	13
397	11
398	3
399	3
400	3
401	3
402	3
403	12
404	12
405	12
406	12
407	12
408	12
409	3
410	4
411	3
412	3
413	4
414	3
415	4
416	3
417	4
418	3
419	3
420	4
421	3
422	4
423	3
424	4
425	10
426	10
427	10
428	10
429	10
430	10
431	10
432	10
433	3
434	4
435	4
436	3
437	3
438	4
439	3
440	4
441	4
442	3
443	4
444	3
445	3
446	10
447	10
448	10
449	10
450	10
451	4
452	3
453	4
454	10
455	10
456	10
457	4
458	3
459	4
460	4
461	3
462	3
463	10
464	10
465	10
466	10
467	10
468	10
469	10
470	10
471	10
472	10
473	3
474	3
475	6
476	6
477	10
478	10
479	10
480	10
481	10
482	10
483	10
484	12
485	12
486	6
487	10
488	10
489	6
490	6
491	6
492	6
493	6
494	6
495	10
496	10
497	6
498	12
499	10
500	6
501	10
502	12
503	10
504	6
505	6
506	12
507	12
508	12
509	12
510	12
511	12
512	12
513	12
514	12
515	12
516	12
517	12
518	12
519	12
520	12
521	12
522	2
523	2
524	2
525	2
526	9
527	9
528	2
529	2
530	2
531	2
532	2
533	2
534	2
535	2
536	2
537	2
538	9
539	9
540	9
541	9
542	9
543	9
544	9
545	9
546	9
547	9
548	9
549	9
550	9
551	9
552	9
553	9
554	9
555	9
556	9
557	9
558	9
559	12
560	12
561	12
562	12
563	12
564	12
565	9
566	9
567	9
568	9
569	9
570	7
571	7
572	7
573	7
574	2
575	7
576	7
577	7
578	2
579	7
580	7
581	9
582	9
583	9
584	9
585	9
586	9
587	6
588	6
589	6
590	6
591	6
592	12
593	12
594	6
595	12
596	6
597	12
598	6
599	12
600	12
601	12
602	12
603	9
604	9
605	9
606	9
607	9
608	9
609	9
610	9
611	9
612	9
613	9
614	9
615	9
616	9
617	12
618	12
619	12
620	6
621	6
622	6
623	6
624	6
625	6
626	6
627	6
628	12
629	12
630	12
631	12
632	6
633	12
634	6
635	12
636	6
637	6
638	6
639	9
640	9
641	9
642	9
643	9
644	9
645	9
646	9
647	9
648	9
649	9
650	9
651	9
652	9
653	9
654	9
655	9
656	9
657	10
658	10
659	10
660	10
661	4
662	4
663	4
664	4
665	4
666	4
667	4
668	4
669	4
670	6
671	6
672	6
673	6
674	6
675	6
676	6
677	6
678	6
679	6
680	4
681	4
682	4
683	4
684	4
685	4
686	4
687	4
688	4
689	4
690	4
691	4
692	4
693	4
694	4
695	4
696	4
697	6
698	6
699	6
700	6
701	6
702	6
703	6
704	6
705	6
706	6
707	6
708	6
709	6
710	6
711	6
712	6
713	6
714	4
715	4
716	12
717	12
718	6
719	6
720	6
721	12
722	12
723	12
724	12
725	12
726	12
727	12
728	12
729	12
730	12
731	12
732	4
733	4
734	4
735	4
736	4
737	10
738	10
739	10
740	10
741	10
742	10
743	10
744	10
745	4
746	4
747	4
748	4
749	4
750	4
751	4
752	4
753	4
754	4
755	4
756	4
757	4
758	4
759	4
760	4
761	4
762	4
763	4
764	4
765	4
766	10
767	10
768	10
769	10
770	4
771	4
772	10
773	10
774	10
775	10
776	10
777	10
778	10
779	10
780	10
781	10
782	10
783	10
784	10
785	12
786	10
787	10
788	10
789	10
790	10
791	12
792	12
793	12
794	12
795	12
796	12
797	12
798	12
799	12
800	12
801	10
802	10
803	10
804	10
805	12
806	12
807	12
808	10
809	10
810	10
811	13
812	8
813	13
814	13
815	13
816	13
817	13
818	8
819	8
820	8
821	13
822	13
823	13
824	13
825	13
826	13
827	8
828	13
829	8
830	13
831	13
832	13
833	13
834	13
835	13
836	13
837	13
838	13
839	13
840	13
841	13
842	13
843	13
844	13
845	13
846	13
847	8
848	8
849	8
850	8
851	8
852	13
853	13
854	13
855	13
856	8
857	8
858	9
859	9
860	9
861	9
862	9
863	9
864	9
865	9
866	9
867	9
868	9
869	9
870	9
871	13
872	13
873	13
874	13
875	13
876	13
877	13
878	13
879	13
880	8
881	13
882	13
883	13
884	13
885	13
886	13
887	13
888	8
889	13
890	13
891	8
892	8
893	13
894	13
895	13
896	13
897	13
898	8
899	8
900	8
901	8
902	13
903	13
904	13
905	13
906	13
907	8
908	8
909	13
910	8
911	8
912	8
913	8
914	13
915	13
916	13
917	13
918	13
919	13
920	8
921	8
922	8
923	8
924	8
925	13
926	13
927	13
928	13
929	13
930	8
931	8
932	8
933	8
934	13
935	13
936	13
937	13
938	13
939	8
940	8
941	13
942	8
943	8
944	8
945	8
946	13
947	8
948	13
949	8
950	8
951	8
952	8
953	8
954	8
955	8
956	8
957	13
958	13
959	13
960	13
961	8
962	8
963	13
964	13
965	13
966	8
967	13
968	8
969	13
970	13
971	13
972	13
973	13
974	8
975	8
976	13
977	13
978	13
979	8
980	13
981	13
982	3
983	3
984	8
985	10
986	2
987	2
988	10
989	2
990	2
991	2
992	10
993	2
994	2
995	2
996	2
997	10
998	2
999	2
1000	10
1001	10
1002	10
1003	2
1004	2
1005	2
1006	2
1007	3
1008	8
1009	2
1010	8
1011	3
1012	8
1013	8
1014	3
1015	3
1016	3
1017	8
1018	8
1019	3
1020	3
1021	3
1022	8
1023	3
1024	3
1025	3
1026	3
1027	8
1028	3
1029	3
1030	3
1031	3
1032	3
1033	3
1034	3
1035	3
1036	3
1037	3
1038	3
1039	8
1040	3
1041	3
1042	8
1043	3
1044	3
1045	3
1046	3
1047	3
1048	8
1049	3
1050	3
1051	8
1052	3
1053	3
1054	3
1055	3
1056	8
1057	8
1058	8
1059	3
1060	8
1061	8
1062	3
1063	3
1064	3
1065	8
1066	3
1067	3
1068	8
1069	3
1070	8
1071	3
1072	3
1073	3
1074	3
1075	4
1076	4
1077	4
1078	4
1079	4
1080	4
1081	4
1082	4
1083	4
1084	4
1085	4
1086	4
1087	6
1088	6
1089	6
1090	6
1091	6
1092	6
1093	6
1094	12
1095	12
1096	12
1097	12
1098	12
1099	12
1100	12
1101	12
1102	12
1103	12
1104	12
1105	12
1106	12
1107	11
1108	11
1109	11
1110	11
1111	11
1112	11
1113	11
1114	13
1115	11
1116	13
1117	11
1118	13
1119	11
1120	11
1121	11
1122	13
1123	11
1124	13
1125	13
1126	11
1127	11
1128	11
1129	11
1130	11
1131	13
1132	13
1133	13
1134	11
1135	11
1136	13
1137	13
1138	13
1139	13
1140	11
1141	11
1142	11
1143	11
1144	11
1145	11
1146	13
1147	13
1148	11
1149	11
1150	11
1151	11
1152	11
1153	13
1154	12
1155	12
1156	12
1157	12
1158	12
1159	12
1160	12
1161	12
1162	12
1163	12
1164	12
1165	12
1166	12
1167	12
1168	12
1169	3
1170	8
1171	8
1172	3
1173	3
1174	3
1175	8
1176	3
1177	3
1178	3
1179	3
1180	8
1181	3
1182	3
1183	3
1184	8
1185	3
1186	3
1187	3
1188	3
1189	3
1190	8
1191	8
1192	8
1193	3
1194	8
1195	3
1196	8
1197	3
1198	8
1199	3
1200	8
1201	8
1202	8
1203	8
1204	8
1205	8
1206	8
1207	8
1208	8
1209	8
1210	8
1211	8
1212	8
1213	8
1214	8
1215	8
1216	8
1217	8
1218	8
1219	8
1220	8
1221	8
1222	8
1223	8
1224	8
1225	8
1226	8
1227	8
1228	8
1229	8
1230	8
1231	8
1232	8
1233	8
1234	8
1235	8
1236	8
1237	8
1238	8
1239	8
1240	6
1241	6
1242	6
1243	6
1244	6
1245	6
1246	6
1247	6
1248	6
1249	6
1250	6
1251	6
1252	6
1253	4
1254	4
1255	4
1256	4
1257	4
1258	6
1259	6
1260	6
1261	6
1262	6
1263	6
1264	4
1265	4
1266	4
1267	4
1268	4
1269	4
1270	4
1271	4
1272	4
1273	4
1274	4
1275	4
1276	4
1277	4
1278	12
1279	12
1280	12
1281	6
1282	6
1283	6
1284	4
1285	4
1286	4
1287	4
1288	12
1289	12
1290	12
1291	12
1292	12
1293	12
1294	12
1295	12
1296	12
1297	12
1298	12
1299	12
1300	12
1301	12
1302	12
1303	4
1304	4
1305	4
1306	4
1307	4
1308	4
1309	4
1310	4
1311	4
1312	4
1313	4
1314	13
1315	13
1316	13
1317	13
1318	13
1319	13
1320	13
1321	13
1322	13
1323	13
1324	13
1325	13
1326	13
1327	13
1328	13
1329	13
1330	13
1331	13
1332	13
1333	13
1334	13
1335	13
1336	13
1337	13
1338	13
1339	13
1340	13
1341	13
1342	13
1343	13
1344	13
1345	13
1346	4
1347	4
1348	4
1349	4
1350	4
1351	4
1352	4
1353	4
1354	4
1355	4
1356	4
1357	4
1358	4
1359	4
1360	4
1361	4
1362	4
1363	11
1364	11
1365	11
1366	11
1367	11
1368	11
1369	11
1370	11
1371	11
1372	11
1373	11
1374	11
1375	11
1376	11
1377	11
1378	11
1379	11
1380	11
1381	12
1382	12
1383	12
1384	12
1385	12
1386	12
1387	12
1388	12
1389	12
1390	12
1391	12
1392	12
1393	12
1394	12
1395	12
1396	12
1397	4
1398	4
1399	4
1400	4
1401	4
1402	4
1403	4
1404	4
1405	4
1406	4
1407	4
1408	4
1409	4
1410	4
1411	4
1412	4
1413	4
1414	4
1415	4
1416	4
1417	4
1418	4
1419	4
1420	4
1421	4
1422	4
1423	4
1424	4
1425	4
1426	4
1427	4
1428	7
1429	7
1430	7
1431	7
1432	7
1433	7
1434	7
1435	7
1436	7
1437	7
1438	7
1439	7
1440	7
1441	3
1442	3
1443	3
1444	3
1445	3
1446	8
1447	8
1448	3
1449	3
1450	8
1451	8
1452	3
1453	3
1454	3
1455	7
1456	7
1457	7
1458	7
1459	7
1460	7
1461	7
1462	7
1463	7
1464	7
1465	12
1466	12
1467	12
1468	12
1469	12
1470	12
1471	12
1472	12
1473	12
1474	12
1475	12
1476	12
1477	12
1478	12
1479	12
1480	12
1481	12
1482	12
1483	12
1484	12
1485	12
1486	12
1487	12
1488	12
1489	3
1490	3
1491	3
1492	3
1493	3
1494	3
1495	3
1496	3
1497	3
1498	3
1499	3
1500	3
1501	9
1502	9
1503	9
1504	9
1505	9
1506	9
1507	9
1508	9
1509	9
1510	9
1511	9
1512	9
1513	9
1514	9
1515	9
1516	9
1517	9
1518	9
1519	9
1520	9
1521	9
1522	9
1523	9
1524	9
1525	9
1526	9
1527	9
1528	9
1529	10
1530	10
1531	10
1532	10
1533	10
1534	10
1535	10
1536	10
1537	10
1538	10
1539	10
1540	10
1541	10
1542	10
1543	10
1544	10
1545	10
1546	10
1547	10
1548	10
1549	10
1550	10
1551	10
1552	2
1553	2
1554	2
1555	2
1556	2
1557	2
1558	2
1559	2
1560	2
1561	2
1562	2
1563	2
1564	2
1565	2
1566	2
1567	2
1568	2
1569	2
1570	2
1571	2
1572	2
1573	2
1574	2
1575	2
1576	4
1577	4
1578	4
1579	4
1580	4
1581	4
1582	4
1583	4
1584	4
1585	4
1586	4
1587	4
1588	4
1589	4
1590	4
1591	4
1592	4
1593	4
1594	4
1595	4
1596	4
1597	4
1598	4
1599	4
1600	4
1601	4
1602	2
1603	2
1604	2
1605	2
1606	2
1607	2
1608	2
1609	2
1610	2
1611	2
1612	2
1613	2
1614	2
1615	2
1616	2
1617	2
1618	12
1619	12
1620	12
1621	12
1622	12
1623	12
1624	12
1625	12
1626	12
1627	12
1628	12
1629	8
1630	8
1631	8
1632	8
1633	8
1634	8
1635	8
1636	8
1637	8
1638	8
1639	8
1640	8
1641	8
1642	8
1643	8
1644	12
1645	12
1646	12
1647	12
1648	12
1649	8
1650	8
1651	8
1652	8
1653	8
1654	8
1655	8
1656	8
1658	8
1659	8
1660	8
1661	8
1662	8
1663	8
1664	8
1665	8
1666	8
1667	8
1668	8
1669	8
1670	8
1671	8
1672	8
1673	12
1674	8
1675	8
1676	8
1677	12
1678	6
1679	6
1680	6
1681	6
1682	6
1683	6
1684	6
1685	3
1686	3
1687	3
1688	3
1689	3
1690	3
1691	3
1692	3
1693	3
1694	3
1695	3
1696	3
1697	3
1698	3
1699	3
1700	3
1701	3
1702	3
1703	7
1704	7
1705	3
1706	3
1707	3
1708	3
1709	3
1710	3
1711	3
1712	3
1713	12
1714	12
1715	12
1716	12
1717	12
1718	12
1719	12
1720	12
1721	12
1722	12
1723	12
1724	12
1725	3
1726	3
1727	3
1728	12
1729	3
1730	3
1731	3
1732	3
1733	3
1734	3
1735	3
1736	3
1737	3
1738	3
1739	3
1740	3
1741	3
1742	9
1743	9
1744	1
1745	9
1746	9
1747	1
1748	9
1749	1
1750	1
1751	9
1752	9
1753	9
1754	1
1755	9
1756	1
1757	12
1758	12
1759	12
1760	12
1761	9
1762	9
1763	9
1764	1
1765	9
1766	1
1767	1
1768	9
1769	1
1770	9
1771	9
1772	1
1773	9
1774	12
1775	12
1776	12
1777	12
1778	12
1779	12
1780	12
1781	12
1782	12
1783	12
1784	12
1785	12
1786	12
1787	1
1788	9
1789	9
1790	9
1791	1
1792	1
1793	9
1794	1
1795	12
1796	12
1797	12
1798	12
1799	9
1800	9
1801	9
1802	9
1803	1
1804	1
1805	9
1806	1
1807	9
1808	1
1809	7
1810	7
1811	7
1812	7
1813	7
1814	7
1815	7
1816	7
1817	7
1818	7
1819	7
1820	7
1821	7
1822	7
1823	7
1824	7
1825	7
1826	7
1827	7
1828	7
1829	7
1830	12
1831	12
1832	12
1833	12
1834	12
1835	7
1836	7
1837	12
1838	7
1839	7
1840	11
1841	11
1842	11
1843	11
1844	11
1845	7
1846	7
1847	7
1848	7
1849	7
1850	7
1851	7
1852	7
1853	7
1854	7
1855	7
1856	7
1857	12
1858	12
1859	12
1860	12
1861	12
1862	12
1863	7
1864	7
1865	7
1866	7
1867	7
1868	7
1869	7
1870	7
1871	7
1872	10
1873	6
1874	6
1875	10
1876	10
1877	10
1878	10
1879	10
1880	6
1881	6
1882	6
1883	6
1884	6
1885	6
1886	6
1887	10
1888	10
1889	10
1890	10
1891	6
1892	10
1893	10
1894	6
1895	9
1896	9
1897	9
1898	13
1899	13
1900	13
1901	13
1902	13
1903	13
1904	4
1905	4
1906	4
1907	4
1908	9
1909	9
1910	4
1911	4
1912	4
1913	4
1914	4
1915	4
1916	13
1917	13
1918	13
1919	13
1920	13
1921	13
1922	13
1923	13
1924	9
1925	9
1926	4
1927	4
1928	9
1929	4
1930	9
1931	4
1932	4
1933	4
1934	4
1935	4
1936	4
1937	9
1938	4
1939	4
1940	9
1941	9
1942	4
1943	4
1944	4
1945	4
1946	4
1947	4
1948	4
1949	4
1950	4
1951	9
1952	9
1953	4
1954	4
1955	4
1956	4
1957	9
1958	4
1959	9
1960	4
1961	4
1962	9
1963	4
1964	9
1965	9
1966	4
1967	4
1968	4
1969	4
1970	9
1971	4
1972	9
1973	4
1974	9
1975	4
1976	10
1977	10
1978	10
1979	10
1980	10
1981	10
1982	10
1983	10
1984	10
1985	10
1986	10
1987	10
1988	10
1989	10
1990	10
1991	10
1992	10
1993	10
1994	10
1995	10
1996	10
1997	10
1998	10
1999	10
2000	10
2001	10
2002	10
2003	10
2004	10
2005	10
2006	10
2007	10
2008	10
2009	10
2010	10
2011	10
2012	10
2013	10
2014	10
2015	10
2016	10
2017	6
2018	6
2019	6
2020	6
2021	6
2022	6
2023	6
2024	10
2025	6
2026	6
2027	6
2028	6
2029	6
2030	10
2031	10
2032	10
2033	10
2034	10
2035	10
2036	10
2037	10
2038	12
2039	12
2040	12
2041	12
2042	12
2043	6
2044	6
2045	6
2046	10
2047	10
2048	12
2049	12
2050	6
2051	10
2052	10
2053	10
2054	10
2055	10
2056	10
2057	10
2058	2
2059	2
2060	2
2061	2
2062	2
2063	2
2064	2
2065	2
2066	2
2067	2
2068	6
2069	6
2070	6
2071	6
2072	6
2073	6
2074	6
2075	6
2076	6
2077	6
2078	6
2079	6
2080	6
2081	6
2082	6
2083	6
2084	6
2085	6
2086	6
2087	6
2088	6
2089	4
2090	4
2091	4
2092	4
2093	4
2094	4
2095	4
2096	9
2097	9
2098	9
2099	9
2100	9
2101	9
2102	9
2103	9
2104	9
2105	9
2106	9
2107	9
2108	9
2109	9
2110	9
2111	9
2112	9
2113	1
2114	1
2115	1
2116	1
2117	1
2118	7
2119	7
2120	1
2121	1
2122	1
2123	7
2124	6
2125	1
2126	1
2127	1
2128	1
2129	1
2130	1
2131	1
2132	1
2133	7
2134	1
2135	1
2136	7
2137	7
2138	7
2139	1
2140	7
2141	1
2142	1
2143	1
2144	7
2145	1
2146	7
2147	7
2148	1
2149	7
2150	1
2151	1
2152	1
2153	1
2154	1
2155	1
2156	1
2157	1
2158	1
2159	1
2160	1
2161	1
2162	1
2163	1
2164	7
2165	7
2166	1
2167	1
2168	1
2169	1
2170	1
2171	1
2172	1
2173	1
2174	7
2175	7
2176	7
2177	7
2178	1
2179	1
2180	7
2181	7
2182	1
2183	1
2184	1
2185	1
2186	1
2187	1
2188	7
2189	1
2190	1
2191	1
2192	1
2193	1
2194	7
2195	1
2196	7
2197	7
2198	1
2199	7
2200	1
2201	1
2202	7
2203	1
2204	1
2205	1
2206	1
2207	1
2208	1
2209	1
2210	1
2211	1
2212	1
2213	1
2214	1
2215	7
2216	7
2217	1
2218	1
2219	1
2220	1
2221	1
2222	1
2223	7
2224	1
2225	1
2226	1
2227	1
2228	1
2229	1
2230	7
2231	7
2232	1
2233	7
2234	7
2235	1
2236	7
2237	7
2238	7
2239	1
2240	1
2241	1
2242	7
2243	7
2244	7
2245	7
2246	1
2247	7
2248	7
2249	1
2250	1
2251	1
2252	1
2253	7
2254	7
2255	7
2256	7
2257	1
2258	1
2259	1
2260	1
2261	7
2262	1
2263	1
2264	1
2265	1
2266	1
2267	1
2268	1
2269	7
2270	7
2271	1
2272	1
2273	1
2274	1
2275	1
2276	1
2277	7
2278	1
2279	1
2280	1
2281	1
2282	1
2283	7
2284	6
2285	6
2286	1
2287	1
2288	1
2289	1
2290	1
2291	1
2292	1
2293	1
2294	1
2295	1
2296	1
2297	1
2298	7
2299	7
2300	7
2301	1
2302	7
2303	1
2304	7
2305	1
2306	1
2307	1
2308	1
2309	6
2310	6
2311	6
2312	13
2313	13
2314	13
2315	13
2316	13
2317	13
2318	13
2319	13
2320	13
2321	13
2322	13
2323	13
2324	13
2325	13
2326	13
2327	13
2328	13
2329	13
2330	9
2331	9
2332	9
2333	9
2334	9
2335	9
2336	9
2337	9
2338	9
2339	9
2340	9
2341	9
2342	9
2343	9
2344	9
2345	9
2346	3
2347	3
2348	3
2349	3
2350	3
2351	3
2352	3
2353	3
2354	3
2355	3
2356	3
2357	3
2358	3
2359	3
2360	3
2361	3
2362	3
2363	3
2364	3
2365	3
2366	7
2367	7
2368	7
2369	7
2370	7
2371	7
2372	7
2373	7
2374	7
2375	7
2376	7
2377	7
2378	7
2379	7
2380	7
2381	7
2382	7
2383	7
2384	7
2385	7
2386	7
2387	7
2388	7
2389	7
2390	7
2391	7
2392	7
2393	7
2394	7
2395	7
2396	7
2397	7
2398	7
2399	7
2400	7
2401	7
2402	7
2403	7
2404	7
2405	7
2406	7
2407	7
2408	7
2409	7
2410	7
2411	7
2412	7
2413	7
2414	7
2415	11
2416	11
2417	11
2418	11
2419	5
2420	5
2421	5
2422	11
2423	11
2424	11
2425	11
2426	5
2427	5
2428	5
2429	5
2430	5
2431	5
2432	5
2433	5
2434	5
2435	11
2436	11
2437	11
2438	5
2439	5
2440	5
2441	5
2442	11
2443	11
2444	11
2445	5
2446	5
2447	5
2448	11
2449	11
2450	5
2451	5
2452	5
2453	11
2454	11
2455	11
2456	11
2457	11
2458	11
2459	11
2460	5
2461	5
2462	11
2463	11
2464	11
2465	5
2466	5
2467	11
2468	11
2469	11
2470	11
2471	11
2472	11
2473	5
2474	5
2475	11
2476	11
2477	11
2478	11
2479	11
2480	11
2481	11
2482	11
2483	11
2484	11
2485	11
2486	11
2487	11
2488	11
2489	11
2490	11
2491	5
2492	11
2493	11
2494	11
2495	11
2496	5
2497	5
2498	5
2499	5
2500	11
2501	11
2502	11
2503	11
2504	11
2505	11
2506	11
2507	11
2508	5
2509	5
2510	5
2511	5
2512	5
2513	5
2514	5
2515	5
2516	5
2517	5
2518	5
2519	5
2520	5
2521	5
2522	5
2523	5
2524	5
2525	5
2526	11
2527	5
2528	5
2529	5
2530	5
2531	5
2532	5
2533	5
2534	5
2535	5
2536	5
2537	5
2538	5
2539	5
2540	5
2541	5
2542	5
2543	11
2544	5
2545	5
2546	5
2547	5
2548	5
2549	5
2550	5
2551	5
2552	5
2553	5
2554	5
2555	5
2556	5
2557	5
2558	11
2559	11
2560	5
2561	5
2562	5
2563	5
2564	5
2565	5
2566	5
2567	5
2568	5
2569	5
2570	5
2571	5
2572	5
2573	5
2574	5
2575	5
2576	5
2577	5
2578	5
2579	5
2580	5
2581	5
2582	5
2583	5
2584	5
2585	11
2586	11
2587	5
2588	5
2589	5
2590	5
2591	5
2592	5
2593	5
2594	11
2595	11
2596	11
2597	11
2598	11
2599	11
2600	5
2601	5
2602	5
2603	5
2604	5
2605	5
2606	6
2607	6
2608	6
2609	6
2610	6
2611	6
2612	6
2613	6
2614	6
2615	6
2616	6
2617	6
2618	6
2619	6
2620	6
2621	6
2622	6
2623	6
2624	6
2625	6
2626	6
2627	6
2628	6
2629	6
2630	6
2631	6
2632	6
2633	6
2634	6
2635	6
2636	6
2637	6
2638	6
2639	6
2640	2
2641	2
2642	2
2643	2
2644	2
2645	2
2646	2
2647	2
2648	2
2649	2
2650	2
2651	2
2652	2
2653	2
2654	2
2655	2
2656	2
2657	2
2658	2
2659	2
2660	2
2661	2
2662	2
2663	2
2664	2
2665	2
2666	2
2667	2
2668	2
2669	2
2670	2
2671	2
2672	2
2673	2
2674	2
2675	2
2676	2
2677	2
2678	2
2679	2
2680	2
2681	2
2682	2
2683	2
2684	2
2685	2
2686	2
2687	2
2688	9
2689	9
2690	9
2691	9
315	3
1657	8
