0	5
1	5
2	5
3	5
4	5
5	5
6	5
7	12
8	12
9	12
10	12
11	12
12	6
13	6
14	6
15	6
16	12
17	12
18	12
19	12
20	12
21	13
22	13
23	13
24	13
25	13
26	13
27	13
28	13
29	12
30	12
31	2
32	2
33	12
34	2
35	2
36	2
37	2
38	2
39	2
40	2
41	12
42	2
43	2
44	12
45	2
46	2
47	2
48	2
49	2
50	2
51	2
52	2
53	7
54	7
55	7
56	7
57	7
58	2
59	2
60	2
61	2
62	2
63	2
64	2
65	7
66	7
67	7
68	7
69	7
70	7
71	13
72	13
73	13
74	13
75	2
76	2
77	2
78	2
79	2
80	2
81	2
82	2
83	8
84	8
85	8
86	4
87	4
88	4
89	8
90	8
91	8
92	8
93	8
94	8
95	4
96	12
97	6
98	12
99	12
100	6
101	6
102	12
103	12
104	12
105	12
106	12
107	12
108	12
109	12
110	12
111	12
112	6
113	6
114	12
115	12
116	12
117	12
118	6
119	6
120	6
121	12
122	12
123	12
124	12
125	12
126	12
127	12
128	12
129	9
130	9
131	9
132	9
133	9
134	9
135	9
136	9
137	9
138	9
139	9
140	9
141	9
142	9
143	9
144	9
145	9
146	9
147	9
148	9
149	9
150	9
151	9
152	9
153	9
154	9
155	9
156	9
157	9
158	9
159	9
160	9
161	9
162	9
163	9
164	9
165	9
166	8
167	8
168	8
169	8
170	8
171	8
172	8
173	8
174	9
175	8
176	8
177	8
178	8
179	8
180	8
181	9
182	9
183	2
184	2
185	2
186	2
187	2
188	2
189	2
190	2
191	2
192	2
193	2
194	2
195	2
196	2
197	2
198	2
199	2
200	2
201	2
202	2
203	2
204	2
205	2
206	2
207	2
208	13
209	13
210	13
211	13
212	13
213	13
214	13
215	13
216	13
217	13
218	13
219	13
220	13
221	13
222	13
223	13
224	13
225	13
226	10
227	10
228	10
229	10
230	10
231	10
232	10
233	10
234	10
235	10
236	13
237	13
238	13
239	13
240	13
241	13
242	13
243	13
244	13
245	13
246	13
247	13
248	2
249	2
250	2
251	2
252	2
253	2
254	2
255	2
256	2
257	2
258	2
259	2
260	2
261	10
262	10
263	10
264	10
265	10
266	10
267	10
268	10
269	10
270	10
271	10
272	10
273	10
274	10
275	10
276	10
277	10
278	10
279	10
280	10
281	10
282	10
283	10
284	10
285	10
286	10
287	10
288	10
289	10
290	10
291	10
292	10
293	10
294	10
295	10
296	10
297	10
298	10
299	10
300	10
301	10
302	2
303	2
304	2
305	2
306	11
307	7
308	7
309	11
310	11
311	11
312	11
313	7
314	11
316	12
317	12
318	12
319	12
320	12
321	12
322	12
323	12
324	12
325	12
326	12
327	12
328	12
329	12
330	12
331	7
332	11
333	7
334	7
335	11
336	11
337	12
338	12
339	12
340	11
341	11
342	11
343	7
344	7
345	7
346	7
347	11
348	7
349	11
350	7
351	7
352	7
353	11
354	7
355	7
356	11
357	11
358	11
359	11
360	11
361	11
362	11
363	11
364	11
365	11
366	11
367	11
368	11
369	11
370	7
371	7
372	7
373	11
374	11
375	7
376	7
377	7
378	7
379	7
380	7
381	7
382	7
383	7
384	7
385	7
386	7
387	11
388	11
389	12
390	12
391	12
392	12
393	12
394	7
395	7
396	7
397	11
398	12
399	12
400	12
401	12
402	12
403	13
404	13
405	13
406	13
407	13
408	13
409	5
410	5
411	5
412	5
413	5
414	5
415	5
416	5
417	5
418	5
419	5
420	5
421	5
422	5
423	5
424	5
425	8
426	8
427	8
428	8
429	8
430	8
431	8
432	8
433	5
434	5
435	5
436	5
437	5
438	5
439	5
440	5
441	5
442	5
443	5
444	5
445	5
446	8
447	8
448	8
449	8
450	8
451	5
452	5
453	5
454	8
455	8
456	8
457	5
458	5
459	5
460	5
461	5
462	5
463	8
464	8
465	8
466	8
467	8
468	8
469	8
470	8
471	8
472	8
473	5
474	5
475	10
476	10
477	9
478	9
479	9
480	9
481	9
482	9
483	9
484	13
485	13
486	9
487	9
488	9
489	10
490	10
491	10
492	10
493	10
494	10
495	9
496	9
497	9
498	13
499	9
500	9
501	9
502	13
503	9
504	9
505	9
506	13
507	13
508	13
509	13
510	13
511	13
512	13
513	13
514	13
515	13
516	13
517	13
518	13
519	13
520	13
521	13
522	4
523	4
524	4
525	4
526	2
527	2
528	4
529	4
530	4
531	4
532	4
533	4
534	4
535	4
536	4
537	4
538	2
539	2
540	2
541	2
542	2
543	2
544	2
545	2
546	2
547	2
548	2
549	2
550	2
551	2
552	2
553	2
554	2
555	2
556	2
557	2
558	2
559	13
560	13
561	13
562	13
563	13
564	13
565	2
566	2
567	2
568	2
569	2
570	1
571	1
572	1
573	1
574	1
575	1
576	1
577	1
578	1
579	1
580	1
581	2
582	2
583	2
584	2
585	2
586	2
587	10
588	10
589	10
590	10
591	10
592	13
593	13
594	10
595	13
596	10
597	13
598	10
599	13
600	13
601	13
602	13
603	2
604	2
605	2
606	2
607	2
608	2
609	2
610	2
611	2
612	2
613	2
614	2
615	2
616	2
617	10
618	13
619	13
620	10
621	10
622	10
623	10
624	10
625	10
626	10
627	10
628	13
629	13
630	13
631	13
632	10
633	10
634	10
635	10
636	10
637	10
638	10
639	2
640	2
641	2
642	2
643	2
644	2
645	2
646	2
647	2
648	2
649	2
650	2
651	2
652	2
653	2
654	2
655	2
656	2
657	9
658	9
659	10
660	10
661	5
662	5
663	5
664	5
665	5
666	5
667	5
668	5
669	5
670	13
671	13
672	9
673	9
674	13
675	13
676	9
677	9
678	9
679	9
680	5
681	5
682	5
683	5
684	5
685	5
686	5
687	5
688	5
689	5
690	5
691	5
692	5
693	5
694	5
695	5
696	5
697	13
698	9
699	9
700	13
701	13
702	13
703	13
704	9
705	9
706	9
707	13
708	13
709	9
710	13
711	13
712	13
713	13
714	5
715	5
716	10
717	10
718	13
719	13
720	9
721	13
722	10
723	10
724	13
725	10
726	13
727	13
728	13
729	13
730	13
731	10
732	12
733	12
734	12
735	12
736	12
737	9
738	8
739	8
740	8
741	9
742	9
743	9
744	9
745	12
746	12
747	12
748	12
749	12
750	12
751	12
752	12
753	12
754	12
755	12
756	12
757	12
758	12
759	12
760	12
761	12
762	12
763	12
764	12
765	12
766	9
767	9
768	9
769	9
770	12
771	12
772	9
773	9
774	9
775	8
776	9
777	9
778	8
779	9
780	9
781	8
782	9
783	8
784	9
785	13
786	9
787	9
788	9
789	9
790	9
791	13
792	13
793	13
794	13
795	13
796	13
797	13
798	13
799	13
800	13
801	9
802	9
803	9
804	9
805	13
806	13
807	13
808	9
809	9
810	9
811	7
812	7
813	7
814	4
815	7
816	7
817	7
818	7
819	7
820	7
821	4
822	7
823	7
824	7
825	7
826	7
827	7
828	7
829	4
830	7
831	7
832	7
833	7
834	4
835	4
836	7
837	4
838	7
839	7
840	4
841	7
842	4
843	7
844	7
845	7
846	7
847	4
848	7
849	7
850	7
851	7
852	7
853	7
854	7
855	7
856	4
857	7
858	2
859	2
860	2
861	2
862	2
863	2
864	2
865	2
866	2
867	2
868	2
869	2
870	2
871	7
872	7
873	7
874	7
875	7
876	7
877	7
878	7
879	7
880	7
881	7
882	7
883	4
884	7
885	4
886	7
887	7
888	4
889	7
890	7
891	7
892	4
893	4
894	7
895	4
896	7
897	7
898	7
899	7
900	7
901	7
902	7
903	7
904	7
905	7
906	7
907	7
908	4
909	7
910	7
911	7
912	4
913	7
914	7
915	7
916	7
917	7
918	7
919	7
920	7
921	7
922	7
923	4
924	7
925	7
926	7
927	7
928	7
929	7
930	4
931	4
932	7
933	7
934	7
935	7
936	7
937	7
938	7
939	7
940	7
941	7
942	4
943	7
944	7
945	4
946	7
947	4
948	7
949	4
950	7
951	7
952	7
953	7
954	7
955	7
956	4
957	7
958	7
959	7
960	7
961	7
962	4
963	7
964	7
965	7
966	7
967	7
968	7
969	7
970	7
971	7
972	7
973	7
974	7
975	4
976	7
977	7
978	7
979	7
980	7
981	7
982	4
983	4
984	4
985	9
986	9
987	9
988	9
989	9
990	9
991	9
992	9
993	9
994	9
995	9
996	9
997	9
998	9
999	9
1000	9
1001	9
1002	9
1003	9
1004	9
1005	9
1006	9
1007	4
1008	4
1009	9
1010	4
1011	4
1012	4
1013	4
1014	4
1015	4
1016	4
1017	4
1018	4
1019	4
1020	4
1021	4
1022	4
1023	4
1024	4
1025	4
1026	4
1027	4
1028	4
1029	4
1030	4
1031	4
1032	4
1033	4
1034	4
1035	4
1036	12
1037	4
1038	4
1039	4
1040	4
1041	4
1042	4
1043	4
1044	4
1045	4
1046	12
1047	12
1048	4
1049	4
1050	12
1051	4
1052	4
1053	12
1054	4
1055	12
1056	4
1057	4
1058	4
1059	4
1060	4
1061	4
1062	4
1063	12
1064	12
1065	4
1066	12
1067	4
1068	4
1069	4
1070	4
1071	4
1072	4
1073	12
1074	12
1075	2
1076	2
1077	2
1078	2
1079	2
1080	2
1081	2
1082	2
1083	2
1084	2
1085	2
1086	2
1087	10
1088	10
1089	10
1090	10
1091	10
1092	10
1093	10
1094	13
1095	13
1096	13
1097	13
1098	13
1099	13
1100	13
1101	13
1102	13
1103	13
1104	13
1105	13
1106	13
1107	11
1108	11
1109	11
1110	11
1111	11
1112	11
1113	11
1114	11
1115	11
1116	11
1117	11
1118	11
1119	11
1120	11
1121	11
1122	11
1123	11
1124	11
1125	11
1126	11
1127	11
1128	11
1129	11
1130	11
1131	11
1132	11
1133	11
1134	11
1135	11
1136	11
1137	11
1138	11
1139	11
1140	11
1141	11
1142	11
1143	11
1144	11
1145	11
1146	11
1147	11
1148	11
1149	11
1150	11
1151	11
1152	11
1153	11
1154	13
1155	13
1156	13
1157	13
1158	7
1159	13
1160	13
1161	13
1162	13
1163	7
1164	7
1165	13
1166	7
1167	7
1168	13
1169	4
1170	4
1171	4
1172	4
1173	4
1174	4
1175	4
1176	4
1177	4
1178	4
1179	4
1180	4
1181	4
1182	4
1183	4
1184	4
1185	4
1186	4
1187	4
1188	4
1189	4
1190	4
1191	4
1192	4
1193	4
1194	4
1195	4
1196	4
1197	4
1198	4
1199	4
1200	11
1201	11
1202	11
1203	11
1204	4
1205	11
1206	11
1207	11
1208	4
1209	11
1210	11
1211	4
1212	4
1213	4
1214	11
1215	11
1216	11
1217	4
1218	11
1219	11
1220	11
1221	11
1222	11
1223	11
1224	4
1225	11
1226	11
1227	4
1228	4
1229	11
1230	11
1231	11
1232	11
1233	11
1234	11
1235	4
1236	11
1237	11
1238	11
1239	4
1240	10
1241	10
1242	10
1243	10
1244	10
1245	10
1246	10
1247	10
1248	10
1249	10
1250	10
1251	10
1252	10
1253	12
1254	12
1255	12
1256	12
1257	12
1258	10
1259	10
1260	10
1261	10
1262	10
1263	10
1264	12
1265	12
1266	12
1267	12
1268	12
1269	12
1270	12
1271	12
1272	12
1273	12
1274	12
1275	5
1276	12
1277	12
1278	13
1279	13
1280	13
1281	10
1282	10
1283	10
1284	12
1285	12
1286	12
1287	5
1288	13
1289	13
1290	13
1291	13
1292	13
1293	13
1294	13
1295	13
1296	13
1297	13
1298	13
1299	13
1300	13
1301	13
1302	13
1303	2
1304	2
1305	2
1306	2
1307	2
1308	2
1309	2
1310	2
1311	2
1312	2
1313	2
1314	11
1315	11
1316	11
1317	11
1318	11
1319	11
1320	11
1321	11
1322	11
1323	11
1324	11
1325	11
1326	11
1327	11
1328	11
1329	11
1330	11
1331	11
1332	11
1333	11
1334	11
1335	11
1336	11
1337	11
1338	11
1339	11
1340	11
1341	11
1342	11
1343	11
1344	11
1345	11
1346	2
1347	2
1348	2
1349	2
1350	2
1351	2
1352	2
1353	2
1354	2
1355	2
1356	2
1357	2
1358	2
1359	2
1360	2
1361	2
1362	2
1363	11
1364	11
1365	11
1366	11
1367	11
1368	11
1369	11
1370	11
1371	11
1372	11
1373	11
1374	11
1375	11
1376	11
1377	11
1378	11
1379	11
1380	11
1381	13
1382	13
1383	13
1384	13
1385	13
1386	13
1387	13
1388	13
1389	13
1390	13
1391	13
1392	13
1393	13
1394	13
1395	13
1396	13
1397	5
1398	2
1399	5
1400	5
1401	5
1402	5
1403	2
1404	5
1405	2
1406	2
1407	5
1408	5
1409	5
1410	5
1411	5
1412	5
1413	5
1414	5
1415	5
1416	5
1417	5
1418	5
1419	5
1420	5
1421	5
1422	5
1423	5
1424	5
1425	5
1426	5
1427	5
1428	1
1429	1
1430	1
1431	1
1432	1
1433	1
1434	1
1435	1
1436	1
1437	1
1438	1
1439	1
1440	1
1441	12
1442	12
1443	12
1444	12
1445	12
1446	12
1447	12
1448	12
1449	12
1450	12
1451	12
1452	12
1453	12
1454	12
1455	1
1456	1
1457	1
1458	1
1459	1
1460	1
1461	1
1462	1
1463	1
1464	1
1465	13
1466	13
1467	13
1468	13
1469	13
1470	13
1471	13
1472	13
1473	13
1474	13
1475	13
1476	13
1477	13
1478	13
1479	13
1480	13
1481	13
1482	13
1483	13
1484	13
1485	13
1486	13
1487	13
1488	13
1489	12
1490	12
1491	12
1492	12
1493	12
1494	12
1495	12
1496	12
1497	12
1498	12
1499	12
1500	12
1501	5
1502	5
1503	5
1504	5
1505	5
1506	5
1507	5
1508	5
1509	5
1510	5
1511	5
1512	5
1513	5
1514	5
1515	5
1516	5
1517	5
1518	5
1519	5
1520	5
1521	5
1522	5
1523	5
1524	5
1525	5
1526	5
1527	5
1528	5
1529	8
1530	8
1531	8
1532	8
1533	8
1534	8
1535	8
1536	8
1537	8
1538	8
1539	8
1540	8
1541	8
1542	8
1543	8
1544	8
1545	8
1546	8
1547	8
1548	8
1549	8
1550	8
1551	8
1552	4
1553	4
1554	4
1555	4
1556	4
1557	4
1558	4
1559	4
1560	4
1561	4
1562	4
1563	4
1564	4
1565	4
1566	4
1567	4
1568	4
1569	4
1570	4
1571	4
1572	4
1573	4
1574	4
1575	4
1576	12
1577	12
1578	12
1579	12
1580	12
1581	12
1582	12
1583	12
1584	12
1585	12
1586	12
1587	12
1588	12
1589	12
1590	12
1591	12
1592	12
1593	2
1594	2
1595	2
1596	2
1597	2
1598	2
1599	2
1600	2
1601	2
1602	1
1603	1
1604	1
1605	1
1606	1
1607	1
1608	1
1609	1
1610	1
1611	1
1612	1
1613	1
1614	1
1615	1
1616	1
1617	1
1618	13
1619	13
1620	13
1621	13
1622	13
1623	13
1624	13
1625	13
1626	13
1627	13
1628	13
1629	4
1630	4
1631	4
1632	4
1633	4
1634	4
1635	4
1636	4
1637	4
1638	4
1639	4
1640	4
1641	4
1642	4
1643	4
1644	13
1645	13
1646	13
1647	13
1648	13
1649	4
1650	4
1651	4
1652	4
1653	4
1654	4
1655	4
1656	4
1658	4
1659	4
1660	4
1661	4
1662	4
1663	4
1664	4
1665	4
1666	4
1667	12
1668	12
1669	4
1670	4
1671	4
1672	4
1673	13
1674	4
1675	4
1676	4
1677	13
1678	10
1679	10
1680	10
1681	10
1682	10
1683	10
1684	10
1685	12
1686	12
1687	12
1688	12
1689	12
1690	12
1691	12
1692	12
1693	12
1694	12
1695	12
1696	12
1697	12
1698	12
1699	12
1700	12
1701	12
1702	12
1703	6
1704	6
1705	12
1706	12
1707	12
1708	12
1709	12
1710	12
1711	12
1712	12
1713	13
1714	13
1715	13
1716	13
1717	13
1718	13
1719	13
1720	13
1721	13
1722	13
1723	13
1724	13
1725	12
1726	12
1727	12
1728	13
1729	12
1730	12
1731	12
1732	12
1733	12
1734	12
1735	12
1736	12
1737	5
1738	12
1739	12
1740	12
1741	12
1742	5
1743	5
1744	5
1745	5
1746	5
1747	5
1748	5
1749	5
1750	5
1751	5
1752	5
1753	5
1754	5
1755	5
1756	5
1757	13
1758	13
1759	13
1760	13
1761	5
1762	5
1763	5
1764	5
1765	5
1766	5
1767	5
1768	5
1769	5
1770	5
1771	5
1772	5
1773	5
1774	13
1775	13
1776	13
1777	13
1778	13
1779	13
1780	13
1781	13
1782	13
1783	13
1784	13
1785	13
1786	13
1787	5
1788	5
1789	5
1790	5
1791	5
1792	5
1793	5
1794	5
1795	13
1796	13
1797	13
1798	13
1799	5
1800	5
1801	5
1802	5
1803	5
1804	5
1805	5
1806	5
1807	5
1808	5
1809	6
1810	6
1811	6
1812	6
1813	6
1814	6
1815	6
1816	6
1817	6
1818	6
1819	6
1820	6
1821	6
1822	6
1823	6
1824	6
1825	6
1826	6
1827	6
1828	6
1829	6
1830	13
1831	13
1832	13
1833	13
1834	13
1835	6
1836	6
1837	13
1838	6
1839	6
1840	11
1841	11
1842	11
1843	11
1844	11
1845	6
1846	6
1847	6
1848	6
1849	6
1850	6
1851	6
1852	6
1853	6
1854	6
1855	6
1856	6
1857	13
1858	13
1859	13
1860	13
1861	13
1862	13
1863	6
1864	6
1865	6
1866	6
1867	6
1868	6
1869	6
1870	6
1871	6
1872	10
1873	10
1874	10
1875	10
1876	10
1877	10
1878	10
1879	10
1880	10
1881	10
1882	10
1883	10
1884	10
1885	10
1886	10
1887	10
1888	10
1889	10
1890	10
1891	10
1892	10
1893	10
1894	10
1895	2
1896	2
1897	2
1898	7
1899	7
1900	7
1901	7
1902	7
1903	7
1904	2
1905	2
1906	2
1907	2
1908	2
1909	2
1910	2
1911	2
1912	2
1913	2
1914	2
1915	2
1916	7
1917	7
1918	7
1919	7
1920	7
1921	7
1922	7
1923	7
1924	2
1925	2
1926	2
1927	2
1928	2
1929	2
1930	2
1931	2
1932	2
1933	2
1934	2
1935	2
1936	2
1937	2
1938	2
1939	2
1940	2
1941	2
1942	2
1943	2
1944	2
1945	2
1946	2
1947	2
1948	2
1949	2
1950	2
1951	2
1952	2
1953	2
1954	2
1955	2
1956	2
1957	2
1958	2
1959	2
1960	2
1961	2
1962	2
1963	2
1964	2
1965	2
1966	2
1967	2
1968	2
1969	2
1970	2
1971	2
1972	2
1973	2
1974	2
1975	2
1976	8
1977	8
1978	8
1979	8
1980	8
1981	8
1982	8
1983	8
1984	8
1985	8
1986	8
1987	8
1988	8
1989	8
1990	8
1991	8
1992	8
1993	8
1994	8
1995	8
1996	8
1997	8
1998	8
1999	8
2000	8
2001	8
2002	8
2003	8
2004	8
2005	8
2006	8
2007	8
2008	8
2009	8
2010	8
2011	8
2012	8
2013	8
2014	8
2015	8
2016	8
2017	10
2018	10
2019	10
2020	10
2021	10
2022	10
2023	10
2024	9
2025	10
2026	10
2027	10
2028	10
2029	10
2030	9
2031	9
2032	9
2033	9
2034	9
2035	9
2036	9
2037	10
2038	13
2039	13
2040	13
2041	13
2042	13
2043	10
2044	10
2045	10
2046	9
2047	9
2048	13
2049	13
2050	10
2051	9
2052	9
2053	10
2054	10
2055	9
2056	10
2057	9
2058	8
2059	8
2060	8
2061	8
2062	8
2063	8
2064	8
2065	8
2066	8
2067	8
2068	10
2069	10
2070	10
2071	10
2072	10
2073	10
2074	10
2075	10
2076	10
2077	10
2078	10
2079	10
2080	10
2081	10
2082	10
2083	10
2084	10
2085	10
2086	10
2087	10
2088	10
2089	12
2090	12
2091	12
2092	12
2093	12
2094	12
2095	12
2096	5
2097	5
2098	5
2099	5
2100	5
2101	5
2102	5
2103	5
2104	5
2105	5
2106	5
2107	5
2108	5
2109	5
2110	5
2111	5
2112	5
2113	6
2114	6
2115	6
2116	6
2117	6
2118	1
2119	1
2120	6
2121	6
2122	6
2123	1
2124	10
2125	6
2126	6
2127	6
2128	6
2129	6
2130	6
2131	1
2132	1
2133	1
2134	1
2135	1
2136	1
2137	1
2138	1
2139	6
2140	6
2141	6
2142	6
2143	6
2144	6
2145	6
2146	1
2147	1
2148	6
2149	6
2150	6
2151	6
2152	6
2153	6
2154	6
2155	6
2156	6
2157	1
2158	6
2159	6
2160	6
2161	6
2162	6
2163	6
2164	6
2165	6
2166	1
2167	6
2168	6
2169	1
2170	1
2171	6
2172	1
2173	6
2174	1
2175	1
2176	1
2177	1
2178	6
2179	6
2180	6
2181	6
2182	6
2183	6
2184	6
2185	6
2186	1
2187	6
2188	1
2189	6
2190	6
2191	6
2192	6
2193	1
2194	1
2195	1
2196	1
2197	1
2198	1
2199	1
2200	6
2201	6
2202	6
2203	1
2204	6
2205	6
2206	6
2207	6
2208	6
2209	6
2210	6
2211	6
2212	6
2213	6
2214	6
2215	1
2216	1
2217	6
2218	1
2219	1
2220	1
2221	6
2222	6
2223	1
2224	6
2225	1
2226	1
2227	1
2228	6
2229	6
2230	6
2231	6
2232	1
2233	1
2234	1
2235	1
2236	1
2237	1
2238	1
2239	6
2240	6
2241	6
2242	1
2243	1
2244	6
2245	1
2246	6
2247	6
2248	6
2249	6
2250	6
2251	6
2252	1
2253	1
2254	1
2255	6
2256	6
2257	1
2258	6
2259	6
2260	6
2261	6
2262	6
2263	1
2264	6
2265	6
2266	6
2267	6
2268	6
2269	1
2270	1
2271	1
2272	1
2273	1
2274	1
2275	1
2276	6
2277	1
2278	6
2279	6
2280	1
2281	1
2282	6
2283	1
2284	10
2285	10
2286	1
2287	6
2288	1
2289	1
2290	1
2291	1
2292	1
2293	6
2294	6
2295	6
2296	6
2297	6
2298	1
2299	1
2300	1
2301	1
2302	1
2303	6
2304	6
2305	1
2306	1
2307	1
2308	1
2309	10
2310	10
2311	10
2312	7
2313	7
2314	7
2315	7
2316	7
2317	7
2318	7
2319	7
2320	7
2321	7
2322	7
2323	7
2324	7
2325	7
2326	7
2327	7
2328	7
2329	7
2330	2
2331	2
2332	2
2333	2
2334	2
2335	2
2336	2
2337	2
2338	2
2339	2
2340	2
2341	2
2342	2
2343	2
2344	2
2345	2
2346	12
2347	12
2348	12
2349	12
2350	12
2351	12
2352	12
2353	12
2354	12
2355	12
2356	12
2357	12
2358	12
2359	12
2360	12
2361	12
2362	12
2363	12
2364	12
2365	12
2366	1
2367	1
2368	1
2369	1
2370	1
2371	1
2372	1
2373	1
2374	1
2375	1
2376	1
2377	1
2378	1
2379	1
2380	1
2381	1
2382	1
2383	1
2384	1
2385	1
2386	1
2387	1
2388	1
2389	1
2390	1
2391	1
2392	1
2393	1
2394	1
2395	1
2396	1
2397	1
2398	1
2399	1
2400	1
2401	1
2402	1
2403	1
2404	1
2405	1
2406	1
2407	1
2408	1
2409	1
2410	1
2411	1
2412	1
2413	1
2414	1
2415	3
2416	3
2417	3
2418	3
2419	9
2420	9
2421	3
2422	3
2423	3
2424	3
2425	3
2426	3
2427	9
2428	9
2429	3
2430	3
2431	3
2432	3
2433	3
2434	3
2435	3
2436	3
2437	3
2438	3
2439	3
2440	3
2441	3
2442	3
2443	3
2444	3
2445	3
2446	3
2447	3
2448	3
2449	3
2450	3
2451	3
2452	3
2453	3
2454	3
2455	3
2456	3
2457	3
2458	3
2459	3
2460	3
2461	3
2462	3
2463	3
2464	3
2465	3
2466	3
2467	3
2468	3
2469	3
2470	3
2471	3
2472	3
2473	3
2474	3
2475	3
2476	3
2477	3
2478	3
2479	3
2480	3
2481	3
2482	3
2483	3
2484	3
2485	3
2486	3
2487	3
2488	3
2489	3
2490	3
2491	3
2492	3
2493	3
2494	3
2495	3
2496	3
2497	3
2498	3
2499	3
2500	3
2501	3
2502	3
2503	3
2504	3
2505	3
2506	3
2507	3
2508	3
2509	3
2510	3
2511	3
2512	3
2513	3
2514	3
2515	3
2516	3
2517	3
2518	3
2519	3
2520	3
2521	3
2522	3
2523	3
2524	3
2525	9
2526	3
2527	3
2528	3
2529	3
2530	9
2531	9
2532	9
2533	9
2534	3
2535	3
2536	3
2537	9
2538	3
2539	9
2540	9
2541	9
2542	3
2543	3
2544	9
2545	9
2546	9
2547	3
2548	3
2549	3
2550	3
2551	9
2552	9
2553	9
2554	9
2555	9
2556	9
2557	9
2558	3
2559	3
2560	3
2561	3
2562	3
2563	9
2564	3
2565	3
2566	3
2567	3
2568	9
2569	3
2570	3
2571	3
2572	3
2573	3
2574	3
2575	3
2576	3
2577	3
2578	3
2579	3
2580	3
2581	3
2582	3
2583	3
2584	3
2585	3
2586	3
2587	9
2588	9
2589	9
2590	9
2591	9
2592	9
2593	9
2594	3
2595	3
2596	3
2597	3
2598	3
2599	3
2600	3
2601	3
2602	3
2603	3
2604	3
2605	3
2606	10
2607	10
2608	10
2609	10
2610	10
2611	10
2612	10
2613	10
2614	10
2615	10
2616	10
2617	10
2618	10
2619	10
2620	10
2621	10
2622	10
2623	10
2624	10
2625	10
2626	10
2627	10
2628	10
2629	10
2630	10
2631	10
2632	10
2633	10
2634	10
2635	10
2636	10
2637	10
2638	10
2639	10
2640	8
2641	8
2642	8
2643	8
2644	8
2645	8
2646	8
2647	8
2648	8
2649	8
2650	8
2651	8
2652	8
2653	8
2654	8
2655	8
2656	8
2657	8
2658	8
2659	8
2660	8
2661	8
2662	8
2663	8
2664	8
2665	8
2666	8
2667	8
2668	8
2669	8
2670	8
2671	8
2672	8
2673	8
2674	8
2675	8
2676	8
2677	8
2678	8
2679	8
2680	8
2681	8
2682	8
2683	8
2684	8
2685	8
2686	8
2687	8
2688	2
2689	2
2690	2
2691	2
315	12
1657	4
