0	5
1	5
2	5
3	5
4	5
5	5
6	5
7	10
8	10
9	10
10	10
11	10
12	10
13	10
14	10
15	10
16	10
17	10
18	13
19	1
20	1
21	2
22	2
23	2
24	2
25	2
26	2
27	2
28	2
29	13
30	13
31	13
32	13
33	13
34	13
35	13
36	13
37	13
38	13
39	13
40	13
41	13
42	13
43	13
44	13
45	13
46	13
47	13
48	13
49	13
50	13
51	13
52	13
53	11
54	11
55	11
56	11
57	11
58	13
59	13
60	13
61	13
62	13
63	13
64	13
65	11
66	11
67	11
68	11
69	11
70	11
71	2
72	2
73	2
74	2
75	13
76	13
77	13
78	13
79	13
80	13
81	13
82	13
83	7
84	7
85	7
86	7
87	7
88	7
89	7
90	7
91	7
92	7
93	7
94	7
95	7
96	10
97	10
98	10
99	10
100	10
101	10
102	10
103	10
104	10
105	10
106	10
107	10
108	10
109	10
110	10
111	10
112	10
113	10
114	10
115	10
116	10
117	10
118	10
119	10
120	10
121	10
122	10
123	10
124	10
125	10
126	10
127	10
128	10
129	4
130	4
131	4
132	4
133	4
134	4
135	4
136	4
137	4
138	4
139	4
140	4
141	4
142	4
143	4
144	4
145	4
146	4
147	4
148	4
149	4
150	4
151	4
152	4
153	4
154	4
155	4
156	4
157	4
158	4
159	4
160	4
161	4
162	4
163	4
164	4
165	4
166	7
167	7
168	7
169	7
170	7
171	7
172	7
173	7
174	7
175	7
176	7
177	7
178	7
179	7
180	7
181	7
182	7
183	5
184	5
185	5
186	5
187	5
188	5
189	5
190	5
191	5
192	5
193	5
194	5
195	5
196	5
197	5
198	5
199	5
200	5
201	5
202	5
203	5
204	5
205	5
206	5
207	5
208	2
209	2
210	2
211	2
212	2
213	2
214	2
215	2
216	2
217	2
218	2
219	2
220	2
221	2
222	2
223	2
224	2
225	2
226	4
227	4
228	4
229	4
230	4
231	4
232	4
233	4
234	4
235	4
236	2
237	2
238	2
239	2
240	2
241	2
242	2
243	2
244	2
245	2
246	2
247	2
248	5
249	5
250	5
251	5
252	5
253	5
254	5
255	5
256	5
257	5
258	5
259	5
260	5
261	6
262	6
263	6
264	6
265	6
266	6
267	6
268	6
269	6
270	6
271	6
272	6
273	6
274	6
275	6
276	6
277	6
278	6
279	6
280	6
281	6
282	6
283	6
284	6
285	6
286	6
287	6
288	6
289	6
290	6
291	6
292	6
293	6
294	6
295	6
296	6
297	6
298	6
299	6
300	6
301	6
302	5
303	5
304	5
305	5
306	11
307	2
308	2
309	11
310	11
311	11
312	2
313	2
314	2
316	13
317	13
318	13
319	13
320	13
321	13
322	13
323	13
324	13
325	13
326	13
327	13
328	13
329	13
330	13
331	2
332	11
333	2
334	2
335	11
336	11
337	13
338	13
339	13
340	11
341	11
342	2
343	2
344	2
345	2
346	2
347	2
348	11
349	2
350	11
351	2
352	2
353	11
354	2
355	2
356	11
357	11
358	11
359	11
360	11
361	11
362	11
363	11
364	11
365	7
366	11
367	11
368	11
369	11
370	2
371	2
372	11
373	11
374	2
375	11
376	11
377	2
378	2
379	2
380	2
381	2
382	2
383	2
384	2
385	2
386	2
387	2
388	2
389	13
390	13
391	13
392	13
393	13
394	2
395	2
396	11
397	11
398	13
399	13
400	13
401	13
402	13
403	2
404	2
405	2
406	2
407	2
408	2
409	1
410	1
411	1
412	1
413	1
414	1
415	1
416	1
417	1
418	1
419	1
420	1
421	1
422	1
423	1
424	1
425	7
426	7
427	7
428	7
429	7
430	7
431	7
432	7
433	1
434	1
435	1
436	1
437	1
438	1
439	1
440	1
441	1
442	1
443	1
444	1
445	1
446	7
447	7
448	7
449	7
450	7
451	1
452	1
453	1
454	7
455	7
456	7
457	1
458	1
459	1
460	1
461	1
462	1
463	7
464	7
465	7
466	7
467	7
468	7
469	7
470	7
471	7
472	7
473	1
474	1
475	6
476	6
477	7
478	7
479	7
480	7
481	7
482	7
483	7
484	2
485	2
486	7
487	7
488	7
489	6
490	6
491	6
492	6
493	6
494	6
495	7
496	7
497	7
498	2
499	7
500	7
501	7
502	2
503	7
504	7
505	7
506	2
507	2
508	2
509	2
510	2
511	2
512	2
513	2
514	2
515	2
516	2
517	2
518	2
519	2
520	2
521	2
522	8
523	8
524	8
525	8
526	5
527	5
528	8
529	8
530	8
531	8
532	8
533	8
534	8
535	8
536	8
537	8
538	5
539	5
540	5
541	5
542	5
543	5
544	5
545	5
546	5
547	5
548	5
549	5
550	5
551	5
552	5
553	5
554	5
555	5
556	5
557	5
558	5
559	2
560	2
561	6
562	2
563	2
564	2
565	5
566	5
567	5
568	5
569	5
570	8
571	8
572	8
573	8
574	8
575	8
576	8
577	8
578	8
579	8
580	8
581	5
582	5
583	5
584	5
585	5
586	5
587	4
588	4
589	4
590	4
591	4
592	4
593	4
594	4
595	4
596	4
597	4
598	4
599	4
600	4
601	4
602	4
603	5
604	5
605	5
606	5
607	5
608	5
609	5
610	5
611	5
612	5
613	5
614	5
615	5
616	5
617	4
618	4
619	4
620	4
621	4
622	4
623	4
624	4
625	4
626	4
627	4
628	4
629	4
630	4
631	4
632	4
633	4
634	4
635	4
636	4
637	4
638	4
639	5
640	5
641	5
642	5
643	5
644	5
645	5
646	5
647	5
648	5
649	5
650	5
651	5
652	5
653	5
654	5
655	5
656	5
657	6
658	6
659	6
660	6
661	1
662	1
663	1
664	1
665	1
666	1
667	1
668	1
669	1
670	4
671	4
672	4
673	4
674	4
675	4
676	4
677	4
678	4
679	4
680	1
681	1
682	1
683	1
684	1
685	1
686	1
687	1
688	1
689	1
690	1
691	1
692	1
693	1
694	1
695	1
696	1
697	4
698	4
699	4
700	4
701	4
702	4
703	4
704	4
705	4
706	4
707	4
708	4
709	4
710	4
711	4
712	4
713	4
714	1
715	1
716	6
717	6
718	4
719	4
720	4
721	6
722	6
723	6
724	6
725	6
726	6
727	6
728	6
729	6
730	6
731	6
732	13
733	13
734	13
735	13
736	13
737	7
738	7
739	7
740	7
741	7
742	7
743	6
744	6
745	13
746	13
747	13
748	13
749	13
750	13
751	13
752	13
753	13
754	13
755	13
756	13
757	13
758	13
759	13
760	13
761	13
762	13
763	13
764	13
765	13
766	6
767	6
768	6
769	6
770	13
771	13
772	6
773	6
774	6
775	6
776	6
777	6
778	7
779	7
780	6
781	7
782	6
783	7
784	7
785	2
786	6
787	6
788	6
789	6
790	6
791	2
792	2
793	2
794	2
795	2
796	2
797	2
798	2
799	2
800	2
801	6
802	6
803	6
804	6
805	2
806	2
807	2
808	6
809	6
810	7
811	9
812	8
813	9
814	9
815	9
816	9
817	9
818	8
819	9
820	8
821	9
822	9
823	9
824	9
825	9
826	9
827	9
828	9
829	8
830	9
831	9
832	9
833	9
834	9
835	9
836	9
837	9
838	9
839	9
840	9
841	9
842	9
843	9
844	9
845	9
846	9
847	8
848	9
849	9
850	8
851	9
852	9
853	9
854	9
855	9
856	8
857	8
858	5
859	5
860	5
861	5
862	5
863	5
864	5
865	5
866	5
867	5
868	5
869	5
870	5
871	9
872	9
873	9
874	9
875	9
876	9
877	9
878	9
879	9
880	9
881	9
882	9
883	9
884	9
885	9
886	9
887	9
888	9
889	9
890	9
891	9
892	8
893	9
894	9
895	9
896	9
897	9
898	9
899	8
900	8
901	8
902	9
903	9
904	9
905	9
906	9
907	9
908	9
909	9
910	8
911	8
912	8
913	8
914	9
915	9
916	9
917	9
918	9
919	9
920	9
921	9
922	8
923	8
924	9
925	9
926	9
927	9
928	9
929	9
930	9
931	9
932	9
933	8
934	9
935	9
936	9
937	9
938	9
939	9
940	9
941	9
942	9
943	9
944	8
945	8
946	9
947	9
948	9
949	9
950	9
951	9
952	9
953	9
954	8
955	8
956	8
957	9
958	9
959	9
960	9
961	9
962	9
963	9
964	9
965	9
966	9
967	9
968	9
969	9
970	9
971	9
972	9
973	9
974	9
975	8
976	9
977	9
978	9
979	9
980	9
981	9
982	13
983	9
984	13
985	7
986	11
987	11
988	7
989	11
990	11
991	11
992	7
993	7
994	11
995	7
996	11
997	7
998	11
999	11
1000	7
1001	7
1002	7
1003	11
1004	11
1005	11
1006	11
1007	13
1008	13
1009	11
1010	13
1011	9
1012	13
1013	13
1014	13
1015	13
1016	13
1017	13
1018	13
1019	9
1020	13
1021	13
1022	13
1023	13
1024	13
1025	13
1026	13
1027	13
1028	9
1029	9
1030	13
1031	9
1032	13
1033	9
1034	13
1035	13
1036	13
1037	13
1038	13
1039	13
1040	13
1041	13
1042	13
1043	13
1044	9
1045	9
1046	13
1047	13
1048	13
1049	9
1050	13
1051	9
1052	13
1053	13
1054	13
1055	13
1056	13
1057	13
1058	13
1059	13
1060	13
1061	13
1062	9
1063	13
1064	13
1065	13
1066	13
1067	13
1068	13
1069	13
1070	13
1071	9
1072	13
1073	13
1074	13
1075	5
1076	5
1077	5
1078	5
1079	5
1080	5
1081	5
1082	5
1083	5
1084	5
1085	5
1086	5
1087	6
1088	6
1089	6
1090	6
1091	6
1092	6
1093	6
1094	2
1095	2
1096	2
1097	2
1098	2
1099	2
1100	2
1101	2
1102	2
1103	2
1104	2
1105	2
1106	2
1107	11
1108	11
1109	11
1110	11
1111	11
1112	11
1113	11
1114	11
1115	11
1116	11
1117	11
1118	11
1119	11
1120	11
1121	11
1122	11
1123	11
1124	11
1125	11
1126	11
1127	11
1128	11
1129	11
1130	11
1131	11
1132	11
1133	11
1134	11
1135	11
1136	11
1137	11
1138	11
1139	11
1140	11
1141	11
1142	11
1143	11
1144	11
1145	11
1146	11
1147	11
1148	11
1149	11
1150	11
1151	11
1152	11
1153	11
1154	2
1155	2
1156	2
1157	2
1158	2
1159	2
1160	2
1161	2
1162	2
1163	2
1164	2
1165	2
1166	2
1167	2
1168	2
1169	13
1170	13
1171	13
1172	9
1173	13
1174	13
1175	13
1176	13
1177	9
1178	9
1179	9
1180	9
1181	9
1182	9
1183	13
1184	13
1185	13
1186	13
1187	13
1188	13
1189	13
1190	13
1191	13
1192	13
1193	13
1194	13
1195	13
1196	13
1197	9
1198	13
1199	9
1200	8
1201	8
1202	8
1203	8
1204	8
1205	8
1206	8
1207	8
1208	8
1209	8
1210	8
1211	8
1212	8
1213	8
1214	8
1215	8
1216	8
1217	8
1218	8
1219	8
1220	8
1221	8
1222	8
1223	8
1224	8
1225	8
1226	8
1227	8
1228	8
1229	8
1230	8
1231	8
1232	8
1233	8
1234	8
1235	8
1236	8
1237	8
1238	8
1239	8
1240	4
1241	4
1242	4
1243	4
1244	4
1245	4
1246	4
1247	4
1248	4
1249	4
1250	4
1251	4
1252	4
1253	13
1254	13
1255	13
1256	13
1257	13
1258	4
1259	4
1260	4
1261	4
1262	4
1263	4
1264	13
1265	13
1266	13
1267	13
1268	13
1269	13
1270	13
1271	13
1272	13
1273	13
1274	13
1275	13
1276	13
1277	13
1278	2
1279	2
1280	2
1281	4
1282	4
1283	4
1284	13
1285	13
1286	13
1287	13
1288	2
1289	2
1290	2
1291	2
1292	2
1293	2
1294	2
1295	2
1296	2
1297	2
1298	2
1299	2
1300	2
1301	2
1302	2
1303	5
1304	5
1305	5
1306	5
1307	5
1308	5
1309	5
1310	5
1311	5
1312	5
1313	5
1314	9
1315	9
1316	9
1317	9
1318	11
1319	9
1320	9
1321	9
1322	9
1323	9
1324	9
1325	11
1326	9
1327	9
1328	9
1329	9
1330	9
1331	11
1332	11
1333	9
1334	9
1335	9
1336	11
1337	11
1338	9
1339	9
1340	11
1341	11
1342	9
1343	9
1344	11
1345	9
1346	5
1347	5
1348	5
1349	5
1350	5
1351	5
1352	5
1353	5
1354	5
1355	5
1356	5
1357	5
1358	5
1359	5
1360	5
1361	5
1362	5
1363	8
1364	11
1365	8
1366	11
1367	11
1368	8
1369	8
1370	8
1371	11
1372	11
1373	8
1374	8
1375	8
1376	8
1377	8
1378	8
1379	11
1380	11
1381	2
1382	2
1383	2
1384	2
1385	2
1386	2
1387	2
1388	2
1389	2
1390	2
1391	2
1392	2
1393	2
1394	2
1395	2
1396	2
1397	1
1398	1
1399	1
1400	1
1401	1
1402	1
1403	1
1404	1
1405	1
1406	1
1407	1
1408	1
1409	1
1410	1
1411	1
1412	1
1413	1
1414	1
1415	1
1416	1
1417	1
1418	1
1419	1
1420	1
1421	1
1422	1
1423	1
1424	1
1425	1
1426	1
1427	1
1428	8
1429	8
1430	8
1431	8
1432	8
1433	8
1434	8
1435	8
1436	8
1437	8
1438	8
1439	8
1440	8
1441	10
1442	10
1443	10
1444	10
1445	10
1446	10
1447	10
1448	10
1449	10
1450	10
1451	10
1452	10
1453	10
1454	10
1455	8
1456	8
1457	8
1458	8
1459	8
1460	8
1461	8
1462	8
1463	8
1464	8
1465	2
1466	2
1467	2
1468	2
1469	4
1470	2
1471	2
1472	4
1473	4
1474	2
1475	2
1476	2
1477	4
1478	2
1479	2
1480	2
1481	2
1482	2
1483	2
1484	2
1485	2
1486	2
1487	4
1488	4
1489	13
1490	13
1491	13
1492	13
1493	13
1494	13
1495	13
1496	13
1497	13
1498	13
1499	13
1500	13
1501	1
1502	1
1503	1
1504	1
1505	1
1506	1
1507	1
1508	1
1509	1
1510	1
1511	1
1512	1
1513	1
1514	1
1515	1
1516	1
1517	1
1518	1
1519	1
1520	1
1521	1
1522	1
1523	1
1524	1
1525	1
1526	1
1527	1
1528	1
1529	7
1530	7
1531	7
1532	7
1533	7
1534	7
1535	7
1536	7
1537	7
1538	7
1539	7
1540	7
1541	7
1542	7
1543	7
1544	7
1545	7
1546	7
1547	7
1548	7
1549	7
1550	7
1551	7
1552	7
1553	8
1554	8
1555	8
1556	8
1557	8
1558	8
1559	8
1560	8
1561	8
1562	8
1563	8
1564	8
1565	8
1566	8
1567	8
1568	8
1569	8
1570	8
1571	8
1572	8
1573	8
1574	8
1575	8
1576	13
1577	13
1578	13
1579	13
1580	13
1581	13
1582	13
1583	13
1584	13
1585	13
1586	13
1587	13
1588	13
1589	13
1590	13
1591	13
1592	13
1593	5
1594	5
1595	5
1596	5
1597	5
1598	5
1599	5
1600	5
1601	5
1602	8
1603	8
1604	8
1605	8
1606	8
1607	8
1608	8
1609	8
1610	8
1611	8
1612	8
1613	8
1614	8
1615	8
1616	8
1617	8
1618	2
1619	2
1620	2
1621	2
1622	2
1623	2
1624	2
1625	2
1626	2
1627	2
1628	2
1629	10
1630	10
1631	10
1632	10
1633	10
1634	10
1635	10
1636	10
1637	10
1638	10
1639	10
1640	10
1641	10
1642	10
1643	10
1644	2
1645	2
1646	2
1647	2
1648	2
1649	10
1650	10
1651	10
1652	10
1653	10
1654	10
1655	10
1656	10
1658	10
1659	10
1660	10
1661	10
1662	10
1663	10
1664	10
1665	10
1666	10
1667	10
1668	10
1669	10
1670	10
1671	10
1672	10
1673	2
1674	10
1675	10
1676	10
1677	2
1678	6
1679	6
1680	6
1681	6
1682	6
1683	6
1684	6
1685	13
1686	13
1687	13
1688	13
1689	13
1690	13
1691	13
1692	13
1693	13
1694	13
1695	13
1696	13
1697	13
1698	13
1699	13
1700	13
1701	1
1702	1
1703	10
1704	10
1705	13
1706	13
1707	13
1708	13
1709	1
1710	13
1711	13
1712	13
1713	2
1714	2
1715	2
1716	2
1717	2
1718	2
1719	2
1720	2
1721	2
1722	2
1723	2
1724	2
1725	13
1726	1
1727	13
1728	2
1729	1
1730	1
1731	1
1732	13
1733	13
1734	13
1735	13
1736	1
1737	1
1738	1
1739	1
1740	1
1741	13
1742	1
1743	1
1744	3
1745	1
1746	1
1747	1
1748	1
1749	1
1750	1
1751	1
1752	1
1753	1
1754	1
1755	1
1756	3
1757	2
1758	2
1759	2
1760	2
1761	1
1762	1
1763	1
1764	3
1765	1
1766	1
1767	3
1768	1
1769	1
1770	1
1771	1
1772	1
1773	1
1774	2
1775	2
1776	2
1777	2
1778	2
1779	2
1780	2
1781	2
1782	2
1783	2
1784	2
1785	2
1786	2
1787	1
1788	1
1789	1
1790	1
1791	1
1792	1
1793	1
1794	1
1795	2
1796	2
1797	2
1798	2
1799	1
1800	1
1801	1
1802	1
1803	1
1804	3
1805	1
1806	3
1807	1
1808	1
1809	10
1810	10
1811	10
1812	10
1813	10
1814	10
1815	10
1816	10
1817	10
1818	10
1819	10
1820	10
1821	10
1822	10
1823	10
1824	10
1825	10
1826	10
1827	10
1828	10
1829	10
1830	6
1831	6
1832	6
1833	6
1834	6
1835	10
1836	10
1837	6
1838	10
1839	10
1840	7
1841	7
1842	7
1843	7
1844	7
1845	10
1846	10
1847	10
1848	10
1849	10
1850	10
1851	10
1852	10
1853	10
1854	10
1855	10
1856	10
1857	2
1858	2
1859	2
1860	2
1861	2
1862	2
1863	10
1864	10
1865	10
1866	10
1867	10
1868	10
1869	10
1870	10
1871	10
1872	6
1873	6
1874	6
1875	6
1876	6
1877	6
1878	6
1879	6
1880	6
1881	6
1882	6
1883	6
1884	6
1885	6
1886	6
1887	6
1888	6
1889	6
1890	6
1891	6
1892	6
1893	6
1894	6
1895	5
1896	5
1897	5
1898	11
1899	11
1900	11
1901	11
1902	11
1903	11
1904	5
1905	5
1906	5
1907	5
1908	5
1909	5
1910	5
1911	5
1912	5
1913	5
1914	5
1915	5
1916	11
1917	11
1918	11
1919	11
1920	11
1921	11
1922	11
1923	11
1924	5
1925	5
1926	5
1927	5
1928	5
1929	5
1930	5
1931	5
1932	5
1933	5
1934	5
1935	5
1936	5
1937	5
1938	5
1939	5
1940	5
1941	5
1942	5
1943	5
1944	5
1945	5
1946	5
1947	5
1948	5
1949	5
1950	5
1951	5
1952	5
1953	5
1954	5
1955	5
1956	5
1957	5
1958	5
1959	5
1960	5
1961	5
1962	5
1963	5
1964	5
1965	5
1966	5
1967	5
1968	5
1969	5
1970	5
1971	5
1972	5
1973	5
1974	5
1975	5
1976	7
1977	7
1978	7
1979	7
1980	7
1981	7
1982	7
1983	7
1984	7
1985	7
1986	7
1987	7
1988	7
1989	7
1990	7
1991	7
1992	7
1993	7
1994	7
1995	7
1996	7
1997	7
1998	7
1999	7
2000	7
2001	7
2002	7
2003	7
2004	7
2005	7
2006	7
2007	7
2008	7
2009	7
2010	7
2011	7
2012	7
2013	7
2014	7
2015	7
2016	7
2017	6
2018	6
2019	6
2020	6
2021	6
2022	6
2023	6
2024	7
2025	6
2026	6
2027	6
2028	6
2029	6
2030	7
2031	7
2032	7
2033	7
2034	7
2035	7
2036	7
2037	6
2038	6
2039	6
2040	6
2041	6
2042	6
2043	6
2044	6
2045	6
2046	7
2047	7
2048	6
2049	6
2050	6
2051	7
2052	7
2053	6
2054	6
2055	7
2056	6
2057	7
2058	8
2059	8
2060	8
2061	8
2062	8
2063	8
2064	8
2065	8
2066	8
2067	8
2068	6
2069	6
2070	6
2071	6
2072	6
2073	6
2074	6
2075	6
2076	6
2077	4
2078	6
2079	6
2080	6
2081	6
2082	6
2083	6
2084	6
2085	6
2086	6
2087	6
2088	6
2089	13
2090	13
2091	13
2092	13
2093	13
2094	13
2095	13
2096	5
2097	5
2098	5
2099	5
2100	5
2101	5
2102	5
2103	1
2104	1
2105	1
2106	1
2107	5
2108	5
2109	5
2110	1
2111	1
2112	1
2113	3
2114	3
2115	3
2116	3
2117	3
2118	10
2119	3
2120	3
2121	3
2122	3
2123	10
2124	6
2125	3
2126	3
2127	3
2128	3
2129	3
2130	3
2131	3
2132	3
2133	10
2134	3
2135	3
2136	3
2137	10
2138	10
2139	3
2140	10
2141	3
2142	3
2143	3
2144	3
2145	3
2146	10
2147	3
2148	3
2149	10
2150	3
2151	3
2152	3
2153	3
2154	3
2155	3
2156	3
2157	3
2158	3
2159	3
2160	3
2161	3
2162	3
2163	3
2164	10
2165	10
2166	3
2167	3
2168	3
2169	3
2170	3
2171	3
2172	3
2173	3
2174	3
2175	3
2176	10
2177	10
2178	3
2179	3
2180	10
2181	10
2182	3
2183	3
2184	3
2185	3
2186	3
2187	3
2188	3
2189	3
2190	3
2191	3
2192	3
2193	3
2194	3
2195	3
2196	10
2197	3
2198	3
2199	10
2200	3
2201	3
2202	3
2203	3
2204	3
2205	3
2206	3
2207	3
2208	3
2209	3
2210	3
2211	3
2212	3
2213	3
2214	3
2215	3
2216	3
2217	3
2218	3
2219	3
2220	3
2221	3
2222	3
2223	10
2224	3
2225	3
2226	3
2227	3
2228	3
2229	3
2230	10
2231	10
2232	3
2233	10
2234	10
2235	3
2236	10
2237	10
2238	10
2239	3
2240	3
2241	3
2242	10
2243	3
2244	3
2245	10
2246	3
2247	10
2248	10
2249	3
2250	3
2251	3
2252	3
2253	3
2254	3
2255	3
2256	10
2257	3
2258	3
2259	3
2260	3
2261	10
2262	3
2263	3
2264	3
2265	3
2266	3
2267	3
2268	3
2269	3
2270	3
2271	3
2272	3
2273	3
2274	3
2275	3
2276	3
2277	10
2278	3
2279	3
2280	3
2281	3
2282	3
2283	10
2284	6
2285	6
2286	3
2287	3
2288	3
2289	3
2290	3
2291	3
2292	3
2293	3
2294	3
2295	3
2296	3
2297	3
2298	10
2299	3
2300	10
2301	3
2302	10
2303	3
2304	10
2305	3
2306	3
2307	3
2308	3
2309	6
2310	6
2311	6
2312	9
2313	9
2314	9
2315	9
2316	9
2317	9
2318	9
2319	9
2320	9
2321	9
2322	9
2323	9
2324	9
2325	9
2326	9
2327	9
2328	9
2329	9
2330	5
2331	5
2332	5
2333	5
2334	5
2335	5
2336	5
2337	5
2338	5
2339	5
2340	5
2341	5
2342	5
2343	5
2344	5
2345	5
2346	9
2347	9
2348	9
2349	9
2350	9
2351	9
2352	9
2353	9
2354	9
2355	9
2356	9
2357	9
2358	9
2359	9
2360	9
2361	9
2362	9
2363	9
2364	9
2365	9
2366	8
2367	8
2368	8
2369	8
2370	8
2371	8
2372	8
2373	8
2374	8
2375	8
2376	8
2377	8
2378	8
2379	8
2380	8
2381	8
2382	8
2383	8
2384	8
2385	8
2386	8
2387	8
2388	8
2389	8
2390	8
2391	8
2392	8
2393	8
2394	8
2395	8
2396	8
2397	8
2398	8
2399	8
2400	8
2401	8
2402	8
2403	8
2404	8
2405	8
2406	8
2407	8
2408	8
2409	8
2410	8
2411	8
2412	8
2413	8
2414	8
2415	12
2416	12
2417	12
2418	12
2419	12
2420	12
2421	12
2422	12
2423	12
2424	12
2425	12
2426	12
2427	12
2428	12
2429	12
2430	12
2431	12
2432	12
2433	12
2434	12
2435	12
2436	12
2437	12
2438	12
2439	12
2440	12
2441	12
2442	12
2443	12
2444	12
2445	12
2446	12
2447	12
2448	12
2449	4
2450	4
2451	4
2452	4
2453	4
2454	12
2455	12
2456	12
2457	12
2458	12
2459	12
2460	12
2461	12
2462	12
2463	12
2464	12
2465	12
2466	12
2467	12
2468	12
2469	12
2470	12
2471	12
2472	12
2473	12
2474	12
2475	12
2476	12
2477	12
2478	12
2479	12
2480	12
2481	12
2482	12
2483	12
2484	12
2485	4
2486	4
2487	12
2488	4
2489	12
2490	4
2491	4
2492	12
2493	12
2494	12
2495	4
2496	12
2497	12
2498	12
2499	12
2500	12
2501	4
2502	12
2503	12
2504	12
2505	12
2506	12
2507	12
2508	12
2509	12
2510	12
2511	12
2512	12
2513	12
2514	12
2515	12
2516	4
2517	12
2518	4
2519	12
2520	12
2521	4
2522	12
2523	12
2524	12
2525	12
2526	12
2527	12
2528	12
2529	12
2530	12
2531	12
2532	12
2533	12
2534	12
2535	12
2536	12
2537	12
2538	12
2539	4
2540	12
2541	4
2542	12
2543	12
2544	12
2545	12
2546	4
2547	12
2548	12
2549	12
2550	12
2551	12
2552	12
2553	12
2554	4
2555	4
2556	4
2557	4
2558	12
2559	12
2560	12
2561	12
2562	12
2563	12
2564	12
2565	12
2566	12
2567	12
2568	12
2569	12
2570	12
2571	12
2572	12
2573	12
2574	12
2575	4
2576	4
2577	4
2578	4
2579	4
2580	4
2581	12
2582	12
2583	4
2584	4
2585	12
2586	12
2587	12
2588	12
2589	12
2590	12
2591	12
2592	12
2593	12
2594	12
2595	12
2596	12
2597	12
2598	12
2599	12
2600	12
2601	12
2602	12
2603	12
2604	12
2605	12
2606	6
2607	6
2608	6
2609	6
2610	6
2611	6
2612	6
2613	6
2614	6
2615	6
2616	6
2617	6
2618	6
2619	6
2620	6
2621	6
2622	6
2623	6
2624	6
2625	6
2626	6
2627	6
2628	6
2629	6
2630	6
2631	6
2632	6
2633	6
2634	6
2635	6
2636	6
2637	6
2638	6
2639	6
2640	11
2641	11
2642	11
2643	11
2644	11
2645	11
2646	11
2647	11
2648	11
2649	11
2650	11
2651	11
2652	11
2653	11
2654	11
2655	11
2656	11
2657	11
2658	11
2659	11
2660	7
2661	11
2662	11
2663	11
2664	11
2665	7
2666	11
2667	11
2668	7
2669	7
2670	11
2671	7
2672	11
2673	7
2674	11
2675	11
2676	11
2677	11
2678	11
2679	7
2680	11
2681	7
2682	7
2683	7
2684	7
2685	11
2686	11
2687	7
2688	5
2689	5
2690	5
2691	5
315	13
1657	10
