0	9
1	9
2	9
3	9
4	9
5	9
6	9
7	1
8	1
9	1
10	1
11	1
12	1
13	1
14	1
15	1
16	1
17	1
18	1
19	1
20	1
21	4
22	4
23	4
24	4
25	4
26	4
27	4
28	4
29	6
30	6
31	6
32	6
33	6
34	6
35	6
36	6
37	6
38	6
39	6
40	6
41	6
42	6
43	6
44	6
45	6
46	6
47	6
48	6
49	6
50	6
51	6
52	6
53	11
54	11
55	11
56	11
57	11
58	6
59	6
60	6
61	6
62	6
63	6
64	6
65	11
66	11
67	11
68	11
69	11
70	11
71	4
72	4
73	4
74	4
75	6
76	6
77	6
78	6
79	6
80	6
81	6
82	6
83	7
84	7
85	7
86	7
87	7
88	7
89	7
90	7
91	7
92	7
93	7
94	7
95	7
96	1
97	1
98	1
99	1
100	1
101	1
102	1
103	1
104	1
105	1
106	1
107	1
108	1
109	1
110	1
111	1
112	1
113	1
114	1
115	1
116	1
117	1
118	1
119	1
120	1
121	1
122	1
123	1
124	1
125	1
126	1
127	1
128	1
129	8
130	8
131	8
132	8
133	8
134	8
135	8
136	8
137	8
138	8
139	8
140	8
141	8
142	8
143	8
144	8
145	8
146	8
147	8
148	8
149	8
150	8
151	8
152	8
153	8
154	8
155	8
156	8
157	8
158	8
159	8
160	8
161	8
162	8
163	8
164	8
165	8
166	7
167	7
168	7
169	8
170	8
171	8
172	8
173	7
174	8
175	7
176	8
177	7
178	8
179	7
180	8
181	8
182	8
183	9
184	9
185	9
186	9
187	9
188	9
189	9
190	9
191	9
192	9
193	9
194	9
195	9
196	9
197	9
198	9
199	9
200	9
201	9
202	9
203	9
204	9
205	9
206	9
207	9
208	11
209	4
210	4
211	4
212	4
213	4
214	4
215	4
216	11
217	11
218	4
219	4
220	11
221	11
222	11
223	11
224	11
225	11
226	4
227	4
228	4
229	4
230	4
231	4
232	4
233	4
234	4
235	4
236	11
237	11
238	11
239	11
240	11
241	4
242	4
243	4
244	4
245	4
246	4
247	4
248	9
249	9
250	9
251	9
252	9
253	9
254	9
255	9
256	9
257	9
258	9
259	9
260	9
261	4
262	4
263	4
264	4
265	4
266	12
267	4
268	12
269	12
270	12
271	4
272	4
273	4
274	4
275	4
276	4
277	4
278	12
279	12
280	12
281	12
282	12
283	12
284	12
285	12
286	12
287	12
288	12
289	12
290	12
291	12
292	12
293	12
294	12
295	12
296	12
297	12
298	12
299	12
300	12
301	12
302	9
303	9
304	9
305	9
306	11
307	11
308	11
309	11
310	11
311	11
312	11
313	11
314	11
316	6
317	6
318	6
319	6
320	6
321	6
322	6
323	6
324	6
325	6
326	6
327	6
328	6
329	6
330	6
331	11
332	11
333	11
334	11
335	11
336	11
337	6
338	6
339	6
340	11
341	11
342	11
343	11
344	11
345	3
346	11
347	11
348	11
349	11
350	11
351	11
352	11
353	11
354	11
355	11
356	7
357	7
358	7
359	7
360	7
361	7
362	7
363	7
364	7
365	7
366	7
367	7
368	7
369	11
370	11
371	11
372	11
373	11
374	11
375	11
376	11
377	11
378	11
379	11
380	11
381	11
382	11
383	11
384	11
385	11
386	11
387	11
388	11
389	6
390	6
391	6
392	6
393	6
394	11
395	11
396	11
397	11
398	6
399	6
400	6
401	6
402	6
403	4
404	4
405	4
406	4
407	4
408	4
409	1
410	1
411	1
412	1
413	6
414	6
415	1
416	6
417	6
418	6
419	6
420	1
421	6
422	1
423	6
424	1
425	8
426	8
427	8
428	8
429	8
430	8
431	8
432	8
433	6
434	1
435	1
436	6
437	6
438	1
439	1
440	1
441	1
442	1
443	6
444	6
445	1
446	8
447	8
448	8
449	8
450	8
451	1
452	1
453	1
454	8
455	8
456	8
457	6
458	1
459	1
460	1
461	6
462	6
463	8
464	8
465	8
466	8
467	8
468	8
469	8
470	8
471	8
472	8
473	6
474	1
475	12
476	12
477	12
478	12
479	12
480	12
481	12
482	12
483	12
484	4
485	4
486	12
487	12
488	12
489	12
490	12
491	12
492	12
493	12
494	12
495	12
496	12
497	12
498	4
499	12
500	12
501	12
502	4
503	12
504	12
505	12
506	4
507	4
508	4
509	4
510	4
511	4
512	4
513	4
514	4
515	4
516	4
517	4
518	4
519	4
520	4
521	4
522	10
523	10
524	10
525	10
526	9
527	9
528	10
529	10
530	10
531	10
532	10
533	10
534	10
535	10
536	10
537	10
538	9
539	9
540	9
541	9
542	9
543	9
544	9
545	9
546	9
547	9
548	9
549	9
550	9
551	9
552	9
553	9
554	9
555	9
556	9
557	9
558	9
559	4
560	4
561	4
562	4
563	4
564	4
565	9
566	9
567	9
568	9
569	9
570	10
571	10
572	10
573	10
574	10
575	10
576	10
577	10
578	10
579	10
580	10
581	9
582	9
583	9
584	9
585	9
586	9
587	4
588	4
589	4
590	4
591	4
592	4
593	4
594	4
595	4
596	4
597	4
598	4
599	4
600	4
601	4
602	4
603	9
604	9
605	9
606	9
607	9
608	9
609	9
610	9
611	9
612	9
613	9
614	9
615	9
616	9
617	4
618	4
619	4
620	4
621	4
622	4
623	4
624	4
625	4
626	4
627	4
628	4
629	4
630	4
631	4
632	4
633	4
634	4
635	4
636	4
637	4
638	4
639	9
640	9
641	9
642	9
643	9
644	9
645	9
646	9
647	9
648	9
649	9
650	9
651	9
652	9
653	9
654	9
655	9
656	9
657	8
658	8
659	12
660	12
661	1
662	1
663	1
664	1
665	1
666	1
667	1
668	1
669	1
670	12
671	12
672	12
673	12
674	12
675	4
676	12
677	12
678	12
679	12
680	1
681	1
682	1
683	1
684	1
685	1
686	1
687	1
688	1
689	1
690	1
691	1
692	1
693	1
694	1
695	1
696	1
697	4
698	12
699	12
700	4
701	12
702	4
703	4
704	12
705	12
706	12
707	4
708	4
709	12
710	4
711	4
712	4
713	4
714	1
715	1
716	4
717	4
718	4
719	4
720	12
721	4
722	4
723	4
724	4
725	4
726	4
727	4
728	4
729	4
730	4
731	4
732	6
733	6
734	6
735	6
736	6
737	12
738	8
739	8
740	8
741	8
742	8
743	12
744	12
745	6
746	6
747	6
748	6
749	6
750	6
751	6
752	6
753	6
754	6
755	6
756	6
757	6
758	6
759	6
760	6
761	6
762	6
763	6
764	6
765	6
766	12
767	8
768	8
769	8
770	6
771	6
772	8
773	8
774	8
775	8
776	12
777	12
778	8
779	8
780	8
781	8
782	8
783	8
784	8
785	11
786	8
787	12
788	8
789	8
790	12
791	11
792	11
793	11
794	11
795	11
796	11
797	11
798	11
799	11
800	11
801	8
802	12
803	8
804	12
805	11
806	11
807	11
808	8
809	8
810	8
811	5
812	2
813	5
814	5
815	5
816	5
817	5
818	2
819	2
820	2
821	5
822	5
823	5
824	5
825	5
826	5
827	2
828	5
829	2
830	5
831	5
832	5
833	5
834	5
835	5
836	5
837	5
838	5
839	5
840	5
841	5
842	5
843	5
844	5
845	5
846	5
847	2
848	2
849	5
850	2
851	2
852	5
853	5
854	5
855	5
856	2
857	2
858	9
859	9
860	9
861	9
862	9
863	9
864	9
865	9
866	9
867	9
868	9
869	9
870	9
871	5
872	5
873	5
874	5
875	5
876	5
877	5
878	5
879	5
880	5
881	5
882	5
883	5
884	5
885	5
886	5
887	5
888	2
889	5
890	5
891	2
892	2
893	5
894	5
895	5
896	5
897	5
898	5
899	2
900	2
901	2
902	5
903	5
904	5
905	5
906	5
907	5
908	2
909	5
910	2
911	2
912	2
913	2
914	5
915	5
916	5
917	5
918	5
919	5
920	2
921	2
922	2
923	2
924	5
925	5
926	5
927	5
928	5
929	5
930	2
931	2
932	2
933	2
934	5
935	5
936	5
937	5
938	5
939	2
940	5
941	5
942	2
943	2
944	2
945	2
946	5
947	5
948	5
949	2
950	5
951	2
952	2
953	5
954	2
955	2
956	2
957	5
958	5
959	5
960	5
961	2
962	2
963	5
964	5
965	5
966	2
967	5
968	5
969	5
970	5
971	5
972	5
973	5
974	2
975	2
976	5
977	5
978	5
979	5
980	5
981	5
982	2
983	2
984	2
985	8
986	8
987	8
988	8
989	8
990	8
991	8
992	8
993	8
994	8
995	8
996	8
997	8
998	8
999	8
1000	8
1001	8
1002	8
1003	8
1004	8
1005	8
1006	8
1007	2
1008	2
1009	8
1010	2
1011	2
1012	2
1013	2
1014	2
1015	2
1016	2
1017	2
1018	2
1019	2
1020	2
1021	2
1022	2
1023	2
1024	2
1025	2
1026	2
1027	2
1028	2
1029	2
1030	2
1031	2
1032	2
1033	2
1034	2
1035	2
1036	2
1037	2
1038	2
1039	2
1040	2
1041	2
1042	2
1043	2
1044	2
1045	2
1046	2
1047	2
1048	2
1049	2
1050	2
1051	2
1052	2
1053	2
1054	2
1055	2
1056	2
1057	2
1058	2
1059	2
1060	2
1061	2
1062	2
1063	2
1064	2
1065	2
1066	2
1067	2
1068	2
1069	2
1070	2
1071	2
1072	2
1073	6
1074	6
1075	6
1076	6
1077	6
1078	6
1079	6
1080	6
1081	6
1082	6
1083	6
1084	6
1085	6
1086	6
1087	12
1088	12
1089	12
1090	12
1091	12
1092	12
1093	12
1094	4
1095	4
1096	4
1097	4
1098	4
1099	4
1100	4
1101	4
1102	4
1103	4
1104	4
1105	4
1106	4
1107	11
1108	11
1109	11
1110	11
1111	11
1112	11
1113	11
1114	11
1115	11
1116	11
1117	11
1118	11
1119	11
1120	11
1121	11
1122	11
1123	11
1124	11
1125	11
1126	11
1127	11
1128	11
1129	11
1130	11
1131	11
1132	11
1133	11
1134	11
1135	11
1136	11
1137	11
1138	11
1139	11
1140	11
1141	11
1142	11
1143	11
1144	11
1145	11
1146	11
1147	11
1148	11
1149	11
1150	11
1151	11
1152	11
1153	11
1154	11
1155	11
1156	11
1157	11
1158	11
1159	11
1160	11
1161	11
1162	11
1163	11
1164	11
1165	11
1166	11
1167	11
1168	11
1169	2
1170	2
1171	2
1172	2
1173	2
1174	2
1175	2
1176	2
1177	2
1178	2
1179	2
1180	2
1181	2
1182	2
1183	2
1184	2
1185	2
1186	2
1187	2
1188	2
1189	2
1190	2
1191	2
1192	2
1193	2
1194	2
1195	2
1196	2
1197	2
1198	2
1199	2
1200	5
1201	5
1202	5
1203	2
1204	2
1205	2
1206	5
1207	2
1208	2
1209	5
1210	5
1211	5
1212	2
1213	2
1214	2
1215	2
1216	2
1217	2
1218	2
1219	2
1220	2
1221	2
1222	2
1223	5
1224	2
1225	2
1226	2
1227	2
1228	2
1229	5
1230	2
1231	2
1232	5
1233	5
1234	5
1235	2
1236	5
1237	5
1238	5
1239	2
1240	12
1241	12
1242	12
1243	4
1244	12
1245	12
1246	12
1247	12
1248	4
1249	4
1250	4
1251	4
1252	4
1253	6
1254	6
1255	6
1256	6
1257	6
1258	4
1259	4
1260	4
1261	4
1262	12
1263	12
1264	6
1265	6
1266	6
1267	6
1268	6
1269	6
1270	6
1271	6
1272	6
1273	6
1274	6
1275	6
1276	6
1277	6
1278	11
1279	11
1280	11
1281	4
1282	12
1283	12
1284	6
1285	6
1286	6
1287	6
1288	11
1289	11
1290	11
1291	11
1292	11
1293	11
1294	11
1295	11
1296	11
1297	11
1298	11
1299	11
1300	11
1301	11
1302	11
1303	6
1304	6
1305	6
1306	6
1307	6
1308	6
1309	6
1310	6
1311	6
1312	6
1313	6
1314	5
1315	5
1316	11
1317	5
1318	11
1319	5
1320	5
1321	5
1322	5
1323	5
1324	11
1325	5
1326	5
1327	5
1328	5
1329	5
1330	5
1331	5
1332	5
1333	5
1334	5
1335	5
1336	11
1337	5
1338	5
1339	5
1340	11
1341	11
1342	5
1343	5
1344	11
1345	5
1346	6
1347	6
1348	6
1349	6
1350	6
1351	6
1352	6
1353	6
1354	6
1355	6
1356	6
1357	6
1358	6
1359	6
1360	6
1361	6
1362	6
1363	5
1364	5
1365	5
1366	5
1367	5
1368	5
1369	5
1370	5
1371	5
1372	5
1373	5
1374	5
1375	5
1376	5
1377	5
1378	5
1379	5
1380	5
1381	11
1382	11
1383	11
1384	11
1385	11
1386	11
1387	11
1388	11
1389	11
1390	11
1391	11
1392	11
1393	11
1394	11
1395	11
1396	11
1397	6
1398	6
1399	6
1400	6
1401	6
1402	6
1403	6
1404	6
1405	6
1406	6
1407	6
1408	6
1409	6
1410	6
1411	6
1412	6
1413	6
1414	6
1415	6
1416	6
1417	6
1418	6
1419	6
1420	6
1421	6
1422	6
1423	6
1424	6
1425	6
1426	6
1427	6
1428	10
1429	10
1430	10
1431	10
1432	10
1433	10
1434	10
1435	10
1436	10
1437	10
1438	10
1439	10
1440	10
1441	1
1442	1
1443	1
1444	1
1445	1
1446	1
1447	1
1448	1
1449	1
1450	1
1451	1
1452	1
1453	1
1454	1
1455	10
1456	10
1457	10
1458	10
1459	10
1460	10
1461	10
1462	10
1463	10
1464	10
1465	4
1466	4
1467	4
1468	4
1469	4
1470	4
1471	4
1472	4
1473	4
1474	4
1475	4
1476	4
1477	4
1478	4
1479	4
1480	4
1481	4
1482	4
1483	4
1484	4
1485	4
1486	4
1487	4
1488	4
1489	6
1490	6
1491	6
1492	6
1493	6
1494	6
1495	6
1496	6
1497	6
1498	6
1499	6
1500	6
1501	1
1502	9
1503	9
1504	9
1505	9
1506	1
1507	9
1508	9
1509	9
1510	9
1511	9
1512	9
1513	9
1514	1
1515	1
1516	9
1517	9
1518	9
1519	9
1520	1
1521	9
1522	9
1523	9
1524	9
1525	9
1526	9
1527	9
1528	1
1529	8
1530	8
1531	8
1532	8
1533	8
1534	8
1535	8
1536	8
1537	8
1538	8
1539	8
1540	8
1541	8
1542	8
1543	8
1544	8
1545	8
1546	8
1547	8
1548	8
1549	8
1550	8
1551	8
1552	7
1553	5
1554	5
1555	5
1556	5
1557	5
1558	5
1559	5
1560	5
1561	5
1562	5
1563	5
1564	5
1565	5
1566	5
1567	5
1568	5
1569	5
1570	5
1571	5
1572	5
1573	5
1574	5
1575	5
1576	6
1577	6
1578	6
1579	6
1580	6
1581	6
1582	6
1583	6
1584	6
1585	6
1586	6
1587	6
1588	6
1589	6
1590	6
1591	6
1592	6
1593	6
1594	6
1595	6
1596	6
1597	6
1598	6
1599	6
1600	6
1601	6
1602	10
1603	10
1604	10
1605	10
1606	10
1607	10
1608	10
1609	10
1610	10
1611	10
1612	10
1613	10
1614	10
1615	10
1616	10
1617	10
1618	11
1619	11
1620	4
1621	4
1622	4
1623	4
1624	4
1625	4
1626	4
1627	4
1628	4
1629	2
1630	2
1631	2
1632	1
1633	2
1634	2
1635	2
1636	2
1637	2
1638	2
1639	2
1640	2
1641	2
1642	2
1643	2
1644	4
1645	4
1646	4
1647	4
1648	4
1649	2
1650	2
1651	2
1652	2
1653	2
1654	2
1655	2
1656	2
1658	2
1659	2
1660	2
1661	2
1662	2
1663	2
1664	2
1665	2
1666	2
1667	1
1668	1
1669	2
1670	2
1671	2
1672	2
1673	4
1674	2
1675	2
1676	2
1677	4
1678	12
1679	12
1680	12
1681	12
1682	12
1683	12
1684	12
1685	6
1686	6
1687	6
1688	6
1689	6
1690	6
1691	6
1692	6
1693	6
1694	6
1695	6
1696	6
1697	6
1698	6
1699	6
1700	6
1701	1
1702	1
1703	13
1704	10
1705	1
1706	1
1707	6
1708	1
1709	1
1710	1
1711	6
1712	1
1713	4
1714	4
1715	4
1716	4
1717	4
1718	4
1719	4
1720	4
1721	4
1722	4
1723	4
1724	4
1725	6
1726	1
1727	1
1728	4
1729	1
1730	1
1731	1
1732	1
1733	1
1734	6
1735	1
1736	1
1737	1
1738	1
1739	1
1740	1
1741	1
1742	1
1743	1
1744	1
1745	1
1746	1
1747	1
1748	1
1749	1
1750	1
1751	1
1752	1
1753	1
1754	1
1755	1
1756	1
1757	4
1758	4
1759	4
1760	4
1761	1
1762	1
1763	1
1764	1
1765	1
1766	1
1767	1
1768	1
1769	1
1770	1
1771	1
1772	1
1773	1
1774	4
1775	4
1776	4
1777	4
1778	4
1779	4
1780	4
1781	4
1782	4
1783	4
1784	4
1785	4
1786	4
1787	1
1788	1
1789	1
1790	1
1791	1
1792	1
1793	1
1794	1
1795	4
1796	4
1797	4
1798	4
1799	1
1800	1
1801	1
1802	1
1803	1
1804	1
1805	1
1806	1
1807	1
1808	1
1809	10
1810	10
1811	10
1812	10
1813	10
1814	10
1815	10
1816	10
1817	10
1818	10
1819	10
1820	10
1821	10
1822	10
1823	10
1824	10
1825	10
1826	10
1827	10
1828	10
1829	10
1830	12
1831	12
1832	12
1833	12
1834	12
1835	13
1836	13
1837	12
1838	10
1839	10
1840	7
1841	7
1842	7
1843	7
1844	7
1845	10
1846	10
1847	10
1848	10
1849	10
1850	10
1851	10
1852	10
1853	10
1854	10
1855	10
1856	10
1857	4
1858	4
1859	4
1860	4
1861	4
1862	4
1863	10
1864	10
1865	10
1866	10
1867	10
1868	10
1869	10
1870	10
1871	10
1872	12
1873	12
1874	12
1875	12
1876	12
1877	12
1878	12
1879	12
1880	12
1881	12
1882	12
1883	12
1884	12
1885	12
1886	12
1887	12
1888	12
1889	12
1890	12
1891	12
1892	12
1893	12
1894	12
1895	9
1896	9
1897	9
1898	11
1899	11
1900	11
1901	11
1902	11
1903	11
1904	9
1905	9
1906	9
1907	9
1908	9
1909	9
1910	9
1911	9
1912	9
1913	9
1914	9
1915	9
1916	11
1917	11
1918	11
1919	11
1920	11
1921	11
1922	11
1923	11
1924	9
1925	9
1926	9
1927	9
1928	9
1929	9
1930	9
1931	9
1932	9
1933	9
1934	9
1935	9
1936	9
1937	9
1938	9
1939	9
1940	9
1941	9
1942	9
1943	9
1944	9
1945	9
1946	9
1947	9
1948	9
1949	9
1950	9
1951	9
1952	9
1953	9
1954	9
1955	9
1956	9
1957	9
1958	9
1959	9
1960	9
1961	9
1962	9
1963	9
1964	9
1965	9
1966	9
1967	9
1968	9
1969	9
1970	9
1971	9
1972	9
1973	9
1974	9
1975	9
1976	7
1977	7
1978	7
1979	7
1980	7
1981	7
1982	7
1983	7
1984	7
1985	7
1986	7
1987	7
1988	7
1989	7
1990	7
1991	7
1992	7
1993	7
1994	7
1995	7
1996	7
1997	7
1998	7
1999	7
2000	7
2001	7
2002	7
2003	7
2004	7
2005	7
2006	7
2007	7
2008	7
2009	7
2010	7
2011	7
2012	7
2013	7
2014	7
2015	7
2016	7
2017	12
2018	12
2019	12
2020	12
2021	12
2022	12
2023	12
2024	12
2025	12
2026	12
2027	12
2028	12
2029	12
2030	8
2031	8
2032	8
2033	8
2034	8
2035	12
2036	12
2037	12
2038	4
2039	4
2040	4
2041	4
2042	4
2043	12
2044	12
2045	12
2046	12
2047	12
2048	4
2049	4
2050	12
2051	12
2052	12
2053	12
2054	12
2055	12
2056	12
2057	12
2058	7
2059	7
2060	7
2061	7
2062	7
2063	7
2064	7
2065	7
2066	7
2067	7
2068	12
2069	12
2070	12
2071	12
2072	12
2073	4
2074	12
2075	12
2076	12
2077	4
2078	4
2079	12
2080	4
2081	12
2082	12
2083	12
2084	12
2085	12
2086	12
2087	12
2088	12
2089	6
2090	6
2091	6
2092	6
2093	6
2094	6
2095	6
2096	9
2097	9
2098	9
2099	9
2100	9
2101	9
2102	9
2103	9
2104	9
2105	9
2106	9
2107	9
2108	9
2109	9
2110	9
2111	9
2112	9
2113	13
2114	13
2115	13
2116	13
2117	13
2118	10
2119	10
2120	13
2121	13
2122	10
2123	10
2124	12
2125	13
2126	13
2127	13
2128	13
2129	13
2130	10
2131	13
2132	13
2133	10
2134	13
2135	13
2136	10
2137	10
2138	10
2139	13
2140	10
2141	13
2142	13
2143	13
2144	13
2145	13
2146	10
2147	10
2148	13
2149	10
2150	13
2151	13
2152	13
2153	13
2154	13
2155	13
2156	13
2157	13
2158	13
2159	13
2160	13
2161	13
2162	13
2163	13
2164	13
2165	13
2166	13
2167	10
2168	13
2169	13
2170	13
2171	13
2172	13
2173	13
2174	10
2175	10
2176	10
2177	10
2178	13
2179	13
2180	13
2181	13
2182	13
2183	13
2184	13
2185	13
2186	13
2187	13
2188	10
2189	13
2190	13
2191	13
2192	13
2193	13
2194	13
2195	13
2196	10
2197	10
2198	13
2199	10
2200	13
2201	13
2202	13
2203	13
2204	13
2205	13
2206	13
2207	13
2208	13
2209	13
2210	13
2211	13
2212	13
2213	13
2214	13
2215	10
2216	10
2217	13
2218	13
2219	13
2220	13
2221	13
2222	13
2223	10
2224	13
2225	13
2226	13
2227	13
2228	13
2229	13
2230	13
2231	13
2232	13
2233	10
2234	10
2235	13
2236	10
2237	10
2238	10
2239	13
2240	13
2241	13
2242	10
2243	10
2244	10
2245	10
2246	13
2247	13
2248	13
2249	13
2250	13
2251	13
2252	13
2253	10
2254	10
2255	13
2256	13
2257	13
2258	13
2259	13
2260	13
2261	13
2262	13
2263	13
2264	13
2265	13
2266	13
2267	13
2268	13
2269	13
2270	13
2271	13
2272	13
2273	10
2274	13
2275	13
2276	13
2277	10
2278	13
2279	13
2280	13
2281	13
2282	10
2283	10
2284	12
2285	12
2286	13
2287	13
2288	13
2289	13
2290	13
2291	13
2292	13
2293	13
2294	13
2295	13
2296	13
2297	13
2298	10
2299	10
2300	10
2301	13
2302	10
2303	13
2304	10
2305	13
2306	13
2307	13
2308	13
2309	12
2310	12
2311	12
2312	5
2313	5
2314	5
2315	5
2316	5
2317	5
2318	5
2319	5
2320	5
2321	5
2322	5
2323	5
2324	5
2325	5
2326	5
2327	5
2328	5
2329	5
2330	9
2331	9
2332	9
2333	9
2334	9
2335	9
2336	9
2337	9
2338	9
2339	9
2340	9
2341	9
2342	9
2343	9
2344	9
2345	9
2346	6
2347	6
2348	6
2349	6
2350	6
2351	6
2352	6
2353	6
2354	6
2355	6
2356	6
2357	6
2358	6
2359	6
2360	6
2361	6
2362	6
2363	6
2364	6
2365	6
2366	10
2367	10
2368	10
2369	10
2370	10
2371	10
2372	10
2373	10
2374	10
2375	10
2376	10
2377	10
2378	10
2379	10
2380	10
2381	10
2382	10
2383	10
2384	10
2385	10
2386	10
2387	10
2388	10
2389	10
2390	10
2391	10
2392	10
2393	10
2394	10
2395	10
2396	10
2397	10
2398	10
2399	10
2400	10
2401	10
2402	10
2403	10
2404	10
2405	10
2406	10
2407	10
2408	10
2409	10
2410	10
2411	10
2412	10
2413	10
2414	10
2415	3
2416	3
2417	3
2418	3
2419	3
2420	3
2421	3
2422	3
2423	3
2424	3
2425	3
2426	3
2427	3
2428	3
2429	3
2430	3
2431	3
2432	3
2433	3
2434	3
2435	3
2436	3
2437	3
2438	3
2439	3
2440	3
2441	3
2442	3
2443	3
2444	3
2445	3
2446	3
2447	3
2448	3
2449	3
2450	3
2451	3
2452	3
2453	3
2454	3
2455	3
2456	3
2457	3
2458	3
2459	3
2460	3
2461	3
2462	3
2463	3
2464	3
2465	3
2466	3
2467	3
2468	3
2469	3
2470	3
2471	3
2472	3
2473	3
2474	3
2475	3
2476	3
2477	3
2478	3
2479	3
2480	3
2481	3
2482	3
2483	3
2484	3
2485	3
2486	3
2487	3
2488	3
2489	3
2490	3
2491	3
2492	3
2493	3
2494	3
2495	3
2496	8
2497	8
2498	8
2499	8
2500	3
2501	3
2502	3
2503	3
2504	3
2505	3
2506	3
2507	3
2508	8
2509	8
2510	8
2511	3
2512	3
2513	8
2514	8
2515	3
2516	3
2517	3
2518	3
2519	3
2520	3
2521	3
2522	3
2523	3
2524	3
2525	3
2526	3
2527	3
2528	3
2529	3
2530	8
2531	8
2532	8
2533	8
2534	8
2535	8
2536	8
2537	8
2538	3
2539	8
2540	8
2541	3
2542	3
2543	3
2544	3
2545	3
2546	3
2547	3
2548	3
2549	3
2550	3
2551	3
2552	3
2553	8
2554	3
2555	3
2556	3
2557	8
2558	3
2559	3
2560	3
2561	3
2562	8
2563	3
2564	3
2565	3
2566	3
2567	3
2568	3
2569	3
2570	3
2571	3
2572	3
2573	3
2574	3
2575	3
2576	3
2577	3
2578	3
2579	3
2580	3
2581	3
2582	3
2583	3
2584	3
2585	3
2586	3
2587	8
2588	8
2589	8
2590	8
2591	8
2592	8
2593	8
2594	3
2595	3
2596	3
2597	3
2598	3
2599	3
2600	3
2601	3
2602	3
2603	3
2604	3
2605	3
2606	12
2607	12
2608	12
2609	12
2610	12
2611	12
2612	12
2613	12
2614	12
2615	12
2616	12
2617	12
2618	12
2619	12
2620	12
2621	12
2622	12
2623	12
2624	12
2625	12
2626	12
2627	12
2628	12
2629	12
2630	12
2631	12
2632	12
2633	12
2634	12
2635	12
2636	12
2637	12
2638	12
2639	12
2640	7
2641	7
2642	7
2643	7
2644	7
2645	7
2646	7
2647	7
2648	7
2649	7
2650	7
2651	7
2652	7
2653	7
2654	7
2655	7
2656	7
2657	7
2658	7
2659	7
2660	7
2661	7
2662	7
2663	7
2664	7
2665	7
2666	7
2667	7
2668	7
2669	7
2670	7
2671	7
2672	7
2673	7
2674	7
2675	7
2676	7
2677	7
2678	7
2679	7
2680	7
2681	7
2682	7
2683	7
2684	7
2685	7
2686	7
2687	7
2688	9
2689	9
2690	9
2691	9
315	6
1657	2
