0	8
1	8
2	8
3	8
4	8
5	8
6	8
7	4
8	4
9	4
10	4
11	12
12	4
13	4
14	12
15	4
16	12
17	12
18	4
19	4
20	4
21	2
22	2
23	2
24	2
25	2
26	2
27	2
28	2
29	4
30	4
31	4
32	4
33	4
34	4
35	4
36	4
37	4
38	4
39	4
40	4
41	4
42	4
43	4
44	4
45	4
46	4
47	4
48	4
49	10
50	10
51	10
52	10
53	13
54	13
55	13
56	13
57	13
58	10
59	10
60	10
61	10
62	10
63	10
64	10
65	13
66	13
67	13
68	13
69	13
70	13
71	2
72	2
73	2
74	2
75	10
76	10
77	10
78	10
79	10
80	10
81	10
82	10
83	7
84	7
85	7
86	7
87	7
88	7
89	7
90	7
91	7
92	7
93	7
94	7
95	7
96	12
97	4
98	12
99	12
100	4
101	4
102	4
103	12
104	4
105	4
106	4
107	4
108	12
109	4
110	4
111	12
112	12
113	12
114	4
115	4
116	12
117	12
118	12
119	12
120	4
121	12
122	12
123	4
124	12
125	12
126	12
127	12
128	12
129	3
130	3
131	3
132	7
133	7
134	3
135	3
136	3
137	3
138	3
139	7
140	3
141	7
142	7
143	3
144	3
145	3
146	3
147	7
148	3
149	3
150	7
151	3
152	3
153	7
154	7
155	3
156	7
157	7
158	7
159	7
160	7
161	7
162	7
163	7
164	3
165	7
166	6
167	6
168	6
169	6
170	6
171	6
172	6
173	6
174	6
175	6
176	6
177	6
178	6
179	6
180	6
181	6
182	6
183	10
184	10
185	10
186	10
187	10
188	10
189	10
190	10
191	10
192	10
193	10
194	10
195	10
196	10
197	10
198	10
199	10
200	10
201	10
202	10
203	10
204	10
205	10
206	10
207	10
208	2
209	2
210	2
211	2
212	2
213	2
214	2
215	2
216	2
217	2
218	2
219	2
220	2
221	2
222	2
223	2
224	2
225	2
226	3
227	3
228	3
229	3
230	3
231	3
232	3
233	3
234	3
235	3
236	2
237	2
238	2
239	2
240	2
241	2
242	2
243	2
244	2
245	2
246	2
247	2
248	10
249	10
250	10
251	10
252	10
253	10
254	10
255	10
256	10
257	10
258	10
259	10
260	10
261	3
262	3
263	3
264	3
265	3
266	3
267	3
268	3
269	3
270	3
271	3
272	3
273	3
274	3
275	3
276	3
277	3
278	3
279	3
280	3
281	3
282	3
283	3
284	3
285	3
286	3
287	3
288	3
289	3
290	3
291	3
292	3
293	3
294	3
295	3
296	3
297	3
298	3
299	3
300	3
301	3
302	10
303	10
304	10
305	10
306	13
307	13
308	2
309	13
310	13
311	13
312	13
313	13
314	13
316	4
317	4
318	4
319	4
320	4
321	4
322	4
323	4
324	4
325	4
326	4
327	4
328	4
329	4
330	4
331	2
332	13
333	2
334	2
335	13
336	13
337	4
338	4
339	4
340	13
341	13
342	13
343	13
344	13
345	13
346	2
347	13
348	13
349	13
350	13
351	13
352	13
353	13
354	13
355	13
356	7
357	7
358	7
359	7
360	7
361	7
362	7
363	7
364	7
365	7
366	7
367	7
368	7
369	13
370	13
371	13
372	13
373	13
374	13
375	13
376	13
377	2
378	13
379	13
380	2
381	13
382	13
383	13
384	13
385	13
386	2
387	13
388	13
389	4
390	4
391	4
392	4
393	4
394	13
395	13
396	13
397	13
398	4
399	4
400	4
401	4
402	4
403	2
404	2
405	2
406	2
407	2
408	2
409	8
410	8
411	8
412	8
413	10
414	10
415	8
416	8
417	8
418	8
419	8
420	8
421	10
422	8
423	8
424	8
425	6
426	6
427	6
428	6
429	6
430	6
431	6
432	6
433	10
434	8
435	8
436	10
437	10
438	8
439	8
440	8
441	8
442	8
443	10
444	8
445	8
446	6
447	6
448	6
449	6
450	6
451	8
452	8
453	8
454	6
455	6
456	6
457	10
458	8
459	8
460	8
461	10
462	10
463	6
464	6
465	6
466	6
467	6
468	6
469	6
470	6
471	6
472	6
473	10
474	8
475	3
476	3
477	6
478	6
479	6
480	6
481	6
482	6
483	6
484	2
485	2
486	6
487	6
488	6
489	3
490	3
491	3
492	3
493	3
494	3
495	6
496	6
497	6
498	2
499	6
500	6
501	6
502	2
503	6
504	6
505	6
506	2
507	2
508	2
509	2
510	2
511	2
512	2
513	2
514	2
515	2
516	2
517	2
518	2
519	2
520	2
521	2
522	11
523	11
524	11
525	11
526	8
527	8
528	11
529	11
530	11
531	11
532	11
533	11
534	11
535	11
536	11
537	11
538	8
539	8
540	8
541	8
542	8
543	8
544	8
545	8
546	8
547	8
548	8
549	8
550	8
551	8
552	8
553	8
554	8
555	8
556	8
557	8
558	8
559	2
560	2
561	2
562	2
563	2
564	2
565	8
566	8
567	8
568	8
569	8
570	11
571	11
572	11
573	11
574	11
575	11
576	11
577	11
578	11
579	11
580	11
581	8
582	8
583	8
584	8
585	8
586	8
587	3
588	3
589	3
590	3
591	3
592	2
593	2
594	3
595	2
596	3
597	3
598	3
599	2
600	2
601	3
602	2
603	10
604	10
605	10
606	10
607	10
608	10
609	10
610	10
611	10
612	10
613	10
614	10
615	10
616	10
617	3
618	2
619	2
620	3
621	3
622	3
623	3
624	3
625	3
626	3
627	3
628	2
629	2
630	2
631	3
632	3
633	3
634	3
635	3
636	3
637	3
638	3
639	10
640	8
641	10
642	8
643	10
644	8
645	8
646	8
647	8
648	8
649	8
650	8
651	8
652	8
653	10
654	10
655	10
656	8
657	6
658	6
659	6
660	6
661	8
662	8
663	8
664	8
665	8
666	8
667	8
668	8
669	8
670	3
671	3
672	3
673	3
674	3
675	3
676	3
677	3
678	3
679	3
680	8
681	8
682	8
683	8
684	8
685	8
686	8
687	8
688	8
689	8
690	8
691	8
692	8
693	8
694	8
695	8
696	8
697	3
698	3
699	3
700	3
701	3
702	3
703	3
704	3
705	3
706	3
707	3
708	3
709	3
710	3
711	3
712	3
713	3
714	8
715	8
716	2
717	2
718	3
719	3
720	3
721	2
722	2
723	2
724	2
725	2
726	2
727	2
728	2
729	2
730	2
731	2
732	4
733	4
734	4
735	4
736	4
737	6
738	6
739	6
740	6
741	6
742	6
743	6
744	6
745	4
746	4
747	4
748	4
749	4
750	4
751	4
752	4
753	4
754	4
755	4
756	4
757	4
758	4
759	4
760	4
761	4
762	4
763	4
764	4
765	4
766	6
767	6
768	6
769	6
770	4
771	4
772	6
773	6
774	6
775	6
776	6
777	6
778	6
779	6
780	6
781	6
782	6
783	6
784	6
785	2
786	6
787	6
788	6
789	6
790	6
791	2
792	2
793	2
794	2
795	2
796	2
797	2
798	2
799	2
800	2
801	6
802	6
803	6
804	6
805	2
806	2
807	2
808	6
809	6
810	6
811	9
812	12
813	9
814	9
815	9
816	9
817	9
818	12
819	9
820	12
821	9
822	9
823	9
824	9
825	9
826	9
827	9
828	9
829	12
830	9
831	9
832	9
833	9
834	9
835	9
836	9
837	9
838	9
839	9
840	9
841	9
842	9
843	9
844	9
845	9
846	9
847	12
848	9
849	9
850	12
851	9
852	9
853	9
854	9
855	9
856	12
857	12
858	10
859	10
860	10
861	10
862	10
863	10
864	10
865	10
866	10
867	10
868	10
869	10
870	10
871	9
872	9
873	9
874	9
875	9
876	9
877	9
878	9
879	9
880	9
881	9
882	9
883	9
884	9
885	9
886	9
887	9
888	9
889	9
890	9
891	9
892	12
893	9
894	9
895	9
896	9
897	9
898	9
899	9
900	9
901	12
902	9
903	9
904	9
905	9
906	9
907	9
908	9
909	9
910	9
911	12
912	12
913	9
914	9
915	9
916	9
917	9
918	9
919	9
920	9
921	9
922	12
923	12
924	9
925	9
926	9
927	9
928	9
929	9
930	12
931	12
932	9
933	12
934	9
935	9
936	9
937	9
938	9
939	9
940	9
941	9
942	12
943	9
944	12
945	12
946	9
947	9
948	9
949	12
950	9
951	9
952	9
953	9
954	12
955	9
956	12
957	9
958	9
959	9
960	9
961	9
962	12
963	9
964	9
965	9
966	9
967	9
968	9
969	9
970	9
971	9
972	9
973	9
974	9
975	12
976	9
977	9
978	9
979	9
980	9
981	9
982	12
983	12
984	12
985	7
986	7
987	7
988	7
989	7
990	7
991	7
992	6
993	7
994	7
995	7
996	7
997	7
998	7
999	7
1000	6
1001	6
1002	7
1003	7
1004	7
1005	7
1006	7
1007	12
1008	12
1009	7
1010	12
1011	12
1012	12
1013	12
1014	12
1015	12
1016	12
1017	12
1018	12
1019	12
1020	12
1021	12
1022	12
1023	12
1024	12
1025	12
1026	12
1027	12
1028	12
1029	12
1030	12
1031	12
1032	12
1033	12
1034	12
1035	12
1036	12
1037	12
1038	12
1039	12
1040	12
1041	12
1042	12
1043	12
1044	12
1045	12
1046	12
1047	12
1048	12
1049	12
1050	12
1051	12
1052	12
1053	12
1054	12
1055	12
1056	12
1057	12
1058	12
1059	12
1060	12
1061	12
1062	12
1063	12
1064	12
1065	12
1066	12
1067	12
1068	12
1069	12
1070	12
1071	12
1072	12
1073	12
1074	12
1075	10
1076	10
1077	10
1078	10
1079	10
1080	10
1081	10
1082	10
1083	10
1084	10
1085	10
1086	10
1087	3
1088	3
1089	3
1090	3
1091	3
1092	3
1093	3
1094	2
1095	2
1096	2
1097	2
1098	2
1099	2
1100	2
1101	2
1102	2
1103	2
1104	2
1105	2
1106	2
1107	13
1108	13
1109	13
1110	13
1111	13
1112	13
1113	13
1114	13
1115	13
1116	13
1117	13
1118	13
1119	13
1120	13
1121	13
1122	13
1123	13
1124	13
1125	13
1126	13
1127	13
1128	13
1129	13
1130	13
1131	13
1132	13
1133	13
1134	13
1135	13
1136	13
1137	13
1138	13
1139	13
1140	13
1141	13
1142	13
1143	13
1144	13
1145	13
1146	13
1147	13
1148	13
1149	13
1150	13
1151	13
1152	13
1153	13
1154	2
1155	2
1156	2
1157	2
1158	2
1159	2
1160	2
1161	2
1162	2
1163	2
1164	2
1165	2
1166	2
1167	2
1168	2
1169	12
1170	12
1171	12
1172	12
1173	12
1174	12
1175	12
1176	12
1177	12
1178	12
1179	12
1180	12
1181	12
1182	12
1183	12
1184	12
1185	12
1186	12
1187	12
1188	12
1189	12
1190	12
1191	12
1192	12
1193	12
1194	12
1195	12
1196	12
1197	12
1198	12
1199	12
1200	9
1201	9
1202	9
1203	9
1204	11
1205	9
1206	9
1207	9
1208	11
1209	9
1210	9
1211	11
1212	11
1213	11
1214	9
1215	11
1216	9
1217	11
1218	9
1219	9
1220	9
1221	9
1222	9
1223	9
1224	11
1225	9
1226	9
1227	11
1228	11
1229	9
1230	11
1231	11
1232	9
1233	9
1234	9
1235	11
1236	9
1237	9
1238	9
1239	11
1240	3
1241	3
1242	3
1243	3
1244	3
1245	3
1246	3
1247	3
1248	3
1249	3
1250	3
1251	3
1252	3
1253	10
1254	4
1255	10
1256	4
1257	10
1258	3
1259	3
1260	3
1261	3
1262	3
1263	3
1264	4
1265	4
1266	10
1267	10
1268	10
1269	10
1270	10
1271	10
1272	10
1273	10
1274	4
1275	10
1276	10
1277	10
1278	2
1279	2
1280	2
1281	3
1282	3
1283	3
1284	10
1285	4
1286	10
1287	10
1288	2
1289	2
1290	2
1291	2
1292	2
1293	2
1294	2
1295	2
1296	2
1297	2
1298	2
1299	2
1300	2
1301	2
1302	2
1303	10
1304	10
1305	10
1306	10
1307	10
1308	10
1309	10
1310	10
1311	10
1312	10
1313	10
1314	13
1315	13
1316	13
1317	13
1318	13
1319	13
1320	13
1321	13
1322	13
1323	13
1324	13
1325	13
1326	13
1327	9
1328	13
1329	13
1330	13
1331	9
1332	9
1333	13
1334	13
1335	13
1336	13
1337	13
1338	13
1339	13
1340	13
1341	13
1342	13
1343	13
1344	13
1345	13
1346	10
1347	10
1348	10
1349	10
1350	10
1351	10
1352	10
1353	10
1354	10
1355	10
1356	10
1357	10
1358	10
1359	10
1360	10
1361	10
1362	10
1363	9
1364	9
1365	9
1366	9
1367	9
1368	9
1369	9
1370	9
1371	9
1372	9
1373	9
1374	9
1375	9
1376	9
1377	9
1378	9
1379	9
1380	9
1381	2
1382	2
1383	2
1384	2
1385	2
1386	2
1387	2
1388	2
1389	2
1390	2
1391	2
1392	2
1393	2
1394	2
1395	2
1396	2
1397	10
1398	10
1399	10
1400	10
1401	10
1402	10
1403	10
1404	10
1405	10
1406	10
1407	10
1408	10
1409	10
1410	10
1411	10
1412	10
1413	10
1414	10
1415	10
1416	10
1417	10
1418	10
1419	10
1420	10
1421	10
1422	10
1423	10
1424	10
1425	10
1426	10
1427	10
1428	11
1429	11
1430	11
1431	11
1432	11
1433	11
1434	11
1435	11
1436	11
1437	11
1438	11
1439	11
1440	11
1441	12
1442	12
1443	12
1444	12
1445	12
1446	12
1447	12
1448	12
1449	12
1450	12
1451	12
1452	12
1453	12
1454	12
1455	11
1456	11
1457	11
1458	11
1459	11
1460	11
1461	11
1462	11
1463	11
1464	11
1465	2
1466	2
1467	2
1468	2
1469	2
1470	2
1471	2
1472	2
1473	2
1474	2
1475	2
1476	2
1477	2
1478	2
1479	2
1480	2
1481	2
1482	2
1483	2
1484	2
1485	2
1486	2
1487	2
1488	2
1489	4
1490	4
1491	4
1492	4
1493	4
1494	4
1495	4
1496	4
1497	4
1498	4
1499	4
1500	4
1501	8
1502	8
1503	8
1504	8
1505	8
1506	8
1507	8
1508	8
1509	8
1510	8
1511	8
1512	8
1513	8
1514	8
1515	8
1516	8
1517	8
1518	8
1519	8
1520	8
1521	8
1522	8
1523	8
1524	8
1525	8
1526	8
1527	8
1528	8
1529	6
1530	6
1531	6
1532	6
1533	6
1534	6
1535	6
1536	6
1537	6
1538	6
1539	6
1540	6
1541	6
1542	6
1543	6
1544	6
1545	6
1546	6
1547	6
1548	6
1549	6
1550	6
1551	6
1552	7
1553	11
1554	11
1555	11
1556	11
1557	11
1558	11
1559	11
1560	11
1561	11
1562	11
1563	11
1564	11
1565	11
1566	11
1567	11
1568	11
1569	11
1570	11
1571	11
1572	11
1573	11
1574	11
1575	11
1576	4
1577	4
1578	4
1579	4
1580	4
1581	4
1582	4
1583	4
1584	4
1585	4
1586	4
1587	4
1588	4
1589	4
1590	4
1591	4
1592	4
1593	10
1594	10
1595	10
1596	10
1597	10
1598	10
1599	10
1600	10
1601	10
1602	11
1603	11
1604	11
1605	11
1606	11
1607	11
1608	11
1609	11
1610	11
1611	11
1612	11
1613	11
1614	11
1615	11
1616	11
1617	11
1618	2
1619	2
1620	2
1621	2
1622	2
1623	2
1624	2
1625	2
1626	2
1627	2
1628	2
1629	12
1630	12
1631	12
1632	12
1633	12
1634	12
1635	12
1636	12
1637	12
1638	12
1639	12
1640	12
1641	12
1642	12
1643	12
1644	2
1645	2
1646	2
1647	2
1648	2
1649	12
1650	12
1651	12
1652	12
1653	12
1654	12
1655	12
1656	12
1658	12
1659	12
1660	12
1661	12
1662	12
1663	12
1664	12
1665	12
1666	12
1667	12
1668	12
1669	12
1670	12
1671	12
1672	12
1673	2
1674	12
1675	12
1676	12
1677	2
1678	3
1679	3
1680	3
1681	3
1682	3
1683	3
1684	3
1685	4
1686	4
1687	4
1688	4
1689	4
1690	4
1691	4
1692	4
1693	4
1694	4
1695	4
1696	4
1697	4
1698	4
1699	4
1700	4
1701	4
1702	4
1703	5
1704	5
1705	4
1706	4
1707	4
1708	4
1709	4
1710	4
1711	4
1712	4
1713	2
1714	2
1715	2
1716	2
1717	2
1718	2
1719	2
1720	2
1721	2
1722	2
1723	2
1724	2
1725	4
1726	4
1727	4
1728	2
1729	4
1730	4
1731	4
1732	4
1733	4
1734	4
1735	4
1736	4
1737	4
1738	4
1739	4
1740	4
1741	4
1742	8
1743	8
1744	8
1745	8
1746	8
1747	8
1748	8
1749	8
1750	8
1751	8
1752	8
1753	8
1754	8
1755	8
1756	8
1757	2
1758	2
1759	2
1760	2
1761	8
1762	8
1763	8
1764	5
1765	8
1766	8
1767	5
1768	8
1769	8
1770	8
1771	8
1772	8
1773	8
1774	2
1775	2
1776	2
1777	2
1778	2
1779	2
1780	2
1781	2
1782	2
1783	2
1784	2
1785	2
1786	2
1787	8
1788	8
1789	8
1790	8
1791	8
1792	8
1793	8
1794	8
1795	2
1796	2
1797	2
1798	2
1799	8
1800	8
1801	8
1802	8
1803	8
1804	8
1805	8
1806	8
1807	8
1808	8
1809	4
1810	4
1811	4
1812	4
1813	4
1814	4
1815	4
1816	4
1817	4
1818	4
1819	4
1820	4
1821	4
1822	4
1823	4
1824	4
1825	4
1826	4
1827	4
1828	4
1829	4
1830	3
1831	3
1832	3
1833	3
1834	3
1835	4
1836	4
1837	3
1838	4
1839	4
1840	9
1841	9
1842	9
1843	9
1844	9
1845	4
1846	4
1847	4
1848	4
1849	4
1850	4
1851	4
1852	4
1853	4
1854	4
1855	4
1856	4
1857	2
1858	2
1859	2
1860	2
1861	2
1862	2
1863	4
1864	4
1865	4
1866	4
1867	4
1868	4
1869	4
1870	4
1871	4
1872	6
1873	6
1874	6
1875	6
1876	6
1877	6
1878	6
1879	6
1880	6
1881	6
1882	6
1883	6
1884	6
1885	6
1886	6
1887	6
1888	6
1889	6
1890	6
1891	6
1892	6
1893	6
1894	6
1895	10
1896	10
1897	8
1898	13
1899	13
1900	13
1901	13
1902	13
1903	13
1904	10
1905	10
1906	10
1907	10
1908	10
1909	10
1910	10
1911	10
1912	10
1913	10
1914	10
1915	10
1916	13
1917	13
1918	13
1919	13
1920	13
1921	13
1922	13
1923	13
1924	8
1925	8
1926	10
1927	10
1928	8
1929	10
1930	8
1931	10
1932	10
1933	10
1934	10
1935	10
1936	10
1937	8
1938	10
1939	10
1940	8
1941	10
1942	10
1943	10
1944	10
1945	10
1946	10
1947	10
1948	10
1949	10
1950	10
1951	8
1952	8
1953	10
1954	10
1955	10
1956	10
1957	8
1958	10
1959	8
1960	10
1961	10
1962	10
1963	10
1964	10
1965	8
1966	10
1967	10
1968	10
1969	10
1970	10
1971	10
1972	8
1973	10
1974	10
1975	10
1976	7
1977	6
1978	7
1979	6
1980	7
1981	6
1982	6
1983	7
1984	6
1985	6
1986	6
1987	7
1988	7
1989	7
1990	7
1991	6
1992	7
1993	7
1994	7
1995	6
1996	7
1997	7
1998	7
1999	7
2000	7
2001	7
2002	7
2003	7
2004	7
2005	7
2006	7
2007	6
2008	7
2009	6
2010	7
2011	6
2012	6
2013	6
2014	7
2015	7
2016	7
2017	3
2018	3
2019	3
2020	3
2021	3
2022	3
2023	3
2024	6
2025	3
2026	3
2027	3
2028	3
2029	3
2030	6
2031	6
2032	6
2033	6
2034	6
2035	6
2036	6
2037	6
2038	2
2039	2
2040	2
2041	2
2042	2
2043	3
2044	3
2045	3
2046	6
2047	6
2048	2
2049	2
2050	3
2051	6
2052	6
2053	6
2054	6
2055	6
2056	6
2057	6
2058	11
2059	11
2060	11
2061	11
2062	11
2063	11
2064	11
2065	11
2066	11
2067	11
2068	3
2069	3
2070	3
2071	3
2072	3
2073	3
2074	3
2075	3
2076	3
2077	3
2078	3
2079	3
2080	3
2081	3
2082	3
2083	3
2084	3
2085	3
2086	3
2087	3
2088	3
2089	4
2090	4
2091	4
2092	4
2093	4
2094	4
2095	4
2096	10
2097	10
2098	8
2099	10
2100	8
2101	10
2102	10
2103	10
2104	10
2105	10
2106	8
2107	8
2108	8
2109	8
2110	8
2111	10
2112	8
2113	5
2114	5
2115	5
2116	5
2117	5
2118	11
2119	11
2120	5
2121	5
2122	11
2123	11
2124	3
2125	5
2126	5
2127	5
2128	5
2129	5
2130	11
2131	5
2132	5
2133	11
2134	5
2135	5
2136	11
2137	11
2138	11
2139	5
2140	11
2141	5
2142	5
2143	5
2144	5
2145	5
2146	11
2147	11
2148	5
2149	11
2150	5
2151	5
2152	5
2153	5
2154	5
2155	5
2156	5
2157	5
2158	5
2159	5
2160	5
2161	5
2162	5
2163	5
2164	5
2165	5
2166	5
2167	11
2168	5
2169	5
2170	5
2171	5
2172	5
2173	5
2174	11
2175	11
2176	11
2177	11
2178	5
2179	5
2180	5
2181	5
2182	5
2183	5
2184	5
2185	5
2186	5
2187	5
2188	11
2189	5
2190	5
2191	5
2192	5
2193	5
2194	5
2195	5
2196	11
2197	11
2198	5
2199	11
2200	5
2201	5
2202	5
2203	5
2204	5
2205	5
2206	5
2207	5
2208	5
2209	5
2210	5
2211	5
2212	5
2213	5
2214	5
2215	11
2216	11
2217	5
2218	5
2219	5
2220	5
2221	5
2222	5
2223	11
2224	5
2225	5
2226	5
2227	5
2228	5
2229	5
2230	5
2231	5
2232	5
2233	11
2234	11
2235	5
2236	11
2237	11
2238	11
2239	5
2240	5
2241	5
2242	11
2243	11
2244	5
2245	11
2246	5
2247	5
2248	5
2249	5
2250	5
2251	5
2252	5
2253	11
2254	11
2255	5
2256	5
2257	5
2258	5
2259	5
2260	5
2261	5
2262	5
2263	5
2264	5
2265	5
2266	5
2267	5
2268	5
2269	11
2270	11
2271	5
2272	5
2273	11
2274	5
2275	5
2276	5
2277	11
2278	5
2279	5
2280	5
2281	5
2282	11
2283	11
2284	3
2285	3
2286	5
2287	5
2288	5
2289	5
2290	5
2291	5
2292	5
2293	5
2294	5
2295	5
2296	5
2297	5
2298	11
2299	11
2300	11
2301	5
2302	11
2303	5
2304	11
2305	5
2306	5
2307	5
2308	5
2309	3
2310	3
2311	3
2312	9
2313	9
2314	9
2315	9
2316	9
2317	9
2318	9
2319	9
2320	9
2321	9
2322	9
2323	9
2324	9
2325	9
2326	9
2327	9
2328	9
2329	9
2330	10
2331	10
2332	10
2333	10
2334	10
2335	10
2336	10
2337	10
2338	10
2339	10
2340	10
2341	10
2342	10
2343	10
2344	10
2345	10
2346	12
2347	12
2348	12
2349	12
2350	12
2351	12
2352	12
2353	12
2354	12
2355	12
2356	12
2357	12
2358	12
2359	12
2360	12
2361	12
2362	12
2363	12
2364	12
2365	12
2366	11
2367	11
2368	11
2369	11
2370	11
2371	11
2372	11
2373	11
2374	11
2375	11
2376	11
2377	11
2378	11
2379	11
2380	11
2381	11
2382	11
2383	11
2384	11
2385	11
2386	11
2387	11
2388	11
2389	11
2390	11
2391	11
2392	11
2393	11
2394	11
2395	11
2396	11
2397	11
2398	11
2399	11
2400	11
2401	11
2402	11
2403	11
2404	11
2405	11
2406	11
2407	11
2408	11
2409	11
2410	11
2411	11
2412	11
2413	11
2414	11
2415	13
2416	13
2417	13
2418	13
2419	1
2420	1
2421	1
2422	13
2423	13
2424	13
2425	13
2426	13
2427	1
2428	1
2429	1
2430	1
2431	1
2432	1
2433	1
2434	1
2435	13
2436	13
2437	13
2438	1
2439	1
2440	1
2441	1
2442	13
2443	13
2444	13
2445	1
2446	1
2447	1
2448	13
2449	1
2450	1
2451	1
2452	1
2453	1
2454	1
2455	13
2456	13
2457	1
2458	1
2459	1
2460	1
2461	1
2462	1
2463	1
2464	1
2465	1
2466	1
2467	1
2468	1
2469	1
2470	1
2471	1
2472	1
2473	1
2474	1
2475	1
2476	1
2477	1
2478	1
2479	1
2480	1
2481	1
2482	1
2483	1
2484	1
2485	1
2486	1
2487	1
2488	1
2489	1
2490	1
2491	1
2492	1
2493	1
2494	1
2495	1
2496	1
2497	1
2498	1
2499	1
2500	1
2501	1
2502	13
2503	13
2504	13
2505	13
2506	13
2507	13
2508	1
2509	1
2510	1
2511	1
2512	1
2513	1
2514	1
2515	1
2516	1
2517	1
2518	1
2519	1
2520	1
2521	1
2522	1
2523	1
2524	13
2525	1
2526	1
2527	1
2528	13
2529	1
2530	1
2531	1
2532	1
2533	1
2534	1
2535	1
2536	1
2537	1
2538	1
2539	1
2540	1
2541	1
2542	1
2543	13
2544	1
2545	1
2546	1
2547	13
2548	13
2549	13
2550	1
2551	1
2552	1
2553	1
2554	1
2555	1
2556	1
2557	1
2558	13
2559	13
2560	1
2561	1
2562	1
2563	1
2564	13
2565	1
2566	13
2567	1
2568	1
2569	1
2570	1
2571	1
2572	1
2573	1
2574	1
2575	1
2576	1
2577	1
2578	1
2579	1
2580	1
2581	1
2582	1
2583	1
2584	1
2585	1
2586	1
2587	1
2588	1
2589	1
2590	1
2591	1
2592	1
2593	1
2594	13
2595	13
2596	13
2597	13
2598	13
2599	13
2600	1
2601	1
2602	13
2603	1
2604	1
2605	1
2606	3
2607	3
2608	3
2609	3
2610	3
2611	3
2612	3
2613	3
2614	3
2615	3
2616	3
2617	3
2618	3
2619	3
2620	3
2621	3
2622	3
2623	3
2624	3
2625	3
2626	3
2627	3
2628	3
2629	3
2630	3
2631	3
2632	3
2633	3
2634	3
2635	3
2636	3
2637	3
2638	3
2639	3
2640	7
2641	7
2642	7
2643	7
2644	7
2645	7
2646	7
2647	7
2648	7
2649	7
2650	7
2651	7
2652	7
2653	7
2654	7
2655	7
2656	7
2657	7
2658	7
2659	7
2660	7
2661	7
2662	7
2663	7
2664	7
2665	7
2666	7
2667	7
2668	7
2669	7
2670	7
2671	7
2672	7
2673	7
2674	7
2675	7
2676	7
2677	7
2678	7
2679	7
2680	7
2681	7
2682	7
2683	7
2684	7
2685	7
2686	7
2687	7
2688	10
2689	10
2690	10
2691	10
315	4
1657	12
