0	6
1	6
2	6
3	6
4	6
5	6
6	6
7	10
8	10
9	10
10	10
11	10
12	10
13	10
14	10
15	10
16	10
17	10
18	10
19	10
20	10
21	7
22	7
23	7
24	7
25	7
26	7
27	7
28	7
29	6
30	6
31	6
32	6
33	6
34	6
35	6
36	6
37	6
38	6
39	6
40	6
41	6
42	6
43	6
44	6
45	6
46	6
47	6
48	6
49	6
50	6
51	6
52	6
53	2
54	2
55	2
56	2
57	2
58	6
59	6
60	6
61	6
62	6
63	6
64	6
65	2
66	2
67	2
68	2
69	2
70	2
71	7
72	7
73	7
74	7
75	6
76	6
77	6
78	6
79	6
80	6
81	6
82	6
83	13
84	13
85	13
86	13
87	13
88	13
89	13
90	13
91	13
92	13
93	13
94	13
95	13
96	10
97	10
98	10
99	10
100	10
101	10
102	10
103	10
104	10
105	10
106	10
107	10
108	10
109	10
110	10
111	10
112	10
113	10
114	10
115	10
116	10
117	10
118	10
119	10
120	10
121	10
122	10
123	10
124	10
125	10
126	10
127	10
128	10
129	5
130	5
131	5
132	5
133	13
134	5
135	5
136	5
137	5
138	5
139	5
140	5
141	5
142	13
143	5
144	5
145	5
146	5
147	13
148	5
149	5
150	13
151	5
152	5
153	5
154	5
155	5
156	5
157	5
158	5
159	13
160	13
161	13
162	13
163	13
164	5
165	5
166	5
167	5
168	5
169	5
170	5
171	5
172	5
173	5
174	5
175	5
176	5
177	5
178	5
179	5
180	5
181	5
182	5
183	6
184	6
185	6
186	6
187	6
188	6
189	6
190	6
191	6
192	6
193	6
194	6
195	6
196	6
197	6
198	6
199	6
200	6
201	6
202	6
203	6
204	6
205	6
206	6
207	6
208	7
209	7
210	7
211	7
212	7
213	7
214	7
215	7
216	7
217	7
218	7
219	7
220	7
221	7
222	7
223	7
224	7
225	7
226	7
227	7
228	7
229	7
230	7
231	7
232	7
233	7
234	7
235	7
236	7
237	7
238	7
239	7
240	7
241	7
242	7
243	7
244	7
245	7
246	7
247	7
248	6
249	6
250	6
251	6
252	6
253	6
254	6
255	6
256	6
257	6
258	6
259	6
260	6
261	9
262	9
263	9
264	9
265	9
266	9
267	9
268	9
269	9
270	9
271	9
272	9
273	9
274	9
275	9
276	9
277	9
278	9
279	9
280	9
281	9
282	9
283	9
284	9
285	9
286	9
287	9
288	9
289	9
290	9
291	9
292	9
293	9
294	9
295	9
296	9
297	9
298	9
299	9
300	9
301	9
302	6
303	6
304	6
305	6
306	4
307	4
308	4
309	4
310	4
311	4
312	4
313	4
314	4
316	11
317	11
318	11
319	11
320	11
321	11
322	11
323	11
324	11
325	11
326	11
327	11
328	11
329	11
330	11
331	4
332	4
333	4
334	4
335	4
336	4
337	11
338	11
339	11
340	4
341	4
342	4
343	4
344	4
345	8
346	4
347	4
348	4
349	4
350	4
351	4
352	4
353	4
354	4
355	4
356	13
357	13
358	13
359	13
360	13
361	13
362	13
363	13
364	13
365	13
366	13
367	13
368	13
369	4
370	4
371	4
372	4
373	4
374	4
375	4
376	4
377	4
378	4
379	4
380	4
381	4
382	4
383	4
384	4
385	4
386	4
387	4
388	4
389	11
390	11
391	11
392	11
393	11
394	4
395	4
396	4
397	4
398	11
399	11
400	11
401	11
402	11
403	7
404	7
405	7
406	4
407	4
408	4
409	12
410	12
411	12
412	12
413	12
414	12
415	12
416	12
417	12
418	12
419	12
420	12
421	12
422	12
423	12
424	12
425	5
426	5
427	5
428	5
429	5
430	5
431	5
432	5
433	12
434	12
435	12
436	12
437	12
438	12
439	12
440	12
441	12
442	12
443	12
444	12
445	12
446	5
447	5
448	5
449	5
450	5
451	12
452	12
453	12
454	5
455	5
456	5
457	12
458	12
459	12
460	12
461	12
462	12
463	5
464	5
465	5
466	5
467	5
468	5
469	5
470	5
471	5
472	5
473	12
474	12
475	9
476	9
477	5
478	5
479	5
480	5
481	5
482	5
483	5
484	7
485	7
486	5
487	5
488	5
489	9
490	9
491	9
492	9
493	9
494	9
495	5
496	5
497	5
498	7
499	5
500	5
501	5
502	7
503	5
504	5
505	5
506	4
507	7
508	7
509	7
510	4
511	7
512	7
513	4
514	7
515	7
516	7
517	4
518	4
519	4
520	7
521	7
522	3
523	3
524	3
525	3
526	6
527	6
528	3
529	3
530	3
531	3
532	3
533	3
534	3
535	3
536	3
537	3
538	6
539	6
540	6
541	6
542	6
543	6
544	6
545	6
546	6
547	6
548	6
549	6
550	6
551	6
552	6
553	6
554	6
555	6
556	6
557	6
558	6
559	9
560	9
561	9
562	9
563	9
564	9
565	6
566	6
567	6
568	6
569	6
570	3
571	3
572	3
573	3
574	3
575	3
576	3
577	3
578	3
579	3
580	3
581	6
582	6
583	6
584	6
585	6
586	6
587	7
588	7
589	7
590	7
591	7
592	7
593	7
594	7
595	7
596	7
597	7
598	7
599	7
600	7
601	7
602	7
603	6
604	6
605	6
606	6
607	6
608	6
609	6
610	6
611	6
612	6
613	6
614	6
615	6
616	6
617	7
618	7
619	7
620	7
621	7
622	7
623	7
624	7
625	7
626	7
627	7
628	7
629	7
630	7
631	7
632	7
633	7
634	7
635	7
636	7
637	7
638	7
639	6
640	6
641	6
642	6
643	6
644	6
645	6
646	6
647	6
648	6
649	6
650	6
651	6
652	6
653	6
654	6
655	6
656	6
657	9
658	9
659	9
660	9
661	12
662	12
663	12
664	12
665	12
666	12
667	12
668	12
669	12
670	7
671	7
672	7
673	7
674	7
675	7
676	7
677	7
678	7
679	7
680	12
681	12
682	12
683	12
684	12
685	12
686	12
687	12
688	12
689	12
690	12
691	12
692	12
693	12
694	12
695	12
696	12
697	7
698	7
699	7
700	7
701	7
702	7
703	7
704	7
705	7
706	7
707	7
708	7
709	7
710	7
711	7
712	7
713	7
714	12
715	12
716	9
717	9
718	7
719	7
720	7
721	9
722	9
723	9
724	9
725	9
726	9
727	9
728	9
729	9
730	9
731	9
732	11
733	11
734	11
735	11
736	11
737	5
738	5
739	5
740	5
741	5
742	5
743	9
744	9
745	11
746	11
747	11
748	11
749	11
750	11
751	11
752	11
753	11
754	11
755	11
756	11
757	11
758	11
759	11
760	11
761	11
762	11
763	11
764	11
765	11
766	9
767	5
768	9
769	5
770	11
771	11
772	9
773	9
774	9
775	5
776	9
777	9
778	5
779	5
780	9
781	5
782	9
783	5
784	5
785	4
786	9
787	9
788	9
789	9
790	9
791	4
792	4
793	4
794	4
795	4
796	4
797	4
798	4
799	4
800	4
801	9
802	9
803	9
804	9
805	4
806	4
807	4
808	9
809	9
810	9
811	2
812	11
813	2
814	11
815	2
816	2
817	2
818	11
819	2
820	11
821	2
822	2
823	11
824	2
825	2
826	2
827	2
828	2
829	11
830	2
831	2
832	2
833	2
834	11
835	11
836	2
837	11
838	2
839	2
840	11
841	2
842	11
843	11
844	2
845	2
846	2
847	11
848	2
849	2
850	11
851	11
852	2
853	2
854	2
855	2
856	11
857	11
858	6
859	6
860	6
861	6
862	6
863	6
864	6
865	6
866	6
867	6
868	6
869	6
870	6
871	2
872	11
873	2
874	2
875	11
876	2
877	2
878	2
879	2
880	2
881	11
882	2
883	11
884	2
885	11
886	2
887	2
888	11
889	2
890	2
891	2
892	11
893	11
894	11
895	11
896	2
897	2
898	2
899	2
900	2
901	11
902	11
903	11
904	2
905	11
906	2
907	2
908	11
909	2
910	2
911	11
912	11
913	2
914	11
915	11
916	2
917	2
918	2
919	2
920	2
921	2
922	2
923	11
924	2
925	11
926	2
927	2
928	11
929	2
930	11
931	11
932	2
933	2
934	2
935	11
936	2
937	2
938	2
939	2
940	2
941	2
942	11
943	2
944	2
945	11
946	2
947	11
948	2
949	11
950	2
951	2
952	2
953	2
954	2
955	2
956	2
957	2
958	11
959	2
960	2
961	2
962	11
963	2
964	11
965	2
966	2
967	2
968	2
969	2
970	2
971	2
972	11
973	11
974	2
975	11
976	11
977	11
978	2
979	2
980	2
981	2
982	11
983	11
984	11
985	5
986	5
987	5
988	5
989	5
990	5
991	5
992	5
993	5
994	5
995	5
996	5
997	5
998	5
999	5
1000	5
1001	5
1002	5
1003	5
1004	5
1005	5
1006	5
1007	11
1008	11
1009	5
1010	11
1011	11
1012	11
1013	11
1014	11
1015	11
1016	11
1017	11
1018	11
1019	11
1020	11
1021	11
1022	11
1023	11
1024	11
1025	11
1026	11
1027	10
1028	11
1029	11
1030	11
1031	11
1032	11
1033	11
1034	11
1035	11
1036	11
1037	10
1038	11
1039	11
1040	11
1041	11
1042	10
1043	11
1044	11
1045	11
1046	11
1047	11
1048	11
1049	11
1050	11
1051	11
1052	11
1053	11
1054	11
1055	11
1056	10
1057	10
1058	11
1059	11
1060	11
1061	11
1062	11
1063	11
1064	11
1065	10
1066	10
1067	10
1068	11
1069	11
1070	10
1071	11
1072	11
1073	11
1074	11
1075	6
1076	6
1077	6
1078	6
1079	6
1080	6
1081	6
1082	6
1083	6
1084	6
1085	6
1086	6
1087	9
1088	9
1089	9
1090	9
1091	9
1092	9
1093	9
1094	7
1095	7
1096	7
1097	7
1098	7
1099	7
1100	7
1101	7
1102	7
1103	7
1104	7
1105	7
1106	7
1107	13
1108	13
1109	13
1110	13
1111	13
1112	13
1113	13
1114	4
1115	13
1116	4
1117	13
1118	4
1119	13
1120	13
1121	13
1122	4
1123	13
1124	4
1125	4
1126	13
1127	13
1128	13
1129	13
1130	13
1131	4
1132	4
1133	4
1134	13
1135	13
1136	2
1137	2
1138	2
1139	2
1140	13
1141	13
1142	13
1143	13
1144	13
1145	13
1146	4
1147	4
1148	13
1149	13
1150	13
1151	13
1152	13
1153	4
1154	4
1155	4
1156	4
1157	4
1158	4
1159	4
1160	4
1161	4
1162	4
1163	4
1164	4
1165	4
1166	4
1167	4
1168	4
1169	11
1170	10
1171	11
1172	11
1173	11
1174	11
1175	10
1176	11
1177	11
1178	11
1179	11
1180	11
1181	11
1182	11
1183	11
1184	11
1185	11
1186	11
1187	11
1188	11
1189	11
1190	10
1191	11
1192	11
1193	11
1194	11
1195	11
1196	11
1197	11
1198	11
1199	11
1200	2
1201	2
1202	2
1203	2
1204	2
1205	2
1206	2
1207	2
1208	2
1209	2
1210	2
1211	2
1212	2
1213	2
1214	2
1215	2
1216	2
1217	2
1218	2
1219	2
1220	2
1221	2
1222	2
1223	2
1224	2
1225	2
1226	2
1227	2
1228	2
1229	2
1230	2
1231	2
1232	2
1233	2
1234	2
1235	2
1236	2
1237	2
1238	2
1239	2
1240	7
1241	7
1242	7
1243	7
1244	7
1245	7
1246	7
1247	7
1248	7
1249	7
1250	7
1251	7
1252	7
1253	12
1254	12
1255	12
1256	12
1257	12
1258	7
1259	7
1260	7
1261	7
1262	7
1263	7
1264	12
1265	12
1266	12
1267	12
1268	12
1269	12
1270	12
1271	12
1272	12
1273	12
1274	12
1275	12
1276	12
1277	12
1278	4
1279	4
1280	4
1281	7
1282	7
1283	7
1284	12
1285	12
1286	12
1287	12
1288	4
1289	4
1290	4
1291	4
1292	4
1293	4
1294	4
1295	4
1296	4
1297	4
1298	4
1299	4
1300	4
1301	4
1302	4
1303	6
1304	6
1305	6
1306	6
1307	6
1308	6
1309	6
1310	6
1311	6
1312	6
1313	6
1314	2
1315	2
1316	2
1317	2
1318	2
1319	2
1320	2
1321	2
1322	2
1323	2
1324	2
1325	2
1326	2
1327	2
1328	2
1329	2
1330	2
1331	2
1332	2
1333	2
1334	2
1335	2
1336	2
1337	2
1338	2
1339	2
1340	2
1341	2
1342	2
1343	2
1344	2
1345	2
1346	6
1347	12
1348	12
1349	12
1350	12
1351	6
1352	6
1353	12
1354	12
1355	12
1356	12
1357	12
1358	6
1359	6
1360	12
1361	12
1362	6
1363	13
1364	13
1365	13
1366	13
1367	13
1368	13
1369	13
1370	13
1371	13
1372	13
1373	13
1374	13
1375	13
1376	13
1377	13
1378	13
1379	13
1380	13
1381	4
1382	4
1383	4
1384	4
1385	4
1386	4
1387	4
1388	4
1389	4
1390	4
1391	4
1392	4
1393	4
1394	4
1395	4
1396	4
1397	12
1398	6
1399	12
1400	12
1401	12
1402	12
1403	12
1404	12
1405	12
1406	12
1407	12
1408	12
1409	12
1410	12
1411	12
1412	12
1413	12
1414	12
1415	12
1416	12
1417	12
1418	12
1419	12
1420	12
1421	12
1422	12
1423	12
1424	12
1425	12
1426	12
1427	12
1428	3
1429	3
1430	3
1431	10
1432	3
1433	10
1434	3
1435	10
1436	10
1437	3
1438	10
1439	10
1440	10
1441	10
1442	10
1443	10
1444	10
1445	10
1446	10
1447	10
1448	10
1449	10
1450	10
1451	10
1452	10
1453	10
1454	10
1455	3
1456	3
1457	10
1458	3
1459	10
1460	10
1461	10
1462	3
1463	10
1464	10
1465	7
1466	7
1467	7
1468	7
1469	7
1470	7
1471	7
1472	7
1473	7
1474	7
1475	7
1476	7
1477	7
1478	7
1479	7
1480	7
1481	7
1482	7
1483	7
1484	7
1485	7
1486	7
1487	7
1488	7
1489	11
1490	11
1491	11
1492	11
1493	11
1494	11
1495	11
1496	11
1497	11
1498	11
1499	11
1500	11
1501	12
1502	12
1503	12
1504	12
1505	12
1506	12
1507	12
1508	12
1509	12
1510	12
1511	12
1512	12
1513	12
1514	12
1515	12
1516	12
1517	12
1518	12
1519	12
1520	12
1521	12
1522	12
1523	12
1524	12
1525	12
1526	12
1527	12
1528	12
1529	5
1530	5
1531	5
1532	5
1533	5
1534	5
1535	5
1536	5
1537	5
1538	5
1539	5
1540	5
1541	5
1542	5
1543	5
1544	5
1545	5
1546	5
1547	5
1548	5
1549	5
1550	5
1551	5
1552	13
1553	3
1554	3
1555	3
1556	3
1557	3
1558	3
1559	3
1560	13
1561	3
1562	3
1563	3
1564	3
1565	3
1566	13
1567	3
1568	3
1569	3
1570	3
1571	3
1572	3
1573	3
1574	3
1575	3
1576	11
1577	11
1578	11
1579	11
1580	11
1581	11
1582	11
1583	11
1584	11
1585	11
1586	11
1587	11
1588	11
1589	11
1590	11
1591	11
1592	11
1593	6
1594	6
1595	6
1596	6
1597	6
1598	6
1599	6
1600	6
1601	6
1602	3
1603	3
1604	3
1605	3
1606	3
1607	3
1608	3
1609	3
1610	3
1611	3
1612	3
1613	3
1614	3
1615	3
1616	3
1617	3
1618	7
1619	7
1620	7
1621	7
1622	7
1623	7
1624	7
1625	7
1626	7
1627	7
1628	7
1629	10
1630	10
1631	10
1632	10
1633	10
1634	10
1635	10
1636	10
1637	10
1638	10
1639	10
1640	10
1641	10
1642	10
1643	10
1644	7
1645	7
1646	7
1647	7
1648	7
1649	10
1650	10
1651	10
1652	10
1653	10
1654	10
1655	10
1656	10
1658	10
1659	10
1660	10
1661	10
1662	10
1663	10
1664	10
1665	10
1666	10
1667	10
1668	10
1669	10
1670	10
1671	10
1672	10
1673	7
1674	10
1675	10
1676	10
1677	7
1678	9
1679	9
1680	9
1681	9
1682	9
1683	9
1684	9
1685	12
1686	12
1687	12
1688	12
1689	12
1690	12
1691	12
1692	12
1693	12
1694	12
1695	12
1696	12
1697	12
1698	12
1699	12
1700	12
1701	10
1702	10
1703	1
1704	1
1705	10
1706	10
1707	12
1708	10
1709	10
1710	10
1711	12
1712	10
1713	7
1714	7
1715	7
1716	7
1717	7
1718	7
1719	7
1720	7
1721	7
1722	7
1723	7
1724	7
1725	12
1726	10
1727	10
1728	7
1729	12
1730	10
1731	10
1732	10
1733	10
1734	12
1735	10
1736	10
1737	12
1738	10
1739	10
1740	10
1741	10
1742	1
1743	1
1744	1
1745	1
1746	12
1747	1
1748	1
1749	1
1750	1
1751	12
1752	12
1753	12
1754	1
1755	12
1756	1
1757	7
1758	7
1759	7
1760	7
1761	12
1762	1
1763	1
1764	1
1765	1
1766	12
1767	1
1768	1
1769	12
1770	12
1771	12
1772	1
1773	12
1774	7
1775	7
1776	7
1777	7
1778	7
1779	7
1780	7
1781	7
1782	7
1783	7
1784	7
1785	7
1786	7
1787	1
1788	1
1789	1
1790	12
1791	1
1792	12
1793	1
1794	1
1795	7
1796	7
1797	7
1798	7
1799	1
1800	12
1801	12
1802	1
1803	1
1804	1
1805	1
1806	1
1807	1
1808	1
1809	10
1810	10
1811	10
1812	10
1813	10
1814	10
1815	10
1816	10
1817	10
1818	10
1819	10
1820	10
1821	10
1822	10
1823	10
1824	10
1825	10
1826	10
1827	10
1828	10
1829	10
1830	9
1831	9
1832	9
1833	9
1834	9
1835	10
1836	10
1837	9
1838	10
1839	10
1840	13
1841	13
1842	13
1843	13
1844	13
1845	10
1846	10
1847	10
1848	10
1849	10
1850	10
1851	10
1852	10
1853	10
1854	10
1855	10
1856	10
1857	9
1858	9
1859	9
1860	9
1861	9
1862	9
1863	10
1864	10
1865	10
1866	10
1867	10
1868	10
1869	10
1870	10
1871	10
1872	9
1873	9
1874	9
1875	9
1876	9
1877	9
1878	9
1879	9
1880	9
1881	9
1882	9
1883	9
1884	9
1885	9
1886	9
1887	9
1888	9
1889	9
1890	9
1891	9
1892	9
1893	9
1894	9
1895	6
1896	6
1897	6
1898	4
1899	4
1900	4
1901	4
1902	4
1903	4
1904	6
1905	6
1906	6
1907	6
1908	6
1909	6
1910	6
1911	6
1912	6
1913	6
1914	6
1915	6
1916	4
1917	4
1918	4
1919	4
1920	4
1921	4
1922	4
1923	4
1924	6
1925	6
1926	6
1927	6
1928	6
1929	6
1930	6
1931	6
1932	6
1933	6
1934	6
1935	6
1936	6
1937	6
1938	6
1939	6
1940	6
1941	6
1942	6
1943	6
1944	6
1945	6
1946	6
1947	6
1948	6
1949	6
1950	6
1951	6
1952	6
1953	6
1954	6
1955	6
1956	6
1957	6
1958	6
1959	6
1960	6
1961	6
1962	6
1963	6
1964	6
1965	6
1966	6
1967	6
1968	6
1969	6
1970	6
1971	6
1972	6
1973	6
1974	6
1975	6
1976	13
1977	5
1978	13
1979	5
1980	13
1981	5
1982	5
1983	13
1984	5
1985	5
1986	5
1987	13
1988	13
1989	13
1990	13
1991	5
1992	13
1993	13
1994	13
1995	5
1996	13
1997	13
1998	13
1999	13
2000	13
2001	13
2002	13
2003	13
2004	13
2005	13
2006	13
2007	13
2008	13
2009	5
2010	13
2011	5
2012	5
2013	13
2014	13
2015	13
2016	13
2017	9
2018	9
2019	9
2020	9
2021	9
2022	9
2023	9
2024	5
2025	9
2026	9
2027	9
2028	9
2029	9
2030	5
2031	5
2032	5
2033	5
2034	5
2035	5
2036	5
2037	9
2038	9
2039	9
2040	9
2041	9
2042	9
2043	9
2044	9
2045	9
2046	5
2047	5
2048	9
2049	9
2050	9
2051	5
2052	5
2053	9
2054	9
2055	5
2056	9
2057	5
2058	13
2059	13
2060	13
2061	13
2062	13
2063	13
2064	13
2065	13
2066	13
2067	13
2068	9
2069	9
2070	9
2071	7
2072	9
2073	7
2074	9
2075	9
2076	9
2077	7
2078	7
2079	9
2080	7
2081	9
2082	7
2083	9
2084	9
2085	9
2086	9
2087	9
2088	9
2089	11
2090	11
2091	11
2092	11
2093	11
2094	11
2095	11
2096	12
2097	12
2098	12
2099	12
2100	6
2101	12
2102	12
2103	12
2104	12
2105	12
2106	12
2107	12
2108	12
2109	12
2110	12
2111	12
2112	12
2113	1
2114	1
2115	1
2116	1
2117	1
2118	3
2119	3
2120	3
2121	1
2122	3
2123	3
2124	9
2125	1
2126	1
2127	1
2128	1
2129	3
2130	3
2131	3
2132	1
2133	3
2134	1
2135	1
2136	3
2137	3
2138	3
2139	3
2140	3
2141	3
2142	1
2143	3
2144	3
2145	3
2146	3
2147	3
2148	3
2149	3
2150	1
2151	1
2152	1
2153	1
2154	1
2155	1
2156	1
2157	1
2158	1
2159	3
2160	1
2161	1
2162	1
2163	1
2164	1
2165	1
2166	1
2167	3
2168	3
2169	1
2170	1
2171	1
2172	1
2173	1
2174	3
2175	3
2176	3
2177	3
2178	1
2179	1
2180	1
2181	1
2182	1
2183	1
2184	1
2185	1
2186	1
2187	1
2188	3
2189	3
2190	1
2191	3
2192	3
2193	1
2194	3
2195	3
2196	3
2197	3
2198	3
2199	3
2200	3
2201	1
2202	3
2203	1
2204	1
2205	1
2206	1
2207	1
2208	3
2209	1
2210	1
2211	1
2212	1
2213	3
2214	3
2215	3
2216	3
2217	3
2218	1
2219	1
2220	1
2221	3
2222	3
2223	3
2224	1
2225	1
2226	1
2227	1
2228	3
2229	3
2230	1
2231	1
2232	1
2233	3
2234	3
2235	1
2236	3
2237	3
2238	3
2239	1
2240	1
2241	3
2242	3
2243	3
2244	3
2245	3
2246	1
2247	1
2248	1
2249	1
2250	1
2251	1
2252	1
2253	3
2254	3
2255	3
2256	1
2257	1
2258	1
2259	1
2260	1
2261	1
2262	1
2263	1
2264	1
2265	1
2266	1
2267	3
2268	3
2269	3
2270	3
2271	1
2272	3
2273	3
2274	1
2275	1
2276	1
2277	3
2278	3
2279	3
2280	1
2281	1
2282	3
2283	3
2284	9
2285	9
2286	1
2287	1
2288	1
2289	1
2290	1
2291	1
2292	1
2293	1
2294	1
2295	1
2296	1
2297	3
2298	3
2299	3
2300	3
2301	1
2302	3
2303	3
2304	3
2305	1
2306	1
2307	1
2308	1
2309	9
2310	9
2311	9
2312	2
2313	2
2314	2
2315	2
2316	2
2317	2
2318	2
2319	2
2320	2
2321	2
2322	2
2323	2
2324	2
2325	2
2326	2
2327	2
2328	2
2329	2
2330	6
2331	6
2332	6
2333	6
2334	6
2335	6
2336	6
2337	6
2338	6
2339	6
2340	6
2341	6
2342	6
2343	6
2344	6
2345	6
2346	11
2347	11
2348	11
2349	11
2350	11
2351	11
2352	11
2353	11
2354	11
2355	11
2356	11
2357	11
2358	11
2359	11
2360	11
2361	11
2362	11
2363	11
2364	11
2365	11
2366	3
2367	3
2368	3
2369	3
2370	3
2371	3
2372	3
2373	3
2374	3
2375	3
2376	3
2377	3
2378	3
2379	3
2380	3
2381	3
2382	3
2383	3
2384	3
2385	3
2386	3
2387	3
2388	3
2389	3
2390	3
2391	3
2392	3
2393	3
2394	3
2395	3
2396	3
2397	3
2398	3
2399	3
2400	3
2401	3
2402	3
2403	3
2404	3
2405	3
2406	3
2407	3
2408	3
2409	3
2410	3
2411	3
2412	3
2413	3
2414	3
2415	8
2416	8
2417	8
2418	8
2419	4
2420	4
2421	8
2422	8
2423	8
2424	8
2425	8
2426	8
2427	4
2428	4
2429	4
2430	4
2431	8
2432	8
2433	8
2434	8
2435	8
2436	8
2437	8
2438	8
2439	8
2440	8
2441	8
2442	8
2443	8
2444	8
2445	8
2446	8
2447	8
2448	8
2449	8
2450	8
2451	8
2452	8
2453	8
2454	8
2455	8
2456	8
2457	8
2458	8
2459	8
2460	8
2461	8
2462	8
2463	8
2464	8
2465	8
2466	8
2467	8
2468	8
2469	8
2470	8
2471	8
2472	8
2473	8
2474	8
2475	8
2476	8
2477	8
2478	8
2479	8
2480	8
2481	8
2482	8
2483	8
2484	8
2485	8
2486	8
2487	8
2488	8
2489	8
2490	8
2491	8
2492	8
2493	8
2494	8
2495	8
2496	4
2497	4
2498	8
2499	8
2500	8
2501	8
2502	8
2503	8
2504	8
2505	8
2506	8
2507	8
2508	8
2509	4
2510	8
2511	8
2512	8
2513	8
2514	8
2515	8
2516	8
2517	8
2518	8
2519	8
2520	8
2521	8
2522	8
2523	8
2524	8
2525	4
2526	8
2527	8
2528	8
2529	8
2530	4
2531	4
2532	4
2533	4
2534	4
2535	4
2536	4
2537	4
2538	8
2539	8
2540	4
2541	8
2542	8
2543	8
2544	8
2545	8
2546	8
2547	8
2548	8
2549	8
2550	8
2551	8
2552	4
2553	4
2554	8
2555	8
2556	8
2557	8
2558	8
2559	8
2560	8
2561	8
2562	8
2563	4
2564	8
2565	8
2566	8
2567	8
2568	4
2569	8
2570	8
2571	8
2572	8
2573	8
2574	8
2575	8
2576	8
2577	8
2578	8
2579	8
2580	8
2581	8
2582	8
2583	8
2584	8
2585	8
2586	8
2587	4
2588	4
2589	4
2590	4
2591	4
2592	4
2593	4
2594	8
2595	8
2596	8
2597	8
2598	8
2599	8
2600	8
2601	8
2602	8
2603	8
2604	8
2605	4
2606	9
2607	9
2608	9
2609	9
2610	9
2611	9
2612	9
2613	9
2614	9
2615	9
2616	9
2617	9
2618	9
2619	9
2620	9
2621	9
2622	9
2623	9
2624	9
2625	9
2626	9
2627	9
2628	9
2629	9
2630	9
2631	9
2632	9
2633	9
2634	9
2635	9
2636	9
2637	9
2638	9
2639	9
2640	13
2641	13
2642	5
2643	13
2644	5
2645	13
2646	13
2647	13
2648	13
2649	13
2650	13
2651	5
2652	5
2653	5
2654	13
2655	5
2656	5
2657	5
2658	5
2659	5
2660	5
2661	5
2662	5
2663	5
2664	13
2665	13
2666	5
2667	13
2668	13
2669	13
2670	13
2671	13
2672	5
2673	13
2674	5
2675	5
2676	13
2677	13
2678	5
2679	13
2680	13
2681	13
2682	13
2683	5
2684	13
2685	13
2686	13
2687	5
2688	6
2689	6
2690	6
2691	6
315	11
1657	10
