0	6
1	6
2	6
3	6
4	6
5	6
6	6
7	12
8	12
9	12
10	12
11	12
12	12
13	12
14	12
15	12
16	12
17	12
18	12
19	12
20	12
21	1
22	1
23	1
24	1
25	1
26	1
27	1
28	1
29	4
30	4
31	4
32	4
33	4
34	4
35	4
36	4
37	4
38	4
39	4
40	4
41	4
42	4
43	4
44	4
45	4
46	4
47	4
48	4
49	4
50	4
51	4
52	4
53	5
54	5
55	5
56	5
57	5
58	4
59	4
60	4
61	4
62	4
63	4
64	4
65	5
66	5
67	5
68	5
69	5
70	5
71	1
72	1
73	1
74	1
75	4
76	4
77	4
78	4
79	4
80	4
81	4
82	4
83	7
84	7
85	7
86	7
87	7
88	7
89	7
90	7
91	7
92	7
93	7
94	7
95	7
96	12
97	12
98	12
99	12
100	12
101	12
102	12
103	12
104	12
105	12
106	12
107	12
108	12
109	12
110	12
111	12
112	12
113	12
114	12
115	12
116	12
117	12
118	12
119	12
120	12
121	12
122	12
123	12
124	12
125	12
126	12
127	12
128	12
129	11
130	11
131	9
132	11
133	11
134	11
135	9
136	11
137	11
138	11
139	9
140	11
141	11
142	11
143	11
144	11
145	11
146	11
147	11
148	11
149	11
150	11
151	11
152	11
153	11
154	9
155	9
156	9
157	11
158	9
159	11
160	11
161	11
162	11
163	11
164	11
165	11
166	7
167	7
168	7
169	7
170	7
171	7
172	7
173	7
174	7
175	7
176	7
177	7
178	7
179	7
180	7
181	7
182	7
183	3
184	3
185	3
186	3
187	3
188	3
189	3
190	3
191	3
192	3
193	3
194	3
195	3
196	3
197	3
198	3
199	3
200	3
201	3
202	3
203	3
204	3
205	3
206	3
207	3
208	1
209	1
210	1
211	1
212	1
213	1
214	1
215	1
216	1
217	1
218	1
219	1
220	1
221	1
222	1
223	1
224	1
225	1
226	1
227	1
228	1
229	1
230	1
231	1
232	1
233	1
234	1
235	1
236	1
237	1
238	1
239	1
240	1
241	1
242	1
243	1
244	1
245	1
246	1
247	1
248	3
249	3
250	3
251	3
252	3
253	3
254	3
255	3
256	3
257	3
258	3
259	3
260	3
261	1
262	1
263	1
264	1
265	1
266	1
267	1
268	13
269	13
270	13
271	1
272	1
273	1
274	1
275	1
276	1
277	1
278	13
279	13
280	13
281	13
282	13
283	13
284	13
285	13
286	13
287	13
288	13
289	13
290	13
291	13
292	13
293	13
294	13
295	13
296	13
297	13
298	13
299	13
300	13
301	13
302	3
303	3
304	3
305	3
306	2
307	2
308	2
309	2
310	2
311	2
312	2
313	2
314	2
316	4
317	4
318	4
319	4
320	4
321	4
322	4
323	4
324	4
325	4
326	4
327	4
328	4
329	4
330	4
331	2
332	2
333	2
334	2
335	2
336	2
337	4
338	4
339	4
340	2
341	2
342	2
343	2
344	2
345	2
346	2
347	2
348	2
349	2
350	2
351	2
352	2
353	2
354	2
355	2
356	11
357	11
358	11
359	11
360	11
361	11
362	11
363	11
364	11
365	11
366	11
367	11
368	11
369	2
370	2
371	2
372	2
373	2
374	2
375	2
376	2
377	2
378	2
379	2
380	2
381	2
382	2
383	2
384	2
385	2
386	2
387	2
388	2
389	4
390	4
391	4
392	4
393	4
394	2
395	2
396	2
397	2
398	4
399	4
400	4
401	4
402	4
403	1
404	1
405	1
406	1
407	1
408	9
409	4
410	4
411	4
412	4
413	4
414	4
415	4
416	4
417	4
418	4
419	4
420	4
421	4
422	4
423	4
424	4
425	7
426	7
427	7
428	7
429	7
430	7
431	7
432	7
433	4
434	4
435	4
436	4
437	4
438	4
439	4
440	4
441	4
442	4
443	4
444	4
445	4
446	7
447	7
448	7
449	7
450	7
451	4
452	4
453	4
454	7
455	7
456	7
457	4
458	4
459	4
460	4
461	4
462	4
463	7
464	7
465	7
466	7
467	7
468	7
469	7
470	7
471	7
472	7
473	4
474	4
475	13
476	13
477	13
478	13
479	13
480	13
481	13
482	13
483	13
484	1
485	1
486	11
487	13
488	13
489	13
490	13
491	13
492	13
493	13
494	13
495	13
496	13
497	13
498	1
499	13
500	11
501	13
502	1
503	13
504	13
505	11
506	9
507	1
508	1
509	1
510	1
511	1
512	1
513	1
514	1
515	1
516	1
517	1
518	1
519	1
520	1
521	1
522	8
523	8
524	8
525	8
526	3
527	3
528	8
529	8
530	8
531	8
532	8
533	8
534	8
535	8
536	8
537	8
538	3
539	3
540	3
541	3
542	3
543	3
544	3
545	3
546	3
547	3
548	3
549	3
550	3
551	3
552	3
553	3
554	3
555	3
556	3
557	3
558	3
559	1
560	1
561	1
562	1
563	1
564	1
565	3
566	3
567	3
568	3
569	3
570	8
571	8
572	8
573	8
574	8
575	8
576	8
577	8
578	8
579	8
580	8
581	3
582	3
583	3
584	3
585	3
586	3
587	1
588	1
589	1
590	1
591	1
592	1
593	1
594	1
595	1
596	1
597	1
598	1
599	1
600	1
601	1
602	1
603	3
604	3
605	3
606	3
607	3
608	3
609	3
610	3
611	3
612	3
613	3
614	3
615	3
616	3
617	1
618	1
619	1
620	1
621	1
622	1
623	1
624	1
625	1
626	1
627	1
628	1
629	1
630	1
631	1
632	1
633	1
634	1
635	1
636	1
637	1
638	1
639	3
640	3
641	3
642	3
643	3
644	3
645	3
646	3
647	3
648	3
649	3
650	3
651	3
652	3
653	3
654	3
655	3
656	3
657	13
658	13
659	13
660	13
661	6
662	6
663	4
664	4
665	4
666	4
667	6
668	4
669	4
670	11
671	11
672	11
673	11
674	11
675	11
676	11
677	11
678	11
679	11
680	6
681	6
682	6
683	6
684	4
685	6
686	6
687	4
688	6
689	6
690	6
691	6
692	6
693	6
694	6
695	6
696	6
697	11
698	11
699	11
700	11
701	11
702	11
703	11
704	11
705	11
706	11
707	11
708	11
709	11
710	11
711	11
712	11
713	11
714	4
715	6
716	1
717	1
718	11
719	11
720	11
721	1
722	1
723	1
724	1
725	1
726	1
727	1
728	1
729	1
730	1
731	1
732	4
733	4
734	4
735	4
736	4
737	13
738	7
739	7
740	7
741	13
742	13
743	13
744	13
745	4
746	4
747	4
748	4
749	4
750	4
751	4
752	4
753	4
754	4
755	4
756	4
757	4
758	4
759	4
760	4
761	4
762	4
763	4
764	4
765	4
766	13
767	13
768	13
769	13
770	4
771	4
772	13
773	13
774	13
775	13
776	13
777	13
778	7
779	7
780	13
781	7
782	13
783	7
784	7
785	2
786	13
787	13
788	13
789	13
790	13
791	2
792	2
793	2
794	2
795	2
796	2
797	2
798	2
799	2
800	2
801	13
802	13
803	13
804	13
805	2
806	2
807	2
808	13
809	13
810	13
811	5
812	8
813	5
814	5
815	8
816	5
817	8
818	8
819	8
820	8
821	5
822	8
823	5
824	8
825	5
826	8
827	8
828	5
829	8
830	5
831	5
832	5
833	5
834	5
835	5
836	5
837	5
838	5
839	5
840	5
841	5
842	5
843	8
844	8
845	8
846	8
847	8
848	8
849	8
850	8
851	8
852	5
853	5
854	8
855	5
856	8
857	8
858	3
859	3
860	3
861	3
862	3
863	3
864	3
865	3
866	3
867	3
868	3
869	3
870	3
871	5
872	5
873	5
874	5
875	8
876	8
877	8
878	8
879	8
880	8
881	5
882	5
883	5
884	5
885	5
886	5
887	8
888	8
889	8
890	8
891	8
892	8
893	5
894	5
895	5
896	5
897	8
898	8
899	8
900	8
901	8
902	5
903	5
904	5
905	5
906	5
907	8
908	8
909	5
910	8
911	8
912	8
913	8
914	5
915	5
916	5
917	5
918	8
919	5
920	8
921	8
922	8
923	8
924	8
925	5
926	5
927	5
928	5
929	5
930	8
931	8
932	8
933	8
934	8
935	5
936	5
937	5
938	8
939	8
940	8
941	8
942	8
943	8
944	8
945	8
946	5
947	8
948	5
949	8
950	8
951	8
952	8
953	8
954	8
955	8
956	8
957	5
958	5
959	5
960	8
961	8
962	8
963	5
964	5
965	5
966	8
967	8
968	8
969	5
970	5
971	5
972	5
973	5
974	8
975	8
976	5
977	8
978	8
979	8
980	8
981	8
982	12
983	5
984	12
985	11
986	11
987	11
988	11
989	11
990	11
991	11
992	7
993	11
994	11
995	11
996	11
997	11
998	11
999	11
1000	7
1001	7
1002	11
1003	11
1004	11
1005	11
1006	11
1007	12
1008	12
1009	11
1010	12
1011	5
1012	12
1013	12
1014	12
1015	5
1016	12
1017	12
1018	12
1019	5
1020	12
1021	12
1022	12
1023	12
1024	12
1025	12
1026	12
1027	12
1028	5
1029	5
1030	12
1031	5
1032	12
1033	5
1034	12
1035	12
1036	12
1037	12
1038	12
1039	12
1040	12
1041	12
1042	12
1043	12
1044	5
1045	12
1046	12
1047	12
1048	12
1049	5
1050	12
1051	12
1052	12
1053	12
1054	12
1055	12
1056	12
1057	12
1058	12
1059	12
1060	12
1061	12
1062	5
1063	12
1064	12
1065	12
1066	12
1067	12
1068	12
1069	12
1070	12
1071	5
1072	12
1073	12
1074	12
1075	3
1076	3
1077	3
1078	3
1079	3
1080	3
1081	3
1082	3
1083	3
1084	3
1085	3
1086	3
1087	13
1088	13
1089	13
1090	13
1091	13
1092	13
1093	13
1094	1
1095	1
1096	1
1097	1
1098	1
1099	1
1100	1
1101	1
1102	1
1103	1
1104	1
1105	1
1106	1
1107	5
1108	2
1109	2
1110	5
1111	2
1112	5
1113	5
1114	5
1115	2
1116	5
1117	5
1118	5
1119	2
1120	2
1121	5
1122	5
1123	5
1124	5
1125	5
1126	2
1127	5
1128	2
1129	2
1130	5
1131	5
1132	5
1133	5
1134	2
1135	2
1136	5
1137	5
1138	5
1139	5
1140	5
1141	5
1142	2
1143	5
1144	2
1145	2
1146	5
1147	5
1148	5
1149	5
1150	2
1151	2
1152	5
1153	5
1154	2
1155	2
1156	2
1157	2
1158	2
1159	2
1160	2
1161	2
1162	2
1163	2
1164	2
1165	2
1166	2
1167	2
1168	2
1169	5
1170	12
1171	12
1172	5
1173	12
1174	12
1175	12
1176	5
1177	5
1178	5
1179	5
1180	12
1181	5
1182	5
1183	5
1184	12
1185	5
1186	12
1187	5
1188	5
1189	12
1190	12
1191	12
1192	12
1193	5
1194	12
1195	5
1196	12
1197	5
1198	12
1199	5
1200	8
1201	8
1202	8
1203	8
1204	8
1205	8
1206	8
1207	8
1208	8
1209	8
1210	8
1211	8
1212	8
1213	8
1214	8
1215	8
1216	8
1217	8
1218	8
1219	8
1220	8
1221	8
1222	8
1223	8
1224	8
1225	8
1226	8
1227	8
1228	8
1229	8
1230	8
1231	8
1232	8
1233	8
1234	8
1235	8
1236	8
1237	8
1238	8
1239	8
1240	13
1241	13
1242	13
1243	1
1244	1
1245	13
1246	1
1247	1
1248	1
1249	1
1250	1
1251	1
1252	1
1253	4
1254	4
1255	4
1256	4
1257	4
1258	1
1259	1
1260	1
1261	1
1262	13
1263	13
1264	4
1265	4
1266	4
1267	4
1268	4
1269	4
1270	4
1271	4
1272	4
1273	4
1274	4
1275	4
1276	4
1277	4
1278	2
1279	2
1280	2
1281	1
1282	13
1283	13
1284	4
1285	4
1286	4
1287	4
1288	2
1289	2
1290	2
1291	2
1292	2
1293	2
1294	2
1295	2
1296	2
1297	2
1298	2
1299	2
1300	2
1301	2
1302	2
1303	3
1304	3
1305	3
1306	3
1307	3
1308	3
1309	3
1310	3
1311	3
1312	3
1313	3
1314	5
1315	5
1316	5
1317	5
1318	5
1319	5
1320	5
1321	5
1322	5
1323	5
1324	5
1325	5
1326	5
1327	5
1328	5
1329	5
1330	5
1331	5
1332	5
1333	5
1334	5
1335	5
1336	5
1337	5
1338	5
1339	5
1340	5
1341	5
1342	5
1343	5
1344	5
1345	5
1346	3
1347	3
1348	3
1349	3
1350	3
1351	3
1352	3
1353	3
1354	3
1355	3
1356	3
1357	3
1358	3
1359	3
1360	3
1361	3
1362	3
1363	11
1364	11
1365	11
1366	11
1367	11
1368	11
1369	11
1370	11
1371	11
1372	11
1373	11
1374	11
1375	11
1376	11
1377	11
1378	11
1379	11
1380	11
1381	2
1382	2
1383	2
1384	2
1385	2
1386	2
1387	2
1388	2
1389	2
1390	2
1391	2
1392	2
1393	2
1394	2
1395	2
1396	2
1397	4
1398	3
1399	3
1400	3
1401	4
1402	3
1403	3
1404	4
1405	3
1406	3
1407	3
1408	3
1409	3
1410	4
1411	3
1412	3
1413	3
1414	3
1415	3
1416	3
1417	4
1418	4
1419	3
1420	4
1421	3
1422	3
1423	3
1424	3
1425	4
1426	4
1427	3
1428	8
1429	8
1430	8
1431	8
1432	8
1433	8
1434	8
1435	8
1436	8
1437	8
1438	8
1439	8
1440	8
1441	12
1442	12
1443	12
1444	12
1445	12
1446	12
1447	12
1448	12
1449	12
1450	12
1451	12
1452	12
1453	12
1454	12
1455	8
1456	8
1457	8
1458	8
1459	8
1460	8
1461	8
1462	8
1463	8
1464	8
1465	1
1466	1
1467	1
1468	1
1469	9
1470	1
1471	1
1472	1
1473	9
1474	1
1475	1
1476	1
1477	1
1478	1
1479	1
1480	1
1481	1
1482	1
1483	1
1484	1
1485	1
1486	1
1487	9
1488	1
1489	4
1490	4
1491	4
1492	4
1493	4
1494	4
1495	4
1496	4
1497	4
1498	4
1499	4
1500	4
1501	6
1502	6
1503	6
1504	6
1505	6
1506	6
1507	6
1508	6
1509	6
1510	6
1511	6
1512	6
1513	6
1514	6
1515	6
1516	6
1517	6
1518	6
1519	6
1520	6
1521	6
1522	6
1523	6
1524	6
1525	6
1526	6
1527	6
1528	6
1529	7
1530	7
1531	7
1532	7
1533	7
1534	7
1535	7
1536	7
1537	7
1538	7
1539	7
1540	7
1541	7
1542	7
1543	7
1544	7
1545	7
1546	7
1547	7
1548	7
1549	7
1550	7
1551	7
1552	7
1553	7
1554	11
1555	11
1556	11
1557	11
1558	7
1559	7
1560	7
1561	7
1562	11
1563	7
1564	7
1565	7
1566	11
1567	7
1568	7
1569	7
1570	7
1571	7
1572	7
1573	7
1574	7
1575	7
1576	4
1577	4
1578	4
1579	4
1580	4
1581	4
1582	4
1583	4
1584	4
1585	4
1586	4
1587	4
1588	4
1589	4
1590	4
1591	4
1592	4
1593	3
1594	3
1595	3
1596	3
1597	3
1598	3
1599	3
1600	3
1601	3
1602	7
1603	7
1604	8
1605	7
1606	7
1607	7
1608	8
1609	7
1610	8
1611	8
1612	8
1613	7
1614	7
1615	7
1616	7
1617	7
1618	1
1619	1
1620	1
1621	1
1622	1
1623	1
1624	1
1625	1
1626	1
1627	1
1628	1
1629	12
1630	12
1631	12
1632	12
1633	12
1634	12
1635	12
1636	12
1637	12
1638	12
1639	12
1640	12
1641	12
1642	12
1643	12
1644	1
1645	1
1646	1
1647	1
1648	1
1649	12
1650	12
1651	12
1652	12
1653	12
1654	12
1655	12
1656	12
1658	12
1659	12
1660	12
1661	12
1662	12
1663	12
1664	12
1665	12
1666	12
1667	12
1668	12
1669	12
1670	12
1671	12
1672	12
1673	1
1674	12
1675	12
1676	12
1677	1
1678	13
1679	13
1680	13
1681	13
1682	13
1683	13
1684	13
1685	4
1686	4
1687	4
1688	4
1689	4
1690	4
1691	4
1692	4
1693	4
1694	4
1695	4
1696	4
1697	4
1698	4
1699	4
1700	4
1701	4
1702	4
1703	6
1704	6
1705	12
1706	12
1707	4
1708	12
1709	4
1710	12
1711	4
1712	12
1713	1
1714	1
1715	1
1716	1
1717	1
1718	1
1719	1
1720	1
1721	1
1722	1
1723	1
1724	1
1725	4
1726	12
1727	4
1728	1
1729	4
1730	4
1731	12
1732	12
1733	4
1734	4
1735	12
1736	4
1737	4
1738	4
1739	4
1740	4
1741	12
1742	6
1743	6
1744	6
1745	6
1746	6
1747	6
1748	6
1749	6
1750	6
1751	6
1752	6
1753	6
1754	6
1755	6
1756	6
1757	1
1758	1
1759	1
1760	1
1761	6
1762	6
1763	6
1764	6
1765	6
1766	6
1767	6
1768	6
1769	6
1770	6
1771	6
1772	6
1773	6
1774	1
1775	1
1776	1
1777	1
1778	1
1779	1
1780	1
1781	1
1782	1
1783	1
1784	1
1785	1
1786	1
1787	6
1788	6
1789	6
1790	6
1791	6
1792	6
1793	6
1794	6
1795	1
1796	1
1797	1
1798	1
1799	6
1800	6
1801	6
1802	6
1803	6
1804	6
1805	6
1806	6
1807	6
1808	6
1809	12
1810	10
1811	10
1812	10
1813	10
1814	10
1815	10
1816	12
1817	10
1818	12
1819	12
1820	12
1821	10
1822	12
1823	10
1824	10
1825	12
1826	12
1827	12
1828	12
1829	10
1830	1
1831	1
1832	1
1833	1
1834	1
1835	10
1836	10
1837	1
1838	12
1839	10
1840	11
1841	11
1842	11
1843	11
1844	11
1845	12
1846	10
1847	12
1848	10
1849	12
1850	10
1851	10
1852	10
1853	10
1854	10
1855	10
1856	10
1857	1
1858	1
1859	1
1860	1
1861	1
1862	1
1863	10
1864	12
1865	12
1866	12
1867	10
1868	12
1869	10
1870	12
1871	12
1872	13
1873	13
1874	13
1875	13
1876	13
1877	13
1878	13
1879	13
1880	13
1881	13
1882	13
1883	13
1884	13
1885	13
1886	13
1887	13
1888	13
1889	13
1890	13
1891	13
1892	13
1893	13
1894	13
1895	3
1896	3
1897	3
1898	5
1899	5
1900	5
1901	5
1902	2
1903	5
1904	3
1905	3
1906	3
1907	3
1908	3
1909	3
1910	3
1911	3
1912	3
1913	3
1914	3
1915	3
1916	5
1917	5
1918	5
1919	5
1920	5
1921	5
1922	5
1923	5
1924	3
1925	3
1926	3
1927	3
1928	3
1929	3
1930	3
1931	3
1932	3
1933	3
1934	3
1935	3
1936	3
1937	3
1938	3
1939	3
1940	3
1941	3
1942	3
1943	3
1944	3
1945	3
1946	3
1947	3
1948	3
1949	3
1950	3
1951	3
1952	3
1953	3
1954	3
1955	3
1956	3
1957	3
1958	3
1959	3
1960	3
1961	3
1962	3
1963	3
1964	3
1965	3
1966	3
1967	3
1968	3
1969	3
1970	3
1971	3
1972	3
1973	3
1974	3
1975	3
1976	7
1977	7
1978	7
1979	7
1980	7
1981	7
1982	7
1983	7
1984	7
1985	7
1986	7
1987	7
1988	7
1989	7
1990	7
1991	7
1992	7
1993	7
1994	7
1995	7
1996	7
1997	7
1998	7
1999	7
2000	7
2001	7
2002	7
2003	7
2004	7
2005	7
2006	7
2007	7
2008	7
2009	7
2010	7
2011	7
2012	7
2013	7
2014	7
2015	7
2016	7
2017	13
2018	13
2019	13
2020	13
2021	13
2022	13
2023	13
2024	13
2025	13
2026	13
2027	13
2028	13
2029	13
2030	7
2031	7
2032	7
2033	7
2034	7
2035	13
2036	13
2037	13
2038	1
2039	1
2040	1
2041	1
2042	1
2043	13
2044	13
2045	13
2046	13
2047	13
2048	1
2049	1
2050	13
2051	13
2052	13
2053	13
2054	13
2055	13
2056	13
2057	13
2058	7
2059	7
2060	7
2061	7
2062	7
2063	7
2064	7
2065	7
2066	7
2067	7
2068	13
2069	13
2070	13
2071	13
2072	13
2073	1
2074	13
2075	13
2076	13
2077	1
2078	1
2079	13
2080	1
2081	13
2082	1
2083	13
2084	13
2085	13
2086	13
2087	13
2088	13
2089	4
2090	4
2091	4
2092	4
2093	4
2094	4
2095	4
2096	6
2097	6
2098	6
2099	6
2100	6
2101	6
2102	6
2103	6
2104	6
2105	6
2106	6
2107	6
2108	6
2109	6
2110	6
2111	6
2112	6
2113	10
2114	10
2115	10
2116	10
2117	10
2118	6
2119	6
2120	10
2121	10
2122	10
2123	6
2124	13
2125	10
2126	10
2127	10
2128	10
2129	10
2130	6
2131	10
2132	10
2133	6
2134	6
2135	10
2136	6
2137	6
2138	6
2139	10
2140	10
2141	10
2142	10
2143	10
2144	10
2145	10
2146	6
2147	6
2148	10
2149	6
2150	10
2151	10
2152	10
2153	10
2154	10
2155	10
2156	10
2157	10
2158	10
2159	10
2160	10
2161	10
2162	10
2163	10
2164	6
2165	6
2166	6
2167	10
2168	10
2169	10
2170	10
2171	10
2172	10
2173	10
2174	6
2175	6
2176	6
2177	6
2178	10
2179	10
2180	6
2181	6
2182	10
2183	10
2184	10
2185	10
2186	10
2187	10
2188	6
2189	10
2190	10
2191	10
2192	10
2193	10
2194	6
2195	10
2196	6
2197	6
2198	10
2199	6
2200	10
2201	10
2202	10
2203	10
2204	10
2205	10
2206	10
2207	10
2208	10
2209	10
2210	10
2211	10
2212	10
2213	10
2214	10
2215	6
2216	6
2217	10
2218	10
2219	10
2220	10
2221	10
2222	10
2223	6
2224	10
2225	10
2226	10
2227	10
2228	10
2229	10
2230	6
2231	6
2232	10
2233	6
2234	6
2235	10
2236	6
2237	6
2238	6
2239	10
2240	10
2241	10
2242	6
2243	6
2244	10
2245	6
2246	10
2247	6
2248	6
2249	10
2250	10
2251	10
2252	10
2253	6
2254	6
2255	10
2256	6
2257	10
2258	10
2259	10
2260	10
2261	6
2262	6
2263	10
2264	10
2265	10
2266	10
2267	10
2268	10
2269	6
2270	6
2271	6
2272	10
2273	6
2274	10
2275	10
2276	10
2277	6
2278	10
2279	10
2280	10
2281	10
2282	10
2283	10
2284	13
2285	13
2286	10
2287	10
2288	10
2289	10
2290	10
2291	10
2292	10
2293	10
2294	10
2295	10
2296	10
2297	10
2298	6
2299	6
2300	6
2301	10
2302	6
2303	10
2304	10
2305	10
2306	10
2307	10
2308	10
2309	13
2310	13
2311	13
2312	5
2313	5
2314	5
2315	5
2316	5
2317	5
2318	5
2319	5
2320	5
2321	5
2322	5
2323	5
2324	5
2325	5
2326	5
2327	5
2328	5
2329	5
2330	3
2331	3
2332	3
2333	3
2334	3
2335	3
2336	3
2337	3
2338	3
2339	3
2340	3
2341	3
2342	3
2343	3
2344	3
2345	3
2346	5
2347	5
2348	5
2349	5
2350	4
2351	5
2352	4
2353	5
2354	5
2355	5
2356	5
2357	5
2358	5
2359	4
2360	4
2361	5
2362	5
2363	5
2364	5
2365	5
2366	8
2367	8
2368	8
2369	8
2370	8
2371	8
2372	8
2373	8
2374	8
2375	8
2376	8
2377	8
2378	8
2379	8
2380	8
2381	8
2382	8
2383	8
2384	8
2385	8
2386	8
2387	8
2388	8
2389	8
2390	8
2391	8
2392	8
2393	8
2394	8
2395	8
2396	8
2397	8
2398	8
2399	8
2400	8
2401	8
2402	8
2403	8
2404	8
2405	8
2406	8
2407	8
2408	8
2409	8
2410	8
2411	8
2412	8
2413	8
2414	8
2415	2
2416	2
2417	2
2418	2
2419	9
2420	9
2421	9
2422	2
2423	2
2424	2
2425	2
2426	9
2427	9
2428	9
2429	9
2430	9
2431	9
2432	9
2433	9
2434	9
2435	2
2436	2
2437	2
2438	9
2439	9
2440	9
2441	9
2442	2
2443	9
2444	2
2445	9
2446	9
2447	9
2448	2
2449	9
2450	9
2451	9
2452	9
2453	9
2454	9
2455	2
2456	9
2457	9
2458	9
2459	9
2460	9
2461	9
2462	9
2463	9
2464	9
2465	9
2466	9
2467	9
2468	9
2469	9
2470	9
2471	9
2472	9
2473	9
2474	9
2475	9
2476	9
2477	9
2478	9
2479	9
2480	9
2481	9
2482	9
2483	9
2484	9
2485	9
2486	9
2487	9
2488	9
2489	9
2490	9
2491	9
2492	9
2493	9
2494	9
2495	9
2496	9
2497	9
2498	2
2499	2
2500	9
2501	9
2502	2
2503	2
2504	2
2505	2
2506	2
2507	2
2508	2
2509	2
2510	2
2511	2
2512	2
2513	2
2514	2
2515	9
2516	9
2517	9
2518	9
2519	9
2520	9
2521	9
2522	9
2523	9
2524	9
2525	9
2526	9
2527	9
2528	2
2529	9
2530	9
2531	9
2532	9
2533	9
2534	9
2535	9
2536	9
2537	9
2538	9
2539	9
2540	9
2541	9
2542	9
2543	2
2544	9
2545	9
2546	9
2547	9
2548	9
2549	2
2550	9
2551	9
2552	9
2553	9
2554	9
2555	9
2556	9
2557	9
2558	2
2559	2
2560	2
2561	2
2562	2
2563	9
2564	9
2565	9
2566	9
2567	9
2568	9
2569	2
2570	2
2571	2
2572	2
2573	2
2574	9
2575	9
2576	9
2577	9
2578	9
2579	9
2580	9
2581	9
2582	9
2583	9
2584	9
2585	9
2586	9
2587	9
2588	9
2589	9
2590	9
2591	2
2592	9
2593	2
2594	2
2595	2
2596	2
2597	2
2598	2
2599	2
2600	9
2601	9
2602	9
2603	9
2604	9
2605	9
2606	13
2607	13
2608	13
2609	13
2610	13
2611	13
2612	13
2613	13
2614	13
2615	13
2616	13
2617	13
2618	13
2619	13
2620	13
2621	13
2622	13
2623	13
2624	13
2625	13
2626	13
2627	13
2628	13
2629	13
2630	13
2631	13
2632	13
2633	13
2634	13
2635	13
2636	13
2637	13
2638	13
2639	13
2640	11
2641	11
2642	11
2643	11
2644	11
2645	11
2646	11
2647	7
2648	11
2649	11
2650	11
2651	11
2652	11
2653	11
2654	7
2655	11
2656	11
2657	11
2658	11
2659	11
2660	7
2661	11
2662	11
2663	11
2664	7
2665	7
2666	11
2667	7
2668	7
2669	7
2670	11
2671	7
2672	11
2673	7
2674	11
2675	11
2676	11
2677	11
2678	11
2679	7
2680	7
2681	7
2682	7
2683	7
2684	7
2685	7
2686	11
2687	7
2688	3
2689	3
2690	3
2691	3
315	4
1657	12
