0	5
1	5
2	5
3	5
4	5
5	5
6	5
7	9
8	9
9	9
10	9
11	9
12	9
13	9
14	9
15	9
16	9
17	9
18	9
19	9
20	9
21	12
22	12
23	12
24	12
25	12
26	12
27	12
28	12
29	13
30	13
31	13
32	13
33	13
34	13
35	13
36	13
37	13
38	13
39	13
40	13
41	13
42	13
43	13
44	13
45	13
46	13
47	13
48	13
49	13
50	13
51	13
52	13
53	1
54	1
55	1
56	1
57	1
58	13
59	13
60	13
61	13
62	13
63	13
64	13
65	1
66	1
67	1
68	1
69	1
70	1
71	12
72	12
73	12
74	12
75	13
76	13
77	13
78	13
79	13
80	13
81	13
82	13
83	6
84	6
85	6
86	6
87	6
88	6
89	6
90	6
91	6
92	6
93	6
94	6
95	6
96	9
97	9
98	9
99	9
100	9
101	9
102	9
103	9
104	9
105	9
106	9
107	9
108	9
109	9
110	9
111	9
112	9
113	9
114	9
115	9
116	9
117	9
118	9
119	9
120	9
121	9
122	9
123	9
124	9
125	9
126	9
127	9
128	9
129	11
130	11
131	11
132	11
133	11
134	11
135	11
136	11
137	11
138	11
139	11
140	11
141	11
142	11
143	11
144	11
145	11
146	11
147	11
148	11
149	11
150	11
151	11
152	11
153	11
154	11
155	11
156	11
157	11
158	11
159	11
160	11
161	11
162	11
163	11
164	11
165	11
166	7
167	7
168	7
169	7
170	7
171	7
172	7
173	7
174	7
175	7
176	7
177	7
178	7
179	7
180	7
181	7
182	7
183	5
184	5
185	5
186	5
187	5
188	5
189	5
190	5
191	5
192	5
193	5
194	5
195	5
196	5
197	5
198	5
199	5
200	5
201	5
202	5
203	5
204	5
205	5
206	5
207	5
208	12
209	12
210	12
211	12
212	12
213	12
214	12
215	12
216	12
217	12
218	12
219	12
220	12
221	12
222	12
223	12
224	12
225	12
226	12
227	12
228	12
229	12
230	12
231	12
232	12
233	12
234	12
235	12
236	12
237	12
238	12
239	12
240	12
241	12
242	12
243	12
244	12
245	12
246	12
247	12
248	5
249	5
250	5
251	5
252	5
253	5
254	5
255	5
256	5
257	5
258	5
259	5
260	5
261	12
262	12
263	12
264	12
265	12
266	4
267	12
268	4
269	4
270	4
271	12
272	12
273	12
274	12
275	12
276	12
277	12
278	4
279	4
280	4
281	4
282	4
283	4
284	4
285	4
286	4
287	4
288	4
289	4
290	4
291	4
292	4
293	4
294	4
295	4
296	4
297	4
298	4
299	4
300	4
301	4
302	5
303	5
304	5
305	5
306	1
307	2
308	2
309	1
310	1
311	1
312	1
313	2
314	1
316	13
317	13
318	13
319	13
320	13
321	13
322	13
323	13
324	13
325	13
326	13
327	13
328	13
329	13
330	13
331	2
332	1
333	2
334	2
335	1
336	1
337	13
338	13
339	13
340	1
341	1
342	2
343	2
344	2
345	2
346	2
347	1
348	1
349	2
350	2
351	2
352	2
353	2
354	2
355	2
356	7
357	11
358	7
359	11
360	11
361	7
362	11
363	11
364	7
365	7
366	11
367	7
368	11
369	2
370	2
371	2
372	2
373	1
374	1
375	2
376	2
377	2
378	2
379	2
380	2
381	2
382	2
383	2
384	2
385	2
386	2
387	2
388	2
389	13
390	13
391	13
392	13
393	13
394	2
395	2
396	1
397	1
398	13
399	13
400	13
401	13
402	13
403	12
404	12
405	12
406	12
407	12
408	12
409	9
410	9
411	9
412	9
413	9
414	9
415	9
416	9
417	9
418	9
419	9
420	9
421	9
422	9
423	9
424	9
425	7
426	7
427	7
428	7
429	7
430	7
431	7
432	7
433	9
434	9
435	9
436	9
437	9
438	9
439	9
440	9
441	9
442	9
443	9
444	9
445	9
446	7
447	7
448	7
449	7
450	7
451	9
452	9
453	9
454	7
455	7
456	7
457	9
458	9
459	9
460	9
461	9
462	9
463	7
464	7
465	7
466	7
467	7
468	7
469	7
470	7
471	7
472	7
473	9
474	9
475	4
476	4
477	4
478	4
479	4
480	4
481	4
482	4
483	4
484	12
485	12
486	4
487	4
488	4
489	4
490	4
491	4
492	4
493	4
494	4
495	4
496	4
497	4
498	12
499	4
500	4
501	4
502	12
503	4
504	4
505	4
506	12
507	12
508	12
509	12
510	12
511	12
512	12
513	12
514	12
515	12
516	12
517	12
518	12
519	12
520	12
521	12
522	6
523	6
524	6
525	6
526	5
527	5
528	6
529	6
530	6
531	6
532	6
533	6
534	6
535	6
536	6
537	6
538	5
539	5
540	5
541	5
542	5
543	5
544	5
545	5
546	5
547	5
548	5
549	5
550	5
551	5
552	5
553	5
554	5
555	5
556	5
557	5
558	5
559	12
560	12
561	12
562	12
563	12
564	12
565	5
566	5
567	5
568	5
569	5
570	6
571	6
572	6
573	6
574	6
575	6
576	6
577	6
578	6
579	6
580	6
581	5
582	5
583	5
584	5
585	5
586	5
587	4
588	4
589	4
590	4
591	4
592	12
593	12
594	4
595	12
596	4
597	12
598	4
599	12
600	12
601	12
602	12
603	5
604	5
605	5
606	5
607	5
608	5
609	5
610	5
611	5
612	5
613	5
614	5
615	5
616	5
617	4
618	12
619	12
620	4
621	4
622	4
623	4
624	4
625	4
626	4
627	4
628	12
629	12
630	12
631	12
632	4
633	4
634	4
635	12
636	4
637	4
638	4
639	5
640	5
641	5
642	5
643	5
644	5
645	5
646	5
647	5
648	5
649	5
650	5
651	5
652	5
653	5
654	5
655	5
656	5
657	7
658	7
659	4
660	4
661	9
662	9
663	9
664	9
665	9
666	9
667	9
668	9
669	9
670	12
671	12
672	12
673	4
674	12
675	12
676	4
677	12
678	12
679	12
680	9
681	9
682	9
683	9
684	9
685	9
686	9
687	9
688	9
689	9
690	9
691	9
692	9
693	9
694	9
695	9
696	9
697	12
698	4
699	12
700	12
701	12
702	12
703	12
704	12
705	12
706	12
707	12
708	12
709	12
710	12
711	12
712	12
713	12
714	9
715	9
716	12
717	12
718	12
719	12
720	12
721	12
722	12
723	12
724	12
725	12
726	12
727	12
728	12
729	12
730	12
731	12
732	13
733	13
734	13
735	13
736	13
737	7
738	7
739	7
740	7
741	7
742	7
743	7
744	7
745	13
746	13
747	13
748	13
749	13
750	13
751	13
752	13
753	13
754	13
755	13
756	13
757	13
758	13
759	13
760	13
761	13
762	13
763	13
764	13
765	13
766	7
767	7
768	7
769	7
770	13
771	13
772	7
773	7
774	7
775	7
776	7
777	7
778	7
779	7
780	7
781	7
782	7
783	7
784	7
785	12
786	7
787	7
788	7
789	7
790	7
791	12
792	12
793	12
794	12
795	12
796	12
797	12
798	12
799	12
800	12
801	7
802	7
803	7
804	7
805	12
806	12
807	12
808	7
809	7
810	7
811	10
812	10
813	1
814	10
815	10
816	1
817	10
818	10
819	10
820	10
821	10
822	10
823	10
824	1
825	1
826	1
827	1
828	1
829	10
830	10
831	1
832	1
833	1
834	10
835	10
836	10
837	10
838	1
839	1
840	10
841	1
842	10
843	10
844	10
845	1
846	10
847	10
848	10
849	1
850	10
851	10
852	10
853	10
854	10
855	1
856	10
857	10
858	5
859	5
860	5
861	5
862	5
863	5
864	5
865	5
866	5
867	5
868	5
869	5
870	5
871	10
872	10
873	1
874	1
875	10
876	10
877	10
878	1
879	1
880	1
881	10
882	1
883	10
884	1
885	10
886	1
887	10
888	10
889	1
890	1
891	1
892	10
893	10
894	10
895	10
896	10
897	1
898	1
899	10
900	10
901	10
902	10
903	10
904	1
905	10
906	1
907	10
908	10
909	1
910	10
911	10
912	10
913	10
914	10
915	10
916	1
917	10
918	1
919	1
920	10
921	10
922	10
923	10
924	1
925	10
926	1
927	10
928	10
929	1
930	10
931	10
932	10
933	10
934	1
935	10
936	1
937	1
938	1
939	1
940	1
941	1
942	10
943	1
944	10
945	10
946	1
947	10
948	10
949	10
950	1
951	10
952	10
953	1
954	10
955	10
956	10
957	10
958	10
959	1
960	1
961	10
962	10
963	1
964	10
965	10
966	1
967	1
968	1
969	10
970	1
971	1
972	10
973	10
974	10
975	10
976	10
977	10
978	1
979	1
980	1
981	1
982	13
983	10
984	10
985	7
986	7
987	7
988	7
989	7
990	7
991	7
992	7
993	7
994	7
995	7
996	7
997	7
998	7
999	7
1000	7
1001	7
1002	7
1003	7
1004	7
1005	7
1006	7
1007	10
1008	10
1009	7
1010	10
1011	10
1012	10
1013	10
1014	10
1015	10
1016	10
1017	10
1018	10
1019	10
1020	10
1021	10
1022	10
1023	10
1024	10
1025	13
1026	13
1027	10
1028	10
1029	10
1030	13
1031	10
1032	13
1033	10
1034	13
1035	10
1036	13
1037	10
1038	13
1039	10
1040	13
1041	10
1042	10
1043	13
1044	10
1045	10
1046	13
1047	13
1048	10
1049	10
1050	13
1051	10
1052	10
1053	13
1054	10
1055	13
1056	10
1057	10
1058	10
1059	13
1060	10
1061	10
1062	10
1063	13
1064	13
1065	10
1066	10
1067	10
1068	10
1069	13
1070	10
1071	10
1072	13
1073	13
1074	13
1075	5
1076	5
1077	5
1078	5
1079	13
1080	13
1081	13
1082	5
1083	5
1084	5
1085	5
1086	13
1087	4
1088	4
1089	4
1090	4
1091	4
1092	4
1093	4
1094	12
1095	12
1096	12
1097	12
1098	12
1099	12
1100	12
1101	12
1102	12
1103	12
1104	12
1105	12
1106	12
1107	1
1108	1
1109	1
1110	1
1111	1
1112	1
1113	1
1114	1
1115	1
1116	1
1117	1
1118	1
1119	1
1120	1
1121	1
1122	1
1123	1
1124	1
1125	1
1126	1
1127	1
1128	1
1129	1
1130	1
1131	1
1132	1
1133	1
1134	1
1135	1
1136	1
1137	1
1138	1
1139	1
1140	1
1141	1
1142	1
1143	1
1144	1
1145	1
1146	1
1147	1
1148	1
1149	1
1150	1
1151	1
1152	1
1153	1
1154	2
1155	2
1156	2
1157	2
1158	2
1159	2
1160	2
1161	2
1162	2
1163	2
1164	2
1165	2
1166	2
1167	2
1168	2
1169	10
1170	10
1171	10
1172	10
1173	10
1174	10
1175	10
1176	10
1177	10
1178	10
1179	10
1180	10
1181	10
1182	10
1183	10
1184	10
1185	10
1186	10
1187	10
1188	10
1189	10
1190	10
1191	10
1192	10
1193	10
1194	10
1195	10
1196	10
1197	10
1198	10
1199	10
1200	1
1201	1
1202	6
1203	6
1204	6
1205	6
1206	6
1207	6
1208	6
1209	1
1210	6
1211	6
1212	6
1213	6
1214	6
1215	6
1216	6
1217	6
1218	6
1219	6
1220	6
1221	6
1222	6
1223	1
1224	6
1225	6
1226	6
1227	6
1228	6
1229	1
1230	6
1231	6
1232	1
1233	1
1234	6
1235	6
1236	1
1237	1
1238	1
1239	6
1240	4
1241	4
1242	4
1243	12
1244	4
1245	4
1246	4
1247	4
1248	12
1249	12
1250	12
1251	12
1252	12
1253	13
1254	13
1255	13
1256	13
1257	13
1258	12
1259	12
1260	12
1261	12
1262	4
1263	4
1264	13
1265	13
1266	13
1267	13
1268	13
1269	13
1270	13
1271	13
1272	13
1273	13
1274	13
1275	13
1276	13
1277	13
1278	11
1279	11
1280	11
1281	12
1282	4
1283	4
1284	13
1285	13
1286	13
1287	13
1288	11
1289	11
1290	11
1291	11
1292	11
1293	11
1294	11
1295	11
1296	11
1297	11
1298	12
1299	11
1300	11
1301	11
1302	11
1303	13
1304	13
1305	13
1306	13
1307	13
1308	13
1309	13
1310	13
1311	13
1312	13
1313	13
1314	1
1315	1
1316	1
1317	1
1318	1
1319	1
1320	1
1321	1
1322	1
1323	1
1324	1
1325	1
1326	1
1327	1
1328	1
1329	1
1330	1
1331	1
1332	1
1333	1
1334	1
1335	1
1336	1
1337	1
1338	1
1339	1
1340	1
1341	1
1342	1
1343	1
1344	1
1345	1
1346	13
1347	13
1348	13
1349	13
1350	13
1351	13
1352	13
1353	13
1354	13
1355	13
1356	13
1357	13
1358	13
1359	13
1360	13
1361	13
1362	13
1363	1
1364	1
1365	1
1366	1
1367	1
1368	1
1369	1
1370	1
1371	1
1372	1
1373	1
1374	1
1375	1
1376	1
1377	1
1378	1
1379	1
1380	1
1381	2
1382	2
1383	2
1384	2
1385	2
1386	2
1387	2
1388	2
1389	2
1390	2
1391	2
1392	2
1393	2
1394	2
1395	2
1396	2
1397	13
1398	13
1399	13
1400	13
1401	13
1402	13
1403	13
1404	13
1405	13
1406	13
1407	13
1408	13
1409	13
1410	13
1411	13
1412	13
1413	13
1414	13
1415	13
1416	13
1417	13
1418	13
1419	13
1420	13
1421	13
1422	13
1423	13
1424	13
1425	13
1426	13
1427	13
1428	6
1429	6
1430	6
1431	3
1432	6
1433	6
1434	6
1435	6
1436	3
1437	6
1438	3
1439	3
1440	3
1441	9
1442	9
1443	9
1444	9
1445	9
1446	9
1447	9
1448	9
1449	9
1450	9
1451	9
1452	9
1453	9
1454	9
1455	6
1456	6
1457	3
1458	6
1459	6
1460	3
1461	6
1462	6
1463	6
1464	3
1465	12
1466	12
1467	12
1468	12
1469	12
1470	12
1471	12
1472	12
1473	12
1474	12
1475	12
1476	12
1477	12
1478	12
1479	12
1480	12
1481	12
1482	12
1483	12
1484	12
1485	12
1486	12
1487	12
1488	12
1489	13
1490	13
1491	13
1492	13
1493	13
1494	13
1495	13
1496	13
1497	13
1498	13
1499	13
1500	13
1501	5
1502	5
1503	5
1504	5
1505	5
1506	5
1507	5
1508	5
1509	5
1510	5
1511	5
1512	5
1513	5
1514	5
1515	5
1516	5
1517	5
1518	5
1519	5
1520	5
1521	5
1522	5
1523	5
1524	5
1525	5
1526	5
1527	5
1528	5
1529	7
1530	7
1531	7
1532	7
1533	7
1534	7
1535	7
1536	7
1537	7
1538	7
1539	7
1540	7
1541	7
1542	7
1543	7
1544	7
1545	7
1546	7
1547	7
1548	7
1549	7
1550	7
1551	7
1552	6
1553	6
1554	6
1555	6
1556	6
1557	6
1558	6
1559	6
1560	6
1561	6
1562	6
1563	6
1564	6
1565	6
1566	6
1567	6
1568	6
1569	6
1570	6
1571	6
1572	6
1573	6
1574	6
1575	6
1576	13
1577	13
1578	13
1579	13
1580	13
1581	13
1582	13
1583	13
1584	13
1585	13
1586	13
1587	13
1588	13
1589	13
1590	13
1591	13
1592	13
1593	13
1594	13
1595	13
1596	13
1597	13
1598	13
1599	13
1600	13
1601	13
1602	6
1603	6
1604	6
1605	6
1606	6
1607	6
1608	6
1609	6
1610	6
1611	6
1612	6
1613	6
1614	6
1615	6
1616	6
1617	6
1618	12
1619	12
1620	12
1621	12
1622	12
1623	12
1624	12
1625	12
1626	12
1627	12
1628	12
1629	10
1630	9
1631	9
1632	9
1633	9
1634	9
1635	9
1636	9
1637	9
1638	9
1639	10
1640	9
1641	9
1642	9
1643	9
1644	12
1645	12
1646	12
1647	12
1648	12
1649	9
1650	10
1651	9
1652	10
1653	9
1654	9
1655	9
1656	9
1658	9
1659	9
1660	9
1661	9
1662	9
1663	9
1664	9
1665	9
1666	10
1667	9
1668	9
1669	10
1670	9
1671	9
1672	9
1673	12
1674	9
1675	9
1676	9
1677	12
1678	4
1679	4
1680	4
1681	4
1682	4
1683	4
1684	4
1685	9
1686	9
1687	9
1688	9
1689	9
1690	9
1691	9
1692	9
1693	9
1694	9
1695	9
1696	9
1697	9
1698	9
1699	9
1700	9
1701	9
1702	9
1703	3
1704	3
1705	9
1706	9
1707	9
1708	9
1709	9
1710	9
1711	9
1712	9
1713	12
1714	12
1715	12
1716	12
1717	12
1718	12
1719	12
1720	12
1721	12
1722	12
1723	12
1724	12
1725	9
1726	9
1727	9
1728	12
1729	9
1730	9
1731	9
1732	9
1733	9
1734	9
1735	9
1736	9
1737	9
1738	9
1739	9
1740	9
1741	9
1742	8
1743	5
1744	8
1745	8
1746	5
1747	8
1748	8
1749	8
1750	8
1751	5
1752	5
1753	5
1754	8
1755	5
1756	8
1757	12
1758	12
1759	12
1760	12
1761	5
1762	8
1763	8
1764	8
1765	8
1766	8
1767	8
1768	8
1769	8
1770	5
1771	5
1772	8
1773	5
1774	12
1775	12
1776	12
1777	12
1778	12
1779	12
1780	12
1781	12
1782	12
1783	12
1784	12
1785	12
1786	12
1787	8
1788	8
1789	8
1790	5
1791	8
1792	8
1793	5
1794	8
1795	12
1796	12
1797	12
1798	12
1799	8
1800	5
1801	5
1802	5
1803	8
1804	8
1805	8
1806	8
1807	8
1808	8
1809	3
1810	3
1811	3
1812	3
1813	3
1814	3
1815	3
1816	3
1817	3
1818	3
1819	3
1820	3
1821	3
1822	3
1823	3
1824	3
1825	3
1826	3
1827	3
1828	3
1829	3
1830	4
1831	4
1832	4
1833	4
1834	4
1835	3
1836	3
1837	4
1838	3
1839	3
1840	7
1841	7
1842	7
1843	7
1844	7
1845	3
1846	3
1847	3
1848	3
1849	3
1850	3
1851	3
1852	3
1853	3
1854	3
1855	3
1856	3
1857	12
1858	12
1859	12
1860	12
1861	12
1862	12
1863	3
1864	3
1865	3
1866	3
1867	3
1868	3
1869	3
1870	3
1871	3
1872	4
1873	4
1874	4
1875	4
1876	4
1877	4
1878	4
1879	4
1880	4
1881	4
1882	4
1883	4
1884	4
1885	4
1886	4
1887	4
1888	4
1889	4
1890	4
1891	4
1892	4
1893	4
1894	4
1895	5
1896	5
1897	5
1898	1
1899	1
1900	1
1901	1
1902	1
1903	1
1904	13
1905	13
1906	13
1907	13
1908	5
1909	5
1910	5
1911	5
1912	13
1913	13
1914	13
1915	13
1916	1
1917	1
1918	1
1919	1
1920	1
1921	1
1922	1
1923	1
1924	5
1925	5
1926	13
1927	5
1928	5
1929	13
1930	5
1931	13
1932	13
1933	13
1934	13
1935	13
1936	5
1937	5
1938	13
1939	13
1940	5
1941	5
1942	13
1943	13
1944	5
1945	13
1946	13
1947	13
1948	13
1949	13
1950	13
1951	5
1952	5
1953	5
1954	13
1955	5
1956	5
1957	5
1958	5
1959	5
1960	13
1961	13
1962	5
1963	5
1964	5
1965	5
1966	13
1967	13
1968	13
1969	13
1970	5
1971	13
1972	5
1973	5
1974	5
1975	13
1976	6
1977	6
1978	6
1979	7
1980	6
1981	7
1982	7
1983	6
1984	7
1985	7
1986	7
1987	6
1988	6
1989	6
1990	6
1991	7
1992	6
1993	6
1994	6
1995	7
1996	6
1997	6
1998	6
1999	6
2000	6
2001	6
2002	6
2003	6
2004	6
2005	6
2006	6
2007	6
2008	6
2009	7
2010	6
2011	7
2012	7
2013	6
2014	6
2015	6
2016	6
2017	4
2018	4
2019	4
2020	4
2021	4
2022	4
2023	4
2024	4
2025	4
2026	4
2027	4
2028	4
2029	4
2030	7
2031	7
2032	7
2033	7
2034	7
2035	4
2036	4
2037	4
2038	12
2039	12
2040	12
2041	12
2042	12
2043	4
2044	4
2045	4
2046	4
2047	4
2048	12
2049	12
2050	4
2051	4
2052	4
2053	4
2054	4
2055	4
2056	4
2057	4
2058	6
2059	6
2060	6
2061	6
2062	6
2063	6
2064	6
2065	6
2066	6
2067	6
2068	4
2069	4
2070	4
2071	4
2072	4
2073	4
2074	4
2075	4
2076	4
2077	4
2078	4
2079	4
2080	4
2081	4
2082	4
2083	4
2084	4
2085	4
2086	4
2087	4
2088	4
2089	13
2090	13
2091	13
2092	13
2093	13
2094	13
2095	13
2096	5
2097	5
2098	5
2099	5
2100	5
2101	5
2102	5
2103	5
2104	5
2105	5
2106	5
2107	5
2108	5
2109	5
2110	5
2111	5
2112	5
2113	8
2114	8
2115	8
2116	8
2117	8
2118	3
2119	3
2120	8
2121	8
2122	3
2123	3
2124	4
2125	8
2126	8
2127	8
2128	8
2129	8
2130	3
2131	8
2132	8
2133	3
2134	8
2135	8
2136	3
2137	3
2138	3
2139	8
2140	3
2141	8
2142	8
2143	8
2144	3
2145	3
2146	3
2147	3
2148	8
2149	3
2150	8
2151	8
2152	8
2153	8
2154	8
2155	8
2156	3
2157	8
2158	8
2159	3
2160	8
2161	8
2162	8
2163	3
2164	3
2165	3
2166	8
2167	3
2168	8
2169	8
2170	8
2171	8
2172	8
2173	8
2174	3
2175	3
2176	3
2177	3
2178	8
2179	8
2180	3
2181	3
2182	8
2183	8
2184	8
2185	8
2186	8
2187	8
2188	3
2189	8
2190	8
2191	8
2192	8
2193	8
2194	3
2195	8
2196	3
2197	3
2198	8
2199	3
2200	8
2201	8
2202	3
2203	8
2204	8
2205	8
2206	8
2207	8
2208	8
2209	8
2210	8
2211	8
2212	8
2213	8
2214	8
2215	3
2216	3
2217	8
2218	8
2219	8
2220	8
2221	8
2222	3
2223	3
2224	8
2225	8
2226	8
2227	8
2228	3
2229	3
2230	3
2231	3
2232	8
2233	3
2234	3
2235	8
2236	3
2237	3
2238	3
2239	8
2240	8
2241	3
2242	3
2243	3
2244	3
2245	3
2246	8
2247	3
2248	3
2249	8
2250	8
2251	8
2252	8
2253	3
2254	3
2255	3
2256	3
2257	8
2258	8
2259	8
2260	8
2261	3
2262	8
2263	8
2264	8
2265	8
2266	8
2267	8
2268	8
2269	3
2270	3
2271	8
2272	8
2273	8
2274	8
2275	8
2276	8
2277	3
2278	8
2279	3
2280	8
2281	8
2282	3
2283	3
2284	4
2285	4
2286	8
2287	8
2288	8
2289	8
2290	8
2291	8
2292	8
2293	8
2294	8
2295	8
2296	8
2297	3
2298	3
2299	3
2300	3
2301	8
2302	3
2303	8
2304	3
2305	8
2306	8
2307	8
2308	8
2309	4
2310	4
2311	4
2312	10
2313	10
2314	10
2315	10
2316	10
2317	10
2318	10
2319	10
2320	10
2321	10
2322	10
2323	10
2324	10
2325	10
2326	10
2327	10
2328	10
2329	10
2330	5
2331	5
2332	5
2333	5
2334	5
2335	5
2336	5
2337	5
2338	5
2339	5
2340	5
2341	5
2342	5
2343	5
2344	5
2345	5
2346	10
2347	10
2348	10
2349	10
2350	10
2351	10
2352	10
2353	10
2354	10
2355	10
2356	10
2357	10
2358	10
2359	10
2360	10
2361	10
2362	10
2363	10
2364	10
2365	10
2366	3
2367	3
2368	3
2369	3
2370	3
2371	3
2372	3
2373	3
2374	3
2375	3
2376	3
2377	3
2378	3
2379	3
2380	3
2381	3
2382	3
2383	3
2384	3
2385	3
2386	3
2387	3
2388	3
2389	3
2390	3
2391	3
2392	3
2393	3
2394	3
2395	3
2396	3
2397	3
2398	3
2399	3
2400	3
2401	3
2402	3
2403	3
2404	3
2405	3
2406	3
2407	3
2408	3
2409	3
2410	3
2411	3
2412	3
2413	3
2414	3
2415	2
2416	2
2417	2
2418	2
2419	2
2420	2
2421	2
2422	2
2423	2
2424	2
2425	2
2426	2
2427	11
2428	11
2429	2
2430	11
2431	2
2432	2
2433	2
2434	2
2435	2
2436	2
2437	2
2438	2
2439	2
2440	2
2441	2
2442	2
2443	2
2444	2
2445	2
2446	2
2447	2
2448	2
2449	11
2450	11
2451	11
2452	11
2453	11
2454	2
2455	2
2456	2
2457	2
2458	2
2459	2
2460	2
2461	2
2462	2
2463	2
2464	2
2465	2
2466	2
2467	2
2468	2
2469	2
2470	2
2471	2
2472	2
2473	2
2474	2
2475	2
2476	2
2477	2
2478	2
2479	2
2480	2
2481	2
2482	2
2483	2
2484	2
2485	2
2486	2
2487	2
2488	11
2489	2
2490	11
2491	11
2492	2
2493	2
2494	2
2495	11
2496	11
2497	11
2498	11
2499	11
2500	2
2501	11
2502	2
2503	2
2504	2
2505	2
2506	2
2507	2
2508	11
2509	11
2510	11
2511	11
2512	11
2513	11
2514	11
2515	2
2516	11
2517	2
2518	11
2519	11
2520	2
2521	11
2522	2
2523	11
2524	2
2525	11
2526	2
2527	2
2528	2
2529	11
2530	11
2531	11
2532	11
2533	11
2534	11
2535	11
2536	11
2537	11
2538	11
2539	11
2540	11
2541	11
2542	11
2543	2
2544	11
2545	11
2546	11
2547	2
2548	2
2549	2
2550	2
2551	11
2552	11
2553	11
2554	11
2555	11
2556	11
2557	11
2558	2
2559	2
2560	11
2561	11
2562	11
2563	11
2564	2
2565	11
2566	2
2567	2
2568	2
2569	11
2570	11
2571	11
2572	11
2573	11
2574	11
2575	11
2576	11
2577	11
2578	11
2579	11
2580	11
2581	2
2582	2
2583	11
2584	11
2585	2
2586	2
2587	11
2588	11
2589	11
2590	11
2591	11
2592	11
2593	11
2594	2
2595	2
2596	2
2597	2
2598	2
2599	2
2600	2
2601	2
2602	2
2603	2
2604	11
2605	2
2606	4
2607	4
2608	4
2609	4
2610	4
2611	4
2612	4
2613	4
2614	4
2615	4
2616	4
2617	4
2618	4
2619	4
2620	4
2621	4
2622	4
2623	4
2624	4
2625	4
2626	4
2627	4
2628	4
2629	4
2630	4
2631	4
2632	4
2633	4
2634	4
2635	4
2636	4
2637	4
2638	4
2639	4
2640	6
2641	6
2642	6
2643	6
2644	6
2645	6
2646	6
2647	6
2648	6
2649	6
2650	6
2651	6
2652	6
2653	6
2654	7
2655	7
2656	6
2657	7
2658	6
2659	6
2660	6
2661	7
2662	7
2663	6
2664	7
2665	6
2666	6
2667	6
2668	6
2669	7
2670	7
2671	6
2672	6
2673	7
2674	6
2675	7
2676	6
2677	6
2678	7
2679	6
2680	6
2681	6
2682	6
2683	6
2684	6
2685	6
2686	6
2687	6
2688	5
2689	5
2690	5
2691	5
315	13
1657	9
