0	2
1	2
2	2
3	2
4	2
5	2
6	2
7	6
8	6
9	6
10	6
11	6
12	6
13	6
14	6
15	6
16	6
17	6
18	6
19	6
20	6
21	13
22	13
23	13
24	13
25	13
26	13
27	13
28	13
29	3
30	3
31	3
32	3
33	3
34	3
35	3
36	3
37	3
38	3
39	3
40	3
41	3
42	3
43	3
44	3
45	3
46	3
47	3
48	3
49	3
50	3
51	3
52	3
53	12
54	12
55	12
56	12
57	12
58	3
59	3
60	3
61	3
62	3
63	3
64	3
65	12
66	12
67	12
68	12
69	12
70	12
71	13
72	13
73	13
74	13
75	3
76	3
77	3
78	3
79	3
80	3
81	3
82	3
83	1
84	1
85	1
86	1
87	1
88	1
89	1
90	1
91	1
92	1
93	1
94	1
95	1
96	6
97	6
98	6
99	6
100	6
101	6
102	6
103	6
104	6
105	6
106	6
107	6
108	6
109	6
110	6
111	6
112	6
113	6
114	6
115	6
116	6
117	6
118	6
119	6
120	6
121	6
122	6
123	6
124	6
125	6
126	6
127	6
128	6
129	10
130	5
131	5
132	5
133	10
134	5
135	5
136	5
137	5
138	5
139	5
140	5
141	5
142	5
143	5
144	10
145	10
146	5
147	5
148	10
149	10
150	10
151	10
152	10
153	10
154	5
155	5
156	5
157	5
158	5
159	5
160	5
161	5
162	5
163	5
164	10
165	5
166	1
167	1
168	1
169	11
170	1
171	1
172	1
173	1
174	11
175	11
176	11
177	1
178	11
179	1
180	1
181	11
182	11
183	2
184	2
185	2
186	2
187	2
188	2
189	2
190	2
191	2
192	2
193	2
194	2
195	2
196	2
197	2
198	2
199	2
200	2
201	2
202	2
203	2
204	2
205	2
206	2
207	2
208	13
209	13
210	13
211	13
212	13
213	13
214	13
215	13
216	13
217	13
218	13
219	13
220	13
221	13
222	13
223	13
224	13
225	13
226	13
227	13
228	13
229	13
230	13
231	13
232	13
233	13
234	13
235	13
236	13
237	13
238	13
239	13
240	13
241	13
242	13
243	13
244	13
245	13
246	13
247	13
248	2
249	2
250	2
251	2
252	2
253	2
254	2
255	2
256	2
257	2
258	2
259	2
260	2
261	10
262	10
263	10
264	10
265	10
266	10
267	10
268	10
269	10
270	10
271	10
272	10
273	10
274	10
275	10
276	10
277	10
278	10
279	10
280	10
281	10
282	10
283	10
284	10
285	10
286	10
287	10
288	10
289	10
290	10
291	10
292	10
293	10
294	10
295	10
296	10
297	10
298	10
299	10
300	10
301	10
302	2
303	2
304	2
305	2
306	12
307	12
308	13
309	12
310	12
311	12
312	12
313	12
314	12
316	4
317	4
318	4
319	4
320	4
321	4
322	4
323	4
324	4
325	4
326	4
327	4
328	4
329	4
330	4
331	13
332	12
333	12
334	13
335	12
336	12
337	4
338	4
339	4
340	12
341	12
342	12
343	12
344	13
345	12
346	13
347	12
348	12
349	12
350	12
351	13
352	13
353	12
354	12
355	12
356	10
357	5
358	10
359	10
360	10
361	10
362	5
363	10
364	10
365	10
366	5
367	10
368	5
369	12
370	13
371	12
372	12
373	12
374	12
375	12
376	12
377	12
378	12
379	12
380	12
381	13
382	13
383	12
384	13
385	13
386	12
387	12
388	12
389	4
390	4
391	4
392	4
393	4
394	12
395	12
396	12
397	12
398	4
399	4
400	4
401	4
402	4
403	13
404	13
405	13
406	13
407	13
408	13
409	3
410	3
411	3
412	3
413	3
414	3
415	3
416	3
417	3
418	3
419	3
420	3
421	3
422	3
423	3
424	3
425	1
426	1
427	1
428	1
429	1
430	1
431	1
432	1
433	3
434	3
435	3
436	3
437	3
438	3
439	3
440	3
441	3
442	3
443	3
444	3
445	3
446	1
447	1
448	1
449	1
450	1
451	3
452	3
453	3
454	1
455	1
456	1
457	3
458	3
459	3
460	3
461	3
462	3
463	1
464	1
465	1
466	1
467	1
468	1
469	1
470	1
471	1
472	1
473	3
474	3
475	10
476	10
477	11
478	11
479	11
480	11
481	11
482	11
483	11
484	13
485	13
486	11
487	11
488	11
489	10
490	10
491	10
492	10
493	10
494	10
495	11
496	11
497	11
498	13
499	11
500	11
501	11
502	13
503	11
504	11
505	11
506	13
507	13
508	13
509	13
510	13
511	13
512	13
513	13
514	13
515	13
516	13
517	13
518	13
519	13
520	13
521	13
522	6
523	6
524	6
525	6
526	2
527	2
528	6
529	6
530	6
531	6
532	6
533	6
534	6
535	6
536	6
537	6
538	2
539	2
540	2
541	2
542	2
543	2
544	2
545	2
546	2
547	2
548	2
549	2
550	2
551	2
552	2
553	2
554	2
555	2
556	2
557	2
558	2
559	13
560	13
561	10
562	13
563	13
564	13
565	2
566	2
567	2
568	2
569	2
570	7
571	7
572	7
573	7
574	7
575	7
576	7
577	7
578	7
579	7
580	7
581	2
582	2
583	2
584	2
585	2
586	2
587	10
588	10
589	10
590	10
591	10
592	13
593	13
594	10
595	13
596	10
597	13
598	10
599	13
600	13
601	13
602	10
603	2
604	2
605	2
606	2
607	2
608	2
609	2
610	2
611	2
612	2
613	2
614	2
615	2
616	2
617	10
618	10
619	13
620	10
621	10
622	10
623	10
624	10
625	10
626	10
627	10
628	13
629	13
630	13
631	13
632	10
633	10
634	10
635	13
636	10
637	10
638	10
639	2
640	2
641	2
642	2
643	2
644	2
645	2
646	2
647	2
648	2
649	2
650	2
651	2
652	2
653	2
654	2
655	2
656	2
657	1
658	1
659	11
660	11
661	3
662	3
663	3
664	3
665	3
666	3
667	3
668	3
669	3
670	10
671	10
672	10
673	10
674	10
675	10
676	10
677	10
678	10
679	10
680	3
681	3
682	3
683	3
684	3
685	3
686	3
687	3
688	3
689	3
690	3
691	3
692	3
693	3
694	3
695	3
696	3
697	10
698	10
699	10
700	10
701	10
702	10
703	10
704	10
705	10
706	10
707	10
708	10
709	10
710	10
711	10
712	10
713	10
714	3
715	3
716	10
717	10
718	10
719	10
720	10
721	10
722	10
723	10
724	10
725	10
726	10
727	10
728	10
729	10
730	10
731	10
732	4
733	4
734	4
735	4
736	4
737	11
738	1
739	1
740	1
741	1
742	1
743	1
744	1
745	4
746	4
747	4
748	4
749	4
750	4
751	4
752	4
753	4
754	4
755	4
756	4
757	4
758	4
759	4
760	4
761	4
762	4
763	4
764	4
765	4
766	1
767	1
768	1
769	1
770	4
771	4
772	1
773	1
774	1
775	1
776	1
777	1
778	1
779	1
780	1
781	1
782	1
783	1
784	1
785	13
786	1
787	1
788	1
789	1
790	1
791	13
792	13
793	13
794	13
795	13
796	13
797	13
798	13
799	13
800	13
801	1
802	1
803	1
804	1
805	13
806	13
807	13
808	1
809	1
810	1
811	8
812	8
813	8
814	4
815	8
816	8
817	4
818	8
819	8
820	8
821	8
822	8
823	4
824	8
825	8
826	8
827	8
828	8
829	8
830	8
831	8
832	8
833	8
834	4
835	4
836	8
837	4
838	8
839	8
840	4
841	8
842	4
843	4
844	4
845	8
846	4
847	8
848	8
849	8
850	8
851	8
852	8
853	8
854	4
855	8
856	8
857	8
858	2
859	2
860	2
861	2
862	2
863	2
864	2
865	2
866	2
867	2
868	2
869	2
870	2
871	8
872	8
873	8
874	8
875	4
876	8
877	8
878	8
879	8
880	8
881	8
882	8
883	4
884	8
885	4
886	8
887	4
888	4
889	8
890	8
891	8
892	8
893	4
894	4
895	4
896	8
897	8
898	8
899	8
900	8
901	8
902	8
903	4
904	8
905	4
906	8
907	4
908	4
909	8
910	8
911	8
912	8
913	8
914	4
915	8
916	8
917	8
918	8
919	8
920	4
921	4
922	8
923	8
924	8
925	4
926	8
927	8
928	4
929	8
930	4
931	4
932	4
933	8
934	8
935	8
936	8
937	8
938	8
939	4
940	4
941	8
942	4
943	8
944	8
945	8
946	8
947	4
948	4
949	4
950	8
951	4
952	4
953	8
954	8
955	8
956	8
957	4
958	4
959	8
960	8
961	4
962	4
963	8
964	4
965	8
966	4
967	8
968	8
969	4
970	8
971	8
972	4
973	4
974	4
975	8
976	4
977	4
978	8
979	8
980	8
981	8
982	4
983	4
984	4
985	11
986	11
987	11
988	11
989	11
990	11
991	11
992	11
993	11
994	11
995	11
996	11
997	11
998	11
999	11
1000	11
1001	11
1002	11
1003	11
1004	11
1005	11
1006	11
1007	4
1008	4
1009	11
1010	4
1011	4
1012	4
1013	4
1014	4
1015	4
1016	4
1017	6
1018	4
1019	4
1020	4
1021	4
1022	4
1023	4
1024	4
1025	4
1026	4
1027	6
1028	4
1029	4
1030	4
1031	4
1032	4
1033	4
1034	4
1035	4
1036	4
1037	6
1038	4
1039	4
1040	4
1041	4
1042	6
1043	4
1044	4
1045	4
1046	4
1047	4
1048	4
1049	4
1050	4
1051	4
1052	4
1053	4
1054	4
1055	4
1056	6
1057	6
1058	4
1059	4
1060	4
1061	4
1062	4
1063	4
1064	4
1065	6
1066	6
1067	6
1068	4
1069	4
1070	6
1071	4
1072	4
1073	4
1074	4
1075	2
1076	2
1077	2
1078	2
1079	2
1080	2
1081	2
1082	2
1083	2
1084	2
1085	2
1086	2
1087	10
1088	10
1089	10
1090	10
1091	10
1092	10
1093	10
1094	13
1095	13
1096	13
1097	13
1098	13
1099	13
1100	13
1101	13
1102	13
1103	13
1104	13
1105	13
1106	13
1107	8
1108	12
1109	12
1110	8
1111	12
1112	8
1113	8
1114	12
1115	8
1116	12
1117	12
1118	12
1119	12
1120	12
1121	8
1122	12
1123	12
1124	12
1125	12
1126	12
1127	8
1128	12
1129	8
1130	12
1131	12
1132	12
1133	12
1134	12
1135	12
1136	12
1137	12
1138	8
1139	12
1140	8
1141	8
1142	12
1143	12
1144	12
1145	12
1146	12
1147	12
1148	8
1149	8
1150	8
1151	12
1152	8
1153	12
1154	13
1155	13
1156	13
1157	13
1158	13
1159	13
1160	13
1161	13
1162	13
1163	13
1164	13
1165	13
1166	13
1167	13
1168	13
1169	4
1170	6
1171	4
1172	4
1173	4
1174	4
1175	6
1176	4
1177	4
1178	4
1179	4
1180	4
1181	4
1182	4
1183	4
1184	6
1185	4
1186	4
1187	4
1188	4
1189	4
1190	6
1191	4
1192	4
1193	4
1194	4
1195	4
1196	4
1197	4
1198	4
1199	4
1200	8
1201	8
1202	8
1203	8
1204	6
1205	8
1206	8
1207	8
1208	6
1209	8
1210	8
1211	8
1212	6
1213	6
1214	8
1215	6
1216	8
1217	6
1218	8
1219	8
1220	8
1221	6
1222	8
1223	8
1224	6
1225	8
1226	8
1227	6
1228	6
1229	8
1230	8
1231	6
1232	8
1233	8
1234	8
1235	6
1236	8
1237	8
1238	8
1239	6
1240	10
1241	11
1242	11
1243	11
1244	10
1245	11
1246	11
1247	10
1248	10
1249	10
1250	11
1251	10
1252	11
1253	3
1254	3
1255	3
1256	3
1257	3
1258	11
1259	11
1260	10
1261	10
1262	11
1263	11
1264	3
1265	3
1266	3
1267	3
1268	3
1269	3
1270	3
1271	3
1272	3
1273	3
1274	3
1275	3
1276	3
1277	3
1278	13
1279	13
1280	13
1281	11
1282	11
1283	11
1284	3
1285	3
1286	3
1287	3
1288	13
1289	13
1290	13
1291	13
1292	13
1293	13
1294	13
1295	13
1296	13
1297	13
1298	13
1299	13
1300	13
1301	13
1302	13
1303	3
1304	2
1305	2
1306	2
1307	3
1308	3
1309	2
1310	3
1311	3
1312	2
1313	3
1314	8
1315	8
1316	8
1317	8
1318	8
1319	8
1320	8
1321	8
1322	8
1323	8
1324	8
1325	8
1326	8
1327	8
1328	8
1329	8
1330	8
1331	8
1332	8
1333	8
1334	8
1335	8
1336	12
1337	8
1338	8
1339	8
1340	12
1341	12
1342	8
1343	8
1344	8
1345	8
1346	3
1347	2
1348	2
1349	2
1350	2
1351	2
1352	2
1353	2
1354	2
1355	2
1356	2
1357	2
1358	2
1359	2
1360	2
1361	2
1362	2
1363	8
1364	8
1365	8
1366	8
1367	8
1368	8
1369	8
1370	8
1371	8
1372	8
1373	8
1374	8
1375	8
1376	8
1377	8
1378	8
1379	8
1380	8
1381	13
1382	13
1383	13
1384	13
1385	13
1386	13
1387	13
1388	13
1389	13
1390	13
1391	13
1392	13
1393	13
1394	13
1395	13
1396	13
1397	3
1398	3
1399	3
1400	3
1401	3
1402	3
1403	3
1404	3
1405	3
1406	3
1407	3
1408	3
1409	3
1410	3
1411	3
1412	3
1413	3
1414	3
1415	3
1416	3
1417	3
1418	3
1419	3
1420	3
1421	3
1422	3
1423	3
1424	3
1425	3
1426	3
1427	3
1428	6
1429	6
1430	6
1431	6
1432	6
1433	6
1434	6
1435	6
1436	6
1437	6
1438	6
1439	6
1440	6
1441	6
1442	6
1443	6
1444	6
1445	6
1446	6
1447	6
1448	6
1449	6
1450	6
1451	6
1452	6
1453	6
1454	6
1455	6
1456	6
1457	6
1458	6
1459	6
1460	6
1461	6
1462	6
1463	6
1464	6
1465	13
1466	13
1467	13
1468	13
1469	13
1470	13
1471	13
1472	13
1473	13
1474	13
1475	13
1476	13
1477	13
1478	13
1479	13
1480	13
1481	13
1482	13
1483	13
1484	13
1485	13
1486	13
1487	13
1488	13
1489	4
1490	4
1491	4
1492	4
1493	4
1494	4
1495	4
1496	4
1497	4
1498	4
1499	4
1500	4
1501	3
1502	3
1503	3
1504	3
1505	3
1506	3
1507	3
1508	3
1509	3
1510	3
1511	3
1512	3
1513	3
1514	3
1515	3
1516	3
1517	3
1518	3
1519	3
1520	3
1521	3
1522	3
1523	3
1524	3
1525	3
1526	3
1527	3
1528	3
1529	1
1530	1
1531	1
1532	1
1533	1
1534	1
1535	1
1536	1
1537	1
1538	1
1539	1
1540	1
1541	1
1542	1
1543	1
1544	1
1545	1
1546	1
1547	1
1548	1
1549	1
1550	1
1551	1
1552	11
1553	1
1554	1
1555	1
1556	1
1557	1
1558	1
1559	1
1560	1
1561	1
1562	1
1563	1
1564	1
1565	1
1566	11
1567	1
1568	1
1569	1
1570	1
1571	1
1572	1
1573	1
1574	1
1575	1
1576	4
1577	4
1578	4
1579	4
1580	4
1581	4
1582	4
1583	4
1584	4
1585	4
1586	4
1587	4
1588	4
1589	4
1590	4
1591	4
1592	4
1593	3
1594	3
1595	3
1596	3
1597	3
1598	3
1599	3
1600	3
1601	3
1602	7
1603	7
1604	7
1605	7
1606	7
1607	7
1608	7
1609	7
1610	7
1611	7
1612	7
1613	7
1614	7
1615	7
1616	7
1617	7
1618	13
1619	13
1620	13
1621	13
1622	13
1623	13
1624	13
1625	13
1626	13
1627	13
1628	13
1629	6
1630	6
1631	6
1632	6
1633	6
1634	6
1635	6
1636	6
1637	6
1638	6
1639	6
1640	6
1641	6
1642	6
1643	6
1644	13
1645	13
1646	13
1647	13
1648	13
1649	6
1650	6
1651	6
1652	6
1653	6
1654	6
1655	6
1656	6
1658	6
1659	6
1660	6
1661	6
1662	6
1663	6
1664	6
1665	6
1666	6
1667	6
1668	6
1669	6
1670	6
1671	6
1672	6
1673	13
1674	6
1675	6
1676	6
1677	13
1678	11
1679	11
1680	11
1681	11
1682	11
1683	11
1684	11
1685	3
1686	3
1687	3
1688	3
1689	3
1690	3
1691	3
1692	3
1693	3
1694	3
1695	3
1696	3
1697	3
1698	3
1699	3
1700	3
1701	6
1702	6
1703	9
1704	9
1705	6
1706	6
1707	6
1708	6
1709	6
1710	6
1711	6
1712	6
1713	13
1714	13
1715	13
1716	13
1717	13
1718	13
1719	13
1720	13
1721	13
1722	13
1723	13
1724	13
1725	6
1726	6
1727	6
1728	13
1729	6
1730	6
1731	6
1732	6
1733	6
1734	6
1735	6
1736	6
1737	6
1738	6
1739	6
1740	6
1741	6
1742	7
1743	3
1744	7
1745	7
1746	3
1747	7
1748	7
1749	3
1750	7
1751	3
1752	3
1753	3
1754	7
1755	3
1756	7
1757	13
1758	13
1759	13
1760	13
1761	3
1762	7
1763	7
1764	3
1765	7
1766	3
1767	3
1768	7
1769	3
1770	3
1771	3
1772	7
1773	3
1774	13
1775	13
1776	13
1777	13
1778	13
1779	13
1780	13
1781	13
1782	13
1783	13
1784	13
1785	13
1786	13
1787	3
1788	7
1789	7
1790	3
1791	3
1792	3
1793	7
1794	7
1795	13
1796	13
1797	13
1798	13
1799	7
1800	3
1801	3
1802	7
1803	7
1804	7
1805	7
1806	7
1807	7
1808	7
1809	9
1810	9
1811	9
1812	9
1813	9
1814	9
1815	9
1816	9
1817	9
1818	9
1819	6
1820	9
1821	6
1822	9
1823	6
1824	9
1825	9
1826	9
1827	9
1828	9
1829	9
1830	10
1831	10
1832	10
1833	10
1834	10
1835	9
1836	9
1837	10
1838	9
1839	9
1840	11
1841	11
1842	11
1843	11
1844	11
1845	9
1846	6
1847	9
1848	9
1849	9
1850	6
1851	9
1852	9
1853	6
1854	9
1855	9
1856	9
1857	13
1858	13
1859	13
1860	13
1861	13
1862	13
1863	9
1864	6
1865	6
1866	6
1867	6
1868	9
1869	6
1870	6
1871	9
1872	11
1873	11
1874	11
1875	11
1876	11
1877	11
1878	11
1879	11
1880	11
1881	11
1882	11
1883	11
1884	11
1885	11
1886	11
1887	11
1888	11
1889	11
1890	11
1891	11
1892	11
1893	11
1894	11
1895	2
1896	2
1897	2
1898	12
1899	12
1900	12
1901	12
1902	12
1903	12
1904	2
1905	2
1906	2
1907	2
1908	2
1909	2
1910	2
1911	2
1912	2
1913	2
1914	2
1915	2
1916	12
1917	12
1918	12
1919	12
1920	12
1921	12
1922	12
1923	12
1924	2
1925	2
1926	2
1927	2
1928	2
1929	2
1930	2
1931	2
1932	2
1933	2
1934	2
1935	2
1936	2
1937	2
1938	2
1939	2
1940	2
1941	2
1942	2
1943	2
1944	2
1945	2
1946	2
1947	2
1948	2
1949	2
1950	2
1951	2
1952	2
1953	2
1954	2
1955	2
1956	2
1957	2
1958	2
1959	2
1960	2
1961	2
1962	2
1963	2
1964	2
1965	2
1966	2
1967	2
1968	2
1969	2
1970	2
1971	2
1972	2
1973	2
1974	2
1975	2
1976	1
1977	1
1978	1
1979	1
1980	1
1981	1
1982	1
1983	1
1984	1
1985	1
1986	1
1987	1
1988	1
1989	1
1990	1
1991	1
1992	1
1993	1
1994	1
1995	1
1996	1
1997	1
1998	1
1999	1
2000	1
2001	1
2002	1
2003	1
2004	1
2005	1
2006	1
2007	1
2008	1
2009	1
2010	1
2011	1
2012	1
2013	1
2014	1
2015	1
2016	1
2017	10
2018	10
2019	10
2020	10
2021	10
2022	10
2023	10
2024	11
2025	10
2026	10
2027	10
2028	10
2029	10
2030	11
2031	11
2032	11
2033	11
2034	11
2035	11
2036	11
2037	11
2038	10
2039	10
2040	10
2041	10
2042	10
2043	10
2044	10
2045	10
2046	11
2047	11
2048	10
2049	10
2050	10
2051	11
2052	11
2053	11
2054	11
2055	11
2056	11
2057	11
2058	7
2059	7
2060	7
2061	7
2062	1
2063	7
2064	7
2065	7
2066	1
2067	7
2068	10
2069	10
2070	10
2071	10
2072	10
2073	10
2074	10
2075	10
2076	10
2077	10
2078	10
2079	10
2080	10
2081	10
2082	10
2083	10
2084	10
2085	10
2086	10
2087	10
2088	10
2089	4
2090	4
2091	4
2092	4
2093	4
2094	4
2095	4
2096	2
2097	2
2098	2
2099	2
2100	2
2101	2
2102	2
2103	2
2104	2
2105	2
2106	2
2107	2
2108	2
2109	2
2110	2
2111	2
2112	2
2113	7
2114	9
2115	9
2116	9
2117	9
2118	7
2119	7
2120	9
2121	9
2122	7
2123	7
2124	10
2125	9
2126	9
2127	9
2128	9
2129	9
2130	7
2131	9
2132	9
2133	7
2134	7
2135	9
2136	7
2137	7
2138	7
2139	7
2140	7
2141	7
2142	7
2143	7
2144	7
2145	7
2146	7
2147	7
2148	9
2149	7
2150	9
2151	9
2152	9
2153	9
2154	9
2155	9
2156	7
2157	7
2158	9
2159	7
2160	9
2161	9
2162	9
2163	9
2164	9
2165	9
2166	7
2167	7
2168	7
2169	9
2170	9
2171	7
2172	9
2173	9
2174	7
2175	7
2176	7
2177	7
2178	9
2179	9
2180	9
2181	9
2182	9
2183	9
2184	9
2185	9
2186	9
2187	9
2188	7
2189	9
2190	9
2191	9
2192	9
2193	9
2194	7
2195	9
2196	7
2197	7
2198	9
2199	7
2200	9
2201	7
2202	7
2203	9
2204	9
2205	9
2206	9
2207	9
2208	9
2209	9
2210	9
2211	7
2212	7
2213	9
2214	9
2215	7
2216	7
2217	9
2218	9
2219	9
2220	9
2221	9
2222	7
2223	7
2224	9
2225	9
2226	9
2227	9
2228	7
2229	7
2230	9
2231	9
2232	9
2233	7
2234	7
2235	9
2236	7
2237	7
2238	7
2239	9
2240	9
2241	7
2242	7
2243	7
2244	7
2245	7
2246	9
2247	9
2248	9
2249	9
2250	9
2251	9
2252	9
2253	7
2254	7
2255	7
2256	9
2257	9
2258	9
2259	9
2260	9
2261	9
2262	9
2263	9
2264	9
2265	9
2266	7
2267	9
2268	9
2269	7
2270	7
2271	7
2272	9
2273	7
2274	9
2275	9
2276	9
2277	7
2278	7
2279	7
2280	9
2281	9
2282	7
2283	7
2284	10
2285	10
2286	7
2287	7
2288	9
2289	9
2290	9
2291	9
2292	9
2293	9
2294	9
2295	9
2296	9
2297	7
2298	7
2299	7
2300	7
2301	9
2302	7
2303	7
2304	7
2305	9
2306	9
2307	9
2308	9
2309	10
2310	10
2311	10
2312	8
2313	8
2314	8
2315	8
2316	8
2317	8
2318	8
2319	8
2320	8
2321	8
2322	8
2323	8
2324	8
2325	8
2326	8
2327	8
2328	8
2329	8
2330	2
2331	2
2332	2
2333	2
2334	2
2335	2
2336	2
2337	2
2338	2
2339	2
2340	2
2341	2
2342	2
2343	2
2344	2
2345	2
2346	4
2347	4
2348	4
2349	4
2350	4
2351	4
2352	4
2353	4
2354	4
2355	4
2356	4
2357	4
2358	4
2359	4
2360	4
2361	4
2362	4
2363	4
2364	4
2365	4
2366	7
2367	7
2368	7
2369	7
2370	7
2371	7
2372	7
2373	7
2374	7
2375	7
2376	7
2377	7
2378	7
2379	7
2380	7
2381	7
2382	7
2383	7
2384	7
2385	7
2386	7
2387	7
2388	7
2389	7
2390	7
2391	7
2392	7
2393	7
2394	7
2395	7
2396	7
2397	7
2398	7
2399	7
2400	7
2401	7
2402	7
2403	7
2404	7
2405	7
2406	7
2407	7
2408	7
2409	7
2410	7
2411	7
2412	7
2413	7
2414	7
2415	12
2416	12
2417	12
2418	12
2419	5
2420	5
2421	5
2422	12
2423	12
2424	12
2425	12
2426	12
2427	5
2428	5
2429	5
2430	5
2431	5
2432	5
2433	12
2434	5
2435	12
2436	12
2437	12
2438	5
2439	5
2440	5
2441	5
2442	12
2443	12
2444	12
2445	5
2446	5
2447	5
2448	12
2449	5
2450	5
2451	5
2452	5
2453	5
2454	12
2455	12
2456	12
2457	12
2458	12
2459	12
2460	5
2461	5
2462	12
2463	12
2464	12
2465	5
2466	5
2467	12
2468	12
2469	12
2470	12
2471	12
2472	12
2473	5
2474	5
2475	12
2476	12
2477	12
2478	12
2479	12
2480	12
2481	12
2482	12
2483	12
2484	12
2485	5
2486	5
2487	12
2488	5
2489	5
2490	5
2491	5
2492	12
2493	12
2494	12
2495	5
2496	5
2497	5
2498	5
2499	12
2500	12
2501	5
2502	12
2503	12
2504	12
2505	12
2506	12
2507	12
2508	5
2509	5
2510	5
2511	12
2512	12
2513	5
2514	12
2515	5
2516	5
2517	5
2518	5
2519	5
2520	5
2521	5
2522	5
2523	5
2524	5
2525	5
2526	12
2527	5
2528	12
2529	5
2530	5
2531	5
2532	5
2533	5
2534	5
2535	5
2536	5
2537	5
2538	5
2539	5
2540	5
2541	5
2542	5
2543	12
2544	5
2545	5
2546	5
2547	5
2548	5
2549	5
2550	5
2551	5
2552	5
2553	5
2554	5
2555	5
2556	5
2557	5
2558	12
2559	12
2560	12
2561	12
2562	5
2563	5
2564	12
2565	5
2566	5
2567	5
2568	5
2569	5
2570	5
2571	12
2572	5
2573	12
2574	5
2575	5
2576	5
2577	5
2578	5
2579	5
2580	5
2581	5
2582	5
2583	5
2584	5
2585	12
2586	12
2587	5
2588	5
2589	5
2590	5
2591	5
2592	5
2593	5
2594	12
2595	12
2596	12
2597	12
2598	12
2599	12
2600	5
2601	12
2602	5
2603	5
2604	5
2605	5
2606	10
2607	10
2608	10
2609	10
2610	10
2611	10
2612	10
2613	10
2614	11
2615	11
2616	10
2617	10
2618	10
2619	11
2620	10
2621	10
2622	10
2623	10
2624	11
2625	10
2626	10
2627	10
2628	10
2629	10
2630	10
2631	10
2632	10
2633	10
2634	10
2635	10
2636	11
2637	10
2638	10
2639	10
2640	11
2641	11
2642	1
2643	1
2644	1
2645	11
2646	11
2647	11
2648	11
2649	11
2650	11
2651	11
2652	11
2653	11
2654	11
2655	11
2656	11
2657	11
2658	11
2659	1
2660	1
2661	11
2662	11
2663	1
2664	11
2665	11
2666	11
2667	11
2668	11
2669	11
2670	11
2671	11
2672	11
2673	11
2674	11
2675	11
2676	11
2677	11
2678	11
2679	11
2680	11
2681	11
2682	11
2683	11
2684	11
2685	11
2686	11
2687	1
2688	2
2689	2
2690	2
2691	2
315	4
1657	6
