0	4
1	4
2	4
3	4
4	4
5	4
6	4
7	5
8	5
9	5
10	5
11	5
12	5
13	5
14	5
15	5
16	5
17	5
18	5
19	5
20	5
21	3
22	3
23	3
24	3
25	3
26	3
27	3
28	3
29	10
30	10
31	10
32	10
33	8
34	10
35	10
36	10
37	10
38	10
39	10
40	10
41	8
42	10
43	10
44	8
45	10
46	10
47	8
48	10
49	10
50	10
51	10
52	10
53	12
54	12
55	12
56	12
57	12
58	10
59	10
60	10
61	10
62	10
63	10
64	10
65	12
66	12
67	12
68	12
69	12
70	12
71	3
72	3
73	3
74	3
75	10
76	10
77	10
78	10
79	10
80	10
81	10
82	10
83	2
84	2
85	2
86	2
87	2
88	2
89	2
90	2
91	2
92	2
93	2
94	2
95	2
96	5
97	5
98	5
99	5
100	5
101	5
102	5
103	5
104	5
105	5
106	5
107	5
108	5
109	5
110	5
111	5
112	5
113	5
114	5
115	5
116	5
117	5
118	5
119	5
120	5
121	5
122	5
123	5
124	5
125	5
126	5
127	5
128	5
129	2
130	2
131	2
132	2
133	2
134	2
135	2
136	2
137	2
138	2
139	2
140	2
141	2
142	2
143	2
144	2
145	2
146	2
147	2
148	2
149	2
150	2
151	2
152	2
153	2
154	2
155	2
156	2
157	2
158	2
159	2
160	2
161	2
162	2
163	2
164	2
165	2
166	13
167	13
168	13
169	13
170	13
171	13
172	13
173	13
174	13
175	13
176	13
177	13
178	13
179	13
180	13
181	13
182	13
183	4
184	4
185	4
186	4
187	4
188	4
189	4
190	4
191	4
192	4
193	4
194	4
195	4
196	4
197	4
198	4
199	4
200	4
201	4
202	4
203	4
204	4
205	4
206	4
207	4
208	3
209	3
210	3
211	3
212	3
213	3
214	3
215	3
216	3
217	3
218	3
219	3
220	3
221	3
222	3
223	3
224	3
225	3
226	3
227	3
228	3
229	3
230	3
231	3
232	3
233	3
234	3
235	3
236	3
237	3
238	3
239	3
240	3
241	3
242	3
243	3
244	3
245	3
246	3
247	3
248	4
249	4
250	4
251	4
252	4
253	4
254	4
255	4
256	4
257	4
258	4
259	4
260	4
261	3
262	3
263	3
264	3
265	3
266	9
267	3
268	9
269	9
270	9
271	3
272	3
273	3
274	3
275	3
276	3
277	3
278	9
279	9
280	9
281	9
282	9
283	9
284	9
285	9
286	9
287	9
288	9
289	9
290	9
291	9
292	9
293	9
294	9
295	9
296	9
297	9
298	9
299	9
300	9
301	9
302	4
303	4
304	4
305	4
306	12
307	12
308	12
309	12
310	12
311	12
312	12
313	12
314	12
316	8
317	8
318	8
319	8
320	8
321	8
322	8
323	8
324	8
325	8
326	8
327	8
328	8
329	8
330	8
331	12
332	12
333	12
334	12
335	12
336	12
337	8
338	8
339	8
340	12
341	12
342	12
343	12
344	12
345	11
346	12
347	12
348	12
349	12
350	12
351	12
352	12
353	12
354	12
355	12
356	2
357	2
358	2
359	2
360	2
361	2
362	2
363	2
364	2
365	2
366	2
367	2
368	2
369	12
370	12
371	12
372	12
373	12
374	12
375	12
376	12
377	12
378	12
379	12
380	12
381	12
382	12
383	12
384	12
385	12
386	12
387	12
388	12
389	8
390	8
391	8
392	8
393	8
394	12
395	12
396	12
397	12
398	8
399	8
400	8
401	8
402	8
403	3
404	3
405	3
406	3
407	3
408	3
409	5
410	10
411	5
412	5
413	10
414	10
415	10
416	5
417	10
418	5
419	5
420	10
421	10
422	10
423	5
424	10
425	13
426	13
427	13
428	13
429	13
430	13
431	13
432	13
433	10
434	10
435	10
436	10
437	10
438	10
439	10
440	10
441	10
442	5
443	10
444	5
445	5
446	13
447	13
448	13
449	13
450	13
451	10
452	5
453	10
454	13
455	13
456	13
457	10
458	5
459	10
460	10
461	10
462	10
463	13
464	13
465	13
466	13
467	13
468	13
469	13
470	13
471	13
472	13
473	5
474	5
475	9
476	9
477	13
478	13
479	13
480	13
481	13
482	13
483	13
484	3
485	3
486	13
487	13
488	13
489	9
490	9
491	9
492	9
493	9
494	9
495	13
496	13
497	13
498	3
499	13
500	13
501	13
502	3
503	13
504	13
505	13
506	3
507	3
508	3
509	3
510	3
511	3
512	3
513	3
514	3
515	3
516	3
517	3
518	3
519	3
520	3
521	3
522	1
523	1
524	1
525	1
526	4
527	4
528	1
529	1
530	1
531	1
532	1
533	1
534	1
535	1
536	1
537	1
538	4
539	4
540	4
541	4
542	4
543	4
544	4
545	4
546	4
547	4
548	4
549	4
550	4
551	4
552	4
553	4
554	4
555	4
556	4
557	4
558	4
559	3
560	3
561	3
562	3
563	3
564	3
565	4
566	4
567	4
568	4
569	4
570	1
571	1
572	1
573	1
574	1
575	1
576	1
577	1
578	1
579	1
580	1
581	4
582	4
583	4
584	4
585	4
586	4
587	9
588	3
589	3
590	3
591	3
592	3
593	3
594	3
595	3
596	9
597	3
598	9
599	3
600	3
601	3
602	3
603	4
604	4
605	4
606	4
607	4
608	4
609	4
610	4
611	4
612	4
613	4
614	4
615	4
616	4
617	9
618	3
619	3
620	9
621	9
622	9
623	9
624	9
625	9
626	9
627	9
628	3
629	3
630	3
631	3
632	9
633	3
634	9
635	3
636	9
637	9
638	9
639	4
640	4
641	4
642	4
643	4
644	4
645	4
646	4
647	4
648	4
649	4
650	4
651	4
652	4
653	4
654	4
655	4
656	4
657	9
658	9
659	9
660	9
661	10
662	10
663	10
664	10
665	10
666	10
667	10
668	10
669	10
670	3
671	3
672	13
673	13
674	13
675	3
676	13
677	13
678	13
679	13
680	10
681	10
682	10
683	10
684	10
685	10
686	10
687	10
688	10
689	10
690	10
691	10
692	10
693	10
694	10
695	10
696	10
697	3
698	13
699	13
700	3
701	3
702	3
703	3
704	13
705	3
706	13
707	3
708	3
709	13
710	3
711	3
712	3
713	3
714	10
715	10
716	3
717	3
718	3
719	3
720	13
721	3
722	3
723	3
724	3
725	3
726	3
727	3
728	3
729	3
730	3
731	3
732	8
733	8
734	8
735	8
736	8
737	13
738	13
739	13
740	13
741	13
742	13
743	9
744	9
745	8
746	8
747	8
748	8
749	8
750	8
751	8
752	8
753	8
754	8
755	8
756	8
757	8
758	8
759	8
760	8
761	8
762	8
763	8
764	8
765	8
766	9
767	13
768	9
769	13
770	8
771	8
772	9
773	9
774	9
775	13
776	9
777	9
778	13
779	13
780	9
781	9
782	9
783	9
784	13
785	3
786	9
787	9
788	9
789	9
790	9
791	3
792	3
793	3
794	3
795	3
796	3
797	3
798	3
799	3
800	3
801	9
802	9
803	9
804	9
805	3
806	3
807	3
808	9
809	9
810	9
811	8
812	8
813	7
814	8
815	8
816	7
817	8
818	8
819	7
820	8
821	7
822	7
823	8
824	7
825	7
826	7
827	7
828	7
829	8
830	7
831	7
832	7
833	7
834	8
835	8
836	7
837	8
838	7
839	7
840	8
841	7
842	8
843	8
844	8
845	7
846	8
847	8
848	7
849	7
850	8
851	8
852	8
853	8
854	8
855	7
856	8
857	8
858	4
859	4
860	4
861	4
862	4
863	4
864	4
865	4
866	4
867	4
868	4
869	4
870	4
871	8
872	8
873	7
874	7
875	8
876	8
877	7
878	7
879	7
880	7
881	8
882	8
883	8
884	7
885	8
886	7
887	8
888	8
889	7
890	8
891	7
892	8
893	8
894	8
895	8
896	8
897	7
898	8
899	7
900	7
901	7
902	8
903	8
904	8
905	8
906	7
907	8
908	8
909	7
910	7
911	8
912	8
913	7
914	8
915	8
916	7
917	8
918	7
919	7
920	8
921	8
922	7
923	8
924	7
925	8
926	7
927	8
928	8
929	7
930	8
931	8
932	7
933	7
934	7
935	8
936	8
937	7
938	7
939	7
940	7
941	7
942	8
943	7
944	7
945	7
946	7
947	8
948	8
949	8
950	7
951	8
952	8
953	7
954	7
955	7
956	7
957	8
958	8
959	7
960	7
961	7
962	8
963	7
964	8
965	8
966	7
967	7
968	7
969	8
970	7
971	7
972	8
973	8
974	8
975	8
976	8
977	8
978	7
979	7
980	7
981	7
982	8
983	8
984	5
985	13
986	13
987	13
988	13
989	13
990	13
991	13
992	13
993	13
994	13
995	13
996	13
997	13
998	13
999	13
1000	13
1001	13
1002	13
1003	13
1004	13
1005	13
1006	13
1007	5
1008	5
1009	13
1010	5
1011	8
1012	5
1013	5
1014	8
1015	8
1016	8
1017	5
1018	5
1019	8
1020	5
1021	5
1022	5
1023	5
1024	5
1025	8
1026	8
1027	5
1028	8
1029	8
1030	8
1031	8
1032	8
1033	8
1034	8
1035	8
1036	8
1037	5
1038	8
1039	5
1040	8
1041	5
1042	5
1043	8
1044	8
1045	8
1046	8
1047	8
1048	5
1049	8
1050	8
1051	5
1052	5
1053	8
1054	5
1055	8
1056	5
1057	5
1058	5
1059	8
1060	5
1061	5
1062	8
1063	8
1064	8
1065	5
1066	5
1067	5
1068	5
1069	8
1070	5
1071	8
1072	8
1073	8
1074	8
1075	4
1076	4
1077	4
1078	4
1079	4
1080	4
1081	4
1082	4
1083	4
1084	4
1085	4
1086	4
1087	9
1088	9
1089	9
1090	9
1091	9
1092	9
1093	9
1094	3
1095	3
1096	3
1097	3
1098	3
1099	3
1100	3
1101	3
1102	3
1103	3
1104	3
1105	3
1106	3
1107	12
1108	12
1109	12
1110	12
1111	12
1112	12
1113	12
1114	12
1115	12
1116	12
1117	12
1118	12
1119	12
1120	12
1121	12
1122	12
1123	12
1124	12
1125	12
1126	12
1127	12
1128	12
1129	12
1130	12
1131	12
1132	12
1133	12
1134	12
1135	12
1136	12
1137	12
1138	12
1139	12
1140	12
1141	12
1142	12
1143	12
1144	12
1145	12
1146	12
1147	12
1148	12
1149	12
1150	12
1151	12
1152	12
1153	12
1154	12
1155	12
1156	12
1157	12
1158	12
1159	12
1160	12
1161	12
1162	12
1163	12
1164	12
1165	12
1166	12
1167	12
1168	12
1169	8
1170	5
1171	5
1172	8
1173	5
1174	5
1175	5
1176	8
1177	8
1178	8
1179	8
1180	5
1181	8
1182	8
1183	8
1184	5
1185	8
1186	5
1187	5
1188	8
1189	5
1190	5
1191	5
1192	5
1193	5
1194	5
1195	8
1196	5
1197	8
1198	5
1199	8
1200	7
1201	7
1202	7
1203	7
1204	7
1205	7
1206	7
1207	7
1208	7
1209	7
1210	7
1211	7
1212	7
1213	7
1214	7
1215	7
1216	7
1217	7
1218	7
1219	7
1220	7
1221	7
1222	7
1223	7
1224	7
1225	7
1226	7
1227	7
1228	7
1229	7
1230	7
1231	7
1232	7
1233	7
1234	7
1235	7
1236	7
1237	7
1238	7
1239	7
1240	9
1241	9
1242	9
1243	3
1244	9
1245	9
1246	9
1247	9
1248	3
1249	3
1250	3
1251	3
1252	3
1253	10
1254	10
1255	10
1256	10
1257	10
1258	3
1259	3
1260	3
1261	3
1262	9
1263	9
1264	10
1265	10
1266	10
1267	10
1268	10
1269	10
1270	10
1271	10
1272	10
1273	10
1274	10
1275	10
1276	10
1277	10
1278	12
1279	12
1280	12
1281	3
1282	9
1283	9
1284	10
1285	10
1286	10
1287	10
1288	12
1289	12
1290	12
1291	12
1292	12
1293	12
1294	12
1295	12
1296	12
1297	12
1298	12
1299	12
1300	12
1301	12
1302	12
1303	10
1304	10
1305	10
1306	10
1307	10
1308	10
1309	10
1310	10
1311	10
1312	10
1313	10
1314	12
1315	12
1316	12
1317	12
1318	12
1319	12
1320	12
1321	7
1322	12
1323	7
1324	12
1325	12
1326	12
1327	7
1328	7
1329	7
1330	7
1331	7
1332	7
1333	7
1334	7
1335	12
1336	12
1337	7
1338	12
1339	12
1340	12
1341	12
1342	12
1343	12
1344	12
1345	12
1346	10
1347	10
1348	10
1349	10
1350	10
1351	10
1352	10
1353	10
1354	10
1355	10
1356	10
1357	10
1358	10
1359	10
1360	10
1361	10
1362	10
1363	7
1364	7
1365	7
1366	7
1367	7
1368	7
1369	7
1370	7
1371	7
1372	7
1373	7
1374	7
1375	7
1376	7
1377	7
1378	7
1379	7
1380	7
1381	12
1382	12
1383	12
1384	12
1385	12
1386	12
1387	12
1388	12
1389	12
1390	12
1391	12
1392	12
1393	12
1394	12
1395	12
1396	12
1397	10
1398	10
1399	10
1400	10
1401	10
1402	10
1403	10
1404	10
1405	10
1406	10
1407	10
1408	10
1409	10
1410	10
1411	10
1412	10
1413	10
1414	10
1415	10
1416	10
1417	10
1418	10
1419	10
1420	10
1421	10
1422	10
1423	10
1424	10
1425	10
1426	10
1427	10
1428	1
1429	1
1430	1
1431	1
1432	1
1433	1
1434	1
1435	1
1436	1
1437	1
1438	1
1439	1
1440	1
1441	5
1442	5
1443	5
1444	5
1445	5
1446	5
1447	5
1448	5
1449	5
1450	5
1451	5
1452	5
1453	5
1454	5
1455	1
1456	1
1457	1
1458	1
1459	1
1460	1
1461	1
1462	1
1463	1
1464	1
1465	3
1466	3
1467	3
1468	3
1469	3
1470	3
1471	3
1472	3
1473	3
1474	3
1475	3
1476	3
1477	3
1478	3
1479	3
1480	3
1481	3
1482	3
1483	3
1484	3
1485	3
1486	3
1487	3
1488	3
1489	8
1490	8
1491	8
1492	8
1493	8
1494	8
1495	8
1496	8
1497	8
1498	8
1499	8
1500	8
1501	10
1502	10
1503	10
1504	10
1505	10
1506	4
1507	4
1508	10
1509	4
1510	4
1511	10
1512	4
1513	4
1514	10
1515	4
1516	10
1517	10
1518	10
1519	10
1520	10
1521	4
1522	4
1523	4
1524	4
1525	4
1526	10
1527	4
1528	10
1529	13
1530	13
1531	13
1532	13
1533	13
1534	13
1535	13
1536	13
1537	13
1538	13
1539	13
1540	13
1541	13
1542	13
1543	13
1544	13
1545	13
1546	13
1547	13
1548	13
1549	13
1550	13
1551	13
1552	2
1553	7
1554	7
1555	7
1556	7
1557	7
1558	7
1559	7
1560	7
1561	7
1562	7
1563	7
1564	7
1565	7
1566	7
1567	7
1568	7
1569	7
1570	7
1571	7
1572	7
1573	7
1574	7
1575	7
1576	8
1577	8
1578	8
1579	8
1580	8
1581	8
1582	8
1583	8
1584	8
1585	8
1586	8
1587	8
1588	8
1589	8
1590	8
1591	8
1592	8
1593	10
1594	10
1595	10
1596	10
1597	10
1598	10
1599	10
1600	10
1601	10
1602	1
1603	1
1604	1
1605	1
1606	1
1607	1
1608	1
1609	1
1610	1
1611	1
1612	1
1613	1
1614	1
1615	1
1616	1
1617	1
1618	3
1619	3
1620	3
1621	3
1622	3
1623	3
1624	3
1625	3
1626	3
1627	3
1628	3
1629	5
1630	5
1631	5
1632	5
1633	5
1634	5
1635	5
1636	5
1637	5
1638	5
1639	5
1640	5
1641	5
1642	5
1643	5
1644	3
1645	3
1646	3
1647	3
1648	3
1649	5
1650	5
1651	5
1652	5
1653	5
1654	5
1655	5
1656	5
1658	5
1659	5
1660	5
1661	5
1662	5
1663	5
1664	5
1665	5
1666	5
1667	5
1668	5
1669	5
1670	5
1671	5
1672	5
1673	3
1674	5
1675	5
1676	5
1677	3
1678	9
1679	9
1680	9
1681	9
1682	9
1683	9
1684	9
1685	8
1686	8
1687	8
1688	8
1689	8
1690	8
1691	8
1692	8
1693	8
1694	8
1695	8
1696	8
1697	8
1698	8
1699	8
1700	8
1701	5
1702	5
1703	1
1704	1
1705	5
1706	5
1707	5
1708	5
1709	5
1710	5
1711	5
1712	5
1713	3
1714	3
1715	3
1716	3
1717	3
1718	3
1719	3
1720	3
1721	3
1722	3
1723	3
1724	3
1725	5
1726	5
1727	5
1728	3
1729	5
1730	5
1731	5
1732	5
1733	5
1734	5
1735	5
1736	5
1737	5
1738	5
1739	5
1740	5
1741	5
1742	10
1743	10
1744	10
1745	10
1746	10
1747	10
1748	10
1749	10
1750	10
1751	10
1752	10
1753	10
1754	10
1755	10
1756	10
1757	3
1758	3
1759	3
1760	3
1761	10
1762	10
1763	10
1764	10
1765	10
1766	10
1767	10
1768	10
1769	10
1770	10
1771	10
1772	10
1773	10
1774	3
1775	3
1776	3
1777	3
1778	3
1779	3
1780	3
1781	3
1782	3
1783	3
1784	3
1785	3
1786	3
1787	10
1788	10
1789	10
1790	10
1791	10
1792	10
1793	10
1794	10
1795	3
1796	3
1797	3
1798	3
1799	10
1800	10
1801	10
1802	10
1803	10
1804	10
1805	10
1806	10
1807	10
1808	10
1809	1
1810	1
1811	1
1812	1
1813	1
1814	1
1815	1
1816	1
1817	1
1818	1
1819	1
1820	1
1821	1
1822	1
1823	1
1824	1
1825	1
1826	1
1827	1
1828	1
1829	1
1830	3
1831	3
1832	3
1833	3
1834	3
1835	1
1836	1
1837	3
1838	1
1839	1
1840	7
1841	7
1842	7
1843	7
1844	7
1845	1
1846	1
1847	1
1848	1
1849	1
1850	1
1851	1
1852	1
1853	1
1854	1
1855	1
1856	1
1857	3
1858	3
1859	3
1860	3
1861	3
1862	3
1863	1
1864	1
1865	1
1866	1
1867	1
1868	1
1869	1
1870	1
1871	1
1872	9
1873	9
1874	9
1875	9
1876	9
1877	9
1878	9
1879	9
1880	9
1881	9
1882	9
1883	9
1884	9
1885	9
1886	9
1887	9
1888	9
1889	9
1890	9
1891	9
1892	9
1893	9
1894	9
1895	4
1896	4
1897	4
1898	12
1899	12
1900	12
1901	12
1902	12
1903	12
1904	4
1905	4
1906	4
1907	4
1908	4
1909	4
1910	4
1911	4
1912	4
1913	4
1914	4
1915	4
1916	12
1917	12
1918	12
1919	12
1920	12
1921	12
1922	12
1923	12
1924	4
1925	4
1926	4
1927	4
1928	4
1929	4
1930	4
1931	4
1932	4
1933	4
1934	4
1935	4
1936	4
1937	4
1938	4
1939	4
1940	4
1941	4
1942	4
1943	4
1944	4
1945	4
1946	4
1947	4
1948	4
1949	4
1950	4
1951	4
1952	4
1953	4
1954	4
1955	4
1956	4
1957	4
1958	4
1959	4
1960	4
1961	4
1962	4
1963	4
1964	4
1965	4
1966	4
1967	4
1968	4
1969	4
1970	4
1971	4
1972	4
1973	4
1974	4
1975	4
1976	13
1977	13
1978	13
1979	13
1980	13
1981	13
1982	13
1983	13
1984	13
1985	13
1986	13
1987	13
1988	13
1989	13
1990	13
1991	13
1992	13
1993	13
1994	13
1995	13
1996	13
1997	13
1998	13
1999	13
2000	13
2001	13
2002	2
2003	13
2004	13
2005	13
2006	13
2007	13
2008	13
2009	13
2010	13
2011	13
2012	13
2013	13
2014	13
2015	13
2016	2
2017	9
2018	9
2019	9
2020	9
2021	9
2022	9
2023	9
2024	13
2025	9
2026	9
2027	9
2028	9
2029	9
2030	13
2031	13
2032	13
2033	13
2034	13
2035	13
2036	13
2037	9
2038	3
2039	3
2040	3
2041	3
2042	3
2043	9
2044	9
2045	9
2046	13
2047	13
2048	3
2049	3
2050	9
2051	13
2052	13
2053	9
2054	9
2055	13
2056	9
2057	13
2058	2
2059	2
2060	2
2061	2
2062	2
2063	2
2064	2
2065	2
2066	2
2067	2
2068	9
2069	9
2070	9
2071	9
2072	9
2073	9
2074	9
2075	9
2076	9
2077	9
2078	9
2079	9
2080	9
2081	9
2082	9
2083	9
2084	9
2085	9
2086	9
2087	9
2088	9
2089	8
2090	8
2091	8
2092	8
2093	8
2094	8
2095	8
2096	4
2097	4
2098	4
2099	4
2100	4
2101	4
2102	4
2103	4
2104	10
2105	4
2106	4
2107	4
2108	4
2109	4
2110	4
2111	4
2112	4
2113	6
2114	6
2115	6
2116	6
2117	6
2118	1
2119	6
2120	6
2121	6
2122	6
2123	1
2124	9
2125	6
2126	6
2127	6
2128	6
2129	6
2130	6
2131	6
2132	6
2133	1
2134	6
2135	6
2136	6
2137	1
2138	1
2139	6
2140	6
2141	6
2142	6
2143	6
2144	6
2145	6
2146	6
2147	6
2148	6
2149	6
2150	6
2151	6
2152	6
2153	6
2154	6
2155	6
2156	6
2157	6
2158	6
2159	6
2160	6
2161	6
2162	6
2163	6
2164	1
2165	1
2166	6
2167	6
2168	6
2169	6
2170	6
2171	6
2172	6
2173	6
2174	6
2175	6
2176	1
2177	1
2178	6
2179	6
2180	1
2181	1
2182	6
2183	6
2184	6
2185	6
2186	6
2187	6
2188	6
2189	6
2190	6
2191	6
2192	6
2193	6
2194	6
2195	6
2196	6
2197	6
2198	6
2199	1
2200	6
2201	6
2202	6
2203	6
2204	6
2205	6
2206	6
2207	6
2208	6
2209	6
2210	6
2211	6
2212	6
2213	6
2214	6
2215	6
2216	6
2217	6
2218	6
2219	6
2220	6
2221	6
2222	6
2223	6
2224	6
2225	6
2226	6
2227	6
2228	6
2229	6
2230	1
2231	1
2232	6
2233	1
2234	1
2235	6
2236	1
2237	1
2238	1
2239	6
2240	6
2241	6
2242	6
2243	6
2244	6
2245	1
2246	6
2247	1
2248	1
2249	6
2250	6
2251	6
2252	6
2253	6
2254	6
2255	6
2256	1
2257	6
2258	6
2259	6
2260	6
2261	1
2262	1
2263	6
2264	6
2265	6
2266	6
2267	6
2268	6
2269	6
2270	6
2271	6
2272	6
2273	6
2274	6
2275	6
2276	6
2277	1
2278	6
2279	6
2280	6
2281	6
2282	6
2283	1
2284	9
2285	9
2286	6
2287	6
2288	6
2289	6
2290	6
2291	6
2292	6
2293	6
2294	6
2295	6
2296	6
2297	6
2298	6
2299	6
2300	1
2301	6
2302	1
2303	6
2304	1
2305	6
2306	6
2307	6
2308	6
2309	9
2310	9
2311	9
2312	7
2313	7
2314	7
2315	7
2316	7
2317	7
2318	7
2319	7
2320	7
2321	7
2322	7
2323	7
2324	7
2325	7
2326	7
2327	7
2328	7
2329	7
2330	4
2331	4
2332	4
2333	4
2334	4
2335	4
2336	4
2337	4
2338	4
2339	4
2340	4
2341	4
2342	4
2343	4
2344	4
2345	4
2346	8
2347	8
2348	8
2349	8
2350	8
2351	8
2352	8
2353	8
2354	8
2355	8
2356	8
2357	8
2358	8
2359	8
2360	8
2361	8
2362	8
2363	8
2364	8
2365	8
2366	1
2367	1
2368	1
2369	1
2370	1
2371	1
2372	1
2373	1
2374	1
2375	1
2376	1
2377	1
2378	1
2379	1
2380	1
2381	1
2382	1
2383	1
2384	1
2385	1
2386	1
2387	1
2388	1
2389	1
2390	1
2391	1
2392	1
2393	1
2394	1
2395	1
2396	1
2397	1
2398	1
2399	1
2400	1
2401	1
2402	1
2403	1
2404	1
2405	1
2406	1
2407	1
2408	1
2409	1
2410	1
2411	1
2412	1
2413	1
2414	1
2415	11
2416	11
2417	11
2418	11
2419	11
2420	11
2421	11
2422	11
2423	11
2424	11
2425	11
2426	11
2427	11
2428	11
2429	11
2430	11
2431	11
2432	11
2433	11
2434	11
2435	11
2436	11
2437	11
2438	11
2439	11
2440	11
2441	11
2442	11
2443	11
2444	11
2445	11
2446	11
2447	11
2448	11
2449	2
2450	2
2451	2
2452	2
2453	2
2454	11
2455	11
2456	11
2457	11
2458	11
2459	11
2460	11
2461	11
2462	11
2463	11
2464	11
2465	11
2466	11
2467	11
2468	11
2469	11
2470	11
2471	11
2472	11
2473	11
2474	11
2475	11
2476	11
2477	11
2478	11
2479	11
2480	11
2481	11
2482	11
2483	11
2484	11
2485	2
2486	2
2487	11
2488	11
2489	2
2490	2
2491	2
2492	11
2493	11
2494	11
2495	2
2496	11
2497	11
2498	11
2499	11
2500	11
2501	2
2502	11
2503	11
2504	11
2505	11
2506	11
2507	11
2508	11
2509	11
2510	11
2511	11
2512	11
2513	11
2514	11
2515	11
2516	2
2517	11
2518	2
2519	11
2520	11
2521	2
2522	11
2523	11
2524	11
2525	11
2526	11
2527	11
2528	11
2529	11
2530	11
2531	11
2532	11
2533	11
2534	11
2535	11
2536	11
2537	11
2538	11
2539	2
2540	11
2541	2
2542	11
2543	11
2544	2
2545	11
2546	2
2547	11
2548	11
2549	11
2550	11
2551	11
2552	11
2553	11
2554	2
2555	2
2556	2
2557	2
2558	11
2559	11
2560	11
2561	11
2562	11
2563	11
2564	11
2565	11
2566	11
2567	11
2568	11
2569	11
2570	11
2571	11
2572	11
2573	11
2574	11
2575	2
2576	2
2577	2
2578	2
2579	2
2580	2
2581	11
2582	11
2583	2
2584	2
2585	11
2586	11
2587	11
2588	11
2589	11
2590	11
2591	11
2592	11
2593	11
2594	11
2595	11
2596	11
2597	11
2598	11
2599	11
2600	11
2601	11
2602	11
2603	11
2604	11
2605	11
2606	9
2607	9
2608	9
2609	9
2610	9
2611	9
2612	9
2613	9
2614	9
2615	9
2616	9
2617	9
2618	9
2619	9
2620	9
2621	9
2622	9
2623	9
2624	9
2625	9
2626	9
2627	9
2628	9
2629	9
2630	9
2631	9
2632	9
2633	9
2634	9
2635	9
2636	9
2637	9
2638	9
2639	9
2640	2
2641	2
2642	2
2643	2
2644	13
2645	2
2646	2
2647	2
2648	2
2649	2
2650	2
2651	2
2652	2
2653	2
2654	13
2655	13
2656	13
2657	13
2658	13
2659	2
2660	2
2661	13
2662	13
2663	2
2664	13
2665	2
2666	2
2667	2
2668	2
2669	2
2670	13
2671	2
2672	13
2673	2
2674	13
2675	13
2676	2
2677	2
2678	13
2679	2
2680	2
2681	2
2682	2
2683	2
2684	2
2685	2
2686	2
2687	2
2688	4
2689	4
2690	4
2691	4
315	8
1657	5
