0	7
1	7
2	7
3	7
4	7
5	7
6	7
7	3
8	3
9	9
10	9
11	3
12	3
13	3
14	3
15	3
16	9
17	3
18	9
19	9
20	9
21	6
22	6
23	6
24	6
25	6
26	6
27	6
28	6
29	2
30	2
31	2
32	2
33	2
34	2
35	2
36	2
37	2
38	2
39	2
40	2
41	2
42	2
43	2
44	2
45	2
46	2
47	2
48	2
49	2
50	2
51	2
52	2
53	4
54	4
55	4
56	4
57	4
58	2
59	2
60	2
61	2
62	2
63	2
64	2
65	4
66	4
67	4
68	4
69	4
70	4
71	6
72	6
73	6
74	6
75	2
76	2
77	2
78	2
79	2
80	2
81	2
82	2
83	1
84	1
85	1
86	3
87	3
88	3
89	1
90	1
91	1
92	1
93	1
94	1
95	3
96	3
97	3
98	9
99	3
100	3
101	3
102	3
103	3
104	3
105	9
106	3
107	9
108	9
109	3
110	3
111	3
112	3
113	3
114	3
115	3
116	3
117	3
118	3
119	3
120	3
121	3
122	3
123	3
124	3
125	3
126	3
127	3
128	3
129	13
130	13
131	13
132	13
133	13
134	13
135	13
136	13
137	13
138	13
139	13
140	13
141	13
142	13
143	13
144	13
145	13
146	13
147	13
148	13
149	13
150	13
151	13
152	13
153	13
154	13
155	13
156	13
157	13
158	13
159	13
160	13
161	13
162	13
163	13
164	13
165	13
166	1
167	1
168	1
169	8
170	8
171	8
172	8
173	8
174	8
175	8
176	8
177	8
178	8
179	8
180	8
181	8
182	8
183	2
184	2
185	2
186	2
187	2
188	2
189	2
190	2
191	2
192	2
193	2
194	2
195	2
196	2
197	2
198	2
199	2
200	2
201	2
202	2
203	2
204	2
205	2
206	2
207	2
208	6
209	6
210	6
211	6
212	6
213	6
214	6
215	6
216	6
217	6
218	6
219	6
220	6
221	6
222	6
223	6
224	6
225	6
226	8
227	8
228	8
229	8
230	8
231	8
232	8
233	8
234	8
235	8
236	6
237	6
238	6
239	6
240	6
241	6
242	6
243	6
244	6
245	6
246	6
247	6
248	2
249	2
250	2
251	2
252	2
253	2
254	2
255	2
256	2
257	2
258	2
259	2
260	2
261	6
262	6
263	6
264	6
265	6
266	6
267	6
268	8
269	5
270	5
271	6
272	6
273	6
274	6
275	6
276	6
277	6
278	8
279	5
280	5
281	5
282	5
283	5
284	5
285	5
286	5
287	5
288	5
289	5
290	5
291	8
292	5
293	5
294	5
295	5
296	5
297	5
298	5
299	5
300	5
301	5
302	2
303	2
304	2
305	2
306	13
307	6
308	6
309	13
310	13
311	13
312	13
313	13
314	13
316	12
317	12
318	12
319	12
320	12
321	12
322	12
323	12
324	12
325	12
326	12
327	12
328	12
329	12
330	12
331	6
332	13
333	13
334	6
335	13
336	13
337	12
338	12
339	12
340	13
341	13
342	13
343	13
344	6
345	6
346	6
347	13
348	13
349	13
350	13
351	6
352	6
353	13
354	6
355	13
356	13
357	13
358	13
359	13
360	13
361	13
362	13
363	13
364	13
365	13
366	13
367	13
368	13
369	13
370	6
371	6
372	13
373	13
374	13
375	13
376	13
377	6
378	6
379	6
380	6
381	6
382	6
383	13
384	6
385	6
386	6
387	13
388	13
389	12
390	12
391	12
392	12
393	12
394	13
395	13
396	13
397	13
398	12
399	12
400	12
401	12
402	12
403	6
404	6
405	6
406	6
407	6
408	13
409	9
410	9
411	9
412	9
413	7
414	7
415	7
416	9
417	7
418	9
419	9
420	7
421	7
422	9
423	9
424	7
425	1
426	1
427	1
428	1
429	1
430	1
431	1
432	1
433	9
434	7
435	7
436	9
437	7
438	7
439	9
440	9
441	7
442	9
443	7
444	9
445	9
446	1
447	1
448	1
449	1
450	1
451	7
452	9
453	9
454	1
455	1
456	1
457	7
458	9
459	7
460	9
461	7
462	7
463	1
464	1
465	1
466	1
467	1
468	1
469	1
470	1
471	1
472	1
473	9
474	9
475	5
476	5
477	8
478	8
479	8
480	8
481	8
482	8
483	8
484	6
485	6
486	8
487	8
488	8
489	5
490	5
491	5
492	5
493	5
494	5
495	8
496	8
497	8
498	6
499	8
500	8
501	8
502	6
503	8
504	8
505	8
506	13
507	6
508	6
509	6
510	6
511	6
512	6
513	6
514	6
515	6
516	6
517	6
518	6
519	6
520	6
521	6
522	1
523	1
524	1
525	1
526	7
527	7
528	1
529	1
530	1
531	1
532	1
533	1
534	1
535	1
536	1
537	1
538	7
539	7
540	7
541	7
542	7
543	7
544	7
545	7
546	7
547	7
548	7
549	7
550	7
551	7
552	7
553	7
554	7
555	7
556	7
557	7
558	7
559	6
560	6
561	6
562	6
563	6
564	6
565	7
566	7
567	7
568	7
569	7
570	1
571	1
572	1
573	1
574	1
575	1
576	1
577	1
578	1
579	1
580	1
581	7
582	7
583	7
584	7
585	7
586	7
587	5
588	8
589	8
590	8
591	8
592	8
593	8
594	8
595	8
596	5
597	8
598	5
599	8
600	8
601	8
602	8
603	2
604	2
605	2
606	2
607	2
608	2
609	2
610	2
611	2
612	2
613	2
614	2
615	2
616	2
617	5
618	8
619	8
620	5
621	5
622	5
623	5
624	5
625	5
626	5
627	5
628	8
629	8
630	8
631	8
632	5
633	8
634	5
635	8
636	5
637	5
638	5
639	2
640	7
641	2
642	7
643	2
644	7
645	7
646	7
647	7
648	7
649	7
650	7
651	7
652	7
653	2
654	2
655	2
656	7
657	5
658	5
659	5
660	5
661	7
662	7
663	9
664	9
665	9
666	7
667	7
668	9
669	9
670	8
671	8
672	8
673	8
674	8
675	8
676	8
677	13
678	13
679	13
680	9
681	7
682	9
683	7
684	9
685	7
686	7
687	9
688	7
689	7
690	7
691	7
692	7
693	7
694	7
695	7
696	7
697	8
698	8
699	13
700	13
701	8
702	13
703	8
704	8
705	13
706	13
707	8
708	8
709	8
710	8
711	8
712	8
713	8
714	7
715	7
716	6
717	6
718	8
719	8
720	8
721	6
722	6
723	6
724	6
725	6
726	6
727	6
728	6
729	6
730	6
731	6
732	12
733	12
734	12
735	2
736	2
737	5
738	1
739	1
740	5
741	1
742	1
743	5
744	5
745	12
746	12
747	12
748	2
749	2
750	2
751	12
752	12
753	12
754	12
755	12
756	2
757	2
758	2
759	12
760	12
761	12
762	2
763	2
764	2
765	2
766	5
767	1
768	5
769	1
770	2
771	2
772	5
773	5
774	5
775	1
776	5
777	5
778	5
779	1
780	5
781	5
782	5
783	1
784	1
785	6
786	5
787	5
788	5
789	5
790	5
791	6
792	6
793	6
794	6
795	6
796	6
797	6
798	6
799	6
800	6
801	5
802	5
803	5
804	5
805	6
806	6
807	6
808	5
809	5
810	5
811	4
812	12
813	4
814	4
815	4
816	4
817	4
818	12
819	12
820	12
821	4
822	4
823	4
824	4
825	4
826	4
827	12
828	4
829	12
830	4
831	4
832	4
833	4
834	4
835	4
836	4
837	4
838	4
839	4
840	4
841	4
842	4
843	12
844	4
845	4
846	4
847	12
848	12
849	4
850	12
851	12
852	4
853	4
854	12
855	4
856	12
857	12
858	2
859	2
860	2
861	2
862	2
863	2
864	2
865	2
866	2
867	2
868	2
869	2
870	2
871	4
872	4
873	4
874	4
875	12
876	4
877	4
878	4
879	4
880	4
881	4
882	4
883	12
884	4
885	4
886	4
887	4
888	12
889	4
890	4
891	12
892	12
893	4
894	4
895	4
896	4
897	4
898	12
899	12
900	12
901	12
902	4
903	4
904	4
905	4
906	4
907	12
908	12
909	4
910	12
911	12
912	12
913	12
914	4
915	4
916	4
917	4
918	4
919	4
920	12
921	12
922	12
923	12
924	4
925	4
926	4
927	4
928	4
929	4
930	12
931	12
932	12
933	12
934	4
935	4
936	4
937	4
938	4
939	12
940	12
941	4
942	12
943	4
944	12
945	12
946	4
947	12
948	4
949	12
950	12
951	12
952	12
953	4
954	12
955	12
956	12
957	4
958	4
959	4
960	12
961	12
962	12
963	4
964	4
965	4
966	12
967	4
968	12
969	4
970	4
971	4
972	12
973	12
974	12
975	12
976	4
977	12
978	4
979	12
980	4
981	4
982	12
983	12
984	12
985	8
986	8
987	8
988	8
989	8
990	8
991	8
992	8
993	8
994	8
995	8
996	13
997	8
998	8
999	8
1000	8
1001	8
1002	8
1003	8
1004	8
1005	8
1006	8
1007	12
1008	12
1009	8
1010	12
1011	12
1012	12
1013	12
1014	12
1015	12
1016	12
1017	12
1018	12
1019	12
1020	12
1021	12
1022	12
1023	12
1024	12
1025	12
1026	12
1027	3
1028	12
1029	12
1030	12
1031	12
1032	12
1033	12
1034	12
1035	12
1036	12
1037	3
1038	12
1039	12
1040	12
1041	12
1042	3
1043	12
1044	12
1045	12
1046	12
1047	12
1048	12
1049	12
1050	12
1051	12
1052	12
1053	12
1054	12
1055	12
1056	3
1057	12
1058	12
1059	12
1060	12
1061	12
1062	12
1063	12
1064	12
1065	3
1066	12
1067	3
1068	12
1069	12
1070	3
1071	12
1072	12
1073	12
1074	12
1075	2
1076	2
1077	2
1078	2
1079	2
1080	2
1081	2
1082	2
1083	2
1084	2
1085	2
1086	2
1087	5
1088	5
1089	5
1090	5
1091	5
1092	5
1093	5
1094	6
1095	6
1096	6
1097	6
1098	6
1099	6
1100	6
1101	6
1102	6
1103	6
1104	6
1105	6
1106	6
1107	4
1108	4
1109	4
1110	4
1111	4
1112	4
1113	4
1114	4
1115	4
1116	4
1117	4
1118	4
1119	4
1120	4
1121	4
1122	4
1123	4
1124	4
1125	4
1126	4
1127	4
1128	4
1129	4
1130	4
1131	4
1132	4
1133	4
1134	4
1135	4
1136	4
1137	4
1138	4
1139	4
1140	4
1141	4
1142	4
1143	4
1144	4
1145	4
1146	4
1147	4
1148	4
1149	4
1150	4
1151	4
1152	4
1153	4
1154	6
1155	6
1156	6
1157	6
1158	6
1159	6
1160	6
1161	6
1162	6
1163	6
1164	6
1165	6
1166	6
1167	6
1168	6
1169	12
1170	12
1171	12
1172	12
1173	12
1174	12
1175	3
1176	12
1177	12
1178	12
1179	12
1180	12
1181	12
1182	12
1183	12
1184	12
1185	12
1186	12
1187	12
1188	12
1189	12
1190	3
1191	12
1192	12
1193	12
1194	12
1195	12
1196	12
1197	12
1198	12
1199	12
1200	3
1201	3
1202	3
1203	3
1204	3
1205	3
1206	3
1207	3
1208	3
1209	3
1210	3
1211	3
1212	3
1213	3
1214	3
1215	3
1216	3
1217	3
1218	3
1219	3
1220	3
1221	3
1222	3
1223	3
1224	3
1225	3
1226	3
1227	3
1228	3
1229	3
1230	3
1231	3
1232	3
1233	3
1234	3
1235	3
1236	3
1237	3
1238	3
1239	3
1240	8
1241	8
1242	8
1243	8
1244	8
1245	8
1246	8
1247	8
1248	8
1249	8
1250	8
1251	8
1252	8
1253	2
1254	2
1255	2
1256	2
1257	2
1258	8
1259	8
1260	8
1261	8
1262	8
1263	8
1264	2
1265	2
1266	2
1267	2
1268	2
1269	2
1270	2
1271	2
1272	2
1273	2
1274	2
1275	2
1276	2
1277	2
1278	6
1279	6
1280	6
1281	8
1282	8
1283	8
1284	2
1285	2
1286	2
1287	2
1288	11
1289	6
1290	6
1291	6
1292	11
1293	6
1294	11
1295	11
1296	6
1297	11
1298	6
1299	11
1300	6
1301	11
1302	11
1303	2
1304	2
1305	2
1306	2
1307	2
1308	2
1309	2
1310	2
1311	2
1312	2
1313	2
1314	4
1315	4
1316	4
1317	4
1318	4
1319	4
1320	4
1321	4
1322	4
1323	4
1324	4
1325	4
1326	4
1327	4
1328	4
1329	4
1330	4
1331	4
1332	4
1333	4
1334	4
1335	4
1336	4
1337	4
1338	4
1339	4
1340	4
1341	4
1342	4
1343	4
1344	4
1345	4
1346	2
1347	2
1348	2
1349	2
1350	2
1351	2
1352	2
1353	2
1354	2
1355	2
1356	2
1357	2
1358	2
1359	2
1360	2
1361	2
1362	2
1363	3
1364	3
1365	3
1366	3
1367	3
1368	3
1369	3
1370	3
1371	3
1372	3
1373	3
1374	3
1375	3
1376	3
1377	3
1378	3
1379	3
1380	3
1381	6
1382	6
1383	6
1384	6
1385	6
1386	6
1387	6
1388	6
1389	6
1390	6
1391	6
1392	6
1393	6
1394	6
1395	6
1396	6
1397	7
1398	2
1399	7
1400	2
1401	7
1402	7
1403	2
1404	7
1405	2
1406	2
1407	2
1408	2
1409	7
1410	7
1411	2
1412	2
1413	7
1414	7
1415	7
1416	7
1417	7
1418	7
1419	7
1420	7
1421	2
1422	7
1423	7
1424	7
1425	7
1426	7
1427	7
1428	1
1429	1
1430	1
1431	1
1432	1
1433	1
1434	1
1435	1
1436	1
1437	1
1438	1
1439	1
1440	1
1441	3
1442	3
1443	3
1444	3
1445	3
1446	3
1447	3
1448	3
1449	3
1450	3
1451	3
1452	3
1453	3
1454	3
1455	1
1456	1
1457	1
1458	1
1459	1
1460	1
1461	1
1462	1
1463	1
1464	1
1465	6
1466	6
1467	6
1468	6
1469	13
1470	6
1471	6
1472	13
1473	13
1474	6
1475	6
1476	6
1477	6
1478	6
1479	6
1480	6
1481	6
1482	6
1483	6
1484	6
1485	6
1486	6
1487	13
1488	6
1489	12
1490	12
1491	12
1492	12
1493	12
1494	12
1495	12
1496	12
1497	12
1498	12
1499	12
1500	12
1501	7
1502	7
1503	7
1504	7
1505	7
1506	7
1507	7
1508	7
1509	7
1510	7
1511	7
1512	7
1513	7
1514	7
1515	7
1516	7
1517	7
1518	7
1519	7
1520	7
1521	7
1522	7
1523	7
1524	7
1525	7
1526	7
1527	7
1528	7
1529	1
1530	1
1531	1
1532	1
1533	1
1534	1
1535	1
1536	1
1537	1
1538	1
1539	1
1540	1
1541	1
1542	1
1543	1
1544	1
1545	1
1546	1
1547	1
1548	1
1549	1
1550	1
1551	1
1552	3
1553	3
1554	3
1555	3
1556	3
1557	3
1558	3
1559	3
1560	3
1561	3
1562	3
1563	3
1564	3
1565	3
1566	3
1567	3
1568	3
1569	3
1570	3
1571	3
1572	3
1573	3
1574	3
1575	3
1576	12
1577	12
1578	12
1579	12
1580	12
1581	12
1582	12
1583	12
1584	12
1585	12
1586	12
1587	12
1588	12
1589	12
1590	12
1591	12
1592	12
1593	2
1594	2
1595	2
1596	2
1597	2
1598	2
1599	2
1600	2
1601	2
1602	1
1603	1
1604	1
1605	1
1606	1
1607	1
1608	1
1609	1
1610	1
1611	1
1612	1
1613	1
1614	1
1615	1
1616	1
1617	1
1618	6
1619	6
1620	6
1621	6
1622	6
1623	6
1624	6
1625	6
1626	6
1627	6
1628	6
1629	3
1630	3
1631	3
1632	3
1633	3
1634	3
1635	3
1636	3
1637	3
1638	3
1639	3
1640	3
1641	3
1642	3
1643	3
1644	6
1645	6
1646	6
1647	6
1648	6
1649	3
1650	3
1651	3
1652	3
1653	3
1654	3
1655	3
1656	3
1658	3
1659	3
1660	3
1661	3
1662	3
1663	3
1664	3
1665	3
1666	3
1667	3
1668	3
1669	3
1670	3
1671	3
1672	3
1673	6
1674	3
1675	3
1676	3
1677	6
1678	8
1679	8
1680	5
1681	5
1682	8
1683	8
1684	8
1685	2
1686	2
1687	2
1688	2
1689	2
1690	2
1691	2
1692	2
1693	2
1694	2
1695	2
1696	2
1697	2
1698	2
1699	2
1700	2
1701	9
1702	9
1703	9
1704	9
1705	9
1706	9
1707	9
1708	9
1709	9
1710	9
1711	9
1712	9
1713	6
1714	6
1715	6
1716	6
1717	6
1718	6
1719	6
1720	6
1721	6
1722	6
1723	6
1724	6
1725	9
1726	9
1727	9
1728	6
1729	9
1730	9
1731	9
1732	9
1733	9
1734	9
1735	9
1736	9
1737	9
1738	9
1739	9
1740	9
1741	9
1742	7
1743	7
1744	7
1745	7
1746	7
1747	9
1748	7
1749	9
1750	7
1751	7
1752	7
1753	7
1754	7
1755	7
1756	9
1757	6
1758	6
1759	6
1760	6
1761	7
1762	7
1763	7
1764	9
1765	7
1766	7
1767	9
1768	7
1769	7
1770	7
1771	7
1772	7
1773	7
1774	6
1775	6
1776	6
1777	6
1778	6
1779	6
1780	6
1781	6
1782	6
1783	6
1784	6
1785	6
1786	6
1787	9
1788	7
1789	7
1790	7
1791	7
1792	7
1793	7
1794	7
1795	6
1796	6
1797	6
1798	6
1799	7
1800	7
1801	7
1802	7
1803	7
1804	7
1805	7
1806	7
1807	7
1808	7
1809	1
1810	1
1811	1
1812	1
1813	1
1814	1
1815	1
1816	1
1817	1
1818	9
1819	1
1820	1
1821	1
1822	1
1823	1
1824	1
1825	1
1826	1
1827	1
1828	1
1829	1
1830	6
1831	6
1832	6
1833	6
1834	6
1835	1
1836	1
1837	6
1838	1
1839	1
1840	3
1841	3
1842	3
1843	3
1844	3
1845	1
1846	1
1847	1
1848	1
1849	9
1850	1
1851	1
1852	1
1853	1
1854	9
1855	1
1856	1
1857	6
1858	6
1859	6
1860	6
1861	6
1862	6
1863	1
1864	1
1865	1
1866	1
1867	1
1868	1
1869	1
1870	1
1871	1
1872	5
1873	5
1874	5
1875	5
1876	5
1877	5
1878	5
1879	5
1880	5
1881	5
1882	5
1883	5
1884	5
1885	5
1886	5
1887	5
1888	5
1889	5
1890	5
1891	5
1892	5
1893	5
1894	5
1895	2
1896	2
1897	7
1898	4
1899	4
1900	4
1901	4
1902	4
1903	4
1904	2
1905	2
1906	2
1907	2
1908	7
1909	2
1910	2
1911	2
1912	2
1913	2
1914	2
1915	2
1916	4
1917	4
1918	4
1919	4
1920	4
1921	4
1922	4
1923	4
1924	7
1925	7
1926	2
1927	2
1928	7
1929	2
1930	7
1931	2
1932	2
1933	2
1934	2
1935	2
1936	2
1937	7
1938	2
1939	2
1940	7
1941	2
1942	2
1943	2
1944	2
1945	2
1946	2
1947	2
1948	2
1949	2
1950	2
1951	7
1952	7
1953	2
1954	2
1955	2
1956	2
1957	7
1958	2
1959	7
1960	2
1961	2
1962	2
1963	2
1964	2
1965	7
1966	2
1967	2
1968	2
1969	2
1970	2
1971	2
1972	7
1973	2
1974	2
1975	2
1976	1
1977	1
1978	1
1979	1
1980	1
1981	1
1982	1
1983	1
1984	1
1985	1
1986	1
1987	1
1988	1
1989	1
1990	1
1991	1
1992	1
1993	1
1994	1
1995	1
1996	1
1997	1
1998	1
1999	1
2000	1
2001	1
2002	1
2003	1
2004	1
2005	1
2006	1
2007	1
2008	1
2009	1
2010	1
2011	1
2012	1
2013	1
2014	1
2015	1
2016	1
2017	5
2018	6
2019	5
2020	5
2021	5
2022	5
2023	5
2024	5
2025	6
2026	5
2027	5
2028	5
2029	5
2030	5
2031	5
2032	5
2033	5
2034	5
2035	5
2036	5
2037	5
2038	6
2039	6
2040	6
2041	6
2042	6
2043	5
2044	5
2045	5
2046	5
2047	5
2048	6
2049	6
2050	5
2051	5
2052	5
2053	5
2054	5
2055	5
2056	5
2057	5
2058	1
2059	1
2060	1
2061	1
2062	1
2063	1
2064	1
2065	1
2066	1
2067	1
2068	5
2069	5
2070	5
2071	5
2072	5
2073	5
2074	5
2075	5
2076	5
2077	5
2078	5
2079	5
2080	5
2081	5
2082	5
2083	5
2084	5
2085	5
2086	5
2087	5
2088	5
2089	12
2090	12
2091	12
2092	12
2093	12
2094	12
2095	12
2096	7
2097	7
2098	7
2099	7
2100	7
2101	7
2102	7
2103	7
2104	7
2105	7
2106	7
2107	7
2108	7
2109	7
2110	7
2111	7
2112	7
2113	10
2114	10
2115	9
2116	9
2117	10
2118	10
2119	10
2120	10
2121	10
2122	10
2123	10
2124	5
2125	9
2126	9
2127	10
2128	10
2129	10
2130	10
2131	10
2132	10
2133	10
2134	10
2135	10
2136	10
2137	10
2138	10
2139	10
2140	10
2141	10
2142	10
2143	10
2144	10
2145	10
2146	10
2147	10
2148	10
2149	10
2150	9
2151	9
2152	9
2153	9
2154	10
2155	10
2156	10
2157	10
2158	9
2159	10
2160	9
2161	9
2162	9
2163	9
2164	9
2165	9
2166	10
2167	10
2168	10
2169	9
2170	9
2171	10
2172	10
2173	10
2174	10
2175	10
2176	10
2177	10
2178	9
2179	9
2180	9
2181	9
2182	10
2183	10
2184	10
2185	9
2186	9
2187	9
2188	10
2189	10
2190	10
2191	10
2192	10
2193	9
2194	10
2195	10
2196	10
2197	10
2198	10
2199	10
2200	10
2201	10
2202	10
2203	10
2204	9
2205	10
2206	9
2207	10
2208	10
2209	9
2210	9
2211	10
2212	10
2213	10
2214	10
2215	10
2216	10
2217	10
2218	10
2219	9
2220	9
2221	10
2222	10
2223	10
2224	9
2225	9
2226	9
2227	9
2228	10
2229	10
2230	9
2231	9
2232	9
2233	10
2234	10
2235	10
2236	10
2237	10
2238	10
2239	9
2240	9
2241	10
2242	10
2243	10
2244	10
2245	10
2246	9
2247	9
2248	9
2249	9
2250	10
2251	9
2252	10
2253	10
2254	10
2255	10
2256	9
2257	10
2258	10
2259	10
2260	9
2261	9
2262	9
2263	9
2264	9
2265	9
2266	10
2267	10
2268	10
2269	10
2270	10
2271	10
2272	10
2273	10
2274	10
2275	9
2276	9
2277	10
2278	10
2279	10
2280	10
2281	10
2282	10
2283	10
2284	5
2285	5
2286	10
2287	10
2288	10
2289	9
2290	9
2291	9
2292	9
2293	9
2294	10
2295	10
2296	10
2297	10
2298	10
2299	10
2300	10
2301	9
2302	10
2303	10
2304	10
2305	9
2306	9
2307	9
2308	9
2309	5
2310	5
2311	5
2312	4
2313	4
2314	4
2315	4
2316	4
2317	4
2318	4
2319	4
2320	4
2321	4
2322	4
2323	4
2324	4
2325	4
2326	4
2327	4
2328	4
2329	4
2330	2
2331	2
2332	2
2333	2
2334	2
2335	2
2336	2
2337	2
2338	2
2339	2
2340	2
2341	2
2342	2
2343	2
2344	2
2345	2
2346	12
2347	12
2348	12
2349	12
2350	12
2351	12
2352	12
2353	12
2354	12
2355	12
2356	12
2357	12
2358	12
2359	12
2360	12
2361	12
2362	12
2363	12
2364	12
2365	12
2366	10
2367	10
2368	10
2369	10
2370	10
2371	10
2372	10
2373	10
2374	10
2375	10
2376	10
2377	10
2378	10
2379	10
2380	10
2381	10
2382	10
2383	10
2384	10
2385	10
2386	10
2387	10
2388	10
2389	10
2390	10
2391	10
2392	10
2393	10
2394	10
2395	10
2396	10
2397	10
2398	10
2399	10
2400	10
2401	10
2402	10
2403	10
2404	10
2405	10
2406	10
2407	10
2408	10
2409	10
2410	10
2411	10
2412	10
2413	10
2414	10
2415	11
2416	11
2417	11
2418	11
2419	11
2420	11
2421	11
2422	11
2423	11
2424	11
2425	11
2426	11
2427	11
2428	11
2429	11
2430	11
2431	11
2432	11
2433	11
2434	11
2435	11
2436	11
2437	11
2438	11
2439	11
2440	11
2441	11
2442	11
2443	11
2444	11
2445	11
2446	11
2447	11
2448	11
2449	13
2450	13
2451	13
2452	13
2453	13
2454	13
2455	11
2456	13
2457	11
2458	11
2459	11
2460	11
2461	11
2462	11
2463	11
2464	11
2465	11
2466	11
2467	11
2468	11
2469	11
2470	11
2471	11
2472	11
2473	11
2474	11
2475	11
2476	11
2477	11
2478	11
2479	11
2480	11
2481	11
2482	11
2483	11
2484	11
2485	13
2486	13
2487	13
2488	11
2489	13
2490	13
2491	11
2492	13
2493	11
2494	13
2495	13
2496	11
2497	11
2498	11
2499	11
2500	11
2501	13
2502	11
2503	11
2504	11
2505	11
2506	11
2507	11
2508	11
2509	11
2510	11
2511	11
2512	11
2513	11
2514	11
2515	11
2516	11
2517	11
2518	11
2519	11
2520	11
2521	11
2522	11
2523	11
2524	11
2525	11
2526	11
2527	11
2528	11
2529	11
2530	11
2531	11
2532	11
2533	11
2534	11
2535	11
2536	11
2537	11
2538	11
2539	13
2540	11
2541	13
2542	11
2543	11
2544	11
2545	11
2546	13
2547	11
2548	11
2549	11
2550	11
2551	11
2552	11
2553	11
2554	13
2555	13
2556	13
2557	13
2558	11
2559	11
2560	11
2561	11
2562	11
2563	11
2564	11
2565	11
2566	11
2567	11
2568	11
2569	11
2570	11
2571	11
2572	11
2573	11
2574	11
2575	13
2576	13
2577	13
2578	13
2579	13
2580	13
2581	11
2582	11
2583	13
2584	13
2585	11
2586	11
2587	11
2588	11
2589	11
2590	11
2591	11
2592	11
2593	11
2594	11
2595	11
2596	11
2597	11
2598	11
2599	11
2600	11
2601	11
2602	11
2603	11
2604	11
2605	11
2606	5
2607	5
2608	5
2609	5
2610	5
2611	5
2612	5
2613	5
2614	5
2615	5
2616	5
2617	5
2618	5
2619	5
2620	5
2621	5
2622	5
2623	5
2624	5
2625	5
2626	5
2627	5
2628	5
2629	5
2630	5
2631	5
2632	5
2633	5
2634	5
2635	5
2636	5
2637	5
2638	5
2639	5
2640	8
2641	8
2642	8
2643	8
2644	8
2645	8
2646	8
2647	8
2648	8
2649	8
2650	8
2651	8
2652	8
2653	8
2654	8
2655	8
2656	8
2657	8
2658	8
2659	8
2660	8
2661	8
2662	8
2663	8
2664	8
2665	8
2666	8
2667	8
2668	8
2669	8
2670	8
2671	8
2672	8
2673	8
2674	8
2675	8
2676	8
2677	8
2678	8
2679	8
2680	8
2681	8
2682	8
2683	8
2684	8
2685	8
2686	8
2687	8
2688	2
2689	2
2690	2
2691	2
315	12
1657	3
