0	6
1	6
2	6
3	6
4	6
5	6
6	6
7	13
8	13
9	13
10	13
11	13
12	13
13	13
14	13
15	13
16	13
17	13
18	13
19	13
20	12
21	1
22	1
23	1
24	1
25	1
26	1
27	1
28	1
29	8
30	8
31	8
32	8
33	8
34	8
35	8
36	8
37	8
38	8
39	8
40	8
41	8
42	8
43	8
44	8
45	8
46	8
47	8
48	8
49	12
50	12
51	8
52	8
53	3
54	3
55	3
56	3
57	3
58	12
59	12
60	12
61	12
62	12
63	12
64	12
65	3
66	3
67	3
68	3
69	3
70	3
71	1
72	1
73	1
74	1
75	8
76	8
77	12
78	12
79	12
80	12
81	12
82	12
83	4
84	4
85	4
86	4
87	4
88	4
89	4
90	4
91	4
92	4
93	4
94	4
95	4
96	13
97	13
98	13
99	13
100	13
101	13
102	13
103	13
104	13
105	13
106	13
107	13
108	13
109	13
110	13
111	13
112	13
113	13
114	13
115	13
116	13
117	13
118	13
119	13
120	13
121	13
122	13
123	13
124	13
125	13
126	13
127	13
128	13
129	11
130	11
131	11
132	11
133	11
134	11
135	11
136	11
137	11
138	11
139	11
140	11
141	11
142	11
143	11
144	11
145	11
146	11
147	11
148	11
149	11
150	11
151	11
152	11
153	11
154	11
155	11
156	11
157	11
158	11
159	11
160	11
161	11
162	11
163	11
164	11
165	11
166	4
167	4
168	4
169	4
170	4
171	11
172	4
173	4
174	4
175	4
176	4
177	4
178	4
179	4
180	4
181	11
182	11
183	6
184	6
185	6
186	6
187	6
188	6
189	6
190	6
191	6
192	6
193	6
194	6
195	6
196	6
197	6
198	6
199	6
200	6
201	6
202	6
203	6
204	6
205	6
206	6
207	6
208	1
209	1
210	1
211	1
212	1
213	1
214	1
215	1
216	1
217	1
218	1
219	1
220	1
221	1
222	1
223	1
224	1
225	1
226	1
227	1
228	1
229	1
230	1
231	1
232	1
233	1
234	1
235	1
236	1
237	1
238	1
239	1
240	1
241	1
242	1
243	1
244	1
245	1
246	1
247	1
248	6
249	6
250	6
251	6
252	6
253	6
254	6
255	6
256	6
257	6
258	6
259	6
260	6
261	7
262	7
263	7
264	7
265	7
266	7
267	7
268	7
269	7
270	7
271	7
272	7
273	7
274	7
275	7
276	7
277	7
278	7
279	7
280	7
281	7
282	7
283	7
284	7
285	7
286	7
287	7
288	7
289	7
290	7
291	7
292	7
293	7
294	7
295	7
296	7
297	7
298	7
299	7
300	7
301	7
302	6
303	6
304	6
305	6
306	3
307	3
308	3
309	3
310	3
311	3
312	3
313	3
314	3
316	8
317	8
318	8
319	8
320	8
321	8
322	8
323	8
324	8
325	8
326	8
327	8
328	8
329	8
330	8
331	3
332	3
333	3
334	3
335	3
336	3
337	8
338	8
339	8
340	3
341	3
342	3
343	3
344	3
345	9
346	3
347	3
348	3
349	3
350	3
351	3
352	3
353	3
354	3
355	3
356	4
357	4
358	4
359	4
360	4
361	4
362	4
363	4
364	4
365	4
366	4
367	4
368	4
369	3
370	3
371	3
372	3
373	3
374	3
375	3
376	3
377	3
378	3
379	3
380	3
381	3
382	3
383	3
384	3
385	3
386	3
387	3
388	3
389	8
390	8
391	8
392	8
393	8
394	3
395	3
396	3
397	3
398	8
399	8
400	8
401	8
402	8
403	1
404	1
405	1
406	1
407	1
408	1
409	12
410	12
411	12
412	12
413	12
414	12
415	12
416	12
417	12
418	12
419	12
420	12
421	12
422	12
423	12
424	12
425	4
426	4
427	11
428	11
429	4
430	4
431	11
432	11
433	12
434	12
435	12
436	12
437	12
438	12
439	12
440	12
441	12
442	12
443	12
444	12
445	12
446	4
447	11
448	11
449	11
450	11
451	12
452	12
453	12
454	11
455	11
456	4
457	12
458	12
459	12
460	12
461	12
462	12
463	4
464	11
465	11
466	4
467	4
468	4
469	11
470	11
471	11
472	11
473	12
474	12
475	7
476	7
477	11
478	11
479	11
480	11
481	11
482	11
483	11
484	1
485	1
486	11
487	11
488	11
489	7
490	7
491	7
492	7
493	7
494	7
495	11
496	11
497	11
498	1
499	11
500	11
501	11
502	1
503	11
504	11
505	11
506	1
507	1
508	1
509	1
510	1
511	1
512	1
513	1
514	1
515	1
516	1
517	1
518	1
519	1
520	1
521	1
522	5
523	5
524	5
525	5
526	6
527	6
528	5
529	5
530	5
531	5
532	5
533	5
534	5
535	5
536	5
537	5
538	6
539	6
540	6
541	6
542	6
543	6
544	6
545	6
546	6
547	6
548	6
549	6
550	6
551	6
552	6
553	6
554	6
555	6
556	6
557	6
558	6
559	1
560	1
561	1
562	1
563	1
564	1
565	6
566	6
567	6
568	6
569	6
570	5
571	5
572	5
573	5
574	5
575	5
576	5
577	5
578	5
579	5
580	5
581	6
582	6
583	6
584	6
585	6
586	6
587	7
588	1
589	1
590	1
591	1
592	1
593	1
594	1
595	1
596	7
597	1
598	1
599	1
600	1
601	1
602	1
603	6
604	6
605	6
606	6
607	6
608	6
609	6
610	6
611	6
612	6
613	6
614	6
615	6
616	6
617	7
618	1
619	1
620	7
621	1
622	7
623	7
624	7
625	1
626	7
627	7
628	1
629	1
630	1
631	1
632	1
633	1
634	7
635	1
636	1
637	7
638	7
639	6
640	6
641	6
642	6
643	6
644	6
645	6
646	6
647	6
648	6
649	6
650	6
651	6
652	6
653	6
654	6
655	6
656	6
657	7
658	7
659	7
660	7
661	12
662	12
663	12
664	12
665	12
666	12
667	12
668	12
669	12
670	11
671	11
672	11
673	11
674	11
675	11
676	11
677	11
678	11
679	11
680	12
681	12
682	12
683	12
684	12
685	12
686	12
687	12
688	12
689	12
690	12
691	12
692	12
693	12
694	12
695	12
696	12
697	11
698	11
699	11
700	11
701	11
702	11
703	11
704	11
705	11
706	11
707	11
708	11
709	11
710	11
711	11
712	11
713	11
714	12
715	12
716	1
717	1
718	11
719	11
720	11
721	1
722	1
723	1
724	1
725	1
726	1
727	1
728	1
729	1
730	1
731	1
732	8
733	8
734	8
735	8
736	8
737	7
738	11
739	11
740	11
741	11
742	11
743	7
744	7
745	8
746	8
747	8
748	8
749	8
750	8
751	8
752	8
753	8
754	8
755	8
756	8
757	8
758	8
759	8
760	8
761	8
762	8
763	8
764	8
765	8
766	7
767	11
768	7
769	11
770	8
771	8
772	7
773	7
774	7
775	11
776	7
777	7
778	11
779	11
780	7
781	7
782	7
783	11
784	11
785	1
786	7
787	7
788	7
789	7
790	7
791	1
792	1
793	1
794	1
795	1
796	1
797	1
798	1
799	1
800	1
801	7
802	7
803	7
804	7
805	1
806	1
807	1
808	7
809	7
810	7
811	10
812	10
813	10
814	10
815	10
816	10
817	10
818	10
819	10
820	10
821	10
822	10
823	10
824	10
825	10
826	10
827	10
828	10
829	10
830	10
831	10
832	10
833	10
834	10
835	10
836	10
837	10
838	10
839	10
840	10
841	10
842	10
843	10
844	10
845	10
846	10
847	10
848	10
849	10
850	10
851	10
852	10
853	10
854	10
855	10
856	10
857	10
858	6
859	6
860	6
861	6
862	6
863	6
864	6
865	6
866	6
867	6
868	6
869	6
870	6
871	10
872	10
873	10
874	10
875	10
876	10
877	10
878	10
879	10
880	10
881	10
882	10
883	10
884	10
885	10
886	10
887	10
888	10
889	10
890	10
891	10
892	10
893	10
894	10
895	10
896	10
897	10
898	10
899	10
900	10
901	10
902	10
903	10
904	10
905	10
906	10
907	10
908	10
909	10
910	10
911	10
912	10
913	10
914	10
915	10
916	10
917	10
918	10
919	10
920	10
921	10
922	10
923	10
924	10
925	10
926	10
927	10
928	10
929	10
930	10
931	10
932	10
933	10
934	10
935	10
936	10
937	10
938	10
939	10
940	10
941	10
942	10
943	10
944	10
945	10
946	10
947	10
948	10
949	10
950	10
951	10
952	10
953	10
954	10
955	10
956	10
957	10
958	10
959	10
960	10
961	10
962	10
963	10
964	10
965	10
966	10
967	10
968	10
969	10
970	10
971	10
972	10
973	10
974	10
975	10
976	10
977	10
978	10
979	10
980	10
981	10
982	8
983	8
984	8
985	4
986	4
987	4
988	4
989	4
990	4
991	4
992	4
993	4
994	4
995	4
996	4
997	4
998	4
999	4
1000	11
1001	4
1002	4
1003	4
1004	4
1005	4
1006	4
1007	8
1008	8
1009	4
1010	8
1011	8
1012	8
1013	8
1014	8
1015	8
1016	8
1017	8
1018	8
1019	8
1020	8
1021	8
1022	8
1023	8
1024	8
1025	8
1026	8
1027	8
1028	8
1029	8
1030	8
1031	8
1032	8
1033	8
1034	8
1035	8
1036	8
1037	8
1038	8
1039	8
1040	8
1041	8
1042	8
1043	8
1044	8
1045	8
1046	8
1047	8
1048	8
1049	8
1050	8
1051	8
1052	8
1053	8
1054	8
1055	8
1056	8
1057	8
1058	8
1059	8
1060	8
1061	8
1062	8
1063	8
1064	8
1065	8
1066	8
1067	8
1068	8
1069	8
1070	8
1071	8
1072	8
1073	8
1074	8
1075	6
1076	6
1077	6
1078	6
1079	6
1080	6
1081	6
1082	6
1083	6
1084	6
1085	6
1086	6
1087	7
1088	7
1089	7
1090	7
1091	7
1092	7
1093	7
1094	1
1095	1
1096	1
1097	1
1098	1
1099	1
1100	1
1101	1
1102	1
1103	1
1104	1
1105	1
1106	1
1107	3
1108	3
1109	3
1110	3
1111	3
1112	3
1113	3
1114	3
1115	3
1116	3
1117	3
1118	3
1119	3
1120	3
1121	3
1122	3
1123	3
1124	3
1125	3
1126	3
1127	3
1128	3
1129	3
1130	3
1131	3
1132	3
1133	3
1134	3
1135	3
1136	3
1137	3
1138	3
1139	3
1140	3
1141	3
1142	3
1143	3
1144	3
1145	3
1146	3
1147	3
1148	3
1149	3
1150	3
1151	3
1152	3
1153	3
1154	3
1155	3
1156	3
1157	3
1158	3
1159	3
1160	3
1161	3
1162	3
1163	3
1164	3
1165	3
1166	3
1167	3
1168	3
1169	8
1170	8
1171	8
1172	8
1173	8
1174	8
1175	8
1176	8
1177	8
1178	8
1179	8
1180	8
1181	8
1182	8
1183	8
1184	8
1185	8
1186	8
1187	8
1188	8
1189	8
1190	8
1191	8
1192	8
1193	8
1194	8
1195	8
1196	8
1197	8
1198	8
1199	8
1200	10
1201	10
1202	10
1203	10
1204	10
1205	10
1206	10
1207	10
1208	10
1209	10
1210	10
1211	10
1212	10
1213	10
1214	10
1215	10
1216	10
1217	10
1218	10
1219	10
1220	10
1221	10
1222	10
1223	10
1224	10
1225	10
1226	10
1227	10
1228	10
1229	10
1230	10
1231	10
1232	10
1233	10
1234	10
1235	10
1236	10
1237	10
1238	10
1239	10
1240	7
1241	7
1242	1
1243	1
1244	1
1245	7
1246	1
1247	1
1248	1
1249	1
1250	1
1251	1
1252	1
1253	13
1254	13
1255	13
1256	13
1257	13
1258	1
1259	1
1260	1
1261	1
1262	1
1263	7
1264	13
1265	13
1266	13
1267	13
1268	13
1269	13
1270	13
1271	13
1272	13
1273	13
1274	13
1275	13
1276	13
1277	13
1278	3
1279	1
1280	1
1281	1
1282	7
1283	7
1284	13
1285	13
1286	13
1287	13
1288	3
1289	3
1290	3
1291	1
1292	1
1293	1
1294	3
1295	1
1296	1
1297	1
1298	1
1299	3
1300	1
1301	1
1302	1
1303	12
1304	12
1305	12
1306	12
1307	12
1308	12
1309	12
1310	12
1311	12
1312	12
1313	12
1314	3
1315	3
1316	3
1317	3
1318	3
1319	3
1320	3
1321	3
1322	3
1323	10
1324	3
1325	3
1326	3
1327	10
1328	3
1329	3
1330	3
1331	3
1332	3
1333	3
1334	3
1335	3
1336	3
1337	3
1338	3
1339	3
1340	3
1341	3
1342	3
1343	3
1344	3
1345	3
1346	12
1347	6
1348	6
1349	6
1350	6
1351	6
1352	6
1353	6
1354	6
1355	6
1356	6
1357	6
1358	6
1359	6
1360	6
1361	6
1362	12
1363	5
1364	5
1365	5
1366	5
1367	5
1368	5
1369	5
1370	5
1371	5
1372	5
1373	5
1374	5
1375	5
1376	5
1377	5
1378	5
1379	5
1380	5
1381	3
1382	3
1383	3
1384	3
1385	3
1386	3
1387	3
1388	3
1389	3
1390	3
1391	3
1392	3
1393	3
1394	3
1395	3
1396	3
1397	12
1398	12
1399	12
1400	12
1401	12
1402	12
1403	12
1404	12
1405	12
1406	12
1407	6
1408	12
1409	12
1410	12
1411	12
1412	12
1413	12
1414	12
1415	12
1416	12
1417	12
1418	12
1419	12
1420	12
1421	6
1422	12
1423	12
1424	12
1425	12
1426	12
1427	12
1428	13
1429	13
1430	13
1431	13
1432	13
1433	13
1434	13
1435	13
1436	13
1437	13
1438	13
1439	13
1440	13
1441	13
1442	13
1443	13
1444	13
1445	13
1446	13
1447	13
1448	13
1449	13
1450	13
1451	13
1452	13
1453	13
1454	13
1455	13
1456	13
1457	13
1458	13
1459	13
1460	13
1461	13
1462	13
1463	13
1464	13
1465	1
1466	1
1467	1
1468	1
1469	1
1470	1
1471	1
1472	1
1473	1
1474	1
1475	1
1476	1
1477	1
1478	1
1479	1
1480	1
1481	1
1482	1
1483	1
1484	1
1485	1
1486	1
1487	1
1488	1
1489	8
1490	8
1491	8
1492	8
1493	8
1494	8
1495	8
1496	8
1497	8
1498	8
1499	8
1500	8
1501	12
1502	12
1503	12
1504	12
1505	12
1506	12
1507	12
1508	12
1509	12
1510	12
1511	12
1512	12
1513	12
1514	12
1515	12
1516	12
1517	12
1518	12
1519	12
1520	12
1521	12
1522	12
1523	12
1524	12
1525	12
1526	12
1527	12
1528	12
1529	11
1530	11
1531	11
1532	11
1533	11
1534	11
1535	11
1536	11
1537	11
1538	11
1539	11
1540	11
1541	11
1542	11
1543	11
1544	11
1545	11
1546	11
1547	11
1548	11
1549	11
1550	11
1551	11
1552	4
1553	5
1554	5
1555	5
1556	5
1557	5
1558	5
1559	5
1560	5
1561	5
1562	5
1563	5
1564	5
1565	5
1566	5
1567	5
1568	5
1569	5
1570	5
1571	5
1572	5
1573	5
1574	5
1575	5
1576	8
1577	8
1578	8
1579	8
1580	8
1581	8
1582	8
1583	8
1584	8
1585	8
1586	8
1587	8
1588	8
1589	8
1590	8
1591	8
1592	8
1593	12
1594	12
1595	12
1596	12
1597	12
1598	12
1599	12
1600	12
1601	12
1602	5
1603	5
1604	5
1605	5
1606	5
1607	5
1608	5
1609	5
1610	5
1611	5
1612	5
1613	5
1614	5
1615	5
1616	5
1617	5
1618	1
1619	1
1620	1
1621	1
1622	1
1623	1
1624	1
1625	1
1626	1
1627	1
1628	1
1629	8
1630	13
1631	13
1632	13
1633	8
1634	13
1635	13
1636	13
1637	8
1638	13
1639	8
1640	13
1641	8
1642	13
1643	13
1644	1
1645	1
1646	1
1647	1
1648	1
1649	13
1650	8
1651	13
1652	8
1653	8
1654	13
1655	13
1656	13
1658	13
1659	8
1660	13
1661	13
1662	13
1663	13
1664	13
1665	13
1666	8
1667	13
1668	13
1669	8
1670	13
1671	13
1672	13
1673	1
1674	8
1675	13
1676	13
1677	1
1678	7
1679	7
1680	7
1681	7
1682	7
1683	7
1684	7
1685	13
1686	13
1687	13
1688	13
1689	13
1690	13
1691	13
1692	13
1693	13
1694	13
1695	13
1696	13
1697	13
1698	13
1699	13
1700	13
1701	12
1702	13
1703	2
1704	2
1705	13
1706	13
1707	13
1708	13
1709	12
1710	13
1711	13
1712	13
1713	1
1714	1
1715	1
1716	1
1717	1
1718	1
1719	1
1720	1
1721	1
1722	1
1723	1
1724	1
1725	13
1726	13
1727	13
1728	1
1729	13
1730	13
1731	13
1732	13
1733	13
1734	13
1735	13
1736	12
1737	12
1738	12
1739	12
1740	12
1741	13
1742	12
1743	12
1744	12
1745	12
1746	12
1747	12
1748	12
1749	12
1750	12
1751	12
1752	12
1753	12
1754	12
1755	12
1756	12
1757	1
1758	1
1759	1
1760	1
1761	12
1762	12
1763	12
1764	12
1765	12
1766	12
1767	12
1768	12
1769	12
1770	12
1771	12
1772	12
1773	12
1774	1
1775	1
1776	1
1777	1
1778	1
1779	1
1780	1
1781	1
1782	1
1783	1
1784	1
1785	1
1786	1
1787	12
1788	12
1789	12
1790	12
1791	12
1792	12
1793	12
1794	12
1795	1
1796	1
1797	1
1798	1
1799	12
1800	12
1801	12
1802	12
1803	12
1804	12
1805	12
1806	12
1807	12
1808	12
1809	13
1810	13
1811	13
1812	13
1813	13
1814	13
1815	13
1816	13
1817	13
1818	13
1819	13
1820	13
1821	13
1822	13
1823	13
1824	13
1825	13
1826	13
1827	13
1828	13
1829	13
1830	1
1831	1
1832	1
1833	1
1834	1
1835	13
1836	13
1837	1
1838	13
1839	13
1840	5
1841	5
1842	5
1843	5
1844	5
1845	13
1846	13
1847	13
1848	13
1849	13
1850	13
1851	13
1852	13
1853	13
1854	13
1855	13
1856	13
1857	1
1858	1
1859	1
1860	1
1861	1
1862	1
1863	13
1864	13
1865	13
1866	13
1867	13
1868	13
1869	13
1870	13
1871	13
1872	7
1873	7
1874	7
1875	7
1876	7
1877	7
1878	7
1879	7
1880	7
1881	7
1882	7
1883	7
1884	7
1885	7
1886	7
1887	7
1888	7
1889	7
1890	7
1891	7
1892	7
1893	7
1894	7
1895	6
1896	6
1897	6
1898	3
1899	3
1900	3
1901	3
1902	3
1903	3
1904	6
1905	6
1906	6
1907	6
1908	6
1909	6
1910	6
1911	6
1912	6
1913	6
1914	6
1915	6
1916	3
1917	3
1918	3
1919	3
1920	3
1921	3
1922	3
1923	3
1924	6
1925	6
1926	6
1927	6
1928	6
1929	6
1930	6
1931	6
1932	6
1933	6
1934	6
1935	6
1936	6
1937	6
1938	6
1939	6
1940	6
1941	6
1942	6
1943	6
1944	6
1945	6
1946	6
1947	6
1948	6
1949	6
1950	6
1951	6
1952	6
1953	6
1954	6
1955	6
1956	6
1957	6
1958	6
1959	6
1960	6
1961	6
1962	6
1963	6
1964	6
1965	6
1966	6
1967	6
1968	6
1969	6
1970	6
1971	6
1972	6
1973	6
1974	6
1975	6
1976	4
1977	4
1978	4
1979	4
1980	4
1981	4
1982	4
1983	4
1984	4
1985	4
1986	4
1987	4
1988	4
1989	4
1990	4
1991	4
1992	4
1993	4
1994	4
1995	4
1996	4
1997	4
1998	4
1999	4
2000	4
2001	4
2002	4
2003	4
2004	4
2005	4
2006	4
2007	4
2008	4
2009	4
2010	4
2011	4
2012	4
2013	4
2014	4
2015	4
2016	4
2017	7
2018	7
2019	7
2020	7
2021	7
2022	7
2023	7
2024	7
2025	7
2026	7
2027	7
2028	7
2029	7
2030	11
2031	11
2032	11
2033	11
2034	7
2035	7
2036	7
2037	7
2038	1
2039	1
2040	1
2041	1
2042	1
2043	7
2044	7
2045	7
2046	7
2047	11
2048	1
2049	1
2050	7
2051	7
2052	7
2053	7
2054	7
2055	7
2056	7
2057	11
2058	5
2059	5
2060	5
2061	5
2062	5
2063	5
2064	5
2065	5
2066	5
2067	5
2068	7
2069	7
2070	7
2071	7
2072	7
2073	1
2074	7
2075	7
2076	7
2077	1
2078	1
2079	7
2080	1
2081	7
2082	7
2083	7
2084	7
2085	7
2086	7
2087	7
2088	7
2089	8
2090	8
2091	8
2092	8
2093	8
2094	8
2095	8
2096	6
2097	6
2098	6
2099	6
2100	6
2101	6
2102	6
2103	6
2104	6
2105	6
2106	6
2107	6
2108	6
2109	6
2110	6
2111	6
2112	6
2113	2
2114	2
2115	2
2116	2
2117	2
2118	5
2119	5
2120	2
2121	2
2122	2
2123	5
2124	7
2125	2
2126	2
2127	2
2128	2
2129	2
2130	2
2131	2
2132	2
2133	5
2134	2
2135	2
2136	5
2137	5
2138	5
2139	2
2140	2
2141	2
2142	2
2143	2
2144	5
2145	2
2146	5
2147	5
2148	2
2149	2
2150	2
2151	2
2152	2
2153	2
2154	2
2155	2
2156	5
2157	2
2158	2
2159	2
2160	2
2161	2
2162	2
2163	2
2164	2
2165	2
2166	2
2167	2
2168	2
2169	2
2170	2
2171	2
2172	2
2173	2
2174	5
2175	5
2176	5
2177	5
2178	2
2179	2
2180	2
2181	2
2182	2
2183	2
2184	2
2185	2
2186	2
2187	2
2188	5
2189	2
2190	2
2191	2
2192	2
2193	2
2194	5
2195	2
2196	5
2197	5
2198	2
2199	5
2200	2
2201	2
2202	5
2203	2
2204	2
2205	2
2206	2
2207	2
2208	2
2209	2
2210	2
2211	2
2212	2
2213	2
2214	2
2215	5
2216	5
2217	2
2218	2
2219	2
2220	2
2221	2
2222	2
2223	5
2224	2
2225	2
2226	2
2227	2
2228	2
2229	5
2230	2
2231	2
2232	2
2233	5
2234	5
2235	2
2236	5
2237	5
2238	5
2239	2
2240	2
2241	2
2242	5
2243	5
2244	5
2245	5
2246	2
2247	2
2248	2
2249	2
2250	2
2251	2
2252	2
2253	5
2254	5
2255	5
2256	2
2257	2
2258	2
2259	2
2260	2
2261	2
2262	2
2263	2
2264	2
2265	2
2266	5
2267	2
2268	2
2269	5
2270	5
2271	2
2272	2
2273	2
2274	2
2275	2
2276	2
2277	5
2278	2
2279	2
2280	2
2281	2
2282	2
2283	5
2284	7
2285	7
2286	5
2287	2
2288	2
2289	2
2290	2
2291	2
2292	2
2293	2
2294	2
2295	2
2296	2
2297	2
2298	5
2299	5
2300	5
2301	2
2302	5
2303	2
2304	2
2305	2
2306	2
2307	2
2308	2
2309	7
2310	7
2311	7
2312	10
2313	10
2314	10
2315	10
2316	10
2317	10
2318	10
2319	10
2320	10
2321	10
2322	10
2323	10
2324	10
2325	10
2326	10
2327	10
2328	10
2329	10
2330	6
2331	6
2332	6
2333	6
2334	6
2335	6
2336	6
2337	6
2338	6
2339	6
2340	6
2341	6
2342	6
2343	6
2344	6
2345	6
2346	8
2347	8
2348	8
2349	8
2350	8
2351	8
2352	8
2353	8
2354	8
2355	8
2356	8
2357	8
2358	8
2359	8
2360	8
2361	8
2362	8
2363	8
2364	8
2365	8
2366	5
2367	5
2368	5
2369	5
2370	5
2371	5
2372	5
2373	5
2374	5
2375	5
2376	5
2377	5
2378	5
2379	5
2380	5
2381	5
2382	5
2383	5
2384	5
2385	5
2386	5
2387	5
2388	5
2389	5
2390	5
2391	5
2392	5
2393	5
2394	5
2395	5
2396	5
2397	5
2398	5
2399	5
2400	5
2401	5
2402	5
2403	5
2404	5
2405	5
2406	5
2407	5
2408	5
2409	5
2410	5
2411	5
2412	5
2413	5
2414	5
2415	9
2416	9
2417	9
2418	9
2419	9
2420	9
2421	9
2422	9
2423	9
2424	9
2425	9
2426	9
2427	9
2428	9
2429	9
2430	9
2431	9
2432	9
2433	9
2434	9
2435	9
2436	9
2437	9
2438	9
2439	9
2440	9
2441	9
2442	9
2443	9
2444	9
2445	9
2446	9
2447	9
2448	9
2449	9
2450	9
2451	9
2452	9
2453	9
2454	9
2455	9
2456	9
2457	9
2458	9
2459	9
2460	9
2461	9
2462	9
2463	9
2464	9
2465	9
2466	9
2467	9
2468	9
2469	9
2470	9
2471	9
2472	9
2473	9
2474	9
2475	9
2476	9
2477	9
2478	9
2479	9
2480	9
2481	9
2482	9
2483	9
2484	9
2485	9
2486	9
2487	9
2488	9
2489	9
2490	9
2491	9
2492	9
2493	9
2494	9
2495	9
2496	11
2497	11
2498	11
2499	11
2500	9
2501	9
2502	9
2503	9
2504	11
2505	11
2506	9
2507	9
2508	11
2509	11
2510	11
2511	11
2512	11
2513	11
2514	11
2515	9
2516	9
2517	9
2518	9
2519	9
2520	9
2521	9
2522	9
2523	9
2524	9
2525	9
2526	9
2527	9
2528	9
2529	9
2530	9
2531	11
2532	9
2533	11
2534	9
2535	11
2536	9
2537	11
2538	9
2539	9
2540	11
2541	9
2542	9
2543	9
2544	9
2545	9
2546	9
2547	9
2548	9
2549	9
2550	9
2551	9
2552	9
2553	11
2554	9
2555	9
2556	9
2557	9
2558	11
2559	9
2560	11
2561	11
2562	11
2563	9
2564	9
2565	9
2566	9
2567	9
2568	9
2569	9
2570	9
2571	9
2572	9
2573	9
2574	9
2575	9
2576	9
2577	9
2578	9
2579	9
2580	9
2581	9
2582	9
2583	9
2584	9
2585	9
2586	9
2587	11
2588	11
2589	11
2590	11
2591	11
2592	11
2593	11
2594	9
2595	9
2596	9
2597	9
2598	9
2599	9
2600	9
2601	9
2602	9
2603	9
2604	9
2605	9
2606	7
2607	7
2608	7
2609	7
2610	7
2611	7
2612	7
2613	7
2614	7
2615	7
2616	7
2617	7
2618	7
2619	7
2620	7
2621	7
2622	7
2623	7
2624	7
2625	7
2626	7
2627	7
2628	7
2629	7
2630	7
2631	7
2632	7
2633	7
2634	7
2635	7
2636	7
2637	7
2638	7
2639	7
2640	4
2641	4
2642	4
2643	4
2644	4
2645	4
2646	4
2647	4
2648	4
2649	4
2650	4
2651	4
2652	4
2653	4
2654	4
2655	4
2656	4
2657	4
2658	4
2659	4
2660	4
2661	4
2662	4
2663	4
2664	4
2665	4
2666	4
2667	4
2668	4
2669	4
2670	4
2671	4
2672	4
2673	4
2674	4
2675	4
2676	4
2677	4
2678	4
2679	4
2680	4
2681	4
2682	4
2683	4
2684	4
2685	4
2686	4
2687	4
2688	6
2689	6
2690	6
2691	6
315	8
1657	13
