0	6
1	6
2	6
3	6
4	6
5	6
6	6
7	3
8	3
9	3
10	3
11	10
12	3
13	3
14	3
15	3
16	10
17	10
18	7
19	10
20	10
21	1
22	1
23	1
24	1
25	1
26	1
27	1
28	1
29	7
30	7
31	7
32	7
33	7
34	7
35	7
36	7
37	7
38	7
39	7
40	7
41	7
42	7
43	7
44	7
45	7
46	7
47	7
48	7
49	2
50	2
51	2
52	2
53	9
54	9
55	9
56	9
57	9
58	2
59	2
60	2
61	2
62	2
63	2
64	2
65	9
66	9
67	9
68	9
69	9
70	9
71	1
72	1
73	1
74	1
75	2
76	2
77	2
78	2
79	2
80	2
81	2
82	2
83	4
84	4
85	4
86	4
87	4
88	4
89	4
90	4
91	4
92	4
93	4
94	4
95	4
96	10
97	3
98	10
99	10
100	3
101	3
102	3
103	10
104	3
105	10
106	3
107	3
108	10
109	3
110	3
111	10
112	3
113	3
114	3
115	3
116	3
117	10
118	3
119	3
120	3
121	3
122	10
123	3
124	10
125	10
126	10
127	10
128	10
129	4
130	4
131	4
132	4
133	4
134	4
135	4
136	4
137	4
138	4
139	4
140	4
141	4
142	4
143	4
144	4
145	4
146	4
147	4
148	4
149	4
150	4
151	4
152	4
153	4
154	4
155	4
156	4
157	4
158	4
159	4
160	4
161	4
162	4
163	4
164	4
165	4
166	13
167	13
168	13
169	13
170	13
171	13
172	13
173	13
174	13
175	13
176	13
177	13
178	13
179	13
180	13
181	13
182	13
183	6
184	6
185	6
186	6
187	6
188	6
189	6
190	6
191	6
192	6
193	6
194	6
195	6
196	6
197	6
198	6
199	6
200	6
201	6
202	6
203	6
204	6
205	6
206	6
207	6
208	1
209	1
210	1
211	1
212	1
213	1
214	1
215	1
216	1
217	1
218	1
219	1
220	1
221	1
222	1
223	1
224	1
225	1
226	1
227	1
228	1
229	1
230	1
231	1
232	1
233	1
234	1
235	1
236	1
237	1
238	1
239	1
240	1
241	1
242	1
243	1
244	1
245	1
246	1
247	1
248	6
249	6
250	6
251	6
252	6
253	6
254	6
255	6
256	6
257	6
258	6
259	6
260	6
261	1
262	1
263	1
264	1
265	1
266	1
267	1
268	8
269	8
270	8
271	1
272	1
273	1
274	1
275	1
276	1
277	1
278	8
279	8
280	8
281	8
282	8
283	8
284	8
285	8
286	8
287	8
288	8
289	8
290	8
291	8
292	8
293	8
294	8
295	8
296	13
297	13
298	8
299	8
300	8
301	13
302	6
303	6
304	6
305	6
306	11
307	11
308	11
309	11
310	11
311	11
312	11
313	11
314	11
316	7
317	7
318	7
319	7
320	7
321	7
322	7
323	7
324	7
325	7
326	7
327	7
328	7
329	7
330	7
331	11
332	11
333	11
334	11
335	11
336	11
337	7
338	7
339	7
340	11
341	11
342	11
343	11
344	11
345	11
346	11
347	11
348	11
349	11
350	11
351	11
352	11
353	11
354	11
355	11
356	4
357	4
358	4
359	4
360	4
361	4
362	4
363	4
364	4
365	4
366	4
367	4
368	4
369	11
370	11
371	11
372	11
373	11
374	11
375	11
376	11
377	11
378	11
379	11
380	11
381	11
382	11
383	11
384	11
385	11
386	11
387	11
388	11
389	7
390	7
391	7
392	7
393	7
394	11
395	11
396	11
397	11
398	7
399	7
400	7
401	7
402	7
403	1
404	1
405	1
406	1
407	1
408	1
409	2
410	2
411	2
412	2
413	2
414	2
415	2
416	2
417	2
418	2
419	2
420	2
421	2
422	2
423	2
424	2
425	13
426	13
427	13
428	13
429	13
430	13
431	13
432	13
433	2
434	2
435	2
436	2
437	2
438	2
439	2
440	2
441	2
442	2
443	2
444	2
445	2
446	13
447	13
448	13
449	13
450	13
451	2
452	2
453	2
454	13
455	13
456	13
457	2
458	2
459	2
460	2
461	2
462	2
463	13
464	13
465	13
466	13
467	13
468	13
469	13
470	13
471	13
472	13
473	2
474	2
475	8
476	8
477	8
478	8
479	8
480	8
481	8
482	8
483	8
484	1
485	1
486	8
487	8
488	8
489	8
490	8
491	8
492	8
493	8
494	8
495	8
496	8
497	8
498	1
499	8
500	8
501	8
502	1
503	8
504	8
505	8
506	1
507	1
508	1
509	1
510	1
511	1
512	1
513	1
514	1
515	1
516	1
517	1
518	1
519	1
520	1
521	1
522	10
523	10
524	10
525	10
526	6
527	6
528	10
529	10
530	10
531	10
532	10
533	10
534	10
535	10
536	10
537	10
538	6
539	6
540	6
541	6
542	6
543	6
544	6
545	6
546	6
547	6
548	6
549	6
550	6
551	6
552	6
553	6
554	6
555	6
556	6
557	6
558	6
559	1
560	1
561	1
562	1
563	1
564	1
565	6
566	6
567	6
568	6
569	6
570	4
571	4
572	4
573	4
574	4
575	4
576	4
577	4
578	4
579	4
580	4
581	6
582	6
583	6
584	6
585	6
586	6
587	8
588	8
589	8
590	8
591	8
592	1
593	1
594	8
595	1
596	8
597	1
598	8
599	1
600	1
601	1
602	1
603	6
604	6
605	6
606	6
607	6
608	6
609	6
610	6
611	6
612	6
613	6
614	6
615	6
616	6
617	8
618	1
619	1
620	8
621	8
622	8
623	8
624	8
625	8
626	8
627	8
628	1
629	1
630	1
631	1
632	8
633	8
634	8
635	1
636	8
637	8
638	8
639	6
640	6
641	6
642	6
643	6
644	6
645	6
646	6
647	6
648	6
649	6
650	6
651	6
652	6
653	6
654	6
655	6
656	6
657	13
658	13
659	13
660	13
661	2
662	2
663	2
664	2
665	2
666	2
667	2
668	2
669	2
670	1
671	1
672	8
673	8
674	8
675	1
676	8
677	1
678	1
679	1
680	2
681	2
682	2
683	2
684	2
685	2
686	2
687	2
688	2
689	2
690	2
691	2
692	2
693	2
694	2
695	2
696	2
697	1
698	8
699	1
700	1
701	1
702	1
703	1
704	8
705	1
706	8
707	1
708	1
709	8
710	1
711	1
712	1
713	1
714	2
715	2
716	1
717	1
718	1
719	1
720	8
721	1
722	1
723	1
724	1
725	1
726	1
727	1
728	1
729	1
730	1
731	1
732	7
733	7
734	7
735	7
736	7
737	13
738	13
739	13
740	13
741	13
742	13
743	13
744	13
745	7
746	7
747	7
748	7
749	7
750	7
751	7
752	7
753	7
754	7
755	7
756	7
757	7
758	7
759	7
760	7
761	7
762	7
763	7
764	7
765	7
766	13
767	13
768	13
769	13
770	7
771	7
772	13
773	13
774	13
775	13
776	13
777	13
778	13
779	13
780	13
781	13
782	13
783	13
784	13
785	1
786	13
787	13
788	13
789	13
790	13
791	1
792	1
793	1
794	1
795	1
796	1
797	1
798	1
799	1
800	1
801	13
802	13
803	13
804	13
805	1
806	1
807	1
808	13
809	13
810	13
811	9
812	10
813	9
814	9
815	9
816	9
817	9
818	10
819	9
820	10
821	9
822	9
823	9
824	9
825	9
826	9
827	9
828	9
829	10
830	9
831	9
832	9
833	9
834	9
835	9
836	9
837	9
838	9
839	9
840	9
841	9
842	9
843	9
844	9
845	9
846	9
847	10
848	9
849	9
850	10
851	9
852	9
853	9
854	9
855	9
856	10
857	10
858	6
859	6
860	6
861	6
862	6
863	6
864	6
865	6
866	6
867	6
868	6
869	6
870	6
871	9
872	9
873	9
874	9
875	9
876	9
877	9
878	9
879	9
880	9
881	9
882	9
883	9
884	9
885	9
886	9
887	9
888	9
889	9
890	9
891	9
892	10
893	9
894	9
895	9
896	9
897	9
898	9
899	10
900	10
901	10
902	9
903	9
904	9
905	9
906	9
907	9
908	9
909	9
910	10
911	10
912	10
913	10
914	9
915	9
916	9
917	9
918	9
919	9
920	9
921	9
922	10
923	10
924	9
925	9
926	9
927	9
928	9
929	9
930	9
931	9
932	9
933	10
934	9
935	9
936	9
937	9
938	9
939	9
940	9
941	9
942	9
943	9
944	10
945	10
946	9
947	9
948	9
949	9
950	9
951	9
952	9
953	9
954	10
955	10
956	10
957	9
958	9
959	9
960	9
961	9
962	9
963	9
964	9
965	9
966	9
967	9
968	9
969	9
970	9
971	9
972	9
973	9
974	9
975	10
976	9
977	9
978	9
979	9
980	9
981	9
982	7
983	7
984	7
985	8
986	8
987	8
988	8
989	8
990	8
991	8
992	13
993	8
994	8
995	8
996	8
997	8
998	8
999	8
1000	13
1001	13
1002	8
1003	8
1004	8
1005	8
1006	8
1007	7
1008	7
1009	8
1010	7
1011	7
1012	7
1013	7
1014	7
1015	7
1016	7
1017	7
1018	7
1019	7
1020	7
1021	7
1022	7
1023	7
1024	7
1025	7
1026	7
1027	7
1028	7
1029	7
1030	7
1031	7
1032	7
1033	7
1034	7
1035	7
1036	7
1037	10
1038	7
1039	7
1040	7
1041	7
1042	7
1043	7
1044	7
1045	7
1046	7
1047	7
1048	7
1049	7
1050	7
1051	7
1052	7
1053	7
1054	7
1055	7
1056	10
1057	7
1058	7
1059	7
1060	7
1061	7
1062	7
1063	7
1064	7
1065	10
1066	10
1067	10
1068	7
1069	7
1070	7
1071	7
1072	7
1073	7
1074	7
1075	6
1076	6
1077	6
1078	6
1079	6
1080	6
1081	6
1082	6
1083	6
1084	6
1085	6
1086	6
1087	8
1088	8
1089	8
1090	8
1091	8
1092	8
1093	8
1094	1
1095	1
1096	1
1097	1
1098	1
1099	1
1100	1
1101	1
1102	1
1103	1
1104	1
1105	1
1106	1
1107	11
1108	11
1109	11
1110	11
1111	11
1112	11
1113	11
1114	11
1115	11
1116	11
1117	11
1118	11
1119	11
1120	11
1121	11
1122	11
1123	11
1124	11
1125	11
1126	11
1127	11
1128	11
1129	11
1130	11
1131	11
1132	11
1133	11
1134	11
1135	11
1136	9
1137	9
1138	9
1139	9
1140	11
1141	11
1142	11
1143	11
1144	11
1145	11
1146	11
1147	11
1148	11
1149	11
1150	11
1151	11
1152	11
1153	11
1154	12
1155	12
1156	12
1157	12
1158	11
1159	12
1160	12
1161	12
1162	12
1163	11
1164	11
1165	12
1166	11
1167	11
1168	12
1169	7
1170	7
1171	7
1172	7
1173	7
1174	7
1175	7
1176	7
1177	7
1178	7
1179	7
1180	7
1181	7
1182	7
1183	7
1184	7
1185	7
1186	7
1187	7
1188	7
1189	7
1190	10
1191	7
1192	7
1193	7
1194	7
1195	7
1196	7
1197	7
1198	7
1199	7
1200	10
1201	10
1202	10
1203	10
1204	10
1205	10
1206	10
1207	10
1208	10
1209	10
1210	10
1211	10
1212	10
1213	10
1214	10
1215	10
1216	10
1217	10
1218	10
1219	10
1220	10
1221	10
1222	10
1223	10
1224	10
1225	10
1226	10
1227	10
1228	10
1229	10
1230	10
1231	10
1232	10
1233	10
1234	10
1235	10
1236	10
1237	10
1238	10
1239	10
1240	8
1241	8
1242	8
1243	8
1244	8
1245	8
1246	8
1247	8
1248	8
1249	8
1250	8
1251	8
1252	8
1253	2
1254	7
1255	2
1256	7
1257	2
1258	8
1259	8
1260	8
1261	8
1262	8
1263	8
1264	7
1265	7
1266	2
1267	2
1268	7
1269	2
1270	2
1271	2
1272	2
1273	2
1274	7
1275	2
1276	2
1277	2
1278	1
1279	1
1280	1
1281	8
1282	8
1283	8
1284	2
1285	7
1286	2
1287	2
1288	12
1289	12
1290	12
1291	1
1292	1
1293	1
1294	12
1295	1
1296	1
1297	1
1298	1
1299	12
1300	1
1301	1
1302	1
1303	6
1304	6
1305	6
1306	6
1307	6
1308	6
1309	6
1310	6
1311	6
1312	6
1313	6
1314	9
1315	9
1316	9
1317	9
1318	9
1319	9
1320	9
1321	9
1322	9
1323	9
1324	9
1325	9
1326	9
1327	9
1328	9
1329	9
1330	9
1331	9
1332	9
1333	9
1334	9
1335	9
1336	9
1337	9
1338	9
1339	9
1340	9
1341	9
1342	9
1343	9
1344	9
1345	9
1346	6
1347	6
1348	6
1349	6
1350	6
1351	6
1352	6
1353	6
1354	6
1355	6
1356	6
1357	6
1358	6
1359	6
1360	6
1361	6
1362	6
1363	10
1364	10
1365	10
1366	10
1367	10
1368	10
1369	10
1370	10
1371	10
1372	10
1373	10
1374	10
1375	10
1376	10
1377	10
1378	10
1379	10
1380	10
1381	12
1382	12
1383	12
1384	12
1385	12
1386	12
1387	12
1388	12
1389	12
1390	12
1391	12
1392	12
1393	12
1394	12
1395	12
1396	12
1397	2
1398	2
1399	2
1400	2
1401	2
1402	2
1403	2
1404	2
1405	2
1406	2
1407	2
1408	2
1409	2
1410	2
1411	2
1412	2
1413	2
1414	2
1415	2
1416	2
1417	2
1418	2
1419	2
1420	2
1421	2
1422	2
1423	2
1424	2
1425	2
1426	2
1427	2
1428	3
1429	3
1430	3
1431	3
1432	3
1433	3
1434	3
1435	3
1436	3
1437	3
1438	3
1439	3
1440	3
1441	10
1442	10
1443	10
1444	10
1445	10
1446	10
1447	10
1448	10
1449	10
1450	10
1451	10
1452	10
1453	10
1454	10
1455	3
1456	3
1457	3
1458	3
1459	3
1460	3
1461	3
1462	3
1463	3
1464	3
1465	1
1466	1
1467	1
1468	1
1469	1
1470	1
1471	1
1472	1
1473	1
1474	1
1475	1
1476	1
1477	1
1478	1
1479	1
1480	1
1481	1
1482	1
1483	1
1484	1
1485	1
1486	1
1487	1
1488	1
1489	7
1490	7
1491	7
1492	7
1493	7
1494	7
1495	7
1496	7
1497	7
1498	7
1499	7
1500	7
1501	2
1502	2
1503	2
1504	2
1505	2
1506	2
1507	2
1508	2
1509	2
1510	2
1511	2
1512	2
1513	2
1514	2
1515	2
1516	2
1517	2
1518	2
1519	2
1520	2
1521	2
1522	2
1523	2
1524	2
1525	2
1526	2
1527	2
1528	2
1529	13
1530	13
1531	13
1532	13
1533	13
1534	13
1535	13
1536	13
1537	13
1538	13
1539	13
1540	13
1541	13
1542	13
1543	13
1544	13
1545	13
1546	13
1547	13
1548	13
1549	13
1550	13
1551	13
1552	4
1553	4
1554	10
1555	10
1556	10
1557	10
1558	4
1559	4
1560	4
1561	4
1562	10
1563	4
1564	4
1565	4
1566	10
1567	4
1568	4
1569	4
1570	4
1571	4
1572	4
1573	4
1574	4
1575	4
1576	7
1577	7
1578	7
1579	7
1580	7
1581	7
1582	7
1583	7
1584	7
1585	7
1586	7
1587	7
1588	7
1589	7
1590	7
1591	7
1592	7
1593	6
1594	6
1595	6
1596	6
1597	6
1598	6
1599	6
1600	6
1601	6
1602	4
1603	4
1604	4
1605	4
1606	4
1607	4
1608	4
1609	4
1610	4
1611	4
1612	4
1613	4
1614	4
1615	4
1616	4
1617	4
1618	1
1619	1
1620	1
1621	1
1622	1
1623	1
1624	1
1625	1
1626	1
1627	1
1628	1
1629	10
1630	10
1631	10
1632	10
1633	10
1634	10
1635	10
1636	10
1637	10
1638	10
1639	10
1640	10
1641	10
1642	10
1643	10
1644	1
1645	1
1646	1
1647	1
1648	1
1649	10
1650	10
1651	10
1652	10
1653	10
1654	10
1655	10
1656	10
1658	10
1659	10
1660	10
1661	10
1662	10
1663	10
1664	10
1665	10
1666	10
1667	10
1668	10
1669	10
1670	10
1671	10
1672	10
1673	1
1674	10
1675	10
1676	10
1677	1
1678	8
1679	8
1680	8
1681	13
1682	8
1683	8
1684	8
1685	7
1686	7
1687	7
1688	7
1689	7
1690	7
1691	7
1692	7
1693	7
1694	7
1695	7
1696	7
1697	7
1698	7
1699	7
1700	7
1701	10
1702	10
1703	5
1704	5
1705	7
1706	7
1707	7
1708	7
1709	10
1710	7
1711	7
1712	7
1713	1
1714	1
1715	1
1716	1
1717	1
1718	1
1719	1
1720	1
1721	1
1722	1
1723	1
1724	1
1725	7
1726	10
1727	7
1728	1
1729	7
1730	7
1731	7
1732	7
1733	7
1734	7
1735	7
1736	10
1737	10
1738	10
1739	10
1740	10
1741	7
1742	2
1743	2
1744	2
1745	2
1746	2
1747	2
1748	2
1749	2
1750	2
1751	2
1752	2
1753	2
1754	2
1755	2
1756	2
1757	1
1758	1
1759	1
1760	1
1761	2
1762	2
1763	2
1764	5
1765	2
1766	2
1767	5
1768	2
1769	2
1770	2
1771	2
1772	2
1773	2
1774	1
1775	1
1776	1
1777	1
1778	1
1779	1
1780	1
1781	1
1782	1
1783	1
1784	1
1785	1
1786	1
1787	2
1788	2
1789	2
1790	2
1791	2
1792	2
1793	2
1794	2
1795	1
1796	1
1797	1
1798	1
1799	2
1800	2
1801	2
1802	2
1803	2
1804	2
1805	2
1806	2
1807	2
1808	2
1809	3
1810	3
1811	3
1812	3
1813	3
1814	3
1815	3
1816	3
1817	3
1818	3
1819	3
1820	3
1821	3
1822	3
1823	3
1824	3
1825	3
1826	3
1827	3
1828	3
1829	3
1830	1
1831	1
1832	1
1833	1
1834	1
1835	3
1836	3
1837	1
1838	3
1839	3
1840	10
1841	10
1842	10
1843	10
1844	10
1845	3
1846	3
1847	3
1848	3
1849	3
1850	3
1851	3
1852	3
1853	3
1854	3
1855	3
1856	3
1857	1
1858	1
1859	1
1860	1
1861	1
1862	1
1863	3
1864	3
1865	3
1866	3
1867	3
1868	3
1869	3
1870	3
1871	3
1872	13
1873	13
1874	13
1875	13
1876	13
1877	13
1878	13
1879	13
1880	13
1881	13
1882	13
1883	13
1884	13
1885	13
1886	13
1887	13
1888	13
1889	13
1890	13
1891	13
1892	13
1893	13
1894	13
1895	6
1896	6
1897	6
1898	11
1899	11
1900	11
1901	11
1902	11
1903	11
1904	6
1905	6
1906	6
1907	6
1908	6
1909	6
1910	6
1911	6
1912	6
1913	6
1914	6
1915	6
1916	11
1917	11
1918	11
1919	11
1920	11
1921	11
1922	11
1923	11
1924	6
1925	6
1926	6
1927	6
1928	6
1929	6
1930	6
1931	6
1932	6
1933	6
1934	6
1935	6
1936	6
1937	6
1938	6
1939	6
1940	6
1941	6
1942	6
1943	6
1944	6
1945	6
1946	6
1947	6
1948	6
1949	6
1950	6
1951	6
1952	6
1953	6
1954	6
1955	6
1956	6
1957	6
1958	6
1959	6
1960	6
1961	6
1962	6
1963	6
1964	6
1965	6
1966	6
1967	6
1968	6
1969	6
1970	6
1971	6
1972	6
1973	6
1974	6
1975	6
1976	4
1977	4
1978	4
1979	4
1980	4
1981	4
1982	4
1983	4
1984	4
1985	4
1986	4
1987	4
1988	4
1989	4
1990	4
1991	4
1992	4
1993	4
1994	4
1995	4
1996	4
1997	4
1998	4
1999	4
2000	4
2001	4
2002	4
2003	4
2004	4
2005	4
2006	4
2007	4
2008	4
2009	4
2010	4
2011	4
2012	4
2013	4
2014	4
2015	4
2016	4
2017	8
2018	8
2019	8
2020	8
2021	8
2022	8
2023	8
2024	13
2025	8
2026	8
2027	8
2028	8
2029	8
2030	13
2031	13
2032	13
2033	13
2034	13
2035	13
2036	13
2037	13
2038	1
2039	1
2040	1
2041	1
2042	1
2043	8
2044	8
2045	8
2046	13
2047	13
2048	1
2049	1
2050	8
2051	13
2052	13
2053	13
2054	13
2055	13
2056	13
2057	13
2058	4
2059	4
2060	4
2061	4
2062	4
2063	4
2064	4
2065	4
2066	4
2067	4
2068	8
2069	8
2070	8
2071	8
2072	8
2073	8
2074	8
2075	8
2076	8
2077	8
2078	8
2079	8
2080	8
2081	8
2082	8
2083	8
2084	8
2085	8
2086	8
2087	8
2088	8
2089	7
2090	7
2091	7
2092	7
2093	7
2094	7
2095	7
2096	6
2097	6
2098	6
2099	6
2100	6
2101	6
2102	6
2103	2
2104	2
2105	2
2106	2
2107	6
2108	6
2109	6
2110	2
2111	2
2112	2
2113	5
2114	5
2115	5
2116	5
2117	5
2118	3
2119	3
2120	5
2121	5
2122	5
2123	3
2124	8
2125	5
2126	5
2127	5
2128	5
2129	5
2130	5
2131	5
2132	5
2133	3
2134	5
2135	5
2136	3
2137	3
2138	3
2139	5
2140	3
2141	5
2142	5
2143	5
2144	3
2145	5
2146	3
2147	3
2148	5
2149	3
2150	5
2151	5
2152	5
2153	5
2154	5
2155	5
2156	5
2157	5
2158	5
2159	5
2160	5
2161	5
2162	5
2163	5
2164	5
2165	5
2166	5
2167	5
2168	5
2169	5
2170	5
2171	5
2172	5
2173	5
2174	3
2175	3
2176	3
2177	3
2178	5
2179	5
2180	5
2181	5
2182	5
2183	5
2184	5
2185	5
2186	5
2187	5
2188	3
2189	5
2190	5
2191	5
2192	5
2193	5
2194	3
2195	5
2196	3
2197	3
2198	5
2199	3
2200	5
2201	5
2202	3
2203	5
2204	5
2205	5
2206	5
2207	5
2208	5
2209	5
2210	5
2211	5
2212	5
2213	5
2214	5
2215	3
2216	3
2217	5
2218	5
2219	5
2220	5
2221	5
2222	5
2223	3
2224	5
2225	5
2226	5
2227	5
2228	5
2229	5
2230	5
2231	5
2232	5
2233	3
2234	3
2235	5
2236	3
2237	3
2238	3
2239	5
2240	5
2241	5
2242	3
2243	3
2244	3
2245	3
2246	5
2247	5
2248	5
2249	5
2250	5
2251	5
2252	5
2253	3
2254	3
2255	3
2256	5
2257	5
2258	5
2259	5
2260	5
2261	5
2262	5
2263	5
2264	5
2265	5
2266	3
2267	5
2268	5
2269	3
2270	3
2271	5
2272	5
2273	5
2274	5
2275	5
2276	5
2277	3
2278	5
2279	5
2280	5
2281	5
2282	5
2283	3
2284	8
2285	8
2286	5
2287	5
2288	5
2289	5
2290	5
2291	5
2292	5
2293	5
2294	5
2295	5
2296	5
2297	5
2298	3
2299	3
2300	3
2301	5
2302	3
2303	5
2304	3
2305	5
2306	5
2307	5
2308	5
2309	8
2310	8
2311	8
2312	9
2313	9
2314	9
2315	9
2316	9
2317	9
2318	9
2319	9
2320	9
2321	9
2322	9
2323	9
2324	9
2325	9
2326	9
2327	9
2328	9
2329	9
2330	6
2331	6
2332	6
2333	6
2334	6
2335	6
2336	6
2337	6
2338	6
2339	6
2340	6
2341	6
2342	6
2343	6
2344	6
2345	6
2346	9
2347	9
2348	9
2349	9
2350	9
2351	9
2352	9
2353	9
2354	9
2355	9
2356	9
2357	9
2358	9
2359	9
2360	9
2361	9
2362	9
2363	9
2364	9
2365	9
2366	3
2367	3
2368	3
2369	3
2370	3
2371	3
2372	3
2373	3
2374	3
2375	3
2376	3
2377	3
2378	3
2379	3
2380	3
2381	3
2382	3
2383	3
2384	3
2385	3
2386	3
2387	3
2388	3
2389	3
2390	3
2391	3
2392	3
2393	3
2394	3
2395	3
2396	3
2397	3
2398	3
2399	3
2400	3
2401	3
2402	3
2403	3
2404	3
2405	3
2406	3
2407	3
2408	3
2409	3
2410	3
2411	3
2412	3
2413	3
2414	3
2415	11
2416	11
2417	11
2418	11
2419	12
2420	12
2421	12
2422	12
2423	11
2424	11
2425	11
2426	11
2427	12
2428	12
2429	12
2430	12
2431	12
2432	12
2433	11
2434	12
2435	11
2436	11
2437	12
2438	12
2439	12
2440	12
2441	12
2442	11
2443	11
2444	11
2445	12
2446	12
2447	12
2448	11
2449	12
2450	12
2451	12
2452	12
2453	12
2454	11
2455	11
2456	11
2457	11
2458	11
2459	11
2460	12
2461	12
2462	11
2463	11
2464	11
2465	12
2466	12
2467	11
2468	11
2469	11
2470	11
2471	11
2472	12
2473	12
2474	12
2475	11
2476	11
2477	11
2478	11
2479	11
2480	12
2481	11
2482	11
2483	12
2484	11
2485	11
2486	11
2487	11
2488	12
2489	11
2490	12
2491	12
2492	11
2493	11
2494	11
2495	12
2496	12
2497	12
2498	12
2499	12
2500	11
2501	12
2502	12
2503	11
2504	12
2505	12
2506	11
2507	11
2508	12
2509	12
2510	12
2511	12
2512	12
2513	12
2514	12
2515	12
2516	12
2517	12
2518	12
2519	12
2520	12
2521	12
2522	12
2523	12
2524	12
2525	12
2526	12
2527	12
2528	12
2529	12
2530	12
2531	12
2532	12
2533	12
2534	12
2535	12
2536	12
2537	12
2538	12
2539	12
2540	12
2541	12
2542	12
2543	12
2544	12
2545	12
2546	12
2547	12
2548	12
2549	12
2550	12
2551	12
2552	12
2553	12
2554	12
2555	12
2556	12
2557	12
2558	12
2559	11
2560	12
2561	12
2562	12
2563	12
2564	11
2565	12
2566	12
2567	12
2568	12
2569	12
2570	12
2571	12
2572	12
2573	12
2574	12
2575	12
2576	12
2577	12
2578	12
2579	12
2580	12
2581	12
2582	12
2583	12
2584	12
2585	11
2586	11
2587	12
2588	12
2589	12
2590	12
2591	12
2592	12
2593	12
2594	11
2595	11
2596	11
2597	11
2598	11
2599	11
2600	12
2601	12
2602	11
2603	12
2604	12
2605	12
2606	13
2607	13
2608	13
2609	13
2610	13
2611	13
2612	13
2613	13
2614	13
2615	13
2616	13
2617	13
2618	13
2619	13
2620	13
2621	13
2622	13
2623	13
2624	13
2625	13
2626	13
2627	13
2628	13
2629	13
2630	13
2631	13
2632	13
2633	13
2634	13
2635	13
2636	13
2637	13
2638	13
2639	13
2640	8
2641	8
2642	8
2643	8
2644	8
2645	8
2646	4
2647	4
2648	8
2649	8
2650	8
2651	8
2652	8
2653	8
2654	8
2655	8
2656	8
2657	8
2658	8
2659	8
2660	8
2661	8
2662	8
2663	8
2664	4
2665	8
2666	8
2667	4
2668	8
2669	4
2670	4
2671	8
2672	8
2673	4
2674	8
2675	8
2676	8
2677	8
2678	8
2679	8
2680	4
2681	4
2682	4
2683	8
2684	8
2685	8
2686	8
2687	8
2688	6
2689	6
2690	6
2691	6
315	7
1657	10
