0	3
1	3
2	3
3	3
4	3
5	3
6	3
7	4
8	4
9	4
10	4
11	4
12	4
13	4
14	4
15	4
16	4
17	4
18	4
19	4
20	4
21	6
22	6
23	6
24	6
25	6
26	6
27	6
28	6
29	5
30	5
31	5
32	5
33	4
34	5
35	5
36	5
37	5
38	5
39	5
40	5
41	4
42	5
43	5
44	4
45	5
46	5
47	4
48	5
49	5
50	5
51	5
52	5
53	9
54	9
55	9
56	9
57	9
58	5
59	5
60	5
61	5
62	5
63	5
64	5
65	9
66	9
67	9
68	9
69	9
70	9
71	6
72	6
73	6
74	6
75	5
76	5
77	5
78	5
79	5
80	5
81	5
82	5
83	8
84	8
85	8
86	8
87	8
88	8
89	8
90	8
91	8
92	8
93	8
94	8
95	8
96	4
97	4
98	4
99	4
100	4
101	4
102	4
103	4
104	4
105	4
106	4
107	4
108	4
109	4
110	4
111	4
112	4
113	4
114	4
115	4
116	4
117	4
118	4
119	4
120	4
121	4
122	4
123	4
124	4
125	4
126	4
127	4
128	4
129	11
130	11
131	11
132	11
133	8
134	11
135	11
136	11
137	11
138	11
139	11
140	11
141	8
142	8
143	11
144	11
145	11
146	11
147	8
148	11
149	11
150	8
151	11
152	11
153	11
154	11
155	11
156	11
157	11
158	11
159	8
160	8
161	8
162	8
163	8
164	11
165	11
166	11
167	11
168	11
169	11
170	11
171	11
172	11
173	11
174	11
175	11
176	11
177	11
178	11
179	11
180	11
181	11
182	11
183	3
184	3
185	3
186	3
187	3
188	3
189	3
190	3
191	3
192	3
193	3
194	3
195	3
196	3
197	3
198	3
199	3
200	3
201	3
202	3
203	3
204	3
205	3
206	3
207	3
208	6
209	6
210	6
211	6
212	6
213	6
214	6
215	6
216	6
217	6
218	6
219	6
220	6
221	6
222	6
223	6
224	6
225	6
226	6
227	6
228	6
229	6
230	6
231	6
232	6
233	6
234	6
235	6
236	6
237	6
238	6
239	6
240	6
241	6
242	6
243	6
244	6
245	6
246	6
247	6
248	3
249	3
250	3
251	3
252	3
253	3
254	3
255	3
256	3
257	3
258	3
259	3
260	3
261	10
262	10
263	10
264	10
265	10
266	10
267	10
268	10
269	10
270	10
271	10
272	10
273	10
274	10
275	10
276	10
277	10
278	10
279	10
280	10
281	10
282	10
283	10
284	10
285	10
286	10
287	10
288	10
289	10
290	10
291	10
292	10
293	10
294	10
295	10
296	10
297	10
298	10
299	10
300	10
301	10
302	3
303	3
304	3
305	3
306	2
307	2
308	12
309	2
310	2
311	2
312	12
313	12
314	2
316	4
317	4
318	4
319	4
320	4
321	4
322	4
323	4
324	4
325	4
326	4
327	4
328	4
329	4
330	4
331	12
332	12
333	12
334	2
335	12
336	2
337	4
338	4
339	4
340	12
341	12
342	2
343	2
344	12
345	12
346	12
347	2
348	12
349	2
350	2
351	12
352	12
353	2
354	2
355	2
356	8
357	8
358	8
359	8
360	8
361	8
362	8
363	8
364	8
365	8
366	8
367	8
368	8
369	2
370	12
371	2
372	2
373	2
374	2
375	2
376	2
377	2
378	2
379	2
380	2
381	2
382	2
383	12
384	2
385	12
386	2
387	2
388	2
389	4
390	4
391	4
392	4
393	4
394	2
395	2
396	12
397	2
398	4
399	4
400	4
401	4
402	4
403	6
404	6
405	6
406	6
407	6
408	6
409	4
410	5
411	4
412	4
413	5
414	5
415	5
416	4
417	5
418	4
419	4
420	5
421	5
422	5
423	4
424	5
425	11
426	11
427	11
428	11
429	11
430	11
431	11
432	11
433	5
434	5
435	5
436	4
437	5
438	5
439	5
440	5
441	5
442	4
443	5
444	4
445	4
446	11
447	11
448	11
449	11
450	11
451	5
452	4
453	5
454	11
455	11
456	11
457	5
458	4
459	5
460	5
461	5
462	5
463	11
464	11
465	11
466	11
467	11
468	11
469	11
470	11
471	11
472	11
473	4
474	4
475	10
476	10
477	11
478	11
479	11
480	11
481	11
482	11
483	11
484	6
485	6
486	11
487	11
488	11
489	10
490	10
491	10
492	10
493	10
494	10
495	11
496	11
497	11
498	6
499	11
500	11
501	11
502	6
503	11
504	11
505	11
506	6
507	6
508	6
509	6
510	6
511	6
512	6
513	6
514	6
515	6
516	6
517	6
518	6
519	6
520	6
521	6
522	1
523	1
524	1
525	1
526	3
527	3
528	1
529	1
530	1
531	1
532	1
533	1
534	1
535	1
536	1
537	1
538	3
539	3
540	3
541	3
542	3
543	3
544	3
545	3
546	3
547	3
548	3
549	3
550	3
551	3
552	3
553	3
554	3
555	3
556	3
557	3
558	3
559	6
560	6
561	6
562	6
563	6
564	6
565	3
566	3
567	3
568	3
569	3
570	1
571	1
572	1
573	1
574	1
575	1
576	1
577	1
578	1
579	1
580	1
581	3
582	3
583	3
584	3
585	3
586	3
587	10
588	6
589	6
590	6
591	6
592	6
593	6
594	10
595	6
596	10
597	6
598	10
599	6
600	6
601	6
602	6
603	3
604	3
605	3
606	3
607	3
608	3
609	3
610	3
611	3
612	3
613	3
614	3
615	3
616	3
617	10
618	6
619	6
620	10
621	10
622	10
623	10
624	10
625	10
626	10
627	10
628	6
629	6
630	6
631	6
632	6
633	6
634	10
635	6
636	10
637	10
638	10
639	3
640	3
641	3
642	3
643	3
644	3
645	3
646	3
647	3
648	3
649	3
650	3
651	3
652	3
653	3
654	3
655	3
656	3
657	11
658	11
659	10
660	10
661	5
662	5
663	5
664	5
665	5
666	5
667	5
668	5
669	5
670	6
671	6
672	6
673	6
674	6
675	6
676	6
677	11
678	11
679	11
680	5
681	5
682	5
683	5
684	5
685	5
686	5
687	5
688	5
689	5
690	5
691	5
692	5
693	5
694	5
695	5
696	5
697	6
698	6
699	11
700	6
701	6
702	6
703	6
704	11
705	11
706	11
707	6
708	6
709	11
710	6
711	6
712	6
713	6
714	5
715	5
716	10
717	10
718	6
719	6
720	6
721	10
722	10
723	10
724	10
725	10
726	10
727	10
728	10
729	10
730	10
731	10
732	4
733	4
734	4
735	4
736	4
737	10
738	11
739	11
740	11
741	11
742	11
743	10
744	10
745	4
746	4
747	4
748	4
749	4
750	4
751	4
752	4
753	4
754	4
755	4
756	4
757	4
758	4
759	4
760	4
761	4
762	4
763	4
764	4
765	4
766	10
767	11
768	11
769	11
770	4
771	4
772	11
773	11
774	11
775	11
776	10
777	10
778	11
779	11
780	10
781	11
782	11
783	11
784	11
785	6
786	11
787	10
788	11
789	11
790	10
791	6
792	6
793	6
794	6
795	6
796	6
797	6
798	6
799	6
800	6
801	11
802	10
803	11
804	10
805	6
806	6
807	6
808	11
809	11
810	11
811	13
812	9
813	13
814	13
815	13
816	9
817	13
818	9
819	9
820	9
821	13
822	13
823	13
824	13
825	9
826	13
827	9
828	9
829	9
830	13
831	13
832	9
833	9
834	13
835	13
836	13
837	13
838	13
839	9
840	13
841	9
842	13
843	13
844	13
845	13
846	13
847	9
848	9
849	9
850	9
851	9
852	13
853	13
854	13
855	9
856	9
857	9
858	3
859	3
860	3
861	3
862	3
863	3
864	3
865	3
866	3
867	3
868	3
869	3
870	3
871	13
872	13
873	9
874	13
875	13
876	13
877	13
878	13
879	13
880	9
881	13
882	13
883	13
884	13
885	13
886	13
887	13
888	9
889	13
890	13
891	9
892	9
893	13
894	13
895	13
896	13
897	9
898	13
899	9
900	9
901	9
902	13
903	13
904	13
905	13
906	9
907	13
908	9
909	9
910	9
911	9
912	9
913	9
914	13
915	13
916	9
917	13
918	13
919	9
920	9
921	9
922	9
923	9
924	9
925	13
926	13
927	13
928	13
929	13
930	9
931	9
932	9
933	9
934	9
935	13
936	13
937	13
938	9
939	9
940	9
941	9
942	9
943	9
944	9
945	9
946	13
947	13
948	13
949	9
950	9
951	9
952	9
953	9
954	9
955	9
956	9
957	13
958	13
959	13
960	9
961	9
962	9
963	13
964	13
965	13
966	9
967	9
968	9
969	13
970	9
971	13
972	13
973	13
974	9
975	9
976	13
977	13
978	9
979	9
980	9
981	9
982	13
983	13
984	13
985	11
986	11
987	11
988	11
989	11
990	11
991	11
992	11
993	11
994	11
995	11
996	11
997	11
998	11
999	11
1000	11
1001	11
1002	11
1003	11
1004	11
1005	11
1006	11
1007	13
1008	13
1009	11
1010	13
1011	13
1012	13
1013	13
1014	13
1015	13
1016	13
1017	13
1018	13
1019	13
1020	13
1021	13
1022	13
1023	13
1024	13
1025	13
1026	13
1027	13
1028	13
1029	13
1030	13
1031	13
1032	13
1033	13
1034	13
1035	13
1036	13
1037	13
1038	13
1039	13
1040	13
1041	13
1042	13
1043	13
1044	13
1045	13
1046	13
1047	13
1048	13
1049	13
1050	13
1051	13
1052	13
1053	13
1054	13
1055	13
1056	13
1057	13
1058	13
1059	13
1060	13
1061	13
1062	13
1063	13
1064	13
1065	13
1066	13
1067	13
1068	13
1069	13
1070	13
1071	13
1072	13
1073	13
1074	13
1075	3
1076	3
1077	3
1078	3
1079	3
1080	3
1081	3
1082	3
1083	3
1084	3
1085	3
1086	3
1087	10
1088	10
1089	10
1090	10
1091	10
1092	10
1093	10
1094	6
1095	6
1096	6
1097	6
1098	6
1099	6
1100	6
1101	6
1102	6
1103	6
1104	6
1105	6
1106	6
1107	2
1108	2
1109	2
1110	2
1111	2
1112	2
1113	2
1114	2
1115	2
1116	9
1117	2
1118	2
1119	2
1120	2
1121	2
1122	2
1123	2
1124	2
1125	2
1126	2
1127	2
1128	2
1129	2
1130	2
1131	2
1132	2
1133	2
1134	2
1135	2
1136	9
1137	9
1138	9
1139	9
1140	2
1141	2
1142	2
1143	2
1144	2
1145	2
1146	9
1147	2
1148	2
1149	2
1150	2
1151	2
1152	2
1153	2
1154	2
1155	2
1156	2
1157	2
1158	2
1159	2
1160	2
1161	2
1162	2
1163	12
1164	12
1165	2
1166	2
1167	2
1168	2
1169	13
1170	13
1171	13
1172	13
1173	13
1174	13
1175	13
1176	13
1177	13
1178	13
1179	13
1180	13
1181	13
1182	13
1183	13
1184	13
1185	13
1186	13
1187	13
1188	13
1189	13
1190	13
1191	13
1192	13
1193	13
1194	13
1195	13
1196	13
1197	13
1198	13
1199	13
1200	9
1201	9
1202	9
1203	9
1204	9
1205	9
1206	9
1207	9
1208	9
1209	9
1210	9
1211	9
1212	9
1213	9
1214	9
1215	9
1216	9
1217	9
1218	9
1219	9
1220	9
1221	9
1222	9
1223	9
1224	9
1225	9
1226	9
1227	9
1228	9
1229	9
1230	9
1231	9
1232	9
1233	9
1234	9
1235	9
1236	9
1237	9
1238	9
1239	9
1240	10
1241	10
1242	6
1243	6
1244	6
1245	10
1246	6
1247	6
1248	6
1249	6
1250	6
1251	6
1252	6
1253	5
1254	5
1255	5
1256	5
1257	5
1258	6
1259	6
1260	6
1261	6
1262	6
1263	10
1264	5
1265	5
1266	5
1267	5
1268	5
1269	5
1270	5
1271	5
1272	5
1273	5
1274	5
1275	5
1276	5
1277	5
1278	6
1279	6
1280	6
1281	6
1282	10
1283	10
1284	5
1285	5
1286	5
1287	5
1288	2
1289	2
1290	2
1291	6
1292	6
1293	6
1294	2
1295	2
1296	6
1297	6
1298	6
1299	2
1300	6
1301	6
1302	2
1303	3
1304	3
1305	3
1306	3
1307	3
1308	3
1309	3
1310	3
1311	3
1312	3
1313	3
1314	9
1315	9
1316	9
1317	9
1318	9
1319	9
1320	9
1321	9
1322	9
1323	9
1324	9
1325	9
1326	9
1327	9
1328	9
1329	9
1330	9
1331	9
1332	9
1333	9
1334	9
1335	9
1336	9
1337	9
1338	9
1339	9
1340	9
1341	9
1342	9
1343	9
1344	9
1345	9
1346	3
1347	3
1348	3
1349	3
1350	3
1351	3
1352	3
1353	3
1354	3
1355	3
1356	3
1357	3
1358	3
1359	3
1360	3
1361	3
1362	3
1363	1
1364	1
1365	1
1366	1
1367	1
1368	1
1369	1
1370	1
1371	1
1372	1
1373	1
1374	1
1375	1
1376	1
1377	1
1378	1
1379	1
1380	1
1381	2
1382	2
1383	2
1384	2
1385	2
1386	2
1387	2
1388	2
1389	2
1390	2
1391	2
1392	2
1393	2
1394	2
1395	2
1396	2
1397	5
1398	5
1399	5
1400	5
1401	5
1402	5
1403	5
1404	5
1405	5
1406	5
1407	5
1408	5
1409	5
1410	5
1411	5
1412	5
1413	5
1414	5
1415	5
1416	5
1417	5
1418	5
1419	5
1420	5
1421	5
1422	5
1423	5
1424	5
1425	5
1426	5
1427	5
1428	1
1429	1
1430	1
1431	1
1432	1
1433	1
1434	1
1435	1
1436	1
1437	1
1438	1
1439	1
1440	1
1441	4
1442	4
1443	4
1444	4
1445	4
1446	4
1447	4
1448	4
1449	4
1450	4
1451	4
1452	4
1453	4
1454	4
1455	1
1456	1
1457	1
1458	1
1459	1
1460	1
1461	1
1462	1
1463	1
1464	1
1465	6
1466	6
1467	6
1468	6
1469	6
1470	6
1471	6
1472	6
1473	6
1474	6
1475	6
1476	6
1477	6
1478	6
1479	6
1480	6
1481	6
1482	6
1483	6
1484	6
1485	6
1486	6
1487	6
1488	6
1489	4
1490	4
1491	4
1492	4
1493	4
1494	4
1495	4
1496	4
1497	4
1498	4
1499	4
1500	4
1501	5
1502	5
1503	5
1504	5
1505	5
1506	5
1507	5
1508	5
1509	5
1510	5
1511	5
1512	5
1513	5
1514	5
1515	5
1516	5
1517	5
1518	5
1519	5
1520	5
1521	5
1522	5
1523	5
1524	5
1525	5
1526	5
1527	5
1528	5
1529	11
1530	11
1531	11
1532	11
1533	11
1534	11
1535	11
1536	11
1537	11
1538	11
1539	11
1540	11
1541	11
1542	11
1543	11
1544	11
1545	11
1546	11
1547	11
1548	11
1549	11
1550	11
1551	11
1552	8
1553	8
1554	1
1555	1
1556	1
1557	1
1558	8
1559	8
1560	8
1561	8
1562	1
1563	8
1564	8
1565	8
1566	8
1567	8
1568	8
1569	8
1570	8
1571	8
1572	8
1573	8
1574	8
1575	8
1576	4
1577	4
1578	4
1579	4
1580	4
1581	4
1582	4
1583	4
1584	4
1585	4
1586	4
1587	4
1588	4
1589	4
1590	4
1591	4
1592	4
1593	3
1594	3
1595	3
1596	3
1597	3
1598	3
1599	3
1600	3
1601	3
1602	1
1603	8
1604	1
1605	1
1606	1
1607	8
1608	1
1609	1
1610	1
1611	1
1612	1
1613	8
1614	8
1615	1
1616	1
1617	1
1618	6
1619	6
1620	6
1621	6
1622	6
1623	6
1624	6
1625	6
1626	6
1627	6
1628	6
1629	9
1630	9
1631	9
1632	9
1633	9
1634	9
1635	9
1636	9
1637	9
1638	9
1639	9
1640	9
1641	9
1642	9
1643	9
1644	6
1645	6
1646	6
1647	6
1648	6
1649	9
1650	9
1651	9
1652	9
1653	9
1654	9
1655	9
1656	9
1658	9
1659	9
1660	9
1661	9
1662	9
1663	9
1664	9
1665	9
1666	9
1667	9
1668	9
1669	9
1670	9
1671	9
1672	9
1673	6
1674	9
1675	9
1676	9
1677	6
1678	10
1679	10
1680	10
1681	10
1682	10
1683	10
1684	10
1685	4
1686	4
1687	4
1688	4
1689	4
1690	4
1691	4
1692	4
1693	4
1694	4
1695	4
1696	4
1697	4
1698	4
1699	4
1700	4
1701	4
1702	4
1703	7
1704	7
1705	4
1706	4
1707	4
1708	4
1709	4
1710	4
1711	4
1712	4
1713	6
1714	6
1715	6
1716	6
1717	6
1718	6
1719	6
1720	6
1721	6
1722	6
1723	6
1724	6
1725	4
1726	4
1727	4
1728	6
1729	4
1730	4
1731	4
1732	4
1733	4
1734	4
1735	4
1736	4
1737	4
1738	4
1739	4
1740	4
1741	4
1742	5
1743	5
1744	5
1745	5
1746	5
1747	5
1748	5
1749	5
1750	5
1751	5
1752	5
1753	5
1754	5
1755	5
1756	5
1757	6
1758	6
1759	6
1760	6
1761	5
1762	5
1763	5
1764	5
1765	5
1766	5
1767	5
1768	5
1769	5
1770	5
1771	5
1772	5
1773	5
1774	6
1775	6
1776	6
1777	6
1778	6
1779	6
1780	6
1781	6
1782	6
1783	6
1784	6
1785	6
1786	6
1787	5
1788	5
1789	5
1790	5
1791	5
1792	5
1793	5
1794	5
1795	6
1796	6
1797	6
1798	6
1799	5
1800	5
1801	5
1802	5
1803	5
1804	5
1805	5
1806	5
1807	5
1808	5
1809	4
1810	1
1811	1
1812	1
1813	1
1814	1
1815	1
1816	4
1817	1
1818	4
1819	4
1820	4
1821	1
1822	4
1823	1
1824	1
1825	4
1826	4
1827	1
1828	4
1829	1
1830	6
1831	6
1832	6
1833	6
1834	6
1835	1
1836	1
1837	6
1838	4
1839	4
1840	8
1841	8
1842	8
1843	8
1844	8
1845	4
1846	1
1847	4
1848	4
1849	1
1850	1
1851	4
1852	1
1853	1
1854	1
1855	1
1856	1
1857	6
1858	6
1859	6
1860	6
1861	6
1862	6
1863	1
1864	1
1865	1
1866	1
1867	1
1868	4
1869	1
1870	4
1871	4
1872	10
1873	10
1874	10
1875	10
1876	10
1877	10
1878	10
1879	10
1880	10
1881	10
1882	10
1883	10
1884	10
1885	10
1886	10
1887	10
1888	10
1889	10
1890	10
1891	10
1892	10
1893	10
1894	10
1895	3
1896	3
1897	3
1898	2
1899	2
1900	2
1901	2
1902	2
1903	2
1904	3
1905	3
1906	3
1907	3
1908	3
1909	3
1910	3
1911	3
1912	3
1913	3
1914	3
1915	3
1916	2
1917	2
1918	2
1919	2
1920	2
1921	2
1922	2
1923	2
1924	3
1925	3
1926	3
1927	3
1928	3
1929	3
1930	3
1931	3
1932	3
1933	3
1934	3
1935	3
1936	3
1937	3
1938	3
1939	3
1940	3
1941	3
1942	3
1943	3
1944	3
1945	3
1946	3
1947	3
1948	3
1949	3
1950	3
1951	3
1952	3
1953	3
1954	3
1955	3
1956	3
1957	3
1958	3
1959	3
1960	3
1961	3
1962	3
1963	3
1964	3
1965	3
1966	3
1967	3
1968	3
1969	3
1970	3
1971	3
1972	3
1973	3
1974	3
1975	3
1976	8
1977	8
1978	8
1979	8
1980	8
1981	8
1982	8
1983	8
1984	8
1985	8
1986	8
1987	8
1988	8
1989	8
1990	8
1991	8
1992	8
1993	8
1994	8
1995	8
1996	8
1997	8
1998	8
1999	8
2000	8
2001	8
2002	8
2003	8
2004	8
2005	8
2006	8
2007	8
2008	8
2009	8
2010	8
2011	8
2012	8
2013	8
2014	8
2015	8
2016	8
2017	10
2018	10
2019	10
2020	10
2021	10
2022	10
2023	10
2024	10
2025	10
2026	10
2027	10
2028	10
2029	10
2030	11
2031	11
2032	11
2033	11
2034	10
2035	10
2036	10
2037	10
2038	10
2039	10
2040	10
2041	10
2042	10
2043	10
2044	10
2045	10
2046	10
2047	11
2048	10
2049	10
2050	10
2051	10
2052	10
2053	10
2054	10
2055	10
2056	10
2057	11
2058	8
2059	8
2060	8
2061	8
2062	8
2063	8
2064	8
2065	8
2066	8
2067	8
2068	10
2069	10
2070	10
2071	10
2072	10
2073	6
2074	10
2075	10
2076	10
2077	6
2078	6
2079	10
2080	6
2081	10
2082	10
2083	10
2084	10
2085	10
2086	10
2087	10
2088	10
2089	4
2090	4
2091	4
2092	4
2093	4
2094	4
2095	4
2096	3
2097	3
2098	3
2099	3
2100	3
2101	3
2102	3
2103	5
2104	5
2105	5
2106	5
2107	3
2108	3
2109	3
2110	5
2111	5
2112	5
2113	7
2114	7
2115	7
2116	7
2117	7
2118	1
2119	1
2120	7
2121	7
2122	7
2123	1
2124	10
2125	7
2126	7
2127	7
2128	7
2129	7
2130	7
2131	7
2132	7
2133	1
2134	7
2135	7
2136	1
2137	1
2138	1
2139	7
2140	1
2141	7
2142	7
2143	7
2144	7
2145	7
2146	1
2147	1
2148	7
2149	1
2150	7
2151	7
2152	7
2153	7
2154	7
2155	7
2156	7
2157	7
2158	7
2159	7
2160	7
2161	7
2162	7
2163	7
2164	7
2165	7
2166	7
2167	7
2168	7
2169	7
2170	7
2171	7
2172	7
2173	7
2174	1
2175	1
2176	1
2177	1
2178	7
2179	7
2180	7
2181	7
2182	7
2183	7
2184	7
2185	7
2186	7
2187	7
2188	1
2189	7
2190	7
2191	7
2192	7
2193	7
2194	1
2195	7
2196	1
2197	1
2198	7
2199	1
2200	7
2201	7
2202	7
2203	7
2204	7
2205	7
2206	7
2207	7
2208	7
2209	7
2210	7
2211	7
2212	7
2213	7
2214	7
2215	1
2216	1
2217	7
2218	7
2219	7
2220	7
2221	7
2222	7
2223	1
2224	7
2225	7
2226	7
2227	7
2228	7
2229	7
2230	7
2231	7
2232	7
2233	1
2234	1
2235	7
2236	1
2237	1
2238	1
2239	7
2240	7
2241	7
2242	1
2243	1
2244	1
2245	1
2246	7
2247	7
2248	7
2249	7
2250	7
2251	7
2252	7
2253	1
2254	1
2255	1
2256	7
2257	7
2258	7
2259	7
2260	7
2261	7
2262	7
2263	7
2264	7
2265	7
2266	7
2267	7
2268	7
2269	1
2270	1
2271	7
2272	7
2273	7
2274	7
2275	7
2276	7
2277	1
2278	7
2279	7
2280	7
2281	7
2282	7
2283	1
2284	10
2285	10
2286	7
2287	7
2288	7
2289	7
2290	7
2291	7
2292	7
2293	7
2294	7
2295	7
2296	7
2297	7
2298	1
2299	1
2300	1
2301	7
2302	1
2303	7
2304	1
2305	7
2306	7
2307	7
2308	7
2309	10
2310	10
2311	10
2312	13
2313	13
2314	13
2315	13
2316	13
2317	13
2318	13
2319	13
2320	13
2321	13
2322	13
2323	13
2324	13
2325	13
2326	13
2327	13
2328	13
2329	13
2330	3
2331	3
2332	3
2333	3
2334	3
2335	3
2336	3
2337	3
2338	3
2339	3
2340	3
2341	3
2342	3
2343	3
2344	3
2345	3
2346	13
2347	13
2348	13
2349	13
2350	13
2351	13
2352	13
2353	13
2354	13
2355	13
2356	13
2357	13
2358	13
2359	13
2360	13
2361	13
2362	13
2363	13
2364	13
2365	13
2366	1
2367	1
2368	1
2369	1
2370	1
2371	1
2372	1
2373	1
2374	1
2375	1
2376	1
2377	1
2378	1
2379	1
2380	1
2381	1
2382	1
2383	1
2384	1
2385	1
2386	1
2387	1
2388	1
2389	1
2390	1
2391	1
2392	1
2393	1
2394	1
2395	1
2396	1
2397	1
2398	1
2399	1
2400	1
2401	1
2402	1
2403	1
2404	1
2405	1
2406	1
2407	1
2408	1
2409	1
2410	1
2411	1
2412	1
2413	1
2414	1
2415	12
2416	12
2417	12
2418	12
2419	12
2420	12
2421	12
2422	12
2423	12
2424	12
2425	12
2426	12
2427	12
2428	12
2429	12
2430	12
2431	2
2432	12
2433	12
2434	12
2435	12
2436	12
2437	12
2438	12
2439	12
2440	12
2441	12
2442	12
2443	12
2444	12
2445	12
2446	12
2447	12
2448	12
2449	12
2450	12
2451	12
2452	12
2453	12
2454	2
2455	12
2456	2
2457	12
2458	12
2459	12
2460	12
2461	12
2462	12
2463	12
2464	12
2465	12
2466	12
2467	12
2468	12
2469	12
2470	12
2471	12
2472	12
2473	12
2474	12
2475	12
2476	12
2477	12
2478	12
2479	12
2480	12
2481	12
2482	12
2483	12
2484	12
2485	12
2486	12
2487	2
2488	12
2489	12
2490	12
2491	12
2492	12
2493	12
2494	2
2495	12
2496	2
2497	2
2498	2
2499	2
2500	12
2501	12
2502	2
2503	12
2504	2
2505	2
2506	12
2507	12
2508	2
2509	2
2510	2
2511	2
2512	2
2513	2
2514	2
2515	12
2516	12
2517	12
2518	12
2519	12
2520	12
2521	12
2522	12
2523	2
2524	12
2525	12
2526	12
2527	12
2528	2
2529	2
2530	12
2531	2
2532	2
2533	2
2534	2
2535	2
2536	2
2537	2
2538	12
2539	12
2540	12
2541	12
2542	2
2543	12
2544	12
2545	12
2546	12
2547	2
2548	12
2549	2
2550	12
2551	12
2552	12
2553	12
2554	12
2555	12
2556	12
2557	12
2558	2
2559	12
2560	2
2561	2
2562	2
2563	12
2564	12
2565	2
2566	12
2567	12
2568	12
2569	2
2570	2
2571	2
2572	2
2573	2
2574	2
2575	12
2576	12
2577	12
2578	12
2579	12
2580	12
2581	12
2582	12
2583	12
2584	12
2585	12
2586	12
2587	2
2588	2
2589	2
2590	2
2591	2
2592	2
2593	2
2594	12
2595	12
2596	12
2597	12
2598	12
2599	12
2600	12
2601	12
2602	12
2603	12
2604	12
2605	12
2606	10
2607	10
2608	10
2609	10
2610	10
2611	10
2612	10
2613	10
2614	10
2615	10
2616	10
2617	10
2618	10
2619	10
2620	10
2621	10
2622	10
2623	10
2624	10
2625	10
2626	10
2627	10
2628	10
2629	10
2630	10
2631	10
2632	10
2633	10
2634	10
2635	10
2636	10
2637	10
2638	10
2639	10
2640	8
2641	8
2642	8
2643	8
2644	11
2645	8
2646	8
2647	8
2648	8
2649	8
2650	8
2651	8
2652	8
2653	8
2654	8
2655	8
2656	11
2657	11
2658	11
2659	8
2660	11
2661	11
2662	11
2663	8
2664	8
2665	8
2666	11
2667	8
2668	8
2669	8
2670	8
2671	8
2672	11
2673	8
2674	11
2675	11
2676	8
2677	8
2678	11
2679	8
2680	8
2681	8
2682	8
2683	8
2684	8
2685	8
2686	8
2687	8
2688	3
2689	3
2690	3
2691	3
315	4
1657	9
