0	5
1	5
2	5
3	5
4	5
5	5
6	5
7	4
8	4
9	4
10	4
11	8
12	4
13	4
14	8
15	8
16	8
17	8
18	8
19	8
20	8
21	12
22	12
23	12
24	12
25	12
26	12
27	12
28	12
29	9
30	9
31	9
32	9
33	9
34	9
35	9
36	9
37	9
38	9
39	9
40	9
41	9
42	9
43	9
44	9
45	9
46	9
47	9
48	9
49	9
50	9
51	9
52	9
53	1
54	1
55	1
56	1
57	1
58	9
59	9
60	9
61	9
62	9
63	9
64	9
65	1
66	1
67	1
68	1
69	1
70	1
71	12
72	12
73	12
74	12
75	9
76	9
77	9
78	9
79	9
80	9
81	9
82	9
83	6
84	6
85	6
86	6
87	6
88	6
89	6
90	6
91	6
92	6
93	6
94	6
95	6
96	8
97	8
98	8
99	8
100	8
101	4
102	4
103	8
104	4
105	8
106	8
107	8
108	8
109	8
110	8
111	8
112	8
113	8
114	4
115	4
116	8
117	8
118	8
119	8
120	8
121	8
122	8
123	4
124	8
125	8
126	8
127	8
128	8
129	13
130	13
131	13
132	13
133	13
134	13
135	13
136	13
137	13
138	13
139	13
140	13
141	13
142	13
143	13
144	13
145	13
146	13
147	13
148	13
149	13
150	13
151	13
152	13
153	13
154	13
155	13
156	13
157	13
158	13
159	13
160	13
161	13
162	13
163	13
164	13
165	13
166	6
167	6
168	6
169	13
170	6
171	6
172	6
173	6
174	13
175	13
176	13
177	6
178	13
179	6
180	6
181	13
182	13
183	5
184	5
185	5
186	5
187	5
188	5
189	5
190	5
191	5
192	5
193	5
194	5
195	5
196	5
197	5
198	5
199	5
200	5
201	5
202	5
203	5
204	5
205	5
206	5
207	5
208	12
209	12
210	12
211	12
212	12
213	12
214	12
215	12
216	12
217	12
218	12
219	12
220	12
221	12
222	12
223	12
224	12
225	12
226	12
227	12
228	12
229	12
230	12
231	12
232	12
233	12
234	12
235	12
236	12
237	12
238	12
239	12
240	12
241	12
242	12
243	12
244	12
245	12
246	12
247	12
248	5
249	5
250	5
251	5
252	5
253	5
254	5
255	5
256	5
257	5
258	5
259	5
260	5
261	3
262	3
263	3
264	3
265	3
266	3
267	3
268	3
269	3
270	3
271	3
272	3
273	3
274	3
275	3
276	3
277	3
278	3
279	3
280	3
281	3
282	3
283	3
284	3
285	3
286	3
287	3
288	3
289	3
290	3
291	3
292	3
293	3
294	3
295	3
296	3
297	3
298	3
299	3
300	3
301	3
302	5
303	5
304	5
305	5
306	10
307	1
308	1
309	10
310	10
311	10
312	1
313	1
314	10
316	7
317	7
318	7
319	7
320	7
321	7
322	7
323	7
324	7
325	7
326	7
327	7
328	7
329	7
330	7
331	1
332	1
333	1
334	10
335	1
336	10
337	7
338	7
339	7
340	1
341	1
342	10
343	10
344	1
345	1
346	1
347	10
348	1
349	10
350	10
351	1
352	1
353	10
354	1
355	1
356	13
357	13
358	6
359	13
360	13
361	6
362	13
363	13
364	13
365	6
366	13
367	6
368	13
369	10
370	1
371	1
372	10
373	10
374	10
375	10
376	10
377	10
378	10
379	10
380	10
381	1
382	1
383	10
384	10
385	1
386	10
387	10
388	10
389	7
390	7
391	7
392	7
393	7
394	10
395	10
396	1
397	10
398	7
399	7
400	7
401	7
402	7
403	12
404	12
405	12
406	12
407	12
408	12
409	8
410	9
411	8
412	8
413	9
414	9
415	9
416	8
417	9
418	8
419	8
420	9
421	9
422	9
423	8
424	9
425	6
426	6
427	6
428	6
429	6
430	6
431	6
432	6
433	9
434	9
435	9
436	9
437	9
438	9
439	8
440	9
441	9
442	8
443	9
444	8
445	8
446	6
447	6
448	6
449	6
450	6
451	9
452	8
453	8
454	6
455	6
456	6
457	9
458	8
459	9
460	9
461	9
462	9
463	6
464	6
465	6
466	6
467	6
468	6
469	6
470	6
471	6
472	6
473	8
474	8
475	3
476	3
477	13
478	13
479	13
480	13
481	13
482	13
483	13
484	12
485	12
486	13
487	13
488	13
489	3
490	3
491	3
492	3
493	3
494	3
495	13
496	13
497	13
498	12
499	13
500	13
501	13
502	12
503	13
504	13
505	13
506	12
507	12
508	12
509	12
510	12
511	12
512	12
513	12
514	12
515	12
516	12
517	12
518	12
519	12
520	12
521	12
522	4
523	4
524	4
525	4
526	5
527	5
528	4
529	4
530	4
531	4
532	4
533	4
534	4
535	4
536	4
537	4
538	5
539	5
540	5
541	5
542	5
543	5
544	5
545	5
546	5
547	5
548	5
549	5
550	5
551	5
552	5
553	5
554	5
555	5
556	5
557	5
558	5
559	12
560	12
561	12
562	12
563	12
564	12
565	5
566	5
567	5
568	5
569	5
570	4
571	4
572	4
573	4
574	4
575	4
576	4
577	4
578	4
579	4
580	4
581	5
582	5
583	5
584	5
585	5
586	5
587	3
588	12
589	12
590	12
591	12
592	12
593	12
594	3
595	12
596	3
597	12
598	3
599	12
600	12
601	12
602	12
603	5
604	5
605	5
606	5
607	5
608	5
609	5
610	5
611	5
612	5
613	5
614	5
615	5
616	5
617	3
618	12
619	12
620	3
621	3
622	3
623	3
624	3
625	3
626	3
627	3
628	12
629	12
630	12
631	12
632	3
633	12
634	3
635	12
636	3
637	3
638	3
639	5
640	5
641	5
642	5
643	5
644	5
645	5
646	5
647	5
648	5
649	5
650	5
651	5
652	5
653	5
654	5
655	5
656	5
657	13
658	13
659	13
660	13
661	9
662	9
663	9
664	9
665	9
666	9
667	9
668	9
669	9
670	3
671	3
672	3
673	3
674	3
675	3
676	3
677	3
678	3
679	3
680	9
681	9
682	9
683	9
684	9
685	9
686	9
687	9
688	9
689	9
690	9
691	9
692	9
693	9
694	9
695	9
696	9
697	3
698	3
699	3
700	3
701	3
702	3
703	3
704	3
705	3
706	13
707	3
708	3
709	3
710	3
711	3
712	3
713	3
714	9
715	9
716	12
717	12
718	3
719	3
720	3
721	12
722	12
723	12
724	12
725	12
726	12
727	12
728	12
729	12
730	12
731	12
732	8
733	8
734	8
735	8
736	8
737	13
738	13
739	13
740	13
741	13
742	13
743	13
744	13
745	8
746	8
747	8
748	8
749	8
750	8
751	8
752	8
753	8
754	8
755	8
756	8
757	8
758	8
759	8
760	8
761	8
762	8
763	8
764	8
765	8
766	13
767	13
768	13
769	13
770	8
771	8
772	13
773	13
774	13
775	13
776	13
777	13
778	13
779	13
780	13
781	13
782	13
783	13
784	13
785	12
786	13
787	13
788	13
789	13
790	13
791	12
792	12
793	12
794	12
795	12
796	12
797	12
798	12
799	12
800	12
801	13
802	13
803	13
804	13
805	12
806	12
807	12
808	13
809	13
810	13
811	7
812	10
813	7
814	7
815	7
816	10
817	7
818	10
819	10
820	10
821	7
822	7
823	7
824	7
825	10
826	10
827	10
828	10
829	10
830	7
831	7
832	10
833	10
834	7
835	7
836	7
837	7
838	7
839	10
840	7
841	10
842	7
843	7
844	7
845	7
846	10
847	10
848	10
849	10
850	10
851	10
852	7
853	7
854	10
855	10
856	10
857	10
858	5
859	5
860	5
861	5
862	5
863	5
864	5
865	5
866	5
867	5
868	5
869	5
870	5
871	7
872	7
873	10
874	10
875	10
876	10
877	7
878	10
879	10
880	10
881	7
882	7
883	7
884	7
885	7
886	7
887	10
888	10
889	10
890	10
891	10
892	10
893	7
894	7
895	7
896	7
897	10
898	10
899	10
900	10
901	10
902	7
903	7
904	7
905	7
906	10
907	10
908	10
909	10
910	10
911	10
912	10
913	10
914	7
915	7
916	10
917	7
918	10
919	10
920	10
921	10
922	10
923	10
924	10
925	7
926	10
927	7
928	7
929	7
930	10
931	10
932	10
933	10
934	10
935	7
936	7
937	10
938	10
939	10
940	10
941	10
942	10
943	10
944	10
945	10
946	10
947	10
948	7
949	10
950	10
951	10
952	10
953	10
954	10
955	10
956	10
957	7
958	7
959	7
960	10
961	10
962	10
963	7
964	7
965	7
966	10
967	10
968	10
969	7
970	10
971	10
972	7
973	7
974	10
975	10
976	7
977	7
978	10
979	10
980	10
981	10
982	7
983	7
984	7
985	13
986	13
987	13
988	13
989	13
990	13
991	13
992	13
993	13
994	13
995	13
996	13
997	13
998	13
999	13
1000	13
1001	13
1002	13
1003	13
1004	13
1005	13
1006	13
1007	7
1008	7
1009	13
1010	8
1011	7
1012	7
1013	7
1014	7
1015	7
1016	7
1017	8
1018	7
1019	7
1020	7
1021	7
1022	7
1023	7
1024	7
1025	7
1026	7
1027	8
1028	7
1029	7
1030	7
1031	7
1032	7
1033	7
1034	7
1035	7
1036	7
1037	8
1038	7
1039	7
1040	7
1041	7
1042	8
1043	7
1044	7
1045	7
1046	7
1047	7
1048	7
1049	7
1050	7
1051	7
1052	7
1053	7
1054	7
1055	7
1056	8
1057	7
1058	7
1059	7
1060	7
1061	7
1062	7
1063	7
1064	7
1065	8
1066	7
1067	8
1068	7
1069	7
1070	8
1071	7
1072	7
1073	7
1074	7
1075	9
1076	9
1077	9
1078	9
1079	9
1080	9
1081	9
1082	9
1083	9
1084	9
1085	9
1086	9
1087	3
1088	3
1089	3
1090	3
1091	3
1092	3
1093	3
1094	12
1095	12
1096	12
1097	12
1098	12
1099	12
1100	12
1101	12
1102	12
1103	12
1104	12
1105	12
1106	12
1107	10
1108	10
1109	10
1110	10
1111	10
1112	10
1113	10
1114	10
1115	10
1116	10
1117	10
1118	10
1119	10
1120	10
1121	10
1122	10
1123	10
1124	10
1125	10
1126	10
1127	10
1128	10
1129	10
1130	10
1131	10
1132	10
1133	10
1134	10
1135	10
1136	10
1137	10
1138	10
1139	10
1140	10
1141	10
1142	10
1143	10
1144	10
1145	10
1146	10
1147	10
1148	10
1149	10
1150	10
1151	10
1152	10
1153	10
1154	1
1155	1
1156	1
1157	1
1158	1
1159	1
1160	1
1161	1
1162	1
1163	1
1164	1
1165	1
1166	1
1167	1
1168	1
1169	7
1170	8
1171	7
1172	7
1173	7
1174	7
1175	7
1176	7
1177	7
1178	7
1179	7
1180	7
1181	7
1182	7
1183	7
1184	8
1185	7
1186	7
1187	7
1188	7
1189	7
1190	8
1191	7
1192	7
1193	7
1194	8
1195	7
1196	7
1197	7
1198	7
1199	7
1200	11
1201	11
1202	11
1203	11
1204	11
1205	11
1206	11
1207	11
1208	11
1209	11
1210	11
1211	11
1212	11
1213	11
1214	11
1215	11
1216	11
1217	11
1218	11
1219	11
1220	11
1221	11
1222	11
1223	11
1224	11
1225	11
1226	11
1227	11
1228	11
1229	11
1230	11
1231	11
1232	11
1233	11
1234	11
1235	11
1236	11
1237	11
1238	11
1239	11
1240	3
1241	3
1242	3
1243	12
1244	3
1245	3
1246	3
1247	3
1248	12
1249	12
1250	3
1251	12
1252	3
1253	9
1254	9
1255	9
1256	9
1257	9
1258	12
1259	12
1260	12
1261	12
1262	3
1263	3
1264	9
1265	9
1266	9
1267	9
1268	9
1269	9
1270	9
1271	9
1272	9
1273	9
1274	9
1275	9
1276	9
1277	9
1278	12
1279	12
1280	12
1281	12
1282	3
1283	3
1284	9
1285	9
1286	9
1287	9
1288	12
1289	12
1290	12
1291	12
1292	12
1293	12
1294	12
1295	12
1296	12
1297	12
1298	12
1299	12
1300	12
1301	12
1302	12
1303	9
1304	9
1305	9
1306	9
1307	9
1308	9
1309	9
1310	9
1311	9
1312	9
1313	9
1314	10
1315	10
1316	10
1317	10
1318	10
1319	10
1320	10
1321	10
1322	10
1323	10
1324	10
1325	10
1326	10
1327	10
1328	10
1329	10
1330	10
1331	10
1332	10
1333	10
1334	10
1335	10
1336	10
1337	10
1338	10
1339	10
1340	10
1341	10
1342	10
1343	10
1344	10
1345	10
1346	9
1347	9
1348	9
1349	9
1350	9
1351	9
1352	9
1353	9
1354	9
1355	9
1356	9
1357	9
1358	9
1359	9
1360	9
1361	9
1362	9
1363	11
1364	11
1365	11
1366	11
1367	11
1368	11
1369	11
1370	11
1371	11
1372	11
1373	11
1374	11
1375	11
1376	11
1377	11
1378	11
1379	11
1380	11
1381	12
1382	12
1383	12
1384	12
1385	12
1386	12
1387	12
1388	12
1389	12
1390	12
1391	12
1392	12
1393	12
1394	12
1395	12
1396	12
1397	9
1398	9
1399	9
1400	9
1401	9
1402	9
1403	9
1404	9
1405	9
1406	9
1407	9
1408	9
1409	9
1410	9
1411	9
1412	9
1413	9
1414	9
1415	9
1416	9
1417	9
1418	9
1419	9
1420	9
1421	9
1422	9
1423	9
1424	9
1425	9
1426	9
1427	9
1428	4
1429	4
1430	4
1431	4
1432	4
1433	4
1434	4
1435	4
1436	4
1437	4
1438	4
1439	4
1440	4
1441	8
1442	8
1443	8
1444	8
1445	8
1446	8
1447	8
1448	8
1449	8
1450	8
1451	8
1452	8
1453	8
1454	8
1455	4
1456	4
1457	4
1458	4
1459	4
1460	4
1461	4
1462	4
1463	4
1464	4
1465	12
1466	12
1467	12
1468	12
1469	12
1470	12
1471	12
1472	12
1473	12
1474	12
1475	12
1476	12
1477	12
1478	12
1479	12
1480	12
1481	12
1482	12
1483	12
1484	12
1485	12
1486	12
1487	12
1488	12
1489	7
1490	7
1491	7
1492	7
1493	7
1494	7
1495	7
1496	7
1497	7
1498	7
1499	7
1500	7
1501	5
1502	5
1503	5
1504	5
1505	5
1506	5
1507	5
1508	5
1509	5
1510	5
1511	5
1512	5
1513	5
1514	5
1515	5
1516	5
1517	5
1518	5
1519	5
1520	5
1521	5
1522	5
1523	5
1524	5
1525	5
1526	5
1527	5
1528	5
1529	6
1530	6
1531	6
1532	6
1533	6
1534	6
1535	6
1536	6
1537	6
1538	6
1539	6
1540	6
1541	6
1542	6
1543	6
1544	6
1545	6
1546	6
1547	6
1548	6
1549	6
1550	6
1551	6
1552	6
1553	6
1554	11
1555	11
1556	11
1557	11
1558	11
1559	6
1560	11
1561	6
1562	11
1563	6
1564	11
1565	11
1566	11
1567	6
1568	6
1569	11
1570	11
1571	11
1572	6
1573	11
1574	11
1575	6
1576	8
1577	8
1578	8
1579	8
1580	8
1581	8
1582	8
1583	8
1584	8
1585	8
1586	8
1587	8
1588	8
1589	8
1590	8
1591	8
1592	8
1593	9
1594	9
1595	9
1596	9
1597	9
1598	9
1599	9
1600	9
1601	9
1602	6
1603	6
1604	4
1605	6
1606	6
1607	6
1608	4
1609	4
1610	4
1611	4
1612	4
1613	6
1614	6
1615	6
1616	6
1617	4
1618	12
1619	12
1620	12
1621	12
1622	12
1623	12
1624	12
1625	12
1626	12
1627	12
1628	12
1629	8
1630	8
1631	8
1632	8
1633	8
1634	8
1635	8
1636	8
1637	8
1638	8
1639	8
1640	8
1641	8
1642	8
1643	8
1644	12
1645	12
1646	12
1647	12
1648	12
1649	8
1650	8
1651	8
1652	8
1653	8
1654	8
1655	8
1656	8
1658	8
1659	8
1660	8
1661	8
1662	8
1663	8
1664	8
1665	8
1666	8
1667	8
1668	8
1669	8
1670	8
1671	8
1672	8
1673	12
1674	8
1675	8
1676	8
1677	12
1678	3
1679	3
1680	3
1681	3
1682	3
1683	3
1684	3
1685	8
1686	8
1687	8
1688	8
1689	8
1690	8
1691	8
1692	8
1693	8
1694	8
1695	8
1696	8
1697	8
1698	8
1699	8
1700	8
1701	8
1702	8
1703	4
1704	4
1705	8
1706	8
1707	8
1708	8
1709	8
1710	8
1711	8
1712	8
1713	12
1714	12
1715	12
1716	12
1717	12
1718	12
1719	12
1720	12
1721	12
1722	12
1723	12
1724	12
1725	8
1726	8
1727	8
1728	12
1729	8
1730	8
1731	8
1732	8
1733	8
1734	8
1735	8
1736	8
1737	8
1738	8
1739	8
1740	8
1741	8
1742	5
1743	5
1744	5
1745	5
1746	5
1747	5
1748	5
1749	5
1750	5
1751	5
1752	5
1753	5
1754	5
1755	5
1756	5
1757	12
1758	12
1759	12
1760	12
1761	5
1762	5
1763	5
1764	5
1765	5
1766	5
1767	5
1768	5
1769	5
1770	5
1771	5
1772	5
1773	5
1774	12
1775	12
1776	12
1777	12
1778	12
1779	12
1780	12
1781	12
1782	12
1783	12
1784	12
1785	12
1786	12
1787	5
1788	5
1789	5
1790	5
1791	5
1792	5
1793	5
1794	5
1795	12
1796	12
1797	12
1798	12
1799	5
1800	5
1801	5
1802	5
1803	5
1804	5
1805	5
1806	5
1807	5
1808	5
1809	4
1810	4
1811	4
1812	4
1813	4
1814	4
1815	4
1816	4
1817	4
1818	4
1819	4
1820	4
1821	4
1822	4
1823	4
1824	4
1825	4
1826	4
1827	4
1828	4
1829	4
1830	12
1831	12
1832	12
1833	12
1834	12
1835	4
1836	4
1837	12
1838	4
1839	4
1840	11
1841	11
1842	11
1843	11
1844	11
1845	4
1846	4
1847	4
1848	4
1849	4
1850	4
1851	4
1852	4
1853	4
1854	4
1855	4
1856	4
1857	12
1858	12
1859	12
1860	12
1861	12
1862	12
1863	4
1864	4
1865	4
1866	4
1867	4
1868	4
1869	4
1870	4
1871	4
1872	3
1873	3
1874	3
1875	3
1876	3
1877	3
1878	3
1879	3
1880	3
1881	3
1882	3
1883	3
1884	3
1885	3
1886	3
1887	3
1888	3
1889	3
1890	3
1891	3
1892	3
1893	3
1894	3
1895	9
1896	9
1897	9
1898	1
1899	1
1900	1
1901	1
1902	1
1903	1
1904	9
1905	9
1906	9
1907	9
1908	9
1909	9
1910	9
1911	9
1912	9
1913	9
1914	9
1915	9
1916	1
1917	1
1918	1
1919	1
1920	1
1921	1
1922	1
1923	1
1924	9
1925	9
1926	9
1927	9
1928	9
1929	9
1930	9
1931	9
1932	9
1933	9
1934	9
1935	9
1936	9
1937	9
1938	9
1939	9
1940	9
1941	9
1942	9
1943	9
1944	9
1945	9
1946	9
1947	9
1948	9
1949	9
1950	9
1951	9
1952	9
1953	9
1954	9
1955	9
1956	9
1957	9
1958	9
1959	9
1960	9
1961	9
1962	5
1963	9
1964	9
1965	9
1966	9
1967	9
1968	9
1969	9
1970	9
1971	9
1972	9
1973	9
1974	9
1975	9
1976	6
1977	6
1978	6
1979	6
1980	6
1981	6
1982	6
1983	6
1984	6
1985	6
1986	6
1987	6
1988	6
1989	6
1990	6
1991	6
1992	6
1993	6
1994	6
1995	6
1996	6
1997	6
1998	6
1999	6
2000	6
2001	6
2002	6
2003	6
2004	6
2005	6
2006	6
2007	6
2008	6
2009	6
2010	6
2011	6
2012	6
2013	6
2014	6
2015	6
2016	6
2017	3
2018	3
2019	3
2020	3
2021	3
2022	3
2023	3
2024	13
2025	3
2026	3
2027	3
2028	3
2029	3
2030	13
2031	13
2032	13
2033	13
2034	13
2035	13
2036	13
2037	13
2038	12
2039	12
2040	12
2041	12
2042	12
2043	3
2044	3
2045	3
2046	13
2047	13
2048	12
2049	12
2050	3
2051	13
2052	13
2053	13
2054	13
2055	13
2056	13
2057	13
2058	6
2059	6
2060	6
2061	6
2062	6
2063	6
2064	6
2065	6
2066	6
2067	6
2068	3
2069	3
2070	3
2071	3
2072	3
2073	3
2074	3
2075	3
2076	3
2077	3
2078	3
2079	3
2080	3
2081	3
2082	3
2083	3
2084	3
2085	3
2086	3
2087	3
2088	3
2089	8
2090	8
2091	8
2092	8
2093	8
2094	8
2095	8
2096	5
2097	5
2098	5
2099	5
2100	5
2101	5
2102	5
2103	5
2104	5
2105	5
2106	5
2107	5
2108	5
2109	5
2110	5
2111	5
2112	5
2113	2
2114	2
2115	2
2116	2
2117	2
2118	4
2119	2
2120	2
2121	2
2122	2
2123	2
2124	3
2125	2
2126	2
2127	2
2128	2
2129	2
2130	2
2131	2
2132	2
2133	4
2134	2
2135	2
2136	2
2137	4
2138	4
2139	2
2140	4
2141	2
2142	2
2143	2
2144	2
2145	2
2146	4
2147	2
2148	2
2149	2
2150	2
2151	2
2152	2
2153	2
2154	2
2155	2
2156	2
2157	2
2158	2
2159	2
2160	2
2161	2
2162	2
2163	2
2164	4
2165	4
2166	2
2167	2
2168	2
2169	2
2170	2
2171	2
2172	2
2173	2
2174	2
2175	2
2176	4
2177	4
2178	2
2179	2
2180	4
2181	4
2182	2
2183	2
2184	2
2185	2
2186	2
2187	2
2188	2
2189	2
2190	2
2191	2
2192	2
2193	2
2194	2
2195	2
2196	4
2197	2
2198	2
2199	4
2200	2
2201	2
2202	2
2203	2
2204	2
2205	2
2206	2
2207	2
2208	2
2209	2
2210	2
2211	2
2212	2
2213	2
2214	2
2215	2
2216	2
2217	2
2218	2
2219	2
2220	2
2221	2
2222	2
2223	4
2224	2
2225	2
2226	2
2227	2
2228	2
2229	2
2230	4
2231	4
2232	2
2233	4
2234	4
2235	2
2236	4
2237	4
2238	2
2239	2
2240	2
2241	2
2242	2
2243	2
2244	2
2245	4
2246	2
2247	4
2248	4
2249	2
2250	2
2251	2
2252	2
2253	2
2254	2
2255	2
2256	4
2257	2
2258	2
2259	2
2260	2
2261	4
2262	4
2263	2
2264	2
2265	2
2266	2
2267	2
2268	2
2269	2
2270	2
2271	2
2272	2
2273	2
2274	2
2275	2
2276	2
2277	4
2278	2
2279	2
2280	2
2281	2
2282	2
2283	4
2284	3
2285	3
2286	2
2287	2
2288	2
2289	2
2290	2
2291	2
2292	2
2293	2
2294	2
2295	2
2296	2
2297	2
2298	2
2299	2
2300	2
2301	2
2302	4
2303	2
2304	4
2305	2
2306	2
2307	2
2308	2
2309	3
2310	3
2311	3
2312	7
2313	7
2314	7
2315	7
2316	7
2317	7
2318	7
2319	7
2320	7
2321	7
2322	7
2323	7
2324	7
2325	7
2326	7
2327	7
2328	7
2329	7
2330	5
2331	5
2332	5
2333	5
2334	5
2335	5
2336	5
2337	5
2338	5
2339	5
2340	5
2341	5
2342	5
2343	5
2344	5
2345	5
2346	7
2347	7
2348	7
2349	7
2350	7
2351	7
2352	7
2353	7
2354	7
2355	7
2356	7
2357	7
2358	7
2359	7
2360	7
2361	7
2362	7
2363	7
2364	7
2365	7
2366	4
2367	4
2368	4
2369	4
2370	4
2371	4
2372	4
2373	4
2374	4
2375	4
2376	4
2377	4
2378	4
2379	4
2380	4
2381	4
2382	4
2383	4
2384	4
2385	4
2386	4
2387	4
2388	4
2389	4
2390	4
2391	4
2392	4
2393	4
2394	4
2395	4
2396	4
2397	4
2398	4
2399	4
2400	4
2401	4
2402	4
2403	4
2404	4
2405	4
2406	4
2407	4
2408	4
2409	4
2410	4
2411	4
2412	4
2413	4
2414	4
2415	1
2416	1
2417	1
2418	1
2419	1
2420	1
2421	11
2422	1
2423	11
2424	1
2425	1
2426	1
2427	1
2428	11
2429	1
2430	1
2431	1
2432	1
2433	11
2434	1
2435	1
2436	1
2437	1
2438	1
2439	1
2440	1
2441	1
2442	1
2443	1
2444	1
2445	1
2446	1
2447	1
2448	11
2449	11
2450	11
2451	11
2452	11
2453	11
2454	11
2455	1
2456	1
2457	11
2458	11
2459	11
2460	1
2461	1
2462	11
2463	11
2464	11
2465	1
2466	1
2467	11
2468	11
2469	11
2470	11
2471	11
2472	11
2473	11
2474	11
2475	11
2476	11
2477	11
2478	11
2479	11
2480	11
2481	11
2482	11
2483	11
2484	11
2485	11
2486	11
2487	11
2488	11
2489	11
2490	11
2491	11
2492	11
2493	11
2494	11
2495	11
2496	1
2497	1
2498	1
2499	1
2500	11
2501	11
2502	1
2503	1
2504	1
2505	1
2506	1
2507	1
2508	1
2509	1
2510	1
2511	1
2512	1
2513	1
2514	1
2515	11
2516	11
2517	11
2518	11
2519	11
2520	11
2521	11
2522	11
2523	1
2524	1
2525	1
2526	11
2527	11
2528	1
2529	1
2530	1
2531	1
2532	1
2533	1
2534	1
2535	1
2536	1
2537	1
2538	1
2539	11
2540	1
2541	11
2542	1
2543	1
2544	11
2545	11
2546	11
2547	1
2548	1
2549	1
2550	11
2551	11
2552	1
2553	11
2554	11
2555	11
2556	11
2557	11
2558	1
2559	1
2560	1
2561	1
2562	1
2563	1
2564	1
2565	1
2566	1
2567	1
2568	1
2569	1
2570	1
2571	1
2572	1
2573	1
2574	1
2575	11
2576	11
2577	11
2578	11
2579	11
2580	11
2581	1
2582	11
2583	11
2584	11
2585	11
2586	11
2587	1
2588	1
2589	1
2590	1
2591	1
2592	1
2593	1
2594	1
2595	1
2596	1
2597	1
2598	1
2599	1
2600	11
2601	11
2602	1
2603	11
2604	1
2605	11
2606	3
2607	3
2608	3
2609	3
2610	3
2611	3
2612	3
2613	3
2614	3
2615	3
2616	3
2617	3
2618	3
2619	3
2620	3
2621	3
2622	3
2623	3
2624	3
2625	3
2626	3
2627	3
2628	3
2629	3
2630	3
2631	3
2632	3
2633	3
2634	3
2635	3
2636	3
2637	3
2638	3
2639	3
2640	13
2641	13
2642	6
2643	13
2644	6
2645	6
2646	6
2647	6
2648	13
2649	13
2650	13
2651	13
2652	13
2653	13
2654	6
2655	13
2656	13
2657	13
2658	13
2659	6
2660	6
2661	13
2662	13
2663	6
2664	6
2665	6
2666	13
2667	6
2668	6
2669	6
2670	13
2671	6
2672	13
2673	6
2674	13
2675	13
2676	13
2677	6
2678	13
2679	6
2680	6
2681	6
2682	6
2683	6
2684	6
2685	6
2686	6
2687	6
2688	5
2689	5
2690	5
2691	5
315	7
1657	8
