0	3
1	3
2	3
3	3
4	3
5	3
6	3
7	4
8	4
9	4
10	4
11	4
12	4
13	4
14	4
15	4
16	4
17	4
18	4
19	4
20	4
21	11
22	11
23	11
24	11
25	11
26	11
27	11
28	11
29	2
30	2
31	2
32	2
33	2
34	2
35	2
36	2
37	2
38	2
39	2
40	2
41	2
42	2
43	2
44	2
45	2
46	2
47	2
48	2
49	2
50	2
51	2
52	2
53	9
54	9
55	9
56	9
57	6
58	2
59	2
60	2
61	2
62	2
63	2
64	2
65	6
66	6
67	6
68	6
69	6
70	6
71	11
72	11
73	11
74	11
75	2
76	2
77	2
78	2
79	2
80	2
81	2
82	2
83	8
84	8
85	8
86	8
87	8
88	8
89	8
90	8
91	8
92	8
93	8
94	8
95	8
96	4
97	4
98	4
99	4
100	4
101	4
102	4
103	4
104	4
105	4
106	4
107	4
108	4
109	4
110	4
111	4
112	4
113	4
114	4
115	4
116	4
117	4
118	4
119	4
120	4
121	4
122	4
123	4
124	4
125	4
126	4
127	4
128	4
129	10
130	10
131	10
132	10
133	8
134	10
135	10
136	10
137	10
138	10
139	10
140	10
141	10
142	8
143	10
144	10
145	10
146	10
147	8
148	10
149	10
150	8
151	10
152	10
153	8
154	10
155	10
156	10
157	10
158	10
159	8
160	8
161	8
162	8
163	8
164	10
165	10
166	8
167	8
168	8
169	8
170	8
171	8
172	8
173	8
174	8
175	8
176	8
177	8
178	8
179	8
180	8
181	8
182	8
183	3
184	3
185	3
186	3
187	3
188	3
189	3
190	3
191	3
192	3
193	3
194	3
195	3
196	3
197	3
198	3
199	3
200	3
201	3
202	3
203	3
204	3
205	3
206	3
207	3
208	1
209	1
210	1
211	1
212	1
213	1
214	1
215	1
216	1
217	1
218	1
219	1
220	1
221	1
222	1
223	1
224	1
225	1
226	1
227	1
228	1
229	1
230	1
231	1
232	1
233	1
234	1
235	1
236	1
237	1
238	1
239	1
240	1
241	1
242	1
243	1
244	1
245	1
246	1
247	1
248	3
249	3
250	3
251	3
252	3
253	3
254	3
255	3
256	3
257	3
258	3
259	3
260	3
261	11
262	11
263	11
264	11
265	11
266	11
267	11
268	11
269	11
270	11
271	11
272	11
273	11
274	11
275	11
276	11
277	11
278	11
279	11
280	11
281	11
282	11
283	11
284	11
285	11
286	11
287	11
288	11
289	11
290	11
291	11
292	11
293	11
294	11
295	11
296	11
297	11
298	11
299	11
300	11
301	11
302	3
303	3
304	3
305	3
306	6
307	1
308	1
309	6
310	1
311	6
312	6
313	1
314	6
316	4
317	4
318	4
319	4
320	4
321	4
322	4
323	4
324	4
325	4
326	4
327	4
328	4
329	4
330	4
331	1
332	6
333	1
334	1
335	6
336	6
337	4
338	4
339	4
340	6
341	6
342	1
343	1
344	1
345	1
346	1
347	6
348	6
349	1
350	1
351	1
352	1
353	6
354	1
355	1
356	8
357	8
358	6
359	8
360	8
361	6
362	8
363	8
364	8
365	6
366	8
367	6
368	6
369	6
370	1
371	1
372	1
373	6
374	6
375	1
376	1
377	1
378	1
379	1
380	1
381	1
382	1
383	1
384	1
385	1
386	1
387	6
388	6
389	4
390	4
391	4
392	4
393	4
394	1
395	1
396	6
397	6
398	4
399	4
400	4
401	4
402	4
403	1
404	1
405	1
406	1
407	1
408	1
409	4
410	2
411	4
412	4
413	2
414	2
415	2
416	4
417	2
418	4
419	4
420	2
421	2
422	2
423	4
424	2
425	8
426	8
427	8
428	8
429	8
430	8
431	8
432	8
433	2
434	2
435	2
436	4
437	2
438	2
439	4
440	2
441	2
442	4
443	2
444	4
445	4
446	8
447	8
448	8
449	8
450	8
451	2
452	4
453	2
454	8
455	8
456	8
457	2
458	4
459	2
460	2
461	2
462	2
463	8
464	8
465	8
466	8
467	8
468	8
469	8
470	8
471	8
472	8
473	4
474	4
475	11
476	11
477	10
478	10
479	10
480	10
481	10
482	10
483	10
484	1
485	1
486	10
487	10
488	10
489	11
490	11
491	11
492	11
493	11
494	11
495	10
496	10
497	10
498	1
499	10
500	10
501	10
502	1
503	10
504	10
505	10
506	1
507	1
508	1
509	1
510	1
511	1
512	1
513	1
514	1
515	1
516	1
517	1
518	1
519	1
520	1
521	1
522	7
523	7
524	7
525	7
526	3
527	3
528	7
529	7
530	7
531	7
532	7
533	7
534	7
535	7
536	7
537	7
538	3
539	3
540	3
541	3
542	3
543	3
544	3
545	3
546	3
547	3
548	3
549	3
550	3
551	3
552	3
553	3
554	3
555	3
556	3
557	3
558	3
559	11
560	11
561	11
562	11
563	11
564	11
565	3
566	3
567	3
568	3
569	3
570	7
571	7
572	7
573	7
574	7
575	7
576	7
577	7
578	7
579	7
580	7
581	3
582	3
583	3
584	3
585	3
586	3
587	11
588	11
589	11
590	11
591	11
592	11
593	11
594	11
595	11
596	11
597	1
598	11
599	11
600	11
601	11
602	11
603	3
604	3
605	3
606	3
607	3
608	3
609	3
610	3
611	3
612	3
613	3
614	3
615	3
616	3
617	11
618	11
619	11
620	11
621	11
622	11
623	11
624	11
625	11
626	11
627	11
628	11
629	11
630	1
631	1
632	11
633	11
634	11
635	11
636	11
637	11
638	11
639	3
640	3
641	3
642	3
643	3
644	3
645	3
646	3
647	3
648	3
649	3
650	3
651	3
652	3
653	3
654	3
655	3
656	3
657	10
658	10
659	10
660	10
661	2
662	2
663	2
664	2
665	2
666	2
667	2
668	2
669	2
670	10
671	10
672	10
673	10
674	10
675	10
676	10
677	10
678	10
679	10
680	2
681	2
682	2
683	2
684	2
685	2
686	2
687	2
688	2
689	2
690	2
691	2
692	2
693	2
694	2
695	2
696	2
697	10
698	10
699	10
700	10
701	10
702	10
703	10
704	10
705	10
706	10
707	10
708	10
709	10
710	10
711	10
712	10
713	10
714	2
715	2
716	11
717	11
718	10
719	10
720	10
721	11
722	11
723	11
724	11
725	11
726	11
727	11
728	11
729	11
730	11
731	11
732	4
733	4
734	4
735	4
736	4
737	10
738	10
739	10
740	10
741	10
742	10
743	10
744	10
745	4
746	4
747	4
748	4
749	4
750	4
751	4
752	4
753	4
754	4
755	4
756	4
757	4
758	4
759	4
760	4
761	4
762	4
763	4
764	4
765	4
766	10
767	10
768	10
769	10
770	4
771	4
772	10
773	10
774	10
775	10
776	10
777	10
778	10
779	10
780	10
781	10
782	10
783	10
784	10
785	1
786	10
787	10
788	10
789	10
790	10
791	1
792	1
793	1
794	1
795	1
796	1
797	1
798	1
799	1
800	1
801	10
802	10
803	10
804	10
805	1
806	1
807	1
808	10
809	10
810	10
811	9
812	5
813	9
814	9
815	9
816	9
817	9
818	5
819	9
820	9
821	9
822	9
823	9
824	9
825	9
826	9
827	9
828	9
829	5
830	9
831	9
832	9
833	9
834	9
835	9
836	9
837	9
838	9
839	9
840	9
841	9
842	9
843	9
844	9
845	9
846	9
847	5
848	9
849	9
850	9
851	9
852	9
853	9
854	9
855	9
856	5
857	9
858	3
859	3
860	3
861	3
862	3
863	3
864	3
865	3
866	3
867	3
868	3
869	3
870	3
871	9
872	9
873	9
874	9
875	9
876	9
877	9
878	9
879	9
880	9
881	9
882	9
883	9
884	9
885	9
886	9
887	9
888	9
889	9
890	9
891	9
892	5
893	9
894	9
895	9
896	9
897	9
898	9
899	5
900	5
901	9
902	9
903	9
904	9
905	9
906	9
907	9
908	9
909	9
910	5
911	5
912	5
913	5
914	9
915	9
916	9
917	9
918	9
919	9
920	9
921	9
922	5
923	5
924	9
925	9
926	9
927	9
928	9
929	9
930	9
931	9
932	9
933	5
934	9
935	9
936	9
937	9
938	9
939	9
940	9
941	9
942	9
943	9
944	5
945	5
946	9
947	9
948	9
949	9
950	9
951	9
952	9
953	9
954	5
955	5
956	5
957	9
958	9
959	9
960	9
961	9
962	9
963	9
964	9
965	9
966	9
967	9
968	9
969	9
970	9
971	9
972	9
973	9
974	9
975	5
976	9
977	9
978	9
979	9
980	9
981	9
982	5
983	5
984	5
985	8
986	8
987	8
988	8
989	8
990	8
991	8
992	8
993	8
994	8
995	8
996	8
997	8
998	8
999	8
1000	8
1001	8
1002	8
1003	8
1004	8
1005	8
1006	8
1007	5
1008	5
1009	8
1010	5
1011	5
1012	5
1013	5
1014	5
1015	5
1016	5
1017	5
1018	5
1019	5
1020	5
1021	5
1022	5
1023	5
1024	5
1025	5
1026	5
1027	5
1028	5
1029	5
1030	5
1031	5
1032	5
1033	5
1034	5
1035	5
1036	5
1037	5
1038	5
1039	5
1040	5
1041	5
1042	5
1043	5
1044	5
1045	5
1046	5
1047	5
1048	5
1049	5
1050	5
1051	5
1052	5
1053	5
1054	5
1055	5
1056	5
1057	5
1058	5
1059	5
1060	5
1061	5
1062	5
1063	5
1064	5
1065	5
1066	5
1067	5
1068	5
1069	5
1070	5
1071	5
1072	5
1073	5
1074	5
1075	3
1076	3
1077	3
1078	3
1079	3
1080	3
1081	3
1082	3
1083	3
1084	3
1085	3
1086	3
1087	11
1088	11
1089	11
1090	11
1091	11
1092	11
1093	11
1094	11
1095	11
1096	11
1097	11
1098	11
1099	11
1100	11
1101	11
1102	11
1103	11
1104	11
1105	11
1106	11
1107	6
1108	6
1109	6
1110	6
1111	6
1112	6
1113	6
1114	6
1115	6
1116	6
1117	6
1118	6
1119	6
1120	6
1121	6
1122	6
1123	6
1124	6
1125	6
1126	6
1127	6
1128	6
1129	6
1130	6
1131	6
1132	6
1133	6
1134	6
1135	6
1136	9
1137	9
1138	9
1139	9
1140	6
1141	6
1142	6
1143	6
1144	6
1145	6
1146	6
1147	6
1148	6
1149	6
1150	6
1151	6
1152	6
1153	6
1154	1
1155	1
1156	1
1157	1
1158	1
1159	1
1160	1
1161	1
1162	1
1163	1
1164	1
1165	1
1166	1
1167	1
1168	1
1169	5
1170	5
1171	5
1172	5
1173	5
1174	5
1175	5
1176	5
1177	5
1178	5
1179	5
1180	5
1181	5
1182	5
1183	5
1184	5
1185	5
1186	5
1187	5
1188	5
1189	5
1190	5
1191	5
1192	5
1193	5
1194	5
1195	5
1196	5
1197	5
1198	5
1199	5
1200	5
1201	5
1202	5
1203	5
1204	5
1205	5
1206	5
1207	5
1208	5
1209	5
1210	5
1211	5
1212	5
1213	5
1214	5
1215	5
1216	5
1217	5
1218	5
1219	5
1220	5
1221	5
1222	5
1223	5
1224	5
1225	5
1226	5
1227	5
1228	5
1229	5
1230	5
1231	5
1232	5
1233	5
1234	5
1235	5
1236	5
1237	5
1238	5
1239	5
1240	1
1241	1
1242	10
1243	1
1244	10
1245	10
1246	10
1247	10
1248	1
1249	1
1250	1
1251	1
1252	1
1253	2
1254	2
1255	2
1256	2
1257	2
1258	1
1259	1
1260	1
1261	1
1262	10
1263	10
1264	2
1265	2
1266	2
1267	2
1268	2
1269	2
1270	2
1271	2
1272	2
1273	2
1274	2
1275	2
1276	2
1277	2
1278	1
1279	1
1280	1
1281	1
1282	10
1283	10
1284	2
1285	2
1286	2
1287	2
1288	1
1289	1
1290	1
1291	1
1292	1
1293	1
1294	1
1295	1
1296	1
1297	1
1298	1
1299	1
1300	1
1301	1
1302	1
1303	3
1304	3
1305	3
1306	3
1307	3
1308	3
1309	3
1310	3
1311	3
1312	3
1313	3
1314	9
1315	9
1316	9
1317	9
1318	9
1319	9
1320	9
1321	9
1322	9
1323	9
1324	9
1325	9
1326	9
1327	9
1328	9
1329	9
1330	9
1331	9
1332	9
1333	9
1334	9
1335	9
1336	9
1337	9
1338	9
1339	9
1340	9
1341	9
1342	9
1343	9
1344	9
1345	9
1346	3
1347	3
1348	3
1349	3
1350	3
1351	3
1352	3
1353	3
1354	3
1355	3
1356	3
1357	3
1358	3
1359	3
1360	3
1361	3
1362	3
1363	6
1364	6
1365	6
1366	6
1367	6
1368	6
1369	6
1370	6
1371	6
1372	6
1373	6
1374	6
1375	6
1376	6
1377	6
1378	6
1379	6
1380	6
1381	1
1382	1
1383	1
1384	1
1385	1
1386	1
1387	1
1388	1
1389	1
1390	1
1391	1
1392	1
1393	1
1394	1
1395	1
1396	1
1397	2
1398	2
1399	2
1400	2
1401	2
1402	2
1403	2
1404	2
1405	2
1406	2
1407	2
1408	2
1409	2
1410	2
1411	2
1412	2
1413	2
1414	2
1415	2
1416	2
1417	2
1418	2
1419	2
1420	2
1421	2
1422	2
1423	2
1424	2
1425	2
1426	2
1427	2
1428	7
1429	7
1430	7
1431	7
1432	7
1433	7
1434	7
1435	7
1436	7
1437	7
1438	7
1439	7
1440	7
1441	4
1442	4
1443	4
1444	4
1445	5
1446	5
1447	4
1448	5
1449	4
1450	5
1451	5
1452	5
1453	5
1454	5
1455	7
1456	7
1457	7
1458	7
1459	7
1460	7
1461	7
1462	7
1463	7
1464	7
1465	1
1466	1
1467	1
1468	1
1469	1
1470	1
1471	1
1472	1
1473	1
1474	1
1475	1
1476	1
1477	1
1478	1
1479	1
1480	1
1481	1
1482	1
1483	1
1484	1
1485	1
1486	1
1487	1
1488	1
1489	4
1490	4
1491	4
1492	4
1493	4
1494	4
1495	4
1496	4
1497	4
1498	4
1499	4
1500	4
1501	2
1502	2
1503	2
1504	2
1505	2
1506	2
1507	2
1508	2
1509	2
1510	2
1511	2
1512	2
1513	2
1514	2
1515	2
1516	2
1517	2
1518	2
1519	2
1520	2
1521	2
1522	2
1523	2
1524	2
1525	2
1526	2
1527	2
1528	2
1529	10
1530	10
1531	8
1532	8
1533	10
1534	10
1535	8
1536	10
1537	10
1538	8
1539	8
1540	8
1541	8
1542	10
1543	10
1544	10
1545	10
1546	10
1547	10
1548	8
1549	10
1550	10
1551	10
1552	8
1553	7
1554	7
1555	7
1556	7
1557	7
1558	7
1559	7
1560	7
1561	7
1562	7
1563	7
1564	7
1565	7
1566	7
1567	7
1568	7
1569	7
1570	7
1571	7
1572	7
1573	7
1574	7
1575	7
1576	4
1577	4
1578	4
1579	4
1580	4
1581	4
1582	4
1583	4
1584	4
1585	4
1586	4
1587	4
1588	4
1589	4
1590	4
1591	4
1592	4
1593	3
1594	3
1595	3
1596	3
1597	3
1598	3
1599	3
1600	3
1601	3
1602	7
1603	7
1604	7
1605	7
1606	7
1607	7
1608	7
1609	7
1610	7
1611	7
1612	7
1613	7
1614	7
1615	7
1616	7
1617	7
1618	1
1619	1
1620	1
1621	1
1622	1
1623	1
1624	1
1625	1
1626	1
1627	1
1628	1
1629	5
1630	5
1631	5
1632	5
1633	5
1634	5
1635	5
1636	5
1637	5
1638	5
1639	5
1640	5
1641	5
1642	5
1643	5
1644	1
1645	1
1646	1
1647	1
1648	1
1649	5
1650	5
1651	5
1652	5
1653	5
1654	5
1655	5
1656	5
1658	5
1659	5
1660	5
1661	5
1662	5
1663	5
1664	5
1665	5
1666	5
1667	5
1668	4
1669	5
1670	5
1671	5
1672	5
1673	1
1674	5
1675	5
1676	5
1677	1
1678	11
1679	11
1680	11
1681	11
1682	11
1683	11
1684	11
1685	4
1686	4
1687	4
1688	4
1689	4
1690	4
1691	4
1692	4
1693	4
1694	4
1695	4
1696	4
1697	4
1698	4
1699	4
1700	4
1701	4
1702	4
1703	13
1704	13
1705	4
1706	4
1707	4
1708	4
1709	4
1710	4
1711	4
1712	4
1713	1
1714	1
1715	11
1716	1
1717	1
1718	1
1719	1
1720	11
1721	11
1722	11
1723	11
1724	1
1725	4
1726	4
1727	4
1728	11
1729	4
1730	4
1731	4
1732	4
1733	4
1734	4
1735	4
1736	4
1737	4
1738	4
1739	4
1740	4
1741	4
1742	2
1743	2
1744	2
1745	2
1746	2
1747	2
1748	2
1749	2
1750	2
1751	2
1752	2
1753	2
1754	2
1755	2
1756	2
1757	1
1758	1
1759	1
1760	1
1761	2
1762	2
1763	2
1764	2
1765	2
1766	2
1767	2
1768	2
1769	2
1770	2
1771	2
1772	2
1773	2
1774	1
1775	1
1776	1
1777	1
1778	1
1779	1
1780	1
1781	1
1782	1
1783	1
1784	1
1785	1
1786	1
1787	2
1788	2
1789	2
1790	2
1791	2
1792	2
1793	2
1794	2
1795	1
1796	1
1797	1
1798	1
1799	2
1800	2
1801	2
1802	2
1803	2
1804	2
1805	2
1806	2
1807	2
1808	2
1809	4
1810	7
1811	7
1812	7
1813	7
1814	7
1815	7
1816	4
1817	7
1818	4
1819	4
1820	4
1821	7
1822	4
1823	7
1824	7
1825	4
1826	4
1827	7
1828	4
1829	7
1830	11
1831	11
1832	11
1833	11
1834	11
1835	7
1836	7
1837	11
1838	4
1839	4
1840	6
1841	6
1842	6
1843	6
1844	6
1845	4
1846	7
1847	4
1848	4
1849	4
1850	4
1851	4
1852	7
1853	7
1854	4
1855	7
1856	7
1857	11
1858	11
1859	11
1860	11
1861	11
1862	11
1863	7
1864	4
1865	4
1866	7
1867	7
1868	4
1869	7
1870	4
1871	4
1872	10
1873	10
1874	11
1875	11
1876	10
1877	11
1878	11
1879	11
1880	11
1881	11
1882	10
1883	11
1884	11
1885	11
1886	11
1887	10
1888	10
1889	10
1890	10
1891	11
1892	11
1893	10
1894	10
1895	3
1896	3
1897	3
1898	6
1899	6
1900	6
1901	6
1902	6
1903	6
1904	3
1905	3
1906	3
1907	3
1908	3
1909	3
1910	3
1911	3
1912	3
1913	3
1914	3
1915	3
1916	6
1917	6
1918	6
1919	6
1920	6
1921	6
1922	6
1923	6
1924	3
1925	3
1926	3
1927	3
1928	3
1929	3
1930	3
1931	3
1932	3
1933	3
1934	3
1935	3
1936	3
1937	3
1938	3
1939	3
1940	3
1941	3
1942	3
1943	3
1944	3
1945	3
1946	3
1947	3
1948	3
1949	3
1950	3
1951	3
1952	3
1953	3
1954	3
1955	3
1956	3
1957	3
1958	3
1959	3
1960	3
1961	3
1962	3
1963	3
1964	3
1965	3
1966	3
1967	3
1968	3
1969	3
1970	3
1971	3
1972	3
1973	3
1974	3
1975	3
1976	8
1977	8
1978	8
1979	8
1980	8
1981	8
1982	8
1983	8
1984	8
1985	8
1986	8
1987	8
1988	8
1989	8
1990	8
1991	8
1992	8
1993	8
1994	8
1995	8
1996	8
1997	8
1998	8
1999	8
2000	8
2001	8
2002	8
2003	8
2004	8
2005	8
2006	8
2007	8
2008	8
2009	8
2010	8
2011	8
2012	8
2013	8
2014	8
2015	8
2016	8
2017	11
2018	11
2019	11
2020	11
2021	11
2022	11
2023	11
2024	10
2025	11
2026	11
2027	11
2028	11
2029	11
2030	10
2031	10
2032	10
2033	10
2034	10
2035	10
2036	10
2037	10
2038	11
2039	11
2040	11
2041	11
2042	11
2043	11
2044	11
2045	11
2046	10
2047	10
2048	11
2049	11
2050	11
2051	10
2052	10
2053	10
2054	10
2055	10
2056	10
2057	10
2058	8
2059	8
2060	8
2061	8
2062	8
2063	8
2064	8
2065	8
2066	8
2067	8
2068	11
2069	11
2070	11
2071	11
2072	11
2073	11
2074	11
2075	11
2076	11
2077	11
2078	11
2079	11
2080	11
2081	11
2082	11
2083	11
2084	11
2085	11
2086	11
2087	11
2088	11
2089	4
2090	4
2091	4
2092	4
2093	4
2094	4
2095	4
2096	3
2097	3
2098	3
2099	3
2100	3
2101	3
2102	3
2103	2
2104	2
2105	2
2106	2
2107	3
2108	3
2109	3
2110	2
2111	2
2112	2
2113	13
2114	13
2115	13
2116	13
2117	13
2118	7
2119	7
2120	13
2121	13
2122	13
2123	7
2124	11
2125	13
2126	13
2127	13
2128	13
2129	13
2130	13
2131	13
2132	13
2133	7
2134	13
2135	13
2136	7
2137	7
2138	7
2139	13
2140	7
2141	13
2142	13
2143	13
2144	13
2145	13
2146	7
2147	7
2148	13
2149	13
2150	13
2151	13
2152	13
2153	13
2154	13
2155	13
2156	13
2157	13
2158	13
2159	13
2160	13
2161	13
2162	13
2163	13
2164	13
2165	13
2166	13
2167	13
2168	13
2169	13
2170	13
2171	13
2172	13
2173	13
2174	7
2175	7
2176	7
2177	7
2178	13
2179	13
2180	13
2181	13
2182	13
2183	13
2184	13
2185	13
2186	13
2187	13
2188	7
2189	13
2190	13
2191	13
2192	13
2193	13
2194	7
2195	13
2196	7
2197	7
2198	13
2199	7
2200	13
2201	13
2202	7
2203	13
2204	13
2205	13
2206	13
2207	13
2208	13
2209	13
2210	13
2211	13
2212	13
2213	13
2214	13
2215	7
2216	7
2217	13
2218	13
2219	13
2220	13
2221	13
2222	13
2223	7
2224	13
2225	13
2226	13
2227	13
2228	13
2229	13
2230	13
2231	13
2232	13
2233	7
2234	7
2235	13
2236	7
2237	7
2238	7
2239	13
2240	13
2241	13
2242	7
2243	7
2244	7
2245	7
2246	13
2247	13
2248	13
2249	13
2250	13
2251	13
2252	13
2253	7
2254	7
2255	7
2256	13
2257	13
2258	13
2259	13
2260	13
2261	13
2262	13
2263	13
2264	13
2265	13
2266	13
2267	13
2268	13
2269	7
2270	7
2271	13
2272	13
2273	7
2274	13
2275	13
2276	13
2277	7
2278	13
2279	13
2280	13
2281	13
2282	13
2283	7
2284	11
2285	11
2286	13
2287	13
2288	13
2289	13
2290	13
2291	13
2292	13
2293	13
2294	13
2295	13
2296	13
2297	13
2298	7
2299	7
2300	7
2301	13
2302	7
2303	13
2304	7
2305	13
2306	13
2307	13
2308	13
2309	11
2310	11
2311	11
2312	9
2313	9
2314	9
2315	9
2316	9
2317	9
2318	9
2319	9
2320	9
2321	9
2322	9
2323	9
2324	9
2325	9
2326	9
2327	9
2328	9
2329	9
2330	3
2331	3
2332	3
2333	3
2334	3
2335	3
2336	3
2337	3
2338	3
2339	3
2340	3
2341	3
2342	3
2343	3
2344	3
2345	3
2346	9
2347	9
2348	9
2349	9
2350	9
2351	9
2352	9
2353	9
2354	9
2355	9
2356	9
2357	9
2358	9
2359	9
2360	9
2361	9
2362	9
2363	9
2364	9
2365	9
2366	7
2367	7
2368	7
2369	7
2370	7
2371	7
2372	7
2373	7
2374	7
2375	7
2376	7
2377	7
2378	7
2379	7
2380	7
2381	7
2382	7
2383	7
2384	7
2385	7
2386	7
2387	7
2388	7
2389	7
2390	7
2391	7
2392	7
2393	7
2394	7
2395	7
2396	7
2397	7
2398	7
2399	7
2400	7
2401	7
2402	7
2403	7
2404	7
2405	7
2406	7
2407	7
2408	7
2409	7
2410	7
2411	7
2412	7
2413	7
2414	7
2415	12
2416	12
2417	12
2418	12
2419	12
2420	12
2421	12
2422	12
2423	12
2424	12
2425	12
2426	12
2427	12
2428	12
2429	12
2430	12
2431	12
2432	12
2433	12
2434	12
2435	12
2436	12
2437	12
2438	12
2439	12
2440	12
2441	12
2442	12
2443	12
2444	12
2445	12
2446	12
2447	12
2448	12
2449	6
2450	6
2451	6
2452	6
2453	6
2454	6
2455	12
2456	12
2457	12
2458	12
2459	12
2460	12
2461	12
2462	12
2463	6
2464	12
2465	12
2466	12
2467	12
2468	6
2469	6
2470	6
2471	6
2472	12
2473	12
2474	12
2475	12
2476	6
2477	12
2478	12
2479	6
2480	12
2481	12
2482	6
2483	12
2484	12
2485	6
2486	6
2487	6
2488	6
2489	6
2490	6
2491	6
2492	6
2493	6
2494	6
2495	6
2496	12
2497	12
2498	12
2499	12
2500	6
2501	6
2502	12
2503	12
2504	12
2505	12
2506	12
2507	12
2508	12
2509	12
2510	12
2511	12
2512	12
2513	12
2514	12
2515	12
2516	12
2517	12
2518	12
2519	12
2520	12
2521	12
2522	12
2523	12
2524	12
2525	12
2526	12
2527	12
2528	12
2529	12
2530	12
2531	12
2532	12
2533	12
2534	12
2535	12
2536	12
2537	12
2538	12
2539	12
2540	12
2541	12
2542	12
2543	12
2544	12
2545	12
2546	12
2547	12
2548	12
2549	12
2550	12
2551	12
2552	12
2553	12
2554	12
2555	12
2556	12
2557	12
2558	12
2559	12
2560	12
2561	12
2562	12
2563	12
2564	12
2565	12
2566	12
2567	12
2568	12
2569	12
2570	12
2571	12
2572	12
2573	12
2574	12
2575	6
2576	6
2577	12
2578	6
2579	12
2580	12
2581	12
2582	12
2583	6
2584	12
2585	12
2586	12
2587	12
2588	12
2589	12
2590	12
2591	12
2592	12
2593	12
2594	12
2595	12
2596	12
2597	12
2598	12
2599	12
2600	12
2601	12
2602	12
2603	12
2604	12
2605	12
2606	11
2607	11
2608	11
2609	11
2610	11
2611	11
2612	11
2613	11
2614	11
2615	11
2616	11
2617	11
2618	11
2619	11
2620	11
2621	11
2622	11
2623	11
2624	11
2625	11
2626	11
2627	11
2628	11
2629	11
2630	11
2631	11
2632	11
2633	11
2634	11
2635	11
2636	11
2637	11
2638	11
2639	11
2640	8
2641	8
2642	8
2643	8
2644	8
2645	8
2646	8
2647	8
2648	8
2649	8
2650	8
2651	8
2652	8
2653	8
2654	8
2655	8
2656	8
2657	8
2658	8
2659	8
2660	8
2661	8
2662	8
2663	8
2664	8
2665	6
2666	8
2667	8
2668	6
2669	6
2670	8
2671	6
2672	8
2673	6
2674	8
2675	8
2676	8
2677	8
2678	8
2679	6
2680	8
2681	6
2682	6
2683	6
2684	6
2685	8
2686	8
2687	6
2688	3
2689	3
2690	3
2691	3
315	4
1657	5
