0	12
1	12
2	12
3	12
4	12
5	12
6	12
7	6
8	6
9	6
10	6
11	8
12	6
13	6
14	8
15	8
16	8
17	8
18	8
19	8
20	8
21	11
22	11
23	11
24	11
25	11
26	11
27	11
28	11
29	8
30	8
31	8
32	8
33	8
34	8
35	8
36	8
37	8
38	8
39	8
40	8
41	8
42	8
43	8
44	8
45	8
46	8
47	8
48	8
49	2
50	2
51	2
52	2
53	4
54	4
55	4
56	4
57	4
58	2
59	2
60	2
61	2
62	2
63	2
64	2
65	4
66	4
67	4
68	4
69	4
70	4
71	11
72	11
73	11
74	11
75	2
76	2
77	2
78	2
79	2
80	2
81	2
82	2
83	10
84	10
85	10
86	10
87	10
88	10
89	10
90	10
91	10
92	10
93	10
94	10
95	10
96	8
97	6
98	8
99	8
100	8
101	6
102	6
103	8
104	6
105	8
106	8
107	8
108	8
109	8
110	8
111	8
112	8
113	8
114	6
115	6
116	8
117	8
118	8
119	8
120	6
121	8
122	8
123	6
124	8
125	8
126	8
127	8
128	8
129	5
130	5
131	5
132	13
133	5
134	5
135	5
136	5
137	5
138	5
139	13
140	5
141	13
142	5
143	5
144	5
145	5
146	5
147	5
148	5
149	5
150	5
151	5
152	5
153	5
154	13
155	5
156	13
157	13
158	13
159	13
160	13
161	13
162	5
163	5
164	5
165	13
166	10
167	10
168	10
169	10
170	10
171	10
172	10
173	10
174	10
175	10
176	10
177	10
178	10
179	10
180	10
181	10
182	10
183	12
184	12
185	12
186	12
187	12
188	12
189	12
190	12
191	12
192	12
193	12
194	12
195	12
196	12
197	12
198	12
199	12
200	12
201	12
202	12
203	12
204	12
205	12
206	12
207	12
208	11
209	11
210	11
211	11
212	11
213	11
214	11
215	11
216	11
217	11
218	11
219	11
220	11
221	11
222	11
223	11
224	11
225	11
226	11
227	11
228	11
229	11
230	11
231	11
232	11
233	11
234	11
235	11
236	11
237	11
238	11
239	11
240	11
241	11
242	11
243	11
244	11
245	11
246	11
247	11
248	12
249	12
250	12
251	12
252	12
253	12
254	12
255	12
256	12
257	12
258	12
259	12
260	12
261	1
262	1
263	1
264	1
265	1
266	1
267	1
268	1
269	1
270	1
271	1
272	1
273	1
274	1
275	1
276	1
277	1
278	1
279	1
280	1
281	1
282	1
283	1
284	1
285	1
286	1
287	1
288	1
289	1
290	1
291	1
292	1
293	1
294	1
295	1
296	1
297	1
298	1
299	1
300	1
301	1
302	12
303	12
304	12
305	12
306	9
307	13
308	9
309	9
310	9
311	9
312	9
313	9
314	9
316	8
317	8
318	8
319	8
320	8
321	8
322	8
323	8
324	8
325	8
326	8
327	8
328	8
329	8
330	8
331	9
332	9
333	9
334	9
335	9
336	9
337	8
338	8
339	8
340	9
341	9
342	9
343	9
344	9
345	9
346	9
347	9
348	9
349	9
350	13
351	9
352	9
353	13
354	13
355	13
356	5
357	5
358	5
359	5
360	5
361	5
362	5
363	5
364	5
365	5
366	5
367	5
368	5
369	13
370	9
371	13
372	13
373	9
374	9
375	13
376	13
377	13
378	13
379	13
380	13
381	13
382	9
383	9
384	9
385	9
386	9
387	9
388	9
389	8
390	8
391	8
392	8
393	8
394	9
395	13
396	9
397	9
398	8
399	8
400	8
401	8
402	8
403	11
404	11
405	11
406	11
407	11
408	11
409	2
410	2
411	2
412	2
413	2
414	2
415	2
416	2
417	2
418	2
419	2
420	2
421	2
422	2
423	2
424	2
425	10
426	10
427	10
428	10
429	10
430	10
431	10
432	10
433	2
434	2
435	2
436	2
437	2
438	2
439	2
440	2
441	2
442	2
443	2
444	2
445	2
446	10
447	10
448	10
449	10
450	10
451	2
452	2
453	2
454	10
455	10
456	10
457	2
458	2
459	2
460	2
461	2
462	2
463	10
464	10
465	10
466	10
467	10
468	10
469	10
470	10
471	10
472	10
473	2
474	2
475	1
476	1
477	1
478	1
479	1
480	1
481	1
482	1
483	1
484	11
485	11
486	1
487	1
488	1
489	1
490	1
491	1
492	1
493	1
494	1
495	1
496	1
497	1
498	11
499	1
500	1
501	1
502	11
503	1
504	1
505	1
506	11
507	11
508	11
509	11
510	11
511	11
512	11
513	11
514	11
515	11
516	11
517	11
518	11
519	11
520	11
521	11
522	5
523	5
524	5
525	5
526	12
527	12
528	5
529	5
530	5
531	5
532	5
533	5
534	5
535	5
536	5
537	5
538	12
539	12
540	12
541	12
542	12
543	12
544	12
545	12
546	12
547	12
548	12
549	12
550	12
551	12
552	12
553	12
554	12
555	12
556	12
557	12
558	12
559	1
560	11
561	1
562	11
563	11
564	11
565	12
566	12
567	12
568	12
569	12
570	6
571	6
572	6
573	6
574	5
575	6
576	6
577	6
578	5
579	6
580	6
581	12
582	12
583	12
584	12
585	12
586	12
587	1
588	1
589	1
590	1
591	1
592	11
593	11
594	1
595	11
596	1
597	11
598	1
599	11
600	11
601	11
602	11
603	12
604	12
605	12
606	12
607	12
608	12
609	12
610	12
611	12
612	12
613	12
614	12
615	12
616	12
617	11
618	11
619	11
620	1
621	1
622	1
623	1
624	1
625	1
626	1
627	1
628	11
629	11
630	11
631	11
632	11
633	1
634	1
635	1
636	1
637	1
638	1
639	12
640	12
641	12
642	12
643	12
644	12
645	12
646	12
647	12
648	12
649	12
650	12
651	12
652	12
653	12
654	12
655	12
656	12
657	10
658	10
659	10
660	10
661	2
662	2
663	2
664	2
665	2
666	2
667	2
668	2
669	2
670	11
671	11
672	11
673	1
674	11
675	11
676	1
677	11
678	11
679	11
680	2
681	2
682	2
683	2
684	2
685	2
686	2
687	2
688	2
689	2
690	2
691	2
692	2
693	2
694	2
695	2
696	2
697	11
698	1
699	11
700	11
701	11
702	11
703	11
704	11
705	11
706	11
707	11
708	11
709	11
710	11
711	11
712	11
713	11
714	2
715	2
716	1
717	1
718	11
719	11
720	11
721	1
722	1
723	1
724	1
725	1
726	1
727	1
728	1
729	1
730	1
731	1
732	8
733	8
734	8
735	8
736	8
737	10
738	10
739	10
740	10
741	10
742	10
743	10
744	10
745	8
746	8
747	8
748	8
749	8
750	8
751	8
752	8
753	8
754	8
755	8
756	8
757	8
758	8
759	8
760	8
761	8
762	8
763	8
764	8
765	8
766	10
767	10
768	10
769	10
770	8
771	8
772	10
773	10
774	10
775	10
776	10
777	10
778	10
779	10
780	10
781	10
782	10
783	10
784	10
785	11
786	10
787	10
788	10
789	10
790	10
791	11
792	11
793	11
794	11
795	11
796	11
797	11
798	11
799	11
800	11
801	10
802	10
803	10
804	10
805	11
806	11
807	11
808	10
809	10
810	10
811	7
812	7
813	7
814	7
815	7
816	4
817	7
818	7
819	4
820	7
821	7
822	7
823	7
824	7
825	4
826	7
827	4
828	4
829	7
830	7
831	7
832	4
833	4
834	7
835	7
836	7
837	7
838	7
839	4
840	7
841	4
842	7
843	7
844	7
845	7
846	7
847	7
848	4
849	4
850	7
851	7
852	7
853	7
854	7
855	4
856	7
857	7
858	12
859	12
860	12
861	12
862	12
863	12
864	12
865	12
866	12
867	12
868	12
869	12
870	12
871	7
872	7
873	4
874	4
875	7
876	7
877	7
878	4
879	4
880	4
881	7
882	7
883	7
884	7
885	7
886	7
887	7
888	7
889	4
890	4
891	4
892	7
893	7
894	7
895	7
896	7
897	4
898	4
899	4
900	4
901	7
902	7
903	7
904	7
905	7
906	4
907	7
908	7
909	4
910	4
911	7
912	7
913	4
914	7
915	7
916	4
917	7
918	4
919	4
920	7
921	7
922	7
923	7
924	4
925	7
926	4
927	7
928	7
929	7
930	7
931	7
932	7
933	7
934	4
935	7
936	7
937	7
938	4
939	4
940	4
941	4
942	7
943	4
944	7
945	7
946	4
947	7
948	7
949	7
950	4
951	7
952	7
953	4
954	7
955	4
956	7
957	7
958	7
959	7
960	4
961	4
962	7
963	7
964	7
965	7
966	4
967	4
968	4
969	7
970	4
971	4
972	7
973	7
974	7
975	7
976	7
977	7
978	4
979	4
980	4
981	4
982	7
983	7
984	7
985	1
986	5
987	5
988	1
989	5
990	5
991	5
992	1
993	1
994	5
995	1
996	5
997	1
998	5
999	5
1000	1
1001	1
1002	1
1003	5
1004	5
1005	5
1006	5
1007	7
1008	7
1009	5
1010	7
1011	7
1012	7
1013	7
1014	7
1015	7
1016	7
1017	7
1018	7
1019	7
1020	7
1021	7
1022	7
1023	7
1024	7
1025	7
1026	7
1027	7
1028	7
1029	7
1030	7
1031	7
1032	7
1033	7
1034	7
1035	7
1036	7
1037	7
1038	7
1039	7
1040	7
1041	7
1042	7
1043	7
1044	7
1045	7
1046	7
1047	7
1048	7
1049	7
1050	7
1051	7
1052	7
1053	7
1054	7
1055	7
1056	7
1057	7
1058	7
1059	7
1060	7
1061	7
1062	7
1063	7
1064	7
1065	7
1066	7
1067	7
1068	7
1069	7
1070	7
1071	7
1072	7
1073	7
1074	7
1075	12
1076	12
1077	12
1078	12
1079	12
1080	12
1081	12
1082	12
1083	12
1084	12
1085	12
1086	12
1087	1
1088	1
1089	1
1090	1
1091	1
1092	1
1093	1
1094	11
1095	11
1096	11
1097	11
1098	11
1099	11
1100	11
1101	11
1102	11
1103	11
1104	11
1105	11
1106	11
1107	9
1108	9
1109	9
1110	9
1111	9
1112	9
1113	9
1114	9
1115	9
1116	9
1117	9
1118	9
1119	9
1120	9
1121	9
1122	9
1123	9
1124	9
1125	9
1126	9
1127	9
1128	9
1129	9
1130	9
1131	9
1132	9
1133	9
1134	9
1135	9
1136	9
1137	9
1138	9
1139	9
1140	9
1141	9
1142	9
1143	9
1144	9
1145	9
1146	9
1147	9
1148	9
1149	9
1150	9
1151	9
1152	9
1153	9
1154	4
1155	4
1156	4
1157	4
1158	4
1159	4
1160	4
1161	4
1162	4
1163	4
1164	4
1165	4
1166	4
1167	4
1168	4
1169	7
1170	7
1171	7
1172	7
1173	7
1174	7
1175	7
1176	7
1177	7
1178	7
1179	7
1180	7
1181	7
1182	7
1183	7
1184	7
1185	7
1186	7
1187	7
1188	7
1189	7
1190	7
1191	7
1192	7
1193	7
1194	7
1195	7
1196	7
1197	7
1198	7
1199	7
1200	4
1201	4
1202	4
1203	4
1204	4
1205	4
1206	4
1207	4
1208	4
1209	4
1210	4
1211	4
1212	4
1213	4
1214	4
1215	4
1216	4
1217	4
1218	4
1219	4
1220	4
1221	4
1222	4
1223	4
1224	4
1225	4
1226	4
1227	4
1228	4
1229	4
1230	4
1231	4
1232	4
1233	4
1234	4
1235	4
1236	4
1237	4
1238	4
1239	4
1240	1
1241	1
1242	1
1243	11
1244	1
1245	1
1246	1
1247	1
1248	1
1249	11
1250	11
1251	11
1252	11
1253	2
1254	2
1255	2
1256	2
1257	2
1258	11
1259	11
1260	11
1261	1
1262	1
1263	1
1264	2
1265	2
1266	2
1267	2
1268	2
1269	2
1270	2
1271	2
1272	2
1273	2
1274	2
1275	2
1276	2
1277	2
1278	11
1279	11
1280	11
1281	11
1282	1
1283	1
1284	2
1285	2
1286	2
1287	2
1288	9
1289	11
1290	11
1291	11
1292	11
1293	11
1294	9
1295	11
1296	11
1297	11
1298	11
1299	9
1300	11
1301	11
1302	9
1303	12
1304	12
1305	12
1306	12
1307	12
1308	12
1309	12
1310	12
1311	12
1312	12
1313	12
1314	9
1315	4
1316	9
1317	4
1318	9
1319	9
1320	4
1321	4
1322	4
1323	4
1324	9
1325	9
1326	9
1327	4
1328	4
1329	4
1330	4
1331	4
1332	4
1333	4
1334	4
1335	4
1336	9
1337	4
1338	9
1339	4
1340	9
1341	9
1342	4
1343	4
1344	9
1345	4
1346	2
1347	12
1348	12
1349	12
1350	12
1351	12
1352	12
1353	12
1354	12
1355	12
1356	12
1357	12
1358	12
1359	12
1360	12
1361	12
1362	12
1363	4
1364	4
1365	4
1366	4
1367	4
1368	4
1369	4
1370	4
1371	4
1372	4
1373	4
1374	4
1375	4
1376	4
1377	4
1378	4
1379	4
1380	4
1381	11
1382	11
1383	11
1384	11
1385	11
1386	11
1387	11
1388	11
1389	11
1390	11
1391	11
1392	11
1393	11
1394	11
1395	11
1396	11
1397	2
1398	2
1399	2
1400	2
1401	2
1402	2
1403	2
1404	2
1405	2
1406	2
1407	2
1408	2
1409	2
1410	2
1411	2
1412	2
1413	2
1414	2
1415	2
1416	2
1417	2
1418	2
1419	2
1420	2
1421	2
1422	2
1423	2
1424	2
1425	2
1426	2
1427	2
1428	6
1429	6
1430	6
1431	6
1432	6
1433	6
1434	6
1435	6
1436	6
1437	6
1438	6
1439	6
1440	6
1441	8
1442	8
1443	8
1444	8
1445	8
1446	8
1447	8
1448	8
1449	8
1450	8
1451	8
1452	8
1453	8
1454	8
1455	6
1456	6
1457	6
1458	6
1459	6
1460	6
1461	6
1462	6
1463	6
1464	6
1465	11
1466	11
1467	11
1468	11
1469	11
1470	11
1471	11
1472	11
1473	11
1474	11
1475	11
1476	11
1477	11
1478	11
1479	11
1480	11
1481	11
1482	11
1483	11
1484	11
1485	11
1486	11
1487	11
1488	11
1489	8
1490	8
1491	8
1492	8
1493	8
1494	8
1495	8
1496	8
1497	8
1498	8
1499	8
1500	8
1501	2
1502	2
1503	2
1504	2
1505	2
1506	2
1507	2
1508	2
1509	2
1510	2
1511	2
1512	2
1513	2
1514	2
1515	2
1516	2
1517	2
1518	2
1519	2
1520	2
1521	2
1522	2
1523	2
1524	2
1525	2
1526	2
1527	2
1528	2
1529	10
1530	10
1531	10
1532	10
1533	10
1534	10
1535	10
1536	10
1537	10
1538	10
1539	10
1540	10
1541	10
1542	10
1543	10
1544	10
1545	10
1546	10
1547	10
1548	10
1549	10
1550	10
1551	10
1552	5
1553	5
1554	5
1555	5
1556	5
1557	5
1558	5
1559	5
1560	5
1561	5
1562	5
1563	5
1564	5
1565	5
1566	5
1567	5
1568	5
1569	5
1570	5
1571	5
1572	5
1573	5
1574	5
1575	5
1576	8
1577	8
1578	8
1579	8
1580	8
1581	8
1582	8
1583	8
1584	8
1585	8
1586	8
1587	8
1588	8
1589	8
1590	8
1591	8
1592	8
1593	12
1594	12
1595	12
1596	12
1597	12
1598	12
1599	12
1600	12
1601	12
1602	5
1603	5
1604	5
1605	5
1606	5
1607	5
1608	5
1609	5
1610	5
1611	5
1612	5
1613	5
1614	5
1615	5
1616	5
1617	5
1618	11
1619	11
1620	11
1621	11
1622	11
1623	11
1624	11
1625	11
1626	11
1627	11
1628	11
1629	7
1630	8
1631	8
1632	8
1633	8
1634	8
1635	8
1636	8
1637	8
1638	8
1639	7
1640	8
1641	8
1642	8
1643	8
1644	11
1645	11
1646	11
1647	11
1648	11
1649	8
1650	7
1651	8
1652	8
1653	8
1654	8
1655	8
1656	8
1658	8
1659	8
1660	8
1661	8
1662	8
1663	8
1664	8
1665	8
1666	8
1667	8
1668	8
1669	8
1670	8
1671	8
1672	8
1673	11
1674	8
1675	8
1676	8
1677	11
1678	1
1679	1
1680	1
1681	1
1682	1
1683	1
1684	1
1685	2
1686	2
1687	8
1688	8
1689	8
1690	8
1691	8
1692	8
1693	8
1694	8
1695	8
1696	8
1697	8
1698	8
1699	8
1700	8
1701	8
1702	8
1703	3
1704	3
1705	8
1706	8
1707	8
1708	8
1709	8
1710	8
1711	8
1712	8
1713	11
1714	11
1715	11
1716	11
1717	11
1718	11
1719	11
1720	11
1721	11
1722	11
1723	11
1724	11
1725	8
1726	8
1727	8
1728	11
1729	8
1730	8
1731	8
1732	8
1733	8
1734	8
1735	8
1736	8
1737	8
1738	8
1739	8
1740	8
1741	8
1742	2
1743	2
1744	3
1745	2
1746	2
1747	3
1748	2
1749	3
1750	2
1751	2
1752	2
1753	2
1754	2
1755	2
1756	3
1757	11
1758	11
1759	11
1760	11
1761	2
1762	2
1763	2
1764	3
1765	2
1766	2
1767	3
1768	2
1769	2
1770	2
1771	2
1772	2
1773	2
1774	11
1775	11
1776	11
1777	11
1778	11
1779	11
1780	11
1781	11
1782	11
1783	11
1784	11
1785	11
1786	11
1787	2
1788	2
1789	2
1790	2
1791	2
1792	2
1793	2
1794	2
1795	11
1796	11
1797	11
1798	11
1799	2
1800	2
1801	2
1802	2
1803	2
1804	3
1805	2
1806	3
1807	2
1808	2
1809	6
1810	6
1811	6
1812	6
1813	6
1814	6
1815	6
1816	6
1817	6
1818	6
1819	6
1820	6
1821	6
1822	6
1823	6
1824	6
1825	6
1826	6
1827	6
1828	6
1829	6
1830	1
1831	1
1832	1
1833	1
1834	1
1835	6
1836	6
1837	1
1838	6
1839	6
1840	4
1841	4
1842	4
1843	4
1844	4
1845	6
1846	6
1847	6
1848	6
1849	6
1850	6
1851	6
1852	6
1853	6
1854	3
1855	6
1856	6
1857	11
1858	11
1859	11
1860	11
1861	11
1862	11
1863	6
1864	6
1865	6
1866	6
1867	6
1868	6
1869	6
1870	6
1871	6
1872	10
1873	10
1874	1
1875	1
1876	10
1877	1
1878	1
1879	1
1880	1
1881	1
1882	10
1883	1
1884	1
1885	1
1886	1
1887	1
1888	10
1889	1
1890	10
1891	1
1892	1
1893	10
1894	10
1895	12
1896	12
1897	12
1898	4
1899	4
1900	4
1901	4
1902	4
1903	4
1904	12
1905	12
1906	12
1907	12
1908	12
1909	12
1910	12
1911	12
1912	12
1913	12
1914	12
1915	12
1916	4
1917	4
1918	4
1919	4
1920	4
1921	4
1922	4
1923	4
1924	12
1925	12
1926	12
1927	12
1928	12
1929	12
1930	12
1931	12
1932	12
1933	12
1934	12
1935	12
1936	12
1937	12
1938	12
1939	12
1940	12
1941	12
1942	12
1943	12
1944	12
1945	12
1946	12
1947	12
1948	12
1949	12
1950	12
1951	12
1952	12
1953	12
1954	12
1955	12
1956	12
1957	12
1958	12
1959	12
1960	12
1961	12
1962	12
1963	12
1964	12
1965	12
1966	12
1967	12
1968	12
1969	12
1970	12
1971	12
1972	12
1973	12
1974	12
1975	12
1976	10
1977	10
1978	10
1979	10
1980	10
1981	10
1982	10
1983	10
1984	10
1985	10
1986	10
1987	10
1988	10
1989	10
1990	10
1991	10
1992	10
1993	10
1994	10
1995	10
1996	10
1997	10
1998	10
1999	10
2000	10
2001	10
2002	10
2003	10
2004	10
2005	10
2006	10
2007	10
2008	10
2009	10
2010	10
2011	10
2012	10
2013	10
2014	10
2015	10
2016	10
2017	1
2018	1
2019	1
2020	1
2021	1
2022	1
2023	1
2024	10
2025	1
2026	1
2027	1
2028	1
2029	1
2030	10
2031	10
2032	10
2033	10
2034	10
2035	10
2036	10
2037	10
2038	1
2039	1
2040	1
2041	1
2042	1
2043	1
2044	1
2045	1
2046	10
2047	10
2048	1
2049	1
2050	1
2051	10
2052	10
2053	10
2054	10
2055	10
2056	10
2057	10
2058	10
2059	10
2060	10
2061	10
2062	10
2063	10
2064	10
2065	10
2066	10
2067	10
2068	1
2069	1
2070	1
2071	1
2072	1
2073	11
2074	1
2075	1
2076	1
2077	11
2078	11
2079	1
2080	11
2081	1
2082	1
2083	1
2084	1
2085	1
2086	1
2087	1
2088	1
2089	8
2090	8
2091	8
2092	8
2093	8
2094	8
2095	8
2096	12
2097	12
2098	12
2099	12
2100	12
2101	12
2102	12
2103	2
2104	2
2105	2
2106	2
2107	12
2108	12
2109	12
2110	2
2111	2
2112	2
2113	6
2114	3
2115	3
2116	3
2117	3
2118	6
2119	6
2120	3
2121	3
2122	6
2123	6
2124	1
2125	3
2126	3
2127	3
2128	3
2129	3
2130	6
2131	3
2132	3
2133	6
2134	3
2135	3
2136	6
2137	6
2138	6
2139	3
2140	6
2141	6
2142	6
2143	6
2144	6
2145	3
2146	6
2147	6
2148	3
2149	6
2150	3
2151	3
2152	3
2153	3
2154	3
2155	3
2156	6
2157	3
2158	3
2159	6
2160	3
2161	3
2162	3
2163	3
2164	3
2165	3
2166	3
2167	3
2168	3
2169	3
2170	3
2171	3
2172	3
2173	3
2174	6
2175	6
2176	6
2177	6
2178	3
2179	3
2180	3
2181	3
2182	3
2183	3
2184	3
2185	3
2186	3
2187	3
2188	3
2189	3
2190	3
2191	3
2192	3
2193	3
2194	6
2195	3
2196	6
2197	6
2198	3
2199	6
2200	3
2201	6
2202	6
2203	3
2204	3
2205	3
2206	3
2207	3
2208	3
2209	3
2210	3
2211	6
2212	3
2213	3
2214	3
2215	3
2216	6
2217	3
2218	3
2219	3
2220	3
2221	3
2222	6
2223	6
2224	3
2225	3
2226	3
2227	3
2228	6
2229	6
2230	3
2231	3
2232	3
2233	6
2234	6
2235	3
2236	6
2237	6
2238	6
2239	3
2240	3
2241	6
2242	6
2243	6
2244	6
2245	6
2246	3
2247	3
2248	3
2249	3
2250	3
2251	3
2252	3
2253	6
2254	6
2255	6
2256	3
2257	3
2258	3
2259	3
2260	3
2261	3
2262	3
2263	3
2264	3
2265	3
2266	6
2267	3
2268	3
2269	6
2270	3
2271	3
2272	3
2273	3
2274	3
2275	3
2276	3
2277	6
2278	6
2279	6
2280	3
2281	3
2282	3
2283	6
2284	1
2285	1
2286	3
2287	3
2288	3
2289	3
2290	3
2291	3
2292	3
2293	3
2294	3
2295	3
2296	3
2297	6
2298	6
2299	6
2300	6
2301	3
2302	6
2303	3
2304	6
2305	3
2306	3
2307	3
2308	3
2309	1
2310	1
2311	1
2312	4
2313	4
2314	4
2315	4
2316	4
2317	4
2318	4
2319	4
2320	4
2321	4
2322	4
2323	4
2324	4
2325	4
2326	4
2327	4
2328	4
2329	4
2330	12
2331	12
2332	12
2333	12
2334	12
2335	12
2336	12
2337	12
2338	12
2339	12
2340	12
2341	12
2342	12
2343	12
2344	12
2345	12
2346	7
2347	7
2348	7
2349	7
2350	7
2351	7
2352	7
2353	7
2354	7
2355	7
2356	7
2357	7
2358	7
2359	7
2360	7
2361	7
2362	7
2363	7
2364	7
2365	7
2366	6
2367	6
2368	6
2369	6
2370	6
2371	6
2372	6
2373	6
2374	6
2375	6
2376	6
2377	6
2378	6
2379	6
2380	6
2381	6
2382	6
2383	6
2384	6
2385	6
2386	6
2387	6
2388	6
2389	6
2390	6
2391	6
2392	6
2393	6
2394	6
2395	6
2396	6
2397	6
2398	6
2399	6
2400	6
2401	6
2402	6
2403	6
2404	6
2405	6
2406	6
2407	6
2408	6
2409	6
2410	6
2411	6
2412	6
2413	6
2414	6
2415	13
2416	9
2417	9
2418	13
2419	13
2420	13
2421	13
2422	9
2423	13
2424	9
2425	13
2426	13
2427	13
2428	13
2429	13
2430	13
2431	9
2432	13
2433	13
2434	13
2435	9
2436	9
2437	9
2438	13
2439	13
2440	13
2441	13
2442	9
2443	9
2444	13
2445	13
2446	13
2447	13
2448	13
2449	13
2450	13
2451	13
2452	13
2453	13
2454	13
2455	13
2456	13
2457	13
2458	13
2459	13
2460	13
2461	13
2462	13
2463	13
2464	13
2465	13
2466	13
2467	13
2468	13
2469	13
2470	13
2471	13
2472	13
2473	13
2474	13
2475	13
2476	13
2477	13
2478	13
2479	13
2480	13
2481	13
2482	13
2483	13
2484	13
2485	13
2486	13
2487	13
2488	13
2489	13
2490	13
2491	13
2492	13
2493	13
2494	13
2495	13
2496	9
2497	9
2498	9
2499	9
2500	13
2501	13
2502	9
2503	9
2504	9
2505	9
2506	9
2507	9
2508	9
2509	9
2510	9
2511	9
2512	9
2513	9
2514	9
2515	13
2516	13
2517	13
2518	13
2519	13
2520	13
2521	13
2522	13
2523	9
2524	9
2525	13
2526	13
2527	13
2528	9
2529	9
2530	13
2531	9
2532	9
2533	9
2534	9
2535	9
2536	9
2537	9
2538	9
2539	13
2540	13
2541	13
2542	9
2543	9
2544	13
2545	13
2546	13
2547	9
2548	9
2549	9
2550	13
2551	13
2552	13
2553	13
2554	13
2555	13
2556	13
2557	13
2558	9
2559	9
2560	9
2561	9
2562	9
2563	13
2564	9
2565	9
2566	9
2567	13
2568	13
2569	9
2570	9
2571	9
2572	9
2573	9
2574	9
2575	13
2576	13
2577	13
2578	13
2579	13
2580	13
2581	13
2582	13
2583	13
2584	13
2585	13
2586	13
2587	9
2588	9
2589	9
2590	9
2591	9
2592	9
2593	9
2594	13
2595	13
2596	13
2597	9
2598	9
2599	13
2600	13
2601	13
2602	13
2603	13
2604	13
2605	13
2606	1
2607	1
2608	1
2609	1
2610	1
2611	1
2612	1
2613	1
2614	1
2615	1
2616	1
2617	1
2618	1
2619	1
2620	1
2621	1
2622	1
2623	1
2624	1
2625	1
2626	1
2627	1
2628	1
2629	1
2630	1
2631	1
2632	1
2633	1
2634	1
2635	1
2636	1
2637	1
2638	1
2639	1
2640	5
2641	5
2642	5
2643	5
2644	5
2645	5
2646	5
2647	5
2648	5
2649	5
2650	5
2651	5
2652	5
2653	5
2654	5
2655	5
2656	5
2657	5
2658	5
2659	5
2660	5
2661	5
2662	5
2663	5
2664	5
2665	5
2666	5
2667	5
2668	5
2669	5
2670	5
2671	5
2672	5
2673	5
2674	5
2675	5
2676	5
2677	5
2678	5
2679	5
2680	5
2681	5
2682	5
2683	5
2684	5
2685	5
2686	5
2687	5
2688	12
2689	12
2690	12
2691	12
315	8
1657	8
