0	6
1	6
2	6
3	6
4	6
5	6
6	6
7	1
8	1
9	1
10	1
11	1
12	1
13	13
14	13
15	13
16	1
17	1
18	1
19	1
20	1
21	7
22	7
23	7
24	7
25	7
26	7
27	7
28	7
29	4
30	4
31	4
32	4
33	4
34	4
35	4
36	4
37	4
38	4
39	4
40	4
41	4
42	4
43	4
44	4
45	4
46	4
47	4
48	4
49	4
50	4
51	4
52	4
53	8
54	8
55	8
56	8
57	8
58	4
59	4
60	4
61	4
62	4
63	4
64	4
65	8
66	8
67	8
68	8
69	8
70	8
71	7
72	7
73	7
74	7
75	4
76	4
77	4
78	4
79	4
80	4
81	4
82	4
83	13
84	13
85	13
86	13
87	13
88	13
89	13
90	13
91	13
92	13
93	13
94	13
95	13
96	1
97	13
98	1
99	1
100	13
101	1
102	1
103	1
104	1
105	1
106	1
107	1
108	1
109	1
110	1
111	13
112	13
113	13
114	1
115	1
116	13
117	13
118	13
119	13
120	13
121	13
122	1
123	1
124	1
125	1
126	13
127	1
128	1
129	9
130	2
131	2
132	2
133	9
134	9
135	2
136	2
137	2
138	9
139	2
140	2
141	9
142	9
143	2
144	2
145	9
146	2
147	9
148	9
149	9
150	9
151	9
152	9
153	9
154	2
155	2
156	2
157	2
158	2
159	9
160	9
161	9
162	9
163	9
164	9
165	2
166	9
167	9
168	9
169	9
170	9
171	9
172	9
173	9
174	9
175	9
176	9
177	9
178	9
179	9
180	9
181	9
182	9
183	4
184	4
185	4
186	4
187	4
188	4
189	4
190	4
191	4
192	4
193	4
194	4
195	4
196	4
197	4
198	4
199	4
200	4
201	4
202	4
203	4
204	4
205	4
206	4
207	4
208	7
209	7
210	7
211	7
212	7
213	7
214	7
215	7
216	7
217	7
218	7
219	7
220	7
221	7
222	7
223	7
224	7
225	7
226	7
227	7
228	7
229	7
230	7
231	7
232	7
233	7
234	7
235	7
236	7
237	7
238	7
239	7
240	7
241	7
242	7
243	7
244	7
245	7
246	7
247	7
248	4
249	4
250	4
251	4
252	4
253	4
254	4
255	4
256	4
257	4
258	4
259	4
260	4
261	3
262	3
263	3
264	3
265	3
266	3
267	3
268	3
269	3
270	3
271	3
272	3
273	3
274	3
275	3
276	3
277	3
278	3
279	3
280	3
281	3
282	3
283	3
284	3
285	3
286	3
287	3
288	3
289	3
290	3
291	3
292	3
293	3
294	3
295	3
296	3
297	3
298	3
299	3
300	3
301	3
302	4
303	4
304	4
305	4
306	2
307	2
308	2
309	2
310	2
311	2
312	2
313	2
314	2
316	1
317	1
318	1
319	1
320	1
321	1
322	1
323	1
324	1
325	1
326	1
327	1
328	1
329	1
330	1
331	2
332	2
333	2
334	2
335	2
336	2
337	1
338	1
339	1
340	2
341	2
342	2
343	2
344	2
345	2
346	2
347	2
348	2
349	2
350	2
351	2
352	2
353	2
354	2
355	2
356	11
357	9
358	11
359	9
360	9
361	11
362	11
363	9
364	11
365	11
366	11
367	11
368	11
369	2
370	2
371	2
372	2
373	2
374	2
375	2
376	2
377	2
378	2
379	2
380	2
381	2
382	2
383	2
384	2
385	2
386	2
387	2
388	2
389	1
390	1
391	1
392	1
393	1
394	2
395	2
396	2
397	2
398	1
399	1
400	1
401	1
402	1
403	7
404	7
405	7
406	7
407	7
408	7
409	6
410	6
411	6
412	6
413	6
414	6
415	6
416	6
417	6
418	6
419	6
420	6
421	6
422	6
423	6
424	6
425	9
426	9
427	9
428	9
429	9
430	9
431	9
432	9
433	6
434	6
435	6
436	6
437	6
438	6
439	6
440	6
441	6
442	6
443	6
444	6
445	6
446	9
447	9
448	9
449	9
450	9
451	6
452	6
453	6
454	9
455	9
456	9
457	6
458	6
459	6
460	6
461	6
462	6
463	9
464	9
465	9
466	9
467	9
468	9
469	9
470	9
471	9
472	9
473	6
474	6
475	3
476	3
477	3
478	3
479	3
480	3
481	3
482	3
483	3
484	7
485	7
486	3
487	3
488	3
489	3
490	3
491	3
492	3
493	3
494	3
495	3
496	3
497	3
498	7
499	3
500	3
501	3
502	7
503	3
504	3
505	3
506	7
507	7
508	7
509	7
510	7
511	7
512	7
513	7
514	7
515	7
516	7
517	7
518	7
519	7
520	7
521	7
522	13
523	13
524	13
525	13
526	6
527	6
528	13
529	13
530	13
531	13
532	13
533	13
534	13
535	13
536	13
537	13
538	6
539	6
540	6
541	6
542	6
543	6
544	6
545	6
546	6
547	6
548	6
549	6
550	6
551	6
552	6
553	6
554	6
555	6
556	6
557	6
558	6
559	3
560	3
561	3
562	3
563	3
564	3
565	6
566	6
567	6
568	6
569	6
570	5
571	5
572	5
573	5
574	13
575	5
576	5
577	5
578	13
579	5
580	5
581	6
582	6
583	6
584	6
585	6
586	6
587	7
588	7
589	7
590	7
591	7
592	7
593	7
594	7
595	7
596	7
597	7
598	7
599	7
600	7
601	7
602	7
603	4
604	4
605	4
606	4
607	4
608	4
609	4
610	4
611	4
612	4
613	4
614	4
615	4
616	4
617	7
618	7
619	7
620	7
621	7
622	7
623	7
624	7
625	7
626	7
627	7
628	7
629	7
630	7
631	7
632	7
633	7
634	7
635	7
636	7
637	7
638	7
639	4
640	6
641	4
642	6
643	4
644	6
645	6
646	6
647	6
648	6
649	6
650	6
651	6
652	6
653	4
654	4
655	4
656	6
657	9
658	9
659	3
660	3
661	6
662	6
663	6
664	6
665	6
666	6
667	6
668	6
669	6
670	7
671	7
672	7
673	3
674	7
675	7
676	3
677	7
678	7
679	7
680	6
681	6
682	6
683	6
684	6
685	6
686	6
687	6
688	6
689	6
690	6
691	6
692	6
693	6
694	6
695	6
696	6
697	7
698	3
699	7
700	7
701	7
702	7
703	7
704	7
705	7
706	7
707	7
708	7
709	7
710	7
711	7
712	7
713	7
714	6
715	6
716	3
717	3
718	7
719	7
720	7
721	3
722	3
723	3
724	3
725	3
726	3
727	3
728	3
729	3
730	3
731	3
732	1
733	1
734	1
735	1
736	1
737	9
738	9
739	9
740	9
741	9
742	9
743	9
744	9
745	1
746	1
747	1
748	1
749	1
750	1
751	1
752	1
753	1
754	1
755	1
756	1
757	1
758	1
759	1
760	1
761	1
762	1
763	1
764	1
765	1
766	9
767	9
768	9
769	9
770	1
771	1
772	9
773	9
774	9
775	9
776	9
777	9
778	9
779	9
780	9
781	9
782	9
783	9
784	9
785	7
786	9
787	9
788	9
789	9
790	9
791	7
792	7
793	7
794	7
795	7
796	7
797	7
798	7
799	7
800	2
801	9
802	9
803	9
804	9
805	7
806	2
807	2
808	9
809	9
810	9
811	8
812	8
813	8
814	8
815	11
816	11
817	8
818	8
819	8
820	8
821	8
822	11
823	8
824	11
825	11
826	11
827	8
828	11
829	8
830	8
831	8
832	11
833	11
834	8
835	8
836	8
837	8
838	8
839	11
840	8
841	11
842	8
843	8
844	8
845	11
846	8
847	8
848	8
849	11
850	8
851	8
852	8
853	8
854	8
855	11
856	8
857	8
858	4
859	4
860	4
861	4
862	4
863	4
864	4
865	4
866	4
867	4
868	4
869	4
870	4
871	8
872	8
873	11
874	8
875	8
876	11
877	11
878	11
879	11
880	11
881	8
882	8
883	8
884	8
885	8
886	8
887	8
888	8
889	11
890	11
891	11
892	8
893	8
894	8
895	8
896	8
897	11
898	8
899	8
900	8
901	8
902	8
903	8
904	8
905	8
906	11
907	8
908	8
909	11
910	8
911	8
912	8
913	8
914	8
915	8
916	11
917	8
918	11
919	11
920	8
921	8
922	8
923	8
924	11
925	8
926	11
927	8
928	8
929	8
930	8
931	8
932	8
933	8
934	11
935	8
936	8
937	11
938	11
939	8
940	8
941	11
942	8
943	11
944	8
945	8
946	11
947	8
948	8
949	8
950	8
951	8
952	8
953	11
954	8
955	8
956	8
957	8
958	8
959	11
960	11
961	8
962	8
963	8
964	8
965	8
966	8
967	11
968	8
969	8
970	11
971	11
972	8
973	8
974	8
975	8
976	8
977	8
978	11
979	11
980	11
981	11
982	8
983	8
984	1
985	9
986	9
987	9
988	9
989	9
990	9
991	9
992	9
993	9
994	9
995	9
996	9
997	9
998	9
999	9
1000	9
1001	9
1002	9
1003	9
1004	9
1005	9
1006	9
1007	1
1008	8
1009	9
1010	1
1011	8
1012	8
1013	8
1014	8
1015	8
1016	8
1017	1
1018	8
1019	8
1020	8
1021	8
1022	1
1023	8
1024	8
1025	8
1026	8
1027	1
1028	8
1029	8
1030	8
1031	8
1032	8
1033	8
1034	1
1035	1
1036	1
1037	1
1038	8
1039	8
1040	8
1041	1
1042	1
1043	8
1044	8
1045	8
1046	8
1047	1
1048	8
1049	8
1050	1
1051	8
1052	8
1053	1
1054	1
1055	1
1056	1
1057	1
1058	1
1059	8
1060	1
1061	1
1062	8
1063	1
1064	1
1065	1
1066	1
1067	1
1068	1
1069	8
1070	1
1071	8
1072	8
1073	8
1074	8
1075	4
1076	4
1077	4
1078	4
1079	4
1080	4
1081	4
1082	4
1083	4
1084	4
1085	4
1086	4
1087	3
1088	3
1089	3
1090	3
1091	3
1092	3
1093	3
1094	7
1095	7
1096	7
1097	7
1098	7
1099	7
1100	7
1101	7
1102	7
1103	7
1104	7
1105	7
1106	7
1107	11
1108	11
1109	11
1110	11
1111	11
1112	11
1113	11
1114	11
1115	11
1116	11
1117	11
1118	11
1119	11
1120	11
1121	11
1122	11
1123	11
1124	11
1125	11
1126	11
1127	11
1128	11
1129	11
1130	11
1131	11
1132	11
1133	11
1134	11
1135	11
1136	11
1137	11
1138	11
1139	11
1140	11
1141	11
1142	11
1143	11
1144	11
1145	11
1146	11
1147	11
1148	11
1149	11
1150	11
1151	11
1152	11
1153	11
1154	2
1155	2
1156	2
1157	2
1158	2
1159	2
1160	2
1161	2
1162	2
1163	2
1164	2
1165	2
1166	2
1167	2
1168	2
1169	8
1170	1
1171	8
1172	8
1173	8
1174	1
1175	1
1176	8
1177	8
1178	8
1179	8
1180	8
1181	8
1182	8
1183	8
1184	1
1185	8
1186	8
1187	8
1188	8
1189	8
1190	1
1191	1
1192	8
1193	8
1194	8
1195	8
1196	1
1197	8
1198	1
1199	8
1200	13
1201	13
1202	13
1203	13
1204	13
1205	13
1206	13
1207	13
1208	13
1209	13
1210	13
1211	13
1212	13
1213	13
1214	13
1215	13
1216	13
1217	13
1218	13
1219	13
1220	13
1221	13
1222	13
1223	13
1224	13
1225	13
1226	13
1227	13
1228	13
1229	13
1230	13
1231	13
1232	13
1233	13
1234	13
1235	13
1236	13
1237	13
1238	13
1239	13
1240	3
1241	3
1242	3
1243	7
1244	3
1245	3
1246	3
1247	3
1248	7
1249	7
1250	7
1251	7
1252	7
1253	4
1254	4
1255	4
1256	4
1257	4
1258	7
1259	7
1260	7
1261	7
1262	3
1263	3
1264	4
1265	4
1266	4
1267	4
1268	4
1269	6
1270	4
1271	4
1272	4
1273	4
1274	6
1275	6
1276	4
1277	6
1278	2
1279	2
1280	2
1281	7
1282	3
1283	3
1284	6
1285	4
1286	4
1287	6
1288	2
1289	2
1290	2
1291	2
1292	2
1293	2
1294	2
1295	2
1296	2
1297	2
1298	2
1299	2
1300	2
1301	2
1302	2
1303	4
1304	4
1305	4
1306	4
1307	4
1308	4
1309	4
1310	4
1311	4
1312	4
1313	4
1314	11
1315	11
1316	11
1317	11
1318	11
1319	11
1320	11
1321	11
1322	11
1323	11
1324	11
1325	11
1326	11
1327	11
1328	11
1329	11
1330	11
1331	11
1332	11
1333	11
1334	11
1335	11
1336	11
1337	11
1338	11
1339	11
1340	11
1341	11
1342	11
1343	11
1344	11
1345	11
1346	4
1347	4
1348	4
1349	4
1350	4
1351	4
1352	4
1353	4
1354	4
1355	4
1356	4
1357	4
1358	4
1359	4
1360	4
1361	4
1362	4
1363	11
1364	11
1365	11
1366	11
1367	11
1368	11
1369	11
1370	11
1371	11
1372	11
1373	11
1374	11
1375	11
1376	11
1377	11
1378	11
1379	11
1380	11
1381	2
1382	2
1383	2
1384	2
1385	2
1386	2
1387	2
1388	2
1389	2
1390	2
1391	2
1392	2
1393	2
1394	2
1395	2
1396	2
1397	6
1398	4
1399	4
1400	4
1401	4
1402	4
1403	4
1404	6
1405	4
1406	4
1407	4
1408	4
1409	4
1410	4
1411	4
1412	4
1413	4
1414	4
1415	4
1416	4
1417	4
1418	6
1419	4
1420	6
1421	4
1422	6
1423	4
1424	4
1425	6
1426	6
1427	4
1428	5
1429	5
1430	5
1431	5
1432	5
1433	5
1434	5
1435	5
1436	5
1437	5
1438	5
1439	5
1440	5
1441	1
1442	1
1443	1
1444	1
1445	1
1446	1
1447	1
1448	1
1449	1
1450	1
1451	1
1452	1
1453	1
1454	1
1455	5
1456	5
1457	5
1458	5
1459	5
1460	5
1461	5
1462	5
1463	5
1464	5
1465	7
1466	7
1467	7
1468	7
1469	7
1470	7
1471	7
1472	7
1473	7
1474	7
1475	7
1476	7
1477	7
1478	7
1479	7
1480	7
1481	7
1482	7
1483	7
1484	7
1485	7
1486	7
1487	7
1488	7
1489	1
1490	1
1491	1
1492	1
1493	1
1494	1
1495	1
1496	1
1497	1
1498	1
1499	1
1500	1
1501	6
1502	6
1503	6
1504	6
1505	6
1506	6
1507	6
1508	6
1509	6
1510	6
1511	6
1512	6
1513	6
1514	6
1515	6
1516	6
1517	6
1518	6
1519	6
1520	6
1521	6
1522	6
1523	6
1524	6
1525	6
1526	6
1527	6
1528	6
1529	9
1530	9
1531	9
1532	9
1533	9
1534	9
1535	9
1536	9
1537	9
1538	9
1539	9
1540	9
1541	9
1542	9
1543	9
1544	9
1545	9
1546	9
1547	9
1548	9
1549	9
1550	9
1551	9
1552	13
1553	13
1554	13
1555	13
1556	13
1557	13
1558	13
1559	13
1560	13
1561	13
1562	13
1563	13
1564	13
1565	13
1566	13
1567	13
1568	13
1569	13
1570	13
1571	13
1572	13
1573	13
1574	13
1575	13
1576	1
1577	1
1578	1
1579	1
1580	1
1581	1
1582	1
1583	1
1584	1
1585	1
1586	1
1587	1
1588	1
1589	1
1590	1
1591	1
1592	1
1593	4
1594	4
1595	4
1596	4
1597	4
1598	4
1599	4
1600	4
1601	4
1602	13
1603	13
1604	13
1605	13
1606	13
1607	13
1608	13
1609	13
1610	13
1611	13
1612	13
1613	13
1614	13
1615	13
1616	13
1617	13
1618	7
1619	7
1620	7
1621	7
1622	7
1623	7
1624	7
1625	7
1626	7
1627	7
1628	7
1629	1
1630	1
1631	13
1632	1
1633	13
1634	13
1635	13
1636	13
1637	13
1638	13
1639	1
1640	13
1641	13
1642	13
1643	13
1644	7
1645	7
1646	7
1647	7
1648	7
1649	13
1650	1
1651	1
1652	1
1653	1
1654	1
1655	13
1656	13
1658	13
1659	1
1660	13
1661	13
1662	1
1663	13
1664	13
1665	13
1666	1
1667	1
1668	1
1669	1
1670	13
1671	13
1672	13
1673	7
1674	13
1675	13
1676	13
1677	7
1678	3
1679	3
1680	3
1681	3
1682	3
1683	3
1684	3
1685	6
1686	6
1687	6
1688	1
1689	1
1690	1
1691	1
1692	1
1693	1
1694	1
1695	1
1696	1
1697	1
1698	1
1699	1
1700	6
1701	1
1702	1
1703	10
1704	10
1705	1
1706	1
1707	1
1708	1
1709	1
1710	1
1711	1
1712	1
1713	7
1714	7
1715	7
1716	7
1717	7
1718	7
1719	7
1720	7
1721	7
1722	7
1723	7
1724	7
1725	1
1726	1
1727	1
1728	7
1729	1
1730	1
1731	1
1732	1
1733	1
1734	1
1735	1
1736	1
1737	1
1738	1
1739	1
1740	1
1741	1
1742	6
1743	6
1744	10
1745	10
1746	6
1747	10
1748	6
1749	10
1750	10
1751	6
1752	6
1753	6
1754	6
1755	6
1756	10
1757	7
1758	7
1759	7
1760	7
1761	6
1762	6
1763	10
1764	10
1765	6
1766	6
1767	10
1768	10
1769	6
1770	6
1771	6
1772	10
1773	6
1774	7
1775	7
1776	7
1777	7
1778	7
1779	7
1780	7
1781	7
1782	7
1783	7
1784	7
1785	7
1786	7
1787	10
1788	10
1789	6
1790	6
1791	10
1792	6
1793	6
1794	6
1795	7
1796	7
1797	7
1798	7
1799	6
1800	6
1801	6
1802	6
1803	10
1804	10
1805	6
1806	10
1807	6
1808	10
1809	10
1810	10
1811	10
1812	10
1813	10
1814	10
1815	10
1816	10
1817	10
1818	10
1819	5
1820	10
1821	5
1822	10
1823	5
1824	5
1825	10
1826	10
1827	10
1828	10
1829	10
1830	3
1831	3
1832	3
1833	3
1834	3
1835	5
1836	5
1837	3
1838	10
1839	10
1840	11
1841	11
1842	11
1843	11
1844	11
1845	10
1846	5
1847	10
1848	10
1849	10
1850	5
1851	10
1852	10
1853	5
1854	10
1855	5
1856	10
1857	3
1858	3
1859	3
1860	3
1861	3
1862	3
1863	5
1864	5
1865	5
1866	5
1867	5
1868	10
1869	5
1870	10
1871	10
1872	3
1873	3
1874	3
1875	3
1876	3
1877	3
1878	3
1879	3
1880	3
1881	3
1882	3
1883	3
1884	3
1885	3
1886	3
1887	3
1888	3
1889	3
1890	3
1891	3
1892	3
1893	3
1894	3
1895	4
1896	4
1897	4
1898	2
1899	2
1900	2
1901	2
1902	2
1903	2
1904	4
1905	4
1906	4
1907	4
1908	4
1909	4
1910	4
1911	4
1912	4
1913	4
1914	4
1915	4
1916	2
1917	2
1918	2
1919	2
1920	2
1921	2
1922	2
1923	2
1924	4
1925	4
1926	4
1927	4
1928	4
1929	4
1930	4
1931	4
1932	4
1933	4
1934	4
1935	4
1936	4
1937	4
1938	4
1939	4
1940	4
1941	4
1942	4
1943	4
1944	4
1945	4
1946	4
1947	4
1948	4
1949	4
1950	4
1951	4
1952	4
1953	4
1954	4
1955	4
1956	4
1957	4
1958	4
1959	4
1960	4
1961	4
1962	4
1963	4
1964	4
1965	4
1966	4
1967	4
1968	4
1969	4
1970	4
1971	4
1972	4
1973	4
1974	4
1975	4
1976	9
1977	9
1978	9
1979	9
1980	9
1981	9
1982	9
1983	9
1984	9
1985	9
1986	9
1987	9
1988	9
1989	9
1990	9
1991	9
1992	9
1993	9
1994	9
1995	9
1996	9
1997	9
1998	9
1999	9
2000	9
2001	9
2002	9
2003	9
2004	9
2005	9
2006	9
2007	9
2008	9
2009	9
2010	9
2011	9
2012	9
2013	9
2014	9
2015	9
2016	9
2017	3
2018	3
2019	3
2020	3
2021	3
2022	3
2023	3
2024	3
2025	3
2026	3
2027	3
2028	3
2029	3
2030	9
2031	9
2032	9
2033	9
2034	3
2035	3
2036	3
2037	3
2038	3
2039	3
2040	3
2041	3
2042	3
2043	3
2044	3
2045	3
2046	3
2047	3
2048	3
2049	3
2050	3
2051	3
2052	3
2053	3
2054	3
2055	3
2056	3
2057	3
2058	13
2059	13
2060	9
2061	13
2062	13
2063	13
2064	9
2065	9
2066	9
2067	13
2068	3
2069	3
2070	3
2071	3
2072	3
2073	7
2074	3
2075	3
2076	3
2077	7
2078	7
2079	3
2080	7
2081	3
2082	3
2083	3
2084	3
2085	3
2086	3
2087	3
2088	3
2089	1
2090	1
2091	1
2092	1
2093	1
2094	1
2095	1
2096	6
2097	6
2098	6
2099	6
2100	6
2101	6
2102	6
2103	6
2104	6
2105	6
2106	6
2107	6
2108	6
2109	6
2110	6
2111	6
2112	6
2113	10
2114	10
2115	10
2116	10
2117	10
2118	5
2119	5
2120	5
2121	5
2122	5
2123	5
2124	3
2125	5
2126	5
2127	5
2128	5
2129	10
2130	5
2131	5
2132	10
2133	5
2134	10
2135	10
2136	5
2137	5
2138	5
2139	5
2140	5
2141	5
2142	10
2143	5
2144	5
2145	5
2146	5
2147	5
2148	5
2149	5
2150	5
2151	10
2152	10
2153	10
2154	10
2155	10
2156	10
2157	10
2158	10
2159	5
2160	10
2161	10
2162	10
2163	10
2164	10
2165	10
2166	10
2167	5
2168	5
2169	10
2170	10
2171	10
2172	10
2173	10
2174	5
2175	5
2176	5
2177	5
2178	10
2179	10
2180	10
2181	10
2182	10
2183	10
2184	10
2185	10
2186	10
2187	10
2188	5
2189	5
2190	5
2191	5
2192	5
2193	10
2194	5
2195	10
2196	5
2197	5
2198	10
2199	5
2200	5
2201	10
2202	5
2203	10
2204	10
2205	5
2206	5
2207	5
2208	5
2209	10
2210	10
2211	10
2212	10
2213	5
2214	5
2215	5
2216	5
2217	5
2218	10
2219	10
2220	10
2221	5
2222	5
2223	5
2224	10
2225	10
2226	10
2227	10
2228	5
2229	5
2230	10
2231	10
2232	10
2233	5
2234	5
2235	10
2236	5
2237	5
2238	5
2239	10
2240	10
2241	5
2242	5
2243	5
2244	5
2245	5
2246	10
2247	10
2248	10
2249	10
2250	10
2251	10
2252	10
2253	5
2254	5
2255	5
2256	10
2257	10
2258	5
2259	5
2260	5
2261	10
2262	10
2263	10
2264	10
2265	10
2266	5
2267	5
2268	5
2269	5
2270	5
2271	10
2272	10
2273	5
2274	10
2275	10
2276	10
2277	5
2278	5
2279	5
2280	10
2281	10
2282	5
2283	5
2284	3
2285	3
2286	10
2287	10
2288	10
2289	10
2290	10
2291	10
2292	10
2293	10
2294	5
2295	5
2296	5
2297	5
2298	5
2299	5
2300	5
2301	10
2302	5
2303	5
2304	5
2305	10
2306	10
2307	10
2308	10
2309	3
2310	3
2311	3
2312	8
2313	8
2314	8
2315	8
2316	8
2317	8
2318	8
2319	8
2320	8
2321	8
2322	8
2323	8
2324	8
2325	8
2326	8
2327	8
2328	8
2329	8
2330	4
2331	4
2332	4
2333	4
2334	4
2335	4
2336	4
2337	4
2338	4
2339	4
2340	4
2341	4
2342	4
2343	4
2344	4
2345	4
2346	8
2347	8
2348	8
2349	8
2350	8
2351	8
2352	8
2353	8
2354	8
2355	8
2356	8
2357	8
2358	8
2359	8
2360	8
2361	8
2362	8
2363	8
2364	8
2365	8
2366	5
2367	5
2368	5
2369	5
2370	5
2371	5
2372	5
2373	5
2374	5
2375	5
2376	5
2377	5
2378	5
2379	5
2380	5
2381	5
2382	5
2383	5
2384	5
2385	5
2386	5
2387	5
2388	5
2389	5
2390	5
2391	5
2392	5
2393	5
2394	5
2395	5
2396	5
2397	5
2398	5
2399	5
2400	5
2401	5
2402	5
2403	5
2404	5
2405	5
2406	5
2407	5
2408	5
2409	5
2410	5
2411	5
2412	5
2413	5
2414	5
2415	12
2416	12
2417	12
2418	12
2419	2
2420	2
2421	12
2422	12
2423	12
2424	12
2425	12
2426	12
2427	2
2428	2
2429	2
2430	2
2431	12
2432	12
2433	12
2434	12
2435	12
2436	12
2437	12
2438	12
2439	12
2440	12
2441	12
2442	12
2443	12
2444	12
2445	12
2446	12
2447	12
2448	12
2449	12
2450	12
2451	12
2452	12
2453	12
2454	12
2455	12
2456	12
2457	12
2458	12
2459	12
2460	12
2461	12
2462	12
2463	12
2464	12
2465	12
2466	12
2467	12
2468	12
2469	12
2470	12
2471	12
2472	12
2473	12
2474	12
2475	12
2476	12
2477	12
2478	12
2479	12
2480	12
2481	12
2482	12
2483	12
2484	12
2485	12
2486	12
2487	12
2488	12
2489	12
2490	12
2491	12
2492	12
2493	12
2494	12
2495	12
2496	12
2497	12
2498	12
2499	12
2500	12
2501	12
2502	12
2503	12
2504	12
2505	12
2506	12
2507	12
2508	12
2509	12
2510	12
2511	12
2512	12
2513	12
2514	12
2515	12
2516	12
2517	12
2518	12
2519	12
2520	12
2521	12
2522	12
2523	12
2524	12
2525	2
2526	12
2527	12
2528	12
2529	12
2530	2
2531	2
2532	2
2533	2
2534	2
2535	2
2536	2
2537	2
2538	2
2539	12
2540	2
2541	12
2542	12
2543	12
2544	12
2545	12
2546	12
2547	12
2548	12
2549	12
2550	12
2551	12
2552	2
2553	2
2554	12
2555	12
2556	12
2557	12
2558	12
2559	2
2560	12
2561	12
2562	12
2563	2
2564	12
2565	12
2566	12
2567	12
2568	2
2569	12
2570	12
2571	12
2572	12
2573	12
2574	12
2575	12
2576	12
2577	12
2578	12
2579	12
2580	12
2581	2
2582	12
2583	12
2584	12
2585	12
2586	12
2587	2
2588	2
2589	2
2590	2
2591	2
2592	2
2593	2
2594	12
2595	12
2596	12
2597	12
2598	12
2599	12
2600	12
2601	12
2602	12
2603	12
2604	2
2605	2
2606	3
2607	3
2608	3
2609	3
2610	3
2611	3
2612	3
2613	3
2614	3
2615	3
2616	3
2617	3
2618	3
2619	3
2620	3
2621	3
2622	3
2623	3
2624	3
2625	3
2626	3
2627	3
2628	3
2629	3
2630	3
2631	3
2632	3
2633	3
2634	3
2635	3
2636	3
2637	3
2638	3
2639	3
2640	13
2641	13
2642	13
2643	13
2644	13
2645	13
2646	13
2647	13
2648	13
2649	13
2650	13
2651	13
2652	13
2653	13
2654	13
2655	13
2656	13
2657	13
2658	13
2659	13
2660	13
2661	13
2662	13
2663	13
2664	11
2665	13
2666	13
2667	11
2668	11
2669	11
2670	11
2671	11
2672	13
2673	11
2674	13
2675	13
2676	13
2677	13
2678	13
2679	11
2680	11
2681	11
2682	11
2683	13
2684	13
2685	13
2686	13
2687	13
2688	4
2689	4
2690	4
2691	4
315	1
1657	13
