0	9
1	9
2	9
3	9
4	9
5	9
6	9
7	1
8	1
9	1
10	1
11	1
12	1
13	1
14	1
15	1
16	1
17	1
18	1
19	1
20	1
21	6
22	6
23	6
24	6
25	6
26	6
27	6
28	6
29	10
30	10
31	10
32	10
33	10
34	10
35	10
36	10
37	10
38	10
39	10
40	10
41	10
42	10
43	10
44	10
45	10
46	10
47	10
48	10
49	7
50	7
51	7
52	7
53	13
54	13
55	13
56	13
57	13
58	7
59	7
60	7
61	7
62	7
63	7
64	7
65	13
66	13
67	13
68	13
69	13
70	13
71	6
72	6
73	6
74	6
75	7
76	7
77	7
78	7
79	7
80	7
81	7
82	7
83	8
84	8
85	8
86	8
87	8
88	8
89	8
90	8
91	8
92	8
93	8
94	8
95	8
96	1
97	1
98	1
99	1
100	1
101	1
102	1
103	1
104	1
105	1
106	1
107	1
108	1
109	1
110	1
111	1
112	1
113	1
114	1
115	1
116	1
117	1
118	1
119	1
120	1
121	1
122	1
123	1
124	1
125	1
126	1
127	1
128	1
129	4
130	4
131	4
132	4
133	4
134	4
135	4
136	4
137	4
138	4
139	4
140	4
141	4
142	4
143	4
144	4
145	4
146	4
147	4
148	4
149	4
150	4
151	4
152	4
153	4
154	4
155	4
156	4
157	4
158	4
159	4
160	4
161	4
162	4
163	4
164	4
165	4
166	8
167	8
168	8
169	8
170	8
171	8
172	8
173	8
174	8
175	8
176	8
177	8
178	8
179	8
180	8
181	8
182	8
183	9
184	9
185	9
186	9
187	9
188	9
189	9
190	9
191	9
192	9
193	9
194	9
195	9
196	9
197	9
198	9
199	9
200	9
201	9
202	9
203	9
204	9
205	9
206	9
207	9
208	6
209	6
210	6
211	6
212	6
213	6
214	6
215	6
216	6
217	6
218	6
219	6
220	6
221	6
222	6
223	6
224	6
225	6
226	6
227	6
228	6
229	6
230	6
231	6
232	6
233	6
234	6
235	6
236	6
237	6
238	6
239	6
240	6
241	6
242	6
243	6
244	6
245	6
246	6
247	6
248	9
249	9
250	9
251	9
252	9
253	9
254	9
255	9
256	9
257	9
258	9
259	9
260	9
261	5
262	5
263	5
264	5
265	5
266	5
267	5
268	5
269	5
270	5
271	5
272	5
273	5
274	5
275	5
276	5
277	5
278	5
279	5
280	5
281	5
282	5
283	5
284	5
285	5
286	5
287	5
288	5
289	5
290	5
291	5
292	5
293	5
294	5
295	5
296	5
297	5
298	5
299	5
300	5
301	5
302	9
303	9
304	9
305	9
306	12
307	12
308	12
309	12
310	12
311	12
312	12
313	12
314	12
316	10
317	10
318	10
319	10
320	10
321	10
322	10
323	10
324	10
325	10
326	10
327	10
328	10
329	10
330	10
331	12
332	12
333	12
334	12
335	12
336	12
337	10
338	10
339	10
340	12
341	12
342	12
343	12
344	12
345	12
346	12
347	12
348	12
349	12
350	12
351	12
352	12
353	12
354	12
355	12
356	4
357	4
358	4
359	4
360	4
361	4
362	4
363	4
364	4
365	4
366	4
367	4
368	4
369	12
370	12
371	12
372	12
373	12
374	12
375	12
376	12
377	12
378	12
379	12
380	12
381	12
382	12
383	12
384	12
385	12
386	12
387	12
388	12
389	10
390	10
391	10
392	10
393	10
394	12
395	12
396	12
397	12
398	10
399	10
400	10
401	10
402	10
403	6
404	6
405	6
406	6
407	6
408	6
409	1
410	7
411	7
412	7
413	7
414	7
415	7
416	7
417	7
418	7
419	7
420	7
421	7
422	7
423	7
424	7
425	8
426	8
427	8
428	8
429	8
430	8
431	8
432	8
433	7
434	7
435	7
436	7
437	7
438	7
439	7
440	7
441	7
442	7
443	7
444	7
445	1
446	8
447	8
448	8
449	8
450	8
451	7
452	7
453	7
454	8
455	8
456	8
457	7
458	1
459	7
460	7
461	7
462	7
463	8
464	8
465	8
466	8
467	8
468	8
469	8
470	8
471	8
472	8
473	7
474	7
475	5
476	5
477	8
478	8
479	8
480	8
481	8
482	8
483	8
484	6
485	6
486	8
487	8
488	8
489	5
490	5
491	5
492	5
493	5
494	5
495	8
496	8
497	8
498	6
499	8
500	8
501	8
502	6
503	8
504	8
505	8
506	6
507	6
508	6
509	6
510	6
511	6
512	6
513	6
514	6
515	6
516	6
517	6
518	6
519	6
520	6
521	6
522	11
523	11
524	11
525	11
526	9
527	9
528	11
529	11
530	11
531	11
532	11
533	11
534	11
535	11
536	11
537	11
538	9
539	9
540	9
541	9
542	9
543	9
544	9
545	9
546	9
547	9
548	9
549	9
550	9
551	9
552	9
553	9
554	9
555	9
556	9
557	9
558	9
559	6
560	6
561	6
562	6
563	6
564	6
565	9
566	9
567	9
568	9
569	9
570	11
571	11
572	11
573	11
574	11
575	11
576	11
577	11
578	11
579	11
580	11
581	9
582	9
583	9
584	9
585	9
586	9
587	5
588	6
589	6
590	6
591	6
592	6
593	6
594	5
595	6
596	5
597	6
598	5
599	6
600	6
601	6
602	6
603	9
604	9
605	9
606	9
607	9
608	9
609	9
610	9
611	9
612	9
613	9
614	9
615	9
616	9
617	5
618	6
619	6
620	5
621	5
622	5
623	5
624	5
625	5
626	5
627	5
628	6
629	6
630	6
631	6
632	6
633	6
634	5
635	6
636	5
637	5
638	5
639	9
640	9
641	9
642	9
643	9
644	9
645	9
646	9
647	9
648	9
649	9
650	9
651	9
652	9
653	9
654	9
655	9
656	9
657	5
658	5
659	5
660	5
661	7
662	7
663	7
664	1
665	1
666	7
667	7
668	1
669	1
670	6
671	6
672	6
673	6
674	6
675	6
676	6
677	4
678	4
679	4
680	1
681	7
682	1
683	7
684	1
685	7
686	7
687	1
688	7
689	7
690	7
691	7
692	7
693	7
694	7
695	7
696	7
697	6
698	6
699	4
700	6
701	6
702	6
703	6
704	6
705	4
706	4
707	6
708	6
709	6
710	6
711	6
712	6
713	6
714	7
715	7
716	5
717	5
718	6
719	6
720	6
721	5
722	5
723	5
724	6
725	5
726	5
727	6
728	6
729	5
730	5
731	5
732	10
733	10
734	10
735	10
736	10
737	8
738	8
739	8
740	8
741	8
742	8
743	5
744	5
745	10
746	10
747	10
748	10
749	10
750	10
751	10
752	10
753	10
754	10
755	10
756	10
757	10
758	10
759	10
760	10
761	10
762	10
763	10
764	10
765	10
766	5
767	8
768	8
769	8
770	10
771	10
772	5
773	8
774	8
775	8
776	5
777	5
778	8
779	8
780	5
781	8
782	5
783	8
784	8
785	6
786	5
787	5
788	5
789	5
790	5
791	6
792	6
793	6
794	6
795	6
796	6
797	6
798	6
799	6
800	6
801	5
802	5
803	5
804	5
805	6
806	6
807	6
808	5
809	5
810	8
811	13
812	10
813	13
814	13
815	13
816	13
817	13
818	10
819	10
820	10
821	13
822	13
823	13
824	13
825	13
826	13
827	13
828	13
829	10
830	13
831	13
832	13
833	13
834	13
835	13
836	13
837	13
838	13
839	13
840	13
841	13
842	13
843	13
844	13
845	13
846	13
847	10
848	10
849	13
850	10
851	10
852	13
853	13
854	13
855	13
856	10
857	10
858	9
859	9
860	9
861	9
862	9
863	9
864	9
865	9
866	9
867	9
868	9
869	9
870	9
871	13
872	13
873	13
874	13
875	13
876	13
877	13
878	13
879	13
880	13
881	13
882	13
883	13
884	13
885	13
886	13
887	13
888	10
889	13
890	13
891	13
892	10
893	13
894	13
895	13
896	13
897	13
898	13
899	10
900	10
901	10
902	13
903	13
904	13
905	13
906	13
907	13
908	10
909	13
910	10
911	10
912	10
913	10
914	13
915	13
916	13
917	13
918	13
919	13
920	13
921	13
922	10
923	10
924	13
925	13
926	13
927	13
928	13
929	13
930	10
931	10
932	13
933	10
934	13
935	13
936	13
937	13
938	13
939	13
940	13
941	13
942	10
943	13
944	10
945	10
946	13
947	13
948	13
949	10
950	13
951	13
952	13
953	13
954	10
955	10
956	10
957	13
958	13
959	13
960	13
961	13
962	10
963	13
964	13
965	13
966	13
967	13
968	13
969	13
970	13
971	13
972	13
973	13
974	13
975	10
976	13
977	13
978	13
979	13
980	13
981	13
982	10
983	10
984	10
985	8
986	4
987	4
988	8
989	4
990	4
991	4
992	8
993	8
994	4
995	8
996	4
997	8
998	4
999	4
1000	8
1001	8
1002	8
1003	4
1004	4
1005	4
1006	4
1007	10
1008	10
1009	4
1010	10
1011	10
1012	10
1013	10
1014	10
1015	10
1016	10
1017	10
1018	10
1019	10
1020	10
1021	10
1022	10
1023	10
1024	10
1025	10
1026	10
1027	10
1028	10
1029	10
1030	10
1031	10
1032	10
1033	10
1034	10
1035	10
1036	10
1037	10
1038	10
1039	10
1040	10
1041	10
1042	10
1043	10
1044	10
1045	10
1046	10
1047	10
1048	10
1049	10
1050	10
1051	10
1052	10
1053	10
1054	10
1055	10
1056	10
1057	10
1058	10
1059	10
1060	10
1061	10
1062	10
1063	10
1064	10
1065	10
1066	10
1067	10
1068	10
1069	10
1070	10
1071	10
1072	10
1073	10
1074	10
1075	7
1076	7
1077	7
1078	7
1079	7
1080	7
1081	7
1082	7
1083	7
1084	7
1085	7
1086	7
1087	5
1088	5
1089	5
1090	5
1091	5
1092	5
1093	5
1094	6
1095	6
1096	6
1097	6
1098	6
1099	6
1100	6
1101	6
1102	6
1103	6
1104	6
1105	6
1106	6
1107	12
1108	12
1109	12
1110	13
1111	12
1112	13
1113	13
1114	12
1115	12
1116	13
1117	12
1118	12
1119	12
1120	12
1121	13
1122	12
1123	12
1124	12
1125	12
1126	12
1127	13
1128	12
1129	13
1130	12
1131	12
1132	13
1133	12
1134	12
1135	12
1136	13
1137	13
1138	13
1139	13
1140	13
1141	12
1142	12
1143	13
1144	12
1145	12
1146	13
1147	13
1148	12
1149	12
1150	12
1151	12
1152	13
1153	12
1154	3
1155	3
1156	3
1157	3
1158	12
1159	3
1160	3
1161	3
1162	3
1163	12
1164	12
1165	3
1166	12
1167	12
1168	3
1169	10
1170	10
1171	10
1172	10
1173	10
1174	10
1175	10
1176	10
1177	10
1178	10
1179	10
1180	10
1181	10
1182	10
1183	10
1184	10
1185	10
1186	10
1187	10
1188	10
1189	10
1190	10
1191	10
1192	10
1193	10
1194	10
1195	10
1196	10
1197	10
1198	10
1199	10
1200	11
1201	11
1202	11
1203	11
1204	11
1205	11
1206	11
1207	11
1208	11
1209	11
1210	11
1211	11
1212	11
1213	11
1214	11
1215	11
1216	11
1217	11
1218	11
1219	11
1220	11
1221	11
1222	11
1223	11
1224	11
1225	11
1226	11
1227	11
1228	11
1229	11
1230	11
1231	11
1232	11
1233	11
1234	11
1235	11
1236	11
1237	11
1238	11
1239	11
1240	5
1241	5
1242	6
1243	6
1244	6
1245	5
1246	6
1247	6
1248	6
1249	6
1250	6
1251	6
1252	6
1253	7
1254	7
1255	7
1256	7
1257	7
1258	6
1259	6
1260	6
1261	6
1262	6
1263	5
1264	7
1265	7
1266	7
1267	7
1268	7
1269	7
1270	7
1271	7
1272	7
1273	7
1274	7
1275	7
1276	7
1277	7
1278	3
1279	3
1280	3
1281	6
1282	5
1283	5
1284	7
1285	7
1286	7
1287	7
1288	3
1289	3
1290	3
1291	3
1292	3
1293	3
1294	3
1295	3
1296	3
1297	3
1298	3
1299	3
1300	3
1301	3
1302	3
1303	7
1304	7
1305	7
1306	7
1307	7
1308	7
1309	7
1310	7
1311	7
1312	7
1313	7
1314	13
1315	13
1316	13
1317	13
1318	13
1319	13
1320	13
1321	13
1322	13
1323	13
1324	13
1325	13
1326	13
1327	13
1328	13
1329	13
1330	13
1331	13
1332	13
1333	13
1334	13
1335	13
1336	13
1337	13
1338	13
1339	13
1340	13
1341	13
1342	13
1343	13
1344	13
1345	13
1346	7
1347	7
1348	7
1349	7
1350	7
1351	7
1352	7
1353	7
1354	7
1355	7
1356	7
1357	7
1358	7
1359	7
1360	7
1361	7
1362	7
1363	4
1364	4
1365	4
1366	4
1367	4
1368	4
1369	4
1370	4
1371	4
1372	4
1373	4
1374	4
1375	4
1376	4
1377	4
1378	4
1379	4
1380	4
1381	3
1382	3
1383	3
1384	3
1385	3
1386	3
1387	3
1388	3
1389	3
1390	3
1391	3
1392	3
1393	3
1394	3
1395	3
1396	3
1397	7
1398	7
1399	7
1400	7
1401	7
1402	7
1403	7
1404	7
1405	7
1406	7
1407	7
1408	7
1409	7
1410	7
1411	7
1412	7
1413	7
1414	7
1415	7
1416	7
1417	7
1418	7
1419	7
1420	7
1421	7
1422	7
1423	7
1424	7
1425	7
1426	7
1427	7
1428	11
1429	11
1430	11
1431	11
1432	11
1433	11
1434	11
1435	11
1436	11
1437	11
1438	11
1439	11
1440	11
1441	1
1442	1
1443	1
1444	1
1445	1
1446	1
1447	1
1448	1
1449	1
1450	1
1451	1
1452	1
1453	1
1454	1
1455	11
1456	11
1457	11
1458	11
1459	11
1460	11
1461	11
1462	11
1463	11
1464	11
1465	6
1466	6
1467	6
1468	6
1469	6
1470	6
1471	6
1472	6
1473	6
1474	6
1475	6
1476	6
1477	6
1478	6
1479	6
1480	6
1481	6
1482	6
1483	6
1484	6
1485	6
1486	6
1487	6
1488	6
1489	10
1490	10
1491	10
1492	10
1493	10
1494	10
1495	10
1496	10
1497	10
1498	10
1499	10
1500	10
1501	9
1502	9
1503	9
1504	9
1505	9
1506	9
1507	9
1508	9
1509	9
1510	9
1511	9
1512	9
1513	9
1514	9
1515	9
1516	9
1517	9
1518	9
1519	9
1520	9
1521	9
1522	9
1523	9
1524	9
1525	9
1526	9
1527	9
1528	9
1529	8
1530	8
1531	8
1532	8
1533	8
1534	8
1535	8
1536	8
1537	8
1538	8
1539	8
1540	8
1541	8
1542	8
1543	8
1544	8
1545	8
1546	8
1547	8
1548	8
1549	8
1550	8
1551	8
1552	4
1553	11
1554	11
1555	4
1556	11
1557	4
1558	11
1559	4
1560	4
1561	11
1562	11
1563	4
1564	11
1565	11
1566	4
1567	11
1568	11
1569	4
1570	4
1571	4
1572	4
1573	4
1574	4
1575	4
1576	10
1577	10
1578	10
1579	10
1580	10
1581	10
1582	10
1583	10
1584	10
1585	10
1586	10
1587	10
1588	10
1589	10
1590	10
1591	10
1592	10
1593	7
1594	7
1595	7
1596	7
1597	7
1598	7
1599	7
1600	7
1601	7
1602	11
1603	11
1604	11
1605	11
1606	11
1607	11
1608	11
1609	11
1610	11
1611	11
1612	11
1613	11
1614	11
1615	11
1616	11
1617	11
1618	6
1619	6
1620	6
1621	6
1622	6
1623	6
1624	6
1625	6
1626	6
1627	6
1628	6
1629	11
1630	11
1631	11
1632	1
1633	11
1634	11
1635	11
1636	11
1637	11
1638	11
1639	11
1640	11
1641	11
1642	11
1643	11
1644	6
1645	6
1646	6
1647	6
1648	6
1649	11
1650	11
1651	11
1652	11
1653	11
1654	11
1655	11
1656	11
1658	11
1659	11
1660	11
1661	11
1662	11
1663	11
1664	11
1665	11
1666	11
1667	1
1668	1
1669	11
1670	11
1671	11
1672	11
1673	6
1674	11
1675	11
1676	11
1677	6
1678	5
1679	5
1680	5
1681	5
1682	5
1683	5
1684	5
1685	7
1686	7
1687	7
1688	7
1689	7
1690	7
1691	7
1692	7
1693	7
1694	7
1695	7
1696	7
1697	7
1698	7
1699	7
1700	7
1701	1
1702	1
1703	1
1704	1
1705	1
1706	1
1707	7
1708	1
1709	1
1710	1
1711	7
1712	1
1713	6
1714	6
1715	6
1716	6
1717	6
1718	6
1719	6
1720	6
1721	6
1722	6
1723	6
1724	6
1725	7
1726	1
1727	1
1728	6
1729	7
1730	1
1731	1
1732	1
1733	1
1734	7
1735	1
1736	1
1737	1
1738	1
1739	1
1740	1
1741	1
1742	9
1743	9
1744	1
1745	9
1746	9
1747	1
1748	9
1749	1
1750	9
1751	9
1752	9
1753	9
1754	9
1755	9
1756	1
1757	6
1758	6
1759	6
1760	6
1761	9
1762	9
1763	9
1764	1
1765	9
1766	9
1767	1
1768	9
1769	9
1770	9
1771	9
1772	9
1773	9
1774	6
1775	6
1776	6
1777	6
1778	6
1779	6
1780	6
1781	6
1782	6
1783	6
1784	6
1785	6
1786	6
1787	1
1788	9
1789	9
1790	9
1791	9
1792	9
1793	9
1794	9
1795	6
1796	6
1797	6
1798	6
1799	9
1800	9
1801	9
1802	9
1803	9
1804	1
1805	9
1806	1
1807	9
1808	9
1809	11
1810	11
1811	11
1812	11
1813	11
1814	11
1815	11
1816	11
1817	11
1818	1
1819	11
1820	1
1821	11
1822	1
1823	11
1824	11
1825	1
1826	11
1827	11
1828	1
1829	11
1830	6
1831	6
1832	6
1833	6
1834	6
1835	11
1836	11
1837	6
1838	11
1839	11
1840	4
1841	4
1842	4
1843	4
1844	4
1845	1
1846	11
1847	11
1848	11
1849	1
1850	11
1851	11
1852	11
1853	11
1854	1
1855	11
1856	11
1857	6
1858	6
1859	6
1860	6
1861	6
1862	6
1863	11
1864	11
1865	11
1866	11
1867	11
1868	1
1869	11
1870	1
1871	1
1872	5
1873	5
1874	5
1875	5
1876	5
1877	5
1878	5
1879	5
1880	5
1881	5
1882	5
1883	5
1884	5
1885	5
1886	5
1887	5
1888	5
1889	5
1890	5
1891	5
1892	5
1893	5
1894	5
1895	7
1896	9
1897	9
1898	12
1899	12
1900	12
1901	12
1902	12
1903	12
1904	7
1905	7
1906	7
1907	7
1908	7
1909	9
1910	7
1911	7
1912	7
1913	7
1914	7
1915	7
1916	12
1917	12
1918	12
1919	12
1920	12
1921	12
1922	12
1923	12
1924	7
1925	7
1926	7
1927	7
1928	7
1929	7
1930	7
1931	7
1932	7
1933	7
1934	7
1935	7
1936	7
1937	7
1938	7
1939	7
1940	7
1941	9
1942	7
1943	7
1944	7
1945	7
1946	7
1947	7
1948	7
1949	7
1950	7
1951	7
1952	7
1953	7
1954	7
1955	7
1956	7
1957	9
1958	7
1959	7
1960	7
1961	7
1962	9
1963	7
1964	9
1965	7
1966	7
1967	7
1968	7
1969	7
1970	7
1971	7
1972	9
1973	7
1974	9
1975	7
1976	8
1977	8
1978	8
1979	8
1980	8
1981	8
1982	8
1983	8
1984	8
1985	8
1986	8
1987	8
1988	8
1989	8
1990	8
1991	8
1992	8
1993	8
1994	8
1995	8
1996	8
1997	8
1998	8
1999	8
2000	8
2001	8
2002	8
2003	8
2004	8
2005	8
2006	8
2007	8
2008	8
2009	8
2010	8
2011	8
2012	8
2013	8
2014	8
2015	8
2016	8
2017	5
2018	5
2019	5
2020	5
2021	5
2022	5
2023	5
2024	8
2025	5
2026	5
2027	5
2028	5
2029	5
2030	8
2031	8
2032	8
2033	8
2034	8
2035	8
2036	8
2037	5
2038	6
2039	6
2040	6
2041	6
2042	6
2043	5
2044	5
2045	5
2046	8
2047	8
2048	6
2049	6
2050	5
2051	8
2052	8
2053	5
2054	5
2055	8
2056	5
2057	8
2058	8
2059	8
2060	8
2061	8
2062	8
2063	8
2064	8
2065	8
2066	8
2067	8
2068	5
2069	5
2070	5
2071	5
2072	5
2073	6
2074	5
2075	5
2076	5
2077	6
2078	6
2079	5
2080	6
2081	5
2082	5
2083	5
2084	5
2085	5
2086	5
2087	5
2088	5
2089	10
2090	10
2091	10
2092	10
2093	10
2094	10
2095	10
2096	9
2097	9
2098	9
2099	9
2100	9
2101	9
2102	9
2103	9
2104	9
2105	9
2106	9
2107	9
2108	9
2109	9
2110	9
2111	9
2112	9
2113	2
2114	2
2115	2
2116	2
2117	2
2118	1
2119	1
2120	2
2121	2
2122	2
2123	1
2124	5
2125	2
2126	2
2127	2
2128	2
2129	2
2130	2
2131	2
2132	2
2133	1
2134	1
2135	2
2136	1
2137	1
2138	1
2139	2
2140	2
2141	2
2142	2
2143	2
2144	2
2145	2
2146	1
2147	1
2148	2
2149	1
2150	2
2151	2
2152	2
2153	2
2154	2
2155	2
2156	2
2157	2
2158	2
2159	2
2160	2
2161	2
2162	2
2163	2
2164	1
2165	1
2166	1
2167	2
2168	2
2169	2
2170	2
2171	2
2172	2
2173	2
2174	1
2175	1
2176	1
2177	1
2178	2
2179	2
2180	1
2181	1
2182	2
2183	2
2184	2
2185	2
2186	2
2187	2
2188	1
2189	2
2190	2
2191	2
2192	2
2193	2
2194	1
2195	2
2196	1
2197	1
2198	2
2199	1
2200	2
2201	2
2202	2
2203	2
2204	2
2205	2
2206	2
2207	2
2208	2
2209	2
2210	2
2211	2
2212	2
2213	2
2214	2
2215	1
2216	1
2217	2
2218	2
2219	2
2220	2
2221	2
2222	2
2223	1
2224	2
2225	2
2226	2
2227	2
2228	2
2229	2
2230	1
2231	1
2232	2
2233	1
2234	1
2235	2
2236	1
2237	1
2238	1
2239	2
2240	2
2241	2
2242	1
2243	1
2244	2
2245	1
2246	2
2247	1
2248	1
2249	2
2250	2
2251	2
2252	2
2253	1
2254	1
2255	2
2256	1
2257	2
2258	2
2259	2
2260	2
2261	1
2262	1
2263	2
2264	2
2265	2
2266	2
2267	2
2268	2
2269	1
2270	2
2271	1
2272	2
2273	1
2274	2
2275	2
2276	2
2277	1
2278	2
2279	2
2280	2
2281	2
2282	2
2283	2
2284	5
2285	5
2286	2
2287	2
2288	2
2289	2
2290	2
2291	2
2292	2
2293	2
2294	2
2295	2
2296	2
2297	2
2298	1
2299	1
2300	1
2301	2
2302	1
2303	2
2304	2
2305	2
2306	2
2307	2
2308	2
2309	5
2310	5
2311	5
2312	13
2313	13
2314	13
2315	13
2316	13
2317	13
2318	13
2319	13
2320	13
2321	13
2322	13
2323	13
2324	13
2325	13
2326	13
2327	13
2328	13
2329	13
2330	9
2331	9
2332	9
2333	9
2334	9
2335	9
2336	9
2337	9
2338	9
2339	9
2340	9
2341	9
2342	9
2343	9
2344	9
2345	9
2346	13
2347	13
2348	13
2349	13
2350	13
2351	13
2352	13
2353	13
2354	13
2355	13
2356	13
2357	13
2358	13
2359	13
2360	13
2361	13
2362	13
2363	13
2364	13
2365	13
2366	11
2367	11
2368	11
2369	11
2370	11
2371	2
2372	11
2373	11
2374	2
2375	2
2376	11
2377	11
2378	11
2379	2
2380	11
2381	11
2382	11
2383	2
2384	2
2385	2
2386	11
2387	2
2388	11
2389	11
2390	11
2391	2
2392	2
2393	2
2394	2
2395	2
2396	11
2397	11
2398	11
2399	11
2400	2
2401	11
2402	2
2403	2
2404	2
2405	2
2406	2
2407	2
2408	11
2409	11
2410	11
2411	2
2412	2
2413	2
2414	2
2415	12
2416	12
2417	12
2418	12
2419	3
2420	3
2421	3
2422	12
2423	12
2424	12
2425	12
2426	3
2427	3
2428	3
2429	3
2430	3
2431	3
2432	3
2433	3
2434	3
2435	12
2436	12
2437	12
2438	3
2439	3
2440	3
2441	3
2442	12
2443	12
2444	12
2445	3
2446	3
2447	3
2448	12
2449	3
2450	3
2451	3
2452	3
2453	3
2454	12
2455	12
2456	12
2457	12
2458	12
2459	12
2460	3
2461	3
2462	12
2463	12
2464	12
2465	3
2466	3
2467	12
2468	12
2469	12
2470	12
2471	12
2472	3
2473	3
2474	3
2475	12
2476	12
2477	12
2478	12
2479	3
2480	3
2481	12
2482	12
2483	3
2484	12
2485	12
2486	3
2487	12
2488	3
2489	12
2490	3
2491	3
2492	12
2493	12
2494	12
2495	3
2496	3
2497	3
2498	3
2499	3
2500	12
2501	3
2502	12
2503	12
2504	12
2505	12
2506	12
2507	12
2508	3
2509	3
2510	3
2511	12
2512	3
2513	3
2514	3
2515	3
2516	3
2517	3
2518	3
2519	3
2520	3
2521	3
2522	3
2523	3
2524	3
2525	3
2526	3
2527	3
2528	12
2529	3
2530	3
2531	3
2532	3
2533	3
2534	3
2535	3
2536	3
2537	3
2538	3
2539	3
2540	3
2541	3
2542	3
2543	12
2544	3
2545	3
2546	3
2547	3
2548	3
2549	3
2550	3
2551	3
2552	3
2553	3
2554	3
2555	3
2556	3
2557	3
2558	12
2559	12
2560	12
2561	12
2562	3
2563	3
2564	12
2565	3
2566	3
2567	3
2568	3
2569	3
2570	3
2571	12
2572	3
2573	12
2574	3
2575	3
2576	3
2577	3
2578	3
2579	3
2580	3
2581	3
2582	3
2583	3
2584	3
2585	12
2586	12
2587	3
2588	3
2589	3
2590	3
2591	3
2592	3
2593	3
2594	12
2595	12
2596	12
2597	12
2598	12
2599	12
2600	3
2601	3
2602	3
2603	3
2604	3
2605	3
2606	5
2607	5
2608	5
2609	5
2610	5
2611	5
2612	5
2613	5
2614	5
2615	5
2616	5
2617	5
2618	5
2619	5
2620	5
2621	5
2622	5
2623	5
2624	5
2625	5
2626	5
2627	5
2628	5
2629	5
2630	5
2631	5
2632	5
2633	5
2634	5
2635	5
2636	5
2637	5
2638	5
2639	5
2640	8
2641	4
2642	8
2643	8
2644	8
2645	4
2646	4
2647	4
2648	4
2649	8
2650	8
2651	4
2652	4
2653	4
2654	4
2655	4
2656	8
2657	4
2658	8
2659	8
2660	8
2661	4
2662	4
2663	8
2664	4
2665	4
2666	4
2667	4
2668	4
2669	4
2670	4
2671	4
2672	8
2673	4
2674	8
2675	4
2676	4
2677	4
2678	4
2679	4
2680	4
2681	4
2682	4
2683	4
2684	4
2685	4
2686	8
2687	4
2688	9
2689	9
2690	9
2691	9
315	10
1657	11
