0	13
1	13
2	13
3	13
4	13
5	13
6	13
7	2
8	2
9	2
10	2
11	2
12	2
13	2
14	2
15	2
16	2
17	2
18	2
19	2
20	2
21	4
22	4
23	4
24	4
25	4
26	4
27	4
28	4
29	3
30	3
31	3
32	3
33	3
34	3
35	3
36	3
37	3
38	3
39	3
40	3
41	3
42	3
43	3
44	3
45	3
46	3
47	3
48	3
49	3
50	3
51	3
52	3
53	1
54	1
55	1
56	1
57	1
58	3
59	3
60	3
61	3
62	3
63	3
64	3
65	1
66	1
67	1
68	1
69	1
70	1
71	4
72	4
73	4
74	4
75	3
76	3
77	3
78	3
79	3
80	3
81	3
82	3
83	12
84	12
85	12
86	12
87	12
88	12
89	12
90	12
91	12
92	12
93	12
94	12
95	12
96	2
97	2
98	2
99	2
100	2
101	2
102	2
103	2
104	2
105	2
106	2
107	2
108	2
109	2
110	2
111	2
112	2
113	2
114	2
115	2
116	2
117	2
118	2
119	2
120	2
121	2
122	2
123	2
124	2
125	2
126	2
127	2
128	2
129	11
130	11
131	11
132	11
133	11
134	11
135	11
136	11
137	11
138	11
139	11
140	11
141	11
142	11
143	11
144	11
145	11
146	11
147	11
148	11
149	11
150	11
151	11
152	11
153	11
154	11
155	11
156	11
157	11
158	11
159	11
160	11
161	11
162	11
163	11
164	11
165	11
166	12
167	12
168	12
169	11
170	12
171	12
172	12
173	12
174	11
175	11
176	11
177	12
178	11
179	12
180	12
181	11
182	11
183	13
184	13
185	13
186	13
187	13
188	13
189	13
190	13
191	13
192	13
193	13
194	13
195	13
196	13
197	13
198	13
199	13
200	13
201	13
202	13
203	13
204	13
205	13
206	13
207	13
208	4
209	4
210	4
211	4
212	4
213	4
214	4
215	4
216	4
217	4
218	4
219	4
220	4
221	4
222	4
223	4
224	4
225	4
226	4
227	4
228	4
229	4
230	4
231	4
232	4
233	4
234	4
235	4
236	4
237	4
238	4
239	4
240	4
241	4
242	4
243	4
244	4
245	4
246	4
247	4
248	13
249	13
250	13
251	13
252	13
253	13
254	13
255	13
256	13
257	13
258	13
259	13
260	13
261	8
262	8
263	8
264	8
265	8
266	8
267	8
268	8
269	8
270	8
271	8
272	8
273	8
274	8
275	8
276	8
277	8
278	8
279	8
280	8
281	8
282	8
283	8
284	8
285	8
286	8
287	8
288	8
289	8
290	8
291	8
292	8
293	8
294	8
295	8
296	8
297	8
298	8
299	8
300	8
301	8
302	13
303	13
304	13
305	13
306	7
307	7
308	7
309	7
310	7
311	7
312	7
313	7
314	7
316	9
317	9
318	9
319	9
320	9
321	9
322	9
323	9
324	9
325	9
326	9
327	9
328	9
329	9
330	9
331	7
332	7
333	7
334	7
335	7
336	7
337	9
338	9
339	9
340	7
341	7
342	7
343	7
344	7
345	7
346	7
347	7
348	7
349	7
350	7
351	7
352	7
353	7
354	7
355	7
356	11
357	11
358	11
359	11
360	11
361	11
362	11
363	11
364	11
365	11
366	11
367	11
368	11
369	7
370	7
371	7
372	7
373	7
374	7
375	7
376	7
377	7
378	7
379	7
380	7
381	7
382	7
383	7
384	7
385	7
386	7
387	7
388	7
389	9
390	9
391	9
392	9
393	9
394	7
395	7
396	7
397	7
398	9
399	9
400	9
401	9
402	9
403	4
404	4
405	4
406	4
407	4
408	4
409	3
410	3
411	3
412	3
413	3
414	3
415	3
416	3
417	3
418	3
419	3
420	3
421	3
422	3
423	3
424	3
425	12
426	12
427	12
428	12
429	12
430	12
431	12
432	12
433	3
434	3
435	3
436	3
437	3
438	3
439	3
440	3
441	3
442	3
443	3
444	3
445	3
446	12
447	12
448	12
449	12
450	12
451	3
452	3
453	3
454	12
455	12
456	12
457	3
458	3
459	3
460	3
461	3
462	3
463	12
464	12
465	12
466	12
467	12
468	12
469	12
470	12
471	12
472	12
473	3
474	3
475	8
476	8
477	11
478	11
479	11
480	11
481	11
482	11
483	11
484	4
485	4
486	11
487	11
488	11
489	8
490	8
491	8
492	8
493	8
494	8
495	11
496	11
497	11
498	4
499	11
500	11
501	11
502	4
503	11
504	11
505	11
506	4
507	4
508	4
509	4
510	4
511	4
512	4
513	4
514	4
515	4
516	4
517	4
518	4
519	4
520	4
521	4
522	2
523	2
524	2
525	2
526	13
527	13
528	2
529	2
530	2
531	2
532	2
533	2
534	2
535	2
536	2
537	2
538	13
539	13
540	13
541	13
542	13
543	13
544	13
545	13
546	13
547	13
548	13
549	13
550	13
551	13
552	13
553	13
554	13
555	13
556	13
557	13
558	13
559	4
560	4
561	4
562	4
563	4
564	4
565	13
566	13
567	13
568	13
569	13
570	2
571	2
572	2
573	2
574	2
575	2
576	2
577	2
578	2
579	2
580	2
581	13
582	13
583	13
584	13
585	13
586	13
587	8
588	4
589	4
590	4
591	4
592	4
593	4
594	4
595	4
596	8
597	4
598	4
599	4
600	4
601	4
602	4
603	13
604	13
605	13
606	13
607	13
608	13
609	13
610	13
611	13
612	13
613	13
614	13
615	13
616	13
617	8
618	4
619	4
620	8
621	4
622	8
623	8
624	8
625	4
626	8
627	8
628	4
629	4
630	4
631	4
632	8
633	4
634	8
635	4
636	8
637	8
638	8
639	13
640	13
641	13
642	13
643	13
644	13
645	13
646	13
647	13
648	13
649	13
650	13
651	13
652	13
653	13
654	13
655	13
656	13
657	8
658	11
659	8
660	8
661	6
662	6
663	6
664	6
665	6
666	6
667	6
668	6
669	6
670	4
671	4
672	11
673	11
674	11
675	4
676	11
677	11
678	11
679	11
680	6
681	6
682	6
683	6
684	6
685	6
686	6
687	6
688	6
689	6
690	6
691	6
692	6
693	6
694	6
695	6
696	6
697	4
698	11
699	11
700	4
701	4
702	11
703	4
704	11
705	11
706	11
707	4
708	4
709	11
710	4
711	4
712	4
713	4
714	6
715	6
716	4
717	4
718	4
719	4
720	11
721	4
722	8
723	4
724	4
725	8
726	4
727	4
728	4
729	4
730	4
731	8
732	3
733	3
734	3
735	3
736	3
737	11
738	8
739	8
740	11
741	11
742	11
743	8
744	8
745	3
746	3
747	3
748	3
749	3
750	3
751	3
752	3
753	3
754	3
755	3
756	3
757	3
758	3
759	3
760	3
761	3
762	3
763	3
764	3
765	3
766	8
767	11
768	8
769	8
770	3
771	3
772	8
773	8
774	8
775	8
776	8
777	8
778	11
779	11
780	8
781	11
782	11
783	11
784	11
785	4
786	11
787	8
788	8
789	11
790	8
791	4
792	4
793	4
794	4
795	4
796	4
797	4
798	4
799	4
800	4
801	8
802	8
803	8
804	8
805	4
806	4
807	4
808	8
809	8
810	11
811	1
812	9
813	1
814	1
815	1
816	1
817	1
818	9
819	9
820	9
821	1
822	1
823	1
824	1
825	1
826	1
827	9
828	1
829	9
830	1
831	1
832	1
833	1
834	1
835	1
836	1
837	1
838	1
839	1
840	1
841	1
842	1
843	1
844	1
845	1
846	1
847	9
848	9
849	1
850	9
851	9
852	1
853	1
854	1
855	1
856	9
857	9
858	13
859	13
860	13
861	13
862	13
863	13
864	13
865	13
866	13
867	13
868	13
869	13
870	13
871	1
872	1
873	1
874	1
875	1
876	1
877	1
878	1
879	1
880	1
881	1
882	1
883	1
884	1
885	1
886	1
887	1
888	9
889	1
890	1
891	9
892	9
893	1
894	1
895	1
896	1
897	1
898	1
899	9
900	9
901	9
902	1
903	1
904	1
905	1
906	1
907	1
908	9
909	1
910	9
911	9
912	9
913	9
914	1
915	1
916	1
917	1
918	1
919	1
920	1
921	9
922	9
923	9
924	1
925	1
926	1
927	1
928	1
929	1
930	9
931	9
932	9
933	9
934	1
935	1
936	1
937	1
938	1
939	9
940	9
941	1
942	9
943	9
944	9
945	9
946	1
947	1
948	1
949	9
950	9
951	9
952	9
953	1
954	9
955	9
956	9
957	1
958	1
959	1
960	9
961	9
962	9
963	1
964	1
965	1
966	9
967	1
968	9
969	1
970	1
971	1
972	1
973	1
974	9
975	9
976	1
977	1
978	1
979	9
980	1
981	1
982	9
983	9
984	9
985	11
986	11
987	11
988	11
989	11
990	11
991	11
992	11
993	11
994	11
995	11
996	11
997	11
998	11
999	11
1000	11
1001	11
1002	11
1003	11
1004	11
1005	11
1006	11
1007	9
1008	9
1009	11
1010	9
1011	9
1012	9
1013	9
1014	9
1015	9
1016	9
1017	9
1018	9
1019	9
1020	9
1021	9
1022	9
1023	9
1024	9
1025	9
1026	9
1027	9
1028	9
1029	9
1030	9
1031	9
1032	9
1033	9
1034	9
1035	9
1036	9
1037	9
1038	9
1039	9
1040	9
1041	9
1042	9
1043	9
1044	9
1045	9
1046	9
1047	9
1048	9
1049	9
1050	9
1051	9
1052	9
1053	9
1054	9
1055	9
1056	9
1057	9
1058	9
1059	9
1060	9
1061	9
1062	9
1063	9
1064	9
1065	9
1066	9
1067	9
1068	9
1069	9
1070	9
1071	9
1072	9
1073	9
1074	9
1075	13
1076	13
1077	13
1078	13
1079	13
1080	13
1081	13
1082	13
1083	13
1084	13
1085	13
1086	13
1087	8
1088	8
1089	8
1090	8
1091	8
1092	8
1093	8
1094	4
1095	4
1096	4
1097	4
1098	4
1099	4
1100	4
1101	4
1102	4
1103	4
1104	4
1105	4
1106	4
1107	7
1108	7
1109	7
1110	7
1111	7
1112	1
1113	7
1114	7
1115	7
1116	1
1117	7
1118	7
1119	7
1120	7
1121	7
1122	7
1123	7
1124	7
1125	7
1126	7
1127	7
1128	7
1129	7
1130	7
1131	7
1132	1
1133	7
1134	7
1135	7
1136	1
1137	1
1138	1
1139	1
1140	7
1141	7
1142	7
1143	1
1144	7
1145	7
1146	1
1147	1
1148	7
1149	7
1150	7
1151	7
1152	7
1153	7
1154	5
1155	5
1156	5
1157	5
1158	5
1159	5
1160	5
1161	5
1162	5
1163	5
1164	5
1165	5
1166	5
1167	5
1168	5
1169	9
1170	9
1171	9
1172	9
1173	9
1174	9
1175	9
1176	9
1177	9
1178	9
1179	9
1180	9
1181	9
1182	9
1183	9
1184	9
1185	9
1186	9
1187	9
1188	9
1189	9
1190	9
1191	9
1192	9
1193	9
1194	9
1195	9
1196	9
1197	9
1198	9
1199	9
1200	11
1201	11
1202	11
1203	2
1204	2
1205	2
1206	2
1207	2
1208	2
1209	11
1210	2
1211	11
1212	2
1213	2
1214	2
1215	2
1216	2
1217	2
1218	2
1219	2
1220	2
1221	2
1222	2
1223	11
1224	2
1225	2
1226	2
1227	2
1228	2
1229	11
1230	2
1231	2
1232	11
1233	11
1234	2
1235	2
1236	11
1237	11
1238	11
1239	2
1240	8
1241	8
1242	4
1243	4
1244	4
1245	8
1246	4
1247	4
1248	4
1249	4
1250	4
1251	4
1252	4
1253	3
1254	3
1255	3
1256	3
1257	3
1258	4
1259	4
1260	4
1261	4
1262	4
1263	8
1264	3
1265	3
1266	3
1267	3
1268	3
1269	3
1270	3
1271	3
1272	3
1273	3
1274	3
1275	3
1276	3
1277	3
1278	5
1279	4
1280	4
1281	4
1282	8
1283	8
1284	3
1285	3
1286	3
1287	3
1288	5
1289	5
1290	5
1291	4
1292	5
1293	4
1294	5
1295	5
1296	4
1297	5
1298	4
1299	5
1300	4
1301	5
1302	5
1303	13
1304	13
1305	13
1306	13
1307	13
1308	13
1309	13
1310	13
1311	13
1312	13
1313	13
1314	1
1315	1
1316	1
1317	1
1318	1
1319	1
1320	1
1321	1
1322	1
1323	1
1324	1
1325	1
1326	1
1327	1
1328	1
1329	1
1330	1
1331	1
1332	1
1333	1
1334	1
1335	1
1336	1
1337	1
1338	1
1339	1
1340	1
1341	1
1342	1
1343	1
1344	1
1345	1
1346	13
1347	13
1348	13
1349	13
1350	13
1351	13
1352	13
1353	13
1354	13
1355	13
1356	13
1357	13
1358	13
1359	13
1360	13
1361	13
1362	13
1363	1
1364	1
1365	1
1366	1
1367	1
1368	1
1369	1
1370	1
1371	1
1372	1
1373	1
1374	1
1375	1
1376	1
1377	1
1378	1
1379	1
1380	1
1381	5
1382	5
1383	5
1384	5
1385	5
1386	5
1387	5
1388	5
1389	5
1390	5
1391	5
1392	5
1393	5
1394	5
1395	5
1396	5
1397	3
1398	3
1399	3
1400	3
1401	3
1402	3
1403	3
1404	3
1405	3
1406	3
1407	3
1408	3
1409	3
1410	3
1411	3
1412	3
1413	3
1414	3
1415	3
1416	3
1417	3
1418	3
1419	3
1420	3
1421	3
1422	3
1423	3
1424	3
1425	3
1426	3
1427	3
1428	2
1429	2
1430	2
1431	2
1432	2
1433	2
1434	2
1435	2
1436	2
1437	2
1438	2
1439	2
1440	2
1441	2
1442	2
1443	2
1444	2
1445	2
1446	2
1447	2
1448	2
1449	2
1450	2
1451	2
1452	2
1453	2
1454	2
1455	2
1456	2
1457	2
1458	2
1459	2
1460	2
1461	2
1462	2
1463	2
1464	2
1465	4
1466	4
1467	4
1468	4
1469	4
1470	4
1471	4
1472	4
1473	4
1474	4
1475	4
1476	4
1477	4
1478	4
1479	4
1480	4
1481	4
1482	4
1483	4
1484	4
1485	4
1486	4
1487	4
1488	4
1489	9
1490	9
1491	9
1492	9
1493	9
1494	9
1495	9
1496	9
1497	9
1498	9
1499	9
1500	9
1501	3
1502	3
1503	3
1504	3
1505	3
1506	3
1507	3
1508	3
1509	3
1510	3
1511	3
1512	3
1513	3
1514	3
1515	3
1516	3
1517	3
1518	3
1519	3
1520	3
1521	3
1522	3
1523	3
1524	3
1525	3
1526	3
1527	3
1528	3
1529	12
1530	12
1531	12
1532	12
1533	12
1534	12
1535	12
1536	12
1537	12
1538	12
1539	12
1540	12
1541	12
1542	12
1543	12
1544	12
1545	12
1546	12
1547	12
1548	12
1549	12
1550	12
1551	12
1552	12
1553	11
1554	11
1555	11
1556	11
1557	11
1558	11
1559	12
1560	11
1561	11
1562	11
1563	11
1564	11
1565	11
1566	11
1567	12
1568	11
1569	11
1570	11
1571	11
1572	12
1573	11
1574	11
1575	12
1576	3
1577	3
1578	3
1579	3
1580	3
1581	3
1582	3
1583	3
1584	3
1585	3
1586	3
1587	3
1588	3
1589	3
1590	3
1591	3
1592	3
1593	13
1594	13
1595	13
1596	13
1597	13
1598	13
1599	13
1600	13
1601	13
1602	2
1603	12
1604	2
1605	12
1606	2
1607	12
1608	2
1609	2
1610	2
1611	2
1612	2
1613	12
1614	12
1615	2
1616	2
1617	2
1618	4
1619	4
1620	4
1621	4
1622	4
1623	4
1624	4
1625	4
1626	4
1627	4
1628	4
1629	9
1630	2
1631	2
1632	2
1633	9
1634	2
1635	2
1636	2
1637	9
1638	2
1639	9
1640	2
1641	9
1642	2
1643	2
1644	4
1645	4
1646	4
1647	4
1648	4
1649	2
1650	9
1651	2
1652	9
1653	9
1654	2
1655	2
1656	2
1658	2
1659	9
1660	2
1661	2
1662	2
1663	2
1664	2
1665	2
1666	9
1667	2
1668	2
1669	9
1670	2
1671	2
1672	2
1673	4
1674	9
1675	2
1676	2
1677	4
1678	8
1679	8
1680	8
1681	8
1682	8
1683	8
1684	8
1685	3
1686	3
1687	3
1688	3
1689	3
1690	3
1691	3
1692	3
1693	3
1694	3
1695	3
1696	3
1697	3
1698	3
1699	3
1700	3
1701	2
1702	3
1703	6
1704	6
1705	2
1706	2
1707	3
1708	2
1709	3
1710	2
1711	3
1712	2
1713	4
1714	4
1715	4
1716	4
1717	4
1718	4
1719	4
1720	4
1721	4
1722	4
1723	4
1724	4
1725	3
1726	2
1727	2
1728	4
1729	3
1730	2
1731	2
1732	2
1733	2
1734	3
1735	2
1736	3
1737	3
1738	3
1739	2
1740	3
1741	2
1742	6
1743	6
1744	6
1745	6
1746	6
1747	6
1748	6
1749	6
1750	6
1751	6
1752	6
1753	6
1754	6
1755	6
1756	6
1757	4
1758	4
1759	4
1760	4
1761	6
1762	6
1763	6
1764	6
1765	6
1766	6
1767	6
1768	6
1769	6
1770	6
1771	6
1772	6
1773	6
1774	4
1775	4
1776	4
1777	4
1778	4
1779	4
1780	4
1781	4
1782	4
1783	4
1784	4
1785	4
1786	4
1787	6
1788	6
1789	6
1790	6
1791	6
1792	6
1793	6
1794	6
1795	4
1796	4
1797	4
1798	4
1799	6
1800	6
1801	6
1802	6
1803	6
1804	6
1805	6
1806	6
1807	6
1808	6
1809	2
1810	6
1811	6
1812	6
1813	6
1814	6
1815	6
1816	2
1817	6
1818	2
1819	2
1820	2
1821	2
1822	2
1823	2
1824	6
1825	2
1826	2
1827	6
1828	2
1829	6
1830	4
1831	4
1832	4
1833	4
1834	4
1835	6
1836	6
1837	4
1838	2
1839	2
1840	1
1841	1
1842	1
1843	1
1844	1
1845	2
1846	2
1847	2
1848	2
1849	6
1850	2
1851	2
1852	2
1853	2
1854	6
1855	6
1856	6
1857	4
1858	4
1859	4
1860	4
1861	4
1862	4
1863	6
1864	2
1865	2
1866	2
1867	2
1868	2
1869	2
1870	2
1871	2
1872	8
1873	8
1874	8
1875	8
1876	8
1877	8
1878	8
1879	8
1880	8
1881	8
1882	8
1883	8
1884	8
1885	8
1886	8
1887	8
1888	8
1889	8
1890	8
1891	8
1892	8
1893	8
1894	8
1895	13
1896	13
1897	13
1898	7
1899	7
1900	7
1901	7
1902	7
1903	7
1904	13
1905	13
1906	13
1907	13
1908	13
1909	13
1910	13
1911	13
1912	13
1913	13
1914	13
1915	13
1916	7
1917	7
1918	7
1919	7
1920	7
1921	7
1922	7
1923	7
1924	13
1925	13
1926	13
1927	13
1928	13
1929	13
1930	13
1931	13
1932	13
1933	13
1934	13
1935	13
1936	13
1937	13
1938	13
1939	13
1940	13
1941	13
1942	13
1943	13
1944	13
1945	13
1946	13
1947	13
1948	13
1949	13
1950	13
1951	13
1952	13
1953	13
1954	13
1955	13
1956	13
1957	13
1958	13
1959	13
1960	13
1961	13
1962	13
1963	13
1964	13
1965	13
1966	13
1967	13
1968	13
1969	13
1970	13
1971	13
1972	13
1973	13
1974	13
1975	13
1976	12
1977	12
1978	12
1979	12
1980	12
1981	12
1982	12
1983	12
1984	12
1985	12
1986	12
1987	12
1988	12
1989	12
1990	12
1991	12
1992	12
1993	12
1994	12
1995	12
1996	12
1997	12
1998	12
1999	12
2000	12
2001	12
2002	12
2003	12
2004	12
2005	12
2006	12
2007	12
2008	12
2009	12
2010	12
2011	12
2012	12
2013	12
2014	12
2015	12
2016	12
2017	8
2018	8
2019	8
2020	8
2021	8
2022	8
2023	8
2024	11
2025	8
2026	8
2027	8
2028	8
2029	8
2030	11
2031	11
2032	11
2033	11
2034	11
2035	11
2036	11
2037	8
2038	4
2039	4
2040	4
2041	4
2042	4
2043	8
2044	8
2045	8
2046	11
2047	11
2048	4
2049	4
2050	8
2051	11
2052	11
2053	8
2054	8
2055	11
2056	8
2057	11
2058	12
2059	12
2060	12
2061	12
2062	12
2063	12
2064	12
2065	12
2066	12
2067	12
2068	8
2069	8
2070	8
2071	8
2072	8
2073	8
2074	8
2075	8
2076	8
2077	8
2078	8
2079	8
2080	8
2081	8
2082	8
2083	8
2084	8
2085	8
2086	8
2087	8
2088	8
2089	3
2090	3
2091	3
2092	3
2093	3
2094	3
2095	3
2096	13
2097	13
2098	13
2099	13
2100	13
2101	13
2102	13
2103	3
2104	3
2105	3
2106	3
2107	13
2108	13
2109	13
2110	3
2111	3
2112	13
2113	10
2114	10
2115	10
2116	10
2117	10
2118	6
2119	10
2120	10
2121	10
2122	10
2123	10
2124	8
2125	10
2126	10
2127	10
2128	10
2129	10
2130	10
2131	10
2132	10
2133	6
2134	10
2135	10
2136	10
2137	6
2138	6
2139	10
2140	6
2141	10
2142	10
2143	10
2144	10
2145	10
2146	6
2147	10
2148	10
2149	10
2150	10
2151	10
2152	10
2153	10
2154	10
2155	10
2156	10
2157	10
2158	10
2159	10
2160	10
2161	10
2162	10
2163	10
2164	6
2165	6
2166	10
2167	10
2168	10
2169	10
2170	10
2171	10
2172	10
2173	10
2174	10
2175	10
2176	6
2177	6
2178	10
2179	10
2180	6
2181	6
2182	10
2183	10
2184	10
2185	10
2186	10
2187	10
2188	10
2189	10
2190	10
2191	10
2192	10
2193	10
2194	10
2195	10
2196	6
2197	10
2198	10
2199	6
2200	10
2201	10
2202	10
2203	10
2204	10
2205	10
2206	10
2207	10
2208	10
2209	10
2210	10
2211	10
2212	10
2213	10
2214	10
2215	10
2216	10
2217	10
2218	10
2219	10
2220	10
2221	10
2222	10
2223	6
2224	10
2225	10
2226	10
2227	10
2228	10
2229	10
2230	6
2231	6
2232	10
2233	6
2234	6
2235	10
2236	6
2237	6
2238	10
2239	10
2240	10
2241	10
2242	10
2243	10
2244	10
2245	6
2246	10
2247	6
2248	6
2249	10
2250	10
2251	10
2252	10
2253	10
2254	10
2255	10
2256	6
2257	10
2258	10
2259	10
2260	10
2261	6
2262	6
2263	10
2264	10
2265	10
2266	10
2267	10
2268	10
2269	10
2270	10
2271	10
2272	10
2273	10
2274	10
2275	10
2276	10
2277	6
2278	10
2279	10
2280	10
2281	10
2282	10
2283	6
2284	8
2285	8
2286	10
2287	10
2288	10
2289	10
2290	10
2291	10
2292	10
2293	10
2294	10
2295	10
2296	10
2297	10
2298	10
2299	10
2300	10
2301	10
2302	6
2303	10
2304	6
2305	10
2306	10
2307	10
2308	10
2309	8
2310	8
2311	8
2312	1
2313	1
2314	1
2315	1
2316	1
2317	1
2318	1
2319	1
2320	1
2321	1
2322	1
2323	1
2324	1
2325	1
2326	1
2327	1
2328	1
2329	1
2330	13
2331	13
2332	13
2333	13
2334	13
2335	13
2336	13
2337	13
2338	13
2339	13
2340	13
2341	13
2342	13
2343	13
2344	13
2345	13
2346	9
2347	9
2348	9
2349	9
2350	9
2351	9
2352	9
2353	9
2354	9
2355	9
2356	9
2357	9
2358	9
2359	9
2360	9
2361	9
2362	9
2363	9
2364	9
2365	9
2366	6
2367	6
2368	6
2369	6
2370	6
2371	6
2372	6
2373	6
2374	6
2375	6
2376	6
2377	6
2378	6
2379	6
2380	6
2381	6
2382	6
2383	6
2384	6
2385	6
2386	6
2387	6
2388	2
2389	2
2390	6
2391	6
2392	6
2393	6
2394	6
2395	6
2396	6
2397	6
2398	2
2399	2
2400	6
2401	6
2402	6
2403	6
2404	6
2405	6
2406	6
2407	6
2408	2
2409	6
2410	6
2411	6
2412	6
2413	6
2414	6
2415	7
2416	7
2417	7
2418	7
2419	5
2420	5
2421	5
2422	5
2423	5
2424	5
2425	7
2426	5
2427	5
2428	5
2429	5
2430	5
2431	5
2432	5
2433	5
2434	5
2435	7
2436	5
2437	5
2438	5
2439	5
2440	5
2441	5
2442	5
2443	5
2444	7
2445	5
2446	5
2447	5
2448	5
2449	7
2450	7
2451	7
2452	7
2453	7
2454	7
2455	7
2456	7
2457	7
2458	7
2459	7
2460	5
2461	5
2462	7
2463	7
2464	7
2465	5
2466	5
2467	7
2468	7
2469	7
2470	7
2471	7
2472	7
2473	5
2474	5
2475	7
2476	7
2477	7
2478	7
2479	7
2480	7
2481	7
2482	7
2483	7
2484	7
2485	7
2486	7
2487	7
2488	7
2489	7
2490	7
2491	7
2492	7
2493	7
2494	7
2495	7
2496	5
2497	5
2498	5
2499	5
2500	7
2501	7
2502	5
2503	5
2504	5
2505	5
2506	5
2507	5
2508	5
2509	5
2510	5
2511	5
2512	5
2513	5
2514	5
2515	7
2516	5
2517	5
2518	7
2519	5
2520	7
2521	5
2522	5
2523	5
2524	5
2525	5
2526	5
2527	5
2528	5
2529	5
2530	5
2531	5
2532	5
2533	5
2534	5
2535	5
2536	5
2537	5
2538	5
2539	5
2540	5
2541	5
2542	5
2543	5
2544	5
2545	5
2546	5
2547	5
2548	5
2549	5
2550	5
2551	5
2552	5
2553	5
2554	5
2555	5
2556	5
2557	5
2558	5
2559	5
2560	5
2561	5
2562	5
2563	5
2564	5
2565	5
2566	5
2567	5
2568	5
2569	5
2570	5
2571	5
2572	5
2573	5
2574	5
2575	7
2576	7
2577	5
2578	5
2579	5
2580	5
2581	5
2582	5
2583	7
2584	5
2585	5
2586	7
2587	5
2588	5
2589	5
2590	5
2591	5
2592	5
2593	5
2594	7
2595	7
2596	7
2597	7
2598	7
2599	7
2600	5
2601	5
2602	5
2603	5
2604	5
2605	5
2606	8
2607	8
2608	8
2609	8
2610	8
2611	8
2612	8
2613	8
2614	8
2615	8
2616	8
2617	8
2618	8
2619	8
2620	8
2621	8
2622	8
2623	8
2624	8
2625	8
2626	8
2627	8
2628	8
2629	8
2630	8
2631	8
2632	8
2633	8
2634	8
2635	8
2636	8
2637	8
2638	8
2639	8
2640	12
2641	12
2642	12
2643	12
2644	12
2645	12
2646	12
2647	12
2648	12
2649	12
2650	12
2651	12
2652	12
2653	12
2654	12
2655	12
2656	12
2657	11
2658	12
2659	12
2660	12
2661	11
2662	11
2663	12
2664	12
2665	12
2666	12
2667	12
2668	12
2669	12
2670	11
2671	12
2672	12
2673	12
2674	12
2675	11
2676	12
2677	12
2678	11
2679	12
2680	12
2681	12
2682	12
2683	12
2684	12
2685	12
2686	12
2687	12
2688	13
2689	13
2690	13
2691	13
315	9
1657	2
