0	4
1	4
2	4
3	4
4	4
5	4
6	4
7	8
8	8
9	8
10	8
11	8
12	8
13	8
14	8
15	8
16	8
17	8
18	3
19	3
20	3
21	9
22	9
23	9
24	9
25	9
26	9
27	9
28	9
29	3
30	3
31	3
32	3
33	3
34	3
35	3
36	3
37	3
38	3
39	3
40	3
41	3
42	3
43	3
44	3
45	3
46	3
47	3
48	3
49	3
50	3
51	3
52	3
53	2
54	2
55	2
56	2
57	2
58	3
59	3
60	3
61	3
62	3
63	3
64	3
65	2
66	2
67	2
68	2
69	2
70	2
71	9
72	9
73	9
74	9
75	3
76	3
77	3
78	3
79	3
80	3
81	3
82	3
83	6
84	6
85	6
86	6
87	6
88	6
89	6
90	6
91	6
92	6
93	6
94	6
95	6
96	8
97	8
98	8
99	8
100	8
101	8
102	8
103	8
104	8
105	8
106	8
107	8
108	8
109	8
110	8
111	8
112	8
113	8
114	8
115	8
116	8
117	8
118	8
119	8
120	8
121	8
122	8
123	8
124	8
125	8
126	8
127	8
128	8
129	7
130	7
131	7
132	7
133	7
134	7
135	7
136	7
137	7
138	7
139	7
140	7
141	7
142	7
143	7
144	7
145	7
146	7
147	7
148	7
149	7
150	7
151	7
152	7
153	7
154	7
155	7
156	7
157	7
158	7
159	7
160	7
161	7
162	7
163	7
164	7
165	7
166	6
167	6
168	6
169	6
170	6
171	6
172	6
173	6
174	6
175	6
176	6
177	6
178	6
179	6
180	6
181	6
182	6
183	12
184	12
185	12
186	12
187	12
188	12
189	12
190	12
191	12
192	12
193	12
194	12
195	12
196	12
197	12
198	12
199	12
200	12
201	12
202	12
203	12
204	12
205	12
206	12
207	12
208	9
209	9
210	9
211	9
212	9
213	9
214	9
215	9
216	9
217	9
218	9
219	9
220	9
221	9
222	9
223	9
224	9
225	9
226	10
227	10
228	10
229	10
230	10
231	10
232	10
233	10
234	10
235	10
236	9
237	9
238	9
239	9
240	9
241	9
242	9
243	9
244	9
245	9
246	9
247	9
248	12
249	12
250	12
251	12
252	12
253	12
254	12
255	12
256	12
257	12
258	12
259	12
260	12
261	11
262	11
263	11
264	11
265	11
266	11
267	11
268	10
269	11
270	11
271	11
272	11
273	11
274	11
275	11
276	11
277	11
278	10
279	10
280	11
281	10
282	10
283	10
284	11
285	11
286	11
287	11
288	10
289	11
290	11
291	10
292	11
293	11
294	11
295	11
296	11
297	11
298	11
299	11
300	11
301	11
302	12
303	12
304	12
305	12
306	13
307	13
308	9
309	13
310	13
311	13
312	9
313	9
314	13
316	3
317	3
318	3
319	3
320	3
321	3
322	3
323	3
324	3
325	3
326	3
327	3
328	3
329	3
330	3
331	9
332	9
333	9
334	9
335	9
336	13
337	3
338	3
339	3
340	9
341	9
342	13
343	13
344	13
345	13
346	9
347	13
348	9
349	13
350	13
351	9
352	9
353	13
354	13
355	13
356	10
357	10
358	10
359	10
360	10
361	10
362	10
363	10
364	10
365	6
366	10
367	10
368	10
369	13
370	13
371	13
372	13
373	13
374	13
375	13
376	13
377	13
378	13
379	13
380	13
381	9
382	9
383	13
384	9
385	9
386	13
387	13
388	13
389	3
390	3
391	3
392	3
393	3
394	13
395	13
396	9
397	13
398	3
399	3
400	3
401	3
402	3
403	9
404	9
405	9
406	9
407	7
408	7
409	3
410	4
411	3
412	3
413	3
414	3
415	4
416	3
417	4
418	3
419	3
420	4
421	4
422	4
423	3
424	4
425	6
426	6
427	6
428	6
429	6
430	6
431	6
432	6
433	3
434	4
435	4
436	3
437	4
438	4
439	3
440	4
441	4
442	3
443	3
444	4
445	3
446	6
447	6
448	6
449	6
450	6
451	4
452	3
453	4
454	6
455	6
456	6
457	3
458	3
459	4
460	4
461	3
462	4
463	6
464	6
465	6
466	6
467	6
468	6
469	6
470	6
471	6
472	6
473	4
474	3
475	11
476	11
477	10
478	10
479	10
480	10
481	10
482	10
483	10
484	9
485	9
486	10
487	10
488	10
489	11
490	11
491	11
492	11
493	11
494	11
495	10
496	10
497	10
498	9
499	10
500	10
501	10
502	9
503	10
504	10
505	10
506	7
507	9
508	9
509	9
510	9
511	9
512	9
513	9
514	9
515	9
516	9
517	9
518	9
519	9
520	9
521	9
522	6
523	6
524	6
525	6
526	12
527	12
528	6
529	6
530	6
531	6
532	6
533	6
534	6
535	6
536	6
537	6
538	12
539	12
540	12
541	12
542	12
543	12
544	12
545	12
546	12
547	12
548	12
549	12
550	12
551	12
552	12
553	12
554	12
555	12
556	12
557	12
558	12
559	9
560	9
561	11
562	9
563	9
564	9
565	12
566	12
567	12
568	12
569	12
570	8
571	8
572	8
573	8
574	6
575	8
576	8
577	8
578	6
579	8
580	8
581	12
582	12
583	12
584	12
585	12
586	12
587	9
588	10
589	10
590	10
591	10
592	9
593	9
594	10
595	9
596	10
597	9
598	10
599	9
600	9
601	9
602	9
603	12
604	12
605	12
606	12
607	12
608	12
609	12
610	12
611	12
612	12
613	12
614	12
615	12
616	12
617	9
618	9
619	9
620	10
621	10
622	10
623	10
624	10
625	10
626	9
627	10
628	9
629	9
630	9
631	9
632	9
633	10
634	10
635	10
636	9
637	9
638	10
639	12
640	12
641	12
642	12
643	12
644	12
645	12
646	12
647	12
648	12
649	12
650	12
651	12
652	12
653	12
654	12
655	12
656	12
657	11
658	11
659	11
660	11
661	4
662	4
663	4
664	4
665	4
666	4
667	4
668	4
669	4
670	10
671	10
672	10
673	10
674	10
675	10
676	10
677	10
678	10
679	10
680	4
681	4
682	4
683	4
684	4
685	4
686	4
687	4
688	4
689	4
690	4
691	4
692	4
693	4
694	4
695	4
696	4
697	10
698	10
699	10
700	10
701	10
702	10
703	10
704	10
705	10
706	10
707	10
708	10
709	10
710	10
711	10
712	10
713	10
714	4
715	4
716	11
717	11
718	10
719	10
720	10
721	11
722	11
723	11
724	11
725	11
726	11
727	11
728	11
729	11
730	11
731	11
732	3
733	3
734	3
735	3
736	3
737	11
738	6
739	6
740	11
741	6
742	6
743	11
744	11
745	3
746	3
747	3
748	3
749	3
750	3
751	3
752	3
753	3
754	3
755	3
756	3
757	3
758	3
759	3
760	3
761	3
762	3
763	3
764	3
765	3
766	11
767	6
768	11
769	6
770	3
771	3
772	11
773	11
774	11
775	6
776	11
777	11
778	11
779	6
780	11
781	6
782	11
783	6
784	6
785	9
786	11
787	11
788	11
789	11
790	11
791	9
792	9
793	9
794	9
795	9
796	9
797	9
798	9
799	9
800	9
801	11
802	11
803	11
804	11
805	9
806	9
807	9
808	11
809	11
810	11
811	5
812	2
813	5
814	5
815	5
816	2
817	5
818	2
819	2
820	2
821	5
822	5
823	5
824	5
825	5
826	5
827	2
828	2
829	2
830	5
831	5
832	5
833	2
834	5
835	5
836	5
837	5
838	5
839	2
840	5
841	5
842	5
843	5
844	5
845	5
846	5
847	2
848	2
849	2
850	2
851	2
852	5
853	5
854	5
855	5
856	2
857	2
858	12
859	12
860	12
861	12
862	12
863	12
864	12
865	12
866	12
867	12
868	12
869	12
870	12
871	5
872	5
873	5
874	5
875	5
876	5
877	5
878	5
879	5
880	2
881	5
882	5
883	5
884	5
885	5
886	5
887	5
888	5
889	5
890	5
891	2
892	2
893	5
894	5
895	5
896	5
897	2
898	5
899	2
900	2
901	2
902	5
903	5
904	5
905	5
906	2
907	5
908	5
909	2
910	2
911	2
912	2
913	2
914	5
915	5
916	2
917	5
918	2
919	2
920	5
921	5
922	2
923	2
924	2
925	5
926	5
927	5
928	5
929	5
930	5
931	5
932	2
933	2
934	2
935	5
936	5
937	5
938	2
939	2
940	2
941	2
942	5
943	2
944	2
945	2
946	5
947	5
948	5
949	5
950	2
951	2
952	2
953	2
954	2
955	2
956	2
957	5
958	5
959	5
960	2
961	2
962	5
963	5
964	5
965	5
966	2
967	2
968	2
969	5
970	2
971	5
972	5
973	5
974	2
975	2
976	5
977	5
978	2
979	2
980	2
981	2
982	5
983	5
984	5
985	10
986	10
987	10
988	10
989	10
990	10
991	10
992	10
993	10
994	10
995	10
996	10
997	10
998	10
999	10
1000	10
1001	10
1002	10
1003	10
1004	10
1005	10
1006	10
1007	5
1008	5
1009	10
1010	5
1011	5
1012	5
1013	5
1014	5
1015	5
1016	5
1017	5
1018	5
1019	5
1020	5
1021	5
1022	5
1023	5
1024	5
1025	5
1026	5
1027	5
1028	5
1029	5
1030	5
1031	5
1032	5
1033	5
1034	5
1035	5
1036	3
1037	3
1038	5
1039	5
1040	5
1041	5
1042	5
1043	5
1044	5
1045	5
1046	3
1047	3
1048	5
1049	5
1050	3
1051	5
1052	5
1053	3
1054	5
1055	3
1056	3
1057	5
1058	5
1059	5
1060	5
1061	5
1062	5
1063	3
1064	3
1065	3
1066	3
1067	3
1068	5
1069	5
1070	5
1071	5
1072	5
1073	3
1074	3
1075	12
1076	12
1077	12
1078	12
1079	12
1080	12
1081	12
1082	12
1083	12
1084	12
1085	12
1086	12
1087	11
1088	11
1089	11
1090	11
1091	11
1092	11
1093	11
1094	9
1095	9
1096	9
1097	9
1098	9
1099	9
1100	9
1101	9
1102	9
1103	9
1104	9
1105	9
1106	9
1107	2
1108	2
1109	2
1110	2
1111	2
1112	2
1113	2
1114	2
1115	13
1116	2
1117	2
1118	2
1119	13
1120	2
1121	2
1122	2
1123	2
1124	2
1125	2
1126	2
1127	2
1128	2
1129	2
1130	2
1131	2
1132	2
1133	2
1134	13
1135	2
1136	2
1137	2
1138	2
1139	2
1140	2
1141	2
1142	13
1143	2
1144	2
1145	2
1146	2
1147	2
1148	2
1149	2
1150	13
1151	2
1152	2
1153	2
1154	9
1155	9
1156	9
1157	9
1158	9
1159	9
1160	9
1161	9
1162	9
1163	9
1164	9
1165	9
1166	9
1167	9
1168	9
1169	5
1170	5
1171	5
1172	5
1173	5
1174	5
1175	5
1176	5
1177	5
1178	5
1179	5
1180	5
1181	5
1182	5
1183	5
1184	5
1185	5
1186	5
1187	5
1188	5
1189	5
1190	5
1191	5
1192	5
1193	5
1194	5
1195	5
1196	5
1197	5
1198	5
1199	5
1200	2
1201	2
1202	2
1203	2
1204	2
1205	2
1206	2
1207	2
1208	2
1209	2
1210	2
1211	2
1212	2
1213	2
1214	2
1215	2
1216	2
1217	2
1218	2
1219	2
1220	2
1221	2
1222	2
1223	2
1224	2
1225	2
1226	2
1227	2
1228	2
1229	2
1230	2
1231	2
1232	2
1233	2
1234	2
1235	2
1236	2
1237	2
1238	2
1239	2
1240	10
1241	10
1242	10
1243	10
1244	10
1245	10
1246	10
1247	10
1248	10
1249	10
1250	10
1251	10
1252	10
1253	3
1254	3
1255	3
1256	3
1257	3
1258	10
1259	10
1260	10
1261	10
1262	10
1263	10
1264	3
1265	3
1266	3
1267	3
1268	3
1269	3
1270	3
1271	3
1272	3
1273	3
1274	3
1275	3
1276	3
1277	3
1278	9
1279	9
1280	9
1281	10
1282	10
1283	10
1284	3
1285	3
1286	3
1287	3
1288	7
1289	9
1290	9
1291	9
1292	7
1293	9
1294	7
1295	7
1296	9
1297	7
1298	9
1299	7
1300	9
1301	7
1302	7
1303	12
1304	12
1305	12
1306	12
1307	12
1308	12
1309	12
1310	12
1311	12
1312	12
1313	12
1314	2
1315	2
1316	2
1317	2
1318	2
1319	2
1320	2
1321	2
1322	2
1323	2
1324	2
1325	2
1326	2
1327	2
1328	2
1329	2
1330	2
1331	2
1332	2
1333	2
1334	2
1335	2
1336	2
1337	2
1338	2
1339	2
1340	2
1341	2
1342	2
1343	2
1344	2
1345	2
1346	12
1347	12
1348	12
1349	12
1350	12
1351	12
1352	12
1353	12
1354	12
1355	12
1356	12
1357	12
1358	12
1359	12
1360	12
1361	12
1362	12
1363	13
1364	13
1365	13
1366	13
1367	13
1368	13
1369	13
1370	13
1371	13
1372	13
1373	13
1374	13
1375	13
1376	13
1377	13
1378	13
1379	13
1380	13
1381	9
1382	9
1383	9
1384	9
1385	9
1386	9
1387	9
1388	9
1389	9
1390	9
1391	9
1392	9
1393	9
1394	9
1395	9
1396	9
1397	3
1398	12
1399	12
1400	12
1401	3
1402	12
1403	12
1404	3
1405	12
1406	12
1407	12
1408	12
1409	12
1410	3
1411	12
1412	12
1413	12
1414	12
1415	12
1416	12
1417	3
1418	3
1419	12
1420	3
1421	12
1422	12
1423	12
1424	12
1425	3
1426	3
1427	12
1428	8
1429	8
1430	8
1431	8
1432	8
1433	8
1434	8
1435	8
1436	8
1437	8
1438	8
1439	8
1440	8
1441	8
1442	8
1443	8
1444	8
1445	8
1446	8
1447	8
1448	8
1449	8
1450	8
1451	8
1452	8
1453	8
1454	8
1455	8
1456	8
1457	8
1458	8
1459	8
1460	8
1461	8
1462	8
1463	8
1464	8
1465	9
1466	9
1467	9
1468	9
1469	7
1470	9
1471	9
1472	9
1473	7
1474	9
1475	9
1476	9
1477	9
1478	9
1479	9
1480	9
1481	9
1482	9
1483	9
1484	9
1485	9
1486	9
1487	9
1488	9
1489	3
1490	3
1491	3
1492	3
1493	3
1494	3
1495	3
1496	3
1497	3
1498	3
1499	3
1500	3
1501	4
1502	4
1503	4
1504	4
1505	4
1506	4
1507	4
1508	4
1509	4
1510	4
1511	4
1512	4
1513	4
1514	4
1515	4
1516	4
1517	4
1518	4
1519	4
1520	4
1521	4
1522	4
1523	4
1524	4
1525	4
1526	4
1527	4
1528	4
1529	6
1530	6
1531	6
1532	6
1533	6
1534	6
1535	6
1536	6
1537	6
1538	6
1539	6
1540	6
1541	6
1542	6
1543	6
1544	6
1545	6
1546	6
1547	6
1548	6
1549	6
1550	6
1551	6
1552	6
1553	13
1554	13
1555	13
1556	13
1557	13
1558	13
1559	13
1560	13
1561	13
1562	13
1563	13
1564	13
1565	13
1566	13
1567	6
1568	13
1569	13
1570	13
1571	13
1572	13
1573	13
1574	13
1575	13
1576	3
1577	3
1578	3
1579	3
1580	3
1581	3
1582	3
1583	3
1584	3
1585	3
1586	3
1587	3
1588	3
1589	3
1590	3
1591	3
1592	3
1593	12
1594	12
1595	12
1596	12
1597	12
1598	12
1599	12
1600	12
1601	12
1602	6
1603	6
1604	6
1605	6
1606	6
1607	6
1608	6
1609	6
1610	6
1611	6
1612	6
1613	6
1614	6
1615	6
1616	6
1617	6
1618	9
1619	9
1620	9
1621	9
1622	9
1623	9
1624	9
1625	9
1626	9
1627	9
1628	9
1629	2
1630	8
1631	8
1632	8
1633	2
1634	8
1635	8
1636	8
1637	2
1638	2
1639	2
1640	2
1641	2
1642	8
1643	2
1644	9
1645	9
1646	9
1647	9
1648	9
1649	8
1650	2
1651	8
1652	2
1653	8
1654	8
1655	8
1656	2
1658	8
1659	8
1660	8
1661	8
1662	8
1663	8
1664	8
1665	8
1666	8
1667	8
1668	8
1669	2
1670	2
1671	8
1672	8
1673	9
1674	2
1675	8
1676	8
1677	9
1678	10
1679	10
1680	11
1681	11
1682	10
1683	10
1684	10
1685	3
1686	3
1687	3
1688	3
1689	3
1690	3
1691	3
1692	3
1693	3
1694	3
1695	3
1696	3
1697	3
1698	3
1699	3
1700	3
1701	3
1702	3
1703	4
1704	4
1705	3
1706	3
1707	3
1708	3
1709	3
1710	3
1711	3
1712	3
1713	9
1714	9
1715	9
1716	9
1717	9
1718	9
1719	9
1720	9
1721	9
1722	9
1723	9
1724	9
1725	3
1726	3
1727	3
1728	9
1729	3
1730	3
1731	3
1732	3
1733	3
1734	3
1735	3
1736	3
1737	3
1738	3
1739	3
1740	3
1741	3
1742	4
1743	4
1744	4
1745	4
1746	4
1747	4
1748	4
1749	4
1750	4
1751	4
1752	4
1753	4
1754	4
1755	4
1756	4
1757	9
1758	9
1759	9
1760	9
1761	4
1762	4
1763	4
1764	4
1765	4
1766	4
1767	4
1768	4
1769	4
1770	4
1771	4
1772	4
1773	4
1774	9
1775	9
1776	9
1777	9
1778	9
1779	9
1780	9
1781	9
1782	9
1783	9
1784	9
1785	9
1786	9
1787	4
1788	4
1789	4
1790	4
1791	4
1792	4
1793	4
1794	4
1795	9
1796	9
1797	9
1798	9
1799	4
1800	4
1801	4
1802	4
1803	4
1804	4
1805	4
1806	4
1807	4
1808	4
1809	8
1810	8
1811	8
1812	8
1813	8
1814	8
1815	8
1816	8
1817	8
1818	8
1819	8
1820	8
1821	8
1822	8
1823	8
1824	8
1825	8
1826	8
1827	8
1828	8
1829	8
1830	11
1831	11
1832	11
1833	11
1834	11
1835	8
1836	8
1837	11
1838	8
1839	8
1840	6
1841	6
1842	6
1843	13
1844	13
1845	8
1846	8
1847	8
1848	8
1849	8
1850	8
1851	8
1852	8
1853	8
1854	8
1855	8
1856	8
1857	9
1858	9
1859	9
1860	9
1861	9
1862	9
1863	8
1864	8
1865	8
1866	8
1867	8
1868	8
1869	8
1870	8
1871	8
1872	11
1873	11
1874	11
1875	11
1876	11
1877	11
1878	11
1879	11
1880	11
1881	11
1882	11
1883	11
1884	11
1885	11
1886	11
1887	11
1888	11
1889	11
1890	11
1891	11
1892	11
1893	11
1894	11
1895	12
1896	12
1897	12
1898	2
1899	2
1900	2
1901	2
1902	2
1903	2
1904	12
1905	12
1906	12
1907	12
1908	12
1909	12
1910	12
1911	12
1912	12
1913	12
1914	12
1915	12
1916	2
1917	2
1918	2
1919	2
1920	2
1921	2
1922	2
1923	2
1924	12
1925	12
1926	12
1927	12
1928	12
1929	12
1930	12
1931	12
1932	12
1933	12
1934	12
1935	12
1936	12
1937	12
1938	12
1939	12
1940	12
1941	12
1942	12
1943	12
1944	12
1945	12
1946	12
1947	12
1948	12
1949	12
1950	12
1951	12
1952	12
1953	12
1954	12
1955	12
1956	12
1957	12
1958	12
1959	12
1960	12
1961	12
1962	12
1963	12
1964	12
1965	12
1966	12
1967	12
1968	12
1969	12
1970	12
1971	12
1972	12
1973	12
1974	12
1975	12
1976	6
1977	6
1978	6
1979	6
1980	6
1981	6
1982	6
1983	6
1984	6
1985	6
1986	6
1987	6
1988	6
1989	6
1990	6
1991	6
1992	6
1993	6
1994	6
1995	6
1996	6
1997	6
1998	6
1999	6
2000	6
2001	6
2002	6
2003	6
2004	6
2005	6
2006	6
2007	6
2008	6
2009	6
2010	6
2011	6
2012	6
2013	6
2014	6
2015	6
2016	6
2017	11
2018	11
2019	11
2020	11
2021	11
2022	11
2023	11
2024	11
2025	11
2026	11
2027	11
2028	11
2029	11
2030	11
2031	6
2032	6
2033	11
2034	11
2035	11
2036	11
2037	11
2038	11
2039	11
2040	11
2041	11
2042	11
2043	11
2044	11
2045	11
2046	11
2047	11
2048	11
2049	11
2050	11
2051	11
2052	11
2053	11
2054	11
2055	11
2056	11
2057	11
2058	6
2059	6
2060	6
2061	6
2062	6
2063	6
2064	6
2065	6
2066	6
2067	6
2068	11
2069	11
2070	11
2071	11
2072	11
2073	9
2074	11
2075	11
2076	11
2077	9
2078	11
2079	11
2080	11
2081	11
2082	11
2083	11
2084	11
2085	11
2086	11
2087	11
2088	11
2089	3
2090	3
2091	3
2092	3
2093	3
2094	3
2095	3
2096	4
2097	4
2098	4
2099	4
2100	4
2101	4
2102	4
2103	4
2104	4
2105	4
2106	4
2107	4
2108	4
2109	4
2110	4
2111	4
2112	4
2113	1
2114	1
2115	1
2116	1
2117	1
2118	1
2119	1
2120	1
2121	1
2122	1
2123	4
2124	11
2125	1
2126	1
2127	1
2128	1
2129	1
2130	1
2131	1
2132	1
2133	1
2134	4
2135	1
2136	4
2137	4
2138	1
2139	1
2140	1
2141	1
2142	1
2143	1
2144	1
2145	1
2146	1
2147	1
2148	1
2149	1
2150	1
2151	1
2152	1
2153	1
2154	1
2155	1
2156	1
2157	1
2158	1
2159	1
2160	1
2161	1
2162	1
2163	1
2164	4
2165	4
2166	4
2167	1
2168	1
2169	1
2170	1
2171	1
2172	1
2173	1
2174	1
2175	1
2176	1
2177	1
2178	1
2179	1
2180	4
2181	4
2182	1
2183	1
2184	1
2185	1
2186	1
2187	1
2188	1
2189	1
2190	1
2191	1
2192	1
2193	1
2194	1
2195	1
2196	1
2197	1
2198	1
2199	4
2200	1
2201	1
2202	1
2203	1
2204	1
2205	1
2206	1
2207	1
2208	1
2209	1
2210	1
2211	1
2212	1
2213	1
2214	1
2215	4
2216	4
2217	1
2218	1
2219	1
2220	1
2221	1
2222	1
2223	1
2224	1
2225	1
2226	1
2227	1
2228	1
2229	1
2230	4
2231	4
2232	1
2233	1
2234	4
2235	1
2236	4
2237	4
2238	4
2239	1
2240	1
2241	1
2242	1
2243	1
2244	1
2245	4
2246	1
2247	4
2248	4
2249	1
2250	1
2251	1
2252	1
2253	1
2254	1
2255	1
2256	4
2257	1
2258	1
2259	1
2260	1
2261	4
2262	4
2263	1
2264	1
2265	1
2266	1
2267	1
2268	1
2269	1
2270	1
2271	4
2272	1
2273	4
2274	1
2275	1
2276	1
2277	1
2278	1
2279	1
2280	1
2281	1
2282	1
2283	1
2284	11
2285	11
2286	1
2287	1
2288	1
2289	1
2290	1
2291	1
2292	1
2293	1
2294	1
2295	1
2296	1
2297	1
2298	1
2299	1
2300	4
2301	1
2302	1
2303	1
2304	1
2305	1
2306	1
2307	1
2308	1
2309	11
2310	11
2311	11
2312	5
2313	5
2314	5
2315	5
2316	5
2317	5
2318	5
2319	5
2320	5
2321	5
2322	5
2323	5
2324	5
2325	5
2326	5
2327	5
2328	5
2329	5
2330	12
2331	12
2332	12
2333	12
2334	12
2335	12
2336	12
2337	12
2338	12
2339	12
2340	12
2341	12
2342	12
2343	12
2344	12
2345	12
2346	5
2347	5
2348	5
2349	5
2350	5
2351	5
2352	5
2353	5
2354	5
2355	5
2356	5
2357	5
2358	5
2359	5
2360	5
2361	5
2362	5
2363	5
2364	5
2365	5
2366	8
2367	8
2368	8
2369	8
2370	8
2371	8
2372	8
2373	8
2374	8
2375	8
2376	8
2377	8
2378	8
2379	8
2380	8
2381	8
2382	8
2383	8
2384	8
2385	8
2386	8
2387	8
2388	8
2389	8
2390	8
2391	8
2392	8
2393	8
2394	8
2395	8
2396	8
2397	8
2398	8
2399	8
2400	8
2401	8
2402	8
2403	8
2404	8
2405	8
2406	8
2407	8
2408	8
2409	8
2410	8
2411	8
2412	8
2413	8
2414	8
2415	13
2416	13
2417	13
2418	13
2419	7
2420	7
2421	7
2422	13
2423	13
2424	13
2425	13
2426	13
2427	7
2428	7
2429	7
2430	7
2431	7
2432	7
2433	13
2434	7
2435	13
2436	13
2437	7
2438	7
2439	7
2440	7
2441	7
2442	13
2443	13
2444	13
2445	7
2446	7
2447	7
2448	13
2449	13
2450	13
2451	7
2452	13
2453	13
2454	13
2455	13
2456	13
2457	13
2458	13
2459	13
2460	7
2461	7
2462	13
2463	13
2464	13
2465	7
2466	7
2467	13
2468	13
2469	13
2470	13
2471	13
2472	13
2473	7
2474	7
2475	13
2476	13
2477	13
2478	13
2479	13
2480	13
2481	13
2482	13
2483	13
2484	13
2485	13
2486	13
2487	13
2488	13
2489	13
2490	13
2491	13
2492	13
2493	13
2494	13
2495	13
2496	7
2497	7
2498	7
2499	7
2500	13
2501	13
2502	13
2503	13
2504	13
2505	13
2506	13
2507	13
2508	7
2509	7
2510	7
2511	7
2512	7
2513	7
2514	7
2515	13
2516	7
2517	7
2518	13
2519	7
2520	13
2521	7
2522	7
2523	7
2524	7
2525	7
2526	13
2527	13
2528	7
2529	7
2530	7
2531	7
2532	7
2533	7
2534	7
2535	7
2536	7
2537	7
2538	7
2539	7
2540	7
2541	7
2542	7
2543	7
2544	7
2545	7
2546	7
2547	7
2548	7
2549	7
2550	13
2551	7
2552	7
2553	7
2554	7
2555	7
2556	7
2557	7
2558	13
2559	13
2560	7
2561	7
2562	7
2563	7
2564	13
2565	7
2566	7
2567	7
2568	7
2569	7
2570	7
2571	7
2572	7
2573	7
2574	7
2575	7
2576	7
2577	7
2578	7
2579	7
2580	7
2581	7
2582	7
2583	7
2584	7
2585	13
2586	13
2587	7
2588	7
2589	7
2590	7
2591	7
2592	7
2593	7
2594	13
2595	13
2596	13
2597	13
2598	13
2599	13
2600	13
2601	13
2602	7
2603	7
2604	7
2605	7
2606	11
2607	11
2608	11
2609	11
2610	11
2611	11
2612	11
2613	11
2614	11
2615	11
2616	11
2617	11
2618	11
2619	11
2620	11
2621	11
2622	11
2623	11
2624	11
2625	11
2626	11
2627	11
2628	11
2629	11
2630	11
2631	11
2632	11
2633	11
2634	11
2635	11
2636	11
2637	11
2638	11
2639	11
2640	10
2641	10
2642	6
2643	6
2644	6
2645	10
2646	10
2647	10
2648	10
2649	10
2650	10
2651	10
2652	10
2653	10
2654	10
2655	10
2656	10
2657	10
2658	10
2659	6
2660	6
2661	10
2662	10
2663	10
2664	10
2665	6
2666	10
2667	10
2668	10
2669	6
2670	10
2671	10
2672	10
2673	10
2674	10
2675	10
2676	10
2677	10
2678	10
2679	10
2680	10
2681	10
2682	10
2683	6
2684	6
2685	10
2686	10
2687	6
2688	12
2689	12
2690	12
2691	12
315	3
1657	8
