0	3
1	3
2	3
3	3
4	3
5	3
6	3
7	7
8	7
9	7
10	7
11	7
12	7
13	7
14	7
15	7
16	7
17	7
18	7
19	7
20	7
21	2
22	2
23	2
24	2
25	2
26	2
27	2
28	2
29	3
30	3
31	3
32	3
33	3
34	3
35	3
36	3
37	3
38	3
39	3
40	3
41	3
42	3
43	3
44	3
45	3
46	3
47	3
48	3
49	3
50	3
51	3
52	3
53	9
54	9
55	9
56	9
57	9
58	3
59	3
60	3
61	3
62	3
63	3
64	3
65	9
66	9
67	9
68	9
69	9
70	9
71	2
72	2
73	2
74	2
75	3
76	3
77	3
78	3
79	3
80	3
81	3
82	3
83	1
84	1
85	1
86	1
87	1
88	1
89	1
90	1
91	1
92	1
93	1
94	1
95	1
96	7
97	7
98	7
99	7
100	7
101	7
102	7
103	7
104	7
105	7
106	7
107	7
108	7
109	7
110	7
111	7
112	7
113	7
114	7
115	7
116	7
117	7
118	7
119	7
120	7
121	7
122	7
123	7
124	7
125	7
126	7
127	7
128	7
129	13
130	13
131	13
132	13
133	13
134	13
135	13
136	13
137	13
138	13
139	13
140	13
141	13
142	13
143	13
144	13
145	13
146	13
147	13
148	13
149	13
150	13
151	13
152	13
153	13
154	13
155	13
156	13
157	13
158	13
159	13
160	13
161	13
162	13
163	13
164	13
165	13
166	1
167	1
168	1
169	11
170	11
171	11
172	11
173	1
174	11
175	1
176	1
177	1
178	11
179	11
180	11
181	11
182	11
183	6
184	6
185	6
186	6
187	6
188	6
189	6
190	6
191	6
192	6
193	6
194	6
195	6
196	6
197	6
198	6
199	6
200	6
201	6
202	6
203	6
204	6
205	6
206	6
207	6
208	2
209	2
210	2
211	2
212	2
213	2
214	2
215	2
216	2
217	2
218	2
219	2
220	2
221	2
222	2
223	2
224	2
225	2
226	5
227	5
228	5
229	5
230	5
231	5
232	5
233	5
234	5
235	5
236	2
237	2
238	2
239	2
240	2
241	2
242	2
243	2
244	2
245	2
246	2
247	2
248	6
249	6
250	6
251	6
252	6
253	6
254	6
255	6
256	6
257	6
258	6
259	6
260	6
261	5
262	5
263	5
264	5
265	5
266	5
267	5
268	5
269	5
270	5
271	5
272	5
273	5
274	5
275	5
276	5
277	5
278	5
279	5
280	5
281	5
282	5
283	5
284	5
285	5
286	5
287	5
288	5
289	5
290	5
291	5
292	5
293	5
294	5
295	5
296	5
297	5
298	5
299	5
300	5
301	5
302	6
303	6
304	6
305	6
306	2
307	2
308	2
309	8
310	8
311	8
312	2
313	2
314	8
316	9
317	9
318	9
319	9
320	9
321	9
322	9
323	9
324	9
325	9
326	9
327	9
328	9
329	9
330	9
331	2
332	2
333	2
334	2
335	2
336	8
337	9
338	9
339	9
340	2
341	2
342	8
343	8
344	2
345	2
346	2
347	2
348	2
349	8
350	8
351	2
352	2
353	8
354	2
355	8
356	8
357	8
358	8
359	13
360	13
361	8
362	8
363	8
364	8
365	8
366	8
367	8
368	8
369	8
370	2
371	2
372	8
373	8
374	8
375	8
376	8
377	2
378	2
379	8
380	2
381	2
382	2
383	8
384	8
385	2
386	2
387	8
388	8
389	9
390	9
391	9
392	9
393	9
394	8
395	8
396	2
397	8
398	9
399	9
400	9
401	9
402	9
403	2
404	2
405	2
406	2
407	2
408	2
409	3
410	3
411	3
412	3
413	3
414	3
415	3
416	3
417	3
418	3
419	3
420	3
421	3
422	3
423	3
424	3
425	1
426	11
427	11
428	11
429	1
430	1
431	1
432	1
433	3
434	3
435	3
436	3
437	3
438	3
439	3
440	3
441	3
442	3
443	3
444	3
445	3
446	1
447	11
448	11
449	11
450	11
451	3
452	3
453	3
454	1
455	11
456	1
457	3
458	3
459	3
460	3
461	3
462	3
463	1
464	1
465	1
466	1
467	1
468	1
469	11
470	1
471	11
472	11
473	3
474	3
475	5
476	5
477	11
478	11
479	11
480	11
481	11
482	11
483	11
484	2
485	2
486	11
487	11
488	11
489	5
490	5
491	5
492	5
493	5
494	5
495	11
496	11
497	11
498	2
499	11
500	11
501	11
502	2
503	11
504	11
505	11
506	2
507	2
508	2
509	2
510	2
511	2
512	2
513	2
514	2
515	2
516	2
517	2
518	2
519	2
520	2
521	2
522	1
523	1
524	1
525	1
526	6
527	6
528	1
529	1
530	1
531	1
532	1
533	1
534	1
535	1
536	1
537	1
538	6
539	6
540	6
541	6
542	6
543	6
544	6
545	6
546	6
547	6
548	6
549	6
550	6
551	6
552	6
553	6
554	6
555	6
556	6
557	6
558	6
559	5
560	5
561	5
562	5
563	5
564	5
565	6
566	6
567	6
568	6
569	6
570	10
571	10
572	10
573	10
574	1
575	10
576	10
577	10
578	1
579	10
580	10
581	6
582	6
583	6
584	6
585	6
586	6
587	5
588	5
589	5
590	5
591	5
592	2
593	2
594	5
595	2
596	5
597	5
598	5
599	2
600	2
601	5
602	2
603	6
604	6
605	6
606	6
607	6
608	6
609	6
610	6
611	6
612	6
613	6
614	6
615	6
616	6
617	5
618	5
619	2
620	5
621	5
622	5
623	5
624	5
625	5
626	5
627	5
628	2
629	2
630	2
631	5
632	5
633	5
634	5
635	5
636	5
637	5
638	5
639	6
640	6
641	6
642	6
643	6
644	6
645	6
646	6
647	6
648	6
649	6
650	6
651	6
652	6
653	6
654	6
655	6
656	6
657	11
658	11
659	11
660	11
661	3
662	3
663	3
664	3
665	3
666	3
667	3
668	3
669	3
670	11
671	11
672	11
673	11
674	11
675	11
676	11
677	11
678	11
679	11
680	3
681	3
682	3
683	3
684	3
685	3
686	3
687	3
688	3
689	3
690	3
691	3
692	3
693	3
694	3
695	3
696	3
697	11
698	11
699	11
700	11
701	11
702	11
703	11
704	11
705	11
706	11
707	11
708	11
709	11
710	11
711	11
712	11
713	11
714	3
715	3
716	5
717	5
718	11
719	11
720	11
721	5
722	5
723	5
724	5
725	5
726	5
727	5
728	5
729	5
730	5
731	5
732	9
733	9
734	9
735	3
736	3
737	11
738	11
739	11
740	11
741	11
742	11
743	11
744	11
745	9
746	9
747	9
748	3
749	3
750	3
751	9
752	9
753	9
754	9
755	9
756	3
757	3
758	3
759	9
760	9
761	9
762	3
763	3
764	3
765	3
766	11
767	11
768	11
769	11
770	3
771	3
772	11
773	11
774	11
775	11
776	11
777	11
778	11
779	11
780	11
781	11
782	11
783	11
784	11
785	2
786	11
787	11
788	11
789	11
790	11
791	2
792	2
793	2
794	2
795	2
796	2
797	2
798	2
799	2
800	2
801	11
802	11
803	11
804	11
805	2
806	2
807	2
808	11
809	11
810	11
811	9
812	12
813	9
814	9
815	9
816	12
817	9
818	12
819	12
820	12
821	9
822	9
823	9
824	9
825	12
826	12
827	12
828	12
829	12
830	9
831	9
832	12
833	12
834	9
835	9
836	9
837	9
838	9
839	12
840	9
841	12
842	9
843	9
844	9
845	12
846	9
847	12
848	12
849	12
850	12
851	12
852	9
853	9
854	9
855	12
856	12
857	12
858	6
859	6
860	6
861	6
862	6
863	6
864	6
865	6
866	6
867	6
868	6
869	6
870	6
871	9
872	9
873	12
874	9
875	9
876	9
877	9
878	12
879	12
880	12
881	9
882	9
883	9
884	9
885	9
886	9
887	9
888	12
889	12
890	12
891	12
892	12
893	9
894	9
895	9
896	9
897	12
898	12
899	12
900	12
901	12
902	9
903	9
904	9
905	9
906	12
907	12
908	12
909	12
910	12
911	12
912	12
913	12
914	9
915	9
916	12
917	9
918	12
919	12
920	12
921	12
922	12
923	12
924	12
925	9
926	12
927	9
928	9
929	9
930	12
931	12
932	12
933	12
934	12
935	9
936	9
937	9
938	12
939	12
940	12
941	12
942	12
943	12
944	12
945	12
946	9
947	9
948	9
949	12
950	12
951	12
952	12
953	12
954	12
955	12
956	12
957	9
958	9
959	9
960	12
961	12
962	12
963	9
964	9
965	9
966	12
967	12
968	12
969	9
970	12
971	12
972	9
973	9
974	12
975	12
976	9
977	9
978	12
979	12
980	12
981	12
982	9
983	9
984	7
985	11
986	13
987	13
988	11
989	13
990	13
991	13
992	11
993	11
994	13
995	11
996	13
997	11
998	13
999	13
1000	11
1001	11
1002	11
1003	13
1004	13
1005	13
1006	13
1007	9
1008	7
1009	13
1010	7
1011	9
1012	7
1013	7
1014	9
1015	9
1016	9
1017	7
1018	7
1019	9
1020	7
1021	9
1022	7
1023	7
1024	9
1025	9
1026	9
1027	7
1028	9
1029	9
1030	9
1031	9
1032	9
1033	9
1034	9
1035	9
1036	9
1037	7
1038	9
1039	7
1040	9
1041	7
1042	7
1043	9
1044	9
1045	9
1046	9
1047	9
1048	7
1049	9
1050	9
1051	7
1052	7
1053	9
1054	7
1055	9
1056	7
1057	7
1058	7
1059	9
1060	7
1061	7
1062	7
1063	9
1064	9
1065	7
1066	9
1067	7
1068	7
1069	9
1070	7
1071	9
1072	9
1073	9
1074	9
1075	6
1076	6
1077	6
1078	6
1079	6
1080	6
1081	6
1082	6
1083	6
1084	6
1085	6
1086	6
1087	5
1088	5
1089	5
1090	5
1091	5
1092	5
1093	5
1094	2
1095	2
1096	2
1097	2
1098	2
1099	2
1100	2
1101	2
1102	2
1103	2
1104	2
1105	2
1106	2
1107	12
1108	12
1109	12
1110	12
1111	12
1112	12
1113	12
1114	12
1115	12
1116	12
1117	12
1118	12
1119	12
1120	12
1121	12
1122	12
1123	12
1124	12
1125	12
1126	12
1127	12
1128	12
1129	12
1130	12
1131	12
1132	12
1133	12
1134	12
1135	12
1136	12
1137	12
1138	12
1139	12
1140	12
1141	12
1142	12
1143	12
1144	12
1145	12
1146	12
1147	12
1148	12
1149	12
1150	12
1151	12
1152	12
1153	12
1154	2
1155	2
1156	2
1157	2
1158	2
1159	2
1160	2
1161	2
1162	2
1163	2
1164	2
1165	2
1166	2
1167	2
1168	2
1169	9
1170	7
1171	7
1172	7
1173	7
1174	9
1175	7
1176	9
1177	7
1178	9
1179	9
1180	7
1181	9
1182	9
1183	7
1184	7
1185	7
1186	7
1187	9
1188	9
1189	9
1190	7
1191	7
1192	7
1193	7
1194	7
1195	9
1196	7
1197	9
1198	7
1199	9
1200	12
1201	12
1202	12
1203	12
1204	12
1205	12
1206	12
1207	12
1208	12
1209	12
1210	12
1211	12
1212	12
1213	12
1214	12
1215	12
1216	12
1217	12
1218	12
1219	12
1220	12
1221	12
1222	12
1223	12
1224	12
1225	12
1226	12
1227	12
1228	12
1229	12
1230	12
1231	12
1232	12
1233	12
1234	12
1235	12
1236	12
1237	12
1238	12
1239	12
1240	5
1241	5
1242	5
1243	5
1244	5
1245	5
1246	5
1247	5
1248	5
1249	5
1250	5
1251	5
1252	5
1253	3
1254	3
1255	3
1256	3
1257	3
1258	5
1259	5
1260	5
1261	5
1262	5
1263	5
1264	3
1265	3
1266	3
1267	3
1268	3
1269	3
1270	3
1271	3
1272	3
1273	3
1274	3
1275	3
1276	3
1277	3
1278	2
1279	2
1280	2
1281	5
1282	5
1283	5
1284	3
1285	3
1286	3
1287	3
1288	2
1289	2
1290	2
1291	2
1292	2
1293	2
1294	2
1295	2
1296	2
1297	2
1298	2
1299	2
1300	2
1301	2
1302	2
1303	6
1304	6
1305	6
1306	6
1307	6
1308	6
1309	6
1310	6
1311	6
1312	6
1313	6
1314	12
1315	12
1316	12
1317	12
1318	12
1319	12
1320	12
1321	12
1322	12
1323	12
1324	12
1325	12
1326	12
1327	12
1328	12
1329	12
1330	12
1331	12
1332	12
1333	12
1334	12
1335	12
1336	12
1337	12
1338	12
1339	12
1340	12
1341	12
1342	12
1343	12
1344	12
1345	12
1346	6
1347	6
1348	6
1349	6
1350	6
1351	6
1352	6
1353	6
1354	6
1355	6
1356	6
1357	6
1358	6
1359	6
1360	6
1361	6
1362	6
1363	8
1364	12
1365	8
1366	12
1367	12
1368	8
1369	8
1370	8
1371	8
1372	12
1373	12
1374	8
1375	8
1376	12
1377	8
1378	8
1379	8
1380	8
1381	2
1382	2
1383	2
1384	2
1385	2
1386	2
1387	2
1388	2
1389	2
1390	2
1391	2
1392	2
1393	2
1394	2
1395	2
1396	2
1397	3
1398	6
1399	6
1400	6
1401	3
1402	6
1403	6
1404	3
1405	6
1406	6
1407	6
1408	6
1409	6
1410	3
1411	6
1412	6
1413	6
1414	6
1415	6
1416	6
1417	3
1418	3
1419	6
1420	3
1421	6
1422	3
1423	6
1424	6
1425	3
1426	3
1427	6
1428	7
1429	7
1430	7
1431	7
1432	7
1433	7
1434	7
1435	7
1436	7
1437	7
1438	7
1439	7
1440	10
1441	7
1442	7
1443	7
1444	7
1445	7
1446	7
1447	7
1448	7
1449	7
1450	7
1451	7
1452	7
1453	7
1454	7
1455	7
1456	7
1457	7
1458	7
1459	7
1460	7
1461	7
1462	7
1463	7
1464	10
1465	11
1466	11
1467	11
1468	11
1469	11
1470	11
1471	11
1472	11
1473	11
1474	2
1475	2
1476	11
1477	2
1478	11
1479	11
1480	11
1481	11
1482	11
1483	2
1484	11
1485	11
1486	2
1487	11
1488	11
1489	9
1490	9
1491	9
1492	9
1493	9
1494	9
1495	9
1496	9
1497	9
1498	9
1499	9
1500	9
1501	3
1502	3
1503	3
1504	3
1505	3
1506	3
1507	3
1508	3
1509	3
1510	3
1511	3
1512	3
1513	3
1514	3
1515	3
1516	3
1517	3
1518	3
1519	3
1520	3
1521	3
1522	3
1523	3
1524	3
1525	3
1526	3
1527	3
1528	3
1529	11
1530	11
1531	11
1532	11
1533	11
1534	11
1535	11
1536	11
1537	11
1538	11
1539	11
1540	11
1541	11
1542	11
1543	11
1544	11
1545	11
1546	11
1547	11
1548	11
1549	11
1550	11
1551	11
1552	1
1553	1
1554	1
1555	1
1556	1
1557	1
1558	1
1559	1
1560	1
1561	1
1562	1
1563	1
1564	1
1565	1
1566	1
1567	1
1568	1
1569	1
1570	1
1571	1
1572	1
1573	1
1574	1
1575	1
1576	9
1577	9
1578	9
1579	9
1580	9
1581	9
1582	9
1583	9
1584	9
1585	9
1586	9
1587	9
1588	9
1589	9
1590	9
1591	9
1592	9
1593	6
1594	6
1595	6
1596	6
1597	6
1598	6
1599	6
1600	6
1601	6
1602	1
1603	1
1604	1
1605	1
1606	1
1607	1
1608	1
1609	1
1610	1
1611	1
1612	1
1613	1
1614	1
1615	1
1616	1
1617	1
1618	2
1619	2
1620	2
1621	2
1622	2
1623	2
1624	2
1625	2
1626	2
1627	2
1628	2
1629	7
1630	7
1631	7
1632	7
1633	7
1634	7
1635	7
1636	7
1637	7
1638	7
1639	7
1640	7
1641	7
1642	7
1643	7
1644	2
1645	2
1646	2
1647	2
1648	2
1649	7
1650	7
1651	7
1652	7
1653	7
1654	7
1655	7
1656	7
1658	7
1659	7
1660	7
1661	7
1662	7
1663	7
1664	7
1665	7
1666	7
1667	7
1668	7
1669	7
1670	7
1671	7
1672	7
1673	2
1674	7
1675	7
1676	7
1677	2
1678	5
1679	5
1680	5
1681	5
1682	5
1683	5
1684	5
1685	3
1686	3
1687	3
1688	3
1689	3
1690	3
1691	3
1692	3
1693	3
1694	3
1695	3
1696	3
1697	3
1698	3
1699	3
1700	3
1701	7
1702	7
1703	10
1704	10
1705	7
1706	7
1707	7
1708	7
1709	7
1710	7
1711	7
1712	7
1713	2
1714	2
1715	2
1716	2
1717	2
1718	2
1719	2
1720	2
1721	2
1722	2
1723	2
1724	2
1725	7
1726	7
1727	7
1728	2
1729	7
1730	7
1731	7
1732	7
1733	7
1734	7
1735	7
1736	7
1737	7
1738	7
1739	7
1740	7
1741	7
1742	4
1743	4
1744	4
1745	4
1746	3
1747	4
1748	4
1749	4
1750	4
1751	4
1752	4
1753	3
1754	4
1755	3
1756	4
1757	2
1758	2
1759	2
1760	2
1761	3
1762	4
1763	4
1764	4
1765	4
1766	3
1767	4
1768	4
1769	3
1770	3
1771	4
1772	4
1773	3
1774	2
1775	2
1776	2
1777	2
1778	2
1779	2
1780	2
1781	2
1782	2
1783	2
1784	2
1785	2
1786	2
1787	4
1788	4
1789	4
1790	3
1791	4
1792	3
1793	4
1794	4
1795	2
1796	2
1797	2
1798	2
1799	4
1800	3
1801	3
1802	4
1803	4
1804	4
1805	4
1806	4
1807	4
1808	4
1809	10
1810	10
1811	10
1812	10
1813	10
1814	10
1815	10
1816	10
1817	10
1818	10
1819	7
1820	10
1821	10
1822	10
1823	10
1824	10
1825	10
1826	10
1827	10
1828	10
1829	10
1830	5
1831	5
1832	5
1833	5
1834	5
1835	10
1836	10
1837	5
1838	10
1839	10
1840	1
1841	1
1842	1
1843	1
1844	1
1845	10
1846	10
1847	10
1848	10
1849	10
1850	10
1851	10
1852	10
1853	10
1854	10
1855	10
1856	10
1857	5
1858	5
1859	5
1860	5
1861	5
1862	5
1863	10
1864	7
1865	7
1866	7
1867	10
1868	10
1869	10
1870	7
1871	10
1872	11
1873	11
1874	5
1875	5
1876	11
1877	5
1878	5
1879	5
1880	5
1881	5
1882	11
1883	5
1884	5
1885	5
1886	5
1887	5
1888	11
1889	5
1890	11
1891	5
1892	5
1893	11
1894	11
1895	6
1896	6
1897	6
1898	2
1899	2
1900	2
1901	2
1902	2
1903	2
1904	6
1905	6
1906	6
1907	6
1908	6
1909	6
1910	6
1911	6
1912	6
1913	6
1914	6
1915	6
1916	2
1917	2
1918	2
1919	2
1920	2
1921	2
1922	2
1923	2
1924	6
1925	6
1926	6
1927	6
1928	6
1929	6
1930	6
1931	6
1932	6
1933	6
1934	6
1935	6
1936	6
1937	6
1938	6
1939	6
1940	6
1941	6
1942	6
1943	6
1944	6
1945	6
1946	6
1947	6
1948	6
1949	6
1950	6
1951	6
1952	6
1953	6
1954	6
1955	6
1956	6
1957	6
1958	6
1959	6
1960	6
1961	6
1962	6
1963	6
1964	6
1965	6
1966	6
1967	6
1968	6
1969	6
1970	6
1971	6
1972	6
1973	6
1974	6
1975	6
1976	1
1977	1
1978	1
1979	1
1980	1
1981	1
1982	1
1983	1
1984	1
1985	1
1986	1
1987	1
1988	1
1989	1
1990	1
1991	1
1992	1
1993	1
1994	1
1995	1
1996	1
1997	1
1998	1
1999	1
2000	1
2001	1
2002	1
2003	1
2004	1
2005	1
2006	1
2007	1
2008	1
2009	1
2010	1
2011	1
2012	1
2013	1
2014	1
2015	1
2016	1
2017	5
2018	5
2019	5
2020	5
2021	5
2022	5
2023	5
2024	11
2025	5
2026	5
2027	5
2028	5
2029	5
2030	11
2031	11
2032	11
2033	11
2034	11
2035	11
2036	11
2037	11
2038	5
2039	5
2040	5
2041	5
2042	5
2043	5
2044	5
2045	5
2046	11
2047	11
2048	5
2049	5
2050	5
2051	11
2052	11
2053	11
2054	11
2055	11
2056	11
2057	11
2058	1
2059	1
2060	1
2061	1
2062	1
2063	1
2064	1
2065	1
2066	1
2067	1
2068	5
2069	5
2070	5
2071	5
2072	5
2073	5
2074	5
2075	5
2076	5
2077	5
2078	5
2079	5
2080	5
2081	5
2082	5
2083	5
2084	5
2085	5
2086	5
2087	5
2088	5
2089	9
2090	9
2091	9
2092	9
2093	9
2094	9
2095	9
2096	3
2097	3
2098	3
2099	3
2100	3
2101	3
2102	3
2103	3
2104	3
2105	3
2106	3
2107	3
2108	3
2109	3
2110	3
2111	3
2112	3
2113	10
2114	4
2115	4
2116	4
2117	4
2118	10
2119	10
2120	10
2121	4
2122	10
2123	10
2124	5
2125	4
2126	4
2127	4
2128	4
2129	4
2130	10
2131	4
2132	4
2133	10
2134	4
2135	4
2136	10
2137	10
2138	10
2139	10
2140	10
2141	4
2142	10
2143	10
2144	10
2145	10
2146	10
2147	10
2148	10
2149	10
2150	4
2151	4
2152	4
2153	4
2154	4
2155	4
2156	10
2157	4
2158	4
2159	10
2160	4
2161	4
2162	4
2163	4
2164	4
2165	10
2166	4
2167	10
2168	10
2169	4
2170	4
2171	4
2172	4
2173	4
2174	10
2175	10
2176	10
2177	10
2178	4
2179	4
2180	10
2181	10
2182	4
2183	4
2184	4
2185	4
2186	4
2187	4
2188	10
2189	10
2190	4
2191	10
2192	4
2193	4
2194	10
2195	4
2196	10
2197	10
2198	4
2199	10
2200	4
2201	10
2202	10
2203	4
2204	4
2205	4
2206	4
2207	4
2208	10
2209	4
2210	4
2211	10
2212	4
2213	4
2214	4
2215	10
2216	10
2217	4
2218	4
2219	4
2220	4
2221	4
2222	10
2223	10
2224	4
2225	4
2226	4
2227	4
2228	10
2229	10
2230	4
2231	4
2232	4
2233	10
2234	10
2235	4
2236	10
2237	10
2238	10
2239	4
2240	4
2241	10
2242	10
2243	10
2244	10
2245	10
2246	4
2247	4
2248	4
2249	4
2250	4
2251	4
2252	4
2253	10
2254	10
2255	10
2256	10
2257	4
2258	10
2259	4
2260	4
2261	4
2262	4
2263	4
2264	4
2265	4
2266	10
2267	4
2268	4
2269	10
2270	10
2271	4
2272	4
2273	4
2274	4
2275	4
2276	4
2277	10
2278	10
2279	10
2280	4
2281	4
2282	10
2283	10
2284	5
2285	5
2286	4
2287	4
2288	4
2289	4
2290	4
2291	4
2292	4
2293	4
2294	10
2295	4
2296	4
2297	10
2298	10
2299	10
2300	10
2301	4
2302	10
2303	10
2304	10
2305	4
2306	4
2307	4
2308	4
2309	5
2310	5
2311	5
2312	9
2313	9
2314	9
2315	9
2316	9
2317	9
2318	9
2319	9
2320	9
2321	9
2322	9
2323	9
2324	9
2325	9
2326	9
2327	9
2328	9
2329	9
2330	6
2331	6
2332	6
2333	6
2334	6
2335	6
2336	6
2337	6
2338	6
2339	6
2340	6
2341	6
2342	6
2343	6
2344	6
2345	6
2346	9
2347	9
2348	9
2349	9
2350	9
2351	9
2352	9
2353	9
2354	9
2355	9
2356	9
2357	9
2358	9
2359	9
2360	9
2361	9
2362	9
2363	9
2364	9
2365	9
2366	10
2367	10
2368	10
2369	10
2370	10
2371	10
2372	10
2373	10
2374	10
2375	10
2376	10
2377	10
2378	10
2379	10
2380	10
2381	10
2382	10
2383	10
2384	10
2385	10
2386	10
2387	10
2388	10
2389	10
2390	10
2391	10
2392	10
2393	10
2394	10
2395	10
2396	10
2397	10
2398	10
2399	10
2400	10
2401	10
2402	10
2403	10
2404	10
2405	10
2406	10
2407	10
2408	10
2409	10
2410	10
2411	10
2412	10
2413	10
2414	10
2415	13
2416	13
2417	13
2418	13
2419	13
2420	13
2421	8
2422	13
2423	13
2424	13
2425	8
2426	13
2427	13
2428	13
2429	13
2430	13
2431	13
2432	13
2433	8
2434	13
2435	13
2436	13
2437	13
2438	13
2439	13
2440	13
2441	13
2442	13
2443	13
2444	13
2445	13
2446	13
2447	8
2448	8
2449	8
2450	8
2451	8
2452	8
2453	8
2454	8
2455	8
2456	8
2457	8
2458	8
2459	8
2460	13
2461	13
2462	8
2463	8
2464	8
2465	13
2466	8
2467	8
2468	8
2469	8
2470	8
2471	8
2472	8
2473	8
2474	8
2475	8
2476	8
2477	8
2478	8
2479	8
2480	8
2481	8
2482	8
2483	8
2484	8
2485	8
2486	8
2487	8
2488	8
2489	8
2490	8
2491	8
2492	8
2493	8
2494	8
2495	8
2496	13
2497	13
2498	13
2499	13
2500	8
2501	8
2502	13
2503	13
2504	13
2505	13
2506	13
2507	13
2508	13
2509	13
2510	13
2511	13
2512	13
2513	13
2514	13
2515	8
2516	8
2517	8
2518	8
2519	8
2520	8
2521	8
2522	8
2523	13
2524	13
2525	13
2526	8
2527	8
2528	13
2529	13
2530	13
2531	13
2532	13
2533	13
2534	13
2535	13
2536	13
2537	13
2538	13
2539	13
2540	13
2541	13
2542	13
2543	13
2544	13
2545	13
2546	13
2547	13
2548	13
2549	13
2550	8
2551	13
2552	13
2553	13
2554	13
2555	13
2556	13
2557	13
2558	13
2559	13
2560	13
2561	13
2562	13
2563	13
2564	13
2565	13
2566	13
2567	13
2568	13
2569	13
2570	13
2571	13
2572	13
2573	13
2574	13
2575	8
2576	8
2577	8
2578	8
2579	8
2580	8
2581	13
2582	8
2583	8
2584	8
2585	8
2586	8
2587	13
2588	13
2589	13
2590	13
2591	13
2592	13
2593	13
2594	13
2595	13
2596	13
2597	13
2598	13
2599	13
2600	8
2601	8
2602	13
2603	8
2604	13
2605	13
2606	5
2607	5
2608	5
2609	5
2610	5
2611	5
2612	5
2613	5
2614	5
2615	5
2616	5
2617	5
2618	5
2619	5
2620	5
2621	5
2622	5
2623	5
2624	5
2625	5
2626	5
2627	5
2628	5
2629	5
2630	5
2631	5
2632	5
2633	5
2634	5
2635	5
2636	5
2637	5
2638	5
2639	5
2640	1
2641	1
2642	1
2643	1
2644	1
2645	1
2646	1
2647	8
2648	1
2649	1
2650	1
2651	1
2652	1
2653	1
2654	1
2655	1
2656	1
2657	1
2658	1
2659	1
2660	1
2661	1
2662	1
2663	1
2664	8
2665	1
2666	1
2667	8
2668	1
2669	8
2670	8
2671	1
2672	1
2673	1
2674	1
2675	1
2676	1
2677	1
2678	1
2679	1
2680	8
2681	8
2682	1
2683	1
2684	1
2685	1
2686	1
2687	1
2688	6
2689	6
2690	6
2691	6
315	9
1657	7
