0	8
1	8
2	8
3	8
4	8
5	8
6	8
7	5
8	5
9	5
10	5
11	5
12	5
13	5
14	5
15	5
16	5
17	5
18	5
19	5
20	5
21	10
22	10
23	10
24	10
25	10
26	10
27	10
28	10
29	2
30	2
31	2
32	2
33	2
34	2
35	2
36	2
37	2
38	2
39	2
40	2
41	2
42	2
43	2
44	2
45	2
46	2
47	2
48	2
49	2
50	2
51	2
52	2
53	1
54	1
55	1
56	1
57	1
58	2
59	2
60	2
61	2
62	2
63	2
64	2
65	1
66	1
67	1
68	1
69	1
70	1
71	10
72	10
73	10
74	10
75	2
76	2
77	2
78	2
79	2
80	2
81	2
82	2
83	12
84	4
85	4
86	12
87	12
88	12
89	4
90	4
91	4
92	12
93	12
94	12
95	12
96	5
97	5
98	5
99	5
100	5
101	5
102	5
103	5
104	5
105	5
106	5
107	5
108	5
109	5
110	5
111	5
112	5
113	5
114	5
115	5
116	5
117	5
118	5
119	5
120	5
121	5
122	5
123	5
124	5
125	5
126	5
127	5
128	5
129	13
130	13
131	13
132	13
133	13
134	13
135	13
136	13
137	13
138	13
139	13
140	13
141	13
142	13
143	13
144	13
145	13
146	13
147	13
148	13
149	13
150	13
151	13
152	13
153	13
154	13
155	13
156	13
157	13
158	13
159	13
160	13
161	13
162	13
163	13
164	13
165	13
166	9
167	9
168	9
169	9
170	9
171	9
172	9
173	9
174	9
175	9
176	9
177	9
178	9
179	9
180	9
181	9
182	9
183	8
184	8
185	8
186	8
187	8
188	8
189	8
190	8
191	8
192	8
193	8
194	8
195	8
196	8
197	8
198	8
199	8
200	8
201	8
202	8
203	8
204	8
205	8
206	8
207	8
208	10
209	10
210	10
211	10
212	10
213	10
214	10
215	10
216	10
217	10
218	10
219	10
220	10
221	10
222	10
223	10
224	10
225	10
226	10
227	10
228	10
229	10
230	10
231	10
232	10
233	10
234	10
235	10
236	10
237	10
238	10
239	10
240	10
241	10
242	10
243	10
244	10
245	10
246	10
247	10
248	8
249	8
250	8
251	8
252	8
253	8
254	8
255	8
256	8
257	8
258	8
259	8
260	8
261	10
262	10
263	10
264	10
265	10
266	10
267	10
268	11
269	11
270	11
271	10
272	10
273	10
274	10
275	10
276	10
277	10
278	11
279	11
280	11
281	11
282	11
283	11
284	11
285	11
286	11
287	11
288	11
289	11
290	11
291	11
292	11
293	11
294	11
295	11
296	11
297	11
298	11
299	11
300	11
301	11
302	8
303	8
304	8
305	8
306	13
307	1
308	1
309	13
310	13
311	13
312	1
313	1
314	13
316	2
317	2
318	2
319	2
320	2
321	2
322	2
323	2
324	2
325	2
326	2
327	2
328	2
329	2
330	2
331	1
332	1
333	1
334	1
335	1
336	13
337	2
338	2
339	2
340	1
341	1
342	1
343	1
344	1
345	1
346	1
347	13
348	1
349	1
350	1
351	1
352	1
353	13
354	1
355	1
356	13
357	13
358	13
359	13
360	13
361	13
362	13
363	13
364	13
365	13
366	13
367	13
368	13
369	13
370	1
371	1
372	1
373	13
374	13
375	1
376	13
377	1
378	1
379	1
380	1
381	1
382	1
383	1
384	1
385	1
386	1
387	1
388	13
389	2
390	2
391	2
392	2
393	2
394	1
395	1
396	1
397	13
398	2
399	2
400	2
401	2
402	2
403	10
404	10
405	10
406	13
407	13
408	13
409	5
410	5
411	5
412	5
413	5
414	5
415	5
416	5
417	5
418	5
419	5
420	5
421	5
422	5
423	5
424	5
425	9
426	9
427	9
428	9
429	9
430	9
431	9
432	9
433	5
434	5
435	5
436	5
437	5
438	5
439	5
440	5
441	5
442	5
443	5
444	5
445	5
446	9
447	9
448	9
449	9
450	9
451	5
452	5
453	5
454	9
455	9
456	9
457	5
458	5
459	5
460	5
461	5
462	5
463	9
464	9
465	9
466	9
467	9
468	9
469	9
470	9
471	9
472	9
473	5
474	5
475	11
476	11
477	11
478	11
479	11
480	11
481	11
482	11
483	11
484	10
485	10
486	11
487	11
488	11
489	11
490	11
491	11
492	11
493	11
494	11
495	11
496	11
497	11
498	10
499	11
500	11
501	11
502	10
503	11
504	11
505	11
506	13
507	13
508	10
509	13
510	10
511	10
512	10
513	13
514	13
515	10
516	13
517	13
518	13
519	13
520	10
521	13
522	12
523	12
524	12
525	12
526	8
527	8
528	12
529	12
530	12
531	12
532	12
533	12
534	12
535	12
536	12
537	12
538	8
539	8
540	8
541	8
542	8
543	8
544	8
545	8
546	8
547	8
548	8
549	8
550	8
551	8
552	8
553	8
554	8
555	8
556	8
557	8
558	8
559	10
560	10
561	10
562	10
563	10
564	10
565	8
566	8
567	8
568	8
569	8
570	4
571	4
572	4
573	4
574	4
575	4
576	4
577	4
578	4
579	4
580	4
581	8
582	8
583	8
584	8
585	8
586	8
587	10
588	10
589	10
590	10
591	10
592	10
593	10
594	10
595	10
596	10
597	10
598	10
599	10
600	10
601	10
602	10
603	8
604	8
605	8
606	8
607	8
608	8
609	8
610	8
611	8
612	8
613	8
614	8
615	8
616	8
617	10
618	10
619	10
620	10
621	10
622	10
623	10
624	10
625	10
626	10
627	10
628	10
629	10
630	10
631	10
632	10
633	10
634	10
635	10
636	10
637	10
638	10
639	8
640	8
641	8
642	8
643	8
644	8
645	8
646	8
647	8
648	8
649	8
650	8
651	8
652	8
653	8
654	8
655	8
656	8
657	11
658	9
659	11
660	11
661	6
662	6
663	6
664	6
665	5
666	6
667	6
668	6
669	6
670	10
671	10
672	11
673	11
674	10
675	10
676	11
677	11
678	11
679	11
680	6
681	6
682	6
683	6
684	5
685	6
686	6
687	6
688	6
689	6
690	6
691	6
692	6
693	6
694	6
695	6
696	6
697	10
698	11
699	10
700	10
701	10
702	10
703	10
704	11
705	10
706	11
707	10
708	10
709	11
710	10
711	10
712	10
713	10
714	6
715	6
716	10
717	10
718	10
719	10
720	11
721	10
722	10
723	10
724	10
725	10
726	10
727	10
728	10
729	10
730	10
731	10
732	2
733	2
734	2
735	2
736	2
737	11
738	9
739	9
740	9
741	9
742	9
743	11
744	11
745	2
746	2
747	2
748	2
749	2
750	2
751	2
752	2
753	2
754	2
755	2
756	2
757	2
758	2
759	2
760	2
761	2
762	2
763	2
764	2
765	2
766	11
767	9
768	9
769	9
770	2
771	2
772	9
773	9
774	9
775	9
776	11
777	11
778	9
779	9
780	11
781	9
782	9
783	9
784	9
785	10
786	9
787	11
788	11
789	9
790	11
791	10
792	10
793	10
794	10
795	10
796	10
797	10
798	10
799	10
800	10
801	9
802	11
803	11
804	11
805	10
806	10
807	10
808	11
809	11
810	9
811	3
812	12
813	3
814	3
815	3
816	3
817	3
818	12
819	12
820	12
821	3
822	3
823	3
824	3
825	3
826	3
827	12
828	12
829	12
830	3
831	3
832	3
833	3
834	3
835	3
836	3
837	3
838	3
839	3
840	3
841	3
842	3
843	3
844	3
845	3
846	3
847	12
848	12
849	12
850	12
851	12
852	3
853	3
854	12
855	3
856	12
857	12
858	8
859	8
860	8
861	8
862	8
863	8
864	8
865	8
866	8
867	8
868	8
869	8
870	8
871	3
872	3
873	3
874	3
875	12
876	3
877	3
878	12
879	12
880	12
881	3
882	3
883	3
884	3
885	3
886	3
887	12
888	12
889	12
890	12
891	12
892	12
893	3
894	3
895	3
896	3
897	3
898	12
899	12
900	12
901	12
902	3
903	3
904	3
905	3
906	3
907	12
908	12
909	12
910	12
911	12
912	12
913	12
914	3
915	3
916	3
917	3
918	12
919	12
920	12
921	12
922	12
923	12
924	12
925	3
926	3
927	3
928	3
929	3
930	12
931	12
932	12
933	12
934	12
935	3
936	3
937	3
938	12
939	12
940	12
941	12
942	12
943	12
944	12
945	12
946	3
947	12
948	3
949	12
950	12
951	12
952	12
953	12
954	12
955	12
956	12
957	3
958	3
959	3
960	12
961	12
962	12
963	3
964	3
965	3
966	12
967	12
968	12
969	3
970	3
971	3
972	3
973	3
974	12
975	12
976	3
977	3
978	12
979	12
980	12
981	12
982	3
983	3
984	3
985	9
986	9
987	9
988	9
989	9
990	9
991	9
992	9
993	9
994	9
995	9
996	9
997	9
998	9
999	9
1000	9
1001	9
1002	9
1003	9
1004	9
1005	9
1006	9
1007	3
1008	3
1009	9
1010	3
1011	3
1012	3
1013	3
1014	3
1015	3
1016	3
1017	3
1018	3
1019	3
1020	3
1021	3
1022	3
1023	3
1024	3
1025	3
1026	3
1027	3
1028	3
1029	3
1030	3
1031	3
1032	3
1033	3
1034	3
1035	3
1036	3
1037	3
1038	3
1039	3
1040	3
1041	3
1042	3
1043	3
1044	3
1045	3
1046	3
1047	3
1048	3
1049	3
1050	3
1051	3
1052	3
1053	3
1054	3
1055	3
1056	3
1057	3
1058	3
1059	3
1060	3
1061	3
1062	3
1063	3
1064	3
1065	3
1066	3
1067	3
1068	3
1069	3
1070	3
1071	3
1072	3
1073	3
1074	3
1075	2
1076	2
1077	2
1078	2
1079	2
1080	2
1081	2
1082	2
1083	2
1084	2
1085	2
1086	2
1087	11
1088	11
1089	11
1090	11
1091	11
1092	11
1093	11
1094	10
1095	10
1096	10
1097	10
1098	10
1099	10
1100	10
1101	10
1102	10
1103	10
1104	10
1105	10
1106	10
1107	13
1108	13
1109	13
1110	13
1111	13
1112	13
1113	13
1114	1
1115	13
1116	1
1117	13
1118	1
1119	13
1120	13
1121	13
1122	1
1123	13
1124	1
1125	1
1126	13
1127	13
1128	13
1129	13
1130	13
1131	1
1132	1
1133	1
1134	13
1135	13
1136	1
1137	1
1138	13
1139	1
1140	13
1141	13
1142	13
1143	13
1144	13
1145	13
1146	1
1147	1
1148	13
1149	13
1150	13
1151	13
1152	13
1153	1
1154	7
1155	7
1156	7
1157	7
1158	1
1159	7
1160	7
1161	7
1162	7
1163	1
1164	1
1165	7
1166	1
1167	1
1168	7
1169	3
1170	3
1171	3
1172	3
1173	3
1174	3
1175	3
1176	3
1177	3
1178	3
1179	3
1180	3
1181	3
1182	3
1183	3
1184	3
1185	3
1186	3
1187	3
1188	3
1189	3
1190	3
1191	3
1192	3
1193	3
1194	3
1195	3
1196	3
1197	3
1198	3
1199	3
1200	12
1201	12
1202	12
1203	12
1204	12
1205	12
1206	12
1207	12
1208	12
1209	12
1210	12
1211	12
1212	12
1213	12
1214	12
1215	12
1216	12
1217	12
1218	12
1219	12
1220	12
1221	12
1222	12
1223	12
1224	12
1225	12
1226	12
1227	12
1228	12
1229	12
1230	12
1231	12
1232	12
1233	12
1234	12
1235	12
1236	12
1237	12
1238	12
1239	12
1240	11
1241	11
1242	11
1243	10
1244	11
1245	11
1246	11
1247	11
1248	10
1249	10
1250	10
1251	10
1252	10
1253	2
1254	2
1255	2
1256	2
1257	2
1258	10
1259	10
1260	10
1261	10
1262	11
1263	11
1264	2
1265	2
1266	2
1267	2
1268	2
1269	2
1270	2
1271	2
1272	2
1273	2
1274	2
1275	2
1276	2
1277	2
1278	7
1279	7
1280	7
1281	10
1282	11
1283	11
1284	2
1285	2
1286	2
1287	2
1288	7
1289	7
1290	7
1291	7
1292	7
1293	7
1294	7
1295	7
1296	7
1297	7
1298	7
1299	7
1300	7
1301	7
1302	7
1303	2
1304	2
1305	2
1306	2
1307	2
1308	2
1309	2
1310	2
1311	2
1312	2
1313	2
1314	1
1315	1
1316	1
1317	1
1318	1
1319	1
1320	1
1321	1
1322	1
1323	13
1324	1
1325	13
1326	1
1327	13
1328	13
1329	13
1330	13
1331	13
1332	13
1333	13
1334	1
1335	1
1336	1
1337	13
1338	1
1339	1
1340	1
1341	1
1342	1
1343	1
1344	13
1345	1
1346	2
1347	2
1348	2
1349	2
1350	2
1351	2
1352	2
1353	2
1354	2
1355	2
1356	2
1357	2
1358	2
1359	2
1360	2
1361	2
1362	2
1363	13
1364	13
1365	13
1366	13
1367	13
1368	13
1369	13
1370	13
1371	13
1372	13
1373	13
1374	13
1375	13
1376	13
1377	13
1378	13
1379	13
1380	13
1381	7
1382	7
1383	7
1384	7
1385	7
1386	7
1387	7
1388	7
1389	7
1390	7
1391	7
1392	7
1393	7
1394	7
1395	7
1396	7
1397	2
1398	2
1399	2
1400	2
1401	2
1402	2
1403	2
1404	2
1405	2
1406	2
1407	2
1408	2
1409	2
1410	2
1411	2
1412	2
1413	2
1414	2
1415	2
1416	2
1417	2
1418	2
1419	2
1420	2
1421	2
1422	2
1423	2
1424	2
1425	2
1426	2
1427	2
1428	12
1429	12
1430	12
1431	12
1432	12
1433	12
1434	12
1435	12
1436	12
1437	12
1438	12
1439	12
1440	12
1441	5
1442	5
1443	5
1444	5
1445	5
1446	5
1447	5
1448	5
1449	5
1450	5
1451	5
1452	5
1453	5
1454	5
1455	12
1456	12
1457	12
1458	12
1459	12
1460	12
1461	12
1462	12
1463	12
1464	12
1465	10
1466	10
1467	13
1468	13
1469	13
1470	10
1471	10
1472	10
1473	13
1474	10
1475	10
1476	13
1477	10
1478	13
1479	10
1480	13
1481	13
1482	10
1483	10
1484	13
1485	10
1486	10
1487	13
1488	10
1489	2
1490	2
1491	2
1492	2
1493	2
1494	2
1495	2
1496	2
1497	2
1498	2
1499	2
1500	2
1501	8
1502	8
1503	8
1504	8
1505	8
1506	8
1507	8
1508	8
1509	8
1510	8
1511	8
1512	8
1513	8
1514	8
1515	8
1516	8
1517	8
1518	8
1519	8
1520	8
1521	8
1522	8
1523	8
1524	8
1525	8
1526	8
1527	8
1528	8
1529	9
1530	9
1531	9
1532	9
1533	9
1534	9
1535	9
1536	9
1537	9
1538	9
1539	9
1540	9
1541	9
1542	9
1543	9
1544	9
1545	9
1546	9
1547	9
1548	9
1549	9
1550	9
1551	9
1552	12
1553	12
1554	12
1555	13
1556	12
1557	13
1558	12
1559	12
1560	12
1561	12
1562	12
1563	12
1564	12
1565	12
1566	13
1567	12
1568	12
1569	12
1570	12
1571	12
1572	12
1573	12
1574	12
1575	12
1576	2
1577	2
1578	2
1579	2
1580	2
1581	2
1582	2
1583	2
1584	2
1585	2
1586	2
1587	2
1588	2
1589	2
1590	2
1591	2
1592	2
1593	2
1594	2
1595	2
1596	2
1597	2
1598	2
1599	2
1600	2
1601	2
1602	4
1603	4
1604	4
1605	4
1606	4
1607	4
1608	4
1609	4
1610	4
1611	4
1612	4
1613	4
1614	4
1615	4
1616	4
1617	4
1618	10
1619	10
1620	10
1621	10
1622	10
1623	10
1624	10
1625	10
1626	10
1627	10
1628	10
1629	12
1630	12
1631	12
1632	5
1633	12
1634	12
1635	12
1636	12
1637	12
1638	12
1639	12
1640	12
1641	12
1642	12
1643	12
1644	10
1645	10
1646	10
1647	10
1648	10
1649	12
1650	12
1651	12
1652	12
1653	12
1654	12
1655	12
1656	12
1658	12
1659	12
1660	12
1661	12
1662	12
1663	12
1664	12
1665	12
1666	12
1667	5
1668	5
1669	12
1670	12
1671	12
1672	12
1673	10
1674	12
1675	12
1676	12
1677	10
1678	11
1679	11
1680	11
1681	11
1682	11
1683	11
1684	11
1685	5
1686	5
1687	5
1688	5
1689	5
1690	5
1691	5
1692	5
1693	5
1694	5
1695	5
1696	5
1697	5
1698	5
1699	5
1700	5
1701	5
1702	5
1703	6
1704	6
1705	5
1706	5
1707	5
1708	5
1709	5
1710	5
1711	5
1712	5
1713	10
1714	10
1715	10
1716	10
1717	10
1718	10
1719	10
1720	10
1721	10
1722	10
1723	10
1724	10
1725	5
1726	5
1727	5
1728	10
1729	5
1730	5
1731	5
1732	5
1733	5
1734	5
1735	5
1736	5
1737	5
1738	5
1739	5
1740	5
1741	5
1742	8
1743	8
1744	6
1745	8
1746	8
1747	6
1748	8
1749	6
1750	8
1751	8
1752	8
1753	8
1754	8
1755	8
1756	6
1757	10
1758	10
1759	10
1760	10
1761	8
1762	8
1763	8
1764	6
1765	8
1766	8
1767	6
1768	8
1769	6
1770	8
1771	8
1772	8
1773	8
1774	10
1775	10
1776	10
1777	10
1778	10
1779	10
1780	10
1781	10
1782	10
1783	10
1784	10
1785	10
1786	10
1787	6
1788	8
1789	8
1790	8
1791	6
1792	8
1793	8
1794	8
1795	10
1796	10
1797	10
1798	10
1799	8
1800	8
1801	8
1802	8
1803	8
1804	6
1805	8
1806	6
1807	8
1808	8
1809	5
1810	5
1811	5
1812	5
1813	5
1814	5
1815	5
1816	5
1817	5
1818	5
1819	5
1820	5
1821	5
1822	5
1823	5
1824	5
1825	5
1826	5
1827	5
1828	5
1829	5
1830	10
1831	10
1832	10
1833	10
1834	10
1835	5
1836	5
1837	10
1838	5
1839	5
1840	13
1841	13
1842	13
1843	13
1844	13
1845	5
1846	5
1847	5
1848	5
1849	5
1850	5
1851	5
1852	5
1853	5
1854	5
1855	5
1856	5
1857	10
1858	10
1859	10
1860	10
1861	10
1862	10
1863	5
1864	5
1865	5
1866	5
1867	5
1868	5
1869	5
1870	5
1871	5
1872	11
1873	11
1874	11
1875	11
1876	11
1877	11
1878	11
1879	11
1880	11
1881	11
1882	11
1883	11
1884	11
1885	11
1886	11
1887	11
1888	11
1889	11
1890	11
1891	11
1892	11
1893	11
1894	11
1895	8
1896	8
1897	8
1898	1
1899	1
1900	1
1901	1
1902	1
1903	1
1904	2
1905	2
1906	2
1907	2
1908	2
1909	8
1910	2
1911	8
1912	2
1913	2
1914	2
1915	2
1916	1
1917	1
1918	1
1919	1
1920	1
1921	1
1922	1
1923	1
1924	2
1925	2
1926	2
1927	2
1928	2
1929	2
1930	2
1931	2
1932	2
1933	2
1934	2
1935	2
1936	2
1937	2
1938	2
1939	2
1940	2
1941	8
1942	2
1943	2
1944	2
1945	2
1946	2
1947	2
1948	2
1949	2
1950	2
1951	2
1952	2
1953	2
1954	2
1955	2
1956	8
1957	8
1958	2
1959	2
1960	2
1961	2
1962	8
1963	2
1964	8
1965	2
1966	2
1967	2
1968	2
1969	2
1970	8
1971	2
1972	8
1973	2
1974	8
1975	2
1976	4
1977	9
1978	4
1979	9
1980	4
1981	9
1982	9
1983	4
1984	9
1985	9
1986	9
1987	4
1988	4
1989	4
1990	4
1991	9
1992	4
1993	4
1994	4
1995	9
1996	4
1997	4
1998	4
1999	4
2000	4
2001	4
2002	4
2003	4
2004	4
2005	4
2006	4
2007	4
2008	4
2009	9
2010	4
2011	9
2012	9
2013	4
2014	4
2015	4
2016	4
2017	11
2018	11
2019	11
2020	11
2021	11
2022	11
2023	11
2024	11
2025	11
2026	11
2027	11
2028	11
2029	11
2030	9
2031	9
2032	9
2033	9
2034	11
2035	11
2036	11
2037	11
2038	10
2039	10
2040	10
2041	10
2042	10
2043	11
2044	11
2045	11
2046	11
2047	11
2048	10
2049	10
2050	11
2051	11
2052	11
2053	11
2054	11
2055	11
2056	11
2057	11
2058	4
2059	4
2060	4
2061	4
2062	4
2063	4
2064	4
2065	4
2066	4
2067	4
2068	11
2069	11
2070	11
2071	11
2072	11
2073	10
2074	11
2075	11
2076	11
2077	10
2078	10
2079	11
2080	10
2081	11
2082	11
2083	11
2084	11
2085	11
2086	11
2087	11
2088	11
2089	2
2090	2
2091	2
2092	2
2093	2
2094	2
2095	2
2096	8
2097	8
2098	8
2099	8
2100	8
2101	8
2102	8
2103	8
2104	8
2105	8
2106	8
2107	8
2108	8
2109	8
2110	8
2111	8
2112	8
2113	4
2114	6
2115	6
2116	6
2117	6
2118	4
2119	4
2120	6
2121	6
2122	4
2123	4
2124	11
2125	6
2126	6
2127	6
2128	6
2129	6
2130	4
2131	6
2132	6
2133	4
2134	6
2135	6
2136	4
2137	4
2138	4
2139	4
2140	4
2141	4
2142	4
2143	4
2144	4
2145	4
2146	4
2147	4
2148	4
2149	4
2150	6
2151	6
2152	6
2153	6
2154	4
2155	4
2156	4
2157	4
2158	6
2159	4
2160	6
2161	6
2162	6
2163	6
2164	6
2165	6
2166	6
2167	4
2168	4
2169	6
2170	6
2171	4
2172	6
2173	6
2174	4
2175	4
2176	4
2177	4
2178	6
2179	6
2180	6
2181	6
2182	6
2183	6
2184	6
2185	6
2186	6
2187	6
2188	4
2189	6
2190	6
2191	6
2192	6
2193	6
2194	4
2195	4
2196	4
2197	4
2198	6
2199	4
2200	6
2201	4
2202	4
2203	4
2204	6
2205	6
2206	6
2207	6
2208	6
2209	6
2210	6
2211	4
2212	4
2213	6
2214	6
2215	4
2216	4
2217	6
2218	6
2219	6
2220	6
2221	6
2222	4
2223	4
2224	6
2225	6
2226	6
2227	6
2228	4
2229	4
2230	6
2231	6
2232	6
2233	4
2234	4
2235	6
2236	4
2237	4
2238	4
2239	6
2240	6
2241	4
2242	4
2243	4
2244	4
2245	4
2246	6
2247	6
2248	6
2249	6
2250	6
2251	6
2252	6
2253	4
2254	4
2255	4
2256	6
2257	6
2258	6
2259	6
2260	6
2261	6
2262	6
2263	6
2264	6
2265	6
2266	4
2267	6
2268	6
2269	4
2270	4
2271	6
2272	6
2273	4
2274	6
2275	6
2276	6
2277	4
2278	4
2279	4
2280	6
2281	6
2282	4
2283	4
2284	11
2285	11
2286	4
2287	4
2288	6
2289	6
2290	6
2291	6
2292	6
2293	6
2294	6
2295	6
2296	6
2297	4
2298	4
2299	4
2300	4
2301	6
2302	4
2303	4
2304	4
2305	6
2306	6
2307	6
2308	6
2309	11
2310	11
2311	11
2312	3
2313	3
2314	3
2315	3
2316	3
2317	3
2318	3
2319	3
2320	3
2321	3
2322	3
2323	3
2324	3
2325	3
2326	3
2327	3
2328	3
2329	3
2330	8
2331	8
2332	8
2333	8
2334	8
2335	8
2336	8
2337	8
2338	8
2339	8
2340	8
2341	8
2342	8
2343	8
2344	8
2345	8
2346	3
2347	3
2348	3
2349	3
2350	3
2351	3
2352	3
2353	3
2354	3
2355	3
2356	3
2357	3
2358	3
2359	3
2360	3
2361	3
2362	3
2363	3
2364	3
2365	3
2366	4
2367	4
2368	4
2369	4
2370	4
2371	4
2372	4
2373	4
2374	4
2375	4
2376	4
2377	4
2378	4
2379	4
2380	4
2381	4
2382	4
2383	4
2384	4
2385	4
2386	4
2387	4
2388	4
2389	4
2390	4
2391	4
2392	4
2393	4
2394	4
2395	4
2396	4
2397	4
2398	4
2399	4
2400	4
2401	4
2402	4
2403	4
2404	4
2405	4
2406	4
2407	4
2408	4
2409	4
2410	4
2411	4
2412	4
2413	4
2414	4
2415	1
2416	1
2417	1
2418	1
2419	7
2420	7
2421	7
2422	7
2423	1
2424	1
2425	1
2426	7
2427	7
2428	7
2429	7
2430	7
2431	7
2432	7
2433	7
2434	7
2435	1
2436	1
2437	7
2438	7
2439	7
2440	7
2441	7
2442	7
2443	7
2444	1
2445	7
2446	7
2447	7
2448	1
2449	1
2450	7
2451	1
2452	1
2453	1
2454	1
2455	1
2456	1
2457	1
2458	1
2459	1
2460	7
2461	7
2462	1
2463	1
2464	1
2465	7
2466	7
2467	1
2468	7
2469	1
2470	1
2471	1
2472	7
2473	7
2474	7
2475	1
2476	1
2477	1
2478	1
2479	1
2480	7
2481	1
2482	7
2483	7
2484	1
2485	1
2486	1
2487	1
2488	1
2489	1
2490	1
2491	1
2492	1
2493	1
2494	1
2495	1
2496	7
2497	7
2498	7
2499	7
2500	1
2501	1
2502	7
2503	1
2504	7
2505	7
2506	1
2507	1
2508	7
2509	7
2510	7
2511	7
2512	7
2513	7
2514	7
2515	7
2516	7
2517	7
2518	7
2519	7
2520	7
2521	7
2522	7
2523	7
2524	7
2525	7
2526	7
2527	7
2528	7
2529	7
2530	7
2531	7
2532	7
2533	7
2534	7
2535	7
2536	7
2537	7
2538	7
2539	7
2540	7
2541	7
2542	7
2543	7
2544	7
2545	7
2546	7
2547	7
2548	7
2549	7
2550	7
2551	7
2552	7
2553	7
2554	7
2555	7
2556	7
2557	7
2558	7
2559	1
2560	7
2561	7
2562	7
2563	7
2564	7
2565	7
2566	7
2567	7
2568	7
2569	7
2570	7
2571	7
2572	7
2573	7
2574	7
2575	1
2576	1
2577	7
2578	7
2579	7
2580	7
2581	7
2582	7
2583	1
2584	7
2585	1
2586	1
2587	7
2588	7
2589	7
2590	7
2591	7
2592	7
2593	7
2594	1
2595	1
2596	1
2597	1
2598	1
2599	1
2600	7
2601	7
2602	7
2603	7
2604	7
2605	7
2606	11
2607	11
2608	11
2609	11
2610	11
2611	11
2612	11
2613	11
2614	11
2615	11
2616	11
2617	11
2618	11
2619	11
2620	11
2621	11
2622	11
2623	11
2624	11
2625	11
2626	11
2627	11
2628	11
2629	11
2630	11
2631	11
2632	11
2633	11
2634	11
2635	11
2636	11
2637	11
2638	11
2639	11
2640	9
2641	9
2642	9
2643	9
2644	9
2645	9
2646	9
2647	9
2648	9
2649	9
2650	9
2651	9
2652	9
2653	9
2654	9
2655	9
2656	9
2657	9
2658	9
2659	9
2660	9
2661	9
2662	9
2663	9
2664	9
2665	9
2666	9
2667	9
2668	9
2669	9
2670	9
2671	9
2672	9
2673	9
2674	9
2675	9
2676	9
2677	9
2678	9
2679	9
2680	9
2681	9
2682	9
2683	9
2684	9
2685	9
2686	9
2687	9
2688	8
2689	8
2690	8
2691	8
315	2
1657	12
