0	2
1	2
2	2
3	2
4	2
5	2
6	2
7	7
8	7
9	7
10	7
11	7
12	7
13	7
14	7
15	7
16	7
17	7
18	7
19	7
20	7
21	6
22	6
23	6
24	6
25	6
26	6
27	6
28	6
29	1
30	1
31	1
32	1
33	1
34	1
35	1
36	1
37	1
38	1
39	1
40	1
41	1
42	1
43	1
44	1
45	1
46	1
47	1
48	1
49	1
50	1
51	1
52	1
53	11
54	11
55	11
56	11
57	11
58	1
59	1
60	1
61	1
62	1
63	1
64	1
65	11
66	11
67	11
68	11
69	11
70	11
71	6
72	6
73	6
74	6
75	1
76	1
77	1
78	1
79	1
80	1
81	1
82	1
83	10
84	10
85	10
86	10
87	9
88	10
89	10
90	9
91	10
92	10
93	10
94	10
95	10
96	7
97	7
98	7
99	7
100	7
101	7
102	7
103	7
104	7
105	7
106	7
107	7
108	7
109	7
110	7
111	7
112	7
113	7
114	7
115	7
116	7
117	7
118	7
119	7
120	7
121	7
122	7
123	7
124	7
125	7
126	7
127	7
128	7
129	4
130	4
131	4
132	4
133	4
134	4
135	4
136	4
137	4
138	4
139	4
140	4
141	4
142	4
143	4
144	4
145	4
146	4
147	4
148	4
149	4
150	4
151	4
152	4
153	4
154	4
155	4
156	4
157	4
158	4
159	4
160	4
161	4
162	4
163	4
164	4
165	4
166	4
167	4
168	4
169	4
170	4
171	4
172	4
173	4
174	4
175	4
176	4
177	4
178	4
179	4
180	4
181	4
182	4
183	1
184	1
185	1
186	1
187	1
188	1
189	1
190	1
191	1
192	1
193	1
194	1
195	1
196	1
197	1
198	1
199	1
200	1
201	1
202	1
203	1
204	1
205	1
206	1
207	1
208	6
209	6
210	6
211	6
212	6
213	6
214	6
215	6
216	6
217	6
218	6
219	6
220	6
221	6
222	6
223	6
224	6
225	6
226	6
227	6
228	6
229	6
230	6
231	6
232	6
233	6
234	6
235	6
236	6
237	6
238	6
239	6
240	6
241	6
242	6
243	6
244	6
245	6
246	6
247	6
248	1
249	1
250	1
251	1
252	1
253	1
254	1
255	1
256	1
257	1
258	1
259	1
260	1
261	13
262	13
263	13
264	13
265	13
266	13
267	13
268	13
269	13
270	13
271	13
272	13
273	13
274	13
275	13
276	13
277	13
278	13
279	13
280	13
281	13
282	13
283	13
284	13
285	13
286	13
287	13
288	13
289	13
290	13
291	13
292	13
293	13
294	13
295	13
296	13
297	13
298	13
299	13
300	13
301	13
302	1
303	1
304	1
305	1
306	11
307	9
308	11
309	9
310	9
311	9
312	11
313	11
314	9
316	5
317	5
318	5
319	5
320	5
321	5
322	5
323	5
324	5
325	5
326	5
327	5
328	5
329	5
330	5
331	11
332	11
333	11
334	9
335	11
336	9
337	5
338	5
339	5
340	11
341	11
342	9
343	9
344	11
345	11
346	11
347	11
348	11
349	11
350	9
351	11
352	11
353	9
354	11
355	11
356	9
357	9
358	9
359	9
360	9
361	9
362	9
363	9
364	9
365	9
366	9
367	9
368	9
369	9
370	11
371	11
372	9
373	9
374	9
375	9
376	9
377	9
378	9
379	9
380	9
381	11
382	11
383	11
384	11
385	11
386	9
387	11
388	11
389	5
390	5
391	5
392	5
393	5
394	9
395	9
396	11
397	9
398	5
399	5
400	5
401	5
402	5
403	6
404	6
405	6
406	6
407	6
408	6
409	2
410	2
411	2
412	2
413	2
414	2
415	2
416	5
417	2
418	5
419	5
420	2
421	5
422	2
423	5
424	2
425	4
426	4
427	4
428	4
429	4
430	4
431	4
432	4
433	5
434	2
435	2
436	5
437	5
438	2
439	2
440	2
441	2
442	5
443	2
444	5
445	2
446	4
447	4
448	4
449	4
450	4
451	2
452	2
453	2
454	4
455	4
456	4
457	2
458	2
459	2
460	2
461	2
462	2
463	4
464	4
465	4
466	4
467	4
468	4
469	4
470	4
471	4
472	4
473	5
474	2
475	13
476	13
477	4
478	4
479	4
480	4
481	4
482	4
483	4
484	6
485	6
486	4
487	4
488	4
489	13
490	13
491	13
492	13
493	13
494	13
495	4
496	4
497	4
498	6
499	4
500	4
501	4
502	6
503	4
504	4
505	4
506	6
507	6
508	6
509	6
510	6
511	6
512	6
513	6
514	6
515	6
516	6
517	6
518	6
519	6
520	6
521	6
522	10
523	10
524	10
525	10
526	2
527	2
528	10
529	10
530	10
531	10
532	10
533	10
534	10
535	10
536	10
537	10
538	2
539	2
540	2
541	2
542	2
543	2
544	2
545	2
546	2
547	2
548	2
549	2
550	2
551	2
552	2
553	2
554	2
555	2
556	2
557	2
558	2
559	6
560	6
561	13
562	6
563	6
564	6
565	2
566	2
567	2
568	2
569	2
570	10
571	10
572	10
573	10
574	10
575	10
576	10
577	10
578	10
579	10
580	10
581	2
582	2
583	2
584	2
585	2
586	2
587	13
588	6
589	6
590	6
591	6
592	6
593	6
594	6
595	6
596	13
597	6
598	6
599	6
600	6
601	6
602	6
603	1
604	1
605	1
606	1
607	1
608	1
609	1
610	1
611	1
612	1
613	1
614	1
615	1
616	1
617	6
618	6
619	6
620	13
621	6
622	13
623	13
624	13
625	6
626	13
627	13
628	6
629	6
630	6
631	6
632	6
633	6
634	13
635	6
636	6
637	13
638	13
639	1
640	2
641	1
642	2
643	1
644	2
645	2
646	2
647	2
648	2
649	2
650	2
651	2
652	2
653	1
654	1
655	1
656	2
657	13
658	4
659	13
660	13
661	2
662	2
663	2
664	2
665	2
666	2
667	2
668	2
669	2
670	4
671	4
672	4
673	4
674	4
675	4
676	4
677	4
678	4
679	4
680	2
681	2
682	2
683	2
684	2
685	2
686	2
687	2
688	2
689	2
690	2
691	2
692	2
693	2
694	2
695	2
696	2
697	4
698	4
699	4
700	4
701	4
702	4
703	4
704	4
705	4
706	4
707	4
708	4
709	4
710	4
711	4
712	4
713	4
714	2
715	2
716	13
717	13
718	4
719	4
720	4
721	13
722	13
723	13
724	13
725	13
726	13
727	13
728	13
729	13
730	13
731	13
732	5
733	5
734	5
735	5
736	5
737	4
738	4
739	4
740	4
741	4
742	4
743	13
744	13
745	5
746	5
747	5
748	5
749	5
750	5
751	5
752	5
753	5
754	5
755	5
756	5
757	5
758	5
759	5
760	5
761	5
762	5
763	5
764	5
765	5
766	13
767	4
768	4
769	4
770	5
771	5
772	4
773	13
774	4
775	4
776	13
777	13
778	4
779	4
780	13
781	4
782	13
783	4
784	4
785	6
786	4
787	13
788	13
789	4
790	13
791	6
792	6
793	6
794	6
795	6
796	6
797	6
798	6
799	6
800	6
801	4
802	13
803	13
804	13
805	6
806	6
807	6
808	13
809	13
810	4
811	8
812	8
813	8
814	8
815	8
816	8
817	8
818	8
819	8
820	8
821	8
822	8
823	8
824	8
825	8
826	8
827	8
828	8
829	5
830	8
831	8
832	8
833	8
834	8
835	8
836	8
837	8
838	8
839	8
840	8
841	8
842	8
843	8
844	8
845	8
846	8
847	5
848	8
849	8
850	8
851	8
852	8
853	8
854	8
855	8
856	8
857	8
858	1
859	1
860	1
861	1
862	1
863	1
864	1
865	1
866	1
867	1
868	1
869	1
870	1
871	8
872	8
873	8
874	8
875	8
876	8
877	8
878	8
879	8
880	8
881	8
882	8
883	8
884	8
885	8
886	8
887	8
888	8
889	8
890	8
891	8
892	8
893	8
894	8
895	8
896	8
897	8
898	8
899	8
900	8
901	8
902	8
903	8
904	8
905	8
906	8
907	8
908	8
909	8
910	8
911	8
912	8
913	8
914	8
915	8
916	8
917	8
918	8
919	8
920	8
921	8
922	8
923	8
924	8
925	8
926	8
927	8
928	8
929	8
930	5
931	5
932	8
933	8
934	8
935	8
936	8
937	8
938	8
939	8
940	8
941	8
942	5
943	8
944	8
945	8
946	8
947	8
948	8
949	5
950	8
951	8
952	8
953	8
954	8
955	8
956	8
957	8
958	8
959	8
960	8
961	8
962	8
963	8
964	8
965	8
966	8
967	8
968	8
969	8
970	8
971	8
972	8
973	8
974	8
975	5
976	8
977	8
978	8
979	8
980	8
981	8
982	5
983	5
984	5
985	4
986	9
987	4
988	4
989	4
990	4
991	4
992	4
993	4
994	4
995	4
996	9
997	4
998	4
999	4
1000	4
1001	4
1002	4
1003	4
1004	4
1005	9
1006	9
1007	5
1008	5
1009	4
1010	5
1011	5
1012	5
1013	5
1014	5
1015	5
1016	5
1017	5
1018	5
1019	5
1020	5
1021	5
1022	5
1023	5
1024	5
1025	5
1026	5
1027	5
1028	5
1029	5
1030	5
1031	5
1032	5
1033	5
1034	5
1035	5
1036	5
1037	5
1038	5
1039	5
1040	5
1041	5
1042	5
1043	5
1044	5
1045	5
1046	5
1047	5
1048	5
1049	5
1050	5
1051	5
1052	5
1053	5
1054	5
1055	5
1056	5
1057	5
1058	5
1059	5
1060	5
1061	5
1062	5
1063	5
1064	5
1065	5
1066	5
1067	5
1068	5
1069	5
1070	5
1071	5
1072	5
1073	5
1074	5
1075	1
1076	1
1077	1
1078	1
1079	1
1080	1
1081	1
1082	1
1083	1
1084	1
1085	1
1086	1
1087	13
1088	13
1089	13
1090	13
1091	13
1092	13
1093	13
1094	6
1095	6
1096	6
1097	6
1098	6
1099	6
1100	6
1101	6
1102	6
1103	6
1104	6
1105	6
1106	6
1107	11
1108	11
1109	11
1110	11
1111	11
1112	11
1113	11
1114	11
1115	11
1116	11
1117	11
1118	11
1119	11
1120	11
1121	11
1122	11
1123	11
1124	11
1125	11
1126	11
1127	11
1128	11
1129	11
1130	11
1131	11
1132	11
1133	11
1134	11
1135	11
1136	11
1137	11
1138	11
1139	11
1140	11
1141	11
1142	11
1143	11
1144	11
1145	11
1146	11
1147	11
1148	11
1149	11
1150	11
1151	11
1152	11
1153	11
1154	6
1155	6
1156	6
1157	6
1158	6
1159	6
1160	6
1161	6
1162	3
1163	6
1164	6
1165	3
1166	6
1167	6
1168	6
1169	5
1170	5
1171	5
1172	5
1173	5
1174	5
1175	5
1176	5
1177	5
1178	5
1179	5
1180	5
1181	5
1182	5
1183	5
1184	5
1185	5
1186	5
1187	5
1188	5
1189	5
1190	5
1191	5
1192	5
1193	5
1194	5
1195	5
1196	5
1197	5
1198	5
1199	5
1200	10
1201	10
1202	10
1203	10
1204	8
1205	10
1206	10
1207	10
1208	10
1209	10
1210	10
1211	10
1212	10
1213	10
1214	10
1215	10
1216	10
1217	8
1218	10
1219	10
1220	10
1221	10
1222	10
1223	10
1224	10
1225	10
1226	10
1227	8
1228	8
1229	10
1230	8
1231	10
1232	10
1233	10
1234	10
1235	8
1236	10
1237	10
1238	10
1239	10
1240	13
1241	13
1242	6
1243	6
1244	6
1245	13
1246	6
1247	6
1248	6
1249	6
1250	6
1251	6
1252	6
1253	1
1254	1
1255	1
1256	1
1257	1
1258	6
1259	6
1260	6
1261	6
1262	6
1263	13
1264	1
1265	1
1266	1
1267	1
1268	1
1269	1
1270	1
1271	1
1272	1
1273	1
1274	1
1275	1
1276	1
1277	1
1278	6
1279	6
1280	6
1281	6
1282	13
1283	13
1284	1
1285	1
1286	1
1287	1
1288	3
1289	3
1290	3
1291	3
1292	3
1293	3
1294	3
1295	3
1296	3
1297	3
1298	6
1299	3
1300	3
1301	3
1302	3
1303	1
1304	1
1305	1
1306	1
1307	1
1308	1
1309	1
1310	1
1311	1
1312	1
1313	1
1314	11
1315	11
1316	11
1317	11
1318	11
1319	11
1320	11
1321	11
1322	11
1323	11
1324	11
1325	11
1326	11
1327	11
1328	11
1329	11
1330	11
1331	11
1332	11
1333	11
1334	11
1335	11
1336	11
1337	11
1338	11
1339	11
1340	11
1341	11
1342	11
1343	11
1344	11
1345	11
1346	1
1347	1
1348	1
1349	1
1350	1
1351	1
1352	1
1353	1
1354	1
1355	1
1356	1
1357	1
1358	1
1359	1
1360	1
1361	1
1362	1
1363	9
1364	9
1365	9
1366	9
1367	9
1368	9
1369	9
1370	9
1371	9
1372	9
1373	9
1374	9
1375	9
1376	9
1377	9
1378	9
1379	9
1380	9
1381	6
1382	6
1383	6
1384	6
1385	6
1386	6
1387	6
1388	6
1389	6
1390	6
1391	6
1392	6
1393	6
1394	6
1395	6
1396	6
1397	1
1398	1
1399	1
1400	1
1401	1
1402	1
1403	1
1404	1
1405	1
1406	1
1407	1
1408	1
1409	1
1410	1
1411	1
1412	1
1413	1
1414	1
1415	1
1416	1
1417	1
1418	1
1419	1
1420	1
1421	1
1422	1
1423	1
1424	1
1425	1
1426	1
1427	1
1428	10
1429	10
1430	10
1431	10
1432	10
1433	10
1434	10
1435	10
1436	10
1437	10
1438	10
1439	10
1440	10
1441	7
1442	7
1443	7
1444	7
1445	7
1446	7
1447	7
1448	7
1449	7
1450	7
1451	7
1452	7
1453	7
1454	7
1455	10
1456	10
1457	10
1458	10
1459	10
1460	10
1461	10
1462	10
1463	10
1464	10
1465	6
1466	6
1467	6
1468	6
1469	6
1470	6
1471	6
1472	6
1473	6
1474	6
1475	6
1476	6
1477	6
1478	6
1479	6
1480	6
1481	6
1482	6
1483	6
1484	6
1485	6
1486	6
1487	6
1488	6
1489	5
1490	5
1491	5
1492	5
1493	5
1494	5
1495	5
1496	5
1497	5
1498	5
1499	5
1500	5
1501	2
1502	2
1503	2
1504	2
1505	2
1506	2
1507	2
1508	2
1509	2
1510	2
1511	2
1512	2
1513	2
1514	2
1515	2
1516	2
1517	2
1518	2
1519	2
1520	2
1521	2
1522	2
1523	2
1524	2
1525	2
1526	2
1527	2
1528	2
1529	4
1530	4
1531	4
1532	4
1533	4
1534	4
1535	4
1536	4
1537	4
1538	4
1539	4
1540	4
1541	4
1542	4
1543	4
1544	4
1545	4
1546	4
1547	4
1548	4
1549	4
1550	4
1551	4
1552	9
1553	10
1554	10
1555	9
1556	10
1557	9
1558	10
1559	10
1560	9
1561	10
1562	10
1563	10
1564	10
1565	10
1566	9
1567	10
1568	10
1569	10
1570	10
1571	9
1572	10
1573	9
1574	10
1575	9
1576	5
1577	5
1578	5
1579	5
1580	5
1581	5
1582	5
1583	5
1584	5
1585	5
1586	5
1587	5
1588	5
1589	5
1590	5
1591	5
1592	5
1593	1
1594	1
1595	1
1596	1
1597	1
1598	1
1599	1
1600	1
1601	1
1602	10
1603	10
1604	10
1605	10
1606	10
1607	10
1608	10
1609	10
1610	10
1611	10
1612	10
1613	10
1614	10
1615	10
1616	10
1617	10
1618	6
1619	6
1620	6
1621	6
1622	6
1623	6
1624	6
1625	6
1626	6
1627	6
1628	6
1629	8
1630	8
1631	8
1632	8
1633	8
1634	8
1635	8
1636	8
1637	8
1638	8
1639	8
1640	8
1641	8
1642	8
1643	8
1644	6
1645	6
1646	6
1647	6
1648	6
1649	8
1650	8
1651	8
1652	8
1653	8
1654	8
1655	8
1656	8
1658	8
1659	8
1660	8
1661	8
1662	8
1663	8
1664	8
1665	8
1666	8
1667	7
1668	7
1669	8
1670	8
1671	8
1672	8
1673	6
1674	8
1675	8
1676	8
1677	6
1678	13
1679	13
1680	13
1681	13
1682	13
1683	13
1684	13
1685	5
1686	5
1687	5
1688	5
1689	5
1690	5
1691	5
1692	5
1693	5
1694	5
1695	5
1696	5
1697	5
1698	5
1699	5
1700	5
1701	7
1702	7
1703	7
1704	7
1705	7
1706	7
1707	7
1708	7
1709	7
1710	7
1711	7
1712	7
1713	6
1714	6
1715	6
1716	6
1717	6
1718	6
1719	6
1720	6
1721	6
1722	6
1723	6
1724	6
1725	7
1726	7
1727	7
1728	6
1729	7
1730	7
1731	7
1732	7
1733	7
1734	7
1735	7
1736	7
1737	7
1738	7
1739	7
1740	7
1741	7
1742	2
1743	2
1744	12
1745	2
1746	2
1747	2
1748	2
1749	2
1750	2
1751	2
1752	2
1753	2
1754	2
1755	2
1756	2
1757	6
1758	6
1759	6
1760	6
1761	2
1762	2
1763	2
1764	2
1765	2
1766	2
1767	2
1768	2
1769	2
1770	2
1771	2
1772	2
1773	2
1774	6
1775	6
1776	6
1777	6
1778	6
1779	6
1780	6
1781	6
1782	6
1783	6
1784	6
1785	6
1786	6
1787	2
1788	2
1789	2
1790	2
1791	2
1792	2
1793	2
1794	2
1795	6
1796	6
1797	6
1798	6
1799	2
1800	2
1801	2
1802	2
1803	12
1804	12
1805	2
1806	12
1807	2
1808	12
1809	7
1810	7
1811	7
1812	7
1813	7
1814	7
1815	7
1816	7
1817	7
1818	7
1819	7
1820	7
1821	7
1822	7
1823	7
1824	7
1825	7
1826	7
1827	7
1828	7
1829	7
1830	13
1831	13
1832	13
1833	13
1834	13
1835	12
1836	12
1837	13
1838	7
1839	7
1840	9
1841	9
1842	9
1843	9
1844	9
1845	7
1846	7
1847	7
1848	7
1849	7
1850	7
1851	7
1852	7
1853	7
1854	7
1855	7
1856	7
1857	6
1858	6
1859	6
1860	6
1861	6
1862	6
1863	7
1864	7
1865	7
1866	7
1867	7
1868	7
1869	7
1870	7
1871	7
1872	13
1873	13
1874	13
1875	13
1876	13
1877	13
1878	13
1879	13
1880	13
1881	13
1882	13
1883	13
1884	13
1885	13
1886	13
1887	13
1888	13
1889	13
1890	13
1891	13
1892	13
1893	13
1894	13
1895	1
1896	1
1897	2
1898	11
1899	11
1900	11
1901	11
1902	11
1903	11
1904	1
1905	1
1906	1
1907	1
1908	1
1909	1
1910	1
1911	1
1912	1
1913	1
1914	1
1915	1
1916	11
1917	11
1918	11
1919	11
1920	11
1921	11
1922	11
1923	11
1924	2
1925	2
1926	1
1927	1
1928	2
1929	1
1930	2
1931	1
1932	1
1933	1
1934	1
1935	1
1936	1
1937	2
1938	1
1939	1
1940	2
1941	1
1942	1
1943	1
1944	1
1945	1
1946	1
1947	1
1948	1
1949	1
1950	1
1951	2
1952	1
1953	1
1954	1
1955	1
1956	1
1957	2
1958	1
1959	2
1960	1
1961	1
1962	1
1963	1
1964	1
1965	2
1966	1
1967	1
1968	1
1969	1
1970	1
1971	1
1972	2
1973	1
1974	1
1975	1
1976	10
1977	10
1978	10
1979	10
1980	10
1981	10
1982	10
1983	10
1984	10
1985	10
1986	10
1987	10
1988	10
1989	10
1990	10
1991	10
1992	10
1993	10
1994	10
1995	10
1996	10
1997	10
1998	10
1999	10
2000	10
2001	10
2002	10
2003	10
2004	10
2005	10
2006	10
2007	10
2008	10
2009	10
2010	10
2011	10
2012	10
2013	10
2014	10
2015	10
2016	10
2017	13
2018	13
2019	13
2020	13
2021	13
2022	13
2023	13
2024	4
2025	13
2026	13
2027	13
2028	13
2029	13
2030	4
2031	4
2032	4
2033	4
2034	4
2035	4
2036	4
2037	13
2038	13
2039	13
2040	13
2041	13
2042	13
2043	13
2044	13
2045	13
2046	4
2047	4
2048	13
2049	13
2050	13
2051	4
2052	4
2053	13
2054	13
2055	4
2056	13
2057	4
2058	10
2059	10
2060	10
2061	10
2062	10
2063	10
2064	10
2065	10
2066	10
2067	10
2068	13
2069	13
2070	13
2071	13
2072	13
2073	6
2074	13
2075	13
2076	13
2077	6
2078	6
2079	13
2080	6
2081	13
2082	13
2083	13
2084	13
2085	13
2086	13
2087	13
2088	13
2089	5
2090	5
2091	5
2092	5
2093	5
2094	5
2095	5
2096	2
2097	2
2098	2
2099	2
2100	2
2101	2
2102	2
2103	2
2104	2
2105	2
2106	2
2107	2
2108	2
2109	2
2110	2
2111	2
2112	2
2113	12
2114	12
2115	12
2116	12
2117	12
2118	7
2119	12
2120	12
2121	12
2122	12
2123	7
2124	13
2125	12
2126	12
2127	12
2128	12
2129	12
2130	12
2131	12
2132	12
2133	7
2134	12
2135	12
2136	12
2137	7
2138	7
2139	12
2140	7
2141	12
2142	12
2143	12
2144	12
2145	12
2146	7
2147	12
2148	12
2149	12
2150	12
2151	12
2152	12
2153	12
2154	12
2155	12
2156	12
2157	12
2158	12
2159	12
2160	12
2161	12
2162	12
2163	12
2164	7
2165	7
2166	12
2167	12
2168	12
2169	12
2170	12
2171	12
2172	12
2173	12
2174	12
2175	12
2176	7
2177	7
2178	12
2179	12
2180	7
2181	7
2182	12
2183	12
2184	12
2185	12
2186	12
2187	12
2188	12
2189	12
2190	12
2191	12
2192	12
2193	12
2194	12
2195	12
2196	7
2197	12
2198	12
2199	7
2200	12
2201	12
2202	12
2203	12
2204	12
2205	12
2206	12
2207	12
2208	12
2209	12
2210	12
2211	12
2212	12
2213	12
2214	12
2215	12
2216	12
2217	12
2218	12
2219	12
2220	12
2221	12
2222	12
2223	7
2224	12
2225	12
2226	12
2227	12
2228	12
2229	12
2230	7
2231	7
2232	12
2233	7
2234	7
2235	12
2236	7
2237	7
2238	7
2239	12
2240	12
2241	12
2242	7
2243	12
2244	12
2245	7
2246	12
2247	7
2248	7
2249	12
2250	12
2251	12
2252	12
2253	12
2254	12
2255	12
2256	7
2257	12
2258	12
2259	12
2260	12
2261	7
2262	7
2263	12
2264	12
2265	12
2266	12
2267	12
2268	12
2269	12
2270	12
2271	12
2272	12
2273	12
2274	12
2275	12
2276	12
2277	7
2278	12
2279	12
2280	12
2281	12
2282	12
2283	7
2284	13
2285	13
2286	12
2287	12
2288	12
2289	12
2290	12
2291	12
2292	12
2293	12
2294	12
2295	12
2296	12
2297	12
2298	7
2299	7
2300	7
2301	12
2302	7
2303	12
2304	7
2305	12
2306	12
2307	12
2308	12
2309	13
2310	13
2311	13
2312	8
2313	8
2314	8
2315	8
2316	8
2317	8
2318	8
2319	8
2320	8
2321	8
2322	8
2323	8
2324	8
2325	8
2326	8
2327	8
2328	8
2329	8
2330	1
2331	1
2332	1
2333	1
2334	1
2335	1
2336	1
2337	1
2338	1
2339	1
2340	1
2341	1
2342	1
2343	1
2344	1
2345	1
2346	5
2347	5
2348	5
2349	5
2350	5
2351	5
2352	5
2353	5
2354	5
2355	5
2356	5
2357	5
2358	5
2359	5
2360	5
2361	5
2362	5
2363	5
2364	5
2365	5
2366	10
2367	10
2368	10
2369	10
2370	10
2371	10
2372	10
2373	10
2374	10
2375	10
2376	10
2377	10
2378	10
2379	10
2380	10
2381	10
2382	10
2383	10
2384	10
2385	10
2386	10
2387	10
2388	10
2389	10
2390	10
2391	10
2392	10
2393	10
2394	10
2395	10
2396	10
2397	10
2398	10
2399	10
2400	10
2401	10
2402	10
2403	10
2404	10
2405	10
2406	10
2407	10
2408	10
2409	10
2410	10
2411	10
2412	10
2413	10
2414	10
2415	11
2416	11
2417	11
2418	11
2419	3
2420	3
2421	3
2422	3
2423	11
2424	3
2425	11
2426	3
2427	3
2428	3
2429	3
2430	3
2431	3
2432	3
2433	11
2434	3
2435	3
2436	3
2437	3
2438	3
2439	3
2440	3
2441	3
2442	3
2443	3
2444	3
2445	3
2446	3
2447	3
2448	11
2449	3
2450	3
2451	3
2452	3
2453	3
2454	11
2455	11
2456	11
2457	11
2458	11
2459	11
2460	3
2461	3
2462	11
2463	11
2464	11
2465	3
2466	11
2467	11
2468	11
2469	11
2470	11
2471	11
2472	3
2473	3
2474	3
2475	11
2476	11
2477	11
2478	11
2479	11
2480	11
2481	11
2482	11
2483	3
2484	11
2485	11
2486	3
2487	11
2488	3
2489	11
2490	3
2491	3
2492	11
2493	11
2494	11
2495	3
2496	3
2497	3
2498	3
2499	3
2500	11
2501	3
2502	3
2503	3
2504	3
2505	3
2506	3
2507	3
2508	3
2509	3
2510	3
2511	3
2512	3
2513	3
2514	3
2515	3
2516	3
2517	3
2518	3
2519	3
2520	3
2521	3
2522	3
2523	3
2524	3
2525	3
2526	11
2527	3
2528	3
2529	3
2530	3
2531	3
2532	3
2533	3
2534	3
2535	3
2536	3
2537	3
2538	3
2539	3
2540	3
2541	3
2542	3
2543	3
2544	3
2545	3
2546	3
2547	3
2548	3
2549	3
2550	3
2551	3
2552	3
2553	3
2554	3
2555	3
2556	3
2557	3
2558	3
2559	3
2560	3
2561	3
2562	3
2563	3
2564	3
2565	3
2566	3
2567	3
2568	3
2569	3
2570	3
2571	3
2572	3
2573	3
2574	3
2575	3
2576	3
2577	3
2578	3
2579	3
2580	3
2581	3
2582	11
2583	3
2584	3
2585	11
2586	11
2587	3
2588	3
2589	3
2590	3
2591	3
2592	3
2593	3
2594	11
2595	11
2596	11
2597	11
2598	11
2599	3
2600	3
2601	3
2602	3
2603	11
2604	3
2605	3
2606	13
2607	13
2608	13
2609	13
2610	13
2611	13
2612	13
2613	13
2614	13
2615	13
2616	13
2617	13
2618	13
2619	13
2620	13
2621	13
2622	13
2623	13
2624	13
2625	13
2626	13
2627	13
2628	13
2629	13
2630	13
2631	13
2632	13
2633	13
2634	13
2635	13
2636	13
2637	13
2638	13
2639	13
2640	9
2641	9
2642	9
2643	9
2644	9
2645	9
2646	9
2647	9
2648	9
2649	9
2650	9
2651	9
2652	9
2653	9
2654	9
2655	9
2656	9
2657	9
2658	9
2659	9
2660	9
2661	9
2662	9
2663	9
2664	9
2665	9
2666	9
2667	9
2668	9
2669	9
2670	9
2671	9
2672	9
2673	9
2674	9
2675	9
2676	9
2677	9
2678	9
2679	9
2680	9
2681	9
2682	9
2683	9
2684	9
2685	9
2686	9
2687	9
2688	1
2689	1
2690	1
2691	1
315	5
1657	8
