0	11
1	11
2	11
3	11
4	11
5	11
6	11
7	7
8	7
9	7
10	7
11	7
12	7
13	7
14	7
15	7
16	6
17	6
18	6
19	9
20	9
21	2
22	2
23	2
24	2
25	2
26	2
27	2
28	2
29	6
30	6
31	6
32	6
33	6
34	6
35	6
36	6
37	6
38	6
39	6
40	6
41	6
42	6
43	6
44	6
45	6
46	6
47	6
48	6
49	10
50	10
51	10
52	10
53	8
54	8
55	8
56	8
57	8
58	10
59	10
60	10
61	10
62	10
63	10
64	10
65	8
66	8
67	8
68	8
69	8
70	8
71	2
72	2
73	2
74	2
75	10
76	10
77	10
78	10
79	10
80	10
81	10
82	10
83	7
84	7
85	7
86	7
87	7
88	7
89	7
90	7
91	7
92	7
93	7
94	7
95	7
96	6
97	7
98	6
99	6
100	7
101	7
102	7
103	6
104	7
105	6
106	7
107	7
108	6
109	7
110	7
111	7
112	7
113	7
114	7
115	7
116	7
117	7
118	7
119	7
120	7
121	7
122	7
123	7
124	7
125	6
126	7
127	7
128	7
129	5
130	5
131	5
132	5
133	5
134	5
135	5
136	5
137	5
138	5
139	5
140	5
141	5
142	5
143	5
144	5
145	5
146	5
147	5
148	5
149	5
150	5
151	5
152	5
153	5
154	5
155	5
156	5
157	5
158	5
159	5
160	5
161	5
162	5
163	5
164	5
165	5
166	4
167	4
168	4
169	4
170	4
171	4
172	4
173	4
174	4
175	4
176	4
177	4
178	4
179	4
180	4
181	4
182	4
183	10
184	10
185	10
186	10
187	10
188	10
189	10
190	10
191	10
192	10
193	10
194	10
195	10
196	10
197	10
198	10
199	10
200	10
201	10
202	10
203	10
204	10
205	10
206	10
207	10
208	2
209	2
210	2
211	2
212	2
213	2
214	2
215	2
216	2
217	2
218	2
219	2
220	2
221	2
222	2
223	2
224	2
225	2
226	2
227	2
228	2
229	2
230	2
231	2
232	2
233	2
234	2
235	2
236	2
237	2
238	2
239	2
240	2
241	2
242	2
243	2
244	2
245	2
246	2
247	2
248	10
249	10
250	10
251	10
252	10
253	10
254	10
255	10
256	10
257	10
258	10
259	10
260	10
261	13
262	13
263	13
264	13
265	13
266	13
267	13
268	13
269	13
270	13
271	13
272	13
273	13
274	13
275	13
276	13
277	13
278	13
279	13
280	13
281	13
282	13
283	13
284	13
285	13
286	13
287	13
288	13
289	13
290	13
291	13
292	13
293	13
294	13
295	13
296	13
297	13
298	13
299	13
300	13
301	13
302	10
303	10
304	10
305	10
306	2
307	2
308	2
309	5
310	2
311	2
312	2
313	2
314	2
316	8
317	8
318	8
319	8
320	8
321	8
322	8
323	8
324	8
325	8
326	8
327	8
328	8
329	8
330	8
331	2
332	2
333	2
334	2
335	2
336	2
337	8
338	8
339	8
340	2
341	2
342	2
343	2
344	2
345	2
346	2
347	2
348	2
349	2
350	5
351	2
352	2
353	5
354	2
355	2
356	5
357	5
358	5
359	5
360	5
361	5
362	5
363	5
364	5
365	5
366	5
367	5
368	5
369	5
370	2
371	2
372	5
373	5
374	2
375	5
376	5
377	2
378	2
379	2
380	2
381	2
382	2
383	2
384	2
385	2
386	2
387	2
388	2
389	8
390	8
391	8
392	8
393	8
394	2
395	5
396	2
397	2
398	8
399	8
400	8
401	8
402	8
403	2
404	2
405	2
406	5
407	5
408	5
409	11
410	11
411	11
412	11
413	11
414	11
415	11
416	11
417	11
418	11
419	11
420	11
421	11
422	11
423	11
424	11
425	4
426	4
427	4
428	4
429	4
430	4
431	4
432	4
433	11
434	11
435	11
436	11
437	11
438	11
439	11
440	11
441	11
442	11
443	11
444	11
445	11
446	4
447	4
448	4
449	4
450	4
451	11
452	11
453	11
454	4
455	4
456	4
457	11
458	11
459	11
460	11
461	11
462	11
463	4
464	4
465	4
466	4
467	4
468	4
469	4
470	4
471	4
472	4
473	11
474	11
475	13
476	13
477	4
478	4
479	4
480	4
481	4
482	4
483	4
484	2
485	2
486	4
487	4
488	4
489	13
490	13
491	13
492	13
493	13
494	13
495	4
496	4
497	4
498	2
499	4
500	4
501	4
502	2
503	4
504	4
505	4
506	5
507	2
508	2
509	2
510	2
511	2
512	2
513	2
514	2
515	2
516	2
517	2
518	2
519	5
520	2
521	2
522	7
523	7
524	7
525	7
526	11
527	11
528	7
529	7
530	7
531	7
532	7
533	7
534	7
535	7
536	7
537	7
538	11
539	11
540	11
541	11
542	11
543	11
544	11
545	11
546	11
547	11
548	11
549	11
550	11
551	11
552	11
553	11
554	11
555	11
556	10
557	11
558	11
559	13
560	13
561	13
562	13
563	13
564	13
565	10
566	11
567	11
568	11
569	11
570	9
571	9
572	9
573	9
574	7
575	9
576	9
577	9
578	7
579	9
580	9
581	11
582	11
583	11
584	11
585	11
586	11
587	4
588	4
589	4
590	4
591	4
592	2
593	4
594	4
595	2
596	4
597	2
598	4
599	2
600	2
601	2
602	4
603	10
604	10
605	10
606	10
607	10
608	10
609	10
610	10
611	10
612	10
613	10
614	10
615	10
616	10
617	4
618	4
619	4
620	4
621	4
622	4
623	4
624	4
625	4
626	4
627	4
628	2
629	2
630	2
631	2
632	4
633	4
634	4
635	4
636	4
637	4
638	4
639	10
640	10
641	10
642	10
643	10
644	10
645	10
646	10
647	10
648	10
649	10
650	10
651	10
652	10
653	10
654	10
655	10
656	10
657	13
658	4
659	13
660	13
661	11
662	11
663	11
664	11
665	11
666	11
667	11
668	11
669	11
670	5
671	5
672	5
673	5
674	5
675	5
676	5
677	5
678	5
679	5
680	11
681	11
682	11
683	11
684	11
685	11
686	11
687	11
688	11
689	11
690	11
691	11
692	11
693	11
694	11
695	11
696	11
697	5
698	5
699	5
700	5
701	5
702	5
703	5
704	5
705	5
706	5
707	5
708	5
709	5
710	5
711	5
712	5
713	5
714	11
715	11
716	13
717	13
718	5
719	5
720	5
721	13
722	13
723	13
724	13
725	13
726	13
727	13
728	13
729	13
730	13
731	13
732	8
733	8
734	8
735	6
736	6
737	13
738	4
739	4
740	4
741	4
742	4
743	13
744	13
745	8
746	8
747	8
748	6
749	6
750	6
751	8
752	6
753	6
754	6
755	8
756	6
757	6
758	6
759	8
760	8
761	8
762	6
763	6
764	6
765	6
766	13
767	4
768	4
769	4
770	6
771	6
772	4
773	4
774	4
775	4
776	13
777	13
778	4
779	4
780	13
781	4
782	13
783	4
784	4
785	2
786	4
787	13
788	13
789	13
790	13
791	2
792	2
793	2
794	2
795	2
796	2
797	2
798	2
799	2
800	2
801	13
802	13
803	13
804	13
805	2
806	2
807	2
808	13
809	4
810	4
811	8
812	12
813	8
814	8
815	8
816	12
817	12
818	8
819	12
820	8
821	8
822	8
823	8
824	8
825	12
826	8
827	12
828	12
829	8
830	8
831	8
832	8
833	8
834	8
835	8
836	8
837	8
838	8
839	8
840	8
841	8
842	8
843	8
844	8
845	8
846	12
847	8
848	12
849	12
850	12
851	12
852	8
853	8
854	8
855	12
856	8
857	12
858	10
859	10
860	10
861	10
862	10
863	10
864	10
865	10
866	10
867	10
868	10
869	10
870	10
871	8
872	8
873	8
874	8
875	8
876	12
877	8
878	12
879	12
880	12
881	8
882	8
883	8
884	8
885	8
886	8
887	8
888	8
889	12
890	12
891	12
892	12
893	8
894	8
895	8
896	8
897	12
898	12
899	12
900	12
901	12
902	8
903	8
904	8
905	8
906	12
907	8
908	8
909	12
910	12
911	12
912	12
913	12
914	8
915	8
916	12
917	8
918	12
919	12
920	12
921	12
922	12
923	12
924	12
925	8
926	8
927	8
928	8
929	8
930	8
931	8
932	12
933	12
934	12
935	8
936	8
937	8
938	12
939	12
940	12
941	12
942	8
943	12
944	12
945	12
946	8
947	8
948	8
949	8
950	12
951	12
952	12
953	12
954	12
955	12
956	12
957	8
958	8
959	8
960	12
961	12
962	8
963	8
964	8
965	8
966	12
967	12
968	12
969	8
970	12
971	8
972	8
973	8
974	12
975	8
976	8
977	8
978	12
979	12
980	12
981	12
982	6
983	8
984	6
985	4
986	4
987	4
988	4
989	4
990	4
991	4
992	4
993	4
994	4
995	4
996	4
997	4
998	4
999	4
1000	4
1001	4
1002	4
1003	4
1004	4
1005	4
1006	4
1007	6
1008	6
1009	4
1010	6
1011	8
1012	8
1013	6
1014	6
1015	8
1016	6
1017	6
1018	8
1019	8
1020	6
1021	6
1022	6
1023	6
1024	6
1025	6
1026	6
1027	6
1028	8
1029	8
1030	6
1031	8
1032	6
1033	8
1034	6
1035	6
1036	6
1037	6
1038	6
1039	8
1040	6
1041	6
1042	6
1043	6
1044	8
1045	8
1046	6
1047	6
1048	8
1049	8
1050	6
1051	8
1052	6
1053	6
1054	6
1055	6
1056	6
1057	6
1058	6
1059	6
1060	6
1061	6
1062	8
1063	6
1064	6
1065	6
1066	6
1067	6
1068	6
1069	6
1070	6
1071	8
1072	6
1073	6
1074	6
1075	10
1076	10
1077	10
1078	10
1079	10
1080	10
1081	10
1082	10
1083	10
1084	10
1085	10
1086	10
1087	13
1088	13
1089	13
1090	13
1091	13
1092	13
1093	13
1094	2
1095	2
1096	2
1097	2
1098	2
1099	2
1100	2
1101	2
1102	2
1103	2
1104	2
1105	2
1106	2
1107	12
1108	12
1109	12
1110	12
1111	12
1112	12
1113	12
1114	12
1115	12
1116	12
1117	12
1118	12
1119	12
1120	12
1121	12
1122	12
1123	12
1124	12
1125	12
1126	12
1127	12
1128	12
1129	12
1130	12
1131	12
1132	12
1133	12
1134	12
1135	12
1136	12
1137	12
1138	12
1139	12
1140	12
1141	12
1142	12
1143	12
1144	12
1145	12
1146	12
1147	12
1148	12
1149	12
1150	12
1151	12
1152	12
1153	12
1154	2
1155	2
1156	2
1157	2
1158	2
1159	2
1160	2
1161	2
1162	2
1163	2
1164	2
1165	2
1166	2
1167	2
1168	2
1169	6
1170	6
1171	8
1172	8
1173	6
1174	6
1175	6
1176	6
1177	8
1178	8
1179	8
1180	8
1181	8
1182	8
1183	8
1184	6
1185	8
1186	6
1187	6
1188	6
1189	6
1190	6
1191	6
1192	8
1193	6
1194	6
1195	6
1196	6
1197	8
1198	6
1199	8
1200	12
1201	12
1202	12
1203	12
1204	12
1205	12
1206	12
1207	12
1208	6
1209	12
1210	12
1211	12
1212	12
1213	6
1214	12
1215	12
1216	12
1217	6
1218	12
1219	12
1220	12
1221	12
1222	12
1223	12
1224	6
1225	12
1226	12
1227	6
1228	6
1229	12
1230	12
1231	12
1232	12
1233	12
1234	12
1235	6
1236	12
1237	12
1238	12
1239	6
1240	4
1241	4
1242	4
1243	4
1244	4
1245	4
1246	4
1247	4
1248	4
1249	4
1250	4
1251	4
1252	4
1253	10
1254	10
1255	10
1256	10
1257	10
1258	4
1259	4
1260	4
1261	4
1262	4
1263	4
1264	10
1265	10
1266	10
1267	10
1268	10
1269	10
1270	10
1271	10
1272	10
1273	10
1274	10
1275	10
1276	10
1277	10
1278	2
1279	2
1280	2
1281	4
1282	4
1283	4
1284	10
1285	10
1286	10
1287	10
1288	2
1289	2
1290	2
1291	2
1292	5
1293	2
1294	5
1295	5
1296	5
1297	5
1298	2
1299	2
1300	2
1301	5
1302	5
1303	10
1304	10
1305	10
1306	10
1307	10
1308	10
1309	10
1310	10
1311	10
1312	10
1313	10
1314	12
1315	12
1316	12
1317	12
1318	12
1319	12
1320	12
1321	12
1322	12
1323	12
1324	12
1325	12
1326	12
1327	12
1328	12
1329	12
1330	12
1331	12
1332	12
1333	12
1334	12
1335	12
1336	12
1337	12
1338	12
1339	12
1340	12
1341	12
1342	12
1343	12
1344	12
1345	12
1346	10
1347	10
1348	10
1349	10
1350	10
1351	10
1352	10
1353	10
1354	10
1355	10
1356	10
1357	10
1358	10
1359	10
1360	10
1361	10
1362	10
1363	12
1364	12
1365	12
1366	12
1367	12
1368	12
1369	12
1370	12
1371	12
1372	12
1373	12
1374	12
1375	12
1376	12
1377	12
1378	12
1379	12
1380	12
1381	2
1382	2
1383	2
1384	2
1385	2
1386	2
1387	2
1388	2
1389	2
1390	2
1391	2
1392	2
1393	2
1394	2
1395	2
1396	2
1397	11
1398	10
1399	10
1400	10
1401	11
1402	10
1403	10
1404	11
1405	10
1406	10
1407	10
1408	10
1409	10
1410	11
1411	10
1412	10
1413	10
1414	10
1415	10
1416	10
1417	11
1418	11
1419	10
1420	11
1421	10
1422	11
1423	10
1424	10
1425	11
1426	11
1427	10
1428	9
1429	9
1430	7
1431	9
1432	9
1433	9
1434	7
1435	7
1436	9
1437	9
1438	7
1439	9
1440	9
1441	6
1442	6
1443	6
1444	6
1445	6
1446	6
1447	6
1448	6
1449	6
1450	6
1451	6
1452	6
1453	6
1454	6
1455	7
1456	9
1457	9
1458	9
1459	7
1460	9
1461	7
1462	7
1463	9
1464	9
1465	5
1466	5
1467	5
1468	5
1469	5
1470	5
1471	5
1472	5
1473	5
1474	2
1475	2
1476	5
1477	2
1478	5
1479	5
1480	5
1481	5
1482	2
1483	2
1484	5
1485	5
1486	2
1487	5
1488	5
1489	6
1490	6
1491	6
1492	6
1493	6
1494	6
1495	6
1496	6
1497	6
1498	6
1499	6
1500	6
1501	11
1502	11
1503	11
1504	11
1505	11
1506	11
1507	11
1508	11
1509	11
1510	11
1511	11
1512	11
1513	11
1514	11
1515	11
1516	11
1517	11
1518	11
1519	11
1520	11
1521	11
1522	11
1523	11
1524	11
1525	11
1526	11
1527	11
1528	11
1529	4
1530	4
1531	4
1532	4
1533	4
1534	4
1535	4
1536	4
1537	4
1538	4
1539	4
1540	4
1541	4
1542	4
1543	4
1544	4
1545	4
1546	4
1547	4
1548	4
1549	4
1550	4
1551	4
1552	7
1553	7
1554	7
1555	7
1556	7
1557	7
1558	7
1559	7
1560	7
1561	7
1562	7
1563	7
1564	7
1565	7
1566	7
1567	7
1568	7
1569	7
1570	7
1571	7
1572	7
1573	7
1574	7
1575	7
1576	8
1577	8
1578	8
1579	8
1580	8
1581	8
1582	8
1583	8
1584	8
1585	8
1586	8
1587	8
1588	8
1589	8
1590	8
1591	8
1592	8
1593	10
1594	10
1595	10
1596	10
1597	10
1598	10
1599	10
1600	10
1601	10
1602	7
1603	7
1604	7
1605	7
1606	7
1607	7
1608	7
1609	7
1610	7
1611	7
1612	7
1613	7
1614	7
1615	7
1616	7
1617	7
1618	2
1619	2
1620	2
1621	2
1622	2
1623	2
1624	2
1625	2
1626	2
1627	2
1628	2
1629	6
1630	6
1631	6
1632	6
1633	6
1634	6
1635	6
1636	6
1637	6
1638	6
1639	6
1640	6
1641	6
1642	6
1643	6
1644	2
1645	2
1646	2
1647	2
1648	2
1649	6
1650	6
1651	6
1652	6
1653	6
1654	6
1655	6
1656	6
1658	6
1659	6
1660	6
1661	6
1662	6
1663	6
1664	6
1665	6
1666	6
1667	6
1668	6
1669	6
1670	6
1671	6
1672	6
1673	2
1674	6
1675	6
1676	6
1677	2
1678	13
1679	13
1680	13
1681	13
1682	13
1683	13
1684	13
1685	6
1686	6
1687	6
1688	6
1689	6
1690	6
1691	6
1692	6
1693	6
1694	6
1695	6
1696	6
1697	6
1698	6
1699	6
1700	6
1701	9
1702	9
1703	9
1704	9
1705	6
1706	6
1707	6
1708	6
1709	9
1710	6
1711	6
1712	6
1713	2
1714	2
1715	2
1716	2
1717	2
1718	2
1719	2
1720	2
1721	2
1722	2
1723	2
1724	2
1725	6
1726	6
1727	6
1728	2
1729	6
1730	6
1731	6
1732	6
1733	6
1734	6
1735	6
1736	9
1737	9
1738	9
1739	9
1740	9
1741	6
1742	11
1743	11
1744	11
1745	11
1746	11
1747	11
1748	11
1749	11
1750	11
1751	11
1752	11
1753	11
1754	11
1755	11
1756	3
1757	2
1758	2
1759	2
1760	2
1761	11
1762	11
1763	11
1764	3
1765	11
1766	11
1767	3
1768	11
1769	11
1770	11
1771	11
1772	11
1773	11
1774	2
1775	2
1776	2
1777	2
1778	2
1779	2
1780	2
1781	2
1782	2
1783	2
1784	2
1785	2
1786	2
1787	11
1788	11
1789	11
1790	11
1791	11
1792	11
1793	11
1794	11
1795	2
1796	2
1797	2
1798	2
1799	11
1800	11
1801	11
1802	11
1803	11
1804	3
1805	11
1806	3
1807	11
1808	11
1809	9
1810	9
1811	9
1812	9
1813	9
1814	9
1815	9
1816	9
1817	9
1818	9
1819	9
1820	9
1821	9
1822	9
1823	9
1824	9
1825	9
1826	9
1827	9
1828	9
1829	9
1830	13
1831	13
1832	13
1833	13
1834	13
1835	9
1836	9
1837	13
1838	9
1839	9
1840	12
1841	12
1842	12
1843	12
1844	12
1845	9
1846	9
1847	9
1848	9
1849	9
1850	9
1851	9
1852	9
1853	9
1854	9
1855	9
1856	9
1857	13
1858	13
1859	13
1860	13
1861	13
1862	13
1863	9
1864	9
1865	9
1866	9
1867	9
1868	9
1869	9
1870	9
1871	9
1872	13
1873	13
1874	13
1875	13
1876	13
1877	13
1878	13
1879	13
1880	13
1881	13
1882	13
1883	13
1884	13
1885	13
1886	13
1887	13
1888	13
1889	13
1890	13
1891	13
1892	13
1893	13
1894	13
1895	10
1896	10
1897	10
1898	8
1899	8
1900	8
1901	8
1902	8
1903	8
1904	10
1905	10
1906	10
1907	10
1908	10
1909	10
1910	10
1911	10
1912	10
1913	10
1914	10
1915	10
1916	8
1917	8
1918	8
1919	8
1920	8
1921	8
1922	8
1923	8
1924	10
1925	10
1926	10
1927	10
1928	10
1929	10
1930	10
1931	10
1932	10
1933	10
1934	10
1935	10
1936	10
1937	10
1938	10
1939	10
1940	10
1941	10
1942	10
1943	10
1944	10
1945	10
1946	10
1947	10
1948	10
1949	10
1950	10
1951	10
1952	10
1953	10
1954	10
1955	10
1956	10
1957	10
1958	10
1959	10
1960	10
1961	10
1962	10
1963	10
1964	10
1965	10
1966	10
1967	10
1968	10
1969	10
1970	10
1971	10
1972	10
1973	10
1974	10
1975	10
1976	7
1977	7
1978	7
1979	4
1980	7
1981	4
1982	4
1983	7
1984	4
1985	4
1986	4
1987	7
1988	7
1989	7
1990	7
1991	4
1992	7
1993	7
1994	7
1995	4
1996	7
1997	7
1998	7
1999	7
2000	7
2001	7
2002	7
2003	7
2004	7
2005	7
2006	7
2007	7
2008	7
2009	4
2010	7
2011	4
2012	4
2013	7
2014	7
2015	7
2016	7
2017	13
2018	13
2019	13
2020	13
2021	13
2022	13
2023	13
2024	13
2025	13
2026	13
2027	13
2028	13
2029	13
2030	4
2031	4
2032	4
2033	4
2034	4
2035	13
2036	13
2037	13
2038	13
2039	13
2040	13
2041	13
2042	13
2043	13
2044	13
2045	13
2046	13
2047	4
2048	13
2049	13
2050	13
2051	13
2052	13
2053	13
2054	13
2055	13
2056	13
2057	4
2058	7
2059	7
2060	7
2061	7
2062	7
2063	7
2064	7
2065	7
2066	7
2067	7
2068	13
2069	13
2070	13
2071	13
2072	13
2073	13
2074	13
2075	13
2076	13
2077	13
2078	13
2079	13
2080	13
2081	13
2082	13
2083	13
2084	13
2085	13
2086	13
2087	13
2088	13
2089	8
2090	8
2091	8
2092	8
2093	8
2094	8
2095	8
2096	11
2097	11
2098	11
2099	11
2100	11
2101	11
2102	11
2103	11
2104	11
2105	11
2106	11
2107	11
2108	11
2109	11
2110	11
2111	11
2112	11
2113	3
2114	3
2115	3
2116	3
2117	3
2118	9
2119	3
2120	3
2121	3
2122	3
2123	9
2124	13
2125	3
2126	3
2127	3
2128	3
2129	3
2130	3
2131	3
2132	3
2133	9
2134	3
2135	3
2136	3
2137	9
2138	9
2139	3
2140	9
2141	3
2142	3
2143	3
2144	3
2145	3
2146	9
2147	3
2148	3
2149	3
2150	3
2151	3
2152	3
2153	3
2154	3
2155	3
2156	3
2157	3
2158	3
2159	3
2160	3
2161	3
2162	3
2163	3
2164	9
2165	9
2166	3
2167	3
2168	3
2169	3
2170	3
2171	3
2172	3
2173	3
2174	3
2175	3
2176	9
2177	9
2178	3
2179	3
2180	9
2181	9
2182	3
2183	3
2184	3
2185	3
2186	3
2187	3
2188	3
2189	3
2190	3
2191	3
2192	3
2193	3
2194	3
2195	3
2196	9
2197	3
2198	3
2199	9
2200	3
2201	3
2202	3
2203	3
2204	3
2205	3
2206	3
2207	3
2208	3
2209	3
2210	3
2211	3
2212	3
2213	3
2214	3
2215	3
2216	9
2217	3
2218	3
2219	3
2220	3
2221	3
2222	3
2223	9
2224	3
2225	3
2226	3
2227	3
2228	3
2229	3
2230	9
2231	9
2232	3
2233	9
2234	9
2235	3
2236	9
2237	9
2238	9
2239	3
2240	3
2241	3
2242	9
2243	3
2244	3
2245	9
2246	3
2247	9
2248	9
2249	3
2250	3
2251	3
2252	3
2253	3
2254	3
2255	3
2256	9
2257	3
2258	3
2259	3
2260	3
2261	9
2262	3
2263	3
2264	3
2265	3
2266	3
2267	3
2268	3
2269	3
2270	3
2271	3
2272	3
2273	3
2274	3
2275	3
2276	3
2277	9
2278	3
2279	3
2280	3
2281	3
2282	3
2283	9
2284	13
2285	13
2286	3
2287	3
2288	3
2289	3
2290	3
2291	3
2292	3
2293	3
2294	3
2295	3
2296	3
2297	3
2298	3
2299	3
2300	9
2301	3
2302	9
2303	3
2304	9
2305	3
2306	3
2307	3
2308	3
2309	13
2310	13
2311	13
2312	8
2313	8
2314	8
2315	8
2316	8
2317	8
2318	8
2319	8
2320	8
2321	8
2322	8
2323	8
2324	8
2325	8
2326	8
2327	8
2328	8
2329	8
2330	10
2331	10
2332	10
2333	10
2334	10
2335	10
2336	10
2337	10
2338	10
2339	10
2340	10
2341	10
2342	10
2343	10
2344	10
2345	10
2346	8
2347	8
2348	8
2349	8
2350	8
2351	8
2352	8
2353	8
2354	8
2355	8
2356	8
2357	8
2358	8
2359	8
2360	8
2361	8
2362	8
2363	8
2364	8
2365	8
2366	9
2367	9
2368	9
2369	9
2370	9
2371	9
2372	9
2373	9
2374	9
2375	9
2376	9
2377	9
2378	9
2379	9
2380	9
2381	9
2382	9
2383	9
2384	9
2385	9
2386	9
2387	9
2388	9
2389	9
2390	9
2391	9
2392	9
2393	9
2394	9
2395	9
2396	9
2397	9
2398	9
2399	9
2400	9
2401	9
2402	9
2403	9
2404	9
2405	9
2406	9
2407	9
2408	9
2409	9
2410	9
2411	9
2412	9
2413	9
2414	9
2415	1
2416	1
2417	1
2418	1
2419	1
2420	1
2421	1
2422	1
2423	1
2424	1
2425	1
2426	1
2427	1
2428	1
2429	1
2430	1
2431	1
2432	1
2433	1
2434	1
2435	1
2436	1
2437	1
2438	1
2439	1
2440	1
2441	1
2442	1
2443	1
2444	1
2445	1
2446	1
2447	1
2448	1
2449	1
2450	1
2451	1
2452	5
2453	5
2454	1
2455	1
2456	1
2457	1
2458	1
2459	1
2460	1
2461	1
2462	1
2463	1
2464	1
2465	1
2466	1
2467	1
2468	1
2469	1
2470	1
2471	1
2472	1
2473	1
2474	1
2475	1
2476	1
2477	1
2478	1
2479	1
2480	1
2481	1
2482	1
2483	1
2484	1
2485	5
2486	5
2487	1
2488	1
2489	1
2490	5
2491	1
2492	1
2493	1
2494	5
2495	1
2496	1
2497	1
2498	1
2499	1
2500	1
2501	5
2502	1
2503	1
2504	1
2505	1
2506	1
2507	1
2508	1
2509	1
2510	1
2511	1
2512	1
2513	1
2514	1
2515	1
2516	1
2517	1
2518	1
2519	1
2520	1
2521	1
2522	1
2523	1
2524	1
2525	1
2526	1
2527	1
2528	1
2529	1
2530	1
2531	1
2532	1
2533	1
2534	1
2535	1
2536	1
2537	1
2538	1
2539	5
2540	1
2541	1
2542	1
2543	1
2544	5
2545	1
2546	5
2547	1
2548	1
2549	1
2550	1
2551	1
2552	1
2553	5
2554	5
2555	5
2556	5
2557	5
2558	1
2559	1
2560	1
2561	1
2562	1
2563	1
2564	1
2565	1
2566	1
2567	1
2568	1
2569	1
2570	1
2571	1
2572	1
2573	1
2574	1
2575	5
2576	5
2577	5
2578	5
2579	1
2580	5
2581	1
2582	1
2583	5
2584	5
2585	1
2586	1
2587	5
2588	5
2589	5
2590	5
2591	5
2592	5
2593	5
2594	1
2595	1
2596	1
2597	1
2598	1
2599	1
2600	1
2601	1
2602	1
2603	1
2604	1
2605	1
2606	13
2607	13
2608	13
2609	13
2610	13
2611	13
2612	13
2613	13
2614	13
2615	13
2616	13
2617	13
2618	13
2619	13
2620	13
2621	13
2622	13
2623	13
2624	13
2625	13
2626	13
2627	13
2628	13
2629	13
2630	13
2631	13
2632	13
2633	13
2634	13
2635	13
2636	13
2637	13
2638	13
2639	13
2640	7
2641	7
2642	7
2643	7
2644	7
2645	7
2646	7
2647	4
2648	7
2649	7
2650	7
2651	7
2652	7
2653	7
2654	4
2655	4
2656	7
2657	4
2658	7
2659	7
2660	7
2661	4
2662	4
2663	7
2664	4
2665	7
2666	7
2667	7
2668	7
2669	7
2670	4
2671	7
2672	7
2673	7
2674	7
2675	4
2676	7
2677	7
2678	4
2679	7
2680	7
2681	7
2682	7
2683	7
2684	7
2685	7
2686	7
2687	7
2688	10
2689	10
2690	10
2691	10
315	8
1657	6
