0	3
1	3
2	3
3	3
4	3
5	3
6	3
7	9
8	9
9	9
10	9
11	8
12	9
13	9
14	9
15	9
16	8
17	8
18	8
19	8
20	8
21	11
22	11
23	11
24	11
25	11
26	11
27	11
28	11
29	2
30	2
31	2
32	2
33	2
34	2
35	2
36	2
37	2
38	2
39	2
40	2
41	2
42	2
43	2
44	2
45	2
46	2
47	2
48	2
49	2
50	2
51	2
52	2
53	6
54	6
55	6
56	6
57	6
58	2
59	2
60	2
61	2
62	2
63	2
64	2
65	6
66	6
67	6
68	6
69	6
70	6
71	11
72	11
73	11
74	11
75	2
76	2
77	2
78	2
79	2
80	2
81	2
82	2
83	5
84	5
85	5
86	5
87	5
88	5
89	5
90	5
91	5
92	5
93	5
94	5
95	5
96	8
97	9
98	8
99	8
100	9
101	9
102	9
103	8
104	9
105	8
106	9
107	9
108	8
109	9
110	9
111	9
112	9
113	9
114	9
115	9
116	9
117	9
118	9
119	9
120	9
121	9
122	8
123	9
124	8
125	8
126	8
127	9
128	8
129	7
130	7
131	1
132	7
133	7
134	7
135	1
136	7
137	7
138	7
139	1
140	7
141	7
142	7
143	7
144	7
145	7
146	7
147	7
148	7
149	7
150	7
151	7
152	7
153	7
154	1
155	1
156	1
157	7
158	7
159	7
160	7
161	7
162	7
163	7
164	7
165	7
166	7
167	7
168	7
169	7
170	7
171	7
172	7
173	7
174	7
175	7
176	7
177	7
178	7
179	7
180	7
181	7
182	7
183	3
184	3
185	3
186	3
187	3
188	3
189	3
190	3
191	3
192	3
193	3
194	3
195	3
196	3
197	3
198	3
199	3
200	3
201	3
202	3
203	3
204	3
205	3
206	3
207	3
208	11
209	11
210	11
211	11
212	11
213	11
214	11
215	11
216	11
217	11
218	11
219	11
220	11
221	11
222	11
223	11
224	11
225	11
226	11
227	11
228	11
229	11
230	11
231	11
232	11
233	11
234	11
235	11
236	11
237	11
238	11
239	11
240	11
241	11
242	11
243	11
244	11
245	11
246	11
247	11
248	3
249	3
250	3
251	3
252	3
253	3
254	3
255	3
256	3
257	3
258	3
259	3
260	3
261	13
262	13
263	13
264	13
265	13
266	13
267	13
268	13
269	13
270	13
271	13
272	13
273	13
274	13
275	13
276	13
277	13
278	13
279	13
280	13
281	13
282	13
283	13
284	13
285	13
286	13
287	13
288	13
289	13
290	13
291	13
292	13
293	13
294	13
295	13
296	13
297	13
298	13
299	13
300	13
301	13
302	3
303	3
304	3
305	3
306	6
307	6
308	6
309	6
310	6
311	6
312	6
313	6
314	6
316	8
317	8
318	8
319	8
320	8
321	8
322	8
323	8
324	8
325	8
326	8
327	8
328	8
329	8
330	8
331	6
332	6
333	6
334	6
335	6
336	6
337	8
338	8
339	8
340	6
341	6
342	6
343	6
344	6
345	1
346	6
347	6
348	6
349	6
350	6
351	6
352	6
353	1
354	6
355	1
356	4
357	4
358	4
359	4
360	4
361	4
362	4
363	4
364	4
365	4
366	4
367	4
368	4
369	6
370	6
371	6
372	6
373	6
374	6
375	6
376	6
377	6
378	6
379	6
380	6
381	6
382	6
383	6
384	6
385	6
386	6
387	6
388	6
389	8
390	8
391	8
392	8
393	8
394	6
395	6
396	6
397	6
398	8
399	8
400	8
401	8
402	8
403	11
404	11
405	11
406	11
407	1
408	1
409	2
410	2
411	2
412	2
413	2
414	2
415	2
416	2
417	2
418	2
419	2
420	2
421	2
422	2
423	2
424	2
425	7
426	7
427	7
428	7
429	7
430	7
431	7
432	7
433	2
434	2
435	2
436	2
437	2
438	2
439	2
440	2
441	2
442	2
443	2
444	2
445	2
446	7
447	7
448	7
449	7
450	7
451	2
452	2
453	2
454	7
455	7
456	7
457	2
458	2
459	2
460	2
461	2
462	2
463	7
464	7
465	7
466	7
467	7
468	7
469	7
470	7
471	7
472	7
473	2
474	2
475	13
476	13
477	7
478	7
479	7
480	7
481	7
482	7
483	7
484	11
485	11
486	7
487	7
488	7
489	13
490	13
491	13
492	13
493	13
494	13
495	7
496	7
497	7
498	11
499	7
500	7
501	7
502	11
503	7
504	7
505	7
506	1
507	11
508	11
509	11
510	11
511	11
512	11
513	11
514	11
515	11
516	11
517	11
518	11
519	1
520	11
521	11
522	5
523	5
524	5
525	5
526	3
527	3
528	5
529	5
530	5
531	5
532	5
533	5
534	5
535	5
536	5
537	5
538	3
539	3
540	3
541	3
542	3
543	3
544	3
545	3
546	3
547	3
548	3
549	3
550	3
551	3
552	3
553	3
554	3
555	3
556	3
557	3
558	3
559	11
560	11
561	11
562	11
563	11
564	11
565	3
566	3
567	3
568	3
569	3
570	5
571	5
572	5
573	5
574	5
575	5
576	5
577	5
578	5
579	5
580	5
581	3
582	3
583	3
584	3
585	3
586	3
587	11
588	11
589	11
590	11
591	11
592	11
593	11
594	11
595	11
596	11
597	11
598	11
599	11
600	11
601	11
602	11
603	3
604	3
605	3
606	3
607	3
608	3
609	3
610	3
611	3
612	3
613	3
614	3
615	3
616	3
617	11
618	11
619	11
620	11
621	11
622	11
623	11
624	11
625	11
626	11
627	11
628	11
629	11
630	11
631	11
632	11
633	11
634	11
635	11
636	11
637	11
638	11
639	3
640	3
641	3
642	3
643	3
644	3
645	3
646	3
647	3
648	3
649	3
650	3
651	3
652	3
653	3
654	3
655	3
656	3
657	13
658	13
659	13
660	13
661	2
662	2
663	2
664	2
665	2
666	2
667	2
668	9
669	9
670	11
671	11
672	7
673	7
674	7
675	11
676	7
677	7
678	7
679	7
680	9
681	2
682	9
683	2
684	2
685	2
686	2
687	9
688	2
689	2
690	2
691	2
692	2
693	2
694	2
695	2
696	2
697	11
698	7
699	7
700	11
701	11
702	7
703	11
704	7
705	11
706	7
707	11
708	11
709	7
710	11
711	11
712	11
713	11
714	2
715	2
716	13
717	13
718	11
719	11
720	7
721	13
722	13
723	13
724	13
725	13
726	13
727	13
728	13
729	13
730	13
731	13
732	2
733	2
734	2
735	2
736	2
737	7
738	7
739	7
740	7
741	7
742	7
743	13
744	13
745	2
746	2
747	2
748	2
749	2
750	2
751	2
752	2
753	2
754	2
755	2
756	2
757	2
758	2
759	2
760	2
761	2
762	2
763	2
764	2
765	2
766	13
767	7
768	13
769	7
770	2
771	2
772	13
773	13
774	13
775	7
776	13
777	13
778	7
779	7
780	13
781	13
782	13
783	7
784	7
785	11
786	13
787	13
788	13
789	13
790	13
791	11
792	11
793	11
794	11
795	11
796	11
797	11
798	11
799	11
800	11
801	13
802	13
803	13
804	13
805	11
806	11
807	11
808	13
809	13
810	13
811	12
812	12
813	6
814	12
815	6
816	6
817	12
818	12
819	12
820	12
821	12
822	6
823	12
824	6
825	6
826	6
827	12
828	12
829	12
830	12
831	12
832	6
833	6
834	12
835	12
836	12
837	12
838	6
839	6
840	12
841	6
842	12
843	12
844	12
845	6
846	12
847	12
848	12
849	12
850	12
851	12
852	12
853	12
854	12
855	6
856	12
857	12
858	3
859	3
860	3
861	3
862	3
863	3
864	3
865	3
866	3
867	3
868	3
869	3
870	3
871	12
872	12
873	6
874	6
875	12
876	6
877	6
878	6
879	6
880	12
881	12
882	6
883	12
884	6
885	12
886	6
887	12
888	12
889	6
890	6
891	12
892	12
893	12
894	12
895	12
896	12
897	6
898	6
899	12
900	12
901	12
902	12
903	12
904	6
905	12
906	6
907	12
908	12
909	6
910	12
911	12
912	12
913	12
914	12
915	12
916	6
917	6
918	6
919	6
920	12
921	12
922	12
923	12
924	12
925	12
926	6
927	6
928	12
929	6
930	12
931	12
932	12
933	12
934	12
935	12
936	6
937	6
938	6
939	12
940	12
941	6
942	12
943	12
944	12
945	12
946	6
947	12
948	12
949	12
950	6
951	12
952	12
953	6
954	12
955	12
956	12
957	12
958	12
959	6
960	6
961	12
962	12
963	6
964	12
965	6
966	12
967	6
968	6
969	12
970	6
971	6
972	12
973	12
974	12
975	12
976	12
977	12
978	12
979	6
980	12
981	12
982	8
983	8
984	8
985	7
986	4
987	4
988	7
989	7
990	7
991	7
992	7
993	7
994	7
995	7
996	4
997	7
998	7
999	7
1000	7
1001	7
1002	7
1003	7
1004	7
1005	4
1006	4
1007	8
1008	8
1009	7
1010	8
1011	8
1012	5
1013	8
1014	8
1015	8
1016	8
1017	8
1018	5
1019	8
1020	8
1021	8
1022	8
1023	8
1024	8
1025	8
1026	8
1027	8
1028	8
1029	8
1030	8
1031	8
1032	8
1033	8
1034	8
1035	8
1036	8
1037	8
1038	8
1039	5
1040	8
1041	8
1042	8
1043	8
1044	8
1045	8
1046	8
1047	8
1048	5
1049	8
1050	8
1051	5
1052	8
1053	8
1054	8
1055	8
1056	8
1057	8
1058	8
1059	8
1060	8
1061	8
1062	8
1063	8
1064	8
1065	8
1066	8
1067	8
1068	8
1069	8
1070	8
1071	8
1072	8
1073	8
1074	8
1075	3
1076	3
1077	3
1078	3
1079	3
1080	3
1081	3
1082	3
1083	3
1084	3
1085	3
1086	3
1087	13
1088	13
1089	13
1090	13
1091	13
1092	13
1093	13
1094	11
1095	11
1096	11
1097	11
1098	11
1099	11
1100	11
1101	11
1102	11
1103	11
1104	11
1105	11
1106	11
1107	12
1108	12
1109	12
1110	12
1111	12
1112	12
1113	12
1114	6
1115	12
1116	6
1117	12
1118	6
1119	12
1120	12
1121	12
1122	6
1123	12
1124	6
1125	6
1126	12
1127	12
1128	12
1129	12
1130	12
1131	6
1132	6
1133	6
1134	12
1135	12
1136	6
1137	6
1138	12
1139	6
1140	12
1141	12
1142	12
1143	12
1144	12
1145	12
1146	6
1147	6
1148	12
1149	12
1150	12
1151	12
1152	12
1153	6
1154	6
1155	6
1156	6
1157	6
1158	6
1159	6
1160	6
1161	6
1162	6
1163	6
1164	6
1165	6
1166	6
1167	6
1168	6
1169	8
1170	8
1171	5
1172	8
1173	8
1174	8
1175	8
1176	8
1177	8
1178	8
1179	8
1180	5
1181	8
1182	8
1183	8
1184	8
1185	8
1186	8
1187	8
1188	8
1189	8
1190	5
1191	8
1192	5
1193	8
1194	8
1195	8
1196	8
1197	8
1198	8
1199	8
1200	12
1201	12
1202	12
1203	12
1204	12
1205	12
1206	12
1207	12
1208	12
1209	12
1210	12
1211	12
1212	12
1213	12
1214	12
1215	12
1216	12
1217	12
1218	12
1219	12
1220	12
1221	12
1222	12
1223	12
1224	12
1225	12
1226	12
1227	12
1228	12
1229	12
1230	12
1231	12
1232	12
1233	12
1234	12
1235	12
1236	12
1237	12
1238	12
1239	12
1240	13
1241	13
1242	13
1243	11
1244	13
1245	13
1246	13
1247	13
1248	11
1249	11
1250	11
1251	11
1252	11
1253	2
1254	2
1255	2
1256	2
1257	2
1258	11
1259	11
1260	11
1261	11
1262	13
1263	13
1264	2
1265	2
1266	2
1267	2
1268	2
1269	2
1270	2
1271	2
1272	2
1273	2
1274	2
1275	2
1276	2
1277	2
1278	11
1279	11
1280	11
1281	11
1282	13
1283	13
1284	2
1285	2
1286	2
1287	2
1288	1
1289	11
1290	11
1291	11
1292	1
1293	11
1294	1
1295	1
1296	1
1297	1
1298	11
1299	1
1300	11
1301	1
1302	1
1303	2
1304	2
1305	2
1306	2
1307	2
1308	2
1309	2
1310	2
1311	2
1312	2
1313	2
1314	6
1315	6
1316	6
1317	6
1318	6
1319	6
1320	6
1321	6
1322	6
1323	12
1324	6
1325	6
1326	6
1327	12
1328	6
1329	6
1330	6
1331	12
1332	12
1333	6
1334	6
1335	6
1336	6
1337	12
1338	6
1339	6
1340	6
1341	6
1342	6
1343	6
1344	12
1345	6
1346	2
1347	2
1348	2
1349	2
1350	2
1351	2
1352	2
1353	2
1354	2
1355	2
1356	2
1357	2
1358	2
1359	2
1360	2
1361	2
1362	2
1363	12
1364	12
1365	12
1366	12
1367	12
1368	12
1369	12
1370	4
1371	12
1372	12
1373	12
1374	12
1375	12
1376	12
1377	12
1378	12
1379	4
1380	12
1381	6
1382	6
1383	6
1384	6
1385	11
1386	6
1387	11
1388	6
1389	6
1390	6
1391	11
1392	6
1393	11
1394	6
1395	6
1396	6
1397	2
1398	2
1399	2
1400	2
1401	2
1402	2
1403	2
1404	2
1405	2
1406	2
1407	2
1408	2
1409	2
1410	2
1411	2
1412	2
1413	2
1414	2
1415	2
1416	2
1417	2
1418	2
1419	2
1420	2
1421	2
1422	2
1423	2
1424	2
1425	2
1426	2
1427	2
1428	5
1429	5
1430	5
1431	5
1432	5
1433	5
1434	5
1435	5
1436	5
1437	5
1438	5
1439	5
1440	5
1441	8
1442	8
1443	8
1444	8
1445	8
1446	8
1447	8
1448	8
1449	8
1450	8
1451	8
1452	8
1453	8
1454	8
1455	5
1456	5
1457	5
1458	5
1459	5
1460	5
1461	5
1462	5
1463	5
1464	5
1465	11
1466	11
1467	11
1468	11
1469	1
1470	11
1471	11
1472	11
1473	1
1474	11
1475	11
1476	1
1477	11
1478	11
1479	11
1480	11
1481	11
1482	11
1483	11
1484	11
1485	11
1486	11
1487	1
1488	11
1489	8
1490	8
1491	8
1492	8
1493	8
1494	8
1495	8
1496	8
1497	8
1498	8
1499	8
1500	8
1501	3
1502	3
1503	3
1504	3
1505	3
1506	3
1507	3
1508	3
1509	3
1510	3
1511	3
1512	3
1513	3
1514	3
1515	3
1516	3
1517	3
1518	3
1519	3
1520	3
1521	3
1522	3
1523	3
1524	3
1525	3
1526	3
1527	3
1528	3
1529	7
1530	7
1531	7
1532	7
1533	7
1534	7
1535	7
1536	7
1537	7
1538	7
1539	7
1540	7
1541	7
1542	7
1543	7
1544	7
1545	7
1546	7
1547	7
1548	7
1549	7
1550	7
1551	7
1552	5
1553	5
1554	5
1555	5
1556	5
1557	5
1558	5
1559	5
1560	5
1561	5
1562	5
1563	5
1564	5
1565	5
1566	5
1567	5
1568	5
1569	5
1570	5
1571	5
1572	5
1573	5
1574	5
1575	5
1576	2
1577	2
1578	2
1579	2
1580	2
1581	2
1582	2
1583	2
1584	2
1585	2
1586	2
1587	2
1588	2
1589	2
1590	2
1591	2
1592	2
1593	2
1594	2
1595	2
1596	2
1597	2
1598	2
1599	2
1600	2
1601	2
1602	5
1603	5
1604	5
1605	5
1606	5
1607	5
1608	5
1609	5
1610	5
1611	5
1612	5
1613	5
1614	5
1615	5
1616	5
1617	5
1618	11
1619	11
1620	11
1621	11
1622	11
1623	11
1624	11
1625	11
1626	11
1627	11
1628	11
1629	5
1630	8
1631	5
1632	8
1633	5
1634	5
1635	5
1636	5
1637	5
1638	5
1639	5
1640	5
1641	5
1642	5
1643	5
1644	11
1645	11
1646	11
1647	11
1648	11
1649	5
1650	5
1651	8
1652	5
1653	5
1654	5
1655	5
1656	5
1658	5
1659	5
1660	5
1661	5
1662	5
1663	5
1664	5
1665	5
1666	8
1667	8
1668	8
1669	5
1670	5
1671	5
1672	5
1673	11
1674	5
1675	5
1676	5
1677	11
1678	13
1679	13
1680	13
1681	13
1682	13
1683	13
1684	13
1685	2
1686	2
1687	2
1688	2
1689	2
1690	2
1691	2
1692	2
1693	2
1694	2
1695	2
1696	2
1697	2
1698	2
1699	2
1700	2
1701	8
1702	8
1703	9
1704	9
1705	8
1706	8
1707	8
1708	8
1709	8
1710	8
1711	8
1712	8
1713	11
1714	11
1715	11
1716	11
1717	11
1718	11
1719	11
1720	11
1721	11
1722	11
1723	11
1724	11
1725	8
1726	8
1727	8
1728	11
1729	8
1730	8
1731	8
1732	8
1733	8
1734	8
1735	8
1736	8
1737	8
1738	8
1739	8
1740	8
1741	8
1742	9
1743	9
1744	9
1745	9
1746	9
1747	9
1748	9
1749	9
1750	9
1751	9
1752	9
1753	9
1754	9
1755	9
1756	9
1757	11
1758	11
1759	11
1760	11
1761	9
1762	9
1763	9
1764	9
1765	9
1766	9
1767	9
1768	9
1769	9
1770	9
1771	9
1772	9
1773	9
1774	11
1775	11
1776	11
1777	11
1778	11
1779	11
1780	11
1781	11
1782	11
1783	11
1784	11
1785	11
1786	11
1787	9
1788	9
1789	9
1790	9
1791	9
1792	9
1793	9
1794	9
1795	11
1796	11
1797	11
1798	11
1799	9
1800	9
1801	9
1802	9
1803	9
1804	9
1805	9
1806	9
1807	9
1808	9
1809	9
1810	10
1811	10
1812	10
1813	10
1814	10
1815	9
1816	9
1817	10
1818	9
1819	9
1820	9
1821	9
1822	9
1823	10
1824	10
1825	9
1826	9
1827	9
1828	9
1829	10
1830	11
1831	11
1832	11
1833	11
1834	11
1835	10
1836	10
1837	11
1838	9
1839	9
1840	4
1841	4
1842	4
1843	4
1844	4
1845	9
1846	9
1847	9
1848	9
1849	9
1850	9
1851	9
1852	9
1853	10
1854	9
1855	10
1856	10
1857	11
1858	11
1859	11
1860	11
1861	11
1862	11
1863	10
1864	9
1865	9
1866	9
1867	9
1868	9
1869	9
1870	9
1871	9
1872	13
1873	13
1874	13
1875	13
1876	13
1877	13
1878	13
1879	13
1880	13
1881	13
1882	13
1883	13
1884	13
1885	13
1886	13
1887	13
1888	13
1889	13
1890	13
1891	13
1892	13
1893	13
1894	13
1895	3
1896	3
1897	3
1898	6
1899	6
1900	6
1901	6
1902	6
1903	6
1904	3
1905	3
1906	2
1907	2
1908	2
1909	3
1910	3
1911	3
1912	2
1913	2
1914	2
1915	3
1916	6
1917	6
1918	6
1919	6
1920	6
1921	6
1922	6
1923	6
1924	3
1925	3
1926	3
1927	3
1928	3
1929	3
1930	3
1931	3
1932	2
1933	3
1934	3
1935	2
1936	3
1937	3
1938	2
1939	3
1940	3
1941	3
1942	2
1943	3
1944	3
1945	2
1946	2
1947	3
1948	2
1949	2
1950	3
1951	3
1952	3
1953	3
1954	3
1955	3
1956	3
1957	3
1958	3
1959	3
1960	3
1961	2
1962	3
1963	3
1964	3
1965	3
1966	3
1967	3
1968	3
1969	3
1970	3
1971	3
1972	3
1973	3
1974	3
1975	2
1976	7
1977	7
1978	7
1979	7
1980	7
1981	7
1982	7
1983	7
1984	7
1985	7
1986	7
1987	7
1988	7
1989	7
1990	7
1991	7
1992	7
1993	7
1994	7
1995	7
1996	7
1997	7
1998	7
1999	7
2000	7
2001	7
2002	7
2003	7
2004	7
2005	7
2006	7
2007	7
2008	7
2009	7
2010	7
2011	7
2012	7
2013	7
2014	7
2015	7
2016	7
2017	13
2018	13
2019	13
2020	13
2021	13
2022	13
2023	13
2024	7
2025	13
2026	13
2027	13
2028	13
2029	13
2030	7
2031	7
2032	7
2033	7
2034	7
2035	7
2036	7
2037	13
2038	13
2039	13
2040	13
2041	13
2042	13
2043	13
2044	13
2045	13
2046	7
2047	7
2048	13
2049	13
2050	13
2051	7
2052	7
2053	13
2054	13
2055	7
2056	13
2057	7
2058	5
2059	5
2060	5
2061	5
2062	5
2063	5
2064	5
2065	5
2066	5
2067	5
2068	13
2069	13
2070	13
2071	13
2072	13
2073	11
2074	13
2075	13
2076	13
2077	11
2078	11
2079	13
2080	11
2081	13
2082	13
2083	13
2084	13
2085	13
2086	13
2087	13
2088	13
2089	2
2090	2
2091	2
2092	2
2093	2
2094	2
2095	2
2096	3
2097	3
2098	3
2099	3
2100	3
2101	3
2102	3
2103	3
2104	3
2105	3
2106	3
2107	3
2108	3
2109	3
2110	3
2111	3
2112	3
2113	10
2114	10
2115	10
2116	10
2117	10
2118	10
2119	10
2120	10
2121	10
2122	10
2123	10
2124	13
2125	10
2126	10
2127	10
2128	10
2129	10
2130	10
2131	9
2132	9
2133	10
2134	9
2135	9
2136	9
2137	10
2138	10
2139	10
2140	10
2141	10
2142	10
2143	10
2144	10
2145	10
2146	10
2147	10
2148	10
2149	10
2150	10
2151	10
2152	10
2153	10
2154	10
2155	10
2156	10
2157	10
2158	10
2159	10
2160	10
2161	10
2162	10
2163	10
2164	9
2165	9
2166	9
2167	10
2168	10
2169	10
2170	9
2171	10
2172	9
2173	10
2174	10
2175	10
2176	10
2177	10
2178	10
2179	10
2180	9
2181	9
2182	10
2183	10
2184	10
2185	10
2186	9
2187	10
2188	10
2189	10
2190	10
2191	10
2192	10
2193	9
2194	10
2195	10
2196	10
2197	10
2198	9
2199	10
2200	10
2201	10
2202	10
2203	10
2204	10
2205	10
2206	10
2207	10
2208	10
2209	10
2210	10
2211	10
2212	10
2213	10
2214	10
2215	10
2216	10
2217	10
2218	10
2219	9
2220	9
2221	10
2222	10
2223	10
2224	10
2225	9
2226	9
2227	9
2228	10
2229	10
2230	9
2231	9
2232	10
2233	10
2234	10
2235	9
2236	9
2237	10
2238	10
2239	10
2240	10
2241	10
2242	10
2243	10
2244	10
2245	10
2246	10
2247	9
2248	9
2249	10
2250	10
2251	10
2252	9
2253	10
2254	10
2255	10
2256	9
2257	9
2258	10
2259	10
2260	10
2261	9
2262	9
2263	9
2264	9
2265	10
2266	10
2267	10
2268	10
2269	10
2270	10
2271	9
2272	9
2273	9
2274	9
2275	10
2276	10
2277	10
2278	10
2279	10
2280	9
2281	9
2282	10
2283	10
2284	13
2285	13
2286	10
2287	10
2288	9
2289	9
2290	9
2291	9
2292	9
2293	10
2294	10
2295	10
2296	10
2297	10
2298	10
2299	10
2300	10
2301	9
2302	10
2303	10
2304	10
2305	9
2306	9
2307	9
2308	9
2309	13
2310	13
2311	13
2312	12
2313	12
2314	12
2315	12
2316	12
2317	12
2318	12
2319	12
2320	12
2321	12
2322	12
2323	12
2324	12
2325	12
2326	12
2327	12
2328	12
2329	12
2330	3
2331	3
2332	3
2333	3
2334	3
2335	3
2336	3
2337	3
2338	3
2339	3
2340	3
2341	3
2342	3
2343	3
2344	3
2345	3
2346	8
2347	8
2348	8
2349	8
2350	8
2351	8
2352	8
2353	8
2354	8
2355	8
2356	8
2357	8
2358	8
2359	8
2360	8
2361	8
2362	8
2363	8
2364	8
2365	8
2366	5
2367	5
2368	5
2369	5
2370	5
2371	10
2372	5
2373	5
2374	5
2375	10
2376	5
2377	5
2378	5
2379	10
2380	10
2381	5
2382	5
2383	5
2384	5
2385	5
2386	5
2387	5
2388	5
2389	5
2390	5
2391	5
2392	5
2393	5
2394	5
2395	5
2396	5
2397	5
2398	5
2399	5
2400	10
2401	10
2402	10
2403	5
2404	10
2405	10
2406	5
2407	10
2408	5
2409	5
2410	5
2411	5
2412	10
2413	10
2414	5
2415	1
2416	1
2417	1
2418	1
2419	4
2420	4
2421	4
2422	1
2423	1
2424	1
2425	1
2426	1
2427	4
2428	4
2429	4
2430	1
2431	1
2432	1
2433	1
2434	1
2435	1
2436	1
2437	1
2438	1
2439	1
2440	1
2441	1
2442	1
2443	1
2444	1
2445	1
2446	1
2447	1
2448	1
2449	4
2450	4
2451	4
2452	4
2453	4
2454	1
2455	1
2456	1
2457	1
2458	1
2459	1
2460	1
2461	1
2462	1
2463	1
2464	1
2465	1
2466	1
2467	1
2468	1
2469	1
2470	1
2471	1
2472	1
2473	1
2474	1
2475	1
2476	1
2477	1
2478	1
2479	4
2480	1
2481	1
2482	1
2483	1
2484	1
2485	4
2486	4
2487	1
2488	4
2489	4
2490	4
2491	4
2492	1
2493	4
2494	1
2495	4
2496	1
2497	1
2498	1
2499	1
2500	1
2501	4
2502	1
2503	1
2504	1
2505	1
2506	1
2507	1
2508	1
2509	1
2510	1
2511	1
2512	1
2513	1
2514	1
2515	4
2516	4
2517	4
2518	4
2519	4
2520	4
2521	4
2522	4
2523	1
2524	1
2525	4
2526	1
2527	4
2528	1
2529	1
2530	1
2531	1
2532	1
2533	1
2534	1
2535	1
2536	1
2537	1
2538	1
2539	4
2540	1
2541	4
2542	1
2543	1
2544	4
2545	4
2546	4
2547	1
2548	1
2549	1
2550	4
2551	4
2552	4
2553	1
2554	4
2555	4
2556	4
2557	4
2558	1
2559	1
2560	1
2561	1
2562	1
2563	1
2564	1
2565	1
2566	1
2567	1
2568	4
2569	1
2570	1
2571	1
2572	1
2573	1
2574	1
2575	4
2576	4
2577	4
2578	4
2579	4
2580	4
2581	1
2582	1
2583	4
2584	4
2585	1
2586	1
2587	1
2588	1
2589	1
2590	1
2591	1
2592	1
2593	1
2594	1
2595	1
2596	1
2597	1
2598	1
2599	1
2600	4
2601	4
2602	1
2603	1
2604	1
2605	4
2606	13
2607	13
2608	13
2609	13
2610	13
2611	13
2612	13
2613	13
2614	13
2615	13
2616	13
2617	13
2618	13
2619	13
2620	13
2621	13
2622	13
2623	13
2624	13
2625	13
2626	13
2627	13
2628	13
2629	13
2630	13
2631	13
2632	13
2633	13
2634	13
2635	13
2636	13
2637	13
2638	13
2639	13
2640	4
2641	4
2642	4
2643	4
2644	4
2645	4
2646	4
2647	4
2648	4
2649	4
2650	4
2651	4
2652	4
2653	4
2654	4
2655	4
2656	4
2657	4
2658	4
2659	4
2660	4
2661	4
2662	4
2663	4
2664	4
2665	5
2666	4
2667	4
2668	5
2669	5
2670	4
2671	4
2672	4
2673	5
2674	4
2675	4
2676	4
2677	4
2678	4
2679	5
2680	4
2681	5
2682	5
2683	5
2684	5
2685	4
2686	4
2687	4
2688	3
2689	3
2690	3
2691	3
315	8
1657	5
