0	2
1	2
2	2
3	2
4	2
5	2
6	2
7	11
8	11
9	11
10	11
11	11
12	11
13	11
14	11
15	11
16	11
17	11
18	11
19	11
20	11
21	12
22	12
23	12
24	12
25	12
26	12
27	12
28	12
29	3
30	3
31	3
32	3
33	3
34	3
35	3
36	3
37	3
38	3
39	3
40	3
41	3
42	3
43	3
44	3
45	3
46	3
47	3
48	3
49	3
50	3
51	3
52	3
53	10
54	10
55	10
56	10
57	10
58	3
59	3
60	3
61	3
62	3
63	3
64	3
65	10
66	10
67	10
68	10
69	10
70	10
71	12
72	12
73	12
74	12
75	3
76	3
77	3
78	3
79	3
80	3
81	3
82	3
83	7
84	7
85	7
86	7
87	7
88	7
89	7
90	7
91	7
92	7
93	7
94	7
95	7
96	11
97	11
98	11
99	11
100	11
101	11
102	11
103	11
104	11
105	11
106	11
107	11
108	11
109	11
110	11
111	11
112	11
113	11
114	11
115	11
116	11
117	11
118	11
119	11
120	11
121	11
122	11
123	11
124	11
125	11
126	11
127	11
128	11
129	6
130	6
131	1
132	1
133	6
134	6
135	1
136	6
137	6
138	6
139	1
140	6
141	1
142	1
143	6
144	6
145	6
146	6
147	1
148	6
149	6
150	6
151	6
152	6
153	6
154	1
155	1
156	1
157	1
158	1
159	1
160	1
161	1
162	1
163	6
164	6
165	1
166	7
167	7
168	7
169	6
170	6
171	6
172	6
173	7
174	6
175	6
176	6
177	7
178	6
179	6
180	6
181	6
182	6
183	3
184	3
185	3
186	3
187	3
188	3
189	3
190	3
191	3
192	3
193	3
194	3
195	3
196	3
197	3
198	3
199	3
200	3
201	3
202	3
203	3
204	3
205	3
206	3
207	3
208	12
209	12
210	12
211	12
212	12
213	12
214	12
215	12
216	12
217	12
218	12
219	12
220	12
221	12
222	12
223	12
224	12
225	12
226	5
227	5
228	5
229	5
230	5
231	5
232	5
233	5
234	5
235	5
236	12
237	12
238	12
239	12
240	12
241	12
242	12
243	12
244	12
245	12
246	12
247	12
248	3
249	3
250	3
251	3
252	3
253	3
254	3
255	3
256	3
257	3
258	3
259	3
260	3
261	5
262	5
263	5
264	5
265	5
266	5
267	5
268	5
269	5
270	5
271	5
272	5
273	5
274	5
275	5
276	5
277	5
278	5
279	5
280	5
281	5
282	5
283	5
284	5
285	5
286	5
287	5
288	5
289	5
290	5
291	5
292	5
293	5
294	5
295	5
296	5
297	5
298	5
299	5
300	5
301	5
302	3
303	3
304	3
305	3
306	13
307	13
308	13
309	13
310	13
311	13
312	13
313	13
314	13
316	10
317	10
318	10
319	10
320	10
321	10
322	10
323	10
324	10
325	10
326	10
327	10
328	10
329	10
330	10
331	13
332	13
333	13
334	13
335	13
336	13
337	10
338	10
339	10
340	13
341	13
342	13
343	13
344	13
345	13
346	13
347	13
348	13
349	13
350	13
351	13
352	13
353	13
354	13
355	13
356	7
357	13
358	7
359	7
360	7
361	7
362	13
363	7
364	7
365	7
366	13
367	7
368	13
369	13
370	13
371	13
372	13
373	13
374	13
375	13
376	13
377	13
378	13
379	13
380	13
381	13
382	13
383	13
384	13
385	13
386	13
387	13
388	13
389	10
390	10
391	10
392	10
393	10
394	13
395	13
396	13
397	13
398	10
399	10
400	10
401	10
402	10
403	12
404	12
405	12
406	12
407	12
408	12
409	2
410	2
411	2
412	2
413	2
414	2
415	2
416	2
417	2
418	2
419	2
420	2
421	2
422	2
423	2
424	2
425	7
426	6
427	6
428	6
429	7
430	7
431	7
432	7
433	2
434	2
435	2
436	2
437	2
438	2
439	2
440	2
441	2
442	2
443	2
444	2
445	2
446	7
447	6
448	6
449	6
450	6
451	2
452	2
453	2
454	6
455	6
456	7
457	2
458	2
459	2
460	2
461	2
462	2
463	7
464	7
465	7
466	7
467	7
468	7
469	6
470	7
471	6
472	6
473	2
474	2
475	5
476	5
477	6
478	6
479	6
480	6
481	6
482	6
483	6
484	12
485	12
486	6
487	6
488	6
489	5
490	5
491	5
492	5
493	5
494	5
495	6
496	6
497	6
498	12
499	6
500	6
501	6
502	12
503	6
504	6
505	6
506	12
507	12
508	12
509	12
510	12
511	12
512	12
513	12
514	12
515	12
516	12
517	12
518	12
519	12
520	12
521	12
522	8
523	8
524	8
525	8
526	2
527	2
528	8
529	8
530	8
531	8
532	8
533	8
534	8
535	8
536	8
537	8
538	2
539	3
540	2
541	2
542	2
543	2
544	2
545	2
546	2
547	2
548	2
549	2
550	2
551	2
552	2
553	2
554	2
555	2
556	3
557	2
558	3
559	5
560	5
561	5
562	5
563	5
564	5
565	3
566	3
567	2
568	3
569	2
570	4
571	7
572	7
573	4
574	7
575	7
576	7
577	7
578	7
579	4
580	4
581	2
582	2
583	2
584	2
585	3
586	2
587	12
588	5
589	5
590	5
591	5
592	12
593	12
594	5
595	12
596	5
597	12
598	5
599	12
600	12
601	12
602	12
603	3
604	3
605	3
606	3
607	3
608	3
609	3
610	3
611	3
612	3
613	3
614	3
615	3
616	3
617	12
618	12
619	12
620	5
621	5
622	12
623	5
624	5
625	5
626	12
627	5
628	12
629	12
630	12
631	12
632	12
633	12
634	5
635	12
636	12
637	12
638	5
639	3
640	3
641	3
642	3
643	3
644	3
645	3
646	3
647	3
648	3
649	3
650	3
651	3
652	3
653	3
654	3
655	3
656	3
657	6
658	6
659	6
660	6
661	2
662	2
663	2
664	2
665	2
666	2
667	2
668	2
669	2
670	6
671	6
672	6
673	5
674	6
675	6
676	6
677	6
678	6
679	6
680	2
681	2
682	2
683	2
684	2
685	2
686	2
687	2
688	2
689	2
690	2
691	2
692	2
693	2
694	2
695	2
696	2
697	6
698	5
699	6
700	6
701	6
702	6
703	5
704	6
705	6
706	6
707	6
708	6
709	6
710	6
711	6
712	6
713	6
714	2
715	2
716	5
717	5
718	6
719	6
720	6
721	5
722	5
723	5
724	5
725	5
726	5
727	5
728	5
729	5
730	5
731	5
732	11
733	11
734	11
735	11
736	11
737	6
738	6
739	6
740	6
741	6
742	6
743	6
744	6
745	11
746	11
747	11
748	11
749	11
750	11
751	11
752	11
753	11
754	11
755	11
756	11
757	11
758	11
759	11
760	11
761	11
762	11
763	11
764	11
765	11
766	6
767	6
768	6
769	6
770	11
771	11
772	6
773	6
774	6
775	6
776	6
777	6
778	6
779	6
780	6
781	6
782	6
783	6
784	6
785	12
786	6
787	6
788	6
789	6
790	6
791	12
792	12
793	12
794	12
795	12
796	12
797	12
798	12
799	12
800	12
801	6
802	6
803	6
804	6
805	12
806	12
807	12
808	6
809	6
810	6
811	10
812	8
813	10
814	10
815	10
816	8
817	10
818	8
819	8
820	8
821	10
822	10
823	10
824	10
825	8
826	8
827	8
828	8
829	8
830	10
831	10
832	8
833	8
834	10
835	10
836	10
837	10
838	10
839	8
840	10
841	8
842	10
843	10
844	10
845	8
846	10
847	8
848	8
849	8
850	8
851	8
852	10
853	10
854	10
855	8
856	8
857	8
858	3
859	3
860	3
861	3
862	3
863	3
864	3
865	3
866	3
867	3
868	3
869	3
870	3
871	10
872	10
873	8
874	8
875	10
876	10
877	10
878	8
879	8
880	8
881	10
882	10
883	10
884	10
885	10
886	10
887	10
888	10
889	8
890	8
891	8
892	8
893	10
894	10
895	10
896	10
897	8
898	8
899	8
900	8
901	8
902	10
903	10
904	10
905	10
906	8
907	10
908	10
909	8
910	8
911	8
912	8
913	8
914	10
915	10
916	8
917	10
918	8
919	8
920	8
921	8
922	8
923	8
924	8
925	10
926	8
927	10
928	10
929	10
930	10
931	10
932	8
933	8
934	8
935	10
936	10
937	10
938	8
939	8
940	8
941	8
942	10
943	8
944	8
945	8
946	8
947	10
948	10
949	10
950	8
951	8
952	8
953	8
954	8
955	8
956	8
957	10
958	10
959	10
960	8
961	8
962	10
963	10
964	10
965	10
966	8
967	8
968	8
969	10
970	8
971	8
972	10
973	10
974	8
975	8
976	10
977	10
978	8
979	8
980	8
981	8
982	10
983	10
984	11
985	6
986	6
987	6
988	6
989	6
990	6
991	6
992	6
993	6
994	6
995	6
996	6
997	6
998	6
999	6
1000	6
1001	6
1002	6
1003	6
1004	6
1005	6
1006	6
1007	10
1008	11
1009	6
1010	11
1011	10
1012	11
1013	11
1014	10
1015	10
1016	10
1017	11
1018	11
1019	10
1020	10
1021	10
1022	10
1023	10
1024	10
1025	10
1026	10
1027	11
1028	10
1029	10
1030	10
1031	10
1032	10
1033	10
1034	10
1035	10
1036	10
1037	11
1038	10
1039	11
1040	10
1041	10
1042	11
1043	10
1044	10
1045	10
1046	10
1047	10
1048	11
1049	10
1050	10
1051	11
1052	10
1053	10
1054	10
1055	10
1056	11
1057	11
1058	10
1059	10
1060	10
1061	10
1062	10
1063	10
1064	10
1065	11
1066	11
1067	11
1068	11
1069	10
1070	11
1071	10
1072	10
1073	10
1074	10
1075	3
1076	3
1077	3
1078	3
1079	3
1080	3
1081	3
1082	3
1083	3
1084	3
1085	3
1086	3
1087	5
1088	5
1089	5
1090	5
1091	5
1092	5
1093	5
1094	12
1095	12
1096	12
1097	12
1098	12
1099	12
1100	12
1101	12
1102	12
1103	12
1104	12
1105	12
1106	12
1107	13
1108	13
1109	13
1110	13
1111	13
1112	13
1113	13
1114	13
1115	13
1116	13
1117	13
1118	13
1119	13
1120	13
1121	13
1122	13
1123	13
1124	13
1125	13
1126	13
1127	13
1128	13
1129	13
1130	13
1131	13
1132	13
1133	13
1134	13
1135	13
1136	8
1137	8
1138	8
1139	8
1140	13
1141	13
1142	13
1143	13
1144	13
1145	13
1146	13
1147	13
1148	13
1149	13
1150	13
1151	13
1152	13
1153	13
1154	12
1155	12
1156	12
1157	12
1158	12
1159	12
1160	12
1161	12
1162	12
1163	12
1164	12
1165	12
1166	12
1167	12
1168	12
1169	11
1170	11
1171	11
1172	10
1173	11
1174	10
1175	11
1176	10
1177	10
1178	10
1179	10
1180	11
1181	10
1182	10
1183	11
1184	11
1185	11
1186	10
1187	10
1188	10
1189	10
1190	11
1191	11
1192	11
1193	10
1194	11
1195	10
1196	11
1197	10
1198	11
1199	10
1200	8
1201	8
1202	8
1203	8
1204	8
1205	8
1206	8
1207	8
1208	8
1209	8
1210	8
1211	8
1212	8
1213	8
1214	8
1215	8
1216	8
1217	8
1218	8
1219	8
1220	8
1221	8
1222	8
1223	8
1224	8
1225	8
1226	8
1227	8
1228	8
1229	8
1230	8
1231	8
1232	8
1233	8
1234	8
1235	8
1236	8
1237	8
1238	8
1239	8
1240	5
1241	5
1242	5
1243	5
1244	5
1245	5
1246	5
1247	5
1248	5
1249	5
1250	5
1251	5
1252	5
1253	3
1254	2
1255	3
1256	2
1257	2
1258	5
1259	5
1260	5
1261	5
1262	5
1263	5
1264	3
1265	2
1266	2
1267	3
1268	2
1269	2
1270	2
1271	2
1272	2
1273	2
1274	2
1275	2
1276	3
1277	2
1278	12
1279	12
1280	12
1281	5
1282	5
1283	5
1284	2
1285	3
1286	2
1287	2
1288	12
1289	12
1290	12
1291	12
1292	12
1293	12
1294	12
1295	12
1296	12
1297	12
1298	12
1299	12
1300	12
1301	12
1302	12
1303	3
1304	3
1305	3
1306	3
1307	3
1308	3
1309	3
1310	3
1311	3
1312	3
1313	3
1314	8
1315	8
1316	8
1317	8
1318	8
1319	8
1320	8
1321	8
1322	8
1323	8
1324	8
1325	8
1326	8
1327	8
1328	8
1329	8
1330	8
1331	8
1332	8
1333	8
1334	8
1335	8
1336	8
1337	8
1338	8
1339	8
1340	8
1341	8
1342	8
1343	8
1344	8
1345	8
1346	3
1347	3
1348	3
1349	3
1350	3
1351	3
1352	3
1353	3
1354	3
1355	3
1356	3
1357	3
1358	3
1359	3
1360	3
1361	3
1362	3
1363	8
1364	13
1365	8
1366	13
1367	13
1368	8
1369	8
1370	8
1371	13
1372	13
1373	8
1374	8
1375	8
1376	8
1377	8
1378	8
1379	13
1380	13
1381	12
1382	12
1383	12
1384	12
1385	12
1386	12
1387	12
1388	12
1389	12
1390	12
1391	12
1392	12
1393	12
1394	12
1395	12
1396	12
1397	2
1398	3
1399	3
1400	3
1401	2
1402	3
1403	3
1404	2
1405	3
1406	3
1407	3
1408	3
1409	3
1410	2
1411	3
1412	3
1413	2
1414	3
1415	3
1416	3
1417	2
1418	2
1419	3
1420	2
1421	3
1422	2
1423	3
1424	3
1425	2
1426	2
1427	3
1428	4
1429	7
1430	4
1431	4
1432	7
1433	4
1434	4
1435	4
1436	4
1437	7
1438	4
1439	4
1440	4
1441	11
1442	11
1443	11
1444	11
1445	11
1446	11
1447	11
1448	11
1449	11
1450	11
1451	11
1452	11
1453	11
1454	11
1455	4
1456	7
1457	4
1458	7
1459	4
1460	4
1461	4
1462	4
1463	4
1464	4
1465	12
1466	12
1467	12
1468	12
1469	12
1470	12
1471	12
1472	12
1473	12
1474	12
1475	12
1476	12
1477	12
1478	12
1479	12
1480	12
1481	12
1482	12
1483	12
1484	12
1485	12
1486	12
1487	12
1488	12
1489	10
1490	10
1491	10
1492	10
1493	10
1494	10
1495	10
1496	10
1497	10
1498	10
1499	10
1500	10
1501	2
1502	2
1503	2
1504	2
1505	2
1506	2
1507	2
1508	2
1509	2
1510	2
1511	2
1512	2
1513	2
1514	2
1515	2
1516	2
1517	2
1518	2
1519	2
1520	2
1521	2
1522	2
1523	2
1524	2
1525	2
1526	2
1527	2
1528	2
1529	6
1530	6
1531	6
1532	6
1533	6
1534	6
1535	6
1536	6
1537	6
1538	6
1539	6
1540	6
1541	6
1542	6
1543	6
1544	6
1545	6
1546	6
1547	6
1548	6
1549	6
1550	6
1551	6
1552	7
1553	8
1554	8
1555	8
1556	8
1557	8
1558	8
1559	7
1560	8
1561	8
1562	8
1563	8
1564	8
1565	8
1566	8
1567	7
1568	8
1569	8
1570	8
1571	8
1572	7
1573	8
1574	8
1575	7
1576	11
1577	11
1578	11
1579	11
1580	11
1581	11
1582	11
1583	11
1584	11
1585	11
1586	11
1587	11
1588	11
1589	11
1590	11
1591	11
1592	11
1593	3
1594	3
1595	3
1596	3
1597	3
1598	3
1599	3
1600	3
1601	3
1602	7
1603	7
1604	7
1605	7
1606	7
1607	7
1608	7
1609	7
1610	7
1611	7
1612	7
1613	7
1614	7
1615	7
1616	7
1617	7
1618	12
1619	12
1620	12
1621	12
1622	12
1623	12
1624	12
1625	12
1626	12
1627	12
1628	12
1629	11
1630	11
1631	11
1632	11
1633	11
1634	11
1635	11
1636	11
1637	11
1638	11
1639	11
1640	11
1641	11
1642	11
1643	11
1644	12
1645	12
1646	12
1647	12
1648	12
1649	11
1650	11
1651	11
1652	11
1653	11
1654	11
1655	11
1656	11
1658	11
1659	11
1660	11
1661	11
1662	11
1663	11
1664	11
1665	11
1666	11
1667	11
1668	11
1669	11
1670	11
1671	11
1672	11
1673	12
1674	11
1675	11
1676	11
1677	12
1678	5
1679	5
1680	5
1681	5
1682	5
1683	5
1684	5
1685	2
1686	2
1687	2
1688	2
1689	2
1690	2
1691	2
1692	2
1693	2
1694	2
1695	2
1696	2
1697	2
1698	2
1699	2
1700	2
1701	11
1702	11
1703	4
1704	4
1705	11
1706	11
1707	11
1708	11
1709	11
1710	11
1711	11
1712	11
1713	12
1714	12
1715	12
1716	12
1717	12
1718	12
1719	12
1720	12
1721	12
1722	12
1723	12
1724	12
1725	11
1726	11
1727	11
1728	12
1729	11
1730	11
1731	11
1732	11
1733	11
1734	11
1735	11
1736	11
1737	11
1738	11
1739	11
1740	11
1741	11
1742	2
1743	2
1744	4
1745	4
1746	2
1747	4
1748	2
1749	4
1750	4
1751	2
1752	2
1753	2
1754	4
1755	2
1756	4
1757	12
1758	12
1759	12
1760	12
1761	2
1762	4
1763	4
1764	4
1765	4
1766	2
1767	4
1768	4
1769	2
1770	2
1771	2
1772	4
1773	2
1774	12
1775	12
1776	12
1777	12
1778	12
1779	12
1780	12
1781	12
1782	12
1783	12
1784	12
1785	12
1786	12
1787	4
1788	4
1789	2
1790	2
1791	4
1792	2
1793	2
1794	4
1795	12
1796	12
1797	12
1798	12
1799	4
1800	2
1801	2
1802	2
1803	4
1804	4
1805	4
1806	4
1807	2
1808	4
1809	4
1810	4
1811	4
1812	4
1813	4
1814	4
1815	4
1816	4
1817	4
1818	4
1819	4
1820	4
1821	4
1822	4
1823	4
1824	4
1825	4
1826	4
1827	4
1828	4
1829	4
1830	12
1831	5
1832	12
1833	5
1834	12
1835	4
1836	4
1837	12
1838	4
1839	4
1840	8
1841	8
1842	8
1843	8
1844	8
1845	4
1846	4
1847	4
1848	4
1849	4
1850	4
1851	4
1852	4
1853	4
1854	4
1855	4
1856	4
1857	5
1858	5
1859	5
1860	5
1861	5
1862	5
1863	4
1864	4
1865	4
1866	4
1867	4
1868	4
1869	4
1870	4
1871	4
1872	5
1873	5
1874	5
1875	5
1876	5
1877	5
1878	5
1879	5
1880	5
1881	5
1882	5
1883	5
1884	5
1885	5
1886	5
1887	5
1888	5
1889	5
1890	5
1891	5
1892	5
1893	5
1894	5
1895	3
1896	3
1897	3
1898	12
1899	12
1900	12
1901	12
1902	12
1903	12
1904	3
1905	3
1906	3
1907	3
1908	3
1909	3
1910	3
1911	3
1912	3
1913	3
1914	3
1915	3
1916	12
1917	12
1918	12
1919	12
1920	12
1921	12
1922	12
1923	12
1924	3
1925	3
1926	3
1927	3
1928	3
1929	3
1930	3
1931	3
1932	3
1933	3
1934	3
1935	3
1936	3
1937	3
1938	3
1939	3
1940	3
1941	3
1942	3
1943	3
1944	3
1945	3
1946	3
1947	3
1948	3
1949	3
1950	3
1951	3
1952	3
1953	3
1954	3
1955	3
1956	3
1957	3
1958	3
1959	3
1960	3
1961	3
1962	3
1963	3
1964	3
1965	3
1966	3
1967	3
1968	3
1969	3
1970	3
1971	3
1972	3
1973	3
1974	3
1975	3
1976	7
1977	7
1978	7
1979	7
1980	7
1981	7
1982	7
1983	7
1984	7
1985	7
1986	7
1987	7
1988	7
1989	7
1990	7
1991	7
1992	7
1993	7
1994	7
1995	7
1996	7
1997	7
1998	7
1999	7
2000	7
2001	7
2002	7
2003	7
2004	7
2005	7
2006	7
2007	7
2008	7
2009	7
2010	7
2011	7
2012	7
2013	7
2014	7
2015	7
2016	7
2017	5
2018	5
2019	5
2020	5
2021	5
2022	5
2023	5
2024	6
2025	5
2026	5
2027	5
2028	5
2029	5
2030	6
2031	6
2032	6
2033	6
2034	6
2035	6
2036	6
2037	6
2038	5
2039	5
2040	5
2041	5
2042	5
2043	5
2044	5
2045	5
2046	6
2047	6
2048	5
2049	5
2050	5
2051	6
2052	6
2053	6
2054	6
2055	6
2056	6
2057	6
2058	7
2059	7
2060	7
2061	7
2062	7
2063	7
2064	7
2065	7
2066	7
2067	7
2068	5
2069	5
2070	5
2071	5
2072	5
2073	12
2074	5
2075	5
2076	5
2077	12
2078	12
2079	5
2080	12
2081	5
2082	12
2083	5
2084	5
2085	5
2086	5
2087	5
2088	5
2089	11
2090	11
2091	11
2092	11
2093	11
2094	11
2095	11
2096	2
2097	2
2098	2
2099	2
2100	2
2101	2
2102	2
2103	2
2104	2
2105	2
2106	2
2107	2
2108	2
2109	2
2110	2
2111	2
2112	2
2113	9
2114	9
2115	9
2116	9
2117	9
2118	4
2119	9
2120	9
2121	9
2122	9
2123	4
2124	5
2125	9
2126	9
2127	9
2128	9
2129	9
2130	9
2131	9
2132	9
2133	4
2134	9
2135	9
2136	9
2137	4
2138	4
2139	9
2140	4
2141	9
2142	9
2143	9
2144	9
2145	9
2146	9
2147	9
2148	9
2149	9
2150	9
2151	9
2152	9
2153	9
2154	9
2155	9
2156	9
2157	9
2158	9
2159	9
2160	9
2161	9
2162	9
2163	9
2164	4
2165	4
2166	9
2167	9
2168	9
2169	9
2170	9
2171	9
2172	9
2173	9
2174	9
2175	9
2176	4
2177	4
2178	9
2179	9
2180	4
2181	4
2182	9
2183	9
2184	9
2185	9
2186	9
2187	9
2188	9
2189	9
2190	9
2191	9
2192	9
2193	9
2194	9
2195	9
2196	9
2197	9
2198	9
2199	4
2200	9
2201	9
2202	9
2203	9
2204	9
2205	9
2206	9
2207	9
2208	9
2209	9
2210	9
2211	9
2212	9
2213	9
2214	9
2215	9
2216	9
2217	9
2218	9
2219	9
2220	9
2221	9
2222	9
2223	9
2224	9
2225	9
2226	9
2227	9
2228	9
2229	9
2230	4
2231	4
2232	9
2233	4
2234	4
2235	9
2236	4
2237	4
2238	4
2239	9
2240	9
2241	9
2242	9
2243	9
2244	9
2245	4
2246	9
2247	4
2248	4
2249	9
2250	9
2251	9
2252	9
2253	9
2254	9
2255	9
2256	4
2257	9
2258	9
2259	9
2260	9
2261	4
2262	4
2263	9
2264	9
2265	9
2266	9
2267	9
2268	9
2269	9
2270	9
2271	9
2272	9
2273	9
2274	9
2275	9
2276	9
2277	4
2278	9
2279	9
2280	9
2281	9
2282	9
2283	4
2284	5
2285	5
2286	9
2287	9
2288	9
2289	9
2290	9
2291	9
2292	9
2293	9
2294	9
2295	9
2296	9
2297	9
2298	9
2299	9
2300	9
2301	9
2302	4
2303	9
2304	4
2305	9
2306	9
2307	9
2308	9
2309	5
2310	5
2311	5
2312	10
2313	10
2314	10
2315	10
2316	10
2317	10
2318	10
2319	10
2320	10
2321	10
2322	10
2323	10
2324	10
2325	10
2326	10
2327	10
2328	10
2329	10
2330	3
2331	3
2332	3
2333	3
2334	3
2335	3
2336	3
2337	3
2338	3
2339	3
2340	3
2341	3
2342	3
2343	3
2344	3
2345	3
2346	10
2347	10
2348	10
2349	10
2350	10
2351	10
2352	10
2353	10
2354	10
2355	10
2356	10
2357	10
2358	10
2359	10
2360	10
2361	10
2362	10
2363	10
2364	10
2365	10
2366	4
2367	4
2368	4
2369	4
2370	4
2371	4
2372	4
2373	4
2374	4
2375	4
2376	4
2377	4
2378	4
2379	4
2380	4
2381	4
2382	4
2383	4
2384	4
2385	4
2386	4
2387	4
2388	4
2389	4
2390	4
2391	4
2392	4
2393	4
2394	4
2395	4
2396	4
2397	4
2398	4
2399	4
2400	4
2401	4
2402	4
2403	4
2404	4
2405	4
2406	4
2407	4
2408	4
2409	4
2410	4
2411	4
2412	4
2413	4
2414	4
2415	1
2416	13
2417	13
2418	1
2419	1
2420	1
2421	1
2422	1
2423	1
2424	1
2425	13
2426	1
2427	1
2428	1
2429	1
2430	1
2431	1
2432	1
2433	1
2434	1
2435	1
2436	1
2437	1
2438	1
2439	1
2440	1
2441	1
2442	1
2443	1
2444	1
2445	1
2446	1
2447	1
2448	1
2449	13
2450	1
2451	13
2452	13
2453	13
2454	13
2455	13
2456	13
2457	13
2458	13
2459	13
2460	1
2461	1
2462	13
2463	13
2464	13
2465	1
2466	1
2467	13
2468	13
2469	13
2470	13
2471	13
2472	1
2473	1
2474	1
2475	13
2476	13
2477	13
2478	13
2479	13
2480	1
2481	13
2482	13
2483	1
2484	13
2485	13
2486	13
2487	13
2488	13
2489	13
2490	13
2491	13
2492	13
2493	13
2494	13
2495	13
2496	1
2497	1
2498	1
2499	1
2500	13
2501	13
2502	1
2503	1
2504	1
2505	1
2506	1
2507	1
2508	1
2509	1
2510	1
2511	1
2512	1
2513	1
2514	1
2515	1
2516	1
2517	1
2518	1
2519	1
2520	1
2521	1
2522	1
2523	1
2524	1
2525	1
2526	13
2527	1
2528	1
2529	1
2530	1
2531	1
2532	1
2533	1
2534	1
2535	1
2536	1
2537	1
2538	1
2539	1
2540	1
2541	1
2542	1
2543	1
2544	1
2545	1
2546	1
2547	1
2548	1
2549	1
2550	1
2551	1
2552	1
2553	1
2554	1
2555	1
2556	1
2557	1
2558	1
2559	1
2560	1
2561	1
2562	1
2563	1
2564	1
2565	1
2566	1
2567	1
2568	1
2569	1
2570	1
2571	1
2572	1
2573	1
2574	1
2575	13
2576	13
2577	1
2578	13
2579	1
2580	1
2581	1
2582	1
2583	13
2584	1
2585	1
2586	13
2587	1
2588	1
2589	1
2590	1
2591	1
2592	1
2593	1
2594	13
2595	1
2596	1
2597	13
2598	13
2599	1
2600	1
2601	1
2602	1
2603	1
2604	1
2605	1
2606	5
2607	5
2608	5
2609	5
2610	5
2611	5
2612	5
2613	5
2614	5
2615	5
2616	5
2617	5
2618	5
2619	5
2620	5
2621	5
2622	5
2623	5
2624	5
2625	5
2626	5
2627	5
2628	5
2629	5
2630	5
2631	5
2632	5
2633	5
2634	5
2635	5
2636	5
2637	5
2638	5
2639	5
2640	7
2641	7
2642	7
2643	7
2644	7
2645	7
2646	7
2647	7
2648	7
2649	7
2650	7
2651	7
2652	7
2653	7
2654	7
2655	6
2656	7
2657	6
2658	7
2659	7
2660	7
2661	6
2662	6
2663	7
2664	7
2665	7
2666	7
2667	7
2668	7
2669	7
2670	7
2671	7
2672	7
2673	7
2674	7
2675	6
2676	7
2677	7
2678	6
2679	7
2680	7
2681	7
2682	7
2683	7
2684	7
2685	7
2686	7
2687	7
2688	3
2689	3
2690	3
2691	3
315	10
1657	11
