0	4
1	4
2	4
3	4
4	4
5	4
6	4
7	2
8	8
9	2
10	2
11	8
12	8
13	8
14	8
15	8
16	8
17	8
18	8
19	8
20	2
21	10
22	10
23	10
24	10
25	10
26	10
27	10
28	10
29	5
30	5
31	5
32	5
33	5
34	5
35	5
36	5
37	5
38	5
39	5
40	5
41	5
42	5
43	5
44	5
45	5
46	5
47	5
48	5
49	5
50	5
51	5
52	5
53	12
54	12
55	12
56	12
57	12
58	5
59	5
60	5
61	5
62	5
63	5
64	5
65	12
66	12
67	12
68	12
69	12
70	12
71	10
72	10
73	10
74	10
75	5
76	5
77	5
78	5
79	5
80	5
81	5
82	5
83	6
84	6
85	6
86	6
87	6
88	6
89	6
90	6
91	6
92	6
93	6
94	6
95	6
96	8
97	8
98	8
99	8
100	8
101	8
102	2
103	8
104	2
105	8
106	8
107	8
108	8
109	8
110	8
111	8
112	8
113	8
114	8
115	8
116	8
117	8
118	8
119	8
120	8
121	8
122	8
123	8
124	8
125	8
126	8
127	8
128	8
129	9
130	9
131	9
132	9
133	9
134	9
135	9
136	9
137	9
138	9
139	11
140	9
141	9
142	9
143	9
144	9
145	9
146	9
147	9
148	9
149	9
150	9
151	9
152	9
153	9
154	9
155	9
156	9
157	9
158	11
159	9
160	9
161	9
162	9
163	9
164	9
165	9
166	9
167	9
168	9
169	9
170	9
171	9
172	9
173	9
174	9
175	9
176	9
177	9
178	9
179	9
180	9
181	9
182	9
183	5
184	5
185	5
186	5
187	5
188	5
189	5
190	5
191	5
192	5
193	5
194	5
195	5
196	5
197	5
198	5
199	5
200	5
201	5
202	5
203	5
204	5
205	5
206	5
207	5
208	10
209	10
210	10
211	10
212	10
213	10
214	10
215	10
216	10
217	10
218	10
219	10
220	10
221	10
222	10
223	10
224	10
225	10
226	10
227	10
228	10
229	10
230	10
231	10
232	10
233	10
234	10
235	10
236	10
237	10
238	10
239	10
240	10
241	10
242	10
243	10
244	10
245	10
246	10
247	10
248	5
249	5
250	5
251	5
252	5
253	5
254	5
255	5
256	5
257	5
258	5
259	5
260	5
261	13
262	13
263	13
264	13
265	13
266	13
267	13
268	13
269	13
270	13
271	13
272	13
273	13
274	13
275	13
276	13
277	13
278	13
279	13
280	13
281	13
282	13
283	13
284	13
285	13
286	13
287	13
288	13
289	13
290	13
291	13
292	13
293	13
294	13
295	13
296	13
297	13
298	13
299	13
300	13
301	13
302	5
303	5
304	5
305	5
306	3
307	3
308	3
309	3
310	3
311	3
312	3
313	3
314	3
316	8
317	8
318	8
319	8
320	8
321	8
322	8
323	8
324	8
325	8
326	8
327	8
328	8
329	8
330	8
331	3
332	3
333	3
334	3
335	3
336	3
337	8
338	8
339	8
340	3
341	3
342	3
343	3
344	3
345	11
346	3
347	3
348	3
349	3
350	3
351	3
352	3
353	3
354	3
355	3
356	9
357	9
358	7
359	9
360	9
361	7
362	9
363	9
364	9
365	7
366	9
367	7
368	7
369	3
370	3
371	3
372	3
373	3
374	3
375	3
376	3
377	3
378	3
379	3
380	3
381	3
382	3
383	3
384	3
385	3
386	3
387	3
388	3
389	8
390	8
391	8
392	8
393	8
394	3
395	3
396	3
397	3
398	8
399	8
400	8
401	8
402	8
403	10
404	10
405	10
406	10
407	10
408	10
409	8
410	4
411	8
412	8
413	4
414	4
415	4
416	8
417	4
418	8
419	8
420	4
421	8
422	4
423	8
424	4
425	9
426	9
427	9
428	9
429	9
430	9
431	9
432	9
433	8
434	4
435	4
436	8
437	4
438	4
439	8
440	4
441	4
442	8
443	4
444	8
445	4
446	9
447	9
448	9
449	9
450	9
451	4
452	4
453	8
454	9
455	9
456	9
457	4
458	4
459	4
460	4
461	4
462	4
463	9
464	9
465	9
466	9
467	9
468	9
469	9
470	9
471	9
472	9
473	8
474	8
475	13
476	13
477	9
478	9
479	9
480	9
481	9
482	9
483	9
484	10
485	10
486	9
487	9
488	9
489	13
490	13
491	13
492	13
493	13
494	13
495	9
496	9
497	9
498	10
499	9
500	9
501	9
502	10
503	9
504	9
505	9
506	10
507	10
508	10
509	10
510	10
511	10
512	10
513	10
514	10
515	10
516	10
517	10
518	10
519	10
520	10
521	10
522	6
523	6
524	6
525	6
526	4
527	4
528	6
529	6
530	6
531	6
532	6
533	6
534	6
535	6
536	6
537	6
538	4
539	4
540	4
541	4
542	4
543	4
544	4
545	4
546	4
547	4
548	4
549	4
550	4
551	4
552	4
553	4
554	4
555	4
556	4
557	4
558	4
559	10
560	10
561	10
562	10
563	10
564	10
565	4
566	4
567	4
568	4
569	4
570	2
571	2
572	2
573	2
574	2
575	2
576	2
577	2
578	2
579	2
580	2
581	4
582	4
583	4
584	4
585	4
586	4
587	10
588	10
589	10
590	10
591	10
592	10
593	10
594	10
595	10
596	10
597	10
598	10
599	10
600	10
601	10
602	10
603	5
604	5
605	5
606	5
607	5
608	5
609	5
610	5
611	5
612	5
613	5
614	5
615	5
616	5
617	10
618	10
619	10
620	10
621	10
622	10
623	10
624	10
625	10
626	10
627	10
628	10
629	10
630	10
631	10
632	10
633	10
634	10
635	10
636	10
637	10
638	10
639	4
640	4
641	4
642	4
643	4
644	4
645	4
646	4
647	4
648	4
649	4
650	4
651	4
652	4
653	4
654	4
655	4
656	4
657	13
658	13
659	13
660	13
661	4
662	4
663	4
664	4
665	4
666	4
667	4
668	4
669	4
670	9
671	9
672	9
673	9
674	9
675	9
676	9
677	9
678	9
679	9
680	4
681	4
682	4
683	4
684	4
685	4
686	4
687	4
688	4
689	4
690	4
691	4
692	4
693	4
694	4
695	4
696	4
697	9
698	9
699	9
700	9
701	9
702	9
703	9
704	9
705	9
706	9
707	9
708	9
709	9
710	9
711	9
712	9
713	9
714	4
715	4
716	10
717	10
718	9
719	9
720	9
721	10
722	10
723	10
724	10
725	10
726	10
727	10
728	10
729	10
730	10
731	10
732	8
733	8
734	8
735	8
736	8
737	9
738	13
739	13
740	9
741	13
742	13
743	13
744	13
745	8
746	8
747	8
748	8
749	8
750	8
751	8
752	8
753	8
754	8
755	8
756	8
757	8
758	8
759	8
760	8
761	8
762	8
763	8
764	8
765	8
766	13
767	13
768	13
769	13
770	8
771	8
772	13
773	13
774	13
775	13
776	13
777	13
778	13
779	13
780	13
781	13
782	13
783	13
784	13
785	3
786	13
787	13
788	13
789	13
790	13
791	3
792	3
793	3
794	3
795	3
796	3
797	3
798	3
799	3
800	3
801	13
802	13
803	13
804	13
805	3
806	3
807	3
808	13
809	13
810	13
811	12
812	12
813	7
814	12
815	7
816	7
817	7
818	12
819	7
820	12
821	12
822	7
823	7
824	7
825	7
826	7
827	7
828	7
829	12
830	12
831	12
832	7
833	7
834	12
835	12
836	12
837	12
838	7
839	7
840	12
841	7
842	12
843	12
844	7
845	7
846	7
847	12
848	7
849	7
850	12
851	12
852	12
853	12
854	12
855	7
856	12
857	12
858	5
859	5
860	5
861	5
862	5
863	5
864	5
865	5
866	5
867	5
868	5
869	5
870	5
871	7
872	7
873	7
874	7
875	12
876	7
877	7
878	7
879	7
880	7
881	12
882	7
883	12
884	7
885	12
886	7
887	7
888	12
889	7
890	7
891	7
892	12
893	12
894	12
895	12
896	7
897	7
898	7
899	12
900	7
901	12
902	7
903	12
904	7
905	12
906	7
907	7
908	12
909	7
910	12
911	12
912	12
913	7
914	12
915	7
916	7
917	7
918	7
919	7
920	7
921	7
922	12
923	12
924	7
925	12
926	7
927	7
928	12
929	7
930	12
931	12
932	7
933	12
934	7
935	7
936	7
937	7
938	7
939	7
940	7
941	7
942	12
943	7
944	12
945	12
946	7
947	12
948	12
949	12
950	7
951	7
952	7
953	7
954	12
955	12
956	12
957	12
958	12
959	7
960	7
961	7
962	12
963	7
964	12
965	7
966	7
967	7
968	7
969	7
970	7
971	7
972	12
973	12
974	7
975	12
976	12
977	12
978	7
979	7
980	7
981	7
982	12
983	12
984	12
985	9
986	9
987	9
988	9
989	9
990	9
991	9
992	9
993	9
994	9
995	9
996	9
997	9
998	9
999	9
1000	9
1001	9
1002	9
1003	9
1004	9
1005	9
1006	9
1007	12
1008	12
1009	9
1010	12
1011	12
1012	12
1013	12
1014	12
1015	12
1016	12
1017	12
1018	12
1019	12
1020	12
1021	12
1022	12
1023	12
1024	12
1025	12
1026	12
1027	12
1028	12
1029	12
1030	12
1031	12
1032	12
1033	12
1034	12
1035	12
1036	12
1037	12
1038	12
1039	12
1040	12
1041	12
1042	12
1043	12
1044	12
1045	12
1046	12
1047	12
1048	12
1049	12
1050	12
1051	12
1052	12
1053	12
1054	12
1055	12
1056	12
1057	12
1058	12
1059	12
1060	12
1061	12
1062	12
1063	12
1064	12
1065	12
1066	12
1067	12
1068	12
1069	12
1070	12
1071	12
1072	12
1073	12
1074	12
1075	5
1076	5
1077	5
1078	5
1079	5
1080	5
1081	5
1082	5
1083	5
1084	5
1085	5
1086	5
1087	13
1088	13
1089	13
1090	13
1091	13
1092	13
1093	13
1094	10
1095	10
1096	10
1097	10
1098	10
1099	10
1100	10
1101	10
1102	10
1103	10
1104	10
1105	10
1106	10
1107	7
1108	3
1109	7
1110	7
1111	3
1112	7
1113	7
1114	3
1115	7
1116	7
1117	7
1118	3
1119	7
1120	3
1121	7
1122	3
1123	7
1124	3
1125	3
1126	3
1127	7
1128	3
1129	7
1130	3
1131	3
1132	7
1133	3
1134	7
1135	3
1136	7
1137	7
1138	7
1139	7
1140	7
1141	7
1142	7
1143	7
1144	3
1145	3
1146	7
1147	3
1148	7
1149	7
1150	7
1151	3
1152	7
1153	3
1154	3
1155	3
1156	3
1157	3
1158	3
1159	3
1160	3
1161	3
1162	3
1163	3
1164	3
1165	3
1166	3
1167	3
1168	3
1169	12
1170	12
1171	12
1172	12
1173	12
1174	12
1175	12
1176	12
1177	12
1178	12
1179	12
1180	12
1181	12
1182	12
1183	12
1184	12
1185	12
1186	12
1187	12
1188	12
1189	12
1190	12
1191	12
1192	12
1193	12
1194	12
1195	12
1196	12
1197	12
1198	12
1199	12
1200	6
1201	7
1202	6
1203	7
1204	6
1205	6
1206	6
1207	6
1208	6
1209	6
1210	6
1211	6
1212	6
1213	6
1214	6
1215	6
1216	6
1217	6
1218	6
1219	6
1220	6
1221	6
1222	7
1223	7
1224	6
1225	6
1226	6
1227	6
1228	6
1229	7
1230	7
1231	6
1232	7
1233	6
1234	6
1235	6
1236	7
1237	7
1238	7
1239	6
1240	13
1241	13
1242	10
1243	10
1244	10
1245	13
1246	10
1247	10
1248	10
1249	10
1250	10
1251	10
1252	10
1253	5
1254	5
1255	5
1256	5
1257	5
1258	10
1259	10
1260	10
1261	10
1262	10
1263	13
1264	5
1265	5
1266	5
1267	5
1268	5
1269	5
1270	5
1271	5
1272	5
1273	5
1274	5
1275	5
1276	5
1277	5
1278	3
1279	3
1280	3
1281	10
1282	13
1283	13
1284	5
1285	5
1286	5
1287	5
1288	3
1289	3
1290	3
1291	3
1292	3
1293	3
1294	3
1295	3
1296	3
1297	3
1298	3
1299	3
1300	3
1301	3
1302	3
1303	5
1304	5
1305	5
1306	5
1307	5
1308	5
1309	5
1310	5
1311	5
1312	5
1313	5
1314	7
1315	7
1316	7
1317	7
1318	7
1319	7
1320	7
1321	7
1322	7
1323	7
1324	7
1325	7
1326	7
1327	7
1328	7
1329	7
1330	7
1331	7
1332	7
1333	7
1334	7
1335	7
1336	7
1337	7
1338	7
1339	7
1340	7
1341	7
1342	7
1343	7
1344	7
1345	7
1346	5
1347	5
1348	5
1349	5
1350	5
1351	5
1352	5
1353	5
1354	5
1355	5
1356	5
1357	5
1358	5
1359	5
1360	5
1361	5
1362	5
1363	7
1364	7
1365	7
1366	7
1367	7
1368	7
1369	7
1370	7
1371	7
1372	7
1373	7
1374	7
1375	7
1376	7
1377	7
1378	7
1379	7
1380	7
1381	3
1382	3
1383	3
1384	3
1385	3
1386	3
1387	3
1388	3
1389	3
1390	3
1391	3
1392	3
1393	3
1394	3
1395	3
1396	3
1397	4
1398	5
1399	5
1400	5
1401	5
1402	5
1403	5
1404	4
1405	5
1406	5
1407	5
1408	5
1409	5
1410	4
1411	5
1412	5
1413	4
1414	5
1415	5
1416	5
1417	4
1418	4
1419	5
1420	4
1421	5
1422	4
1423	4
1424	5
1425	4
1426	4
1427	4
1428	2
1429	2
1430	2
1431	2
1432	2
1433	2
1434	2
1435	2
1436	2
1437	2
1438	2
1439	2
1440	2
1441	8
1442	8
1443	8
1444	8
1445	8
1446	8
1447	8
1448	8
1449	8
1450	8
1451	8
1452	8
1453	8
1454	8
1455	2
1456	2
1457	2
1458	2
1459	2
1460	2
1461	2
1462	2
1463	2
1464	2
1465	10
1466	10
1467	10
1468	10
1469	10
1470	10
1471	10
1472	10
1473	10
1474	10
1475	10
1476	10
1477	10
1478	10
1479	10
1480	10
1481	10
1482	10
1483	10
1484	10
1485	10
1486	10
1487	10
1488	10
1489	8
1490	8
1491	8
1492	8
1493	8
1494	8
1495	8
1496	8
1497	8
1498	8
1499	8
1500	8
1501	4
1502	4
1503	4
1504	4
1505	4
1506	4
1507	4
1508	4
1509	4
1510	4
1511	4
1512	4
1513	4
1514	4
1515	4
1516	4
1517	4
1518	4
1519	4
1520	4
1521	4
1522	4
1523	4
1524	4
1525	4
1526	4
1527	4
1528	4
1529	13
1530	13
1531	9
1532	9
1533	9
1534	9
1535	9
1536	9
1537	9
1538	9
1539	9
1540	9
1541	9
1542	9
1543	13
1544	9
1545	13
1546	13
1547	9
1548	9
1549	9
1550	9
1551	13
1552	6
1553	6
1554	6
1555	7
1556	6
1557	7
1558	6
1559	6
1560	6
1561	6
1562	6
1563	6
1564	6
1565	6
1566	7
1567	6
1568	6
1569	6
1570	6
1571	6
1572	6
1573	6
1574	6
1575	6
1576	8
1577	8
1578	8
1579	8
1580	8
1581	8
1582	8
1583	8
1584	8
1585	8
1586	8
1587	8
1588	8
1589	8
1590	8
1591	8
1592	8
1593	5
1594	5
1595	5
1596	5
1597	5
1598	5
1599	5
1600	5
1601	5
1602	6
1603	6
1604	6
1605	6
1606	6
1607	6
1608	6
1609	6
1610	6
1611	6
1612	6
1613	6
1614	6
1615	6
1616	6
1617	6
1618	10
1619	10
1620	10
1621	10
1622	10
1623	10
1624	10
1625	10
1626	10
1627	10
1628	10
1629	12
1630	8
1631	8
1632	8
1633	8
1634	8
1635	8
1636	8
1637	8
1638	8
1639	8
1640	8
1641	8
1642	8
1643	8
1644	10
1645	10
1646	10
1647	10
1648	10
1649	8
1650	8
1651	8
1652	8
1653	8
1654	8
1655	8
1656	8
1658	8
1659	8
1660	8
1661	8
1662	8
1663	8
1664	8
1665	8
1666	8
1667	8
1668	8
1669	8
1670	8
1671	8
1672	8
1673	10
1674	8
1675	8
1676	8
1677	10
1678	13
1679	13
1680	13
1681	13
1682	13
1683	13
1684	13
1685	8
1686	8
1687	8
1688	8
1689	8
1690	8
1691	8
1692	8
1693	8
1694	8
1695	8
1696	8
1697	8
1698	8
1699	8
1700	8
1701	2
1702	8
1703	2
1704	2
1705	8
1706	8
1707	8
1708	8
1709	2
1710	8
1711	8
1712	8
1713	10
1714	10
1715	10
1716	10
1717	10
1718	10
1719	10
1720	10
1721	10
1722	10
1723	10
1724	10
1725	8
1726	8
1727	8
1728	10
1729	8
1730	8
1731	8
1732	8
1733	8
1734	8
1735	8
1736	2
1737	2
1738	2
1739	2
1740	2
1741	8
1742	4
1743	4
1744	4
1745	4
1746	4
1747	4
1748	4
1749	4
1750	4
1751	4
1752	4
1753	4
1754	4
1755	4
1756	4
1757	10
1758	10
1759	10
1760	10
1761	4
1762	4
1763	4
1764	4
1765	4
1766	4
1767	4
1768	4
1769	4
1770	4
1771	4
1772	4
1773	4
1774	10
1775	10
1776	10
1777	10
1778	10
1779	10
1780	10
1781	10
1782	10
1783	10
1784	10
1785	10
1786	10
1787	4
1788	4
1789	4
1790	4
1791	4
1792	4
1793	4
1794	4
1795	10
1796	10
1797	10
1798	10
1799	4
1800	4
1801	4
1802	4
1803	4
1804	4
1805	4
1806	4
1807	4
1808	4
1809	2
1810	2
1811	2
1812	2
1813	2
1814	2
1815	2
1816	2
1817	2
1818	2
1819	2
1820	2
1821	2
1822	2
1823	2
1824	2
1825	2
1826	2
1827	2
1828	2
1829	2
1830	10
1831	10
1832	10
1833	10
1834	10
1835	2
1836	2
1837	10
1838	2
1839	2
1840	7
1841	7
1842	7
1843	7
1844	7
1845	2
1846	2
1847	2
1848	2
1849	2
1850	2
1851	2
1852	2
1853	2
1854	2
1855	2
1856	2
1857	10
1858	10
1859	10
1860	10
1861	10
1862	10
1863	2
1864	2
1865	2
1866	2
1867	2
1868	2
1869	2
1870	2
1871	2
1872	13
1873	13
1874	13
1875	13
1876	13
1877	13
1878	13
1879	13
1880	13
1881	13
1882	13
1883	13
1884	13
1885	13
1886	13
1887	13
1888	13
1889	13
1890	13
1891	13
1892	13
1893	13
1894	13
1895	5
1896	5
1897	5
1898	3
1899	3
1900	3
1901	3
1902	3
1903	3
1904	5
1905	5
1906	5
1907	5
1908	5
1909	5
1910	5
1911	5
1912	5
1913	5
1914	5
1915	5
1916	3
1917	3
1918	3
1919	3
1920	3
1921	3
1922	3
1923	3
1924	5
1925	5
1926	5
1927	5
1928	5
1929	5
1930	5
1931	5
1932	5
1933	5
1934	5
1935	5
1936	5
1937	5
1938	5
1939	5
1940	5
1941	5
1942	5
1943	5
1944	5
1945	5
1946	5
1947	5
1948	5
1949	5
1950	5
1951	5
1952	5
1953	5
1954	5
1955	5
1956	5
1957	5
1958	5
1959	5
1960	5
1961	5
1962	5
1963	5
1964	5
1965	5
1966	5
1967	5
1968	5
1969	5
1970	5
1971	5
1972	5
1973	5
1974	5
1975	5
1976	6
1977	6
1978	6
1979	6
1980	6
1981	9
1982	9
1983	6
1984	6
1985	9
1986	6
1987	6
1988	6
1989	6
1990	6
1991	9
1992	6
1993	6
1994	6
1995	9
1996	6
1997	6
1998	6
1999	6
2000	6
2001	6
2002	6
2003	6
2004	6
2005	6
2006	6
2007	6
2008	6
2009	6
2010	6
2011	9
2012	9
2013	6
2014	6
2015	6
2016	6
2017	13
2018	13
2019	13
2020	13
2021	13
2022	13
2023	13
2024	9
2025	13
2026	13
2027	13
2028	13
2029	13
2030	9
2031	9
2032	9
2033	9
2034	9
2035	9
2036	9
2037	13
2038	10
2039	10
2040	10
2041	10
2042	10
2043	13
2044	13
2045	13
2046	9
2047	9
2048	10
2049	10
2050	13
2051	9
2052	9
2053	13
2054	13
2055	9
2056	13
2057	9
2058	6
2059	6
2060	6
2061	6
2062	6
2063	6
2064	6
2065	6
2066	6
2067	6
2068	13
2069	13
2070	13
2071	10
2072	13
2073	10
2074	13
2075	13
2076	13
2077	10
2078	10
2079	13
2080	10
2081	13
2082	10
2083	13
2084	13
2085	13
2086	13
2087	13
2088	13
2089	8
2090	8
2091	8
2092	8
2093	8
2094	8
2095	8
2096	4
2097	4
2098	4
2099	4
2100	4
2101	4
2102	4
2103	4
2104	4
2105	4
2106	4
2107	4
2108	4
2109	4
2110	4
2111	4
2112	4
2113	1
2114	1
2115	2
2116	2
2117	1
2118	1
2119	1
2120	1
2121	1
2122	1
2123	1
2124	13
2125	2
2126	2
2127	1
2128	1
2129	1
2130	1
2131	1
2132	1
2133	1
2134	1
2135	1
2136	1
2137	1
2138	1
2139	1
2140	2
2141	1
2142	1
2143	1
2144	1
2145	1
2146	1
2147	1
2148	1
2149	1
2150	2
2151	2
2152	2
2153	2
2154	1
2155	1
2156	1
2157	1
2158	2
2159	1
2160	2
2161	2
2162	2
2163	2
2164	2
2165	2
2166	1
2167	1
2168	1
2169	1
2170	1
2171	1
2172	1
2173	1
2174	1
2175	1
2176	1
2177	1
2178	2
2179	2
2180	2
2181	2
2182	1
2183	1
2184	1
2185	1
2186	1
2187	1
2188	1
2189	1
2190	2
2191	1
2192	1
2193	1
2194	1
2195	1
2196	1
2197	1
2198	1
2199	1
2200	1
2201	1
2202	1
2203	1
2204	2
2205	1
2206	2
2207	1
2208	1
2209	2
2210	2
2211	1
2212	1
2213	1
2214	1
2215	1
2216	1
2217	1
2218	1
2219	1
2220	1
2221	1
2222	1
2223	1
2224	2
2225	1
2226	1
2227	1
2228	1
2229	1
2230	2
2231	2
2232	1
2233	1
2234	1
2235	1
2236	1
2237	1
2238	1
2239	1
2240	1
2241	1
2242	1
2243	1
2244	1
2245	1
2246	2
2247	2
2248	2
2249	2
2250	1
2251	1
2252	1
2253	1
2254	1
2255	1
2256	2
2257	1
2258	2
2259	2
2260	2
2261	2
2262	2
2263	1
2264	2
2265	2
2266	1
2267	1
2268	1
2269	1
2270	1
2271	1
2272	1
2273	1
2274	1
2275	1
2276	2
2277	1
2278	1
2279	1
2280	1
2281	1
2282	1
2283	2
2284	13
2285	13
2286	1
2287	1
2288	1
2289	1
2290	1
2291	1
2292	1
2293	2
2294	1
2295	1
2296	1
2297	1
2298	1
2299	1
2300	1
2301	1
2302	1
2303	2
2304	2
2305	1
2306	1
2307	1
2308	1
2309	13
2310	13
2311	13
2312	12
2313	12
2314	12
2315	12
2316	12
2317	12
2318	12
2319	12
2320	12
2321	12
2322	12
2323	12
2324	12
2325	12
2326	12
2327	12
2328	12
2329	12
2330	5
2331	5
2332	5
2333	5
2334	5
2335	5
2336	5
2337	5
2338	5
2339	5
2340	5
2341	5
2342	5
2343	5
2344	5
2345	5
2346	12
2347	12
2348	12
2349	12
2350	12
2351	12
2352	12
2353	12
2354	12
2355	12
2356	12
2357	12
2358	12
2359	12
2360	12
2361	12
2362	12
2363	12
2364	12
2365	12
2366	1
2367	1
2368	1
2369	1
2370	1
2371	1
2372	1
2373	1
2374	2
2375	2
2376	1
2377	1
2378	1
2379	2
2380	1
2381	2
2382	1
2383	1
2384	2
2385	2
2386	2
2387	2
2388	2
2389	2
2390	2
2391	2
2392	2
2393	2
2394	2
2395	2
2396	2
2397	2
2398	2
2399	2
2400	2
2401	1
2402	1
2403	2
2404	2
2405	1
2406	2
2407	2
2408	2
2409	1
2410	1
2411	1
2412	2
2413	2
2414	1
2415	11
2416	11
2417	11
2418	11
2419	3
2420	11
2421	11
2422	11
2423	11
2424	11
2425	11
2426	11
2427	3
2428	11
2429	3
2430	3
2431	11
2432	11
2433	11
2434	11
2435	11
2436	11
2437	11
2438	3
2439	3
2440	11
2441	11
2442	11
2443	11
2444	11
2445	11
2446	11
2447	11
2448	11
2449	11
2450	11
2451	11
2452	11
2453	11
2454	11
2455	11
2456	11
2457	11
2458	11
2459	11
2460	11
2461	11
2462	11
2463	11
2464	11
2465	11
2466	11
2467	11
2468	11
2469	11
2470	11
2471	11
2472	11
2473	11
2474	11
2475	11
2476	11
2477	11
2478	11
2479	11
2480	11
2481	11
2482	11
2483	11
2484	11
2485	11
2486	11
2487	11
2488	11
2489	11
2490	11
2491	11
2492	11
2493	11
2494	11
2495	11
2496	3
2497	3
2498	11
2499	11
2500	11
2501	11
2502	11
2503	11
2504	11
2505	11
2506	11
2507	11
2508	11
2509	3
2510	11
2511	11
2512	11
2513	11
2514	11
2515	11
2516	11
2517	11
2518	11
2519	11
2520	11
2521	11
2522	11
2523	3
2524	11
2525	3
2526	11
2527	11
2528	11
2529	3
2530	3
2531	3
2532	3
2533	3
2534	3
2535	3
2536	3
2537	3
2538	3
2539	11
2540	11
2541	11
2542	3
2543	11
2544	11
2545	11
2546	11
2547	11
2548	11
2549	11
2550	11
2551	11
2552	11
2553	11
2554	11
2555	11
2556	11
2557	11
2558	11
2559	11
2560	11
2561	11
2562	11
2563	3
2564	11
2565	3
2566	11
2567	11
2568	3
2569	11
2570	11
2571	11
2572	11
2573	11
2574	3
2575	11
2576	11
2577	11
2578	11
2579	11
2580	11
2581	3
2582	11
2583	11
2584	11
2585	11
2586	11
2587	3
2588	3
2589	3
2590	3
2591	3
2592	3
2593	3
2594	11
2595	11
2596	11
2597	11
2598	11
2599	11
2600	11
2601	11
2602	11
2603	11
2604	3
2605	11
2606	13
2607	13
2608	13
2609	13
2610	13
2611	13
2612	13
2613	13
2614	13
2615	13
2616	13
2617	13
2618	13
2619	13
2620	13
2621	13
2622	13
2623	13
2624	13
2625	13
2626	13
2627	13
2628	13
2629	13
2630	13
2631	13
2632	13
2633	13
2634	13
2635	13
2636	13
2637	13
2638	13
2639	13
2640	6
2641	6
2642	6
2643	6
2644	6
2645	6
2646	6
2647	6
2648	6
2649	6
2650	6
2651	6
2652	6
2653	6
2654	6
2655	6
2656	6
2657	9
2658	9
2659	6
2660	6
2661	9
2662	9
2663	6
2664	6
2665	6
2666	6
2667	6
2668	6
2669	6
2670	9
2671	6
2672	6
2673	6
2674	9
2675	9
2676	6
2677	6
2678	9
2679	6
2680	6
2681	6
2682	6
2683	6
2684	6
2685	6
2686	6
2687	6
2688	5
2689	5
2690	5
2691	5
315	8
1657	8
