0	6
1	6
2	6
3	6
4	6
5	6
6	6
7	11
8	11
9	11
10	11
11	10
12	10
13	10
14	10
15	10
16	10
17	10
18	1
19	1
20	1
21	7
22	7
23	7
24	7
25	7
26	7
27	7
28	7
29	4
30	4
31	4
32	4
33	4
34	4
35	4
36	4
37	4
38	4
39	4
40	4
41	4
42	4
43	4
44	4
45	4
46	4
47	4
48	4
49	4
50	4
51	4
52	4
53	8
54	8
55	8
56	8
57	8
58	4
59	4
60	4
61	4
62	4
63	4
64	4
65	8
66	8
67	8
68	8
69	8
70	8
71	7
72	7
73	7
74	7
75	4
76	4
77	4
78	4
79	4
80	4
81	4
82	4
83	12
84	12
85	12
86	12
87	12
88	12
89	12
90	12
91	12
92	12
93	12
94	12
95	12
96	10
97	10
98	10
99	10
100	10
101	11
102	11
103	10
104	11
105	10
106	10
107	10
108	10
109	10
110	10
111	10
112	10
113	10
114	11
115	10
116	10
117	10
118	10
119	10
120	10
121	10
122	10
123	11
124	10
125	10
126	10
127	10
128	10
129	9
130	9
131	9
132	9
133	9
134	9
135	9
136	9
137	9
138	9
139	9
140	9
141	9
142	9
143	9
144	9
145	9
146	9
147	9
148	9
149	9
150	9
151	9
152	9
153	9
154	9
155	9
156	9
157	9
158	9
159	9
160	9
161	9
162	9
163	9
164	9
165	9
166	5
167	5
168	5
169	5
170	5
171	5
172	5
173	5
174	5
175	5
176	5
177	5
178	5
179	5
180	5
181	5
182	5
183	6
184	6
185	6
186	6
187	6
188	6
189	6
190	6
191	6
192	6
193	6
194	6
195	6
196	6
197	6
198	6
199	6
200	6
201	6
202	6
203	6
204	6
205	6
206	6
207	6
208	7
209	7
210	7
211	7
212	7
213	7
214	7
215	7
216	7
217	7
218	7
219	7
220	7
221	7
222	7
223	7
224	7
225	7
226	7
227	7
228	7
229	7
230	7
231	7
232	7
233	7
234	7
235	7
236	7
237	7
238	7
239	7
240	7
241	7
242	7
243	7
244	7
245	7
246	7
247	7
248	6
249	6
250	6
251	6
252	6
253	6
254	6
255	6
256	6
257	6
258	6
259	6
260	6
261	7
262	7
263	7
264	7
265	7
266	9
267	7
268	9
269	9
270	9
271	7
272	7
273	7
274	7
275	7
276	7
277	7
278	9
279	9
280	9
281	9
282	9
283	9
284	9
285	9
286	9
287	9
288	9
289	9
290	9
291	9
292	9
293	9
294	9
295	9
296	9
297	9
298	9
299	9
300	9
301	9
302	6
303	6
304	6
305	6
306	2
307	2
308	2
309	2
310	2
311	2
312	2
313	2
314	2
316	1
317	1
318	1
319	1
320	1
321	1
322	1
323	1
324	1
325	1
326	1
327	1
328	1
329	1
330	1
331	2
332	2
333	2
334	2
335	2
336	2
337	1
338	1
339	1
340	2
341	2
342	2
343	2
344	2
345	2
346	2
347	2
348	2
349	2
350	2
351	2
352	2
353	2
354	2
355	2
356	12
357	8
358	12
359	8
360	8
361	12
362	8
363	8
364	12
365	12
366	8
367	12
368	8
369	2
370	2
371	2
372	2
373	2
374	2
375	2
376	2
377	2
378	2
379	2
380	2
381	2
382	2
383	2
384	2
385	2
386	2
387	2
388	2
389	1
390	1
391	1
392	1
393	1
394	2
395	2
396	2
397	2
398	1
399	1
400	1
401	1
402	1
403	7
404	7
405	7
406	7
407	7
408	7
409	1
410	4
411	1
412	1
413	4
414	4
415	4
416	1
417	4
418	1
419	1
420	4
421	4
422	4
423	1
424	4
425	5
426	5
427	5
428	5
429	5
430	5
431	5
432	5
433	4
434	4
435	4
436	4
437	4
438	4
439	1
440	4
441	4
442	1
443	4
444	1
445	1
446	5
447	5
448	5
449	5
450	5
451	4
452	1
453	4
454	5
455	5
456	5
457	4
458	1
459	4
460	1
461	4
462	4
463	5
464	5
465	5
466	5
467	5
468	5
469	5
470	5
471	5
472	5
473	4
474	1
475	9
476	9
477	5
478	5
479	5
480	5
481	5
482	5
483	5
484	7
485	7
486	5
487	5
488	5
489	9
490	9
491	9
492	9
493	9
494	9
495	5
496	5
497	5
498	7
499	5
500	5
501	5
502	7
503	5
504	5
505	5
506	7
507	7
508	7
509	7
510	7
511	7
512	7
513	7
514	7
515	7
516	7
517	7
518	7
519	7
520	7
521	7
522	10
523	10
524	10
525	10
526	4
527	4
528	10
529	10
530	10
531	10
532	10
533	10
534	10
535	10
536	10
537	10
538	6
539	4
540	6
541	4
542	4
543	4
544	4
545	4
546	6
547	6
548	6
549	6
550	4
551	6
552	6
553	4
554	4
555	6
556	4
557	6
558	6
559	7
560	7
561	7
562	7
563	7
564	7
565	4
566	4
567	6
568	4
569	4
570	11
571	11
572	11
573	11
574	11
575	11
576	11
577	11
578	11
579	11
580	11
581	4
582	4
583	4
584	4
585	4
586	6
587	9
588	9
589	9
590	9
591	9
592	7
593	7
594	9
595	7
596	9
597	7
598	9
599	7
600	7
601	7
602	7
603	6
604	6
605	6
606	6
607	6
608	6
609	6
610	6
611	6
612	6
613	6
614	6
615	6
616	6
617	9
618	7
619	7
620	9
621	9
622	9
623	9
624	9
625	9
626	9
627	9
628	7
629	7
630	7
631	7
632	9
633	9
634	9
635	9
636	9
637	9
638	9
639	6
640	6
641	6
642	6
643	6
644	6
645	6
646	6
647	6
648	6
649	6
650	6
651	6
652	6
653	6
654	6
655	6
656	6
657	5
658	5
659	5
660	5
661	6
662	6
663	6
664	6
665	6
666	6
667	6
668	6
669	6
670	9
671	9
672	9
673	9
674	9
675	7
676	9
677	9
678	9
679	9
680	6
681	6
682	6
683	6
684	6
685	6
686	6
687	6
688	6
689	6
690	6
691	6
692	6
693	6
694	6
695	6
696	6
697	7
698	9
699	9
700	7
701	7
702	9
703	7
704	9
705	9
706	9
707	7
708	7
709	9
710	7
711	7
712	7
713	7
714	6
715	6
716	7
717	7
718	9
719	7
720	9
721	7
722	7
723	7
724	7
725	7
726	7
727	7
728	7
729	7
730	7
731	7
732	1
733	1
734	1
735	1
736	1
737	5
738	5
739	5
740	5
741	5
742	5
743	5
744	5
745	1
746	1
747	1
748	1
749	1
750	1
751	1
752	1
753	1
754	1
755	1
756	1
757	1
758	1
759	1
760	1
761	1
762	1
763	1
764	1
765	1
766	5
767	5
768	5
769	5
770	1
771	1
772	5
773	5
774	5
775	5
776	5
777	5
778	5
779	5
780	5
781	5
782	5
783	5
784	5
785	7
786	5
787	5
788	5
789	5
790	5
791	7
792	7
793	7
794	7
795	7
796	7
797	7
798	7
799	7
800	7
801	5
802	5
803	5
804	5
805	7
806	7
807	7
808	5
809	5
810	5
811	8
812	10
813	8
814	8
815	8
816	8
817	8
818	10
819	8
820	10
821	8
822	8
823	8
824	8
825	8
826	8
827	8
828	8
829	10
830	8
831	8
832	8
833	8
834	8
835	8
836	8
837	8
838	8
839	8
840	8
841	8
842	8
843	8
844	8
845	8
846	8
847	10
848	8
849	8
850	10
851	10
852	8
853	8
854	8
855	8
856	10
857	10
858	6
859	6
860	6
861	6
862	6
863	6
864	6
865	6
866	6
867	6
868	6
869	6
870	6
871	8
872	8
873	8
874	8
875	8
876	8
877	8
878	8
879	8
880	8
881	8
882	8
883	8
884	8
885	8
886	8
887	8
888	8
889	8
890	8
891	8
892	10
893	8
894	8
895	8
896	8
897	8
898	8
899	10
900	10
901	10
902	8
903	8
904	8
905	8
906	8
907	8
908	8
909	8
910	10
911	10
912	10
913	10
914	8
915	8
916	8
917	8
918	8
919	8
920	8
921	8
922	10
923	10
924	8
925	8
926	8
927	8
928	8
929	8
930	10
931	10
932	8
933	10
934	8
935	8
936	8
937	8
938	8
939	8
940	8
941	8
942	10
943	8
944	10
945	10
946	8
947	8
948	8
949	10
950	8
951	8
952	8
953	8
954	10
955	10
956	10
957	8
958	8
959	8
960	8
961	8
962	10
963	8
964	8
965	8
966	8
967	8
968	8
969	8
970	8
971	8
972	8
973	8
974	8
975	10
976	8
977	8
978	8
979	8
980	8
981	8
982	1
983	10
984	1
985	5
986	5
987	5
988	5
989	5
990	5
991	5
992	5
993	5
994	5
995	5
996	5
997	5
998	5
999	5
1000	5
1001	5
1002	5
1003	5
1004	5
1005	5
1006	5
1007	1
1008	10
1009	5
1010	10
1011	10
1012	10
1013	10
1014	1
1015	1
1016	1
1017	1
1018	10
1019	10
1020	1
1021	1
1022	1
1023	1
1024	1
1025	1
1026	1
1027	1
1028	1
1029	10
1030	1
1031	10
1032	1
1033	10
1034	1
1035	1
1036	1
1037	1
1038	1
1039	10
1040	1
1041	1
1042	1
1043	1
1044	1
1045	1
1046	1
1047	1
1048	10
1049	10
1050	1
1051	10
1052	1
1053	1
1054	1
1055	1
1056	1
1057	1
1058	1
1059	1
1060	1
1061	1
1062	10
1063	1
1064	1
1065	1
1066	1
1067	1
1068	1
1069	1
1070	1
1071	1
1072	1
1073	1
1074	1
1075	4
1076	4
1077	4
1078	4
1079	4
1080	4
1081	4
1082	4
1083	4
1084	4
1085	4
1086	4
1087	9
1088	9
1089	9
1090	9
1091	9
1092	9
1093	9
1094	7
1095	7
1096	7
1097	7
1098	7
1099	7
1100	7
1101	7
1102	7
1103	7
1104	7
1105	7
1106	7
1107	2
1108	2
1109	2
1110	2
1111	2
1112	2
1113	2
1114	2
1115	2
1116	2
1117	2
1118	2
1119	2
1120	2
1121	2
1122	2
1123	2
1124	2
1125	2
1126	2
1127	2
1128	2
1129	2
1130	2
1131	2
1132	2
1133	2
1134	2
1135	2
1136	8
1137	2
1138	2
1139	2
1140	2
1141	2
1142	2
1143	2
1144	2
1145	2
1146	2
1147	2
1148	2
1149	2
1150	2
1151	2
1152	2
1153	2
1154	2
1155	2
1156	2
1157	2
1158	2
1159	2
1160	2
1161	2
1162	2
1163	2
1164	2
1165	2
1166	2
1167	2
1168	2
1169	1
1170	1
1171	10
1172	10
1173	1
1174	1
1175	1
1176	1
1177	10
1178	10
1179	10
1180	10
1181	10
1182	10
1183	10
1184	10
1185	1
1186	1
1187	1
1188	1
1189	1
1190	10
1191	1
1192	10
1193	1
1194	10
1195	1
1196	1
1197	10
1198	1
1199	10
1200	10
1201	10
1202	10
1203	10
1204	10
1205	10
1206	10
1207	10
1208	10
1209	10
1210	10
1211	10
1212	10
1213	10
1214	10
1215	10
1216	10
1217	10
1218	10
1219	10
1220	10
1221	10
1222	10
1223	10
1224	10
1225	10
1226	10
1227	10
1228	10
1229	10
1230	10
1231	10
1232	10
1233	10
1234	10
1235	10
1236	10
1237	10
1238	10
1239	10
1240	9
1241	9
1242	9
1243	7
1244	9
1245	9
1246	9
1247	9
1248	7
1249	7
1250	7
1251	7
1252	9
1253	4
1254	4
1255	4
1256	4
1257	4
1258	7
1259	9
1260	7
1261	7
1262	9
1263	9
1264	4
1265	4
1266	4
1267	4
1268	4
1269	4
1270	4
1271	4
1272	4
1273	4
1274	4
1275	4
1276	4
1277	4
1278	7
1279	7
1280	7
1281	7
1282	9
1283	9
1284	4
1285	4
1286	4
1287	4
1288	3
1289	7
1290	7
1291	7
1292	7
1293	7
1294	3
1295	7
1296	7
1297	7
1298	7
1299	3
1300	7
1301	7
1302	3
1303	4
1304	4
1305	4
1306	4
1307	4
1308	4
1309	4
1310	4
1311	4
1312	4
1313	4
1314	8
1315	8
1316	8
1317	8
1318	8
1319	8
1320	8
1321	8
1322	8
1323	8
1324	8
1325	8
1326	8
1327	8
1328	8
1329	8
1330	8
1331	8
1332	8
1333	8
1334	8
1335	8
1336	2
1337	8
1338	8
1339	8
1340	8
1341	8
1342	8
1343	8
1344	2
1345	8
1346	4
1347	4
1348	4
1349	4
1350	4
1351	4
1352	4
1353	4
1354	4
1355	4
1356	4
1357	4
1358	4
1359	4
1360	4
1361	4
1362	4
1363	8
1364	2
1365	8
1366	2
1367	2
1368	8
1369	8
1370	8
1371	2
1372	2
1373	8
1374	8
1375	8
1376	8
1377	8
1378	8
1379	8
1380	2
1381	7
1382	7
1383	7
1384	7
1385	7
1386	7
1387	7
1388	7
1389	7
1390	7
1391	7
1392	7
1393	7
1394	7
1395	7
1396	7
1397	4
1398	4
1399	4
1400	4
1401	4
1402	4
1403	4
1404	4
1405	4
1406	4
1407	4
1408	4
1409	4
1410	4
1411	4
1412	4
1413	4
1414	4
1415	4
1416	4
1417	4
1418	4
1419	4
1420	4
1421	4
1422	4
1423	4
1424	4
1425	4
1426	4
1427	4
1428	11
1429	11
1430	11
1431	11
1432	11
1433	11
1434	11
1435	11
1436	11
1437	11
1438	11
1439	11
1440	11
1441	10
1442	10
1443	10
1444	10
1445	10
1446	10
1447	10
1448	10
1449	10
1450	10
1451	10
1452	10
1453	10
1454	10
1455	11
1456	11
1457	11
1458	11
1459	11
1460	11
1461	11
1462	11
1463	11
1464	11
1465	7
1466	7
1467	7
1468	7
1469	9
1470	7
1471	7
1472	7
1473	9
1474	7
1475	7
1476	7
1477	7
1478	7
1479	7
1480	7
1481	7
1482	7
1483	7
1484	7
1485	7
1486	7
1487	9
1488	7
1489	1
1490	1
1491	1
1492	1
1493	1
1494	1
1495	1
1496	1
1497	1
1498	1
1499	1
1500	1
1501	6
1502	6
1503	6
1504	6
1505	6
1506	6
1507	6
1508	6
1509	6
1510	6
1511	6
1512	6
1513	6
1514	6
1515	6
1516	6
1517	6
1518	6
1519	6
1520	6
1521	6
1522	6
1523	6
1524	6
1525	6
1526	6
1527	6
1528	6
1529	5
1530	5
1531	5
1532	5
1533	5
1534	5
1535	5
1536	5
1537	5
1538	5
1539	5
1540	5
1541	5
1542	5
1543	5
1544	5
1545	5
1546	5
1547	5
1548	5
1549	5
1550	5
1551	5
1552	12
1553	12
1554	10
1555	12
1556	10
1557	12
1558	12
1559	12
1560	12
1561	12
1562	10
1563	12
1564	12
1565	12
1566	12
1567	12
1568	12
1569	12
1570	12
1571	12
1572	12
1573	12
1574	12
1575	12
1576	1
1577	1
1578	1
1579	1
1580	1
1581	1
1582	1
1583	1
1584	1
1585	1
1586	1
1587	1
1588	1
1589	1
1590	1
1591	1
1592	1
1593	4
1594	4
1595	4
1596	4
1597	4
1598	4
1599	4
1600	4
1601	4
1602	11
1603	11
1604	11
1605	11
1606	11
1607	11
1608	11
1609	11
1610	11
1611	11
1612	11
1613	11
1614	11
1615	11
1616	11
1617	11
1618	7
1619	7
1620	7
1621	7
1622	7
1623	7
1624	7
1625	7
1626	7
1627	7
1628	7
1629	10
1630	10
1631	10
1632	10
1633	10
1634	10
1635	10
1636	10
1637	10
1638	10
1639	10
1640	10
1641	10
1642	10
1643	10
1644	7
1645	7
1646	7
1647	7
1648	7
1649	10
1650	10
1651	10
1652	10
1653	10
1654	10
1655	10
1656	10
1658	10
1659	10
1660	10
1661	10
1662	10
1663	10
1664	10
1665	10
1666	10
1667	10
1668	10
1669	10
1670	10
1671	10
1672	10
1673	7
1674	10
1675	10
1676	10
1677	7
1678	9
1679	9
1680	9
1681	9
1682	9
1683	9
1684	9
1685	1
1686	1
1687	1
1688	1
1689	1
1690	1
1691	1
1692	1
1693	1
1694	1
1695	1
1696	1
1697	1
1698	1
1699	1
1700	1
1701	1
1702	1
1703	13
1704	13
1705	1
1706	1
1707	1
1708	1
1709	1
1710	1
1711	1
1712	1
1713	7
1714	7
1715	7
1716	7
1717	7
1718	7
1719	7
1720	7
1721	7
1722	7
1723	7
1724	7
1725	1
1726	1
1727	1
1728	7
1729	1
1730	1
1731	1
1732	1
1733	1
1734	1
1735	1
1736	1
1737	1
1738	1
1739	1
1740	1
1741	1
1742	6
1743	6
1744	6
1745	6
1746	6
1747	6
1748	6
1749	6
1750	6
1751	6
1752	6
1753	6
1754	6
1755	6
1756	6
1757	7
1758	7
1759	7
1760	7
1761	6
1762	6
1763	6
1764	6
1765	6
1766	6
1767	6
1768	6
1769	6
1770	6
1771	6
1772	6
1773	6
1774	7
1775	7
1776	7
1777	7
1778	7
1779	7
1780	7
1781	7
1782	7
1783	7
1784	7
1785	7
1786	7
1787	6
1788	6
1789	6
1790	6
1791	6
1792	6
1793	6
1794	6
1795	7
1796	7
1797	7
1798	7
1799	6
1800	6
1801	6
1802	6
1803	6
1804	6
1805	6
1806	6
1807	6
1808	6
1809	11
1810	11
1811	11
1812	11
1813	11
1814	11
1815	11
1816	11
1817	11
1818	11
1819	11
1820	11
1821	11
1822	11
1823	11
1824	11
1825	11
1826	11
1827	11
1828	11
1829	11
1830	9
1831	9
1832	9
1833	9
1834	9
1835	11
1836	11
1837	9
1838	11
1839	11
1840	12
1841	12
1842	12
1843	12
1844	12
1845	11
1846	11
1847	11
1848	11
1849	11
1850	11
1851	11
1852	11
1853	11
1854	11
1855	11
1856	11
1857	7
1858	7
1859	7
1860	7
1861	7
1862	7
1863	11
1864	11
1865	11
1866	11
1867	11
1868	11
1869	11
1870	11
1871	11
1872	5
1873	5
1874	9
1875	5
1876	5
1877	5
1878	5
1879	5
1880	5
1881	5
1882	5
1883	5
1884	9
1885	9
1886	9
1887	5
1888	5
1889	5
1890	5
1891	9
1892	5
1893	5
1894	5
1895	4
1896	4
1897	4
1898	2
1899	2
1900	2
1901	2
1902	2
1903	2
1904	4
1905	4
1906	4
1907	4
1908	4
1909	4
1910	4
1911	4
1912	4
1913	4
1914	4
1915	4
1916	2
1917	2
1918	2
1919	2
1920	2
1921	2
1922	2
1923	2
1924	4
1925	4
1926	4
1927	4
1928	4
1929	4
1930	4
1931	4
1932	4
1933	4
1934	4
1935	4
1936	4
1937	4
1938	4
1939	4
1940	4
1941	4
1942	4
1943	4
1944	4
1945	4
1946	4
1947	4
1948	4
1949	4
1950	4
1951	4
1952	4
1953	4
1954	4
1955	4
1956	4
1957	4
1958	4
1959	4
1960	4
1961	4
1962	4
1963	4
1964	4
1965	4
1966	4
1967	4
1968	4
1969	4
1970	4
1971	4
1972	4
1973	4
1974	4
1975	4
1976	12
1977	12
1978	12
1979	12
1980	12
1981	12
1982	12
1983	12
1984	12
1985	12
1986	12
1987	12
1988	12
1989	12
1990	12
1991	12
1992	12
1993	12
1994	12
1995	12
1996	12
1997	12
1998	12
1999	12
2000	12
2001	12
2002	12
2003	12
2004	12
2005	12
2006	12
2007	12
2008	12
2009	12
2010	12
2011	12
2012	12
2013	12
2014	12
2015	12
2016	12
2017	9
2018	9
2019	9
2020	9
2021	9
2022	9
2023	9
2024	5
2025	9
2026	9
2027	9
2028	9
2029	9
2030	5
2031	5
2032	5
2033	5
2034	5
2035	5
2036	5
2037	5
2038	7
2039	7
2040	7
2041	7
2042	7
2043	9
2044	9
2045	9
2046	5
2047	5
2048	7
2049	7
2050	9
2051	5
2052	5
2053	5
2054	5
2055	5
2056	5
2057	5
2058	12
2059	12
2060	12
2061	12
2062	12
2063	12
2064	12
2065	12
2066	12
2067	12
2068	9
2069	9
2070	9
2071	9
2072	9
2073	9
2074	9
2075	9
2076	9
2077	9
2078	9
2079	9
2080	9
2081	9
2082	9
2083	9
2084	9
2085	9
2086	9
2087	9
2088	9
2089	1
2090	1
2091	1
2092	1
2093	1
2094	1
2095	1
2096	6
2097	6
2098	6
2099	6
2100	6
2101	6
2102	6
2103	6
2104	6
2105	6
2106	6
2107	6
2108	6
2109	6
2110	6
2111	6
2112	6
2113	13
2114	13
2115	13
2116	13
2117	13
2118	11
2119	11
2120	13
2121	13
2122	13
2123	11
2124	9
2125	13
2126	13
2127	13
2128	13
2129	13
2130	13
2131	13
2132	13
2133	11
2134	13
2135	13
2136	11
2137	11
2138	11
2139	13
2140	11
2141	13
2142	13
2143	13
2144	11
2145	13
2146	11
2147	11
2148	13
2149	13
2150	13
2151	13
2152	13
2153	13
2154	13
2155	13
2156	13
2157	13
2158	13
2159	13
2160	13
2161	13
2162	13
2163	13
2164	13
2165	13
2166	13
2167	13
2168	13
2169	13
2170	13
2171	13
2172	13
2173	13
2174	11
2175	11
2176	11
2177	11
2178	13
2179	13
2180	13
2181	13
2182	13
2183	13
2184	13
2185	13
2186	13
2187	13
2188	11
2189	13
2190	13
2191	13
2192	13
2193	13
2194	11
2195	13
2196	11
2197	11
2198	13
2199	11
2200	13
2201	13
2202	11
2203	13
2204	13
2205	13
2206	13
2207	13
2208	13
2209	13
2210	13
2211	13
2212	13
2213	13
2214	13
2215	11
2216	11
2217	13
2218	13
2219	13
2220	13
2221	13
2222	13
2223	11
2224	13
2225	13
2226	13
2227	13
2228	13
2229	13
2230	13
2231	13
2232	13
2233	11
2234	11
2235	13
2236	11
2237	11
2238	11
2239	13
2240	13
2241	13
2242	11
2243	11
2244	11
2245	11
2246	13
2247	13
2248	13
2249	13
2250	13
2251	13
2252	13
2253	11
2254	11
2255	11
2256	13
2257	13
2258	13
2259	13
2260	13
2261	13
2262	13
2263	13
2264	13
2265	13
2266	13
2267	13
2268	13
2269	11
2270	11
2271	13
2272	13
2273	13
2274	13
2275	13
2276	13
2277	11
2278	13
2279	13
2280	13
2281	13
2282	13
2283	11
2284	9
2285	9
2286	13
2287	13
2288	13
2289	13
2290	13
2291	13
2292	13
2293	13
2294	13
2295	13
2296	13
2297	13
2298	11
2299	11
2300	11
2301	13
2302	11
2303	13
2304	11
2305	13
2306	13
2307	13
2308	13
2309	9
2310	9
2311	9
2312	8
2313	8
2314	8
2315	8
2316	8
2317	8
2318	8
2319	8
2320	8
2321	8
2322	8
2323	8
2324	8
2325	8
2326	8
2327	8
2328	8
2329	8
2330	6
2331	6
2332	6
2333	6
2334	6
2335	6
2336	6
2337	6
2338	6
2339	6
2340	6
2341	6
2342	6
2343	6
2344	6
2345	6
2346	10
2347	10
2348	10
2349	10
2350	1
2351	10
2352	1
2353	10
2354	10
2355	10
2356	10
2357	10
2358	10
2359	1
2360	1
2361	10
2362	10
2363	10
2364	10
2365	10
2366	11
2367	11
2368	11
2369	11
2370	11
2371	11
2372	11
2373	11
2374	11
2375	11
2376	11
2377	11
2378	11
2379	11
2380	11
2381	11
2382	11
2383	11
2384	11
2385	11
2386	11
2387	11
2388	11
2389	11
2390	11
2391	11
2392	11
2393	11
2394	11
2395	11
2396	11
2397	11
2398	11
2399	11
2400	11
2401	11
2402	11
2403	11
2404	11
2405	11
2406	11
2407	11
2408	11
2409	11
2410	11
2411	11
2412	11
2413	11
2414	11
2415	3
2416	3
2417	3
2418	3
2419	3
2420	3
2421	3
2422	3
2423	3
2424	3
2425	3
2426	3
2427	3
2428	3
2429	3
2430	3
2431	3
2432	3
2433	3
2434	3
2435	3
2436	3
2437	3
2438	3
2439	3
2440	3
2441	3
2442	3
2443	3
2444	3
2445	3
2446	3
2447	3
2448	3
2449	2
2450	3
2451	2
2452	2
2453	2
2454	2
2455	3
2456	2
2457	2
2458	2
2459	3
2460	3
2461	3
2462	2
2463	2
2464	2
2465	3
2466	3
2467	2
2468	3
2469	2
2470	2
2471	2
2472	3
2473	3
2474	3
2475	3
2476	2
2477	2
2478	2
2479	3
2480	3
2481	3
2482	3
2483	3
2484	3
2485	2
2486	2
2487	2
2488	2
2489	2
2490	2
2491	3
2492	2
2493	2
2494	2
2495	2
2496	3
2497	3
2498	3
2499	3
2500	2
2501	2
2502	3
2503	3
2504	3
2505	3
2506	3
2507	3
2508	3
2509	3
2510	3
2511	3
2512	3
2513	3
2514	3
2515	3
2516	3
2517	3
2518	3
2519	3
2520	3
2521	3
2522	3
2523	3
2524	3
2525	3
2526	3
2527	3
2528	3
2529	3
2530	3
2531	3
2532	3
2533	3
2534	3
2535	3
2536	3
2537	3
2538	3
2539	3
2540	3
2541	3
2542	3
2543	3
2544	3
2545	3
2546	3
2547	3
2548	3
2549	3
2550	3
2551	3
2552	3
2553	3
2554	3
2555	3
2556	3
2557	3
2558	3
2559	2
2560	3
2561	3
2562	3
2563	3
2564	3
2565	3
2566	3
2567	3
2568	3
2569	3
2570	3
2571	3
2572	3
2573	3
2574	3
2575	2
2576	2
2577	3
2578	3
2579	3
2580	3
2581	3
2582	3
2583	2
2584	3
2585	3
2586	3
2587	3
2588	3
2589	3
2590	3
2591	3
2592	3
2593	3
2594	3
2595	3
2596	3
2597	3
2598	3
2599	3
2600	3
2601	3
2602	3
2603	3
2604	3
2605	3
2606	9
2607	9
2608	9
2609	9
2610	9
2611	9
2612	9
2613	9
2614	9
2615	9
2616	9
2617	9
2618	9
2619	9
2620	9
2621	9
2622	9
2623	9
2624	9
2625	9
2626	9
2627	9
2628	9
2629	9
2630	9
2631	9
2632	9
2633	9
2634	9
2635	9
2636	9
2637	9
2638	9
2639	9
2640	12
2641	12
2642	12
2643	12
2644	12
2645	12
2646	12
2647	12
2648	12
2649	12
2650	12
2651	12
2652	12
2653	12
2654	12
2655	12
2656	12
2657	12
2658	12
2659	12
2660	12
2661	12
2662	12
2663	12
2664	12
2665	12
2666	12
2667	12
2668	12
2669	12
2670	12
2671	12
2672	12
2673	12
2674	12
2675	12
2676	12
2677	12
2678	12
2679	12
2680	12
2681	12
2682	12
2683	12
2684	12
2685	12
2686	12
2687	12
2688	6
2689	6
2690	6
2691	6
315	1
1657	10
