0	3
1	3
2	3
3	3
4	3
5	3
6	3
7	4
8	4
9	4
10	4
11	4
12	4
13	4
14	4
15	4
16	3
17	4
18	3
19	3
20	3
21	6
22	6
23	6
24	6
25	6
26	6
27	6
28	6
29	7
30	11
31	7
32	7
33	11
34	7
35	7
36	11
37	7
38	7
39	7
40	7
41	11
42	7
43	7
44	11
45	7
46	7
47	11
48	7
49	7
50	7
51	7
52	7
53	13
54	13
55	13
56	13
57	13
58	7
59	7
60	7
61	7
62	7
63	7
64	7
65	13
66	13
67	13
68	13
69	13
70	13
71	6
72	6
73	6
74	6
75	7
76	7
77	7
78	7
79	7
80	7
81	7
82	7
83	4
84	4
85	4
86	4
87	4
88	4
89	4
90	4
91	4
92	4
93	4
94	4
95	4
96	3
97	4
98	3
99	4
100	4
101	4
102	4
103	4
104	4
105	3
106	4
107	4
108	4
109	4
110	4
111	4
112	4
113	4
114	4
115	4
116	4
117	4
118	4
119	4
120	4
121	4
122	4
123	4
124	4
125	4
126	4
127	4
128	4
129	12
130	12
131	12
132	12
133	12
134	12
135	12
136	12
137	12
138	12
139	12
140	12
141	12
142	12
143	12
144	12
145	12
146	12
147	12
148	12
149	12
150	12
151	12
152	12
153	12
154	12
155	12
156	12
157	12
158	12
159	12
160	12
161	12
162	12
163	12
164	12
165	12
166	4
167	4
168	4
169	4
170	4
171	10
172	4
173	4
174	4
175	4
176	4
177	4
178	4
179	4
180	4
181	10
182	10
183	7
184	7
185	7
186	7
187	7
188	7
189	7
190	7
191	7
192	7
193	7
194	7
195	7
196	7
197	7
198	7
199	7
200	7
201	7
202	7
203	7
204	7
205	7
206	7
207	7
208	6
209	6
210	6
211	6
212	6
213	6
214	6
215	6
216	6
217	6
218	6
219	6
220	6
221	6
222	6
223	6
224	6
225	6
226	10
227	10
228	10
229	10
230	10
231	10
232	10
233	10
234	10
235	10
236	6
237	6
238	6
239	6
240	6
241	6
242	6
243	6
244	6
245	6
246	6
247	6
248	7
249	7
250	7
251	7
252	7
253	7
254	7
255	7
256	7
257	7
258	7
259	7
260	7
261	1
262	1
263	1
264	1
265	1
266	1
267	1
268	1
269	1
270	1
271	1
272	1
273	1
274	1
275	1
276	1
277	1
278	1
279	1
280	1
281	1
282	1
283	1
284	1
285	1
286	1
287	1
288	1
289	1
290	1
291	1
292	1
293	1
294	1
295	1
296	1
297	1
298	1
299	1
300	1
301	1
302	7
303	7
304	7
305	7
306	13
307	6
308	6
309	13
310	13
311	13
312	6
313	6
314	13
316	11
317	11
318	11
319	11
320	11
321	11
322	11
323	11
324	11
325	11
326	11
327	11
328	11
329	11
330	11
331	6
332	6
333	6
334	6
335	6
336	13
337	11
338	11
339	11
340	6
341	6
342	6
343	6
344	6
345	6
346	6
347	13
348	6
349	6
350	6
351	6
352	6
353	6
354	6
355	6
356	12
357	12
358	12
359	12
360	12
361	12
362	12
363	12
364	12
365	13
366	12
367	12
368	12
369	6
370	6
371	6
372	6
373	13
374	6
375	6
376	6
377	6
378	6
379	6
380	6
381	6
382	6
383	6
384	6
385	6
386	6
387	13
388	13
389	11
390	11
391	11
392	11
393	11
394	6
395	6
396	6
397	13
398	11
399	11
400	11
401	11
402	11
403	6
404	6
405	6
406	6
407	6
408	6
409	3
410	3
411	3
412	3
413	3
414	3
415	3
416	3
417	3
418	3
419	3
420	3
421	3
422	3
423	3
424	3
425	4
426	4
427	10
428	10
429	4
430	4
431	4
432	4
433	3
434	3
435	3
436	3
437	3
438	3
439	3
440	3
441	3
442	3
443	3
444	3
445	3
446	4
447	10
448	10
449	10
450	10
451	3
452	3
453	3
454	10
455	10
456	4
457	3
458	3
459	3
460	3
461	3
462	3
463	4
464	4
465	4
466	4
467	4
468	4
469	10
470	4
471	10
472	10
473	3
474	3
475	1
476	1
477	10
478	10
479	10
480	10
481	10
482	10
483	10
484	6
485	6
486	10
487	10
488	10
489	1
490	1
491	1
492	1
493	1
494	1
495	10
496	10
497	10
498	6
499	10
500	10
501	10
502	6
503	10
504	10
505	10
506	6
507	6
508	6
509	6
510	6
511	6
512	6
513	6
514	6
515	6
516	6
517	6
518	6
519	6
520	6
521	6
522	4
523	4
524	4
525	4
526	7
527	7
528	4
529	4
530	4
531	4
532	4
533	4
534	4
535	4
536	4
537	4
538	7
539	7
540	7
541	7
542	7
543	7
544	7
545	7
546	7
547	7
548	7
549	7
550	7
551	7
552	7
553	7
554	7
555	7
556	7
557	7
558	7
559	1
560	1
561	1
562	1
563	1
564	1
565	7
566	7
567	7
568	7
569	7
570	5
571	5
572	5
573	5
574	5
575	5
576	5
577	5
578	5
579	5
580	5
581	7
582	7
583	7
584	7
585	7
586	7
587	1
588	10
589	10
590	10
591	10
592	1
593	1
594	1
595	1
596	1
597	10
598	1
599	10
600	1
601	10
602	1
603	7
604	7
605	7
606	7
607	7
608	7
609	7
610	7
611	7
612	7
613	7
614	7
615	7
616	7
617	1
618	1
619	1
620	1
621	1
622	1
623	1
624	1
625	1
626	1
627	1
628	1
629	1
630	10
631	10
632	1
633	1
634	1
635	10
636	1
637	1
638	1
639	7
640	7
641	7
642	7
643	7
644	7
645	7
646	7
647	7
648	7
649	7
650	7
651	7
652	7
653	7
654	7
655	7
656	7
657	10
658	10
659	10
660	10
661	3
662	3
663	3
664	3
665	3
666	3
667	3
668	3
669	3
670	10
671	10
672	10
673	10
674	10
675	10
676	10
677	10
678	10
679	10
680	3
681	3
682	3
683	3
684	3
685	3
686	3
687	3
688	3
689	3
690	3
691	3
692	3
693	3
694	3
695	3
696	3
697	10
698	10
699	10
700	10
701	10
702	10
703	10
704	10
705	10
706	10
707	10
708	10
709	10
710	10
711	10
712	10
713	10
714	3
715	3
716	1
717	1
718	10
719	10
720	10
721	1
722	1
723	1
724	1
725	1
726	1
727	1
728	1
729	1
730	1
731	1
732	11
733	11
734	11
735	11
736	11
737	10
738	10
739	10
740	10
741	10
742	10
743	10
744	10
745	11
746	11
747	11
748	11
749	11
750	11
751	11
752	11
753	11
754	11
755	11
756	11
757	11
758	11
759	11
760	11
761	11
762	11
763	11
764	11
765	11
766	10
767	10
768	10
769	10
770	11
771	11
772	10
773	10
774	10
775	10
776	10
777	10
778	10
779	10
780	10
781	10
782	10
783	10
784	10
785	6
786	10
787	10
788	10
789	10
790	10
791	6
792	6
793	6
794	6
795	6
796	6
797	6
798	6
799	6
800	6
801	10
802	10
803	10
804	10
805	6
806	6
807	6
808	10
809	10
810	10
811	9
812	9
813	9
814	9
815	9
816	9
817	9
818	9
819	9
820	9
821	9
822	9
823	9
824	9
825	9
826	9
827	9
828	9
829	9
830	9
831	9
832	9
833	9
834	9
835	9
836	9
837	9
838	9
839	9
840	9
841	9
842	9
843	9
844	9
845	9
846	9
847	9
848	9
849	9
850	9
851	9
852	9
853	9
854	9
855	9
856	9
857	9
858	7
859	7
860	7
861	7
862	7
863	7
864	7
865	7
866	7
867	7
868	7
869	7
870	7
871	9
872	9
873	9
874	9
875	9
876	9
877	9
878	9
879	9
880	9
881	9
882	9
883	9
884	9
885	9
886	9
887	9
888	9
889	9
890	9
891	9
892	9
893	9
894	9
895	9
896	9
897	9
898	9
899	9
900	9
901	9
902	9
903	9
904	9
905	9
906	9
907	9
908	9
909	9
910	9
911	9
912	9
913	9
914	9
915	9
916	9
917	9
918	9
919	9
920	9
921	9
922	9
923	9
924	9
925	9
926	9
927	9
928	9
929	9
930	9
931	9
932	9
933	9
934	9
935	9
936	9
937	9
938	9
939	9
940	9
941	9
942	9
943	9
944	9
945	9
946	9
947	9
948	9
949	9
950	9
951	9
952	9
953	9
954	9
955	9
956	9
957	9
958	9
959	9
960	9
961	9
962	9
963	9
964	9
965	9
966	9
967	9
968	9
969	9
970	9
971	9
972	9
973	9
974	9
975	9
976	9
977	9
978	9
979	9
980	9
981	9
982	9
983	9
984	11
985	12
986	12
987	12
988	12
989	12
990	12
991	12
992	12
993	12
994	12
995	12
996	12
997	12
998	12
999	12
1000	10
1001	12
1002	12
1003	12
1004	12
1005	12
1006	12
1007	11
1008	11
1009	12
1010	11
1011	9
1012	9
1013	9
1014	9
1015	9
1016	9
1017	11
1018	9
1019	9
1020	11
1021	9
1022	11
1023	9
1024	9
1025	9
1026	9
1027	11
1028	9
1029	9
1030	9
1031	9
1032	9
1033	9
1034	11
1035	11
1036	11
1037	11
1038	9
1039	9
1040	9
1041	11
1042	11
1043	9
1044	9
1045	9
1046	9
1047	11
1048	9
1049	9
1050	11
1051	9
1052	9
1053	9
1054	11
1055	11
1056	11
1057	11
1058	11
1059	9
1060	11
1061	11
1062	9
1063	11
1064	9
1065	11
1066	11
1067	11
1068	11
1069	9
1070	11
1071	9
1072	9
1073	9
1074	9
1075	7
1076	7
1077	7
1078	7
1079	7
1080	7
1081	7
1082	7
1083	7
1084	7
1085	7
1086	7
1087	1
1088	1
1089	1
1090	1
1091	1
1092	1
1093	1
1094	1
1095	1
1096	1
1097	6
1098	6
1099	6
1100	6
1101	6
1102	1
1103	6
1104	1
1105	1
1106	1
1107	13
1108	13
1109	13
1110	13
1111	13
1112	13
1113	13
1114	13
1115	13
1116	13
1117	13
1118	13
1119	13
1120	13
1121	13
1122	13
1123	13
1124	13
1125	13
1126	13
1127	13
1128	13
1129	13
1130	13
1131	13
1132	13
1133	13
1134	13
1135	13
1136	13
1137	13
1138	13
1139	13
1140	13
1141	13
1142	13
1143	13
1144	13
1145	13
1146	13
1147	13
1148	13
1149	13
1150	13
1151	13
1152	13
1153	13
1154	6
1155	6
1156	6
1157	6
1158	6
1159	6
1160	6
1161	6
1162	6
1163	6
1164	6
1165	6
1166	6
1167	6
1168	6
1169	9
1170	11
1171	9
1172	9
1173	9
1174	11
1175	11
1176	9
1177	9
1178	9
1179	9
1180	9
1181	9
1182	9
1183	9
1184	11
1185	9
1186	9
1187	9
1188	9
1189	9
1190	11
1191	11
1192	9
1193	9
1194	11
1195	9
1196	11
1197	9
1198	11
1199	9
1200	4
1201	4
1202	4
1203	11
1204	11
1205	11
1206	11
1207	11
1208	4
1209	11
1210	11
1211	4
1212	4
1213	4
1214	11
1215	4
1216	11
1217	11
1218	11
1219	11
1220	11
1221	4
1222	11
1223	11
1224	11
1225	11
1226	11
1227	11
1228	11
1229	11
1230	11
1231	4
1232	4
1233	11
1234	4
1235	11
1236	11
1237	11
1238	11
1239	11
1240	10
1241	10
1242	10
1243	10
1244	10
1245	10
1246	10
1247	10
1248	10
1249	10
1250	10
1251	10
1252	10
1253	7
1254	11
1255	7
1256	11
1257	11
1258	10
1259	10
1260	10
1261	10
1262	10
1263	10
1264	11
1265	11
1266	7
1267	7
1268	11
1269	11
1270	7
1271	7
1272	7
1273	7
1274	11
1275	11
1276	7
1277	11
1278	6
1279	6
1280	6
1281	10
1282	10
1283	10
1284	11
1285	11
1286	7
1287	11
1288	6
1289	6
1290	6
1291	6
1292	6
1293	6
1294	6
1295	6
1296	6
1297	6
1298	6
1299	6
1300	6
1301	6
1302	6
1303	7
1304	7
1305	7
1306	7
1307	7
1308	7
1309	7
1310	7
1311	7
1312	7
1313	7
1314	13
1315	13
1316	13
1317	13
1318	13
1319	13
1320	13
1321	13
1322	9
1323	13
1324	13
1325	13
1326	13
1327	13
1328	13
1329	13
1330	9
1331	13
1332	13
1333	13
1334	13
1335	9
1336	13
1337	13
1338	13
1339	13
1340	13
1341	13
1342	9
1343	9
1344	13
1345	13
1346	7
1347	3
1348	3
1349	3
1350	3
1351	7
1352	7
1353	3
1354	3
1355	3
1356	3
1357	3
1358	7
1359	7
1360	3
1361	3
1362	7
1363	13
1364	13
1365	13
1366	13
1367	13
1368	13
1369	13
1370	13
1371	13
1372	13
1373	13
1374	13
1375	13
1376	13
1377	13
1378	13
1379	13
1380	13
1381	6
1382	6
1383	6
1384	6
1385	6
1386	6
1387	6
1388	6
1389	6
1390	6
1391	6
1392	6
1393	6
1394	6
1395	6
1396	6
1397	3
1398	7
1399	3
1400	3
1401	3
1402	3
1403	7
1404	3
1405	3
1406	3
1407	3
1408	3
1409	3
1410	3
1411	3
1412	3
1413	3
1414	3
1415	3
1416	3
1417	3
1418	3
1419	3
1420	3
1421	3
1422	3
1423	3
1424	3
1425	3
1426	3
1427	3
1428	4
1429	4
1430	4
1431	5
1432	4
1433	4
1434	4
1435	4
1436	4
1437	4
1438	4
1439	4
1440	5
1441	11
1442	11
1443	11
1444	11
1445	11
1446	11
1447	11
1448	11
1449	11
1450	11
1451	11
1452	11
1453	11
1454	11
1455	4
1456	4
1457	4
1458	4
1459	4
1460	5
1461	4
1462	4
1463	4
1464	5
1465	6
1466	6
1467	10
1468	10
1469	10
1470	6
1471	6
1472	10
1473	10
1474	6
1475	6
1476	10
1477	6
1478	10
1479	6
1480	6
1481	10
1482	6
1483	6
1484	10
1485	6
1486	6
1487	10
1488	6
1489	11
1490	11
1491	11
1492	11
1493	11
1494	11
1495	11
1496	11
1497	11
1498	11
1499	11
1500	11
1501	3
1502	3
1503	3
1504	3
1505	3
1506	3
1507	3
1508	3
1509	3
1510	3
1511	3
1512	3
1513	3
1514	3
1515	3
1516	3
1517	3
1518	3
1519	3
1520	3
1521	3
1522	3
1523	3
1524	3
1525	3
1526	3
1527	3
1528	3
1529	10
1530	10
1531	10
1532	10
1533	10
1534	10
1535	10
1536	10
1537	10
1538	10
1539	10
1540	10
1541	10
1542	10
1543	10
1544	10
1545	10
1546	10
1547	10
1548	10
1549	10
1550	10
1551	10
1552	4
1553	4
1554	4
1555	4
1556	4
1557	4
1558	4
1559	4
1560	4
1561	4
1562	4
1563	4
1564	4
1565	4
1566	4
1567	4
1568	4
1569	4
1570	4
1571	4
1572	4
1573	4
1574	4
1575	4
1576	11
1577	11
1578	11
1579	11
1580	11
1581	11
1582	11
1583	11
1584	11
1585	11
1586	11
1587	11
1588	11
1589	11
1590	11
1591	11
1592	11
1593	7
1594	7
1595	7
1596	7
1597	7
1598	7
1599	7
1600	7
1601	7
1602	5
1603	4
1604	4
1605	5
1606	5
1607	4
1608	5
1609	5
1610	4
1611	4
1612	4
1613	4
1614	4
1615	5
1616	5
1617	5
1618	6
1619	6
1620	6
1621	6
1622	6
1623	6
1624	6
1625	6
1626	6
1627	6
1628	6
1629	11
1630	11
1631	4
1632	11
1633	11
1634	4
1635	11
1636	11
1637	11
1638	11
1639	11
1640	11
1641	11
1642	11
1643	11
1644	6
1645	6
1646	6
1647	6
1648	6
1649	11
1650	11
1651	11
1652	11
1653	11
1654	11
1655	11
1656	11
1658	4
1659	11
1660	4
1661	11
1662	11
1663	11
1664	11
1665	4
1666	11
1667	11
1668	11
1669	11
1670	11
1671	11
1672	4
1673	6
1674	11
1675	11
1676	4
1677	6
1678	1
1679	1
1680	1
1681	1
1682	1
1683	1
1684	1
1685	11
1686	11
1687	11
1688	11
1689	11
1690	11
1691	11
1692	11
1693	11
1694	11
1695	11
1696	11
1697	11
1698	11
1699	11
1700	11
1701	3
1702	3
1703	5
1704	5
1705	3
1706	3
1707	3
1708	3
1709	3
1710	11
1711	3
1712	11
1713	6
1714	6
1715	6
1716	6
1717	6
1718	6
1719	6
1720	6
1721	6
1722	6
1723	6
1724	6
1725	11
1726	3
1727	3
1728	6
1729	3
1730	3
1731	3
1732	3
1733	3
1734	3
1735	3
1736	3
1737	3
1738	3
1739	3
1740	3
1741	3
1742	8
1743	8
1744	8
1745	8
1746	3
1747	8
1748	8
1749	8
1750	8
1751	8
1752	8
1753	3
1754	8
1755	3
1756	8
1757	6
1758	6
1759	6
1760	6
1761	3
1762	8
1763	8
1764	8
1765	8
1766	8
1767	8
1768	8
1769	8
1770	3
1771	8
1772	8
1773	3
1774	6
1775	6
1776	6
1777	6
1778	6
1779	6
1780	6
1781	6
1782	6
1783	6
1784	6
1785	6
1786	6
1787	8
1788	8
1789	8
1790	8
1791	8
1792	8
1793	8
1794	8
1795	6
1796	6
1797	6
1798	6
1799	8
1800	3
1801	3
1802	8
1803	8
1804	8
1805	8
1806	8
1807	8
1808	8
1809	4
1810	5
1811	5
1812	5
1813	5
1814	5
1815	5
1816	4
1817	5
1818	4
1819	4
1820	4
1821	5
1822	4
1823	5
1824	5
1825	4
1826	4
1827	5
1828	4
1829	5
1830	1
1831	1
1832	1
1833	1
1834	1
1835	5
1836	5
1837	1
1838	4
1839	4
1840	13
1841	13
1842	13
1843	13
1844	13
1845	4
1846	5
1847	4
1848	4
1849	5
1850	5
1851	4
1852	5
1853	5
1854	5
1855	5
1856	5
1857	1
1858	1
1859	1
1860	1
1861	1
1862	1
1863	5
1864	4
1865	4
1866	4
1867	5
1868	4
1869	5
1870	4
1871	4
1872	1
1873	1
1874	1
1875	1
1876	1
1877	1
1878	1
1879	1
1880	1
1881	1
1882	1
1883	1
1884	1
1885	1
1886	1
1887	1
1888	1
1889	1
1890	1
1891	1
1892	1
1893	1
1894	1
1895	7
1896	7
1897	7
1898	6
1899	13
1900	13
1901	13
1902	6
1903	13
1904	7
1905	7
1906	7
1907	7
1908	7
1909	7
1910	7
1911	7
1912	7
1913	7
1914	7
1915	7
1916	13
1917	13
1918	13
1919	13
1920	13
1921	6
1922	13
1923	13
1924	7
1925	7
1926	7
1927	7
1928	7
1929	7
1930	7
1931	7
1932	7
1933	7
1934	7
1935	7
1936	7
1937	7
1938	7
1939	7
1940	7
1941	7
1942	7
1943	7
1944	7
1945	7
1946	7
1947	7
1948	7
1949	7
1950	7
1951	7
1952	7
1953	7
1954	7
1955	7
1956	7
1957	7
1958	7
1959	7
1960	7
1961	7
1962	7
1963	7
1964	7
1965	7
1966	7
1967	7
1968	7
1969	7
1970	7
1971	7
1972	7
1973	7
1974	7
1975	7
1976	4
1977	4
1978	4
1979	4
1980	4
1981	4
1982	4
1983	4
1984	4
1985	4
1986	4
1987	4
1988	4
1989	4
1990	4
1991	4
1992	4
1993	4
1994	4
1995	4
1996	4
1997	4
1998	4
1999	4
2000	4
2001	4
2002	4
2003	4
2004	4
2005	4
2006	4
2007	4
2008	4
2009	4
2010	4
2011	4
2012	4
2013	4
2014	4
2015	4
2016	4
2017	1
2018	1
2019	1
2020	1
2021	1
2022	1
2023	1
2024	10
2025	1
2026	1
2027	1
2028	1
2029	1
2030	10
2031	10
2032	10
2033	10
2034	10
2035	10
2036	10
2037	10
2038	1
2039	1
2040	1
2041	1
2042	1
2043	1
2044	1
2045	1
2046	10
2047	10
2048	1
2049	1
2050	1
2051	10
2052	10
2053	10
2054	10
2055	10
2056	10
2057	10
2058	4
2059	4
2060	4
2061	4
2062	4
2063	4
2064	4
2065	4
2066	4
2067	4
2068	1
2069	1
2070	1
2071	1
2072	1
2073	1
2074	1
2075	1
2076	1
2077	1
2078	1
2079	1
2080	1
2081	1
2082	1
2083	1
2084	1
2085	1
2086	1
2087	1
2088	1
2089	11
2090	11
2091	11
2092	11
2093	11
2094	11
2095	11
2096	3
2097	3
2098	3
2099	3
2100	3
2101	3
2102	3
2103	3
2104	3
2105	3
2106	3
2107	3
2108	3
2109	3
2110	3
2111	3
2112	3
2113	8
2114	8
2115	8
2116	8
2117	8
2118	5
2119	5
2120	8
2121	8
2122	5
2123	5
2124	1
2125	8
2126	8
2127	8
2128	8
2129	8
2130	5
2131	8
2132	8
2133	5
2134	8
2135	8
2136	5
2137	5
2138	5
2139	5
2140	5
2141	8
2142	8
2143	8
2144	5
2145	5
2146	5
2147	5
2148	5
2149	5
2150	8
2151	8
2152	8
2153	8
2154	8
2155	8
2156	8
2157	8
2158	8
2159	5
2160	8
2161	8
2162	8
2163	5
2164	5
2165	5
2166	8
2167	5
2168	5
2169	8
2170	8
2171	8
2172	8
2173	8
2174	5
2175	5
2176	5
2177	5
2178	8
2179	8
2180	5
2181	5
2182	8
2183	8
2184	8
2185	8
2186	8
2187	8
2188	5
2189	8
2190	8
2191	8
2192	8
2193	8
2194	5
2195	8
2196	5
2197	5
2198	8
2199	5
2200	8
2201	8
2202	5
2203	8
2204	8
2205	8
2206	8
2207	8
2208	8
2209	8
2210	8
2211	8
2212	8
2213	8
2214	8
2215	5
2216	5
2217	8
2218	8
2219	8
2220	8
2221	8
2222	5
2223	5
2224	8
2225	8
2226	8
2227	8
2228	5
2229	5
2230	5
2231	5
2232	8
2233	5
2234	5
2235	8
2236	5
2237	5
2238	5
2239	8
2240	8
2241	5
2242	5
2243	5
2244	5
2245	5
2246	8
2247	5
2248	5
2249	8
2250	8
2251	8
2252	8
2253	5
2254	5
2255	5
2256	5
2257	8
2258	5
2259	8
2260	8
2261	5
2262	8
2263	8
2264	8
2265	8
2266	8
2267	8
2268	8
2269	5
2270	5
2271	8
2272	8
2273	5
2274	8
2275	8
2276	8
2277	5
2278	8
2279	5
2280	8
2281	8
2282	5
2283	5
2284	1
2285	1
2286	8
2287	8
2288	8
2289	8
2290	8
2291	8
2292	8
2293	8
2294	8
2295	8
2296	8
2297	5
2298	5
2299	5
2300	5
2301	8
2302	5
2303	5
2304	5
2305	8
2306	8
2307	8
2308	8
2309	1
2310	1
2311	1
2312	13
2313	13
2314	13
2315	13
2316	13
2317	13
2318	13
2319	13
2320	13
2321	13
2322	13
2323	13
2324	13
2325	13
2326	13
2327	13
2328	13
2329	13
2330	7
2331	7
2332	7
2333	7
2334	7
2335	7
2336	7
2337	7
2338	7
2339	7
2340	7
2341	7
2342	7
2343	7
2344	7
2345	7
2346	13
2347	13
2348	13
2349	13
2350	13
2351	13
2352	13
2353	13
2354	13
2355	13
2356	13
2357	13
2358	13
2359	13
2360	13
2361	13
2362	13
2363	13
2364	13
2365	13
2366	5
2367	5
2368	5
2369	5
2370	5
2371	5
2372	5
2373	5
2374	5
2375	5
2376	5
2377	5
2378	5
2379	5
2380	5
2381	5
2382	5
2383	5
2384	5
2385	5
2386	5
2387	5
2388	5
2389	5
2390	5
2391	5
2392	5
2393	5
2394	5
2395	5
2396	5
2397	5
2398	5
2399	5
2400	5
2401	5
2402	5
2403	5
2404	5
2405	5
2406	5
2407	5
2408	5
2409	5
2410	5
2411	5
2412	5
2413	5
2414	5
2415	2
2416	2
2417	2
2418	2
2419	2
2420	2
2421	2
2422	2
2423	2
2424	2
2425	2
2426	2
2427	2
2428	2
2429	2
2430	2
2431	2
2432	2
2433	2
2434	2
2435	2
2436	2
2437	2
2438	2
2439	2
2440	2
2441	2
2442	2
2443	2
2444	2
2445	2
2446	2
2447	2
2448	2
2449	2
2450	2
2451	2
2452	2
2453	2
2454	2
2455	2
2456	2
2457	2
2458	2
2459	2
2460	2
2461	2
2462	2
2463	2
2464	2
2465	2
2466	2
2467	2
2468	2
2469	2
2470	2
2471	2
2472	2
2473	2
2474	2
2475	2
2476	2
2477	2
2478	2
2479	2
2480	2
2481	2
2482	2
2483	2
2484	2
2485	2
2486	2
2487	2
2488	2
2489	2
2490	2
2491	2
2492	2
2493	2
2494	2
2495	2
2496	12
2497	12
2498	12
2499	12
2500	2
2501	2
2502	2
2503	2
2504	12
2505	12
2506	12
2507	2
2508	12
2509	12
2510	12
2511	12
2512	12
2513	12
2514	12
2515	2
2516	2
2517	2
2518	2
2519	2
2520	2
2521	2
2522	2
2523	2
2524	2
2525	2
2526	2
2527	2
2528	2
2529	2
2530	2
2531	12
2532	2
2533	12
2534	2
2535	12
2536	2
2537	12
2538	2
2539	2
2540	12
2541	2
2542	2
2543	2
2544	2
2545	2
2546	2
2547	2
2548	2
2549	2
2550	2
2551	2
2552	2
2553	12
2554	2
2555	2
2556	2
2557	2
2558	12
2559	12
2560	12
2561	12
2562	2
2563	2
2564	2
2565	2
2566	2
2567	2
2568	2
2569	2
2570	2
2571	2
2572	2
2573	2
2574	2
2575	2
2576	2
2577	2
2578	2
2579	2
2580	2
2581	2
2582	2
2583	2
2584	2
2585	2
2586	2
2587	12
2588	12
2589	12
2590	12
2591	12
2592	12
2593	12
2594	2
2595	2
2596	2
2597	2
2598	2
2599	2
2600	2
2601	2
2602	2
2603	2
2604	2
2605	2
2606	1
2607	1
2608	1
2609	1
2610	1
2611	1
2612	1
2613	1
2614	1
2615	1
2616	1
2617	1
2618	1
2619	1
2620	1
2621	1
2622	1
2623	1
2624	1
2625	1
2626	1
2627	1
2628	1
2629	1
2630	1
2631	1
2632	1
2633	1
2634	1
2635	1
2636	1
2637	1
2638	1
2639	1
2640	12
2641	12
2642	12
2643	12
2644	12
2645	12
2646	12
2647	12
2648	12
2649	12
2650	12
2651	12
2652	12
2653	12
2654	12
2655	12
2656	12
2657	12
2658	12
2659	12
2660	12
2661	12
2662	12
2663	12
2664	12
2665	13
2666	12
2667	12
2668	12
2669	13
2670	12
2671	13
2672	12
2673	13
2674	12
2675	12
2676	12
2677	12
2678	12
2679	13
2680	12
2681	12
2682	13
2683	13
2684	13
2685	12
2686	12
2687	13
2688	7
2689	7
2690	7
2691	7
315	11
1657	4
