0	2
1	2
2	2
3	2
4	2
5	2
6	2
7	11
8	11
9	11
10	11
11	11
12	11
13	11
14	11
15	11
16	11
17	11
18	7
19	11
20	11
21	6
22	6
23	6
24	6
25	6
26	6
27	6
28	6
29	8
30	8
31	8
32	8
33	8
34	8
35	8
36	8
37	8
38	8
39	8
40	8
41	8
42	8
43	8
44	8
45	8
46	8
47	8
48	8
49	8
50	8
51	8
52	8
53	13
54	13
55	13
56	13
57	13
58	8
59	8
60	8
61	8
62	8
63	8
64	8
65	13
66	13
67	13
68	13
69	13
70	13
71	6
72	6
73	6
74	6
75	8
76	8
77	8
78	8
79	8
80	8
81	8
82	8
83	12
84	12
85	12
86	12
87	12
88	12
89	12
90	12
91	12
92	12
93	12
94	12
95	12
96	11
97	11
98	11
99	11
100	11
101	11
102	11
103	11
104	11
105	11
106	11
107	11
108	11
109	11
110	11
111	11
112	11
113	11
114	11
115	11
116	11
117	11
118	11
119	11
120	11
121	11
122	11
123	11
124	11
125	11
126	11
127	11
128	11
129	9
130	9
131	9
132	9
133	9
134	9
135	9
136	9
137	9
138	9
139	9
140	9
141	9
142	9
143	9
144	9
145	9
146	9
147	9
148	9
149	9
150	9
151	9
152	9
153	9
154	9
155	9
156	9
157	9
158	9
159	9
160	9
161	9
162	9
163	9
164	9
165	9
166	1
167	1
168	1
169	1
170	1
171	1
172	1
173	1
174	1
175	1
176	1
177	1
178	1
179	1
180	1
181	1
182	1
183	2
184	2
185	2
186	2
187	2
188	2
189	2
190	2
191	2
192	2
193	2
194	2
195	2
196	2
197	2
198	2
199	2
200	2
201	2
202	2
203	2
204	2
205	2
206	2
207	2
208	6
209	6
210	6
211	6
212	6
213	6
214	6
215	6
216	6
217	6
218	6
219	6
220	6
221	6
222	6
223	6
224	6
225	6
226	6
227	6
228	6
229	6
230	6
231	6
232	6
233	6
234	6
235	6
236	6
237	6
238	6
239	6
240	6
241	6
242	6
243	6
244	6
245	6
246	6
247	6
248	2
249	2
250	2
251	2
252	2
253	2
254	2
255	2
256	2
257	2
258	2
259	2
260	2
261	6
262	6
263	6
264	6
265	6
266	10
267	6
268	10
269	10
270	10
271	6
272	6
273	6
274	6
275	6
276	6
277	6
278	10
279	10
280	10
281	10
282	10
283	10
284	10
285	10
286	10
287	10
288	10
289	10
290	10
291	10
292	10
293	10
294	10
295	10
296	10
297	10
298	10
299	10
300	10
301	10
302	2
303	2
304	2
305	2
306	13
307	3
308	13
309	3
310	3
311	3
312	13
313	13
314	3
316	8
317	8
318	8
319	8
320	8
321	8
322	8
323	8
324	8
325	8
326	8
327	8
328	8
329	8
330	8
331	13
332	13
333	13
334	3
335	13
336	3
337	8
338	8
339	8
340	13
341	13
342	3
343	3
344	3
345	3
346	13
347	3
348	13
349	13
350	3
351	3
352	3
353	3
354	3
355	3
356	9
357	9
358	9
359	9
360	9
361	9
362	9
363	9
364	9
365	9
366	9
367	9
368	9
369	3
370	3
371	3
372	3
373	3
374	3
375	3
376	3
377	3
378	3
379	3
380	3
381	3
382	3
383	13
384	13
385	13
386	3
387	3
388	3
389	8
390	8
391	8
392	8
393	8
394	3
395	3
396	13
397	3
398	8
399	8
400	8
401	8
402	8
403	6
404	6
405	6
406	13
407	13
408	13
409	7
410	7
411	7
412	7
413	7
414	7
415	7
416	7
417	7
418	7
419	7
420	7
421	7
422	7
423	7
424	7
425	1
426	1
427	1
428	1
429	1
430	1
431	1
432	1
433	7
434	7
435	7
436	7
437	7
438	7
439	7
440	7
441	7
442	7
443	7
444	7
445	7
446	1
447	1
448	1
449	1
450	1
451	7
452	7
453	7
454	1
455	1
456	1
457	7
458	7
459	7
460	7
461	7
462	7
463	1
464	1
465	1
466	1
467	1
468	1
469	1
470	1
471	1
472	1
473	7
474	7
475	10
476	10
477	10
478	10
479	10
480	10
481	10
482	10
483	10
484	6
485	6
486	10
487	10
488	10
489	10
490	10
491	10
492	10
493	10
494	10
495	10
496	10
497	10
498	6
499	10
500	10
501	10
502	6
503	10
504	10
505	10
506	13
507	13
508	6
509	13
510	13
511	6
512	6
513	13
514	13
515	6
516	13
517	13
518	13
519	13
520	6
521	13
522	4
523	4
524	4
525	4
526	2
527	2
528	4
529	4
530	4
531	12
532	12
533	4
534	4
535	12
536	12
537	12
538	2
539	2
540	2
541	2
542	2
543	2
544	2
545	2
546	2
547	2
548	2
549	2
550	2
551	2
552	2
553	2
554	2
555	2
556	2
557	2
558	2
559	6
560	6
561	6
562	6
563	6
564	6
565	2
566	2
567	2
568	2
569	2
570	12
571	12
572	12
573	12
574	12
575	12
576	12
577	12
578	12
579	12
580	12
581	2
582	2
583	2
584	2
585	2
586	2
587	6
588	6
589	6
590	6
591	6
592	6
593	6
594	6
595	6
596	6
597	6
598	6
599	6
600	6
601	6
602	6
603	2
604	2
605	2
606	2
607	2
608	2
609	2
610	2
611	2
612	2
613	2
614	2
615	2
616	2
617	6
618	6
619	6
620	6
621	6
622	6
623	6
624	6
625	6
626	6
627	6
628	6
629	6
630	6
631	6
632	6
633	6
634	6
635	6
636	6
637	6
638	6
639	2
640	2
641	2
642	2
643	2
644	2
645	2
646	2
647	2
648	2
649	2
650	2
651	2
652	2
653	2
654	2
655	2
656	2
657	1
658	1
659	10
660	10
661	7
662	7
663	7
664	7
665	7
666	7
667	7
668	7
669	7
670	6
671	6
672	10
673	10
674	10
675	6
676	10
677	10
678	10
679	10
680	7
681	7
682	7
683	7
684	7
685	7
686	7
687	7
688	7
689	7
690	7
691	7
692	7
693	7
694	7
695	7
696	7
697	6
698	10
699	10
700	6
701	6
702	6
703	6
704	10
705	10
706	10
707	6
708	6
709	10
710	6
711	6
712	6
713	6
714	7
715	7
716	6
717	6
718	6
719	6
720	10
721	6
722	6
723	6
724	6
725	6
726	6
727	6
728	6
729	6
730	6
731	6
732	8
733	8
734	8
735	8
736	8
737	10
738	1
739	1
740	1
741	1
742	1
743	10
744	10
745	8
746	8
747	8
748	8
749	8
750	8
751	8
752	8
753	8
754	8
755	8
756	8
757	8
758	8
759	8
760	8
761	8
762	8
763	8
764	8
765	8
766	10
767	1
768	1
769	1
770	8
771	8
772	1
773	1
774	1
775	1
776	10
777	10
778	1
779	1
780	10
781	10
782	10
783	1
784	1
785	13
786	1
787	10
788	1
789	10
790	10
791	13
792	13
793	13
794	13
795	13
796	13
797	13
798	13
799	13
800	13
801	1
802	10
803	1
804	10
805	13
806	13
807	13
808	1
809	1
810	1
811	4
812	4
813	4
814	4
815	4
816	12
817	4
818	4
819	4
820	4
821	4
822	4
823	4
824	4
825	12
826	4
827	4
828	12
829	4
830	4
831	12
832	12
833	12
834	4
835	4
836	4
837	4
838	12
839	12
840	4
841	12
842	4
843	4
844	4
845	4
846	4
847	4
848	4
849	4
850	4
851	4
852	4
853	4
854	4
855	12
856	4
857	4
858	2
859	2
860	2
861	2
862	2
863	2
864	2
865	2
866	2
867	2
868	2
869	2
870	2
871	4
872	4
873	12
874	12
875	4
876	4
877	4
878	4
879	4
880	12
881	4
882	4
883	4
884	4
885	4
886	4
887	4
888	4
889	4
890	4
891	4
892	4
893	4
894	4
895	4
896	4
897	12
898	4
899	4
900	4
901	4
902	4
903	4
904	4
905	4
906	12
907	4
908	4
909	12
910	4
911	4
912	4
913	4
914	4
915	4
916	12
917	4
918	12
919	12
920	4
921	4
922	4
923	4
924	12
925	4
926	12
927	4
928	4
929	4
930	4
931	4
932	4
933	4
934	12
935	4
936	4
937	4
938	4
939	4
940	4
941	12
942	4
943	4
944	4
945	4
946	4
947	4
948	4
949	4
950	4
951	4
952	4
953	4
954	4
955	4
956	4
957	4
958	4
959	4
960	4
961	4
962	4
963	4
964	4
965	4
966	4
967	12
968	4
969	4
970	12
971	4
972	4
973	4
974	4
975	4
976	4
977	4
978	12
979	4
980	12
981	12
982	8
983	8
984	8
985	1
986	1
987	1
988	1
989	1
990	1
991	1
992	1
993	1
994	1
995	1
996	1
997	1
998	1
999	1
1000	1
1001	1
1002	1
1003	1
1004	1
1005	1
1006	1
1007	8
1008	8
1009	1
1010	8
1011	8
1012	8
1013	8
1014	8
1015	8
1016	8
1017	8
1018	8
1019	8
1020	8
1021	8
1022	8
1023	8
1024	8
1025	8
1026	8
1027	8
1028	8
1029	8
1030	8
1031	8
1032	8
1033	8
1034	8
1035	8
1036	8
1037	8
1038	8
1039	8
1040	8
1041	8
1042	8
1043	8
1044	8
1045	8
1046	8
1047	8
1048	8
1049	4
1050	8
1051	4
1052	8
1053	8
1054	8
1055	8
1056	8
1057	8
1058	8
1059	8
1060	8
1061	8
1062	4
1063	8
1064	8
1065	8
1066	8
1067	8
1068	8
1069	8
1070	8
1071	8
1072	8
1073	8
1074	8
1075	2
1076	2
1077	2
1078	2
1079	2
1080	2
1081	2
1082	2
1083	2
1084	2
1085	2
1086	2
1087	10
1088	10
1089	10
1090	10
1091	10
1092	10
1093	10
1094	6
1095	6
1096	6
1097	6
1098	6
1099	6
1100	6
1101	6
1102	6
1103	6
1104	6
1105	6
1106	6
1107	13
1108	13
1109	13
1110	13
1111	13
1112	13
1113	13
1114	13
1115	13
1116	13
1117	13
1118	13
1119	13
1120	13
1121	13
1122	13
1123	13
1124	13
1125	13
1126	13
1127	13
1128	13
1129	13
1130	13
1131	13
1132	13
1133	13
1134	13
1135	13
1136	13
1137	13
1138	13
1139	13
1140	13
1141	13
1142	13
1143	13
1144	13
1145	13
1146	13
1147	13
1148	13
1149	13
1150	13
1151	13
1152	13
1153	13
1154	13
1155	13
1156	13
1157	13
1158	13
1159	13
1160	13
1161	13
1162	13
1163	13
1164	13
1165	13
1166	13
1167	13
1168	13
1169	8
1170	8
1171	8
1172	8
1173	8
1174	8
1175	8
1176	8
1177	4
1178	8
1179	4
1180	4
1181	4
1182	8
1183	8
1184	8
1185	8
1186	8
1187	8
1188	8
1189	8
1190	4
1191	8
1192	8
1193	8
1194	8
1195	8
1196	8
1197	8
1198	8
1199	8
1200	12
1201	12
1202	12
1203	4
1204	4
1205	4
1206	4
1207	4
1208	4
1209	12
1210	12
1211	12
1212	4
1213	4
1214	4
1215	4
1216	4
1217	4
1218	4
1219	4
1220	4
1221	4
1222	4
1223	12
1224	4
1225	4
1226	4
1227	4
1228	4
1229	12
1230	4
1231	4
1232	12
1233	12
1234	12
1235	4
1236	12
1237	12
1238	12
1239	4
1240	10
1241	10
1242	10
1243	6
1244	10
1245	10
1246	10
1247	10
1248	6
1249	6
1250	6
1251	6
1252	6
1253	8
1254	8
1255	8
1256	8
1257	8
1258	6
1259	6
1260	6
1261	6
1262	10
1263	10
1264	8
1265	8
1266	8
1267	8
1268	8
1269	7
1270	8
1271	8
1272	8
1273	8
1274	7
1275	7
1276	8
1277	7
1278	13
1279	13
1280	13
1281	6
1282	10
1283	10
1284	7
1285	8
1286	8
1287	7
1288	13
1289	13
1290	13
1291	13
1292	13
1293	13
1294	13
1295	13
1296	13
1297	13
1298	13
1299	13
1300	13
1301	13
1302	13
1303	2
1304	2
1305	2
1306	2
1307	2
1308	2
1309	2
1310	2
1311	2
1312	2
1313	2
1314	13
1315	13
1316	13
1317	12
1318	13
1319	13
1320	12
1321	12
1322	12
1323	12
1324	13
1325	13
1326	13
1327	12
1328	12
1329	12
1330	12
1331	13
1332	13
1333	13
1334	13
1335	12
1336	13
1337	13
1338	13
1339	13
1340	13
1341	13
1342	13
1343	12
1344	13
1345	13
1346	2
1347	2
1348	2
1349	2
1350	2
1351	2
1352	2
1353	2
1354	2
1355	2
1356	2
1357	2
1358	2
1359	2
1360	2
1361	2
1362	2
1363	9
1364	9
1365	12
1366	9
1367	9
1368	12
1369	9
1370	9
1371	9
1372	9
1373	12
1374	12
1375	12
1376	9
1377	12
1378	9
1379	9
1380	9
1381	13
1382	13
1383	13
1384	13
1385	13
1386	13
1387	13
1388	13
1389	13
1390	13
1391	13
1392	13
1393	13
1394	13
1395	13
1396	13
1397	7
1398	8
1399	7
1400	8
1401	7
1402	7
1403	8
1404	7
1405	8
1406	8
1407	7
1408	8
1409	7
1410	7
1411	8
1412	8
1413	7
1414	7
1415	7
1416	7
1417	7
1418	7
1419	7
1420	7
1421	7
1422	7
1423	7
1424	7
1425	7
1426	7
1427	7
1428	4
1429	4
1430	4
1431	11
1432	4
1433	4
1434	4
1435	4
1436	11
1437	4
1438	11
1439	11
1440	11
1441	7
1442	7
1443	7
1444	7
1445	7
1446	7
1447	7
1448	7
1449	7
1450	7
1451	7
1452	7
1453	7
1454	7
1455	4
1456	4
1457	11
1458	4
1459	4
1460	11
1461	4
1462	4
1463	4
1464	11
1465	6
1466	6
1467	6
1468	6
1469	6
1470	6
1471	6
1472	6
1473	6
1474	6
1475	6
1476	6
1477	6
1478	6
1479	6
1480	6
1481	6
1482	6
1483	6
1484	6
1485	6
1486	6
1487	6
1488	6
1489	8
1490	8
1491	8
1492	8
1493	8
1494	8
1495	8
1496	8
1497	8
1498	8
1499	8
1500	8
1501	7
1502	7
1503	7
1504	7
1505	7
1506	7
1507	7
1508	7
1509	7
1510	7
1511	7
1512	7
1513	7
1514	7
1515	7
1516	7
1517	7
1518	7
1519	7
1520	7
1521	7
1522	7
1523	7
1524	7
1525	7
1526	7
1527	7
1528	7
1529	1
1530	1
1531	1
1532	1
1533	1
1534	1
1535	1
1536	1
1537	1
1538	1
1539	1
1540	1
1541	1
1542	1
1543	1
1544	1
1545	1
1546	1
1547	1
1548	1
1549	1
1550	1
1551	1
1552	12
1553	12
1554	12
1555	12
1556	12
1557	12
1558	12
1559	12
1560	12
1561	12
1562	12
1563	12
1564	12
1565	12
1566	12
1567	12
1568	12
1569	12
1570	12
1571	12
1572	12
1573	12
1574	12
1575	12
1576	8
1577	8
1578	8
1579	8
1580	8
1581	8
1582	8
1583	8
1584	8
1585	8
1586	8
1587	8
1588	8
1589	8
1590	8
1591	8
1592	8
1593	2
1594	2
1595	2
1596	2
1597	2
1598	2
1599	2
1600	2
1601	2
1602	12
1603	12
1604	12
1605	12
1606	12
1607	12
1608	12
1609	12
1610	12
1611	12
1612	12
1613	12
1614	12
1615	12
1616	12
1617	12
1618	6
1619	6
1620	6
1621	6
1622	6
1623	6
1624	6
1625	6
1626	6
1627	6
1628	6
1629	4
1630	4
1631	4
1632	4
1633	4
1634	4
1635	4
1636	4
1637	4
1638	4
1639	4
1640	4
1641	4
1642	4
1643	4
1644	6
1645	6
1646	6
1647	6
1648	6
1649	4
1650	4
1651	4
1652	4
1653	4
1654	4
1655	4
1656	4
1658	4
1659	4
1660	4
1661	4
1662	4
1663	4
1664	4
1665	4
1666	4
1667	4
1668	4
1669	4
1670	4
1671	4
1672	4
1673	6
1674	4
1675	4
1676	4
1677	6
1678	10
1679	10
1680	10
1681	10
1682	10
1683	10
1684	10
1685	7
1686	7
1687	7
1688	7
1689	7
1690	7
1691	7
1692	7
1693	7
1694	7
1695	7
1696	7
1697	7
1698	7
1699	7
1700	7
1701	11
1702	7
1703	11
1704	11
1705	7
1706	7
1707	7
1708	7
1709	11
1710	7
1711	7
1712	7
1713	6
1714	6
1715	6
1716	6
1717	6
1718	6
1719	6
1720	6
1721	6
1722	6
1723	6
1724	6
1725	7
1726	11
1727	7
1728	6
1729	7
1730	7
1731	7
1732	7
1733	7
1734	7
1735	7
1736	11
1737	11
1738	11
1739	11
1740	11
1741	7
1742	5
1743	7
1744	5
1745	5
1746	7
1747	5
1748	5
1749	7
1750	7
1751	7
1752	7
1753	7
1754	7
1755	7
1756	5
1757	6
1758	6
1759	6
1760	6
1761	7
1762	7
1763	7
1764	5
1765	5
1766	7
1767	5
1768	5
1769	7
1770	7
1771	7
1772	7
1773	7
1774	6
1775	6
1776	6
1777	6
1778	6
1779	6
1780	6
1781	6
1782	6
1783	6
1784	6
1785	6
1786	6
1787	7
1788	5
1789	5
1790	7
1791	7
1792	7
1793	5
1794	7
1795	6
1796	6
1797	6
1798	6
1799	5
1800	7
1801	7
1802	5
1803	5
1804	5
1805	7
1806	5
1807	5
1808	5
1809	11
1810	11
1811	11
1812	11
1813	11
1814	11
1815	11
1816	11
1817	11
1818	11
1819	11
1820	11
1821	11
1822	11
1823	11
1824	11
1825	11
1826	11
1827	11
1828	11
1829	11
1830	6
1831	6
1832	6
1833	6
1834	6
1835	11
1836	11
1837	6
1838	11
1839	11
1840	9
1841	9
1842	9
1843	9
1844	9
1845	11
1846	11
1847	11
1848	11
1849	11
1850	11
1851	11
1852	11
1853	11
1854	11
1855	11
1856	11
1857	6
1858	6
1859	6
1860	6
1861	6
1862	6
1863	11
1864	11
1865	11
1866	11
1867	11
1868	11
1869	11
1870	11
1871	11
1872	10
1873	10
1874	10
1875	10
1876	10
1877	10
1878	10
1879	10
1880	10
1881	10
1882	10
1883	10
1884	10
1885	10
1886	10
1887	10
1888	10
1889	10
1890	10
1891	10
1892	10
1893	10
1894	10
1895	2
1896	2
1897	2
1898	13
1899	13
1900	13
1901	13
1902	13
1903	13
1904	2
1905	2
1906	2
1907	2
1908	2
1909	2
1910	2
1911	2
1912	2
1913	2
1914	2
1915	2
1916	13
1917	13
1918	13
1919	13
1920	13
1921	13
1922	13
1923	13
1924	2
1925	2
1926	2
1927	2
1928	2
1929	2
1930	2
1931	2
1932	2
1933	2
1934	2
1935	2
1936	2
1937	2
1938	2
1939	2
1940	2
1941	2
1942	2
1943	2
1944	2
1945	2
1946	2
1947	2
1948	2
1949	2
1950	2
1951	2
1952	2
1953	2
1954	2
1955	2
1956	2
1957	2
1958	2
1959	2
1960	2
1961	2
1962	2
1963	2
1964	2
1965	2
1966	2
1967	2
1968	2
1969	2
1970	2
1971	2
1972	2
1973	2
1974	2
1975	2
1976	12
1977	12
1978	12
1979	12
1980	12
1981	12
1982	1
1983	12
1984	12
1985	1
1986	12
1987	12
1988	12
1989	12
1990	12
1991	1
1992	12
1993	12
1994	12
1995	1
1996	12
1997	12
1998	12
1999	12
2000	12
2001	12
2002	12
2003	12
2004	12
2005	12
2006	12
2007	12
2008	12
2009	12
2010	12
2011	1
2012	1
2013	12
2014	12
2015	12
2016	12
2017	10
2018	10
2019	10
2020	10
2021	10
2022	10
2023	10
2024	10
2025	10
2026	10
2027	10
2028	10
2029	10
2030	1
2031	1
2032	1
2033	1
2034	1
2035	10
2036	10
2037	10
2038	6
2039	6
2040	6
2041	6
2042	6
2043	10
2044	10
2045	10
2046	10
2047	10
2048	6
2049	6
2050	10
2051	10
2052	10
2053	10
2054	10
2055	10
2056	10
2057	10
2058	12
2059	12
2060	12
2061	12
2062	12
2063	12
2064	12
2065	12
2066	12
2067	12
2068	10
2069	10
2070	10
2071	10
2072	10
2073	6
2074	10
2075	10
2076	10
2077	6
2078	6
2079	10
2080	6
2081	10
2082	10
2083	10
2084	10
2085	10
2086	10
2087	10
2088	10
2089	8
2090	8
2091	8
2092	8
2093	8
2094	8
2095	8
2096	2
2097	2
2098	2
2099	2
2100	2
2101	2
2102	2
2103	7
2104	7
2105	7
2106	7
2107	2
2108	2
2109	2
2110	7
2111	7
2112	7
2113	5
2114	5
2115	5
2116	5
2117	5
2118	11
2119	11
2120	5
2121	5
2122	11
2123	11
2124	10
2125	5
2126	5
2127	5
2128	5
2129	5
2130	11
2131	5
2132	5
2133	11
2134	5
2135	5
2136	5
2137	11
2138	11
2139	11
2140	11
2141	5
2142	5
2143	5
2144	5
2145	5
2146	11
2147	11
2148	5
2149	11
2150	5
2151	5
2152	5
2153	5
2154	5
2155	5
2156	5
2157	5
2158	5
2159	5
2160	5
2161	5
2162	5
2163	5
2164	11
2165	11
2166	5
2167	11
2168	11
2169	5
2170	5
2171	5
2172	5
2173	5
2174	11
2175	11
2176	11
2177	11
2178	5
2179	5
2180	11
2181	11
2182	5
2183	5
2184	5
2185	5
2186	5
2187	5
2188	11
2189	5
2190	5
2191	5
2192	5
2193	5
2194	5
2195	5
2196	11
2197	11
2198	5
2199	11
2200	5
2201	5
2202	5
2203	5
2204	5
2205	5
2206	5
2207	5
2208	5
2209	5
2210	5
2211	5
2212	5
2213	5
2214	5
2215	11
2216	11
2217	5
2218	5
2219	5
2220	5
2221	5
2222	11
2223	11
2224	5
2225	5
2226	5
2227	5
2228	5
2229	11
2230	11
2231	5
2232	5
2233	11
2234	11
2235	5
2236	5
2237	11
2238	11
2239	5
2240	5
2241	11
2242	11
2243	11
2244	5
2245	11
2246	5
2247	11
2248	11
2249	5
2250	5
2251	5
2252	5
2253	11
2254	11
2255	5
2256	11
2257	5
2258	11
2259	5
2260	5
2261	11
2262	5
2263	5
2264	5
2265	5
2266	5
2267	5
2268	5
2269	11
2270	5
2271	5
2272	5
2273	5
2274	5
2275	5
2276	5
2277	11
2278	5
2279	5
2280	5
2281	5
2282	11
2283	11
2284	10
2285	10
2286	5
2287	5
2288	5
2289	5
2290	5
2291	5
2292	5
2293	5
2294	5
2295	5
2296	5
2297	11
2298	11
2299	11
2300	11
2301	5
2302	11
2303	11
2304	11
2305	5
2306	5
2307	5
2308	5
2309	10
2310	10
2311	10
2312	13
2313	13
2314	13
2315	13
2316	13
2317	13
2318	13
2319	13
2320	13
2321	13
2322	13
2323	13
2324	13
2325	13
2326	13
2327	13
2328	13
2329	13
2330	2
2331	2
2332	2
2333	2
2334	2
2335	2
2336	2
2337	2
2338	2
2339	2
2340	2
2341	2
2342	2
2343	2
2344	2
2345	2
2346	8
2347	8
2348	8
2349	8
2350	8
2351	8
2352	8
2353	8
2354	8
2355	8
2356	8
2357	8
2358	8
2359	8
2360	8
2361	8
2362	8
2363	8
2364	8
2365	8
2366	12
2367	12
2368	12
2369	12
2370	12
2371	12
2372	12
2373	12
2374	12
2375	11
2376	12
2377	12
2378	12
2379	11
2380	12
2381	12
2382	12
2383	12
2384	12
2385	12
2386	12
2387	12
2388	12
2389	12
2390	12
2391	11
2392	11
2393	12
2394	12
2395	12
2396	12
2397	12
2398	12
2399	12
2400	11
2401	12
2402	12
2403	12
2404	11
2405	12
2406	11
2407	11
2408	12
2409	12
2410	12
2411	12
2412	11
2413	11
2414	12
2415	3
2416	3
2417	3
2418	3
2419	3
2420	3
2421	3
2422	3
2423	3
2424	3
2425	3
2426	3
2427	9
2428	9
2429	3
2430	3
2431	3
2432	3
2433	3
2434	3
2435	3
2436	3
2437	3
2438	3
2439	3
2440	3
2441	3
2442	3
2443	3
2444	3
2445	3
2446	3
2447	3
2448	3
2449	9
2450	9
2451	9
2452	9
2453	9
2454	3
2455	3
2456	3
2457	3
2458	3
2459	3
2460	3
2461	3
2462	3
2463	9
2464	3
2465	3
2466	3
2467	3
2468	9
2469	3
2470	9
2471	9
2472	9
2473	3
2474	3
2475	3
2476	9
2477	3
2478	3
2479	9
2480	9
2481	3
2482	9
2483	9
2484	3
2485	9
2486	9
2487	9
2488	9
2489	9
2490	9
2491	9
2492	9
2493	9
2494	9
2495	9
2496	3
2497	3
2498	3
2499	3
2500	3
2501	9
2502	3
2503	3
2504	3
2505	3
2506	3
2507	3
2508	3
2509	3
2510	3
2511	3
2512	3
2513	3
2514	3
2515	9
2516	9
2517	3
2518	9
2519	9
2520	9
2521	9
2522	3
2523	3
2524	3
2525	9
2526	3
2527	3
2528	3
2529	3
2530	3
2531	3
2532	3
2533	9
2534	3
2535	3
2536	3
2537	9
2538	3
2539	9
2540	9
2541	9
2542	3
2543	3
2544	9
2545	9
2546	9
2547	3
2548	3
2549	3
2550	3
2551	9
2552	9
2553	9
2554	9
2555	9
2556	9
2557	9
2558	3
2559	3
2560	3
2561	3
2562	3
2563	3
2564	3
2565	3
2566	3
2567	3
2568	9
2569	3
2570	3
2571	3
2572	3
2573	3
2574	3
2575	9
2576	9
2577	9
2578	9
2579	9
2580	9
2581	3
2582	3
2583	9
2584	9
2585	3
2586	3
2587	9
2588	9
2589	9
2590	9
2591	9
2592	9
2593	9
2594	3
2595	3
2596	3
2597	3
2598	3
2599	3
2600	3
2601	3
2602	3
2603	3
2604	3
2605	3
2606	10
2607	10
2608	10
2609	10
2610	10
2611	10
2612	10
2613	10
2614	10
2615	10
2616	10
2617	10
2618	10
2619	10
2620	10
2621	10
2622	10
2623	10
2624	10
2625	10
2626	10
2627	10
2628	10
2629	10
2630	10
2631	10
2632	10
2633	10
2634	10
2635	10
2636	10
2637	10
2638	10
2639	10
2640	1
2641	1
2642	1
2643	1
2644	1
2645	1
2646	1
2647	1
2648	1
2649	1
2650	1
2651	1
2652	1
2653	1
2654	1
2655	1
2656	1
2657	1
2658	1
2659	1
2660	1
2661	1
2662	1
2663	1
2664	1
2665	1
2666	1
2667	1
2668	1
2669	1
2670	1
2671	1
2672	1
2673	1
2674	1
2675	1
2676	1
2677	1
2678	1
2679	1
2680	1
2681	1
2682	1
2683	1
2684	1
2685	1
2686	1
2687	1
2688	2
2689	2
2690	2
2691	2
315	8
1657	4
