0	5
1	5
2	5
3	5
4	5
5	5
6	5
7	13
8	13
9	13
10	13
11	13
12	13
13	13
14	13
15	13
16	13
17	13
18	9
19	13
20	13
21	8
22	8
23	8
24	8
25	8
26	8
27	8
28	8
29	9
30	9
31	9
32	9
33	9
34	9
35	9
36	9
37	9
38	9
39	9
40	9
41	9
42	9
43	9
44	9
45	9
46	9
47	9
48	9
49	7
50	7
51	7
52	7
53	2
54	2
55	2
56	2
57	2
58	7
59	7
60	7
61	7
62	7
63	7
64	7
65	2
66	2
67	2
68	2
69	2
70	2
71	8
72	8
73	8
74	8
75	7
76	7
77	7
78	7
79	7
80	7
81	7
82	7
83	10
84	10
85	10
86	10
87	10
88	10
89	10
90	10
91	10
92	10
93	10
94	10
95	10
96	13
97	13
98	13
99	13
100	13
101	13
102	13
103	13
104	13
105	13
106	13
107	13
108	13
109	13
110	13
111	13
112	13
113	13
114	13
115	13
116	13
117	13
118	13
119	13
120	13
121	13
122	13
123	13
124	13
125	13
126	13
127	13
128	13
129	3
130	3
131	3
132	3
133	6
134	3
135	3
136	3
137	3
138	3
139	3
140	3
141	6
142	6
143	3
144	3
145	3
146	3
147	6
148	3
149	3
150	6
151	3
152	3
153	3
154	3
155	3
156	3
157	6
158	6
159	6
160	6
161	6
162	6
163	6
164	3
165	6
166	10
167	10
168	10
169	10
170	10
171	10
172	10
173	10
174	10
175	10
176	10
177	10
178	10
179	10
180	10
181	10
182	10
183	7
184	7
185	7
186	7
187	7
188	7
189	7
190	7
191	7
192	7
193	7
194	7
195	7
196	7
197	7
198	7
199	7
200	7
201	7
202	7
203	7
204	7
205	7
206	7
207	7
208	11
209	8
210	11
211	8
212	11
213	11
214	8
215	11
216	11
217	11
218	11
219	8
220	11
221	11
222	11
223	11
224	11
225	11
226	8
227	8
228	8
229	8
230	8
231	8
232	8
233	8
234	8
235	8
236	11
237	11
238	11
239	11
240	11
241	8
242	8
243	8
244	11
245	11
246	8
247	8
248	7
249	7
250	7
251	7
252	7
253	7
254	7
255	7
256	7
257	7
258	7
259	7
260	7
261	8
262	8
263	8
264	8
265	8
266	8
267	8
268	8
269	8
270	3
271	8
272	8
273	8
274	8
275	8
276	8
277	8
278	8
279	8
280	8
281	8
282	8
283	8
284	8
285	8
286	8
287	8
288	8
289	3
290	8
291	8
292	8
293	8
294	3
295	8
296	8
297	3
298	8
299	8
300	3
301	3
302	7
303	7
304	7
305	7
306	12
307	11
308	11
309	12
310	12
311	12
312	12
313	12
314	12
316	9
317	9
318	9
319	9
320	9
321	9
322	9
323	9
324	9
325	9
326	9
327	9
328	9
329	9
330	9
331	11
332	11
333	11
334	11
335	11
336	12
337	9
338	9
339	9
340	11
341	11
342	12
343	12
344	11
345	11
346	11
347	12
348	11
349	12
350	12
351	11
352	11
353	12
354	11
355	12
356	6
357	6
358	6
359	6
360	6
361	6
362	6
363	6
364	6
365	6
366	6
367	6
368	6
369	12
370	11
371	11
372	12
373	12
374	12
375	12
376	12
377	11
378	11
379	11
380	11
381	11
382	11
383	12
384	11
385	11
386	11
387	12
388	12
389	9
390	9
391	9
392	9
393	9
394	12
395	12
396	11
397	12
398	9
399	9
400	9
401	9
402	9
403	11
404	11
405	11
406	11
407	11
408	11
409	5
410	5
411	5
412	5
413	5
414	5
415	5
416	5
417	5
418	5
419	5
420	5
421	5
422	5
423	5
424	5
425	10
426	10
427	10
428	10
429	10
430	10
431	10
432	10
433	5
434	5
435	5
436	5
437	5
438	5
439	5
440	5
441	5
442	5
443	5
444	5
445	5
446	10
447	10
448	10
449	10
450	10
451	5
452	5
453	5
454	10
455	10
456	10
457	5
458	5
459	5
460	5
461	5
462	5
463	10
464	10
465	10
466	10
467	10
468	10
469	10
470	10
471	10
472	10
473	5
474	5
475	8
476	8
477	3
478	3
479	3
480	3
481	3
482	3
483	3
484	11
485	11
486	3
487	3
488	3
489	8
490	8
491	8
492	8
493	8
494	8
495	3
496	3
497	3
498	11
499	3
500	3
501	3
502	11
503	3
504	3
505	3
506	11
507	11
508	11
509	11
510	11
511	11
512	11
513	11
514	11
515	11
516	11
517	11
518	11
519	11
520	11
521	11
522	6
523	6
524	6
525	6
526	7
527	7
528	6
529	6
530	6
531	6
532	6
533	6
534	6
535	6
536	6
537	6
538	7
539	7
540	7
541	7
542	7
543	7
544	7
545	7
546	7
547	7
548	7
549	7
550	7
551	7
552	7
553	7
554	7
555	7
556	7
557	7
558	7
559	8
560	8
561	8
562	8
563	8
564	8
565	7
566	7
567	7
568	7
569	7
570	4
571	4
572	6
573	4
574	6
575	4
576	4
577	4
578	6
579	4
580	4
581	7
582	7
583	7
584	7
585	7
586	7
587	8
588	8
589	8
590	8
591	8
592	8
593	8
594	8
595	8
596	8
597	8
598	8
599	8
600	8
601	8
602	8
603	7
604	7
605	7
606	7
607	7
608	7
609	7
610	7
611	7
612	7
613	7
614	7
615	7
616	7
617	8
618	8
619	8
620	8
621	8
622	8
623	8
624	8
625	8
626	8
627	8
628	8
629	8
630	8
631	8
632	8
633	8
634	8
635	8
636	8
637	8
638	8
639	7
640	7
641	7
642	7
643	7
644	7
645	7
646	7
647	7
648	7
649	7
650	7
651	7
652	7
653	7
654	7
655	7
656	7
657	10
658	10
659	3
660	3
661	5
662	5
663	5
664	5
665	5
666	5
667	5
668	5
669	5
670	8
671	8
672	3
673	3
674	3
675	8
676	3
677	3
678	3
679	3
680	5
681	5
682	5
683	5
684	5
685	5
686	5
687	5
688	5
689	5
690	5
691	5
692	5
693	5
694	5
695	5
696	5
697	8
698	3
699	3
700	8
701	8
702	3
703	8
704	3
705	3
706	3
707	8
708	8
709	3
710	8
711	8
712	8
713	8
714	5
715	5
716	8
717	8
718	8
719	8
720	3
721	8
722	8
723	8
724	8
725	8
726	8
727	8
728	8
729	8
730	8
731	8
732	9
733	9
734	9
735	9
736	9
737	3
738	10
739	10
740	10
741	10
742	10
743	3
744	3
745	9
746	9
747	9
748	9
749	9
750	9
751	9
752	9
753	9
754	9
755	9
756	9
757	9
758	9
759	9
760	9
761	9
762	9
763	9
764	9
765	9
766	3
767	10
768	10
769	10
770	9
771	9
772	10
773	10
774	10
775	10
776	3
777	3
778	10
779	10
780	3
781	10
782	3
783	10
784	10
785	11
786	10
787	3
788	3
789	3
790	3
791	11
792	11
793	11
794	11
795	11
796	11
797	11
798	11
799	11
800	11
801	3
802	3
803	3
804	3
805	11
806	11
807	11
808	3
809	10
810	10
811	2
812	2
813	2
814	2
815	2
816	11
817	2
818	2
819	2
820	2
821	2
822	2
823	2
824	2
825	11
826	11
827	2
828	11
829	2
830	2
831	2
832	2
833	2
834	2
835	2
836	2
837	2
838	2
839	2
840	2
841	2
842	2
843	2
844	2
845	11
846	2
847	2
848	2
849	11
850	2
851	2
852	2
853	2
854	2
855	11
856	2
857	2
858	7
859	7
860	7
861	7
862	7
863	7
864	7
865	7
866	7
867	7
868	7
869	7
870	7
871	2
872	2
873	2
874	2
875	2
876	2
877	2
878	11
879	11
880	11
881	2
882	2
883	2
884	2
885	2
886	2
887	2
888	2
889	11
890	11
891	2
892	2
893	2
894	2
895	2
896	2
897	11
898	2
899	2
900	2
901	2
902	2
903	2
904	2
905	2
906	2
907	2
908	2
909	11
910	2
911	2
912	2
913	2
914	2
915	2
916	2
917	2
918	11
919	11
920	2
921	2
922	2
923	2
924	11
925	2
926	11
927	2
928	2
929	2
930	2
931	2
932	2
933	2
934	11
935	2
936	2
937	11
938	11
939	2
940	2
941	11
942	2
943	2
944	2
945	2
946	11
947	2
948	2
949	2
950	2
951	2
952	2
953	11
954	2
955	2
956	2
957	2
958	2
959	2
960	11
961	2
962	2
963	2
964	2
965	2
966	2
967	11
968	2
969	2
970	2
971	11
972	2
973	2
974	2
975	2
976	2
977	2
978	11
979	11
980	11
981	11
982	9
983	2
984	9
985	3
986	6
987	6
988	3
989	6
990	3
991	6
992	3
993	3
994	3
995	3
996	6
997	3
998	3
999	3
1000	3
1001	3
1002	3
1003	3
1004	3
1005	6
1006	6
1007	9
1008	9
1009	6
1010	9
1011	2
1012	9
1013	2
1014	9
1015	9
1016	9
1017	9
1018	2
1019	2
1020	9
1021	9
1022	9
1023	9
1024	9
1025	9
1026	9
1027	9
1028	9
1029	9
1030	9
1031	2
1032	9
1033	9
1034	9
1035	9
1036	9
1037	9
1038	9
1039	2
1040	9
1041	9
1042	9
1043	9
1044	9
1045	9
1046	9
1047	9
1048	2
1049	2
1050	9
1051	2
1052	9
1053	9
1054	9
1055	9
1056	9
1057	9
1058	9
1059	9
1060	9
1061	9
1062	2
1063	9
1064	9
1065	9
1066	9
1067	9
1068	9
1069	9
1070	9
1071	9
1072	9
1073	9
1074	9
1075	7
1076	7
1077	7
1078	7
1079	7
1080	7
1081	7
1082	7
1083	7
1084	7
1085	7
1086	7
1087	8
1088	8
1089	8
1090	8
1091	8
1092	8
1093	8
1094	8
1095	8
1096	8
1097	8
1098	8
1099	8
1100	8
1101	8
1102	8
1103	8
1104	8
1105	8
1106	8
1107	12
1108	12
1109	12
1110	12
1111	12
1112	12
1113	12
1114	11
1115	12
1116	11
1117	12
1118	11
1119	12
1120	12
1121	12
1122	11
1123	12
1124	11
1125	11
1126	12
1127	12
1128	12
1129	12
1130	12
1131	11
1132	11
1133	11
1134	12
1135	12
1136	2
1137	2
1138	11
1139	2
1140	12
1141	12
1142	12
1143	12
1144	12
1145	12
1146	11
1147	11
1148	12
1149	12
1150	12
1151	12
1152	12
1153	11
1154	11
1155	11
1156	11
1157	11
1158	11
1159	11
1160	11
1161	11
1162	11
1163	11
1164	11
1165	11
1166	11
1167	11
1168	11
1169	9
1170	9
1171	2
1172	2
1173	9
1174	9
1175	9
1176	9
1177	2
1178	2
1179	2
1180	2
1181	2
1182	2
1183	2
1184	9
1185	9
1186	9
1187	9
1188	9
1189	9
1190	9
1191	9
1192	2
1193	9
1194	9
1195	9
1196	9
1197	2
1198	9
1199	9
1200	12
1201	12
1202	12
1203	12
1204	12
1205	12
1206	12
1207	12
1208	12
1209	12
1210	12
1211	12
1212	12
1213	12
1214	12
1215	12
1216	12
1217	12
1218	12
1219	12
1220	12
1221	12
1222	12
1223	12
1224	12
1225	12
1226	12
1227	12
1228	12
1229	12
1230	12
1231	12
1232	12
1233	12
1234	12
1235	12
1236	12
1237	12
1238	12
1239	12
1240	8
1241	3
1242	3
1243	8
1244	3
1245	3
1246	3
1247	3
1248	8
1249	8
1250	3
1251	8
1252	3
1253	5
1254	5
1255	5
1256	5
1257	5
1258	8
1259	3
1260	8
1261	8
1262	3
1263	3
1264	5
1265	5
1266	5
1267	5
1268	5
1269	5
1270	5
1271	5
1272	5
1273	5
1274	5
1275	5
1276	5
1277	5
1278	11
1279	11
1280	11
1281	8
1282	3
1283	3
1284	5
1285	5
1286	5
1287	5
1288	11
1289	11
1290	11
1291	11
1292	11
1293	11
1294	11
1295	11
1296	11
1297	11
1298	11
1299	11
1300	11
1301	11
1302	11
1303	7
1304	7
1305	7
1306	7
1307	7
1308	7
1309	7
1310	7
1311	7
1312	7
1313	7
1314	2
1315	2
1316	2
1317	2
1318	2
1319	2
1320	2
1321	2
1322	2
1323	2
1324	2
1325	2
1326	2
1327	11
1328	2
1329	2
1330	2
1331	11
1332	11
1333	2
1334	2
1335	2
1336	2
1337	2
1338	2
1339	2
1340	2
1341	2
1342	2
1343	2
1344	2
1345	2
1346	7
1347	7
1348	7
1349	7
1350	7
1351	7
1352	7
1353	7
1354	7
1355	7
1356	7
1357	7
1358	7
1359	7
1360	7
1361	7
1362	7
1363	12
1364	12
1365	12
1366	12
1367	12
1368	12
1369	12
1370	12
1371	12
1372	12
1373	12
1374	12
1375	12
1376	12
1377	12
1378	12
1379	12
1380	12
1381	11
1382	11
1383	11
1384	11
1385	11
1386	11
1387	11
1388	11
1389	11
1390	11
1391	11
1392	11
1393	11
1394	11
1395	11
1396	11
1397	5
1398	7
1399	5
1400	7
1401	5
1402	7
1403	7
1404	5
1405	7
1406	7
1407	7
1408	5
1409	7
1410	5
1411	7
1412	7
1413	5
1414	7
1415	7
1416	7
1417	5
1418	5
1419	7
1420	5
1421	7
1422	5
1423	7
1424	5
1425	5
1426	5
1427	7
1428	6
1429	6
1430	6
1431	6
1432	6
1433	6
1434	6
1435	6
1436	6
1437	6
1438	6
1439	6
1440	6
1441	9
1442	9
1443	9
1444	9
1445	9
1446	9
1447	9
1448	9
1449	9
1450	9
1451	9
1452	9
1453	9
1454	9
1455	6
1456	6
1457	6
1458	6
1459	6
1460	6
1461	6
1462	6
1463	6
1464	6
1465	11
1466	11
1467	11
1468	11
1469	11
1470	11
1471	11
1472	11
1473	11
1474	11
1475	11
1476	11
1477	11
1478	11
1479	11
1480	11
1481	11
1482	11
1483	11
1484	11
1485	11
1486	11
1487	11
1488	11
1489	9
1490	9
1491	9
1492	9
1493	9
1494	9
1495	9
1496	9
1497	9
1498	9
1499	9
1500	9
1501	5
1502	5
1503	5
1504	5
1505	5
1506	5
1507	5
1508	5
1509	5
1510	5
1511	5
1512	5
1513	5
1514	5
1515	5
1516	5
1517	5
1518	5
1519	5
1520	5
1521	5
1522	5
1523	5
1524	5
1525	5
1526	5
1527	5
1528	5
1529	10
1530	10
1531	10
1532	10
1533	10
1534	10
1535	10
1536	10
1537	10
1538	10
1539	10
1540	10
1541	10
1542	10
1543	10
1544	10
1545	10
1546	10
1547	10
1548	10
1549	10
1550	10
1551	10
1552	6
1553	6
1554	6
1555	6
1556	6
1557	6
1558	6
1559	6
1560	6
1561	6
1562	6
1563	6
1564	6
1565	6
1566	6
1567	6
1568	6
1569	6
1570	6
1571	6
1572	6
1573	6
1574	6
1575	6
1576	9
1577	9
1578	9
1579	9
1580	9
1581	9
1582	9
1583	9
1584	9
1585	9
1586	9
1587	9
1588	9
1589	9
1590	9
1591	9
1592	9
1593	7
1594	7
1595	7
1596	7
1597	7
1598	7
1599	7
1600	7
1601	7
1602	6
1603	6
1604	6
1605	6
1606	6
1607	6
1608	6
1609	6
1610	6
1611	6
1612	6
1613	6
1614	6
1615	6
1616	6
1617	6
1618	11
1619	11
1620	8
1621	8
1622	8
1623	8
1624	8
1625	8
1626	8
1627	8
1628	8
1629	9
1630	9
1631	12
1632	9
1633	12
1634	12
1635	12
1636	12
1637	12
1638	12
1639	9
1640	12
1641	12
1642	12
1643	12
1644	8
1645	8
1646	8
1647	8
1648	8
1649	12
1650	12
1651	12
1652	12
1653	12
1654	12
1655	12
1656	12
1658	12
1659	12
1660	12
1661	12
1662	12
1663	12
1664	12
1665	12
1666	9
1667	9
1668	9
1669	12
1670	12
1671	12
1672	12
1673	8
1674	12
1675	12
1676	12
1677	8
1678	3
1679	3
1680	3
1681	3
1682	3
1683	3
1684	3
1685	9
1686	9
1687	9
1688	9
1689	9
1690	9
1691	9
1692	9
1693	9
1694	9
1695	9
1696	9
1697	9
1698	9
1699	9
1700	9
1701	13
1702	13
1703	13
1704	13
1705	9
1706	9
1707	9
1708	9
1709	13
1710	9
1711	9
1712	9
1713	8
1714	8
1715	8
1716	8
1717	8
1718	8
1719	8
1720	8
1721	8
1722	8
1723	8
1724	8
1725	9
1726	13
1727	13
1728	8
1729	9
1730	13
1731	13
1732	13
1733	13
1734	9
1735	13
1736	13
1737	13
1738	13
1739	13
1740	13
1741	13
1742	5
1743	5
1744	5
1745	5
1746	5
1747	5
1748	5
1749	13
1750	5
1751	5
1752	5
1753	5
1754	5
1755	5
1756	13
1757	8
1758	8
1759	8
1760	8
1761	5
1762	5
1763	5
1764	13
1765	5
1766	5
1767	13
1768	5
1769	5
1770	5
1771	5
1772	5
1773	5
1774	8
1775	8
1776	8
1777	8
1778	8
1779	8
1780	8
1781	8
1782	8
1783	8
1784	8
1785	8
1786	8
1787	5
1788	5
1789	5
1790	5
1791	5
1792	5
1793	5
1794	5
1795	8
1796	8
1797	8
1798	8
1799	5
1800	5
1801	5
1802	5
1803	5
1804	5
1805	5
1806	5
1807	5
1808	5
1809	13
1810	6
1811	6
1812	6
1813	6
1814	6
1815	6
1816	6
1817	6
1818	13
1819	6
1820	13
1821	6
1822	13
1823	6
1824	6
1825	13
1826	6
1827	6
1828	13
1829	6
1830	8
1831	8
1832	8
1833	8
1834	8
1835	6
1836	6
1837	8
1838	6
1839	6
1840	6
1841	6
1842	6
1843	6
1844	6
1845	13
1846	6
1847	6
1848	6
1849	13
1850	6
1851	6
1852	6
1853	6
1854	13
1855	6
1856	6
1857	8
1858	8
1859	8
1860	8
1861	8
1862	8
1863	6
1864	6
1865	6
1866	6
1867	6
1868	13
1869	6
1870	13
1871	13
1872	3
1873	3
1874	3
1875	3
1876	3
1877	3
1878	3
1879	3
1880	3
1881	3
1882	3
1883	3
1884	3
1885	3
1886	3
1887	3
1888	3
1889	3
1890	3
1891	3
1892	3
1893	3
1894	3
1895	7
1896	7
1897	7
1898	11
1899	11
1900	11
1901	11
1902	11
1903	11
1904	7
1905	7
1906	7
1907	7
1908	7
1909	7
1910	7
1911	7
1912	7
1913	7
1914	7
1915	7
1916	11
1917	11
1918	11
1919	11
1920	11
1921	11
1922	11
1923	11
1924	7
1925	7
1926	7
1927	7
1928	7
1929	7
1930	7
1931	7
1932	7
1933	7
1934	7
1935	7
1936	7
1937	7
1938	7
1939	7
1940	7
1941	7
1942	7
1943	7
1944	7
1945	7
1946	7
1947	7
1948	7
1949	7
1950	7
1951	7
1952	7
1953	7
1954	7
1955	7
1956	7
1957	7
1958	7
1959	7
1960	7
1961	7
1962	7
1963	7
1964	7
1965	7
1966	7
1967	7
1968	7
1969	7
1970	7
1971	7
1972	7
1973	7
1974	7
1975	7
1976	10
1977	10
1978	10
1979	10
1980	10
1981	10
1982	10
1983	10
1984	10
1985	10
1986	10
1987	10
1988	10
1989	10
1990	10
1991	10
1992	10
1993	10
1994	10
1995	10
1996	10
1997	10
1998	10
1999	10
2000	10
2001	10
2002	10
2003	10
2004	10
2005	10
2006	10
2007	10
2008	10
2009	10
2010	10
2011	10
2012	10
2013	10
2014	10
2015	10
2016	10
2017	8
2018	8
2019	8
2020	8
2021	8
2022	8
2023	8
2024	3
2025	8
2026	8
2027	8
2028	8
2029	8
2030	3
2031	3
2032	3
2033	3
2034	3
2035	3
2036	3
2037	3
2038	8
2039	8
2040	8
2041	8
2042	8
2043	8
2044	8
2045	8
2046	3
2047	3
2048	8
2049	8
2050	8
2051	3
2052	3
2053	3
2054	3
2055	3
2056	3
2057	3
2058	10
2059	10
2060	10
2061	10
2062	10
2063	10
2064	10
2065	10
2066	10
2067	10
2068	8
2069	8
2070	8
2071	8
2072	8
2073	8
2074	8
2075	8
2076	8
2077	8
2078	8
2079	8
2080	8
2081	8
2082	8
2083	8
2084	8
2085	8
2086	8
2087	8
2088	8
2089	9
2090	9
2091	9
2092	9
2093	9
2094	9
2095	9
2096	5
2097	5
2098	5
2099	5
2100	5
2101	5
2102	5
2103	5
2104	5
2105	5
2106	5
2107	5
2108	5
2109	5
2110	5
2111	5
2112	5
2113	4
2114	4
2115	13
2116	13
2117	13
2118	4
2119	4
2120	4
2121	4
2122	4
2123	4
2124	8
2125	13
2126	4
2127	13
2128	13
2129	4
2130	4
2131	4
2132	4
2133	4
2134	4
2135	4
2136	4
2137	4
2138	4
2139	4
2140	4
2141	4
2142	4
2143	4
2144	4
2145	4
2146	4
2147	4
2148	4
2149	4
2150	13
2151	13
2152	13
2153	13
2154	4
2155	4
2156	4
2157	4
2158	13
2159	4
2160	13
2161	13
2162	13
2163	13
2164	13
2165	13
2166	4
2167	4
2168	4
2169	13
2170	13
2171	4
2172	4
2173	4
2174	4
2175	4
2176	4
2177	4
2178	13
2179	13
2180	13
2181	13
2182	13
2183	13
2184	4
2185	13
2186	13
2187	13
2188	4
2189	4
2190	4
2191	4
2192	4
2193	13
2194	4
2195	4
2196	4
2197	4
2198	4
2199	4
2200	4
2201	4
2202	4
2203	4
2204	13
2205	13
2206	4
2207	4
2208	4
2209	13
2210	13
2211	4
2212	4
2213	4
2214	4
2215	4
2216	4
2217	4
2218	4
2219	13
2220	13
2221	4
2222	4
2223	4
2224	13
2225	13
2226	13
2227	13
2228	4
2229	4
2230	13
2231	13
2232	13
2233	4
2234	4
2235	4
2236	4
2237	4
2238	4
2239	13
2240	13
2241	4
2242	4
2243	4
2244	4
2245	4
2246	13
2247	13
2248	13
2249	13
2250	13
2251	13
2252	4
2253	4
2254	4
2255	4
2256	13
2257	4
2258	4
2259	4
2260	13
2261	13
2262	13
2263	13
2264	13
2265	13
2266	4
2267	4
2268	4
2269	4
2270	4
2271	4
2272	4
2273	4
2274	4
2275	13
2276	13
2277	4
2278	4
2279	4
2280	4
2281	4
2282	4
2283	4
2284	8
2285	8
2286	4
2287	4
2288	4
2289	13
2290	13
2291	13
2292	13
2293	13
2294	4
2295	4
2296	4
2297	4
2298	4
2299	4
2300	4
2301	13
2302	4
2303	4
2304	4
2305	13
2306	13
2307	13
2308	13
2309	8
2310	8
2311	8
2312	2
2313	2
2314	2
2315	2
2316	2
2317	2
2318	2
2319	2
2320	2
2321	2
2322	2
2323	2
2324	2
2325	2
2326	2
2327	2
2328	2
2329	2
2330	7
2331	7
2332	7
2333	7
2334	7
2335	7
2336	7
2337	7
2338	7
2339	7
2340	7
2341	7
2342	7
2343	7
2344	7
2345	7
2346	9
2347	9
2348	9
2349	9
2350	9
2351	9
2352	9
2353	9
2354	9
2355	9
2356	9
2357	9
2358	9
2359	9
2360	9
2361	9
2362	9
2363	9
2364	9
2365	9
2366	4
2367	4
2368	4
2369	4
2370	4
2371	4
2372	4
2373	4
2374	4
2375	4
2376	4
2377	4
2378	4
2379	4
2380	4
2381	4
2382	4
2383	4
2384	4
2385	4
2386	4
2387	4
2388	4
2389	4
2390	4
2391	4
2392	4
2393	4
2394	4
2395	4
2396	4
2397	4
2398	4
2399	4
2400	4
2401	4
2402	4
2403	4
2404	4
2405	4
2406	4
2407	4
2408	4
2409	4
2410	4
2411	4
2412	4
2413	4
2414	4
2415	1
2416	1
2417	1
2418	1
2419	1
2420	1
2421	1
2422	1
2423	1
2424	1
2425	12
2426	1
2427	1
2428	1
2429	1
2430	1
2431	1
2432	1
2433	1
2434	1
2435	1
2436	1
2437	1
2438	1
2439	1
2440	1
2441	1
2442	1
2443	1
2444	1
2445	1
2446	1
2447	1
2448	1
2449	1
2450	1
2451	1
2452	1
2453	1
2454	12
2455	12
2456	12
2457	12
2458	12
2459	12
2460	1
2461	1
2462	12
2463	12
2464	12
2465	1
2466	1
2467	12
2468	12
2469	12
2470	12
2471	12
2472	1
2473	1
2474	1
2475	12
2476	12
2477	12
2478	12
2479	12
2480	1
2481	12
2482	12
2483	1
2484	12
2485	12
2486	12
2487	12
2488	1
2489	12
2490	1
2491	1
2492	12
2493	12
2494	12
2495	1
2496	1
2497	1
2498	1
2499	1
2500	12
2501	12
2502	1
2503	1
2504	1
2505	1
2506	1
2507	1
2508	1
2509	1
2510	1
2511	1
2512	1
2513	1
2514	1
2515	1
2516	1
2517	1
2518	1
2519	1
2520	1
2521	1
2522	1
2523	1
2524	1
2525	1
2526	1
2527	1
2528	1
2529	1
2530	1
2531	1
2532	1
2533	1
2534	1
2535	1
2536	1
2537	1
2538	1
2539	1
2540	1
2541	1
2542	1
2543	1
2544	1
2545	1
2546	1
2547	1
2548	1
2549	1
2550	1
2551	1
2552	1
2553	1
2554	1
2555	1
2556	1
2557	1
2558	1
2559	1
2560	1
2561	1
2562	1
2563	1
2564	1
2565	1
2566	1
2567	1
2568	1
2569	1
2570	1
2571	1
2572	1
2573	1
2574	1
2575	1
2576	1
2577	1
2578	1
2579	1
2580	1
2581	1
2582	1
2583	1
2584	1
2585	1
2586	12
2587	1
2588	1
2589	1
2590	1
2591	1
2592	1
2593	1
2594	1
2595	1
2596	1
2597	1
2598	1
2599	1
2600	1
2601	1
2602	1
2603	1
2604	1
2605	1
2606	8
2607	3
2608	3
2609	8
2610	3
2611	3
2612	8
2613	8
2614	3
2615	3
2616	8
2617	3
2618	3
2619	3
2620	3
2621	3
2622	3
2623	3
2624	3
2625	8
2626	8
2627	8
2628	8
2629	8
2630	3
2631	8
2632	3
2633	3
2634	8
2635	8
2636	3
2637	8
2638	8
2639	8
2640	6
2641	6
2642	10
2643	6
2644	10
2645	6
2646	6
2647	10
2648	6
2649	6
2650	6
2651	6
2652	6
2653	6
2654	6
2655	6
2656	10
2657	6
2658	10
2659	10
2660	10
2661	6
2662	6
2663	6
2664	10
2665	10
2666	6
2667	10
2668	10
2669	10
2670	6
2671	10
2672	6
2673	10
2674	6
2675	6
2676	6
2677	6
2678	6
2679	10
2680	10
2681	10
2682	10
2683	10
2684	10
2685	6
2686	6
2687	10
2688	7
2689	7
2690	7
2691	7
315	9
1657	12
