0	1
1	1
2	1
3	1
4	1
5	1
6	1
7	13
8	13
9	13
10	13
11	3
12	13
13	13
14	13
15	13
16	3
17	3
18	3
19	3
20	13
21	9
22	9
23	9
24	9
25	9
26	9
27	9
28	9
29	12
30	12
31	12
32	12
33	12
34	12
35	12
36	12
37	12
38	12
39	12
40	12
41	12
42	12
43	12
44	12
45	12
46	12
47	12
48	12
49	12
50	12
51	12
52	12
53	10
54	10
55	10
56	10
57	10
58	12
59	12
60	12
61	12
62	12
63	12
64	12
65	10
66	10
67	10
68	10
69	10
70	10
71	9
72	9
73	9
74	9
75	12
76	12
77	12
78	12
79	12
80	12
81	12
82	12
83	11
84	11
85	11
86	11
87	11
88	11
89	11
90	11
91	11
92	11
93	11
94	11
95	11
96	3
97	13
98	3
99	3
100	13
101	13
102	13
103	3
104	13
105	3
106	13
107	13
108	3
109	13
110	13
111	13
112	13
113	13
114	13
115	13
116	13
117	13
118	13
119	13
120	13
121	13
122	3
123	13
124	3
125	3
126	3
127	13
128	3
129	5
130	5
131	5
132	5
133	5
134	5
135	5
136	5
137	5
138	5
139	5
140	5
141	5
142	5
143	5
144	5
145	5
146	5
147	5
148	5
149	5
150	5
151	5
152	5
153	5
154	5
155	5
156	5
157	5
158	5
159	5
160	5
161	5
162	5
163	5
164	5
165	5
166	7
167	7
168	7
169	7
170	7
171	7
172	7
173	7
174	7
175	7
176	7
177	7
178	7
179	7
180	7
181	7
182	7
183	1
184	1
185	1
186	1
187	1
188	1
189	1
190	1
191	1
192	1
193	1
194	1
195	1
196	1
197	1
198	1
199	1
200	1
201	1
202	1
203	1
204	1
205	1
206	1
207	1
208	9
209	9
210	9
211	9
212	9
213	9
214	9
215	9
216	9
217	9
218	9
219	9
220	9
221	9
222	9
223	9
224	9
225	9
226	2
227	2
228	2
229	2
230	2
231	2
232	2
233	2
234	2
235	2
236	9
237	9
238	9
239	9
240	9
241	9
242	9
243	9
244	9
245	9
246	9
247	9
248	1
249	1
250	1
251	1
252	1
253	1
254	1
255	1
256	1
257	1
258	1
259	1
260	1
261	2
262	2
263	2
264	2
265	2
266	2
267	2
268	2
269	2
270	2
271	2
272	2
273	2
274	2
275	2
276	2
277	2
278	2
279	2
280	2
281	2
282	2
283	2
284	2
285	2
286	2
287	2
288	2
289	2
290	2
291	2
292	2
293	2
294	2
295	2
296	2
297	2
298	2
299	2
300	2
301	2
302	1
303	1
304	1
305	1
306	10
307	10
308	10
309	6
310	10
311	10
312	10
313	10
314	10
316	3
317	3
318	3
319	3
320	3
321	3
322	3
323	3
324	3
325	3
326	3
327	3
328	3
329	3
330	3
331	10
332	10
333	10
334	10
335	10
336	10
337	3
338	3
339	3
340	10
341	10
342	10
343	10
344	10
345	6
346	10
347	10
348	10
349	10
350	10
351	10
352	10
353	10
354	10
355	10
356	7
357	5
358	7
359	5
360	5
361	7
362	5
363	5
364	7
365	7
366	5
367	7
368	5
369	10
370	10
371	10
372	10
373	10
374	10
375	10
376	10
377	10
378	10
379	10
380	10
381	10
382	10
383	10
384	10
385	10
386	10
387	10
388	10
389	3
390	3
391	3
392	3
393	3
394	10
395	10
396	10
397	10
398	3
399	3
400	3
401	3
402	3
403	9
404	9
405	9
406	9
407	9
408	9
409	3
410	12
411	3
412	3
413	12
414	12
415	12
416	12
417	12
418	12
419	12
420	12
421	12
422	12
423	3
424	12
425	7
426	7
427	7
428	7
429	7
430	7
431	7
432	7
433	12
434	12
435	12
436	12
437	12
438	12
439	12
440	12
441	12
442	12
443	12
444	12
445	3
446	7
447	7
448	7
449	7
450	7
451	12
452	3
453	12
454	7
455	7
456	7
457	12
458	3
459	12
460	3
461	12
462	12
463	7
464	7
465	7
466	7
467	7
468	7
469	7
470	7
471	7
472	7
473	12
474	3
475	2
476	2
477	5
478	5
479	5
480	5
481	5
482	5
483	5
484	9
485	9
486	5
487	5
488	5
489	2
490	2
491	2
492	2
493	2
494	2
495	5
496	5
497	5
498	9
499	5
500	5
501	5
502	9
503	5
504	5
505	5
506	9
507	9
508	9
509	9
510	9
511	9
512	9
513	9
514	9
515	9
516	9
517	9
518	9
519	9
520	9
521	9
522	8
523	11
524	11
525	11
526	1
527	1
528	11
529	11
530	11
531	11
532	11
533	11
534	11
535	11
536	11
537	11
538	1
539	1
540	1
541	1
542	1
543	1
544	1
545	1
546	1
547	1
548	1
549	1
550	1
551	1
552	1
553	1
554	1
555	1
556	1
557	1
558	1
559	2
560	2
561	2
562	2
563	2
564	2
565	1
566	1
567	1
568	1
569	1
570	8
571	8
572	8
573	8
574	11
575	8
576	8
577	8
578	11
579	8
580	8
581	1
582	1
583	1
584	1
585	1
586	1
587	2
588	2
589	2
590	2
591	2
592	9
593	9
594	2
595	9
596	2
597	9
598	2
599	9
600	9
601	9
602	2
603	1
604	1
605	1
606	1
607	1
608	1
609	1
610	1
611	1
612	1
613	1
614	1
615	1
616	1
617	2
618	2
619	9
620	2
621	2
622	2
623	2
624	2
625	2
626	2
627	2
628	9
629	9
630	9
631	9
632	2
633	2
634	2
635	2
636	2
637	2
638	2
639	1
640	1
641	1
642	1
643	1
644	1
645	1
646	1
647	1
648	1
649	1
650	1
651	1
652	1
653	1
654	1
655	1
656	1
657	5
658	5
659	5
660	5
661	12
662	12
663	4
664	4
665	4
666	4
667	4
668	4
669	4
670	2
671	2
672	2
673	2
674	2
675	2
676	2
677	2
678	2
679	2
680	4
681	4
682	4
683	12
684	4
685	12
686	12
687	4
688	12
689	12
690	12
691	12
692	12
693	12
694	4
695	12
696	12
697	2
698	2
699	2
700	2
701	2
702	2
703	2
704	2
705	2
706	5
707	2
708	2
709	2
710	2
711	2
712	2
713	2
714	4
715	4
716	2
717	2
718	2
719	2
720	2
721	2
722	2
723	2
724	2
725	2
726	2
727	2
728	2
729	2
730	2
731	2
732	12
733	12
734	12
735	12
736	12
737	5
738	7
739	7
740	5
741	7
742	7
743	5
744	5
745	12
746	12
747	12
748	12
749	12
750	12
751	12
752	12
753	12
754	12
755	12
756	12
757	12
758	12
759	12
760	12
761	12
762	12
763	12
764	12
765	12
766	5
767	7
768	5
769	7
770	12
771	12
772	5
773	5
774	5
775	7
776	5
777	5
778	5
779	7
780	5
781	5
782	5
783	5
784	7
785	9
786	5
787	5
788	5
789	5
790	5
791	9
792	9
793	9
794	9
795	9
796	9
797	9
798	9
799	9
800	9
801	5
802	5
803	5
804	5
805	9
806	9
807	9
808	5
809	5
810	7
811	8
812	8
813	10
814	8
815	10
816	10
817	8
818	8
819	8
820	8
821	10
822	10
823	8
824	10
825	10
826	10
827	8
828	10
829	8
830	10
831	10
832	10
833	10
834	8
835	8
836	10
837	8
838	10
839	10
840	8
841	10
842	8
843	8
844	8
845	10
846	8
847	8
848	8
849	10
850	8
851	8
852	10
853	10
854	8
855	10
856	8
857	8
858	1
859	1
860	1
861	1
862	1
863	1
864	1
865	1
866	1
867	1
868	1
869	1
870	1
871	10
872	10
873	10
874	10
875	8
876	8
877	10
878	10
879	10
880	10
881	10
882	10
883	8
884	10
885	8
886	10
887	8
888	8
889	10
890	8
891	8
892	8
893	8
894	8
895	8
896	10
897	10
898	8
899	8
900	8
901	8
902	8
903	8
904	10
905	8
906	10
907	8
908	8
909	10
910	8
911	8
912	8
913	8
914	8
915	10
916	10
917	10
918	10
919	10
920	8
921	8
922	8
923	8
924	10
925	8
926	10
927	10
928	8
929	10
930	8
931	8
932	8
933	8
934	10
935	8
936	10
937	10
938	10
939	8
940	8
941	10
942	8
943	8
944	8
945	8
946	10
947	8
948	8
949	8
950	10
951	8
952	8
953	10
954	8
955	8
956	8
957	8
958	8
959	10
960	10
961	8
962	8
963	10
964	8
965	10
966	8
967	10
968	8
969	8
970	10
971	10
972	8
973	8
974	8
975	8
976	8
977	8
978	10
979	10
980	10
981	10
982	3
983	3
984	3
985	5
986	5
987	5
988	5
989	5
990	5
991	5
992	5
993	5
994	5
995	5
996	5
997	5
998	5
999	5
1000	5
1001	5
1002	5
1003	5
1004	5
1005	5
1006	5
1007	3
1008	3
1009	5
1010	3
1011	3
1012	3
1013	3
1014	3
1015	3
1016	3
1017	3
1018	3
1019	3
1020	3
1021	3
1022	3
1023	3
1024	3
1025	3
1026	3
1027	3
1028	3
1029	3
1030	3
1031	3
1032	3
1033	3
1034	3
1035	3
1036	3
1037	3
1038	3
1039	3
1040	3
1041	3
1042	3
1043	3
1044	3
1045	3
1046	3
1047	3
1048	3
1049	3
1050	3
1051	3
1052	3
1053	3
1054	3
1055	3
1056	3
1057	3
1058	3
1059	3
1060	3
1061	3
1062	3
1063	3
1064	3
1065	3
1066	3
1067	3
1068	3
1069	3
1070	3
1071	3
1072	3
1073	3
1074	3
1075	1
1076	1
1077	1
1078	1
1079	1
1080	1
1081	1
1082	1
1083	1
1084	1
1085	1
1086	1
1087	2
1088	2
1089	2
1090	2
1091	2
1092	2
1093	2
1094	9
1095	9
1096	9
1097	9
1098	9
1099	9
1100	9
1101	9
1102	9
1103	9
1104	9
1105	9
1106	9
1107	6
1108	11
1109	6
1110	11
1111	11
1112	11
1113	11
1114	11
1115	6
1116	11
1117	11
1118	11
1119	6
1120	11
1121	11
1122	11
1123	11
1124	11
1125	11
1126	11
1127	11
1128	11
1129	6
1130	11
1131	11
1132	11
1133	11
1134	6
1135	11
1136	11
1137	11
1138	11
1139	11
1140	11
1141	6
1142	6
1143	11
1144	11
1145	11
1146	11
1147	11
1148	6
1149	11
1150	6
1151	6
1152	11
1153	11
1154	10
1155	10
1156	10
1157	10
1158	10
1159	10
1160	10
1161	10
1162	10
1163	10
1164	10
1165	10
1166	10
1167	10
1168	10
1169	3
1170	3
1171	3
1172	3
1173	3
1174	3
1175	3
1176	3
1177	3
1178	3
1179	3
1180	8
1181	3
1182	3
1183	3
1184	3
1185	3
1186	3
1187	3
1188	3
1189	3
1190	3
1191	3
1192	3
1193	3
1194	3
1195	3
1196	3
1197	3
1198	3
1199	3
1200	11
1201	11
1202	11
1203	8
1204	8
1205	11
1206	11
1207	11
1208	8
1209	11
1210	11
1211	11
1212	11
1213	8
1214	11
1215	11
1216	11
1217	8
1218	11
1219	11
1220	11
1221	11
1222	8
1223	11
1224	8
1225	8
1226	11
1227	8
1228	8
1229	11
1230	8
1231	11
1232	11
1233	11
1234	11
1235	8
1236	11
1237	11
1238	11
1239	8
1240	2
1241	2
1242	2
1243	2
1244	2
1245	2
1246	2
1247	2
1248	2
1249	2
1250	2
1251	2
1252	2
1253	12
1254	12
1255	12
1256	12
1257	12
1258	2
1259	2
1260	2
1261	2
1262	2
1263	2
1264	12
1265	12
1266	12
1267	12
1268	12
1269	12
1270	12
1271	12
1272	12
1273	12
1274	12
1275	12
1276	12
1277	12
1278	9
1279	9
1280	9
1281	2
1282	2
1283	2
1284	12
1285	12
1286	12
1287	12
1288	9
1289	9
1290	9
1291	9
1292	9
1293	9
1294	9
1295	9
1296	9
1297	9
1298	9
1299	9
1300	9
1301	9
1302	9
1303	12
1304	12
1305	12
1306	12
1307	12
1308	12
1309	12
1310	12
1311	12
1312	12
1313	12
1314	11
1315	11
1316	11
1317	11
1318	11
1319	11
1320	11
1321	11
1322	11
1323	11
1324	11
1325	11
1326	11
1327	11
1328	11
1329	11
1330	11
1331	11
1332	11
1333	11
1334	11
1335	11
1336	11
1337	11
1338	11
1339	11
1340	11
1341	11
1342	11
1343	11
1344	11
1345	11
1346	12
1347	12
1348	12
1349	12
1350	12
1351	12
1352	12
1353	12
1354	12
1355	12
1356	12
1357	12
1358	12
1359	12
1360	12
1361	12
1362	12
1363	11
1364	11
1365	11
1366	6
1367	6
1368	11
1369	11
1370	11
1371	6
1372	11
1373	11
1374	11
1375	11
1376	11
1377	11
1378	11
1379	11
1380	6
1381	10
1382	10
1383	10
1384	10
1385	10
1386	10
1387	10
1388	10
1389	10
1390	10
1391	10
1392	10
1393	10
1394	10
1395	10
1396	10
1397	12
1398	12
1399	12
1400	12
1401	12
1402	12
1403	12
1404	12
1405	12
1406	12
1407	12
1408	12
1409	12
1410	12
1411	12
1412	12
1413	12
1414	12
1415	12
1416	12
1417	12
1418	12
1419	12
1420	12
1421	12
1422	12
1423	12
1424	12
1425	12
1426	12
1427	12
1428	8
1429	8
1430	8
1431	8
1432	8
1433	8
1434	8
1435	8
1436	8
1437	8
1438	8
1439	8
1440	8
1441	3
1442	3
1443	3
1444	3
1445	3
1446	3
1447	3
1448	3
1449	3
1450	3
1451	3
1452	3
1453	3
1454	3
1455	8
1456	8
1457	8
1458	8
1459	8
1460	8
1461	8
1462	8
1463	8
1464	8
1465	9
1466	9
1467	9
1468	9
1469	9
1470	9
1471	9
1472	9
1473	9
1474	9
1475	9
1476	9
1477	9
1478	9
1479	9
1480	9
1481	9
1482	9
1483	9
1484	9
1485	9
1486	9
1487	9
1488	9
1489	3
1490	3
1491	3
1492	3
1493	3
1494	3
1495	3
1496	3
1497	3
1498	3
1499	3
1500	3
1501	12
1502	12
1503	12
1504	1
1505	12
1506	12
1507	1
1508	12
1509	1
1510	12
1511	1
1512	1
1513	1
1514	12
1515	12
1516	12
1517	1
1518	1
1519	1
1520	12
1521	1
1522	1
1523	1
1524	1
1525	1
1526	1
1527	12
1528	12
1529	7
1530	7
1531	7
1532	7
1533	7
1534	7
1535	7
1536	7
1537	7
1538	7
1539	7
1540	7
1541	7
1542	7
1543	7
1544	7
1545	7
1546	7
1547	7
1548	7
1549	7
1550	7
1551	7
1552	11
1553	11
1554	11
1555	11
1556	11
1557	11
1558	11
1559	11
1560	11
1561	11
1562	11
1563	11
1564	11
1565	11
1566	11
1567	11
1568	11
1569	11
1570	11
1571	11
1572	11
1573	11
1574	11
1575	11
1576	12
1577	12
1578	12
1579	12
1580	12
1581	12
1582	12
1583	12
1584	12
1585	12
1586	12
1587	12
1588	12
1589	12
1590	12
1591	12
1592	12
1593	12
1594	12
1595	12
1596	12
1597	12
1598	12
1599	12
1600	12
1601	12
1602	11
1603	11
1604	11
1605	11
1606	11
1607	11
1608	11
1609	11
1610	11
1611	11
1612	11
1613	11
1614	11
1615	11
1616	11
1617	11
1618	9
1619	9
1620	9
1621	9
1622	9
1623	9
1624	9
1625	9
1626	9
1627	9
1628	9
1629	8
1630	8
1631	8
1632	8
1633	8
1634	8
1635	8
1636	8
1637	8
1638	8
1639	8
1640	8
1641	8
1642	8
1643	8
1644	9
1645	9
1646	9
1647	9
1648	9
1649	8
1650	8
1651	8
1652	8
1653	8
1654	8
1655	8
1656	8
1658	8
1659	8
1660	8
1661	8
1662	8
1663	8
1664	8
1665	8
1666	3
1667	3
1668	3
1669	8
1670	8
1671	8
1672	8
1673	9
1674	8
1675	8
1676	8
1677	9
1678	2
1679	2
1680	2
1681	2
1682	2
1683	2
1684	2
1685	12
1686	12
1687	12
1688	12
1689	12
1690	12
1691	12
1692	12
1693	12
1694	12
1695	12
1696	12
1697	12
1698	12
1699	12
1700	12
1701	13
1702	3
1703	4
1704	13
1705	3
1706	3
1707	3
1708	3
1709	13
1710	3
1711	3
1712	3
1713	9
1714	9
1715	9
1716	9
1717	9
1718	9
1719	9
1720	9
1721	9
1722	9
1723	9
1724	9
1725	3
1726	3
1727	3
1728	9
1729	3
1730	3
1731	3
1732	3
1733	3
1734	3
1735	3
1736	13
1737	13
1738	13
1739	13
1740	13
1741	3
1742	12
1743	4
1744	4
1745	4
1746	12
1747	4
1748	12
1749	4
1750	4
1751	12
1752	12
1753	12
1754	4
1755	12
1756	4
1757	9
1758	9
1759	9
1760	9
1761	12
1762	4
1763	4
1764	4
1765	4
1766	4
1767	4
1768	4
1769	4
1770	12
1771	12
1772	4
1773	12
1774	9
1775	9
1776	9
1777	9
1778	9
1779	9
1780	9
1781	9
1782	9
1783	9
1784	9
1785	9
1786	9
1787	4
1788	4
1789	12
1790	4
1791	4
1792	4
1793	12
1794	4
1795	9
1796	9
1797	9
1798	9
1799	4
1800	12
1801	12
1802	12
1803	4
1804	4
1805	4
1806	4
1807	4
1808	4
1809	13
1810	13
1811	13
1812	13
1813	13
1814	13
1815	13
1816	13
1817	13
1818	13
1819	13
1820	13
1821	13
1822	13
1823	13
1824	13
1825	13
1826	13
1827	13
1828	13
1829	13
1830	2
1831	2
1832	2
1833	2
1834	2
1835	13
1836	13
1837	2
1838	13
1839	13
1840	11
1841	11
1842	11
1843	11
1844	11
1845	13
1846	13
1847	13
1848	13
1849	13
1850	13
1851	13
1852	13
1853	13
1854	13
1855	13
1856	13
1857	2
1858	2
1859	2
1860	2
1861	2
1862	2
1863	13
1864	13
1865	13
1866	13
1867	13
1868	13
1869	13
1870	13
1871	13
1872	5
1873	5
1874	5
1875	5
1876	5
1877	5
1878	5
1879	5
1880	5
1881	5
1882	5
1883	5
1884	5
1885	5
1886	5
1887	5
1888	5
1889	5
1890	5
1891	5
1892	5
1893	5
1894	5
1895	1
1896	1
1897	1
1898	10
1899	10
1900	10
1901	10
1902	10
1903	10
1904	1
1905	1
1906	1
1907	1
1908	1
1909	1
1910	1
1911	1
1912	1
1913	1
1914	1
1915	1
1916	10
1917	10
1918	10
1919	10
1920	10
1921	10
1922	10
1923	10
1924	1
1925	1
1926	1
1927	1
1928	1
1929	1
1930	1
1931	1
1932	1
1933	1
1934	1
1935	1
1936	1
1937	1
1938	1
1939	1
1940	1
1941	1
1942	1
1943	1
1944	1
1945	1
1946	1
1947	1
1948	1
1949	1
1950	1
1951	1
1952	1
1953	1
1954	1
1955	1
1956	1
1957	1
1958	1
1959	1
1960	1
1961	1
1962	1
1963	1
1964	1
1965	1
1966	1
1967	1
1968	1
1969	1
1970	1
1971	1
1972	1
1973	1
1974	1
1975	1
1976	7
1977	7
1978	7
1979	7
1980	7
1981	7
1982	7
1983	7
1984	7
1985	7
1986	7
1987	7
1988	7
1989	7
1990	7
1991	7
1992	7
1993	7
1994	7
1995	7
1996	7
1997	7
1998	7
1999	7
2000	7
2001	7
2002	7
2003	7
2004	7
2005	7
2006	7
2007	7
2008	7
2009	7
2010	7
2011	7
2012	7
2013	7
2014	7
2015	7
2016	7
2017	2
2018	2
2019	2
2020	2
2021	2
2022	2
2023	2
2024	5
2025	2
2026	2
2027	2
2028	2
2029	2
2030	5
2031	7
2032	7
2033	5
2034	5
2035	5
2036	5
2037	5
2038	2
2039	2
2040	2
2041	2
2042	2
2043	2
2044	2
2045	2
2046	5
2047	5
2048	2
2049	2
2050	2
2051	5
2052	5
2053	5
2054	5
2055	5
2056	5
2057	5
2058	11
2059	11
2060	11
2061	11
2062	11
2063	11
2064	11
2065	11
2066	11
2067	11
2068	2
2069	2
2070	2
2071	2
2072	2
2073	2
2074	2
2075	2
2076	2
2077	2
2078	2
2079	2
2080	2
2081	2
2082	2
2083	2
2084	2
2085	2
2086	2
2087	2
2088	2
2089	12
2090	12
2091	12
2092	12
2093	12
2094	12
2095	12
2096	1
2097	1
2098	1
2099	1
2100	1
2101	1
2102	1
2103	1
2104	12
2105	1
2106	1
2107	1
2108	1
2109	1
2110	1
2111	1
2112	1
2113	4
2114	4
2115	13
2116	13
2117	13
2118	13
2119	4
2120	13
2121	13
2122	13
2123	4
2124	2
2125	13
2126	13
2127	13
2128	13
2129	4
2130	13
2131	4
2132	4
2133	13
2134	4
2135	4
2136	4
2137	4
2138	13
2139	13
2140	13
2141	13
2142	4
2143	4
2144	4
2145	13
2146	4
2147	4
2148	13
2149	13
2150	13
2151	13
2152	4
2153	4
2154	4
2155	4
2156	4
2157	4
2158	13
2159	13
2160	4
2161	4
2162	13
2163	13
2164	4
2165	4
2166	4
2167	13
2168	13
2169	4
2170	4
2171	4
2172	4
2173	4
2174	4
2175	4
2176	4
2177	13
2178	13
2179	13
2180	4
2181	13
2182	4
2183	4
2184	4
2185	4
2186	4
2187	4
2188	4
2189	13
2190	13
2191	13
2192	13
2193	4
2194	4
2195	4
2196	13
2197	4
2198	4
2199	4
2200	4
2201	4
2202	4
2203	4
2204	13
2205	13
2206	13
2207	13
2208	13
2209	13
2210	13
2211	4
2212	4
2213	13
2214	13
2215	4
2216	4
2217	13
2218	4
2219	4
2220	4
2221	13
2222	13
2223	4
2224	13
2225	4
2226	4
2227	4
2228	13
2229	13
2230	4
2231	4
2232	4
2233	13
2234	13
2235	4
2236	4
2237	4
2238	4
2239	4
2240	4
2241	13
2242	4
2243	4
2244	4
2245	4
2246	13
2247	4
2248	4
2249	13
2250	13
2251	4
2252	4
2253	4
2254	4
2255	4
2256	4
2257	4
2258	13
2259	13
2260	13
2261	4
2262	4
2263	4
2264	4
2265	13
2266	4
2267	13
2268	13
2269	4
2270	4
2271	4
2272	4
2273	4
2274	4
2275	4
2276	4
2277	13
2278	13
2279	13
2280	4
2281	4
2282	13
2283	13
2284	2
2285	2
2286	4
2287	4
2288	4
2289	4
2290	4
2291	4
2292	4
2293	13
2294	13
2295	13
2296	13
2297	13
2298	4
2299	4
2300	4
2301	4
2302	4
2303	13
2304	13
2305	4
2306	4
2307	4
2308	4
2309	2
2310	2
2311	2
2312	10
2313	10
2314	10
2315	10
2316	10
2317	10
2318	10
2319	10
2320	10
2321	10
2322	10
2323	10
2324	10
2325	10
2326	10
2327	10
2328	10
2329	10
2330	1
2331	1
2332	1
2333	1
2334	1
2335	1
2336	1
2337	1
2338	1
2339	1
2340	1
2341	1
2342	1
2343	1
2344	1
2345	1
2346	3
2347	3
2348	3
2349	3
2350	3
2351	3
2352	3
2353	3
2354	3
2355	3
2356	3
2357	3
2358	3
2359	3
2360	3
2361	3
2362	3
2363	3
2364	3
2365	3
2366	8
2367	13
2368	8
2369	13
2370	8
2371	8
2372	8
2373	8
2374	8
2375	8
2376	8
2377	8
2378	8
2379	8
2380	13
2381	8
2382	8
2383	8
2384	8
2385	8
2386	8
2387	8
2388	8
2389	8
2390	8
2391	8
2392	8
2393	8
2394	8
2395	8
2396	8
2397	8
2398	8
2399	8
2400	8
2401	8
2402	8
2403	8
2404	8
2405	8
2406	8
2407	8
2408	8
2409	8
2410	8
2411	8
2412	8
2413	8
2414	8
2415	6
2416	6
2417	6
2418	6
2419	9
2420	9
2421	6
2422	6
2423	6
2424	6
2425	6
2426	6
2427	9
2428	9
2429	9
2430	9
2431	6
2432	6
2433	6
2434	6
2435	6
2436	6
2437	6
2438	9
2439	9
2440	6
2441	6
2442	6
2443	6
2444	6
2445	6
2446	6
2447	9
2448	6
2449	6
2450	6
2451	6
2452	6
2453	6
2454	6
2455	6
2456	6
2457	6
2458	6
2459	6
2460	6
2461	6
2462	6
2463	6
2464	6
2465	6
2466	6
2467	6
2468	6
2469	6
2470	6
2471	6
2472	6
2473	6
2474	6
2475	6
2476	6
2477	6
2478	6
2479	6
2480	6
2481	6
2482	6
2483	6
2484	6
2485	6
2486	6
2487	6
2488	6
2489	6
2490	6
2491	6
2492	6
2493	6
2494	6
2495	6
2496	9
2497	9
2498	6
2499	6
2500	6
2501	6
2502	6
2503	6
2504	6
2505	6
2506	6
2507	6
2508	6
2509	9
2510	6
2511	6
2512	6
2513	6
2514	6
2515	6
2516	6
2517	6
2518	6
2519	6
2520	6
2521	6
2522	6
2523	9
2524	6
2525	9
2526	6
2527	6
2528	6
2529	9
2530	9
2531	9
2532	9
2533	9
2534	9
2535	9
2536	9
2537	9
2538	9
2539	6
2540	9
2541	6
2542	9
2543	6
2544	6
2545	6
2546	6
2547	6
2548	6
2549	6
2550	6
2551	6
2552	9
2553	9
2554	6
2555	6
2556	6
2557	6
2558	6
2559	6
2560	6
2561	6
2562	6
2563	9
2564	6
2565	9
2566	6
2567	6
2568	9
2569	6
2570	6
2571	6
2572	6
2573	6
2574	9
2575	6
2576	6
2577	6
2578	6
2579	6
2580	6
2581	9
2582	6
2583	6
2584	6
2585	6
2586	6
2587	9
2588	9
2589	9
2590	9
2591	9
2592	9
2593	9
2594	6
2595	6
2596	6
2597	6
2598	6
2599	6
2600	6
2601	6
2602	6
2603	6
2604	9
2605	9
2606	2
2607	2
2608	2
2609	2
2610	2
2611	2
2612	2
2613	2
2614	2
2615	2
2616	2
2617	2
2618	2
2619	2
2620	2
2621	2
2622	2
2623	2
2624	2
2625	2
2626	2
2627	2
2628	2
2629	2
2630	2
2631	2
2632	2
2633	2
2634	2
2635	2
2636	2
2637	2
2638	2
2639	2
2640	7
2641	7
2642	7
2643	7
2644	7
2645	7
2646	7
2647	7
2648	7
2649	7
2650	7
2651	7
2652	7
2653	7
2654	7
2655	7
2656	7
2657	7
2658	7
2659	7
2660	7
2661	7
2662	7
2663	7
2664	7
2665	7
2666	7
2667	7
2668	7
2669	11
2670	7
2671	7
2672	7
2673	7
2674	7
2675	7
2676	7
2677	7
2678	7
2679	7
2680	7
2681	7
2682	7
2683	7
2684	7
2685	7
2686	7
2687	7
2688	1
2689	1
2690	1
2691	1
315	3
1657	8
