0	1
1	1
2	1
3	1
4	1
5	1
6	1
7	3
8	3
9	3
10	3
11	3
12	3
13	3
14	3
15	3
16	3
17	3
18	6
19	6
20	6
21	9
22	9
23	9
24	9
25	9
26	9
27	9
28	9
29	12
30	12
31	12
32	12
33	12
34	12
35	12
36	12
37	12
38	12
39	12
40	12
41	12
42	12
43	12
44	12
45	12
46	12
47	12
48	12
49	12
50	12
51	12
52	12
53	5
54	5
55	5
56	5
57	5
58	12
59	12
60	12
61	12
62	12
63	12
64	12
65	5
66	5
67	5
68	5
69	5
70	5
71	9
72	9
73	9
74	9
75	12
76	12
77	12
78	12
79	12
80	12
81	12
82	12
83	10
84	10
85	10
86	10
87	10
88	10
89	10
90	10
91	10
92	10
93	10
94	10
95	10
96	3
97	3
98	3
99	3
100	3
101	3
102	3
103	3
104	3
105	3
106	3
107	3
108	3
109	3
110	3
111	3
112	3
113	3
114	3
115	3
116	3
117	3
118	3
119	3
120	3
121	3
122	3
123	3
124	3
125	3
126	3
127	3
128	3
129	7
130	7
131	7
132	7
133	7
134	7
135	7
136	7
137	7
138	7
139	7
140	7
141	7
142	7
143	7
144	7
145	7
146	7
147	7
148	7
149	7
150	7
151	7
152	7
153	7
154	7
155	7
156	7
157	7
158	7
159	7
160	7
161	7
162	7
163	7
164	7
165	7
166	4
167	4
168	4
169	4
170	4
171	4
172	4
173	4
174	4
175	4
176	4
177	4
178	4
179	4
180	4
181	4
182	4
183	12
184	12
185	12
186	12
187	12
188	12
189	12
190	12
191	12
192	12
193	12
194	12
195	12
196	12
197	12
198	12
199	12
200	12
201	12
202	12
203	12
204	12
205	12
206	12
207	12
208	9
209	9
210	9
211	9
212	9
213	9
214	9
215	9
216	9
217	9
218	9
219	9
220	9
221	9
222	9
223	9
224	9
225	9
226	9
227	9
228	9
229	9
230	9
231	9
232	9
233	9
234	9
235	9
236	9
237	9
238	9
239	9
240	9
241	9
242	9
243	9
244	9
245	9
246	9
247	9
248	12
249	12
250	12
251	12
252	12
253	12
254	12
255	12
256	12
257	12
258	12
259	12
260	12
261	11
262	11
263	11
264	11
265	11
266	11
267	11
268	11
269	11
270	11
271	11
272	11
273	11
274	11
275	11
276	11
277	11
278	11
279	11
280	11
281	11
282	11
283	11
284	11
285	11
286	11
287	11
288	11
289	11
290	11
291	11
292	11
293	11
294	11
295	11
296	11
297	11
298	11
299	11
300	11
301	11
302	12
303	12
304	12
305	12
306	5
307	5
308	5
309	5
310	5
311	5
312	5
313	5
314	5
316	6
317	6
318	6
319	6
320	6
321	6
322	6
323	6
324	6
325	6
326	6
327	6
328	6
329	6
330	6
331	5
332	5
333	5
334	5
335	5
336	5
337	6
338	6
339	6
340	5
341	5
342	5
343	5
344	5
345	8
346	5
347	5
348	5
349	5
350	5
351	5
352	5
353	5
354	5
355	5
356	7
357	7
358	7
359	7
360	7
361	7
362	7
363	7
364	7
365	7
366	7
367	7
368	7
369	5
370	5
371	5
372	5
373	5
374	5
375	5
376	5
377	5
378	5
379	5
380	5
381	5
382	5
383	5
384	5
385	5
386	5
387	5
388	5
389	6
390	6
391	6
392	6
393	6
394	5
395	5
396	5
397	5
398	6
399	6
400	6
401	6
402	6
403	9
404	9
405	9
406	7
407	7
408	7
409	6
410	6
411	6
412	6
413	12
414	12
415	12
416	6
417	12
418	6
419	6
420	12
421	12
422	6
423	6
424	12
425	4
426	4
427	4
428	4
429	4
430	4
431	4
432	4
433	12
434	12
435	12
436	12
437	12
438	12
439	6
440	12
441	12
442	6
443	12
444	12
445	6
446	4
447	4
448	4
449	4
450	4
451	12
452	6
453	6
454	4
455	4
456	4
457	12
458	6
459	12
460	6
461	12
462	12
463	4
464	4
465	4
466	4
467	4
468	4
469	4
470	4
471	4
472	4
473	12
474	6
475	11
476	11
477	11
478	11
479	11
480	11
481	11
482	11
483	11
484	9
485	9
486	11
487	11
488	11
489	11
490	11
491	11
492	11
493	11
494	11
495	11
496	11
497	11
498	9
499	11
500	11
501	11
502	9
503	11
504	11
505	11
506	7
507	9
508	9
509	9
510	7
511	9
512	9
513	7
514	9
515	9
516	9
517	7
518	7
519	7
520	9
521	9
522	3
523	10
524	10
525	10
526	1
527	1
528	10
529	10
530	10
531	10
532	10
533	10
534	10
535	10
536	10
537	10
538	1
539	1
540	1
541	1
542	1
543	1
544	1
545	1
546	1
547	1
548	1
549	1
550	1
551	1
552	1
553	1
554	1
555	1
556	1
557	1
558	1
559	9
560	9
561	9
562	9
563	9
564	9
565	1
566	1
567	1
568	1
569	1
570	10
571	10
572	10
573	10
574	10
575	10
576	10
577	10
578	10
579	10
580	10
581	1
582	1
583	1
584	1
585	1
586	1
587	9
588	9
589	9
590	9
591	9
592	9
593	9
594	11
595	9
596	11
597	9
598	11
599	9
600	9
601	9
602	9
603	12
604	12
605	12
606	12
607	12
608	12
609	12
610	12
611	12
612	12
613	12
614	12
615	12
616	12
617	9
618	9
619	9
620	11
621	11
622	11
623	11
624	11
625	11
626	9
627	11
628	9
629	9
630	9
631	9
632	9
633	9
634	11
635	9
636	9
637	9
638	11
639	12
640	1
641	12
642	1
643	12
644	1
645	1
646	1
647	1
648	1
649	1
650	1
651	1
652	1
653	12
654	12
655	12
656	1
657	4
658	4
659	11
660	11
661	1
662	1
663	1
664	1
665	1
666	1
667	1
668	1
669	1
670	9
671	9
672	9
673	9
674	9
675	9
676	9
677	9
678	9
679	9
680	1
681	1
682	1
683	1
684	1
685	1
686	1
687	1
688	1
689	1
690	1
691	1
692	1
693	1
694	1
695	1
696	1
697	9
698	9
699	9
700	9
701	9
702	9
703	9
704	9
705	9
706	9
707	9
708	9
709	9
710	9
711	9
712	9
713	9
714	1
715	1
716	11
717	11
718	9
719	9
720	9
721	11
722	11
723	11
724	11
725	11
726	11
727	11
728	11
729	11
730	11
731	11
732	6
733	6
734	6
735	6
736	6
737	11
738	4
739	4
740	4
741	4
742	4
743	11
744	11
745	6
746	6
747	6
748	6
749	6
750	6
751	6
752	6
753	6
754	6
755	6
756	6
757	6
758	6
759	6
760	6
761	6
762	6
763	6
764	6
765	6
766	11
767	4
768	4
769	4
770	6
771	6
772	4
773	4
774	4
775	4
776	11
777	4
778	4
779	4
780	4
781	4
782	4
783	4
784	4
785	9
786	4
787	4
788	4
789	4
790	11
791	9
792	9
793	9
794	9
795	9
796	9
797	9
798	9
799	9
800	9
801	4
802	11
803	4
804	4
805	9
806	9
807	9
808	4
809	4
810	4
811	13
812	13
813	13
814	13
815	13
816	13
817	13
818	13
819	13
820	13
821	13
822	13
823	13
824	13
825	13
826	13
827	13
828	13
829	13
830	13
831	13
832	13
833	13
834	13
835	13
836	13
837	13
838	13
839	13
840	13
841	13
842	13
843	13
844	13
845	13
846	13
847	13
848	13
849	13
850	13
851	13
852	13
853	13
854	13
855	13
856	3
857	13
858	12
859	12
860	12
861	12
862	12
863	12
864	12
865	12
866	12
867	12
868	12
869	12
870	12
871	13
872	13
873	13
874	13
875	13
876	13
877	13
878	13
879	13
880	13
881	13
882	13
883	13
884	13
885	13
886	13
887	13
888	13
889	13
890	13
891	13
892	3
893	13
894	13
895	13
896	13
897	13
898	13
899	13
900	13
901	13
902	13
903	13
904	13
905	13
906	13
907	13
908	13
909	13
910	13
911	13
912	3
913	13
914	13
915	13
916	13
917	13
918	13
919	13
920	13
921	13
922	13
923	3
924	13
925	13
926	13
927	13
928	13
929	13
930	13
931	13
932	13
933	13
934	13
935	13
936	13
937	13
938	13
939	13
940	13
941	13
942	13
943	13
944	13
945	3
946	13
947	13
948	13
949	13
950	13
951	13
952	13
953	13
954	13
955	13
956	3
957	13
958	13
959	13
960	13
961	13
962	13
963	13
964	13
965	13
966	13
967	13
968	13
969	13
970	13
971	13
972	13
973	13
974	13
975	13
976	13
977	13
978	13
979	13
980	13
981	13
982	6
983	6
984	3
985	4
986	4
987	4
988	4
989	4
990	4
991	4
992	4
993	4
994	4
995	4
996	4
997	4
998	4
999	4
1000	4
1001	4
1002	4
1003	4
1004	4
1005	4
1006	4
1007	6
1008	3
1009	4
1010	3
1011	6
1012	3
1013	3
1014	6
1015	6
1016	6
1017	3
1018	3
1019	6
1020	6
1021	6
1022	6
1023	6
1024	6
1025	6
1026	6
1027	3
1028	6
1029	6
1030	6
1031	6
1032	6
1033	6
1034	6
1035	6
1036	6
1037	3
1038	6
1039	3
1040	6
1041	3
1042	3
1043	6
1044	6
1045	6
1046	6
1047	3
1048	3
1049	6
1050	6
1051	3
1052	3
1053	6
1054	6
1055	6
1056	3
1057	3
1058	6
1059	6
1060	6
1061	6
1062	3
1063	6
1064	6
1065	3
1066	3
1067	3
1068	3
1069	6
1070	3
1071	6
1072	6
1073	6
1074	6
1075	12
1076	12
1077	12
1078	12
1079	12
1080	12
1081	12
1082	12
1083	12
1084	12
1085	12
1086	12
1087	11
1088	11
1089	11
1090	11
1091	11
1092	11
1093	11
1094	9
1095	9
1096	9
1097	9
1098	9
1099	9
1100	9
1101	9
1102	9
1103	9
1104	9
1105	9
1106	9
1107	5
1108	5
1109	5
1110	5
1111	5
1112	5
1113	5
1114	5
1115	5
1116	5
1117	5
1118	5
1119	5
1120	5
1121	5
1122	5
1123	5
1124	5
1125	5
1126	5
1127	5
1128	5
1129	5
1130	5
1131	5
1132	5
1133	5
1134	5
1135	5
1136	5
1137	5
1138	5
1139	5
1140	5
1141	5
1142	5
1143	5
1144	5
1145	5
1146	5
1147	5
1148	5
1149	5
1150	5
1151	5
1152	5
1153	5
1154	5
1155	5
1156	5
1157	5
1158	5
1159	5
1160	5
1161	5
1162	5
1163	5
1164	5
1165	5
1166	5
1167	5
1168	5
1169	6
1170	3
1171	3
1172	3
1173	3
1174	6
1175	3
1176	6
1177	3
1178	6
1179	3
1180	3
1181	6
1182	6
1183	3
1184	3
1185	6
1186	6
1187	6
1188	6
1189	6
1190	3
1191	3
1192	3
1193	6
1194	3
1195	6
1196	3
1197	6
1198	3
1199	6
1200	13
1201	13
1202	13
1203	13
1204	3
1205	13
1206	13
1207	13
1208	3
1209	13
1210	13
1211	13
1212	13
1213	3
1214	13
1215	13
1216	13
1217	3
1218	13
1219	13
1220	13
1221	13
1222	13
1223	13
1224	3
1225	13
1226	13
1227	3
1228	3
1229	13
1230	3
1231	13
1232	13
1233	13
1234	13
1235	3
1236	13
1237	13
1238	13
1239	3
1240	11
1241	11
1242	9
1243	9
1244	9
1245	11
1246	9
1247	9
1248	9
1249	9
1250	9
1251	9
1252	9
1253	12
1254	12
1255	12
1256	12
1257	12
1258	9
1259	9
1260	9
1261	9
1262	9
1263	11
1264	12
1265	12
1266	12
1267	12
1268	12
1269	12
1270	12
1271	12
1272	12
1273	12
1274	12
1275	12
1276	12
1277	12
1278	5
1279	7
1280	7
1281	9
1282	11
1283	11
1284	12
1285	12
1286	12
1287	12
1288	5
1289	5
1290	5
1291	7
1292	7
1293	7
1294	5
1295	7
1296	7
1297	7
1298	7
1299	5
1300	7
1301	7
1302	7
1303	12
1304	12
1305	12
1306	12
1307	12
1308	12
1309	12
1310	12
1311	12
1312	12
1313	12
1314	13
1315	13
1316	5
1317	13
1318	13
1319	13
1320	13
1321	13
1322	13
1323	13
1324	5
1325	5
1326	13
1327	13
1328	13
1329	13
1330	13
1331	13
1332	13
1333	13
1334	13
1335	13
1336	5
1337	13
1338	13
1339	13
1340	5
1341	5
1342	13
1343	13
1344	5
1345	13
1346	12
1347	12
1348	12
1349	12
1350	12
1351	12
1352	12
1353	12
1354	12
1355	12
1356	12
1357	12
1358	12
1359	12
1360	12
1361	12
1362	12
1363	13
1364	13
1365	13
1366	13
1367	13
1368	13
1369	13
1370	8
1371	8
1372	13
1373	13
1374	13
1375	13
1376	13
1377	13
1378	13
1379	8
1380	8
1381	5
1382	5
1383	5
1384	5
1385	5
1386	5
1387	5
1388	5
1389	5
1390	5
1391	5
1392	5
1393	5
1394	5
1395	5
1396	5
1397	12
1398	12
1399	12
1400	12
1401	12
1402	12
1403	12
1404	12
1405	12
1406	12
1407	12
1408	12
1409	12
1410	12
1411	12
1412	12
1413	12
1414	12
1415	12
1416	12
1417	12
1418	12
1419	12
1420	12
1421	12
1422	12
1423	12
1424	12
1425	12
1426	12
1427	12
1428	3
1429	3
1430	3
1431	3
1432	10
1433	3
1434	3
1435	3
1436	3
1437	3
1438	3
1439	3
1440	3
1441	3
1442	3
1443	3
1444	3
1445	3
1446	3
1447	3
1448	3
1449	3
1450	3
1451	3
1452	3
1453	3
1454	3
1455	3
1456	10
1457	3
1458	10
1459	3
1460	3
1461	3
1462	3
1463	3
1464	3
1465	9
1466	9
1467	9
1468	9
1469	7
1470	9
1471	9
1472	9
1473	7
1474	9
1475	9
1476	9
1477	9
1478	9
1479	9
1480	9
1481	9
1482	9
1483	9
1484	9
1485	9
1486	9
1487	7
1488	9
1489	6
1490	6
1491	6
1492	6
1493	6
1494	6
1495	6
1496	6
1497	6
1498	6
1499	6
1500	6
1501	1
1502	1
1503	1
1504	1
1505	1
1506	1
1507	1
1508	1
1509	1
1510	1
1511	1
1512	1
1513	1
1514	1
1515	1
1516	1
1517	1
1518	1
1519	1
1520	1
1521	1
1522	1
1523	1
1524	1
1525	1
1526	1
1527	1
1528	1
1529	4
1530	4
1531	4
1532	4
1533	4
1534	4
1535	4
1536	4
1537	4
1538	4
1539	4
1540	4
1541	4
1542	4
1543	4
1544	4
1545	4
1546	4
1547	4
1548	4
1549	4
1550	4
1551	4
1552	10
1553	10
1554	10
1555	10
1556	10
1557	10
1558	10
1559	10
1560	10
1561	10
1562	10
1563	10
1564	10
1565	10
1566	10
1567	10
1568	10
1569	10
1570	10
1571	10
1572	10
1573	10
1574	10
1575	10
1576	6
1577	6
1578	6
1579	6
1580	6
1581	6
1582	6
1583	6
1584	6
1585	6
1586	6
1587	6
1588	6
1589	6
1590	6
1591	6
1592	6
1593	12
1594	12
1595	12
1596	12
1597	12
1598	12
1599	12
1600	12
1601	12
1602	10
1603	10
1604	10
1605	10
1606	10
1607	10
1608	10
1609	10
1610	10
1611	10
1612	10
1613	10
1614	10
1615	10
1616	10
1617	10
1618	9
1619	9
1620	9
1621	9
1622	9
1623	9
1624	9
1625	9
1626	9
1627	9
1628	9
1629	3
1630	3
1631	3
1632	3
1633	3
1634	3
1635	3
1636	3
1637	3
1638	3
1639	3
1640	3
1641	3
1642	3
1643	3
1644	9
1645	9
1646	9
1647	9
1648	9
1649	3
1650	3
1651	3
1652	3
1653	3
1654	3
1655	3
1656	3
1658	3
1659	3
1660	3
1661	3
1662	3
1663	3
1664	3
1665	3
1666	3
1667	3
1668	3
1669	3
1670	3
1671	3
1672	3
1673	9
1674	3
1675	3
1676	3
1677	9
1678	11
1679	11
1680	11
1681	11
1682	11
1683	11
1684	11
1685	6
1686	6
1687	6
1688	6
1689	6
1690	6
1691	6
1692	6
1693	6
1694	6
1695	6
1696	6
1697	6
1698	6
1699	6
1700	6
1701	6
1702	6
1703	10
1704	10
1705	6
1706	6
1707	6
1708	6
1709	6
1710	6
1711	6
1712	6
1713	9
1714	9
1715	9
1716	9
1717	9
1718	9
1719	9
1720	9
1721	9
1722	9
1723	9
1724	9
1725	6
1726	6
1727	6
1728	9
1729	6
1730	6
1731	6
1732	6
1733	6
1734	6
1735	6
1736	6
1737	6
1738	6
1739	6
1740	6
1741	6
1742	1
1743	1
1744	1
1745	1
1746	1
1747	1
1748	1
1749	1
1750	1
1751	1
1752	1
1753	1
1754	1
1755	1
1756	1
1757	9
1758	9
1759	9
1760	9
1761	1
1762	1
1763	1
1764	1
1765	1
1766	1
1767	1
1768	1
1769	1
1770	1
1771	1
1772	1
1773	1
1774	9
1775	9
1776	9
1777	9
1778	9
1779	9
1780	9
1781	9
1782	9
1783	9
1784	9
1785	9
1786	9
1787	1
1788	1
1789	1
1790	1
1791	1
1792	1
1793	1
1794	1
1795	9
1796	9
1797	9
1798	9
1799	1
1800	1
1801	1
1802	1
1803	1
1804	1
1805	1
1806	1
1807	1
1808	1
1809	3
1810	10
1811	10
1812	3
1813	3
1814	10
1815	3
1816	3
1817	10
1818	3
1819	3
1820	3
1821	3
1822	3
1823	3
1824	10
1825	3
1826	3
1827	3
1828	3
1829	3
1830	9
1831	9
1832	9
1833	9
1834	9
1835	10
1836	10
1837	9
1838	3
1839	3
1840	8
1841	8
1842	8
1843	8
1844	8
1845	3
1846	3
1847	3
1848	3
1849	3
1850	3
1851	3
1852	3
1853	3
1854	10
1855	10
1856	10
1857	9
1858	9
1859	9
1860	9
1861	9
1862	9
1863	10
1864	3
1865	3
1866	3
1867	3
1868	3
1869	3
1870	3
1871	3
1872	11
1873	11
1874	11
1875	11
1876	11
1877	11
1878	11
1879	11
1880	11
1881	11
1882	11
1883	11
1884	11
1885	11
1886	11
1887	11
1888	11
1889	11
1890	11
1891	11
1892	11
1893	11
1894	11
1895	1
1896	1
1897	1
1898	5
1899	5
1900	5
1901	5
1902	5
1903	5
1904	12
1905	12
1906	12
1907	12
1908	1
1909	12
1910	12
1911	1
1912	12
1913	12
1914	12
1915	12
1916	5
1917	5
1918	5
1919	5
1920	5
1921	5
1922	5
1923	5
1924	1
1925	1
1926	1
1927	1
1928	1
1929	1
1930	1
1931	12
1932	1
1933	1
1934	12
1935	12
1936	12
1937	1
1938	1
1939	12
1940	1
1941	1
1942	12
1943	12
1944	1
1945	1
1946	12
1947	12
1948	12
1949	1
1950	12
1951	1
1952	1
1953	1
1954	12
1955	12
1956	1
1957	1
1958	12
1959	1
1960	12
1961	12
1962	12
1963	12
1964	12
1965	1
1966	1
1967	1
1968	12
1969	12
1970	1
1971	1
1972	1
1973	12
1974	1
1975	1
1976	4
1977	4
1978	10
1979	4
1980	4
1981	4
1982	4
1983	4
1984	4
1985	4
1986	4
1987	4
1988	4
1989	4
1990	10
1991	4
1992	4
1993	4
1994	4
1995	4
1996	10
1997	4
1998	4
1999	4
2000	4
2001	4
2002	10
2003	4
2004	4
2005	4
2006	4
2007	4
2008	4
2009	4
2010	4
2011	4
2012	4
2013	4
2014	4
2015	4
2016	10
2017	11
2018	11
2019	11
2020	11
2021	11
2022	11
2023	11
2024	11
2025	11
2026	11
2027	11
2028	11
2029	11
2030	4
2031	4
2032	4
2033	4
2034	4
2035	11
2036	11
2037	11
2038	9
2039	9
2040	9
2041	9
2042	9
2043	11
2044	11
2045	11
2046	11
2047	11
2048	9
2049	9
2050	11
2051	11
2052	11
2053	11
2054	11
2055	11
2056	11
2057	11
2058	10
2059	10
2060	10
2061	10
2062	10
2063	10
2064	10
2065	10
2066	10
2067	10
2068	11
2069	11
2070	11
2071	11
2072	11
2073	9
2074	11
2075	11
2076	11
2077	9
2078	9
2079	11
2080	9
2081	11
2082	9
2083	11
2084	11
2085	11
2086	11
2087	11
2088	11
2089	6
2090	6
2091	6
2092	6
2093	6
2094	6
2095	6
2096	1
2097	1
2098	1
2099	1
2100	1
2101	1
2102	1
2103	1
2104	1
2105	1
2106	1
2107	1
2108	1
2109	1
2110	1
2111	1
2112	1
2113	2
2114	2
2115	2
2116	2
2117	2
2118	10
2119	2
2120	2
2121	2
2122	2
2123	2
2124	11
2125	2
2126	2
2127	2
2128	2
2129	2
2130	2
2131	2
2132	2
2133	10
2134	2
2135	2
2136	2
2137	10
2138	10
2139	2
2140	10
2141	2
2142	2
2143	2
2144	2
2145	2
2146	10
2147	2
2148	2
2149	2
2150	2
2151	2
2152	2
2153	2
2154	2
2155	2
2156	2
2157	2
2158	2
2159	2
2160	2
2161	2
2162	2
2163	2
2164	10
2165	10
2166	2
2167	2
2168	2
2169	2
2170	2
2171	2
2172	2
2173	2
2174	2
2175	2
2176	10
2177	10
2178	2
2179	2
2180	10
2181	10
2182	2
2183	2
2184	2
2185	2
2186	2
2187	2
2188	2
2189	2
2190	2
2191	2
2192	2
2193	2
2194	2
2195	2
2196	10
2197	2
2198	2
2199	10
2200	2
2201	2
2202	2
2203	2
2204	2
2205	2
2206	2
2207	2
2208	2
2209	2
2210	2
2211	2
2212	2
2213	2
2214	2
2215	2
2216	2
2217	2
2218	2
2219	2
2220	2
2221	2
2222	2
2223	10
2224	2
2225	2
2226	2
2227	2
2228	2
2229	2
2230	10
2231	10
2232	2
2233	10
2234	10
2235	2
2236	10
2237	10
2238	2
2239	2
2240	2
2241	2
2242	2
2243	2
2244	2
2245	10
2246	2
2247	10
2248	10
2249	2
2250	2
2251	2
2252	2
2253	2
2254	2
2255	2
2256	10
2257	2
2258	2
2259	2
2260	2
2261	10
2262	10
2263	2
2264	2
2265	2
2266	2
2267	2
2268	2
2269	2
2270	2
2271	2
2272	2
2273	2
2274	2
2275	2
2276	2
2277	10
2278	2
2279	2
2280	2
2281	2
2282	2
2283	10
2284	11
2285	11
2286	2
2287	2
2288	2
2289	2
2290	2
2291	2
2292	2
2293	2
2294	2
2295	2
2296	2
2297	2
2298	2
2299	2
2300	2
2301	2
2302	10
2303	2
2304	10
2305	2
2306	2
2307	2
2308	2
2309	11
2310	11
2311	11
2312	5
2313	5
2314	5
2315	5
2316	5
2317	5
2318	5
2319	5
2320	5
2321	5
2322	5
2323	5
2324	5
2325	5
2326	5
2327	5
2328	5
2329	5
2330	12
2331	12
2332	12
2333	12
2334	12
2335	12
2336	12
2337	12
2338	12
2339	12
2340	12
2341	12
2342	12
2343	12
2344	12
2345	12
2346	6
2347	6
2348	6
2349	6
2350	6
2351	6
2352	6
2353	6
2354	6
2355	6
2356	6
2357	6
2358	6
2359	6
2360	6
2361	6
2362	6
2363	6
2364	6
2365	6
2366	10
2367	10
2368	10
2369	10
2370	10
2371	10
2372	10
2373	10
2374	10
2375	10
2376	10
2377	10
2378	10
2379	10
2380	10
2381	10
2382	10
2383	10
2384	10
2385	10
2386	10
2387	10
2388	10
2389	10
2390	10
2391	10
2392	10
2393	10
2394	10
2395	10
2396	10
2397	10
2398	10
2399	10
2400	10
2401	10
2402	10
2403	10
2404	10
2405	10
2406	10
2407	10
2408	10
2409	10
2410	10
2411	10
2412	10
2413	10
2414	10
2415	8
2416	8
2417	8
2418	8
2419	7
2420	7
2421	8
2422	8
2423	8
2424	8
2425	8
2426	8
2427	7
2428	7
2429	7
2430	7
2431	8
2432	8
2433	8
2434	8
2435	8
2436	8
2437	8
2438	8
2439	8
2440	8
2441	8
2442	8
2443	8
2444	8
2445	8
2446	8
2447	8
2448	8
2449	8
2450	8
2451	8
2452	8
2453	8
2454	8
2455	8
2456	8
2457	8
2458	8
2459	8
2460	8
2461	8
2462	8
2463	8
2464	8
2465	8
2466	8
2467	8
2468	8
2469	8
2470	8
2471	8
2472	8
2473	8
2474	8
2475	8
2476	8
2477	8
2478	8
2479	8
2480	8
2481	8
2482	8
2483	8
2484	8
2485	8
2486	8
2487	8
2488	8
2489	8
2490	8
2491	8
2492	8
2493	8
2494	8
2495	8
2496	7
2497	7
2498	8
2499	8
2500	8
2501	8
2502	8
2503	8
2504	8
2505	8
2506	8
2507	8
2508	7
2509	7
2510	8
2511	8
2512	8
2513	7
2514	8
2515	8
2516	8
2517	8
2518	8
2519	8
2520	8
2521	8
2522	8
2523	8
2524	8
2525	7
2526	8
2527	8
2528	8
2529	8
2530	7
2531	7
2532	7
2533	7
2534	8
2535	7
2536	8
2537	7
2538	8
2539	7
2540	7
2541	7
2542	8
2543	8
2544	7
2545	7
2546	7
2547	8
2548	8
2549	8
2550	8
2551	7
2552	7
2553	7
2554	7
2555	7
2556	7
2557	7
2558	8
2559	8
2560	8
2561	8
2562	8
2563	7
2564	8
2565	8
2566	8
2567	8
2568	7
2569	8
2570	8
2571	8
2572	8
2573	8
2574	8
2575	8
2576	8
2577	7
2578	7
2579	8
2580	7
2581	8
2582	8
2583	7
2584	8
2585	8
2586	8
2587	7
2588	7
2589	7
2590	7
2591	7
2592	7
2593	7
2594	8
2595	8
2596	8
2597	8
2598	8
2599	8
2600	8
2601	8
2602	8
2603	8
2604	8
2605	7
2606	11
2607	11
2608	11
2609	11
2610	11
2611	11
2612	11
2613	11
2614	11
2615	11
2616	11
2617	11
2618	11
2619	11
2620	11
2621	11
2622	11
2623	11
2624	11
2625	11
2626	11
2627	11
2628	11
2629	11
2630	11
2631	11
2632	11
2633	11
2634	11
2635	11
2636	11
2637	11
2638	11
2639	11
2640	4
2641	4
2642	4
2643	4
2644	4
2645	7
2646	7
2647	7
2648	7
2649	4
2650	4
2651	4
2652	4
2653	4
2654	7
2655	4
2656	4
2657	4
2658	4
2659	4
2660	4
2661	4
2662	4
2663	4
2664	7
2665	4
2666	4
2667	7
2668	7
2669	7
2670	7
2671	7
2672	4
2673	7
2674	4
2675	4
2676	7
2677	7
2678	4
2679	7
2680	7
2681	7
2682	7
2683	4
2684	4
2685	7
2686	4
2687	4
2688	12
2689	12
2690	12
2691	12
315	6
1657	3
