0	13
1	13
2	13
3	13
4	13
5	13
6	13
7	7
8	7
9	7
10	7
11	6
12	7
13	7
14	7
15	7
16	6
17	6
18	6
19	6
20	2
21	12
22	12
23	12
24	12
25	12
26	12
27	12
28	12
29	2
30	2
31	2
32	2
33	2
34	2
35	2
36	2
37	2
38	2
39	2
40	2
41	6
42	2
43	2
44	6
45	2
46	2
47	6
48	2
49	2
50	2
51	2
52	2
53	3
54	3
55	3
56	3
57	3
58	2
59	2
60	2
61	2
62	2
63	2
64	2
65	3
66	3
67	3
68	3
69	3
70	3
71	12
72	12
73	12
74	12
75	2
76	2
77	2
78	2
79	2
80	2
81	2
82	2
83	11
84	11
85	11
86	11
87	11
88	11
89	11
90	11
91	11
92	11
93	11
94	11
95	11
96	6
97	7
98	6
99	6
100	7
101	7
102	7
103	6
104	7
105	6
106	7
107	7
108	6
109	7
110	7
111	7
112	7
113	7
114	7
115	7
116	7
117	7
118	7
119	7
120	7
121	7
122	6
123	7
124	6
125	6
126	6
127	6
128	6
129	5
130	5
131	5
132	5
133	5
134	5
135	5
136	5
137	5
138	5
139	5
140	5
141	5
142	5
143	5
144	5
145	5
146	5
147	5
148	5
149	5
150	5
151	5
152	5
153	5
154	5
155	5
156	5
157	5
158	5
159	9
160	5
161	9
162	5
163	5
164	5
165	5
166	4
167	4
168	4
169	4
170	4
171	4
172	4
173	4
174	4
175	4
176	4
177	4
178	4
179	4
180	4
181	4
182	4
183	13
184	13
185	13
186	13
187	13
188	13
189	13
190	13
191	13
192	13
193	13
194	13
195	13
196	13
197	13
198	13
199	13
200	13
201	13
202	13
203	13
204	13
205	13
206	13
207	13
208	12
209	12
210	12
211	12
212	12
213	12
214	12
215	12
216	12
217	12
218	12
219	12
220	12
221	12
222	12
223	12
224	12
225	12
226	12
227	12
228	12
229	12
230	12
231	12
232	12
233	12
234	12
235	12
236	12
237	12
238	12
239	12
240	12
241	12
242	12
243	12
244	12
245	12
246	12
247	12
248	13
249	13
250	13
251	13
252	13
253	13
254	13
255	13
256	13
257	13
258	13
259	13
260	13
261	10
262	10
263	10
264	10
265	10
266	10
267	10
268	10
269	10
270	10
271	10
272	10
273	10
274	10
275	10
276	10
277	10
278	10
279	10
280	10
281	10
282	10
283	10
284	10
285	10
286	10
287	10
288	10
289	10
290	10
291	10
292	10
293	10
294	10
295	10
296	10
297	10
298	10
299	10
300	10
301	10
302	13
303	13
304	13
305	13
306	8
307	8
308	8
309	5
310	8
311	8
312	8
313	8
314	8
316	6
317	6
318	6
319	6
320	6
321	6
322	6
323	6
324	6
325	6
326	6
327	6
328	6
329	6
330	6
331	8
332	8
333	8
334	8
335	8
336	5
337	6
338	6
339	6
340	8
341	8
342	8
343	8
344	8
345	8
346	8
347	8
348	8
349	8
350	8
351	8
352	8
353	5
354	8
355	8
356	5
357	5
358	5
359	5
360	5
361	5
362	5
363	5
364	5
365	5
366	5
367	5
368	5
369	5
370	8
371	8
372	8
373	5
374	8
375	8
376	5
377	8
378	8
379	8
380	8
381	8
382	8
383	8
384	8
385	8
386	8
387	8
388	8
389	6
390	6
391	6
392	6
393	6
394	8
395	8
396	8
397	8
398	6
399	6
400	6
401	6
402	6
403	12
404	12
405	12
406	12
407	12
408	12
409	2
410	2
411	2
412	2
413	2
414	2
415	2
416	2
417	2
418	2
419	2
420	2
421	2
422	2
423	2
424	2
425	4
426	4
427	4
428	4
429	4
430	4
431	4
432	4
433	2
434	2
435	2
436	2
437	2
438	2
439	2
440	2
441	2
442	2
443	2
444	2
445	2
446	4
447	4
448	4
449	4
450	4
451	2
452	2
453	2
454	4
455	4
456	4
457	2
458	2
459	2
460	2
461	2
462	2
463	4
464	4
465	4
466	4
467	4
468	4
469	4
470	4
471	4
472	4
473	2
474	2
475	10
476	10
477	5
478	5
479	5
480	5
481	5
482	5
483	5
484	12
485	12
486	5
487	5
488	5
489	10
490	10
491	10
492	10
493	10
494	10
495	5
496	5
497	5
498	12
499	5
500	5
501	5
502	12
503	5
504	5
505	5
506	12
507	12
508	12
509	12
510	12
511	12
512	12
513	12
514	12
515	12
516	12
517	12
518	12
519	12
520	12
521	12
522	11
523	11
524	11
525	11
526	13
527	13
528	11
529	11
530	11
531	11
532	11
533	11
534	11
535	11
536	11
537	11
538	13
539	13
540	13
541	13
542	13
543	13
544	13
545	13
546	13
547	13
548	13
549	13
550	13
551	13
552	13
553	13
554	13
555	13
556	13
557	13
558	13
559	10
560	10
561	10
562	10
563	10
564	10
565	13
566	13
567	13
568	13
569	13
570	11
571	11
572	11
573	11
574	11
575	11
576	11
577	11
578	11
579	11
580	11
581	13
582	13
583	13
584	13
585	13
586	13
587	10
588	10
589	10
590	10
591	10
592	12
593	12
594	10
595	10
596	10
597	12
598	10
599	12
600	12
601	12
602	10
603	13
604	13
605	13
606	13
607	13
608	13
609	13
610	13
611	13
612	13
613	13
614	13
615	13
616	13
617	10
618	10
619	10
620	10
621	10
622	10
623	10
624	10
625	10
626	10
627	10
628	12
629	12
630	12
631	12
632	10
633	10
634	10
635	10
636	10
637	10
638	10
639	13
640	13
641	13
642	13
643	13
644	13
645	13
646	13
647	13
648	13
649	13
650	13
651	13
652	13
653	13
654	13
655	13
656	13
657	4
658	4
659	4
660	4
661	2
662	2
663	2
664	2
665	2
666	2
667	2
668	2
669	2
670	5
671	5
672	5
673	5
674	5
675	5
676	5
677	5
678	5
679	5
680	2
681	2
682	2
683	2
684	2
685	2
686	2
687	2
688	2
689	2
690	2
691	2
692	2
693	2
694	2
695	2
696	2
697	5
698	5
699	5
700	5
701	5
702	5
703	5
704	5
705	5
706	5
707	5
708	5
709	5
710	5
711	5
712	5
713	5
714	2
715	2
716	10
717	10
718	5
719	5
720	5
721	10
722	10
723	10
724	10
725	10
726	10
727	10
728	10
729	10
730	10
731	10
732	6
733	6
734	6
735	6
736	6
737	4
738	4
739	4
740	4
741	4
742	4
743	4
744	4
745	6
746	6
747	6
748	6
749	6
750	6
751	6
752	6
753	6
754	6
755	6
756	6
757	6
758	6
759	6
760	6
761	6
762	6
763	6
764	6
765	6
766	4
767	4
768	4
769	4
770	6
771	6
772	4
773	4
774	4
775	4
776	4
777	4
778	4
779	4
780	4
781	4
782	4
783	4
784	4
785	8
786	4
787	4
788	4
789	4
790	4
791	8
792	8
793	8
794	8
795	8
796	8
797	8
798	8
799	8
800	8
801	4
802	4
803	4
804	4
805	8
806	8
807	8
808	4
809	4
810	4
811	3
812	3
813	8
814	3
815	3
816	8
817	3
818	3
819	3
820	3
821	3
822	8
823	3
824	8
825	8
826	8
827	3
828	3
829	3
830	3
831	3
832	8
833	8
834	3
835	3
836	3
837	3
838	8
839	8
840	3
841	8
842	3
843	3
844	3
845	8
846	3
847	3
848	3
849	3
850	3
851	3
852	3
853	3
854	3
855	8
856	3
857	3
858	13
859	13
860	13
861	13
862	13
863	13
864	13
865	13
866	13
867	13
868	13
869	13
870	13
871	3
872	3
873	8
874	8
875	3
876	3
877	8
878	8
879	8
880	3
881	3
882	8
883	3
884	8
885	3
886	8
887	3
888	3
889	8
890	8
891	3
892	3
893	3
894	3
895	3
896	3
897	8
898	8
899	3
900	3
901	3
902	3
903	3
904	3
905	3
906	8
907	3
908	3
909	8
910	3
911	3
912	3
913	3
914	3
915	3
916	8
917	3
918	8
919	8
920	3
921	3
922	3
923	3
924	3
925	3
926	8
927	3
928	3
929	8
930	3
931	3
932	3
933	3
934	3
935	3
936	3
937	8
938	8
939	3
940	3
941	8
942	3
943	3
944	3
945	3
946	8
947	3
948	3
949	3
950	3
951	3
952	3
953	8
954	3
955	3
956	3
957	3
958	3
959	8
960	3
961	3
962	3
963	3
964	3
965	3
966	3
967	8
968	3
969	3
970	8
971	8
972	3
973	3
974	3
975	3
976	3
977	3
978	3
979	3
980	3
981	3
982	6
983	3
984	6
985	5
986	4
987	4
988	5
989	4
990	5
991	4
992	4
993	4
994	5
995	5
996	5
997	4
998	4
999	5
1000	4
1001	4
1002	4
1003	5
1004	5
1005	4
1006	4
1007	6
1008	6
1009	4
1010	6
1011	3
1012	6
1013	6
1014	6
1015	6
1016	6
1017	6
1018	6
1019	3
1020	6
1021	6
1022	6
1023	6
1024	6
1025	6
1026	6
1027	6
1028	3
1029	3
1030	6
1031	3
1032	6
1033	3
1034	6
1035	6
1036	6
1037	6
1038	6
1039	6
1040	6
1041	6
1042	6
1043	6
1044	3
1045	3
1046	6
1047	6
1048	6
1049	3
1050	6
1051	3
1052	6
1053	6
1054	6
1055	6
1056	6
1057	6
1058	6
1059	6
1060	6
1061	6
1062	3
1063	6
1064	6
1065	6
1066	6
1067	6
1068	6
1069	6
1070	6
1071	3
1072	6
1073	6
1074	6
1075	2
1076	2
1077	2
1078	2
1079	2
1080	2
1081	2
1082	2
1083	2
1084	2
1085	2
1086	2
1087	10
1088	10
1089	10
1090	10
1091	10
1092	10
1093	10
1094	12
1095	12
1096	12
1097	12
1098	12
1099	12
1100	12
1101	12
1102	12
1103	12
1104	12
1105	12
1106	12
1107	5
1108	5
1109	5
1110	5
1111	5
1112	8
1113	5
1114	8
1115	5
1116	8
1117	8
1118	8
1119	5
1120	8
1121	5
1122	8
1123	5
1124	8
1125	8
1126	5
1127	5
1128	5
1129	5
1130	8
1131	8
1132	8
1133	8
1134	5
1135	5
1136	8
1137	8
1138	8
1139	8
1140	5
1141	5
1142	5
1143	8
1144	5
1145	5
1146	8
1147	8
1148	5
1149	5
1150	5
1151	5
1152	5
1153	8
1154	8
1155	8
1156	8
1157	8
1158	8
1159	8
1160	8
1161	8
1162	12
1163	8
1164	8
1165	12
1166	8
1167	8
1168	8
1169	6
1170	6
1171	6
1172	6
1173	6
1174	6
1175	6
1176	6
1177	3
1178	3
1179	3
1180	3
1181	3
1182	3
1183	6
1184	6
1185	6
1186	6
1187	6
1188	6
1189	6
1190	6
1191	6
1192	6
1193	6
1194	6
1195	6
1196	6
1197	3
1198	6
1199	3
1200	3
1201	3
1202	3
1203	3
1204	3
1205	3
1206	3
1207	3
1208	3
1209	3
1210	3
1211	3
1212	3
1213	3
1214	3
1215	3
1216	3
1217	3
1218	3
1219	3
1220	3
1221	3
1222	3
1223	3
1224	3
1225	3
1226	3
1227	3
1228	3
1229	3
1230	3
1231	3
1232	3
1233	3
1234	3
1235	3
1236	3
1237	3
1238	3
1239	3
1240	12
1241	12
1242	5
1243	12
1244	5
1245	5
1246	5
1247	5
1248	12
1249	12
1250	12
1251	12
1252	12
1253	2
1254	2
1255	2
1256	2
1257	2
1258	12
1259	12
1260	12
1261	12
1262	5
1263	5
1264	2
1265	2
1266	2
1267	2
1268	2
1269	2
1270	2
1271	2
1272	2
1273	2
1274	2
1275	2
1276	2
1277	2
1278	12
1279	12
1280	12
1281	12
1282	5
1283	5
1284	2
1285	2
1286	2
1287	2
1288	12
1289	12
1290	12
1291	12
1292	12
1293	12
1294	12
1295	12
1296	12
1297	12
1298	12
1299	12
1300	12
1301	12
1302	12
1303	2
1304	2
1305	2
1306	2
1307	2
1308	2
1309	2
1310	2
1311	2
1312	2
1313	2
1314	8
1315	8
1316	8
1317	8
1318	8
1319	8
1320	8
1321	8
1322	8
1323	8
1324	8
1325	8
1326	8
1327	8
1328	8
1329	8
1330	8
1331	8
1332	8
1333	8
1334	8
1335	8
1336	8
1337	8
1338	8
1339	8
1340	8
1341	8
1342	8
1343	8
1344	8
1345	8
1346	2
1347	2
1348	2
1349	2
1350	2
1351	2
1352	2
1353	2
1354	2
1355	2
1356	2
1357	2
1358	2
1359	2
1360	2
1361	2
1362	2
1363	5
1364	5
1365	5
1366	5
1367	5
1368	5
1369	5
1370	5
1371	5
1372	5
1373	5
1374	5
1375	5
1376	5
1377	5
1378	5
1379	5
1380	5
1381	8
1382	8
1383	8
1384	8
1385	8
1386	8
1387	8
1388	8
1389	8
1390	8
1391	8
1392	8
1393	8
1394	8
1395	8
1396	8
1397	2
1398	2
1399	2
1400	2
1401	2
1402	2
1403	2
1404	2
1405	2
1406	2
1407	2
1408	2
1409	2
1410	2
1411	2
1412	2
1413	2
1414	2
1415	2
1416	2
1417	2
1418	2
1419	2
1420	2
1421	2
1422	2
1423	2
1424	2
1425	2
1426	2
1427	2
1428	11
1429	11
1430	11
1431	11
1432	11
1433	11
1434	11
1435	11
1436	11
1437	11
1438	11
1439	11
1440	11
1441	6
1442	6
1443	6
1444	6
1445	6
1446	6
1447	6
1448	6
1449	6
1450	6
1451	6
1452	6
1453	6
1454	6
1455	11
1456	11
1457	11
1458	11
1459	11
1460	11
1461	11
1462	11
1463	11
1464	11
1465	12
1466	12
1467	12
1468	12
1469	12
1470	12
1471	12
1472	12
1473	12
1474	12
1475	12
1476	12
1477	12
1478	12
1479	12
1480	12
1481	12
1482	12
1483	12
1484	12
1485	12
1486	12
1487	12
1488	12
1489	6
1490	6
1491	6
1492	6
1493	6
1494	6
1495	6
1496	6
1497	6
1498	6
1499	6
1500	6
1501	2
1502	13
1503	13
1504	2
1505	13
1506	2
1507	13
1508	13
1509	13
1510	13
1511	13
1512	13
1513	13
1514	2
1515	2
1516	13
1517	13
1518	13
1519	13
1520	2
1521	13
1522	13
1523	13
1524	13
1525	13
1526	13
1527	13
1528	2
1529	4
1530	4
1531	4
1532	4
1533	4
1534	4
1535	4
1536	4
1537	4
1538	4
1539	4
1540	4
1541	4
1542	4
1543	4
1544	4
1545	4
1546	4
1547	4
1548	4
1549	4
1550	4
1551	4
1552	11
1553	11
1554	11
1555	11
1556	11
1557	11
1558	11
1559	11
1560	11
1561	11
1562	11
1563	11
1564	11
1565	11
1566	11
1567	11
1568	11
1569	11
1570	11
1571	11
1572	11
1573	11
1574	11
1575	11
1576	6
1577	6
1578	6
1579	6
1580	6
1581	6
1582	6
1583	6
1584	6
1585	6
1586	6
1587	6
1588	6
1589	6
1590	6
1591	6
1592	6
1593	2
1594	2
1595	2
1596	2
1597	2
1598	2
1599	2
1600	2
1601	2
1602	11
1603	11
1604	11
1605	11
1606	11
1607	11
1608	11
1609	11
1610	11
1611	11
1612	11
1613	11
1614	11
1615	11
1616	11
1617	11
1618	12
1619	12
1620	12
1621	12
1622	12
1623	12
1624	12
1625	12
1626	12
1627	12
1628	12
1629	7
1630	6
1631	7
1632	6
1633	7
1634	7
1635	7
1636	7
1637	7
1638	7
1639	7
1640	7
1641	7
1642	7
1643	7
1644	12
1645	12
1646	12
1647	12
1648	12
1649	7
1650	7
1651	7
1652	7
1653	7
1654	7
1655	7
1656	7
1658	7
1659	7
1660	7
1661	7
1662	7
1663	7
1664	7
1665	7
1666	6
1667	6
1668	6
1669	7
1670	7
1671	7
1672	7
1673	12
1674	7
1675	7
1676	7
1677	12
1678	10
1679	10
1680	10
1681	10
1682	10
1683	10
1684	10
1685	6
1686	6
1687	6
1688	6
1689	6
1690	6
1691	6
1692	6
1693	6
1694	6
1695	6
1696	6
1697	6
1698	6
1699	6
1700	6
1701	2
1702	6
1703	1
1704	7
1705	6
1706	6
1707	6
1708	6
1709	2
1710	6
1711	6
1712	6
1713	12
1714	12
1715	12
1716	12
1717	12
1718	12
1719	12
1720	12
1721	12
1722	12
1723	12
1724	12
1725	6
1726	6
1727	6
1728	12
1729	6
1730	6
1731	6
1732	6
1733	6
1734	6
1735	6
1736	2
1737	2
1738	2
1739	2
1740	2
1741	6
1742	1
1743	1
1744	1
1745	1
1746	2
1747	1
1748	1
1749	1
1750	1
1751	2
1752	2
1753	2
1754	1
1755	2
1756	1
1757	12
1758	12
1759	12
1760	12
1761	2
1762	1
1763	1
1764	1
1765	1
1766	2
1767	1
1768	1
1769	2
1770	2
1771	2
1772	1
1773	2
1774	12
1775	12
1776	12
1777	12
1778	12
1779	12
1780	12
1781	12
1782	12
1783	12
1784	12
1785	12
1786	12
1787	1
1788	1
1789	1
1790	2
1791	1
1792	2
1793	1
1794	1
1795	12
1796	12
1797	12
1798	12
1799	1
1800	2
1801	2
1802	2
1803	1
1804	1
1805	1
1806	1
1807	1
1808	1
1809	7
1810	7
1811	7
1812	7
1813	7
1814	7
1815	7
1816	7
1817	7
1818	7
1819	7
1820	7
1821	7
1822	7
1823	7
1824	7
1825	7
1826	7
1827	7
1828	7
1829	7
1830	10
1831	10
1832	10
1833	10
1834	10
1835	7
1836	7
1837	10
1838	7
1839	7
1840	5
1841	5
1842	5
1843	5
1844	5
1845	7
1846	7
1847	7
1848	7
1849	7
1850	7
1851	7
1852	7
1853	7
1854	7
1855	7
1856	7
1857	10
1858	10
1859	10
1860	10
1861	10
1862	10
1863	7
1864	7
1865	7
1866	7
1867	7
1868	7
1869	7
1870	7
1871	7
1872	10
1873	10
1874	10
1875	10
1876	10
1877	10
1878	10
1879	10
1880	10
1881	10
1882	10
1883	10
1884	10
1885	10
1886	10
1887	10
1888	10
1889	10
1890	10
1891	10
1892	10
1893	10
1894	10
1895	13
1896	13
1897	13
1898	8
1899	8
1900	8
1901	8
1902	8
1903	8
1904	13
1905	13
1906	13
1907	13
1908	13
1909	13
1910	13
1911	13
1912	13
1913	13
1914	13
1915	13
1916	8
1917	8
1918	8
1919	8
1920	8
1921	8
1922	8
1923	8
1924	13
1925	13
1926	13
1927	13
1928	13
1929	13
1930	13
1931	13
1932	13
1933	13
1934	13
1935	13
1936	13
1937	13
1938	13
1939	13
1940	13
1941	13
1942	13
1943	13
1944	13
1945	13
1946	13
1947	13
1948	13
1949	13
1950	13
1951	13
1952	13
1953	13
1954	13
1955	13
1956	13
1957	13
1958	13
1959	13
1960	13
1961	13
1962	13
1963	13
1964	13
1965	13
1966	13
1967	13
1968	13
1969	13
1970	13
1971	13
1972	13
1973	13
1974	13
1975	13
1976	4
1977	4
1978	4
1979	4
1980	4
1981	4
1982	4
1983	4
1984	4
1985	4
1986	4
1987	4
1988	4
1989	4
1990	4
1991	4
1992	4
1993	4
1994	4
1995	4
1996	4
1997	4
1998	4
1999	4
2000	4
2001	4
2002	4
2003	4
2004	4
2005	4
2006	4
2007	4
2008	4
2009	4
2010	4
2011	4
2012	4
2013	4
2014	4
2015	4
2016	4
2017	10
2018	10
2019	10
2020	10
2021	10
2022	10
2023	10
2024	4
2025	10
2026	10
2027	10
2028	10
2029	10
2030	4
2031	4
2032	4
2033	4
2034	4
2035	4
2036	4
2037	10
2038	10
2039	10
2040	10
2041	10
2042	10
2043	10
2044	10
2045	10
2046	4
2047	4
2048	10
2049	10
2050	10
2051	4
2052	4
2053	10
2054	10
2055	4
2056	10
2057	4
2058	11
2059	11
2060	11
2061	11
2062	11
2063	11
2064	11
2065	11
2066	11
2067	11
2068	10
2069	10
2070	10
2071	10
2072	10
2073	10
2074	10
2075	10
2076	10
2077	10
2078	10
2079	10
2080	10
2081	10
2082	10
2083	10
2084	10
2085	10
2086	10
2087	10
2088	10
2089	6
2090	6
2091	6
2092	6
2093	6
2094	6
2095	6
2096	13
2097	13
2098	13
2099	13
2100	13
2101	13
2102	13
2103	13
2104	13
2105	13
2106	13
2107	13
2108	13
2109	13
2110	13
2111	13
2112	13
2113	1
2114	1
2115	7
2116	7
2117	1
2118	1
2119	1
2120	7
2121	7
2122	1
2123	1
2124	10
2125	7
2126	7
2127	7
2128	7
2129	1
2130	1
2131	1
2132	1
2133	1
2134	1
2135	1
2136	1
2137	1
2138	1
2139	7
2140	7
2141	1
2142	1
2143	1
2144	1
2145	1
2146	1
2147	1
2148	7
2149	1
2150	7
2151	7
2152	7
2153	7
2154	1
2155	1
2156	1
2157	1
2158	7
2159	1
2160	7
2161	7
2162	7
2163	7
2164	7
2165	1
2166	1
2167	7
2168	7
2169	1
2170	1
2171	1
2172	1
2173	1
2174	1
2175	1
2176	1
2177	1
2178	7
2179	7
2180	7
2181	7
2182	1
2183	1
2184	1
2185	1
2186	1
2187	1
2188	1
2189	7
2190	7
2191	1
2192	7
2193	1
2194	1
2195	1
2196	1
2197	1
2198	1
2199	1
2200	1
2201	1
2202	1
2203	1
2204	7
2205	7
2206	7
2207	7
2208	7
2209	7
2210	7
2211	1
2212	1
2213	7
2214	7
2215	1
2216	1
2217	7
2218	1
2219	1
2220	1
2221	1
2222	1
2223	1
2224	7
2225	1
2226	1
2227	1
2228	1
2229	1
2230	7
2231	1
2232	1
2233	1
2234	1
2235	1
2236	1
2237	1
2238	1
2239	1
2240	1
2241	1
2242	1
2243	1
2244	1
2245	1
2246	7
2247	1
2248	1
2249	1
2250	1
2251	1
2252	1
2253	1
2254	1
2255	1
2256	1
2257	1
2258	7
2259	7
2260	7
2261	7
2262	1
2263	1
2264	1
2265	7
2266	1
2267	7
2268	1
2269	1
2270	1
2271	1
2272	1
2273	1
2274	1
2275	1
2276	7
2277	1
2278	1
2279	1
2280	1
2281	1
2282	7
2283	7
2284	10
2285	10
2286	1
2287	1
2288	1
2289	1
2290	1
2291	1
2292	1
2293	7
2294	7
2295	7
2296	7
2297	1
2298	1
2299	1
2300	1
2301	1
2302	1
2303	7
2304	7
2305	1
2306	1
2307	1
2308	1
2309	10
2310	10
2311	10
2312	3
2313	3
2314	3
2315	3
2316	3
2317	3
2318	3
2319	3
2320	3
2321	3
2322	3
2323	3
2324	3
2325	3
2326	3
2327	3
2328	3
2329	3
2330	13
2331	13
2332	13
2333	13
2334	13
2335	13
2336	13
2337	13
2338	13
2339	13
2340	13
2341	13
2342	13
2343	13
2344	13
2345	13
2346	3
2347	3
2348	3
2349	3
2350	3
2351	3
2352	3
2353	3
2354	3
2355	3
2356	3
2357	3
2358	3
2359	3
2360	3
2361	3
2362	3
2363	3
2364	3
2365	3
2366	11
2367	11
2368	11
2369	11
2370	11
2371	11
2372	11
2373	11
2374	11
2375	11
2376	11
2377	11
2378	11
2379	11
2380	11
2381	11
2382	11
2383	11
2384	11
2385	11
2386	11
2387	11
2388	11
2389	11
2390	11
2391	11
2392	11
2393	11
2394	11
2395	11
2396	11
2397	11
2398	11
2399	11
2400	11
2401	11
2402	11
2403	11
2404	11
2405	11
2406	11
2407	11
2408	11
2409	11
2410	11
2411	11
2412	11
2413	11
2414	11
2415	9
2416	9
2417	9
2418	9
2419	12
2420	12
2421	9
2422	9
2423	9
2424	9
2425	9
2426	9
2427	12
2428	12
2429	12
2430	12
2431	9
2432	9
2433	9
2434	9
2435	9
2436	9
2437	9
2438	12
2439	12
2440	9
2441	9
2442	9
2443	9
2444	9
2445	9
2446	9
2447	9
2448	9
2449	9
2450	9
2451	9
2452	9
2453	9
2454	9
2455	9
2456	9
2457	9
2458	9
2459	9
2460	9
2461	9
2462	9
2463	9
2464	9
2465	9
2466	9
2467	9
2468	9
2469	9
2470	9
2471	9
2472	9
2473	9
2474	9
2475	9
2476	9
2477	9
2478	9
2479	9
2480	9
2481	9
2482	9
2483	9
2484	9
2485	9
2486	9
2487	9
2488	9
2489	9
2490	9
2491	9
2492	9
2493	9
2494	9
2495	9
2496	9
2497	12
2498	9
2499	9
2500	9
2501	9
2502	9
2503	9
2504	9
2505	9
2506	9
2507	9
2508	9
2509	12
2510	9
2511	9
2512	9
2513	9
2514	9
2515	9
2516	9
2517	9
2518	9
2519	9
2520	9
2521	9
2522	9
2523	9
2524	9
2525	12
2526	9
2527	9
2528	9
2529	9
2530	12
2531	12
2532	12
2533	12
2534	12
2535	12
2536	12
2537	12
2538	12
2539	9
2540	12
2541	9
2542	9
2543	9
2544	9
2545	9
2546	9
2547	9
2548	9
2549	9
2550	9
2551	9
2552	12
2553	12
2554	9
2555	9
2556	9
2557	9
2558	9
2559	9
2560	9
2561	9
2562	9
2563	12
2564	9
2565	9
2566	9
2567	9
2568	12
2569	9
2570	9
2571	9
2572	9
2573	9
2574	9
2575	9
2576	9
2577	9
2578	9
2579	9
2580	9
2581	12
2582	9
2583	9
2584	9
2585	9
2586	9
2587	12
2588	12
2589	12
2590	12
2591	12
2592	12
2593	12
2594	9
2595	9
2596	9
2597	9
2598	9
2599	9
2600	9
2601	9
2602	9
2603	9
2604	12
2605	12
2606	10
2607	10
2608	10
2609	10
2610	10
2611	10
2612	10
2613	10
2614	10
2615	10
2616	10
2617	10
2618	10
2619	10
2620	10
2621	10
2622	10
2623	10
2624	10
2625	10
2626	10
2627	10
2628	10
2629	10
2630	10
2631	10
2632	10
2633	10
2634	10
2635	10
2636	10
2637	10
2638	10
2639	10
2640	11
2641	11
2642	11
2643	11
2644	11
2645	11
2646	11
2647	11
2648	11
2649	11
2650	11
2651	11
2652	11
2653	11
2654	4
2655	4
2656	4
2657	4
2658	4
2659	11
2660	11
2661	4
2662	4
2663	11
2664	4
2665	11
2666	4
2667	4
2668	11
2669	11
2670	4
2671	11
2672	4
2673	11
2674	4
2675	4
2676	11
2677	11
2678	4
2679	11
2680	11
2681	11
2682	11
2683	11
2684	11
2685	11
2686	11
2687	11
2688	13
2689	13
2690	13
2691	13
315	6
1657	7
