0	10
1	10
2	10
3	10
4	10
5	10
6	10
7	4
8	4
9	2
10	4
11	4
12	4
13	4
14	4
15	4
16	2
17	4
18	2
19	3
20	3
21	6
22	6
23	6
24	6
25	6
26	6
27	6
28	6
29	2
30	2
31	2
32	2
33	2
34	2
35	2
36	2
37	2
38	2
39	2
40	2
41	2
42	2
43	2
44	2
45	2
46	2
47	2
48	2
49	2
50	2
51	2
52	2
53	13
54	13
55	13
56	13
57	13
58	2
59	2
60	2
61	2
62	2
63	2
64	2
65	13
66	13
67	13
68	13
69	13
70	13
71	6
72	6
73	6
74	6
75	2
76	2
77	2
78	2
79	2
80	2
81	2
82	2
83	11
84	11
85	11
86	11
87	11
88	11
89	11
90	11
91	11
92	11
93	11
94	11
95	11
96	4
97	4
98	2
99	4
100	4
101	4
102	4
103	4
104	4
105	2
106	4
107	2
108	2
109	4
110	4
111	4
112	4
113	4
114	4
115	4
116	4
117	4
118	4
119	4
120	4
121	4
122	4
123	4
124	4
125	4
126	4
127	4
128	4
129	8
130	12
131	12
132	12
133	8
134	12
135	12
136	12
137	12
138	8
139	12
140	12
141	8
142	8
143	12
144	12
145	8
146	12
147	8
148	8
149	8
150	8
151	8
152	8
153	8
154	12
155	12
156	12
157	8
158	8
159	8
160	8
161	8
162	8
163	8
164	8
165	8
166	5
167	5
168	5
169	8
170	5
171	5
172	5
173	5
174	8
175	8
176	8
177	5
178	8
179	5
180	5
181	8
182	5
183	10
184	10
185	10
186	10
187	10
188	10
189	10
190	10
191	10
192	10
193	10
194	10
195	10
196	10
197	10
198	10
199	10
200	10
201	10
202	10
203	10
204	10
205	10
206	10
207	10
208	6
209	6
210	6
211	6
212	6
213	6
214	6
215	13
216	6
217	6
218	13
219	6
220	6
221	6
222	6
223	6
224	6
225	6
226	6
227	6
228	6
229	6
230	6
231	6
232	6
233	6
234	6
235	6
236	6
237	6
238	6
239	6
240	6
241	6
242	6
243	6
244	6
245	6
246	6
247	6
248	10
249	10
250	10
251	10
252	10
253	10
254	10
255	10
256	10
257	10
258	10
259	10
260	10
261	6
262	6
263	6
264	6
265	6
266	6
267	6
268	9
269	9
270	9
271	6
272	6
273	6
274	6
275	6
276	6
277	6
278	9
279	9
280	9
281	9
282	9
283	9
284	9
285	9
286	9
287	9
288	9
289	9
290	9
291	9
292	9
293	9
294	9
295	9
296	9
297	9
298	9
299	9
300	9
301	9
302	10
303	10
304	10
305	10
306	13
307	13
308	13
309	12
310	12
311	13
312	13
313	13
314	13
316	2
317	2
318	2
319	2
320	2
321	2
322	2
323	2
324	2
325	2
326	2
327	2
328	2
329	2
330	2
331	13
332	13
333	13
334	13
335	13
336	12
337	2
338	2
339	2
340	13
341	13
342	13
343	13
344	12
345	12
346	13
347	13
348	13
349	13
350	12
351	13
352	13
353	12
354	13
355	12
356	8
357	8
358	11
359	8
360	8
361	11
362	8
363	8
364	8
365	11
366	8
367	11
368	8
369	12
370	12
371	12
372	12
373	12
374	13
375	12
376	12
377	13
378	13
379	13
380	13
381	13
382	13
383	13
384	13
385	13
386	13
387	13
388	13
389	2
390	2
391	2
392	2
393	2
394	13
395	13
396	13
397	13
398	2
399	2
400	2
401	2
402	2
403	13
404	13
405	13
406	13
407	13
408	13
409	3
410	3
411	3
412	3
413	3
414	3
415	3
416	3
417	3
418	3
419	3
420	3
421	3
422	3
423	3
424	3
425	5
426	5
427	5
428	5
429	5
430	5
431	5
432	5
433	3
434	3
435	3
436	3
437	3
438	3
439	3
440	3
441	3
442	3
443	3
444	3
445	3
446	5
447	5
448	5
449	5
450	5
451	3
452	3
453	3
454	5
455	5
456	5
457	3
458	3
459	3
460	3
461	3
462	3
463	5
464	5
465	5
466	5
467	5
468	5
469	5
470	5
471	5
472	5
473	3
474	3
475	9
476	9
477	9
478	9
479	9
480	9
481	9
482	9
483	9
484	13
485	13
486	9
487	9
488	9
489	9
490	9
491	9
492	9
493	9
494	9
495	9
496	9
497	9
498	13
499	9
500	9
501	9
502	13
503	9
504	9
505	9
506	13
507	13
508	13
509	13
510	13
511	13
512	13
513	13
514	13
515	13
516	13
517	13
518	13
519	13
520	13
521	13
522	5
523	5
524	5
525	5
526	10
527	10
528	5
529	5
530	5
531	5
532	5
533	5
534	5
535	5
536	5
537	5
538	10
539	10
540	10
541	10
542	10
543	10
544	10
545	10
546	10
547	10
548	10
549	10
550	10
551	10
552	10
553	10
554	10
555	10
556	10
557	10
558	10
559	6
560	6
561	6
562	6
563	6
564	6
565	10
566	10
567	10
568	10
569	10
570	5
571	5
572	5
573	5
574	5
575	5
576	5
577	5
578	5
579	5
580	5
581	10
582	10
583	10
584	10
585	10
586	10
587	6
588	6
589	6
590	6
591	6
592	6
593	6
594	6
595	6
596	6
597	6
598	6
599	6
600	6
601	6
602	6
603	10
604	10
605	10
606	10
607	10
608	10
609	10
610	10
611	10
612	10
613	10
614	10
615	10
616	10
617	6
618	6
619	6
620	6
621	6
622	6
623	6
624	6
625	6
626	6
627	6
628	6
629	6
630	6
631	6
632	6
633	6
634	6
635	6
636	6
637	6
638	6
639	10
640	10
641	10
642	10
643	10
644	10
645	10
646	10
647	10
648	10
649	10
650	10
651	10
652	10
653	10
654	10
655	10
656	10
657	9
658	9
659	9
660	9
661	3
662	3
663	3
664	3
665	3
666	3
667	3
668	3
669	3
670	6
671	6
672	8
673	6
674	8
675	6
676	6
677	8
678	8
679	8
680	3
681	3
682	3
683	3
684	3
685	3
686	3
687	3
688	3
689	3
690	3
691	3
692	3
693	3
694	3
695	3
696	3
697	6
698	6
699	8
700	6
701	6
702	6
703	6
704	8
705	8
706	8
707	6
708	6
709	8
710	6
711	6
712	6
713	6
714	3
715	3
716	6
717	6
718	6
719	6
720	8
721	6
722	6
723	6
724	6
725	6
726	6
727	6
728	6
729	6
730	6
731	6
732	2
733	2
734	2
735	2
736	2
737	9
738	5
739	5
740	9
741	5
742	5
743	9
744	9
745	2
746	2
747	2
748	2
749	2
750	2
751	2
752	2
753	2
754	2
755	2
756	2
757	2
758	2
759	2
760	2
761	2
762	2
763	2
764	2
765	2
766	9
767	5
768	9
769	5
770	2
771	2
772	9
773	9
774	9
775	5
776	9
777	9
778	9
779	9
780	9
781	9
782	9
783	9
784	9
785	13
786	9
787	9
788	9
789	9
790	9
791	13
792	13
793	13
794	13
795	13
796	13
797	13
798	13
799	13
800	13
801	9
802	9
803	9
804	9
805	13
806	13
807	13
808	9
809	9
810	9
811	1
812	1
813	1
814	1
815	1
816	13
817	1
818	1
819	1
820	1
821	1
822	13
823	1
824	13
825	13
826	13
827	1
828	13
829	1
830	1
831	1
832	1
833	1
834	1
835	1
836	1
837	1
838	1
839	1
840	1
841	1
842	1
843	1
844	1
845	13
846	1
847	1
848	1
849	13
850	1
851	1
852	1
853	1
854	1
855	13
856	1
857	1
858	10
859	10
860	10
861	10
862	10
863	10
864	10
865	10
866	10
867	10
868	10
869	10
870	10
871	1
872	1
873	1
874	1
875	1
876	1
877	13
878	13
879	13
880	13
881	1
882	1
883	1
884	1
885	1
886	1
887	1
888	1
889	13
890	13
891	1
892	1
893	1
894	1
895	1
896	1
897	13
898	13
899	1
900	1
901	1
902	1
903	1
904	1
905	1
906	1
907	1
908	1
909	13
910	1
911	1
912	1
913	1
914	1
915	1
916	1
917	1
918	13
919	13
920	1
921	1
922	1
923	1
924	13
925	1
926	1
927	1
928	1
929	1
930	1
931	1
932	1
933	1
934	13
935	1
936	1
937	13
938	13
939	1
940	1
941	13
942	1
943	1
944	1
945	1
946	1
947	1
948	1
949	1
950	13
951	1
952	1
953	13
954	1
955	1
956	1
957	1
958	1
959	13
960	13
961	1
962	1
963	1
964	1
965	1
966	1
967	13
968	1
969	1
970	1
971	13
972	1
973	1
974	1
975	1
976	1
977	1
978	13
979	13
980	13
981	13
982	4
983	1
984	4
985	8
986	8
987	8
988	8
989	8
990	8
991	8
992	8
993	8
994	8
995	8
996	8
997	8
998	8
999	8
1000	8
1001	8
1002	8
1003	8
1004	8
1005	8
1006	8
1007	4
1008	4
1009	8
1010	4
1011	1
1012	1
1013	1
1014	1
1015	1
1016	1
1017	4
1018	1
1019	1
1020	4
1021	1
1022	4
1023	1
1024	1
1025	4
1026	4
1027	4
1028	4
1029	1
1030	4
1031	1
1032	4
1033	1
1034	4
1035	4
1036	4
1037	4
1038	4
1039	1
1040	4
1041	4
1042	4
1043	4
1044	1
1045	4
1046	4
1047	4
1048	1
1049	1
1050	4
1051	1
1052	1
1053	4
1054	4
1055	4
1056	4
1057	4
1058	4
1059	4
1060	4
1061	4
1062	1
1063	4
1064	4
1065	4
1066	4
1067	4
1068	4
1069	4
1070	4
1071	4
1072	4
1073	4
1074	4
1075	10
1076	10
1077	10
1078	10
1079	10
1080	10
1081	10
1082	10
1083	10
1084	10
1085	10
1086	10
1087	9
1088	9
1089	9
1090	9
1091	9
1092	9
1093	9
1094	6
1095	6
1096	6
1097	6
1098	6
1099	6
1100	6
1101	6
1102	6
1103	6
1104	6
1105	6
1106	6
1107	12
1108	12
1109	12
1110	12
1111	12
1112	13
1113	12
1114	13
1115	12
1116	13
1117	13
1118	13
1119	12
1120	13
1121	12
1122	13
1123	12
1124	13
1125	13
1126	12
1127	12
1128	12
1129	12
1130	13
1131	13
1132	13
1133	13
1134	12
1135	12
1136	1
1137	1
1138	13
1139	1
1140	12
1141	12
1142	12
1143	13
1144	12
1145	12
1146	13
1147	13
1148	12
1149	12
1150	12
1151	12
1152	12
1153	13
1154	13
1155	13
1156	13
1157	13
1158	13
1159	13
1160	13
1161	13
1162	13
1163	13
1164	13
1165	13
1166	13
1167	13
1168	13
1169	1
1170	4
1171	1
1172	1
1173	4
1174	4
1175	4
1176	1
1177	1
1178	1
1179	1
1180	1
1181	1
1182	1
1183	1
1184	4
1185	1
1186	1
1187	1
1188	1
1189	1
1190	4
1191	4
1192	1
1193	1
1194	4
1195	1
1196	4
1197	1
1198	4
1199	1
1200	11
1201	11
1202	11
1203	11
1204	11
1205	11
1206	11
1207	11
1208	11
1209	11
1210	11
1211	11
1212	11
1213	11
1214	11
1215	11
1216	11
1217	11
1218	11
1219	11
1220	11
1221	11
1222	11
1223	11
1224	11
1225	11
1226	11
1227	11
1228	11
1229	11
1230	11
1231	11
1232	11
1233	11
1234	11
1235	11
1236	11
1237	11
1238	11
1239	11
1240	9
1241	9
1242	6
1243	6
1244	6
1245	9
1246	6
1247	6
1248	6
1249	6
1250	6
1251	6
1252	6
1253	2
1254	2
1255	2
1256	2
1257	2
1258	6
1259	6
1260	6
1261	6
1262	6
1263	9
1264	2
1265	2
1266	3
1267	2
1268	2
1269	3
1270	2
1271	3
1272	3
1273	3
1274	2
1275	3
1276	2
1277	2
1278	13
1279	13
1280	13
1281	6
1282	9
1283	9
1284	2
1285	2
1286	2
1287	3
1288	13
1289	13
1290	13
1291	13
1292	13
1293	13
1294	13
1295	13
1296	13
1297	13
1298	13
1299	13
1300	13
1301	13
1302	13
1303	2
1304	2
1305	2
1306	2
1307	2
1308	2
1309	2
1310	2
1311	2
1312	2
1313	2
1314	1
1315	1
1316	1
1317	1
1318	1
1319	1
1320	1
1321	1
1322	1
1323	13
1324	1
1325	13
1326	1
1327	13
1328	1
1329	1
1330	1
1331	13
1332	13
1333	13
1334	1
1335	1
1336	1
1337	13
1338	1
1339	1
1340	1
1341	1
1342	1
1343	1
1344	13
1345	1
1346	3
1347	3
1348	3
1349	3
1350	3
1351	3
1352	3
1353	3
1354	3
1355	3
1356	3
1357	3
1358	3
1359	3
1360	3
1361	3
1362	3
1363	11
1364	11
1365	11
1366	11
1367	11
1368	11
1369	11
1370	11
1371	11
1372	11
1373	11
1374	11
1375	11
1376	11
1377	11
1378	11
1379	11
1380	11
1381	13
1382	13
1383	13
1384	13
1385	13
1386	13
1387	13
1388	13
1389	13
1390	13
1391	13
1392	13
1393	13
1394	13
1395	13
1396	13
1397	3
1398	3
1399	3
1400	3
1401	3
1402	3
1403	3
1404	3
1405	3
1406	3
1407	3
1408	3
1409	3
1410	3
1411	3
1412	3
1413	3
1414	3
1415	3
1416	3
1417	3
1418	3
1419	3
1420	3
1421	3
1422	3
1423	3
1424	3
1425	3
1426	3
1427	3
1428	5
1429	5
1430	5
1431	5
1432	5
1433	5
1434	5
1435	5
1436	5
1437	5
1438	5
1439	5
1440	5
1441	2
1442	2
1443	2
1444	4
1445	4
1446	4
1447	4
1448	2
1449	2
1450	4
1451	4
1452	4
1453	4
1454	2
1455	5
1456	5
1457	5
1458	5
1459	5
1460	5
1461	5
1462	5
1463	5
1464	5
1465	6
1466	6
1467	6
1468	6
1469	6
1470	6
1471	6
1472	6
1473	6
1474	6
1475	6
1476	6
1477	6
1478	6
1479	6
1480	6
1481	6
1482	6
1483	6
1484	6
1485	6
1486	6
1487	6
1488	6
1489	2
1490	2
1491	2
1492	2
1493	2
1494	2
1495	2
1496	2
1497	2
1498	2
1499	2
1500	2
1501	3
1502	3
1503	3
1504	3
1505	3
1506	10
1507	10
1508	3
1509	10
1510	10
1511	3
1512	10
1513	10
1514	10
1515	3
1516	3
1517	3
1518	3
1519	3
1520	3
1521	10
1522	10
1523	10
1524	10
1525	10
1526	10
1527	10
1528	3
1529	5
1530	5
1531	5
1532	5
1533	5
1534	5
1535	5
1536	5
1537	5
1538	5
1539	5
1540	5
1541	5
1542	5
1543	5
1544	5
1545	5
1546	5
1547	5
1548	5
1549	5
1550	5
1551	5
1552	11
1553	11
1554	11
1555	11
1556	11
1557	11
1558	11
1559	11
1560	11
1561	11
1562	11
1563	11
1564	11
1565	11
1566	11
1567	11
1568	11
1569	11
1570	11
1571	11
1572	11
1573	11
1574	11
1575	11
1576	2
1577	2
1578	2
1579	2
1580	2
1581	2
1582	2
1583	2
1584	2
1585	2
1586	2
1587	2
1588	2
1589	2
1590	2
1591	2
1592	2
1593	2
1594	2
1595	2
1596	2
1597	2
1598	2
1599	2
1600	2
1601	2
1602	5
1603	5
1604	5
1605	5
1606	5
1607	5
1608	5
1609	5
1610	5
1611	5
1612	5
1613	5
1614	5
1615	5
1616	5
1617	5
1618	6
1619	6
1620	6
1621	6
1622	6
1623	6
1624	6
1625	6
1626	6
1627	6
1628	6
1629	4
1630	4
1631	4
1632	4
1633	4
1634	4
1635	4
1636	4
1637	4
1638	4
1639	4
1640	4
1641	4
1642	4
1643	4
1644	6
1645	6
1646	6
1647	6
1648	6
1649	4
1650	4
1651	4
1652	4
1653	4
1654	4
1655	4
1656	4
1658	4
1659	4
1660	4
1661	4
1662	4
1663	4
1664	4
1665	4
1666	4
1667	4
1668	4
1669	4
1670	4
1671	4
1672	4
1673	6
1674	4
1675	4
1676	4
1677	6
1678	9
1679	9
1680	9
1681	9
1682	9
1683	9
1684	9
1685	2
1686	2
1687	2
1688	2
1689	2
1690	2
1691	2
1692	2
1693	2
1694	2
1695	2
1696	2
1697	2
1698	2
1699	2
1700	2
1701	3
1702	3
1703	2
1704	2
1705	2
1706	2
1707	2
1708	2
1709	3
1710	2
1711	2
1712	2
1713	6
1714	6
1715	6
1716	6
1717	6
1718	6
1719	6
1720	6
1721	6
1722	6
1723	6
1724	6
1725	2
1726	2
1727	2
1728	6
1729	3
1730	2
1731	2
1732	2
1733	2
1734	2
1735	2
1736	3
1737	3
1738	3
1739	3
1740	3
1741	2
1742	3
1743	3
1744	3
1745	3
1746	3
1747	3
1748	3
1749	3
1750	3
1751	3
1752	3
1753	3
1754	3
1755	3
1756	3
1757	6
1758	6
1759	6
1760	6
1761	3
1762	3
1763	3
1764	3
1765	3
1766	3
1767	3
1768	3
1769	3
1770	3
1771	3
1772	3
1773	3
1774	6
1775	6
1776	6
1777	6
1778	6
1779	6
1780	6
1781	6
1782	6
1783	6
1784	6
1785	6
1786	6
1787	3
1788	3
1789	3
1790	3
1791	3
1792	3
1793	3
1794	3
1795	6
1796	6
1797	6
1798	6
1799	3
1800	3
1801	3
1802	3
1803	3
1804	3
1805	3
1806	3
1807	3
1808	3
1809	4
1810	4
1811	4
1812	4
1813	4
1814	4
1815	4
1816	4
1817	4
1818	2
1819	4
1820	4
1821	4
1822	4
1823	4
1824	4
1825	4
1826	4
1827	4
1828	4
1829	4
1830	6
1831	6
1832	6
1833	6
1834	6
1835	4
1836	4
1837	6
1838	4
1839	4
1840	11
1841	11
1842	11
1843	11
1844	11
1845	4
1846	4
1847	4
1848	4
1849	4
1850	4
1851	4
1852	4
1853	4
1854	4
1855	4
1856	4
1857	6
1858	6
1859	6
1860	6
1861	6
1862	6
1863	4
1864	4
1865	4
1866	4
1867	4
1868	4
1869	4
1870	4
1871	4
1872	9
1873	9
1874	9
1875	9
1876	9
1877	9
1878	9
1879	9
1880	9
1881	9
1882	9
1883	9
1884	9
1885	9
1886	9
1887	9
1888	9
1889	9
1890	9
1891	9
1892	9
1893	9
1894	9
1895	10
1896	10
1897	10
1898	13
1899	13
1900	13
1901	13
1902	13
1903	13
1904	10
1905	10
1906	10
1907	10
1908	10
1909	10
1910	10
1911	10
1912	10
1913	10
1914	10
1915	10
1916	13
1917	13
1918	13
1919	13
1920	13
1921	13
1922	13
1923	13
1924	10
1925	10
1926	10
1927	10
1928	10
1929	10
1930	10
1931	10
1932	10
1933	10
1934	10
1935	10
1936	10
1937	10
1938	10
1939	10
1940	10
1941	10
1942	10
1943	10
1944	10
1945	10
1946	10
1947	10
1948	10
1949	10
1950	10
1951	10
1952	10
1953	10
1954	10
1955	10
1956	10
1957	10
1958	10
1959	10
1960	10
1961	10
1962	10
1963	10
1964	10
1965	10
1966	10
1967	10
1968	10
1969	10
1970	10
1971	10
1972	10
1973	10
1974	10
1975	10
1976	5
1977	5
1978	5
1979	5
1980	5
1981	5
1982	5
1983	5
1984	5
1985	5
1986	5
1987	5
1988	5
1989	5
1990	5
1991	5
1992	5
1993	5
1994	5
1995	5
1996	5
1997	5
1998	5
1999	5
2000	5
2001	5
2002	5
2003	5
2004	5
2005	5
2006	5
2007	5
2008	5
2009	5
2010	5
2011	5
2012	5
2013	5
2014	5
2015	5
2016	5
2017	9
2018	9
2019	9
2020	9
2021	9
2022	9
2023	9
2024	9
2025	9
2026	9
2027	9
2028	9
2029	9
2030	9
2031	9
2032	9
2033	9
2034	9
2035	9
2036	9
2037	9
2038	6
2039	6
2040	6
2041	6
2042	6
2043	9
2044	9
2045	9
2046	9
2047	9
2048	6
2049	6
2050	9
2051	9
2052	9
2053	9
2054	9
2055	9
2056	9
2057	9
2058	5
2059	5
2060	5
2061	5
2062	11
2063	5
2064	5
2065	5
2066	5
2067	5
2068	9
2069	9
2070	9
2071	9
2072	9
2073	6
2074	9
2075	9
2076	9
2077	6
2078	6
2079	9
2080	6
2081	9
2082	9
2083	9
2084	9
2085	9
2086	9
2087	9
2088	9
2089	2
2090	2
2091	2
2092	2
2093	2
2094	2
2095	2
2096	10
2097	10
2098	10
2099	10
2100	10
2101	10
2102	10
2103	10
2104	3
2105	10
2106	10
2107	10
2108	10
2109	10
2110	10
2111	10
2112	10
2113	7
2114	7
2115	7
2116	7
2117	7
2118	7
2119	7
2120	7
2121	7
2122	7
2123	7
2124	6
2125	7
2126	7
2127	7
2128	7
2129	7
2130	7
2131	7
2132	7
2133	7
2134	7
2135	7
2136	7
2137	7
2138	7
2139	7
2140	7
2141	7
2142	7
2143	7
2144	7
2145	7
2146	7
2147	7
2148	7
2149	7
2150	7
2151	2
2152	2
2153	2
2154	7
2155	7
2156	7
2157	7
2158	7
2159	7
2160	2
2161	2
2162	2
2163	2
2164	2
2165	2
2166	7
2167	7
2168	7
2169	7
2170	7
2171	7
2172	7
2173	7
2174	7
2175	7
2176	7
2177	7
2178	7
2179	7
2180	2
2181	2
2182	7
2183	7
2184	7
2185	7
2186	7
2187	7
2188	7
2189	7
2190	7
2191	7
2192	7
2193	7
2194	7
2195	7
2196	7
2197	7
2198	7
2199	7
2200	7
2201	7
2202	7
2203	7
2204	7
2205	7
2206	7
2207	7
2208	7
2209	2
2210	2
2211	7
2212	7
2213	7
2214	7
2215	7
2216	7
2217	7
2218	7
2219	7
2220	7
2221	7
2222	7
2223	7
2224	7
2225	7
2226	7
2227	7
2228	7
2229	7
2230	2
2231	2
2232	2
2233	7
2234	7
2235	7
2236	7
2237	7
2238	7
2239	2
2240	7
2241	7
2242	7
2243	7
2244	7
2245	7
2246	2
2247	2
2248	2
2249	7
2250	7
2251	7
2252	7
2253	7
2254	7
2255	7
2256	2
2257	7
2258	7
2259	7
2260	7
2261	2
2262	2
2263	2
2264	2
2265	2
2266	7
2267	7
2268	7
2269	7
2270	7
2271	7
2272	7
2273	7
2274	7
2275	2
2276	2
2277	7
2278	7
2279	7
2280	7
2281	7
2282	7
2283	7
2284	6
2285	6
2286	7
2287	7
2288	7
2289	7
2290	7
2291	7
2292	7
2293	7
2294	7
2295	7
2296	7
2297	7
2298	7
2299	7
2300	7
2301	7
2302	7
2303	7
2304	7
2305	7
2306	7
2307	7
2308	7
2309	6
2310	6
2311	6
2312	1
2313	1
2314	1
2315	1
2316	1
2317	1
2318	1
2319	1
2320	1
2321	1
2322	1
2323	1
2324	1
2325	1
2326	1
2327	1
2328	1
2329	1
2330	10
2331	10
2332	10
2333	10
2334	10
2335	10
2336	10
2337	10
2338	10
2339	10
2340	10
2341	10
2342	10
2343	10
2344	10
2345	10
2346	4
2347	4
2348	4
2349	4
2350	4
2351	4
2352	4
2353	4
2354	4
2355	4
2356	4
2357	4
2358	4
2359	4
2360	4
2361	4
2362	4
2363	4
2364	4
2365	4
2366	5
2367	7
2368	5
2369	7
2370	5
2371	5
2372	5
2373	5
2374	5
2375	5
2376	5
2377	5
2378	5
2379	5
2380	7
2381	5
2382	5
2383	5
2384	5
2385	5
2386	5
2387	5
2388	5
2389	5
2390	5
2391	5
2392	5
2393	5
2394	5
2395	5
2396	5
2397	5
2398	5
2399	5
2400	5
2401	5
2402	5
2403	5
2404	5
2405	5
2406	5
2407	5
2408	5
2409	5
2410	5
2411	5
2412	5
2413	5
2414	5
2415	12
2416	12
2417	12
2418	12
2419	8
2420	8
2421	8
2422	12
2423	12
2424	12
2425	12
2426	12
2427	8
2428	8
2429	8
2430	8
2431	12
2432	12
2433	8
2434	12
2435	12
2436	12
2437	12
2438	8
2439	8
2440	8
2441	8
2442	12
2443	12
2444	12
2445	8
2446	8
2447	8
2448	12
2449	8
2450	8
2451	8
2452	8
2453	8
2454	12
2455	12
2456	12
2457	12
2458	12
2459	12
2460	8
2461	8
2462	12
2463	8
2464	12
2465	8
2466	8
2467	12
2468	8
2469	8
2470	8
2471	8
2472	8
2473	8
2474	8
2475	12
2476	8
2477	12
2478	12
2479	8
2480	8
2481	12
2482	8
2483	8
2484	8
2485	8
2486	8
2487	12
2488	8
2489	8
2490	8
2491	8
2492	8
2493	8
2494	12
2495	8
2496	12
2497	12
2498	12
2499	12
2500	8
2501	8
2502	12
2503	12
2504	12
2505	12
2506	12
2507	12
2508	12
2509	12
2510	12
2511	12
2512	12
2513	12
2514	12
2515	8
2516	8
2517	8
2518	8
2519	8
2520	8
2521	8
2522	8
2523	12
2524	12
2525	8
2526	8
2527	8
2528	12
2529	12
2530	12
2531	12
2532	12
2533	12
2534	12
2535	12
2536	12
2537	12
2538	12
2539	8
2540	12
2541	8
2542	12
2543	12
2544	8
2545	8
2546	8
2547	12
2548	12
2549	12
2550	8
2551	8
2552	8
2553	12
2554	8
2555	8
2556	8
2557	8
2558	12
2559	12
2560	12
2561	12
2562	12
2563	8
2564	12
2565	12
2566	12
2567	8
2568	8
2569	12
2570	12
2571	12
2572	12
2573	12
2574	12
2575	8
2576	8
2577	8
2578	8
2579	8
2580	8
2581	8
2582	8
2583	8
2584	8
2585	12
2586	12
2587	12
2588	12
2589	12
2590	12
2591	12
2592	12
2593	12
2594	12
2595	12
2596	12
2597	12
2598	12
2599	12
2600	8
2601	8
2602	12
2603	8
2604	8
2605	8
2606	9
2607	9
2608	9
2609	9
2610	9
2611	9
2612	9
2613	9
2614	9
2615	9
2616	9
2617	9
2618	9
2619	9
2620	9
2621	9
2622	9
2623	9
2624	9
2625	9
2626	9
2627	9
2628	9
2629	9
2630	9
2631	9
2632	9
2633	9
2634	9
2635	9
2636	9
2637	9
2638	9
2639	9
2640	11
2641	11
2642	11
2643	11
2644	11
2645	11
2646	11
2647	11
2648	11
2649	11
2650	11
2651	11
2652	11
2653	11
2654	11
2655	11
2656	11
2657	8
2658	8
2659	11
2660	11
2661	8
2662	8
2663	11
2664	11
2665	11
2666	11
2667	11
2668	11
2669	11
2670	8
2671	11
2672	11
2673	11
2674	8
2675	8
2676	11
2677	11
2678	8
2679	11
2680	11
2681	11
2682	11
2683	11
2684	11
2685	11
2686	11
2687	11
2688	10
2689	10
2690	10
2691	10
315	2
1657	4
