0	13
1	13
2	13
3	13
4	13
5	13
6	13
7	9
8	9
9	9
10	9
11	9
12	9
13	9
14	9
15	9
16	9
17	9
18	9
19	9
20	9
21	2
22	2
23	2
24	2
25	2
26	2
27	2
28	2
29	5
30	13
31	5
32	5
33	13
34	5
35	5
36	5
37	5
38	5
39	5
40	5
41	13
42	5
43	5
44	13
45	5
46	5
47	13
48	5
49	5
50	5
51	5
52	5
53	4
54	4
55	4
56	4
57	4
58	5
59	5
60	5
61	5
62	5
63	5
64	5
65	4
66	4
67	4
68	4
69	4
70	4
71	2
72	2
73	2
74	2
75	5
76	5
77	5
78	5
79	5
80	5
81	5
82	5
83	12
84	12
85	12
86	12
87	12
88	12
89	12
90	12
91	12
92	12
93	12
94	12
95	12
96	9
97	9
98	9
99	9
100	9
101	9
102	9
103	9
104	9
105	9
106	9
107	9
108	9
109	9
110	9
111	9
112	9
113	9
114	9
115	9
116	9
117	9
118	9
119	9
120	9
121	9
122	9
123	9
124	9
125	9
126	9
127	9
128	9
129	11
130	11
131	11
132	11
133	11
134	11
135	11
136	11
137	11
138	11
139	11
140	11
141	11
142	11
143	11
144	11
145	11
146	11
147	11
148	11
149	11
150	11
151	11
152	11
153	11
154	11
155	11
156	11
157	11
158	11
159	11
160	11
161	11
162	11
163	11
164	11
165	11
166	12
167	12
168	12
169	7
170	12
171	12
172	12
173	12
174	7
175	7
176	7
177	12
178	7
179	12
180	12
181	7
182	7
183	5
184	5
185	5
186	5
187	5
188	5
189	5
190	5
191	5
192	5
193	5
194	5
195	5
196	5
197	5
198	5
199	5
200	5
201	5
202	5
203	5
204	5
205	5
206	5
207	5
208	2
209	2
210	2
211	2
212	2
213	2
214	2
215	2
216	2
217	2
218	2
219	2
220	2
221	2
222	2
223	2
224	2
225	2
226	2
227	2
228	2
229	2
230	2
231	2
232	2
233	2
234	2
235	2
236	2
237	2
238	2
239	2
240	2
241	2
242	2
243	2
244	2
245	2
246	2
247	2
248	5
249	5
250	5
251	5
252	5
253	5
254	5
255	5
256	5
257	5
258	5
259	5
260	5
261	2
262	2
263	2
264	2
265	2
266	2
267	2
268	11
269	11
270	11
271	2
272	2
273	2
274	2
275	2
276	2
277	2
278	11
279	11
280	11
281	11
282	11
283	11
284	11
285	11
286	11
287	11
288	11
289	11
290	11
291	11
292	11
293	11
294	11
295	11
296	11
297	11
298	11
299	11
300	11
301	11
302	5
303	5
304	5
305	5
306	6
307	6
308	6
309	6
310	6
311	6
312	6
313	6
314	6
316	9
317	9
318	9
319	9
320	9
321	9
322	9
323	9
324	9
325	9
326	9
327	9
328	9
329	9
330	9
331	6
332	6
333	6
334	6
335	6
336	6
337	9
338	9
339	9
340	6
341	6
342	6
343	6
344	6
345	6
346	6
347	6
348	6
349	6
350	6
351	6
352	6
353	6
354	6
355	6
356	1
357	1
358	1
359	1
360	1
361	1
362	1
363	1
364	1
365	1
366	1
367	1
368	1
369	6
370	6
371	6
372	6
373	6
374	6
375	6
376	6
377	6
378	6
379	6
380	6
381	6
382	6
383	6
384	6
385	6
386	6
387	6
388	6
389	9
390	9
391	9
392	9
393	9
394	6
395	6
396	6
397	6
398	9
399	9
400	9
401	9
402	9
403	2
404	2
405	2
406	6
407	6
408	6
409	13
410	13
411	13
412	13
413	13
414	13
415	13
416	13
417	13
418	13
419	13
420	13
421	13
422	13
423	13
424	13
425	12
426	12
427	12
428	12
429	12
430	12
431	12
432	12
433	13
434	13
435	13
436	13
437	13
438	13
439	13
440	13
441	13
442	13
443	13
444	13
445	13
446	12
447	12
448	12
449	12
450	12
451	13
452	13
453	13
454	12
455	12
456	12
457	13
458	13
459	13
460	13
461	13
462	13
463	12
464	12
465	12
466	12
467	12
468	12
469	12
470	12
471	12
472	12
473	13
474	13
475	11
476	11
477	11
478	11
479	11
480	11
481	11
482	11
483	11
484	2
485	2
486	11
487	11
488	11
489	11
490	11
491	11
492	11
493	11
494	11
495	11
496	11
497	11
498	2
499	11
500	11
501	11
502	2
503	11
504	11
505	11
506	6
507	2
508	2
509	2
510	6
511	2
512	2
513	6
514	2
515	2
516	2
517	6
518	6
519	6
520	2
521	2
522	8
523	8
524	8
525	8
526	5
527	5
528	8
529	8
530	8
531	8
532	8
533	8
534	8
535	8
536	8
537	8
538	5
539	5
540	5
541	5
542	5
543	5
544	5
545	5
546	5
547	5
548	5
549	5
550	5
551	5
552	5
553	5
554	5
555	5
556	5
557	5
558	5
559	2
560	2
561	2
562	2
563	2
564	2
565	5
566	5
567	5
568	5
569	5
570	12
571	12
572	12
573	12
574	12
575	12
576	12
577	12
578	12
579	12
580	12
581	5
582	5
583	5
584	5
585	5
586	5
587	2
588	2
589	2
590	2
591	2
592	2
593	2
594	2
595	2
596	11
597	2
598	11
599	2
600	2
601	2
602	2
603	5
604	5
605	5
606	5
607	5
608	5
609	5
610	5
611	5
612	5
613	5
614	5
615	5
616	5
617	2
618	2
619	2
620	11
621	11
622	11
623	11
624	11
625	11
626	11
627	11
628	2
629	2
630	2
631	2
632	2
633	2
634	11
635	2
636	2
637	2
638	11
639	5
640	5
641	5
642	5
643	5
644	5
645	5
646	5
647	5
648	5
649	5
650	5
651	5
652	5
653	5
654	5
655	5
656	5
657	7
658	7
659	7
660	7
661	3
662	3
663	3
664	3
665	3
666	3
667	3
668	3
669	3
670	2
671	2
672	11
673	11
674	11
675	2
676	11
677	11
678	11
679	11
680	3
681	3
682	3
683	3
684	3
685	3
686	3
687	3
688	3
689	3
690	3
691	3
692	3
693	3
694	3
695	3
696	3
697	2
698	11
699	11
700	2
701	2
702	11
703	2
704	11
705	11
706	11
707	2
708	2
709	11
710	2
711	2
712	2
713	2
714	3
715	3
716	2
717	2
718	2
719	2
720	11
721	2
722	2
723	2
724	2
725	2
726	2
727	2
728	2
729	2
730	2
731	2
732	13
733	13
734	13
735	13
736	13
737	7
738	12
739	12
740	7
741	12
742	12
743	7
744	7
745	13
746	13
747	13
748	13
749	13
750	13
751	13
752	13
753	13
754	13
755	13
756	13
757	13
758	13
759	13
760	13
761	13
762	13
763	13
764	13
765	13
766	7
767	12
768	7
769	12
770	13
771	13
772	7
773	7
774	7
775	12
776	7
777	7
778	7
779	7
780	7
781	7
782	7
783	7
784	12
785	2
786	7
787	7
788	7
789	7
790	7
791	2
792	2
793	2
794	2
795	2
796	2
797	2
798	2
799	2
800	2
801	7
802	7
803	7
804	7
805	2
806	2
807	2
808	7
809	7
810	7
811	4
812	4
813	4
814	4
815	4
816	4
817	4
818	4
819	4
820	4
821	4
822	4
823	4
824	4
825	4
826	4
827	10
828	10
829	4
830	4
831	4
832	4
833	4
834	4
835	4
836	4
837	4
838	4
839	4
840	4
841	4
842	4
843	4
844	4
845	4
846	4
847	4
848	10
849	10
850	4
851	10
852	4
853	4
854	4
855	4
856	4
857	10
858	5
859	5
860	5
861	5
862	5
863	5
864	5
865	5
866	5
867	5
868	5
869	5
870	5
871	4
872	4
873	4
874	4
875	4
876	4
877	4
878	4
879	4
880	10
881	4
882	4
883	4
884	4
885	4
886	4
887	4
888	4
889	4
890	4
891	10
892	4
893	4
894	4
895	4
896	4
897	4
898	4
899	10
900	10
901	4
902	4
903	4
904	4
905	4
906	4
907	4
908	4
909	4
910	10
911	4
912	10
913	10
914	4
915	4
916	4
917	4
918	4
919	4
920	4
921	4
922	4
923	10
924	10
925	4
926	4
927	4
928	4
929	4
930	4
931	4
932	4
933	10
934	10
935	4
936	4
937	4
938	4
939	10
940	10
941	4
942	4
943	10
944	10
945	10
946	4
947	4
948	4
949	4
950	10
951	4
952	4
953	10
954	10
955	10
956	10
957	4
958	4
959	4
960	10
961	10
962	4
963	4
964	4
965	4
966	10
967	10
968	10
969	4
970	4
971	4
972	4
973	4
974	4
975	4
976	4
977	4
978	10
979	10
980	10
981	10
982	9
983	4
984	4
985	7
986	7
987	7
988	7
989	7
990	7
991	7
992	7
993	7
994	7
995	7
996	7
997	7
998	7
999	7
1000	7
1001	7
1002	7
1003	7
1004	7
1005	7
1006	7
1007	9
1008	4
1009	7
1010	4
1011	4
1012	4
1013	4
1014	9
1015	9
1016	9
1017	4
1018	4
1019	4
1020	4
1021	9
1022	4
1023	4
1024	9
1025	9
1026	9
1027	4
1028	9
1029	4
1030	9
1031	4
1032	9
1033	9
1034	9
1035	9
1036	9
1037	9
1038	9
1039	4
1040	9
1041	4
1042	4
1043	9
1044	9
1045	9
1046	9
1047	9
1048	4
1049	4
1050	9
1051	4
1052	4
1053	9
1054	4
1055	9
1056	9
1057	4
1058	4
1059	9
1060	4
1061	4
1062	4
1063	9
1064	9
1065	9
1066	9
1067	9
1068	4
1069	9
1070	4
1071	9
1072	9
1073	9
1074	9
1075	5
1076	5
1077	5
1078	5
1079	5
1080	5
1081	5
1082	5
1083	5
1084	5
1085	5
1086	5
1087	11
1088	11
1089	11
1090	11
1091	11
1092	11
1093	11
1094	2
1095	2
1096	2
1097	2
1098	2
1099	2
1100	2
1101	2
1102	2
1103	2
1104	2
1105	2
1106	2
1107	6
1108	6
1109	6
1110	6
1111	6
1112	6
1113	6
1114	6
1115	6
1116	6
1117	6
1118	6
1119	6
1120	6
1121	6
1122	6
1123	6
1124	6
1125	6
1126	6
1127	6
1128	6
1129	6
1130	6
1131	6
1132	6
1133	6
1134	6
1135	6
1136	6
1137	6
1138	6
1139	6
1140	6
1141	6
1142	6
1143	6
1144	6
1145	6
1146	6
1147	6
1148	6
1149	6
1150	6
1151	6
1152	6
1153	6
1154	6
1155	6
1156	6
1157	6
1158	6
1159	6
1160	6
1161	6
1162	6
1163	6
1164	6
1165	6
1166	6
1167	6
1168	6
1169	4
1170	4
1171	4
1172	4
1173	4
1174	4
1175	4
1176	4
1177	4
1178	4
1179	4
1180	4
1181	4
1182	4
1183	4
1184	4
1185	4
1186	4
1187	4
1188	4
1189	4
1190	4
1191	4
1192	4
1193	4
1194	4
1195	9
1196	4
1197	4
1198	4
1199	4
1200	10
1201	10
1202	10
1203	10
1204	10
1205	10
1206	10
1207	10
1208	10
1209	10
1210	10
1211	10
1212	10
1213	10
1214	10
1215	10
1216	10
1217	10
1218	10
1219	10
1220	10
1221	10
1222	10
1223	10
1224	10
1225	10
1226	10
1227	10
1228	10
1229	10
1230	10
1231	10
1232	10
1233	10
1234	10
1235	10
1236	10
1237	10
1238	10
1239	10
1240	11
1241	11
1242	11
1243	2
1244	11
1245	11
1246	11
1247	11
1248	2
1249	2
1250	11
1251	2
1252	2
1253	13
1254	13
1255	13
1256	13
1257	13
1258	2
1259	2
1260	2
1261	2
1262	11
1263	11
1264	13
1265	13
1266	13
1267	13
1268	13
1269	13
1270	13
1271	13
1272	13
1273	13
1274	13
1275	13
1276	13
1277	13
1278	6
1279	6
1280	6
1281	2
1282	11
1283	11
1284	13
1285	13
1286	13
1287	13
1288	6
1289	6
1290	6
1291	6
1292	6
1293	6
1294	6
1295	6
1296	6
1297	6
1298	6
1299	6
1300	6
1301	6
1302	6
1303	5
1304	5
1305	5
1306	5
1307	5
1308	5
1309	5
1310	5
1311	5
1312	5
1313	5
1314	6
1315	6
1316	6
1317	6
1318	6
1319	6
1320	6
1321	6
1322	4
1323	6
1324	6
1325	6
1326	6
1327	6
1328	6
1329	6
1330	6
1331	6
1332	6
1333	6
1334	6
1335	4
1336	6
1337	6
1338	6
1339	4
1340	6
1341	6
1342	4
1343	4
1344	6
1345	6
1346	5
1347	5
1348	5
1349	5
1350	5
1351	5
1352	5
1353	5
1354	5
1355	5
1356	5
1357	5
1358	5
1359	5
1360	5
1361	5
1362	5
1363	10
1364	10
1365	10
1366	10
1367	10
1368	10
1369	10
1370	10
1371	10
1372	10
1373	10
1374	10
1375	10
1376	10
1377	10
1378	10
1379	10
1380	10
1381	6
1382	2
1383	2
1384	2
1385	2
1386	6
1387	2
1388	2
1389	2
1390	2
1391	2
1392	2
1393	2
1394	2
1395	2
1396	6
1397	13
1398	5
1399	13
1400	13
1401	13
1402	13
1403	13
1404	13
1405	5
1406	13
1407	13
1408	13
1409	13
1410	13
1411	13
1412	13
1413	13
1414	13
1415	13
1416	13
1417	13
1418	13
1419	13
1420	13
1421	13
1422	13
1423	13
1424	13
1425	13
1426	13
1427	13
1428	8
1429	8
1430	8
1431	8
1432	8
1433	8
1434	8
1435	8
1436	8
1437	8
1438	8
1439	8
1440	8
1441	9
1442	9
1443	9
1444	9
1445	9
1446	9
1447	9
1448	9
1449	9
1450	9
1451	9
1452	9
1453	9
1454	9
1455	8
1456	8
1457	8
1458	8
1459	8
1460	8
1461	8
1462	8
1463	8
1464	8
1465	2
1466	2
1467	2
1468	2
1469	11
1470	2
1471	2
1472	2
1473	11
1474	2
1475	2
1476	2
1477	2
1478	2
1479	2
1480	2
1481	2
1482	2
1483	2
1484	2
1485	2
1486	2
1487	11
1488	2
1489	9
1490	9
1491	9
1492	9
1493	9
1494	9
1495	9
1496	9
1497	9
1498	9
1499	9
1500	9
1501	13
1502	13
1503	13
1504	13
1505	13
1506	13
1507	13
1508	13
1509	13
1510	13
1511	13
1512	13
1513	13
1514	13
1515	13
1516	13
1517	13
1518	13
1519	13
1520	13
1521	13
1522	13
1523	13
1524	13
1525	13
1526	13
1527	13
1528	13
1529	12
1530	12
1531	12
1532	12
1533	12
1534	12
1535	12
1536	12
1537	12
1538	12
1539	12
1540	12
1541	12
1542	12
1543	12
1544	12
1545	12
1546	12
1547	12
1548	12
1549	12
1550	12
1551	12
1552	12
1553	10
1554	10
1555	10
1556	10
1557	10
1558	10
1559	10
1560	10
1561	10
1562	10
1563	10
1564	10
1565	10
1566	10
1567	12
1568	10
1569	10
1570	10
1571	10
1572	10
1573	10
1574	10
1575	10
1576	13
1577	13
1578	13
1579	13
1580	13
1581	13
1582	13
1583	13
1584	13
1585	13
1586	13
1587	13
1588	13
1589	13
1590	13
1591	13
1592	13
1593	5
1594	5
1595	5
1596	5
1597	5
1598	5
1599	5
1600	5
1601	5
1602	12
1603	12
1604	12
1605	12
1606	12
1607	12
1608	12
1609	12
1610	12
1611	12
1612	12
1613	12
1614	12
1615	12
1616	12
1617	12
1618	2
1619	2
1620	2
1621	2
1622	2
1623	2
1624	2
1625	2
1626	2
1627	2
1628	2
1629	9
1630	9
1631	9
1632	9
1633	9
1634	9
1635	9
1636	9
1637	9
1638	9
1639	9
1640	9
1641	9
1642	9
1643	9
1644	2
1645	2
1646	2
1647	2
1648	2
1649	9
1650	9
1651	9
1652	9
1653	9
1654	9
1655	9
1656	9
1658	9
1659	9
1660	9
1661	9
1662	9
1663	9
1664	9
1665	9
1666	9
1667	9
1668	9
1669	9
1670	9
1671	9
1672	9
1673	2
1674	9
1675	9
1676	9
1677	2
1678	11
1679	11
1680	11
1681	11
1682	11
1683	11
1684	11
1685	13
1686	13
1687	13
1688	13
1689	13
1690	13
1691	13
1692	13
1693	13
1694	13
1695	13
1696	13
1697	13
1698	13
1699	13
1700	13
1701	9
1702	13
1703	3
1704	3
1705	13
1706	9
1707	13
1708	9
1709	9
1710	9
1711	13
1712	9
1713	2
1714	2
1715	2
1716	2
1717	2
1718	2
1719	2
1720	2
1721	2
1722	2
1723	2
1724	2
1725	13
1726	9
1727	13
1728	2
1729	13
1730	13
1731	13
1732	13
1733	13
1734	13
1735	13
1736	9
1737	9
1738	9
1739	9
1740	9
1741	9
1742	3
1743	3
1744	3
1745	3
1746	3
1747	3
1748	3
1749	3
1750	3
1751	3
1752	3
1753	3
1754	3
1755	3
1756	3
1757	2
1758	2
1759	2
1760	2
1761	3
1762	3
1763	3
1764	3
1765	3
1766	3
1767	3
1768	3
1769	3
1770	3
1771	3
1772	3
1773	3
1774	2
1775	2
1776	2
1777	2
1778	2
1779	2
1780	2
1781	2
1782	2
1783	2
1784	2
1785	2
1786	2
1787	3
1788	3
1789	3
1790	3
1791	3
1792	3
1793	3
1794	3
1795	2
1796	2
1797	2
1798	2
1799	3
1800	3
1801	3
1802	3
1803	3
1804	3
1805	3
1806	3
1807	3
1808	3
1809	8
1810	3
1811	3
1812	3
1813	8
1814	3
1815	3
1816	8
1817	3
1818	3
1819	8
1820	3
1821	8
1822	3
1823	8
1824	8
1825	3
1826	3
1827	3
1828	3
1829	3
1830	11
1831	11
1832	11
1833	11
1834	11
1835	8
1836	8
1837	11
1838	8
1839	8
1840	10
1841	10
1842	10
1843	10
1844	10
1845	3
1846	8
1847	8
1848	8
1849	3
1850	8
1851	8
1852	8
1853	8
1854	3
1855	8
1856	3
1857	2
1858	2
1859	2
1860	2
1861	2
1862	2
1863	8
1864	8
1865	8
1866	8
1867	8
1868	8
1869	8
1870	8
1871	3
1872	7
1873	7
1874	11
1875	7
1876	7
1877	7
1878	7
1879	7
1880	11
1881	7
1882	7
1883	11
1884	11
1885	11
1886	11
1887	7
1888	7
1889	11
1890	7
1891	11
1892	11
1893	7
1894	7
1895	5
1896	5
1897	5
1898	6
1899	6
1900	6
1901	6
1902	6
1903	6
1904	5
1905	5
1906	5
1907	5
1908	5
1909	5
1910	5
1911	5
1912	5
1913	5
1914	5
1915	5
1916	6
1917	6
1918	6
1919	6
1920	6
1921	6
1922	6
1923	6
1924	5
1925	5
1926	5
1927	5
1928	5
1929	5
1930	5
1931	5
1932	5
1933	5
1934	5
1935	5
1936	5
1937	5
1938	5
1939	5
1940	5
1941	5
1942	5
1943	5
1944	5
1945	5
1946	5
1947	5
1948	5
1949	5
1950	5
1951	5
1952	5
1953	5
1954	5
1955	5
1956	5
1957	5
1958	5
1959	5
1960	5
1961	5
1962	5
1963	5
1964	5
1965	5
1966	5
1967	5
1968	5
1969	5
1970	5
1971	5
1972	5
1973	5
1974	5
1975	5
1976	12
1977	12
1978	12
1979	12
1980	12
1981	12
1982	12
1983	12
1984	12
1985	12
1986	12
1987	12
1988	12
1989	12
1990	12
1991	12
1992	12
1993	12
1994	12
1995	12
1996	12
1997	12
1998	12
1999	12
2000	12
2001	12
2002	12
2003	12
2004	12
2005	12
2006	12
2007	12
2008	12
2009	12
2010	12
2011	12
2012	12
2013	12
2014	12
2015	12
2016	12
2017	11
2018	2
2019	11
2020	11
2021	11
2022	11
2023	11
2024	7
2025	11
2026	11
2027	11
2028	11
2029	11
2030	7
2031	7
2032	7
2033	7
2034	7
2035	7
2036	7
2037	7
2038	2
2039	2
2040	2
2041	2
2042	2
2043	11
2044	11
2045	11
2046	7
2047	7
2048	2
2049	2
2050	11
2051	7
2052	7
2053	7
2054	7
2055	7
2056	7
2057	7
2058	12
2059	12
2060	12
2061	12
2062	12
2063	12
2064	12
2065	12
2066	12
2067	12
2068	11
2069	11
2070	11
2071	11
2072	11
2073	2
2074	11
2075	11
2076	11
2077	2
2078	2
2079	11
2080	2
2081	11
2082	11
2083	11
2084	11
2085	11
2086	11
2087	11
2088	11
2089	13
2090	13
2091	13
2092	13
2093	13
2094	13
2095	13
2096	13
2097	13
2098	13
2099	13
2100	13
2101	13
2102	13
2103	13
2104	13
2105	13
2106	13
2107	13
2108	13
2109	13
2110	13
2111	13
2112	13
2113	3
2114	8
2115	8
2116	8
2117	8
2118	3
2119	3
2120	8
2121	8
2122	3
2123	3
2124	11
2125	8
2126	8
2127	8
2128	8
2129	8
2130	3
2131	3
2132	8
2133	3
2134	3
2135	8
2136	3
2137	3
2138	3
2139	8
2140	8
2141	8
2142	3
2143	3
2144	3
2145	3
2146	3
2147	3
2148	8
2149	3
2150	8
2151	8
2152	8
2153	8
2154	8
2155	8
2156	3
2157	8
2158	8
2159	3
2160	8
2161	8
2162	8
2163	8
2164	3
2165	3
2166	3
2167	8
2168	8
2169	8
2170	8
2171	3
2172	8
2173	8
2174	3
2175	3
2176	3
2177	3
2178	8
2179	8
2180	3
2181	3
2182	8
2183	8
2184	8
2185	8
2186	8
2187	8
2188	3
2189	8
2190	8
2191	8
2192	8
2193	8
2194	3
2195	8
2196	3
2197	3
2198	8
2199	3
2200	8
2201	3
2202	3
2203	8
2204	8
2205	8
2206	8
2207	8
2208	8
2209	8
2210	8
2211	3
2212	3
2213	8
2214	8
2215	3
2216	3
2217	8
2218	8
2219	8
2220	8
2221	8
2222	3
2223	3
2224	8
2225	8
2226	8
2227	8
2228	3
2229	3
2230	3
2231	3
2232	8
2233	3
2234	3
2235	8
2236	3
2237	3
2238	3
2239	8
2240	8
2241	3
2242	3
2243	3
2244	3
2245	3
2246	8
2247	3
2248	3
2249	8
2250	8
2251	8
2252	8
2253	3
2254	3
2255	3
2256	3
2257	8
2258	8
2259	8
2260	8
2261	3
2262	3
2263	8
2264	8
2265	8
2266	3
2267	8
2268	8
2269	3
2270	3
2271	3
2272	8
2273	3
2274	8
2275	8
2276	8
2277	3
2278	3
2279	3
2280	8
2281	8
2282	8
2283	8
2284	11
2285	11
2286	3
2287	3
2288	8
2289	8
2290	8
2291	8
2292	8
2293	8
2294	8
2295	8
2296	8
2297	3
2298	3
2299	3
2300	3
2301	8
2302	3
2303	8
2304	8
2305	8
2306	8
2307	3
2308	8
2309	11
2310	11
2311	11
2312	4
2313	4
2314	4
2315	4
2316	4
2317	4
2318	4
2319	4
2320	4
2321	4
2322	4
2323	4
2324	4
2325	4
2326	4
2327	4
2328	4
2329	4
2330	5
2331	5
2332	5
2333	5
2334	5
2335	5
2336	5
2337	5
2338	5
2339	5
2340	5
2341	5
2342	5
2343	5
2344	5
2345	5
2346	9
2347	9
2348	9
2349	9
2350	9
2351	9
2352	9
2353	9
2354	9
2355	9
2356	9
2357	9
2358	9
2359	9
2360	9
2361	9
2362	9
2363	9
2364	9
2365	9
2366	12
2367	12
2368	12
2369	12
2370	12
2371	12
2372	12
2373	12
2374	12
2375	12
2376	12
2377	12
2378	12
2379	12
2380	12
2381	12
2382	12
2383	12
2384	12
2385	12
2386	12
2387	12
2388	12
2389	12
2390	12
2391	12
2392	12
2393	12
2394	12
2395	12
2396	12
2397	12
2398	12
2399	12
2400	12
2401	12
2402	12
2403	12
2404	12
2405	12
2406	12
2407	12
2408	12
2409	12
2410	12
2411	12
2412	12
2413	12
2414	12
2415	10
2416	10
2417	10
2418	10
2419	1
2420	1
2421	1
2422	1
2423	1
2424	1
2425	10
2426	1
2427	1
2428	1
2429	1
2430	1
2431	1
2432	1
2433	1
2434	1
2435	10
2436	1
2437	1
2438	1
2439	1
2440	1
2441	1
2442	1
2443	1
2444	1
2445	1
2446	1
2447	1
2448	1
2449	10
2450	10
2451	1
2452	10
2453	10
2454	10
2455	10
2456	10
2457	10
2458	10
2459	10
2460	1
2461	1
2462	10
2463	10
2464	10
2465	1
2466	1
2467	10
2468	10
2469	10
2470	10
2471	10
2472	10
2473	1
2474	1
2475	10
2476	10
2477	10
2478	10
2479	10
2480	10
2481	10
2482	10
2483	10
2484	10
2485	10
2486	10
2487	10
2488	10
2489	10
2490	10
2491	10
2492	10
2493	10
2494	10
2495	10
2496	1
2497	1
2498	1
2499	1
2500	10
2501	10
2502	1
2503	1
2504	1
2505	1
2506	1
2507	1
2508	1
2509	1
2510	1
2511	1
2512	1
2513	1
2514	1
2515	1
2516	1
2517	1
2518	1
2519	1
2520	1
2521	1
2522	1
2523	1
2524	1
2525	1
2526	10
2527	1
2528	1
2529	1
2530	1
2531	1
2532	1
2533	1
2534	1
2535	1
2536	1
2537	1
2538	1
2539	1
2540	1
2541	1
2542	1
2543	1
2544	1
2545	1
2546	1
2547	1
2548	1
2549	1
2550	1
2551	1
2552	1
2553	1
2554	1
2555	1
2556	1
2557	1
2558	1
2559	1
2560	1
2561	1
2562	1
2563	1
2564	1
2565	1
2566	1
2567	1
2568	1
2569	1
2570	1
2571	1
2572	1
2573	1
2574	1
2575	1
2576	1
2577	1
2578	1
2579	1
2580	1
2581	1
2582	1
2583	1
2584	1
2585	1
2586	10
2587	1
2588	1
2589	1
2590	1
2591	1
2592	1
2593	1
2594	10
2595	10
2596	10
2597	10
2598	10
2599	10
2600	1
2601	1
2602	1
2603	1
2604	1
2605	1
2606	11
2607	11
2608	11
2609	11
2610	11
2611	11
2612	11
2613	11
2614	11
2615	11
2616	11
2617	11
2618	11
2619	11
2620	11
2621	11
2622	11
2623	11
2624	11
2625	11
2626	11
2627	11
2628	11
2629	11
2630	11
2631	11
2632	11
2633	11
2634	11
2635	11
2636	11
2637	11
2638	11
2639	11
2640	7
2641	7
2642	7
2643	7
2644	7
2645	7
2646	7
2647	7
2648	7
2649	7
2650	7
2651	7
2652	7
2653	7
2654	7
2655	7
2656	7
2657	7
2658	7
2659	7
2660	7
2661	7
2662	7
2663	7
2664	7
2665	7
2666	7
2667	7
2668	7
2669	7
2670	7
2671	7
2672	7
2673	7
2674	7
2675	7
2676	7
2677	7
2678	7
2679	7
2680	7
2681	7
2682	7
2683	7
2684	7
2685	7
2686	7
2687	7
2688	5
2689	5
2690	5
2691	5
315	9
1657	9
