0	7
1	7
2	7
3	7
4	7
5	7
6	7
7	2
8	2
9	2
10	2
11	6
12	2
13	2
14	2
15	2
16	6
17	6
18	7
19	7
20	7
21	5
22	5
23	5
24	5
25	5
26	5
27	5
28	5
29	9
30	9
31	9
32	9
33	9
34	9
35	9
36	9
37	9
38	9
39	9
40	9
41	9
42	9
43	9
44	9
45	9
46	9
47	9
48	9
49	9
50	9
51	9
52	9
53	8
54	8
55	8
56	8
57	8
58	9
59	9
60	9
61	9
62	9
63	9
64	9
65	8
66	8
67	8
68	8
69	8
70	8
71	5
72	5
73	5
74	5
75	9
76	9
77	9
78	9
79	9
80	9
81	9
82	9
83	4
84	4
85	4
86	4
87	4
88	4
89	4
90	4
91	4
92	4
93	4
94	4
95	4
96	6
97	2
98	6
99	6
100	2
101	2
102	2
103	2
104	2
105	2
106	2
107	2
108	2
109	2
110	2
111	6
112	6
113	6
114	2
115	2
116	2
117	6
118	2
119	6
120	2
121	2
122	2
123	2
124	6
125	6
126	6
127	2
128	6
129	10
130	10
131	10
132	10
133	10
134	10
135	10
136	10
137	10
138	10
139	10
140	10
141	10
142	10
143	10
144	10
145	10
146	10
147	10
148	10
149	10
150	10
151	10
152	10
153	10
154	10
155	10
156	10
157	10
158	10
159	10
160	10
161	10
162	10
163	10
164	10
165	10
166	10
167	10
168	10
169	10
170	10
171	10
172	10
173	10
174	10
175	10
176	10
177	10
178	10
179	10
180	10
181	10
182	10
183	9
184	9
185	9
186	9
187	9
188	9
189	9
190	9
191	9
192	9
193	9
194	9
195	9
196	9
197	9
198	9
199	9
200	9
201	9
202	9
203	9
204	9
205	9
206	9
207	9
208	8
209	5
210	8
211	5
212	8
213	8
214	5
215	8
216	8
217	8
218	8
219	5
220	8
221	8
222	8
223	8
224	8
225	8
226	5
227	5
228	5
229	5
230	5
231	5
232	5
233	5
234	5
235	5
236	8
237	8
238	8
239	8
240	8
241	5
242	5
243	5
244	8
245	8
246	5
247	5
248	9
249	9
250	9
251	9
252	9
253	9
254	9
255	9
256	9
257	9
258	9
259	9
260	9
261	12
262	12
263	12
264	12
265	12
266	12
267	12
268	5
269	5
270	12
271	12
272	12
273	12
274	12
275	12
276	12
277	12
278	5
279	5
280	5
281	5
282	5
283	5
284	5
285	5
286	12
287	5
288	5
289	12
290	5
291	5
292	5
293	5
294	12
295	5
296	12
297	12
298	5
299	5
300	12
301	12
302	9
303	9
304	9
305	9
306	13
307	11
308	13
309	13
310	13
311	13
312	13
313	13
314	13
316	1
317	1
318	1
319	1
320	1
321	1
322	1
323	1
324	1
325	1
326	1
327	1
328	1
329	1
330	1
331	13
332	13
333	13
334	13
335	13
336	13
337	1
338	1
339	1
340	13
341	13
342	13
343	13
344	11
345	11
346	13
347	13
348	13
349	13
350	13
351	11
352	13
353	13
354	11
355	11
356	10
357	10
358	10
359	10
360	10
361	10
362	10
363	10
364	10
365	10
366	10
367	10
368	10
369	13
370	11
371	11
372	13
373	13
374	13
375	11
376	13
377	13
378	11
379	11
380	13
381	11
382	11
383	13
384	13
385	13
386	13
387	13
388	13
389	1
390	1
391	1
392	1
393	1
394	13
395	11
396	13
397	13
398	1
399	1
400	1
401	1
402	1
403	8
404	8
405	8
406	8
407	8
408	8
409	7
410	7
411	7
412	7
413	7
414	7
415	7
416	7
417	7
418	7
419	7
420	7
421	7
422	7
423	7
424	7
425	10
426	10
427	10
428	10
429	10
430	10
431	10
432	10
433	7
434	7
435	7
436	7
437	7
438	7
439	7
440	7
441	7
442	7
443	7
444	7
445	7
446	10
447	10
448	10
449	10
450	10
451	7
452	7
453	7
454	10
455	10
456	10
457	7
458	7
459	7
460	7
461	7
462	7
463	10
464	10
465	10
466	10
467	10
468	10
469	10
470	10
471	10
472	10
473	7
474	7
475	12
476	12
477	5
478	5
479	5
480	5
481	5
482	5
483	5
484	8
485	8
486	5
487	5
488	5
489	12
490	12
491	12
492	12
493	12
494	12
495	5
496	5
497	5
498	8
499	5
500	5
501	5
502	8
503	5
504	5
505	5
506	8
507	8
508	8
509	8
510	8
511	8
512	8
513	8
514	8
515	8
516	8
517	8
518	8
519	8
520	8
521	8
522	4
523	4
524	4
525	4
526	7
527	9
528	4
529	4
530	4
531	4
532	4
533	4
534	4
535	4
536	4
537	4
538	9
539	9
540	9
541	9
542	7
543	9
544	9
545	9
546	9
547	7
548	9
549	9
550	9
551	9
552	9
553	9
554	9
555	9
556	9
557	9
558	9
559	5
560	5
561	5
562	5
563	5
564	5
565	9
566	9
567	9
568	9
569	9
570	4
571	4
572	4
573	4
574	4
575	4
576	4
577	4
578	4
579	4
580	4
581	9
582	9
583	7
584	7
585	9
586	9
587	5
588	5
589	5
590	5
591	5
592	5
593	5
594	5
595	5
596	5
597	5
598	5
599	5
600	5
601	5
602	5
603	9
604	9
605	9
606	9
607	9
608	9
609	9
610	9
611	9
612	9
613	9
614	9
615	9
616	9
617	5
618	5
619	5
620	5
621	5
622	5
623	5
624	5
625	5
626	5
627	5
628	5
629	5
630	5
631	5
632	5
633	5
634	5
635	5
636	5
637	5
638	5
639	9
640	9
641	9
642	9
643	9
644	9
645	9
646	9
647	9
648	9
649	9
650	9
651	9
652	9
653	9
654	9
655	9
656	9
657	12
658	12
659	12
660	12
661	7
662	7
663	7
664	7
665	7
666	7
667	3
668	7
669	7
670	5
671	5
672	5
673	5
674	5
675	5
676	5
677	5
678	5
679	5
680	3
681	3
682	3
683	7
684	7
685	7
686	3
687	7
688	7
689	3
690	7
691	3
692	3
693	3
694	3
695	3
696	7
697	5
698	5
699	5
700	5
701	5
702	5
703	5
704	5
705	5
706	10
707	5
708	5
709	5
710	5
711	5
712	5
713	5
714	7
715	3
716	12
717	12
718	5
719	5
720	5
721	12
722	12
723	12
724	12
725	12
726	12
727	12
728	12
729	12
730	12
731	12
732	1
733	1
734	1
735	1
736	1
737	12
738	12
739	12
740	12
741	12
742	12
743	12
744	12
745	1
746	1
747	1
748	1
749	1
750	1
751	1
752	1
753	1
754	1
755	1
756	1
757	1
758	1
759	1
760	1
761	1
762	1
763	1
764	1
765	1
766	12
767	12
768	12
769	12
770	1
771	1
772	12
773	12
774	12
775	12
776	12
777	12
778	12
779	12
780	12
781	12
782	12
783	12
784	12
785	8
786	12
787	12
788	12
789	12
790	12
791	8
792	8
793	8
794	8
795	8
796	8
797	8
798	8
799	8
800	8
801	12
802	12
803	12
804	12
805	8
806	8
807	8
808	12
809	12
810	12
811	1
812	6
813	1
814	1
815	1
816	1
817	1
818	6
819	6
820	6
821	1
822	1
823	6
824	1
825	1
826	1
827	6
828	1
829	6
830	1
831	1
832	1
833	1
834	1
835	1
836	1
837	1
838	1
839	1
840	1
841	1
842	1
843	6
844	6
845	1
846	6
847	6
848	6
849	6
850	6
851	6
852	1
853	1
854	6
855	1
856	6
857	6
858	9
859	9
860	9
861	9
862	9
863	9
864	9
865	9
866	9
867	9
868	9
869	9
870	9
871	1
872	1
873	1
874	1
875	6
876	1
877	1
878	1
879	1
880	6
881	1
882	1
883	1
884	1
885	1
886	1
887	6
888	6
889	1
890	6
891	6
892	6
893	1
894	1
895	1
896	1
897	1
898	6
899	6
900	6
901	6
902	1
903	1
904	1
905	1
906	1
907	6
908	6
909	1
910	6
911	6
912	6
913	6
914	1
915	1
916	1
917	1
918	1
919	1
920	6
921	6
922	6
923	6
924	6
925	1
926	1
927	1
928	1
929	1
930	6
931	6
932	6
933	6
934	1
935	1
936	1
937	1
938	6
939	6
940	6
941	1
942	6
943	6
944	6
945	6
946	1
947	6
948	6
949	6
950	6
951	6
952	6
953	1
954	6
955	6
956	6
957	1
958	1
959	1
960	6
961	6
962	6
963	1
964	1
965	1
966	6
967	1
968	6
969	1
970	1
971	1
972	6
973	6
974	6
975	6
976	6
977	6
978	1
979	6
980	1
981	1
982	1
983	1
984	6
985	10
986	10
987	10
988	10
989	10
990	10
991	10
992	10
993	10
994	10
995	10
996	10
997	10
998	10
999	10
1000	10
1001	10
1002	10
1003	10
1004	10
1005	10
1006	10
1007	1
1008	6
1009	10
1010	6
1011	1
1012	6
1013	6
1014	1
1015	1
1016	1
1017	6
1018	6
1019	1
1020	1
1021	1
1022	1
1023	1
1024	1
1025	1
1026	1
1027	6
1028	1
1029	1
1030	1
1031	1
1032	1
1033	1
1034	1
1035	1
1036	1
1037	6
1038	1
1039	6
1040	1
1041	1
1042	6
1043	1
1044	1
1045	1
1046	1
1047	1
1048	6
1049	1
1050	1
1051	6
1052	6
1053	1
1054	1
1055	1
1056	6
1057	6
1058	6
1059	1
1060	1
1061	6
1062	6
1063	1
1064	1
1065	6
1066	6
1067	6
1068	6
1069	1
1070	6
1071	1
1072	1
1073	1
1074	1
1075	9
1076	9
1077	9
1078	9
1079	9
1080	9
1081	9
1082	9
1083	9
1084	9
1085	9
1086	9
1087	12
1088	12
1089	12
1090	12
1091	12
1092	12
1093	12
1094	5
1095	5
1096	5
1097	5
1098	5
1099	5
1100	5
1101	5
1102	5
1103	5
1104	5
1105	5
1106	5
1107	13
1108	13
1109	13
1110	13
1111	13
1112	13
1113	13
1114	13
1115	13
1116	13
1117	13
1118	13
1119	13
1120	13
1121	13
1122	13
1123	13
1124	13
1125	13
1126	13
1127	13
1128	13
1129	13
1130	13
1131	13
1132	13
1133	13
1134	13
1135	13
1136	13
1137	13
1138	13
1139	13
1140	13
1141	13
1142	13
1143	13
1144	13
1145	13
1146	13
1147	13
1148	13
1149	13
1150	13
1151	13
1152	13
1153	13
1154	8
1155	8
1156	8
1157	8
1158	8
1159	8
1160	8
1161	8
1162	8
1163	8
1164	8
1165	8
1166	8
1167	8
1168	8
1169	1
1170	6
1171	6
1172	6
1173	6
1174	1
1175	6
1176	1
1177	6
1178	1
1179	1
1180	6
1181	1
1182	1
1183	6
1184	6
1185	6
1186	1
1187	1
1188	1
1189	1
1190	6
1191	6
1192	6
1193	1
1194	6
1195	1
1196	6
1197	1
1198	6
1199	1
1200	13
1201	13
1202	13
1203	13
1204	6
1205	13
1206	13
1207	13
1208	6
1209	13
1210	13
1211	6
1212	6
1213	6
1214	13
1215	13
1216	13
1217	6
1218	13
1219	13
1220	13
1221	13
1222	13
1223	13
1224	6
1225	13
1226	13
1227	6
1228	6
1229	13
1230	6
1231	13
1232	13
1233	13
1234	13
1235	6
1236	13
1237	13
1238	13
1239	6
1240	5
1241	5
1242	5
1243	5
1244	5
1245	5
1246	5
1247	5
1248	5
1249	5
1250	5
1251	5
1252	5
1253	9
1254	9
1255	9
1256	9
1257	9
1258	5
1259	5
1260	5
1261	5
1262	5
1263	5
1264	9
1265	9
1266	9
1267	9
1268	9
1269	7
1270	9
1271	9
1272	9
1273	9
1274	7
1275	7
1276	9
1277	7
1278	8
1279	8
1280	8
1281	5
1282	5
1283	5
1284	7
1285	9
1286	9
1287	7
1288	8
1289	8
1290	8
1291	8
1292	8
1293	8
1294	8
1295	8
1296	8
1297	8
1298	8
1299	8
1300	8
1301	8
1302	8
1303	9
1304	9
1305	9
1306	9
1307	9
1308	9
1309	9
1310	9
1311	9
1312	9
1313	9
1314	13
1315	13
1316	13
1317	13
1318	13
1319	13
1320	13
1321	13
1322	13
1323	13
1324	13
1325	13
1326	13
1327	13
1328	13
1329	13
1330	13
1331	13
1332	13
1333	13
1334	13
1335	13
1336	13
1337	13
1338	13
1339	13
1340	13
1341	13
1342	13
1343	13
1344	13
1345	13
1346	7
1347	7
1348	7
1349	7
1350	7
1351	7
1352	7
1353	7
1354	7
1355	7
1356	7
1357	7
1358	7
1359	7
1360	7
1361	7
1362	7
1363	13
1364	13
1365	13
1366	13
1367	13
1368	13
1369	13
1370	13
1371	13
1372	13
1373	13
1374	13
1375	13
1376	13
1377	13
1378	13
1379	13
1380	13
1381	8
1382	8
1383	8
1384	8
1385	8
1386	8
1387	8
1388	8
1389	8
1390	8
1391	8
1392	8
1393	8
1394	8
1395	8
1396	8
1397	7
1398	7
1399	7
1400	7
1401	7
1402	7
1403	7
1404	7
1405	7
1406	7
1407	7
1408	7
1409	7
1410	7
1411	7
1412	7
1413	7
1414	7
1415	7
1416	7
1417	7
1418	7
1419	7
1420	7
1421	7
1422	7
1423	7
1424	7
1425	7
1426	7
1427	7
1428	4
1429	4
1430	4
1431	4
1432	4
1433	4
1434	4
1435	4
1436	4
1437	4
1438	4
1439	4
1440	4
1441	6
1442	6
1443	6
1444	6
1445	6
1446	6
1447	6
1448	6
1449	6
1450	6
1451	6
1452	6
1453	6
1454	6
1455	4
1456	4
1457	4
1458	4
1459	4
1460	4
1461	4
1462	4
1463	4
1464	4
1465	8
1466	8
1467	8
1468	8
1469	8
1470	8
1471	8
1472	8
1473	8
1474	8
1475	8
1476	8
1477	8
1478	8
1479	8
1480	8
1481	8
1482	8
1483	8
1484	8
1485	8
1486	8
1487	8
1488	8
1489	1
1490	1
1491	1
1492	1
1493	1
1494	1
1495	1
1496	1
1497	1
1498	1
1499	1
1500	1
1501	3
1502	7
1503	7
1504	7
1505	7
1506	3
1507	7
1508	7
1509	7
1510	3
1511	7
1512	7
1513	7
1514	3
1515	3
1516	7
1517	7
1518	7
1519	7
1520	3
1521	7
1522	7
1523	7
1524	7
1525	7
1526	7
1527	3
1528	3
1529	12
1530	12
1531	10
1532	10
1533	12
1534	10
1535	10
1536	10
1537	12
1538	10
1539	10
1540	10
1541	10
1542	12
1543	12
1544	12
1545	12
1546	12
1547	12
1548	10
1549	10
1550	12
1551	12
1552	4
1553	4
1554	6
1555	6
1556	6
1557	6
1558	4
1559	4
1560	4
1561	4
1562	4
1563	4
1564	4
1565	4
1566	6
1567	4
1568	4
1569	4
1570	4
1571	4
1572	4
1573	4
1574	4
1575	4
1576	1
1577	1
1578	1
1579	1
1580	1
1581	1
1582	1
1583	1
1584	1
1585	1
1586	1
1587	1
1588	1
1589	1
1590	1
1591	1
1592	1
1593	9
1594	9
1595	9
1596	9
1597	9
1598	9
1599	9
1600	9
1601	9
1602	4
1603	4
1604	4
1605	4
1606	4
1607	4
1608	4
1609	4
1610	4
1611	4
1612	4
1613	4
1614	4
1615	4
1616	4
1617	4
1618	8
1619	8
1620	5
1621	5
1622	5
1623	5
1624	5
1625	5
1626	5
1627	5
1628	5
1629	6
1630	6
1631	6
1632	6
1633	6
1634	6
1635	6
1636	6
1637	6
1638	6
1639	6
1640	6
1641	6
1642	6
1643	6
1644	5
1645	5
1646	5
1647	5
1648	5
1649	6
1650	6
1651	6
1652	6
1653	6
1654	6
1655	6
1656	6
1658	6
1659	6
1660	6
1661	6
1662	6
1663	6
1664	6
1665	6
1666	6
1667	6
1668	6
1669	6
1670	6
1671	6
1672	6
1673	5
1674	6
1675	6
1676	6
1677	5
1678	5
1679	5
1680	5
1681	12
1682	5
1683	5
1684	5
1685	7
1686	7
1687	7
1688	7
1689	7
1690	7
1691	7
1692	7
1693	7
1694	7
1695	7
1696	7
1697	7
1698	7
1699	7
1700	7
1701	7
1702	7
1703	2
1704	2
1705	7
1706	7
1707	7
1708	7
1709	7
1710	7
1711	7
1712	7
1713	5
1714	5
1715	5
1716	5
1717	5
1718	5
1719	5
1720	5
1721	5
1722	5
1723	5
1724	5
1725	7
1726	7
1727	7
1728	5
1729	7
1730	7
1731	7
1732	7
1733	7
1734	7
1735	7
1736	7
1737	7
1738	7
1739	7
1740	7
1741	7
1742	3
1743	3
1744	3
1745	3
1746	3
1747	3
1748	3
1749	3
1750	3
1751	3
1752	3
1753	3
1754	3
1755	3
1756	3
1757	5
1758	5
1759	5
1760	8
1761	3
1762	3
1763	3
1764	3
1765	3
1766	3
1767	3
1768	3
1769	3
1770	3
1771	3
1772	3
1773	3
1774	5
1775	5
1776	8
1777	5
1778	5
1779	5
1780	5
1781	5
1782	5
1783	8
1784	8
1785	5
1786	5
1787	3
1788	3
1789	3
1790	3
1791	3
1792	3
1793	3
1794	3
1795	5
1796	5
1797	5
1798	5
1799	3
1800	3
1801	3
1802	3
1803	3
1804	3
1805	3
1806	3
1807	3
1808	3
1809	2
1810	2
1811	2
1812	2
1813	2
1814	2
1815	2
1816	2
1817	2
1818	2
1819	2
1820	2
1821	2
1822	2
1823	2
1824	2
1825	2
1826	2
1827	2
1828	2
1829	2
1830	5
1831	5
1832	5
1833	5
1834	5
1835	2
1836	2
1837	5
1838	2
1839	2
1840	6
1841	6
1842	6
1843	6
1844	6
1845	2
1846	2
1847	2
1848	2
1849	2
1850	2
1851	2
1852	2
1853	2
1854	2
1855	2
1856	2
1857	5
1858	5
1859	5
1860	5
1861	5
1862	5
1863	2
1864	2
1865	2
1866	2
1867	2
1868	2
1869	2
1870	2
1871	2
1872	12
1873	12
1874	12
1875	12
1876	12
1877	12
1878	12
1879	12
1880	5
1881	12
1882	12
1883	12
1884	12
1885	12
1886	12
1887	12
1888	12
1889	5
1890	12
1891	12
1892	12
1893	12
1894	12
1895	9
1896	9
1897	9
1898	8
1899	8
1900	8
1901	8
1902	8
1903	8
1904	9
1905	9
1906	9
1907	9
1908	9
1909	9
1910	9
1911	9
1912	9
1913	9
1914	9
1915	9
1916	8
1917	8
1918	8
1919	8
1920	8
1921	8
1922	8
1923	8
1924	9
1925	9
1926	9
1927	9
1928	7
1929	9
1930	9
1931	9
1932	9
1933	9
1934	9
1935	9
1936	9
1937	9
1938	9
1939	9
1940	9
1941	9
1942	9
1943	9
1944	9
1945	9
1946	9
1947	9
1948	9
1949	9
1950	9
1951	9
1952	9
1953	9
1954	9
1955	9
1956	9
1957	9
1958	9
1959	9
1960	9
1961	9
1962	9
1963	9
1964	9
1965	9
1966	9
1967	9
1968	9
1969	9
1970	9
1971	9
1972	9
1973	9
1974	9
1975	9
1976	4
1977	4
1978	4
1979	10
1980	4
1981	10
1982	10
1983	4
1984	4
1985	10
1986	10
1987	4
1988	4
1989	4
1990	4
1991	10
1992	4
1993	4
1994	4
1995	10
1996	4
1997	4
1998	4
1999	4
2000	4
2001	4
2002	4
2003	4
2004	4
2005	4
2006	4
2007	4
2008	4
2009	4
2010	4
2011	4
2012	10
2013	4
2014	4
2015	4
2016	4
2017	12
2018	12
2019	12
2020	12
2021	12
2022	12
2023	12
2024	12
2025	12
2026	12
2027	12
2028	12
2029	12
2030	12
2031	12
2032	12
2033	12
2034	12
2035	12
2036	12
2037	12
2038	5
2039	5
2040	5
2041	5
2042	5
2043	12
2044	12
2045	12
2046	12
2047	12
2048	5
2049	5
2050	12
2051	12
2052	12
2053	12
2054	12
2055	12
2056	12
2057	12
2058	4
2059	4
2060	4
2061	4
2062	4
2063	4
2064	4
2065	4
2066	4
2067	4
2068	5
2069	12
2070	12
2071	5
2072	5
2073	5
2074	5
2075	12
2076	5
2077	5
2078	5
2079	5
2080	5
2081	12
2082	5
2083	5
2084	12
2085	12
2086	12
2087	5
2088	5
2089	1
2090	1
2091	1
2092	1
2093	1
2094	1
2095	1
2096	7
2097	7
2098	7
2099	7
2100	7
2101	7
2102	7
2103	7
2104	7
2105	7
2106	7
2107	7
2108	7
2109	7
2110	7
2111	7
2112	7
2113	3
2114	2
2115	2
2116	2
2117	2
2118	3
2119	3
2120	2
2121	2
2122	3
2123	3
2124	12
2125	2
2126	2
2127	2
2128	2
2129	2
2130	3
2131	3
2132	3
2133	3
2134	3
2135	3
2136	3
2137	3
2138	3
2139	2
2140	2
2141	3
2142	3
2143	3
2144	3
2145	3
2146	3
2147	3
2148	2
2149	3
2150	2
2151	2
2152	2
2153	2
2154	3
2155	3
2156	3
2157	3
2158	2
2159	3
2160	2
2161	2
2162	2
2163	2
2164	2
2165	2
2166	3
2167	2
2168	2
2169	3
2170	3
2171	3
2172	3
2173	2
2174	3
2175	3
2176	3
2177	3
2178	2
2179	2
2180	2
2181	2
2182	2
2183	2
2184	2
2185	2
2186	2
2187	2
2188	3
2189	2
2190	2
2191	3
2192	2
2193	3
2194	3
2195	3
2196	3
2197	3
2198	3
2199	3
2200	3
2201	3
2202	3
2203	3
2204	2
2205	2
2206	2
2207	2
2208	2
2209	2
2210	2
2211	3
2212	3
2213	2
2214	2
2215	3
2216	3
2217	2
2218	3
2219	3
2220	3
2221	2
2222	3
2223	3
2224	2
2225	3
2226	3
2227	3
2228	3
2229	3
2230	2
2231	2
2232	2
2233	3
2234	3
2235	3
2236	3
2237	3
2238	3
2239	2
2240	2
2241	3
2242	3
2243	3
2244	3
2245	3
2246	2
2247	2
2248	2
2249	2
2250	2
2251	2
2252	3
2253	3
2254	3
2255	3
2256	2
2257	3
2258	2
2259	2
2260	2
2261	2
2262	2
2263	3
2264	2
2265	2
2266	3
2267	2
2268	2
2269	3
2270	3
2271	3
2272	3
2273	3
2274	3
2275	2
2276	2
2277	3
2278	3
2279	3
2280	3
2281	3
2282	2
2283	2
2284	12
2285	12
2286	3
2287	3
2288	3
2289	3
2290	3
2291	3
2292	3
2293	2
2294	2
2295	2
2296	2
2297	3
2298	3
2299	3
2300	3
2301	3
2302	3
2303	2
2304	2
2305	3
2306	3
2307	3
2308	3
2309	12
2310	12
2311	12
2312	13
2313	13
2314	13
2315	13
2316	13
2317	13
2318	13
2319	13
2320	13
2321	13
2322	13
2323	13
2324	13
2325	13
2326	13
2327	13
2328	13
2329	13
2330	9
2331	9
2332	9
2333	9
2334	9
2335	9
2336	9
2337	9
2338	9
2339	9
2340	9
2341	9
2342	9
2343	9
2344	9
2345	9
2346	1
2347	1
2348	1
2349	1
2350	1
2351	1
2352	1
2353	1
2354	1
2355	1
2356	1
2357	1
2358	1
2359	1
2360	1
2361	1
2362	1
2363	1
2364	1
2365	1
2366	4
2367	4
2368	4
2369	4
2370	4
2371	4
2372	4
2373	4
2374	4
2375	4
2376	4
2377	4
2378	4
2379	4
2380	4
2381	4
2382	4
2383	4
2384	4
2385	4
2386	4
2387	4
2388	4
2389	4
2390	4
2391	4
2392	4
2393	4
2394	4
2395	4
2396	4
2397	4
2398	4
2399	4
2400	4
2401	4
2402	4
2403	4
2404	4
2405	4
2406	4
2407	4
2408	4
2409	4
2410	4
2411	4
2412	4
2413	4
2414	4
2415	11
2416	11
2417	11
2418	11
2419	8
2420	8
2421	11
2422	11
2423	11
2424	11
2425	11
2426	11
2427	8
2428	8
2429	8
2430	8
2431	11
2432	11
2433	11
2434	11
2435	11
2436	11
2437	11
2438	8
2439	8
2440	11
2441	11
2442	11
2443	11
2444	11
2445	11
2446	11
2447	11
2448	11
2449	11
2450	11
2451	11
2452	11
2453	11
2454	11
2455	11
2456	11
2457	11
2458	11
2459	11
2460	11
2461	11
2462	11
2463	11
2464	11
2465	11
2466	11
2467	11
2468	11
2469	11
2470	11
2471	11
2472	11
2473	11
2474	11
2475	11
2476	11
2477	11
2478	11
2479	11
2480	11
2481	11
2482	11
2483	11
2484	11
2485	11
2486	11
2487	11
2488	11
2489	11
2490	11
2491	11
2492	11
2493	11
2494	11
2495	11
2496	8
2497	8
2498	11
2499	11
2500	11
2501	11
2502	11
2503	11
2504	11
2505	11
2506	11
2507	11
2508	11
2509	8
2510	11
2511	11
2512	11
2513	8
2514	11
2515	11
2516	11
2517	11
2518	11
2519	11
2520	11
2521	11
2522	11
2523	8
2524	11
2525	8
2526	11
2527	11
2528	11
2529	8
2530	8
2531	8
2532	8
2533	8
2534	8
2535	8
2536	8
2537	8
2538	8
2539	11
2540	8
2541	11
2542	8
2543	11
2544	11
2545	11
2546	11
2547	11
2548	11
2549	11
2550	11
2551	11
2552	8
2553	8
2554	11
2555	11
2556	11
2557	11
2558	11
2559	11
2560	11
2561	11
2562	8
2563	8
2564	11
2565	8
2566	11
2567	11
2568	8
2569	8
2570	8
2571	11
2572	11
2573	11
2574	8
2575	11
2576	11
2577	11
2578	11
2579	11
2580	11
2581	8
2582	11
2583	11
2584	11
2585	11
2586	11
2587	8
2588	8
2589	8
2590	8
2591	8
2592	8
2593	8
2594	11
2595	11
2596	11
2597	11
2598	11
2599	11
2600	11
2601	11
2602	11
2603	11
2604	8
2605	8
2606	12
2607	12
2608	12
2609	12
2610	12
2611	12
2612	12
2613	12
2614	12
2615	12
2616	12
2617	12
2618	12
2619	12
2620	12
2621	12
2622	12
2623	12
2624	12
2625	12
2626	12
2627	12
2628	12
2629	12
2630	12
2631	12
2632	12
2633	12
2634	12
2635	12
2636	12
2637	12
2638	12
2639	12
2640	10
2641	10
2642	4
2643	10
2644	4
2645	10
2646	10
2647	10
2648	10
2649	10
2650	10
2651	10
2652	10
2653	10
2654	10
2655	10
2656	4
2657	10
2658	10
2659	4
2660	4
2661	10
2662	10
2663	4
2664	10
2665	4
2666	10
2667	10
2668	10
2669	10
2670	10
2671	10
2672	10
2673	10
2674	10
2675	10
2676	10
2677	10
2678	10
2679	10
2680	10
2681	10
2682	10
2683	4
2684	4
2685	10
2686	4
2687	4
2688	9
2689	9
2690	9
2691	9
315	1
1657	6
