0	4
1	4
2	4
3	4
4	4
5	4
6	4
7	7
8	7
9	7
10	7
11	7
12	7
13	7
14	7
15	7
16	7
17	7
18	7
19	9
20	9
21	10
22	10
23	10
24	10
25	10
26	10
27	10
28	10
29	2
30	5
31	2
32	2
33	5
34	2
35	5
36	5
37	2
38	2
39	5
40	2
41	5
42	2
43	5
44	5
45	2
46	2
47	5
48	5
49	2
50	2
51	2
52	2
53	5
54	5
55	5
56	5
57	5
58	2
59	2
60	2
61	2
62	2
63	2
64	2
65	5
66	5
67	5
68	5
69	5
70	5
71	10
72	10
73	10
74	10
75	2
76	2
77	2
78	2
79	2
80	2
81	2
82	2
83	12
84	12
85	12
86	12
87	8
88	8
89	12
90	8
91	12
92	12
93	12
94	12
95	12
96	7
97	7
98	7
99	7
100	7
101	7
102	7
103	7
104	7
105	7
106	7
107	7
108	7
109	7
110	7
111	7
112	7
113	7
114	7
115	7
116	7
117	7
118	7
119	7
120	7
121	7
122	7
123	7
124	7
125	7
126	7
127	7
128	7
129	10
130	10
131	10
132	13
133	10
134	10
135	10
136	10
137	13
138	13
139	13
140	10
141	13
142	13
143	13
144	10
145	10
146	10
147	13
148	10
149	10
150	10
151	10
152	10
153	10
154	13
155	13
156	13
157	13
158	13
159	13
160	13
161	13
162	13
163	10
164	10
165	13
166	12
167	12
168	12
169	12
170	12
171	12
172	12
173	12
174	12
175	12
176	12
177	12
178	12
179	12
180	12
181	12
182	12
183	2
184	2
185	2
186	2
187	2
188	2
189	2
190	2
191	2
192	2
193	2
194	2
195	2
196	2
197	2
198	2
199	2
200	2
201	2
202	2
203	2
204	2
205	2
206	2
207	2
208	10
209	10
210	10
211	10
212	10
213	10
214	10
215	10
216	10
217	10
218	10
219	10
220	10
221	10
222	10
223	10
224	10
225	10
226	10
227	10
228	10
229	10
230	10
231	10
232	10
233	10
234	10
235	10
236	10
237	10
238	10
239	10
240	10
241	10
242	10
243	10
244	10
245	10
246	10
247	10
248	2
249	2
250	2
251	2
252	2
253	2
254	2
255	2
256	2
257	2
258	2
259	2
260	2
261	11
262	11
263	11
264	11
265	11
266	11
267	11
268	11
269	11
270	11
271	11
272	11
273	11
274	11
275	11
276	11
277	11
278	11
279	11
280	11
281	11
282	11
283	11
284	11
285	11
286	11
287	11
288	11
289	11
290	11
291	11
292	11
293	11
294	11
295	11
296	11
297	11
298	11
299	11
300	11
301	11
302	2
303	2
304	2
305	2
306	1
307	1
308	1
309	8
310	8
311	8
312	1
313	1
314	1
316	5
317	5
318	5
319	5
320	5
321	5
322	5
323	5
324	5
325	5
326	5
327	5
328	5
329	5
330	5
331	1
332	1
333	1
334	1
335	1
336	8
337	5
338	5
339	5
340	1
341	1
342	1
343	1
344	1
345	1
346	1
347	1
348	1
349	1
350	1
351	1
352	1
353	1
354	1
355	1
356	8
357	8
358	8
359	8
360	8
361	8
362	8
363	8
364	8
365	8
366	8
367	8
368	8
369	1
370	1
371	1
372	1
373	8
374	1
375	1
376	1
377	1
378	1
379	1
380	1
381	1
382	1
383	1
384	1
385	1
386	1
387	1
388	1
389	5
390	5
391	5
392	5
393	5
394	1
395	1
396	1
397	8
398	5
399	5
400	5
401	5
402	5
403	10
404	10
405	10
406	10
407	10
408	10
409	9
410	4
411	4
412	4
413	4
414	4
415	4
416	4
417	4
418	4
419	4
420	4
421	4
422	4
423	4
424	4
425	12
426	12
427	12
428	12
429	12
430	12
431	12
432	12
433	4
434	4
435	4
436	4
437	4
438	4
439	4
440	4
441	4
442	4
443	4
444	4
445	9
446	12
447	12
448	12
449	12
450	12
451	4
452	4
453	4
454	12
455	12
456	12
457	4
458	9
459	4
460	4
461	4
462	4
463	12
464	12
465	12
466	12
467	12
468	12
469	12
470	12
471	12
472	12
473	4
474	4
475	11
476	11
477	11
478	11
479	11
480	11
481	11
482	11
483	11
484	10
485	10
486	11
487	11
488	11
489	11
490	11
491	11
492	11
493	11
494	11
495	11
496	11
497	11
498	10
499	11
500	11
501	11
502	10
503	11
504	11
505	11
506	10
507	10
508	10
509	10
510	10
511	10
512	10
513	10
514	10
515	10
516	10
517	10
518	10
519	10
520	10
521	10
522	7
523	7
524	7
525	7
526	4
527	4
528	7
529	7
530	7
531	7
532	7
533	7
534	7
535	7
536	7
537	7
538	4
539	4
540	4
541	4
542	4
543	4
544	4
545	4
546	4
547	4
548	4
549	4
550	4
551	4
552	4
553	4
554	4
555	4
556	4
557	4
558	4
559	10
560	10
561	11
562	10
563	10
564	10
565	4
566	4
567	4
568	4
569	4
570	7
571	7
572	7
573	7
574	7
575	7
576	7
577	7
578	7
579	7
580	7
581	4
582	4
583	4
584	4
585	4
586	4
587	11
588	10
589	10
590	10
591	10
592	10
593	10
594	11
595	10
596	11
597	10
598	11
599	10
600	10
601	10
602	10
603	2
604	2
605	2
606	2
607	2
608	2
609	2
610	2
611	2
612	2
613	2
614	2
615	2
616	2
617	11
618	10
619	10
620	11
621	11
622	11
623	11
624	11
625	11
626	11
627	11
628	10
629	10
630	10
631	10
632	11
633	11
634	11
635	10
636	11
637	11
638	11
639	2
640	4
641	2
642	4
643	2
644	4
645	4
646	4
647	4
648	4
649	4
650	4
651	4
652	4
653	2
654	2
655	2
656	4
657	12
658	12
659	12
660	12
661	4
662	4
663	4
664	9
665	9
666	4
667	4
668	9
669	9
670	10
671	10
672	10
673	10
674	10
675	10
676	10
677	10
678	10
679	10
680	9
681	4
682	9
683	4
684	9
685	4
686	4
687	9
688	4
689	4
690	4
691	4
692	4
693	4
694	4
695	4
696	4
697	10
698	10
699	10
700	10
701	10
702	10
703	10
704	10
705	10
706	10
707	10
708	10
709	10
710	10
711	10
712	10
713	10
714	4
715	4
716	11
717	11
718	10
719	10
720	10
721	11
722	11
723	11
724	11
725	11
726	11
727	11
728	11
729	11
730	11
731	11
732	5
733	5
734	5
735	5
736	5
737	12
738	12
739	12
740	12
741	12
742	12
743	12
744	12
745	5
746	5
747	5
748	5
749	5
750	5
751	5
752	5
753	5
754	5
755	5
756	5
757	5
758	5
759	5
760	5
761	5
762	5
763	5
764	5
765	5
766	12
767	12
768	12
769	12
770	5
771	5
772	12
773	12
774	12
775	12
776	12
777	12
778	12
779	12
780	12
781	12
782	12
783	12
784	12
785	1
786	12
787	12
788	12
789	12
790	12
791	1
792	1
793	1
794	1
795	1
796	1
797	1
798	1
799	1
800	1
801	12
802	12
803	12
804	12
805	1
806	1
807	1
808	12
809	12
810	12
811	6
812	6
813	6
814	5
815	6
816	6
817	6
818	6
819	6
820	6
821	5
822	6
823	6
824	6
825	6
826	6
827	6
828	6
829	6
830	6
831	6
832	6
833	6
834	5
835	6
836	6
837	6
838	6
839	6
840	6
841	6
842	6
843	6
844	6
845	6
846	6
847	6
848	6
849	6
850	6
851	6
852	6
853	6
854	6
855	6
856	6
857	6
858	2
859	2
860	2
861	2
862	2
863	2
864	2
865	2
866	2
867	2
868	2
869	2
870	2
871	6
872	6
873	6
874	6
875	6
876	6
877	6
878	6
879	6
880	6
881	6
882	6
883	6
884	6
885	6
886	6
887	6
888	6
889	6
890	6
891	6
892	6
893	6
894	6
895	6
896	6
897	6
898	6
899	6
900	6
901	6
902	6
903	6
904	6
905	6
906	6
907	6
908	6
909	6
910	6
911	6
912	6
913	6
914	6
915	6
916	6
917	6
918	6
919	6
920	6
921	6
922	6
923	6
924	6
925	6
926	6
927	6
928	6
929	6
930	6
931	6
932	6
933	6
934	6
935	6
936	6
937	6
938	6
939	6
940	6
941	6
942	6
943	6
944	6
945	6
946	6
947	6
948	6
949	6
950	6
951	6
952	6
953	6
954	6
955	6
956	6
957	6
958	6
959	6
960	6
961	6
962	6
963	6
964	6
965	6
966	6
967	6
968	6
969	6
970	6
971	6
972	6
973	6
974	6
975	6
976	6
977	6
978	6
979	6
980	6
981	6
982	5
983	5
984	5
985	12
986	12
987	12
988	12
989	12
990	12
991	12
992	12
993	12
994	12
995	12
996	12
997	12
998	12
999	12
1000	12
1001	12
1002	12
1003	12
1004	12
1005	12
1006	12
1007	5
1008	5
1009	12
1010	5
1011	5
1012	5
1013	5
1014	5
1015	5
1016	5
1017	5
1018	5
1019	5
1020	5
1021	5
1022	5
1023	5
1024	5
1025	5
1026	5
1027	7
1028	5
1029	5
1030	5
1031	5
1032	5
1033	5
1034	5
1035	5
1036	5
1037	7
1038	5
1039	5
1040	5
1041	5
1042	7
1043	5
1044	5
1045	5
1046	5
1047	5
1048	5
1049	5
1050	5
1051	5
1052	5
1053	5
1054	5
1055	5
1056	7
1057	5
1058	5
1059	5
1060	5
1061	5
1062	5
1063	5
1064	5
1065	7
1066	7
1067	7
1068	5
1069	5
1070	7
1071	5
1072	5
1073	5
1074	5
1075	2
1076	2
1077	2
1078	2
1079	2
1080	2
1081	2
1082	2
1083	2
1084	2
1085	2
1086	2
1087	11
1088	11
1089	11
1090	11
1091	11
1092	11
1093	11
1094	10
1095	10
1096	10
1097	10
1098	10
1099	10
1100	10
1101	10
1102	10
1103	10
1104	10
1105	10
1106	10
1107	8
1108	8
1109	8
1110	8
1111	8
1112	8
1113	8
1114	8
1115	8
1116	8
1117	8
1118	8
1119	8
1120	8
1121	8
1122	8
1123	8
1124	8
1125	8
1126	8
1127	8
1128	8
1129	8
1130	8
1131	8
1132	8
1133	8
1134	8
1135	8
1136	6
1137	6
1138	6
1139	6
1140	8
1141	8
1142	8
1143	8
1144	8
1145	8
1146	8
1147	8
1148	8
1149	8
1150	8
1151	8
1152	8
1153	8
1154	1
1155	1
1156	1
1157	1
1158	1
1159	1
1160	1
1161	1
1162	1
1163	1
1164	1
1165	1
1166	1
1167	1
1168	1
1169	5
1170	5
1171	5
1172	5
1173	5
1174	5
1175	7
1176	5
1177	5
1178	5
1179	5
1180	5
1181	5
1182	5
1183	5
1184	5
1185	5
1186	5
1187	5
1188	5
1189	5
1190	5
1191	5
1192	5
1193	5
1194	5
1195	5
1196	5
1197	5
1198	5
1199	5
1200	7
1201	7
1202	7
1203	6
1204	6
1205	6
1206	6
1207	6
1208	7
1209	6
1210	6
1211	7
1212	7
1213	7
1214	6
1215	7
1216	6
1217	6
1218	6
1219	6
1220	6
1221	7
1222	6
1223	6
1224	6
1225	6
1226	6
1227	6
1228	6
1229	6
1230	6
1231	7
1232	7
1233	6
1234	7
1235	6
1236	6
1237	6
1238	6
1239	6
1240	11
1241	11
1242	11
1243	10
1244	10
1245	11
1246	11
1247	10
1248	10
1249	10
1250	10
1251	10
1252	10
1253	2
1254	2
1255	2
1256	2
1257	2
1258	10
1259	10
1260	10
1261	10
1262	11
1263	11
1264	2
1265	2
1266	2
1267	2
1268	2
1269	2
1270	2
1271	2
1272	2
1273	2
1274	2
1275	2
1276	2
1277	2
1278	1
1279	1
1280	1
1281	10
1282	11
1283	11
1284	2
1285	2
1286	2
1287	2
1288	13
1289	1
1290	1
1291	1
1292	13
1293	1
1294	13
1295	13
1296	13
1297	13
1298	1
1299	13
1300	1
1301	13
1302	13
1303	2
1304	2
1305	2
1306	2
1307	2
1308	2
1309	2
1310	2
1311	2
1312	2
1313	2
1314	6
1315	6
1316	6
1317	6
1318	6
1319	6
1320	6
1321	6
1322	6
1323	6
1324	6
1325	6
1326	6
1327	6
1328	6
1329	6
1330	6
1331	6
1332	6
1333	6
1334	6
1335	6
1336	6
1337	6
1338	6
1339	6
1340	6
1341	6
1342	6
1343	6
1344	6
1345	6
1346	2
1347	2
1348	2
1349	2
1350	2
1351	2
1352	2
1353	2
1354	2
1355	2
1356	2
1357	2
1358	2
1359	2
1360	2
1361	2
1362	2
1363	8
1364	8
1365	8
1366	8
1367	8
1368	8
1369	8
1370	8
1371	8
1372	8
1373	8
1374	8
1375	8
1376	8
1377	8
1378	8
1379	8
1380	8
1381	1
1382	1
1383	1
1384	1
1385	1
1386	1
1387	1
1388	1
1389	1
1390	1
1391	1
1392	1
1393	1
1394	1
1395	1
1396	1
1397	4
1398	2
1399	2
1400	2
1401	2
1402	2
1403	2
1404	4
1405	2
1406	2
1407	2
1408	2
1409	2
1410	2
1411	2
1412	2
1413	2
1414	2
1415	2
1416	2
1417	2
1418	4
1419	2
1420	4
1421	2
1422	4
1423	2
1424	2
1425	4
1426	4
1427	2
1428	7
1429	7
1430	7
1431	7
1432	7
1433	7
1434	7
1435	7
1436	7
1437	7
1438	7
1439	7
1440	7
1441	7
1442	7
1443	7
1444	7
1445	7
1446	7
1447	7
1448	7
1449	7
1450	7
1451	7
1452	7
1453	7
1454	7
1455	7
1456	7
1457	7
1458	7
1459	7
1460	7
1461	7
1462	7
1463	7
1464	7
1465	10
1466	10
1467	10
1468	10
1469	10
1470	10
1471	10
1472	10
1473	10
1474	10
1475	10
1476	10
1477	10
1478	10
1479	10
1480	10
1481	10
1482	10
1483	10
1484	10
1485	10
1486	10
1487	10
1488	10
1489	5
1490	5
1491	5
1492	5
1493	5
1494	5
1495	5
1496	5
1497	5
1498	5
1499	5
1500	5
1501	4
1502	4
1503	4
1504	4
1505	4
1506	4
1507	4
1508	4
1509	4
1510	4
1511	4
1512	4
1513	4
1514	4
1515	4
1516	4
1517	4
1518	4
1519	4
1520	4
1521	4
1522	4
1523	4
1524	4
1525	4
1526	4
1527	4
1528	4
1529	12
1530	12
1531	12
1532	12
1533	12
1534	12
1535	12
1536	12
1537	12
1538	12
1539	12
1540	12
1541	12
1542	12
1543	12
1544	12
1545	12
1546	12
1547	12
1548	12
1549	12
1550	12
1551	12
1552	8
1553	7
1554	7
1555	7
1556	7
1557	7
1558	7
1559	7
1560	7
1561	7
1562	7
1563	7
1564	7
1565	7
1566	7
1567	7
1568	7
1569	7
1570	7
1571	7
1572	7
1573	7
1574	7
1575	7
1576	5
1577	5
1578	5
1579	5
1580	5
1581	5
1582	5
1583	5
1584	5
1585	5
1586	5
1587	5
1588	5
1589	5
1590	5
1591	5
1592	5
1593	2
1594	2
1595	2
1596	2
1597	2
1598	2
1599	2
1600	2
1601	2
1602	7
1603	7
1604	7
1605	7
1606	7
1607	7
1608	7
1609	7
1610	7
1611	7
1612	7
1613	7
1614	7
1615	7
1616	7
1617	7
1618	10
1619	10
1620	10
1621	10
1622	10
1623	10
1624	10
1625	10
1626	10
1627	10
1628	10
1629	7
1630	7
1631	7
1632	7
1633	7
1634	7
1635	7
1636	7
1637	7
1638	7
1639	7
1640	7
1641	7
1642	7
1643	7
1644	10
1645	10
1646	10
1647	10
1648	10
1649	7
1650	7
1651	7
1652	7
1653	7
1654	7
1655	7
1656	7
1658	7
1659	7
1660	7
1661	7
1662	7
1663	7
1664	7
1665	7
1666	7
1667	7
1668	7
1669	7
1670	7
1671	7
1672	7
1673	10
1674	7
1675	7
1676	7
1677	10
1678	11
1679	11
1680	11
1681	11
1682	11
1683	11
1684	11
1685	9
1686	9
1687	9
1688	9
1689	9
1690	9
1691	9
1692	9
1693	9
1694	9
1695	9
1696	9
1697	9
1698	9
1699	9
1700	9
1701	9
1702	9
1703	9
1704	9
1705	7
1706	7
1707	9
1708	7
1709	9
1710	7
1711	9
1712	7
1713	10
1714	10
1715	10
1716	10
1717	10
1718	10
1719	10
1720	10
1721	10
1722	10
1723	10
1724	10
1725	9
1726	7
1727	7
1728	10
1729	9
1730	7
1731	7
1732	7
1733	7
1734	9
1735	7
1736	9
1737	9
1738	9
1739	9
1740	9
1741	7
1742	4
1743	4
1744	4
1745	4
1746	4
1747	4
1748	4
1749	4
1750	4
1751	4
1752	4
1753	4
1754	4
1755	4
1756	4
1757	10
1758	10
1759	10
1760	10
1761	4
1762	4
1763	4
1764	9
1765	4
1766	4
1767	9
1768	4
1769	4
1770	4
1771	4
1772	4
1773	4
1774	10
1775	10
1776	10
1777	10
1778	10
1779	10
1780	10
1781	10
1782	10
1783	10
1784	10
1785	10
1786	10
1787	9
1788	4
1789	4
1790	4
1791	4
1792	4
1793	4
1794	4
1795	10
1796	10
1797	10
1798	10
1799	4
1800	4
1801	4
1802	4
1803	4
1804	4
1805	4
1806	4
1807	4
1808	4
1809	3
1810	3
1811	3
1812	3
1813	3
1814	3
1815	3
1816	3
1817	3
1818	9
1819	3
1820	3
1821	3
1822	3
1823	3
1824	3
1825	3
1826	3
1827	3
1828	3
1829	3
1830	11
1831	11
1832	11
1833	11
1834	11
1835	3
1836	3
1837	11
1838	3
1839	3
1840	8
1841	8
1842	8
1843	8
1844	8
1845	3
1846	3
1847	3
1848	3
1849	9
1850	3
1851	3
1852	3
1853	3
1854	9
1855	3
1856	3
1857	10
1858	10
1859	10
1860	10
1861	10
1862	10
1863	3
1864	3
1865	3
1866	3
1867	3
1868	3
1869	3
1870	3
1871	3
1872	11
1873	11
1874	11
1875	11
1876	11
1877	11
1878	11
1879	11
1880	11
1881	11
1882	11
1883	11
1884	11
1885	11
1886	11
1887	11
1888	11
1889	11
1890	11
1891	11
1892	11
1893	11
1894	11
1895	2
1896	2
1897	2
1898	1
1899	1
1900	1
1901	1
1902	1
1903	1
1904	2
1905	2
1906	2
1907	2
1908	2
1909	2
1910	2
1911	2
1912	2
1913	2
1914	2
1915	2
1916	1
1917	1
1918	1
1919	1
1920	1
1921	1
1922	1
1923	1
1924	2
1925	2
1926	2
1927	2
1928	2
1929	2
1930	2
1931	2
1932	2
1933	2
1934	2
1935	2
1936	2
1937	2
1938	2
1939	2
1940	2
1941	2
1942	2
1943	2
1944	2
1945	2
1946	2
1947	2
1948	2
1949	2
1950	2
1951	2
1952	2
1953	2
1954	2
1955	2
1956	2
1957	2
1958	2
1959	2
1960	2
1961	2
1962	2
1963	2
1964	2
1965	2
1966	2
1967	2
1968	2
1969	2
1970	2
1971	2
1972	2
1973	2
1974	2
1975	2
1976	12
1977	12
1978	12
1979	12
1980	12
1981	12
1982	12
1983	12
1984	12
1985	12
1986	12
1987	12
1988	12
1989	12
1990	12
1991	12
1992	12
1993	12
1994	12
1995	12
1996	12
1997	12
1998	12
1999	12
2000	12
2001	12
2002	12
2003	12
2004	12
2005	12
2006	12
2007	12
2008	12
2009	12
2010	12
2011	12
2012	12
2013	12
2014	12
2015	12
2016	12
2017	11
2018	11
2019	11
2020	11
2021	11
2022	11
2023	11
2024	12
2025	11
2026	11
2027	11
2028	11
2029	11
2030	12
2031	12
2032	12
2033	12
2034	12
2035	12
2036	12
2037	12
2038	11
2039	11
2040	11
2041	11
2042	11
2043	11
2044	11
2045	11
2046	12
2047	12
2048	11
2049	11
2050	11
2051	12
2052	12
2053	12
2054	12
2055	12
2056	12
2057	12
2058	12
2059	12
2060	12
2061	12
2062	12
2063	12
2064	12
2065	12
2066	12
2067	12
2068	11
2069	11
2070	11
2071	11
2072	11
2073	11
2074	11
2075	11
2076	11
2077	11
2078	11
2079	11
2080	11
2081	11
2082	11
2083	11
2084	11
2085	11
2086	11
2087	11
2088	11
2089	5
2090	5
2091	5
2092	5
2093	5
2094	5
2095	5
2096	4
2097	4
2098	4
2099	4
2100	4
2101	4
2102	4
2103	4
2104	4
2105	4
2106	4
2107	4
2108	4
2109	4
2110	4
2111	4
2112	4
2113	3
2114	3
2115	9
2116	3
2117	3
2118	3
2119	9
2120	3
2121	3
2122	3
2123	3
2124	11
2125	3
2126	3
2127	3
2128	3
2129	3
2130	3
2131	9
2132	9
2133	3
2134	9
2135	9
2136	9
2137	3
2138	3
2139	3
2140	3
2141	3
2142	9
2143	3
2144	9
2145	3
2146	3
2147	3
2148	3
2149	3
2150	3
2151	3
2152	9
2153	9
2154	9
2155	9
2156	9
2157	9
2158	9
2159	3
2160	9
2161	9
2162	9
2163	9
2164	9
2165	9
2166	9
2167	3
2168	3
2169	9
2170	9
2171	9
2172	9
2173	3
2174	9
2175	9
2176	3
2177	3
2178	3
2179	3
2180	9
2181	9
2182	9
2183	9
2184	3
2185	9
2186	9
2187	9
2188	9
2189	3
2190	3
2191	3
2192	3
2193	9
2194	9
2195	9
2196	3
2197	3
2198	9
2199	3
2200	3
2201	3
2202	9
2203	9
2204	3
2205	3
2206	3
2207	3
2208	3
2209	9
2210	9
2211	9
2212	9
2213	3
2214	3
2215	9
2216	3
2217	3
2218	9
2219	9
2220	9
2221	3
2222	3
2223	3
2224	9
2225	9
2226	9
2227	9
2228	3
2229	3
2230	9
2231	9
2232	9
2233	3
2234	3
2235	9
2236	3
2237	3
2238	3
2239	9
2240	9
2241	3
2242	3
2243	3
2244	9
2245	3
2246	9
2247	9
2248	9
2249	9
2250	3
2251	9
2252	9
2253	9
2254	9
2255	9
2256	9
2257	9
2258	3
2259	3
2260	3
2261	9
2262	9
2263	9
2264	9
2265	9
2266	9
2267	3
2268	3
2269	9
2270	9
2271	9
2272	9
2273	9
2274	9
2275	9
2276	9
2277	3
2278	3
2279	3
2280	9
2281	9
2282	3
2283	3
2284	11
2285	11
2286	9
2287	9
2288	9
2289	9
2290	9
2291	9
2292	9
2293	9
2294	3
2295	3
2296	3
2297	3
2298	3
2299	3
2300	3
2301	9
2302	3
2303	3
2304	3
2305	9
2306	9
2307	9
2308	9
2309	11
2310	11
2311	11
2312	5
2313	5
2314	5
2315	5
2316	5
2317	5
2318	5
2319	5
2320	5
2321	5
2322	5
2323	5
2324	5
2325	5
2326	5
2327	5
2328	5
2329	5
2330	2
2331	2
2332	2
2333	2
2334	2
2335	2
2336	2
2337	2
2338	2
2339	2
2340	2
2341	2
2342	2
2343	2
2344	2
2345	2
2346	5
2347	5
2348	5
2349	5
2350	5
2351	5
2352	5
2353	5
2354	5
2355	5
2356	5
2357	5
2358	5
2359	5
2360	5
2361	5
2362	5
2363	5
2364	5
2365	5
2366	3
2367	3
2368	3
2369	3
2370	3
2371	3
2372	3
2373	3
2374	3
2375	3
2376	3
2377	3
2378	3
2379	3
2380	3
2381	3
2382	3
2383	3
2384	3
2385	3
2386	3
2387	3
2388	7
2389	7
2390	3
2391	3
2392	3
2393	3
2394	3
2395	3
2396	3
2397	3
2398	7
2399	7
2400	3
2401	3
2402	3
2403	3
2404	3
2405	3
2406	3
2407	3
2408	7
2409	3
2410	3
2411	3
2412	3
2413	3
2414	3
2415	1
2416	1
2417	1
2418	1
2419	1
2420	1
2421	13
2422	1
2423	13
2424	1
2425	13
2426	1
2427	1
2428	1
2429	1
2430	1
2431	1
2432	1
2433	13
2434	1
2435	1
2436	1
2437	1
2438	1
2439	1
2440	1
2441	13
2442	1
2443	1
2444	1
2445	13
2446	13
2447	13
2448	13
2449	13
2450	13
2451	13
2452	13
2453	13
2454	13
2455	13
2456	13
2457	13
2458	13
2459	13
2460	13
2461	13
2462	13
2463	13
2464	13
2465	13
2466	13
2467	13
2468	13
2469	13
2470	13
2471	13
2472	13
2473	13
2474	13
2475	13
2476	13
2477	13
2478	13
2479	13
2480	13
2481	13
2482	13
2483	13
2484	13
2485	13
2486	13
2487	13
2488	13
2489	13
2490	13
2491	13
2492	13
2493	13
2494	13
2495	13
2496	13
2497	13
2498	13
2499	13
2500	13
2501	13
2502	1
2503	1
2504	1
2505	1
2506	1
2507	1
2508	13
2509	13
2510	13
2511	13
2512	13
2513	13
2514	13
2515	13
2516	13
2517	13
2518	13
2519	13
2520	13
2521	13
2522	13
2523	1
2524	1
2525	1
2526	13
2527	13
2528	1
2529	1
2530	1
2531	13
2532	1
2533	13
2534	1
2535	13
2536	1
2537	13
2538	1
2539	13
2540	1
2541	13
2542	1
2543	1
2544	13
2545	13
2546	13
2547	1
2548	1
2549	1
2550	13
2551	13
2552	1
2553	13
2554	13
2555	13
2556	13
2557	13
2558	1
2559	1
2560	13
2561	13
2562	1
2563	1
2564	1
2565	1
2566	1
2567	1
2568	1
2569	1
2570	1
2571	1
2572	1
2573	1
2574	1
2575	13
2576	13
2577	13
2578	13
2579	13
2580	13
2581	1
2582	13
2583	13
2584	13
2585	13
2586	13
2587	13
2588	13
2589	13
2590	13
2591	13
2592	13
2593	13
2594	1
2595	1
2596	13
2597	1
2598	1
2599	1
2600	13
2601	13
2602	1
2603	13
2604	1
2605	1
2606	11
2607	11
2608	11
2609	11
2610	11
2611	11
2612	11
2613	11
2614	11
2615	11
2616	11
2617	11
2618	11
2619	11
2620	11
2621	11
2622	11
2623	11
2624	11
2625	11
2626	11
2627	11
2628	11
2629	11
2630	11
2631	11
2632	11
2633	11
2634	11
2635	11
2636	11
2637	11
2638	11
2639	11
2640	8
2641	8
2642	8
2643	8
2644	8
2645	8
2646	8
2647	8
2648	8
2649	8
2650	8
2651	8
2652	8
2653	8
2654	8
2655	8
2656	8
2657	12
2658	12
2659	8
2660	8
2661	8
2662	8
2663	8
2664	8
2665	8
2666	8
2667	8
2668	8
2669	8
2670	8
2671	8
2672	8
2673	8
2674	12
2675	8
2676	8
2677	8
2678	8
2679	8
2680	8
2681	8
2682	8
2683	8
2684	8
2685	8
2686	8
2687	8
2688	2
2689	2
2690	2
2691	2
315	5
1657	7
