0	5
1	5
2	5
3	5
4	5
5	5
6	5
7	3
8	3
9	2
10	2
11	2
12	3
13	3
14	3
15	3
16	2
17	2
18	2
19	2
20	2
21	7
22	7
23	7
24	7
25	7
26	7
27	7
28	7
29	4
30	4
31	4
32	4
33	4
34	4
35	4
36	4
37	4
38	4
39	4
40	4
41	4
42	4
43	4
44	4
45	4
46	4
47	4
48	4
49	4
50	4
51	4
52	4
53	13
54	13
55	13
56	13
57	13
58	4
59	4
60	4
61	4
62	4
63	4
64	4
65	13
66	13
67	13
68	13
69	13
70	13
71	7
72	7
73	7
74	7
75	4
76	4
77	4
78	4
79	4
80	4
81	4
82	4
83	8
84	8
85	8
86	8
87	8
88	8
89	8
90	8
91	8
92	8
93	8
94	8
95	8
96	2
97	3
98	2
99	2
100	3
101	3
102	3
103	2
104	3
105	2
106	3
107	2
108	2
109	3
110	3
111	3
112	3
113	3
114	3
115	3
116	3
117	3
118	3
119	3
120	3
121	3
122	2
123	3
124	2
125	2
126	3
127	2
128	2
129	12
130	12
131	12
132	12
133	12
134	12
135	12
136	12
137	12
138	12
139	12
140	12
141	12
142	12
143	12
144	12
145	12
146	12
147	12
148	12
149	12
150	12
151	12
152	12
153	12
154	12
155	12
156	12
157	12
158	12
159	12
160	12
161	12
162	12
163	12
164	12
165	12
166	10
167	10
168	10
169	10
170	10
171	10
172	10
173	10
174	10
175	10
176	10
177	10
178	10
179	10
180	10
181	10
182	10
183	5
184	5
185	5
186	5
187	5
188	5
189	5
190	5
191	5
192	5
193	5
194	5
195	5
196	5
197	5
198	5
199	5
200	5
201	5
202	5
203	5
204	5
205	5
206	5
207	5
208	7
209	7
210	7
211	7
212	7
213	7
214	7
215	7
216	7
217	7
218	7
219	7
220	7
221	7
222	7
223	7
224	7
225	7
226	7
227	7
228	7
229	7
230	7
231	7
232	7
233	7
234	7
235	7
236	7
237	7
238	7
239	7
240	7
241	7
242	7
243	7
244	7
245	7
246	7
247	7
248	5
249	5
250	5
251	5
252	5
253	5
254	5
255	5
256	5
257	5
258	5
259	5
260	5
261	11
262	11
263	11
264	11
265	11
266	11
267	11
268	11
269	11
270	11
271	11
272	11
273	11
274	11
275	11
276	11
277	11
278	11
279	11
280	11
281	11
282	11
283	11
284	11
285	11
286	11
287	11
288	11
289	11
290	11
291	11
292	11
293	11
294	11
295	11
296	11
297	11
298	11
299	11
300	11
301	11
302	5
303	5
304	5
305	5
306	13
307	13
308	13
309	6
310	13
311	13
312	13
313	13
314	13
316	2
317	2
318	2
319	2
320	2
321	2
322	2
323	2
324	2
325	2
326	2
327	2
328	2
329	2
330	2
331	13
332	13
333	13
334	13
335	13
336	6
337	2
338	2
339	2
340	13
341	13
342	13
343	13
344	13
345	6
346	13
347	13
348	13
349	13
350	13
351	13
352	13
353	6
354	13
355	6
356	10
357	12
358	10
359	10
360	10
361	10
362	12
363	10
364	10
365	10
366	12
367	10
368	12
369	6
370	6
371	6
372	13
373	6
374	13
375	6
376	13
377	13
378	13
379	13
380	13
381	13
382	13
383	13
384	13
385	13
386	13
387	13
388	13
389	2
390	2
391	2
392	2
393	2
394	13
395	13
396	13
397	13
398	2
399	2
400	2
401	2
402	2
403	7
404	7
405	7
406	7
407	7
408	7
409	2
410	4
411	4
412	4
413	4
414	4
415	4
416	4
417	4
418	4
419	4
420	4
421	4
422	4
423	4
424	4
425	10
426	10
427	10
428	10
429	10
430	10
431	10
432	10
433	4
434	4
435	4
436	4
437	4
438	4
439	4
440	4
441	4
442	4
443	4
444	4
445	2
446	10
447	10
448	10
449	10
450	10
451	4
452	2
453	4
454	10
455	10
456	10
457	4
458	2
459	4
460	2
461	4
462	4
463	10
464	10
465	10
466	10
467	10
468	10
469	10
470	10
471	10
472	10
473	4
474	2
475	11
476	11
477	11
478	11
479	11
480	11
481	11
482	11
483	11
484	7
485	7
486	11
487	11
488	11
489	11
490	11
491	11
492	11
493	11
494	11
495	11
496	11
497	11
498	7
499	11
500	11
501	11
502	7
503	11
504	11
505	11
506	7
507	7
508	7
509	7
510	7
511	7
512	7
513	7
514	7
515	7
516	7
517	7
518	7
519	7
520	7
521	7
522	8
523	8
524	8
525	8
526	5
527	5
528	8
529	8
530	8
531	8
532	8
533	8
534	8
535	8
536	8
537	8
538	5
539	5
540	5
541	5
542	5
543	5
544	5
545	5
546	5
547	5
548	5
549	5
550	5
551	5
552	5
553	5
554	5
555	5
556	5
557	5
558	5
559	7
560	7
561	7
562	7
563	7
564	7
565	5
566	5
567	5
568	5
569	5
570	8
571	8
572	8
573	8
574	8
575	8
576	8
577	8
578	8
579	8
580	8
581	5
582	5
583	5
584	5
585	5
586	5
587	7
588	7
589	7
590	7
591	7
592	7
593	7
594	7
595	7
596	7
597	7
598	7
599	7
600	7
601	7
602	7
603	5
604	5
605	5
606	5
607	5
608	5
609	5
610	5
611	5
612	5
613	5
614	5
615	5
616	5
617	7
618	7
619	7
620	7
621	7
622	7
623	7
624	7
625	7
626	7
627	7
628	7
629	7
630	7
631	7
632	7
633	7
634	7
635	7
636	7
637	7
638	7
639	5
640	5
641	5
642	5
643	5
644	5
645	5
646	5
647	5
648	5
649	5
650	5
651	5
652	5
653	5
654	5
655	5
656	5
657	11
658	10
659	10
660	10
661	5
662	5
663	2
664	2
665	2
666	2
667	2
668	2
669	2
670	7
671	7
672	11
673	11
674	11
675	7
676	11
677	11
678	11
679	11
680	2
681	2
682	2
683	5
684	2
685	5
686	5
687	2
688	5
689	5
690	5
691	5
692	5
693	5
694	2
695	5
696	5
697	7
698	11
699	11
700	7
701	7
702	7
703	7
704	11
705	11
706	11
707	7
708	7
709	11
710	7
711	7
712	7
713	7
714	2
715	2
716	11
717	11
718	7
719	7
720	11
721	7
722	11
723	11
724	7
725	11
726	7
727	7
728	7
729	11
730	11
731	11
732	2
733	2
734	2
735	2
736	2
737	11
738	10
739	10
740	10
741	10
742	10
743	11
744	10
745	2
746	2
747	2
748	2
749	2
750	2
751	2
752	2
753	2
754	2
755	2
756	2
757	2
758	2
759	2
760	2
761	2
762	2
763	2
764	2
765	2
766	10
767	10
768	10
769	10
770	2
771	2
772	10
773	10
774	10
775	10
776	11
777	11
778	10
779	10
780	11
781	10
782	11
783	10
784	10
785	6
786	10
787	11
788	11
789	11
790	11
791	6
792	6
793	6
794	6
795	6
796	6
797	6
798	6
799	6
800	6
801	11
802	11
803	11
804	11
805	6
806	6
807	6
808	11
809	11
810	10
811	1
812	1
813	1
814	1
815	1
816	13
817	1
818	1
819	13
820	1
821	1
822	1
823	1
824	1
825	13
826	13
827	13
828	13
829	1
830	1
831	1
832	13
833	13
834	1
835	1
836	1
837	1
838	1
839	13
840	1
841	13
842	1
843	1
844	1
845	1
846	1
847	1
848	13
849	13
850	1
851	13
852	1
853	1
854	1
855	13
856	1
857	13
858	5
859	5
860	5
861	5
862	5
863	5
864	5
865	5
866	5
867	5
868	5
869	5
870	5
871	1
872	1
873	13
874	13
875	1
876	1
877	1
878	13
879	13
880	13
881	1
882	1
883	1
884	1
885	1
886	1
887	1
888	1
889	13
890	13
891	13
892	1
893	1
894	1
895	1
896	1
897	13
898	13
899	13
900	13
901	13
902	1
903	1
904	1
905	1
906	13
907	13
908	1
909	13
910	13
911	13
912	1
913	13
914	1
915	1
916	13
917	1
918	13
919	13
920	13
921	13
922	13
923	1
924	13
925	1
926	13
927	1
928	1
929	1
930	1
931	1
932	13
933	13
934	13
935	1
936	1
937	13
938	13
939	13
940	13
941	13
942	1
943	13
944	13
945	1
946	13
947	1
948	1
949	1
950	13
951	13
952	13
953	13
954	13
955	13
956	1
957	1
958	1
959	1
960	13
961	13
962	1
963	1
964	1
965	1
966	13
967	13
968	13
969	1
970	13
971	13
972	1
973	1
974	13
975	1
976	1
977	1
978	13
979	13
980	13
981	13
982	1
983	1
984	2
985	10
986	10
987	10
988	10
989	10
990	10
991	10
992	10
993	10
994	10
995	10
996	10
997	10
998	10
999	10
1000	10
1001	10
1002	10
1003	10
1004	10
1005	10
1006	10
1007	2
1008	1
1009	10
1010	2
1011	1
1012	1
1013	1
1014	1
1015	1
1016	1
1017	2
1018	1
1019	1
1020	2
1021	2
1022	2
1023	2
1024	1
1025	2
1026	2
1027	2
1028	1
1029	1
1030	1
1031	1
1032	2
1033	1
1034	2
1035	2
1036	2
1037	2
1038	2
1039	1
1040	2
1041	2
1042	2
1043	2
1044	1
1045	1
1046	2
1047	2
1048	1
1049	1
1050	2
1051	1
1052	1
1053	2
1054	2
1055	2
1056	2
1057	2
1058	2
1059	1
1060	2
1061	2
1062	1
1063	2
1064	2
1065	2
1066	2
1067	2
1068	2
1069	1
1070	2
1071	1
1072	1
1073	1
1074	1
1075	4
1076	4
1077	4
1078	4
1079	4
1080	4
1081	4
1082	4
1083	4
1084	4
1085	4
1086	4
1087	11
1088	11
1089	11
1090	11
1091	11
1092	11
1093	11
1094	7
1095	7
1096	7
1097	7
1098	7
1099	7
1100	7
1101	7
1102	7
1103	7
1104	7
1105	7
1106	7
1107	12
1108	12
1109	12
1110	12
1111	12
1112	12
1113	12
1114	12
1115	12
1116	12
1117	12
1118	12
1119	12
1120	12
1121	12
1122	13
1123	12
1124	12
1125	12
1126	12
1127	12
1128	12
1129	12
1130	12
1131	13
1132	12
1133	12
1134	12
1135	12
1136	13
1137	13
1138	12
1139	13
1140	12
1141	12
1142	12
1143	12
1144	12
1145	12
1146	13
1147	13
1148	12
1149	12
1150	12
1151	12
1152	12
1153	12
1154	13
1155	13
1156	13
1157	13
1158	13
1159	13
1160	13
1161	13
1162	13
1163	13
1164	13
1165	13
1166	13
1167	13
1168	13
1169	1
1170	2
1171	1
1172	1
1173	2
1174	2
1175	2
1176	1
1177	1
1178	1
1179	1
1180	1
1181	1
1182	1
1183	1
1184	1
1185	1
1186	2
1187	1
1188	1
1189	2
1190	1
1191	2
1192	1
1193	1
1194	1
1195	1
1196	2
1197	1
1198	2
1199	1
1200	8
1201	8
1202	8
1203	8
1204	8
1205	8
1206	8
1207	8
1208	8
1209	8
1210	8
1211	8
1212	8
1213	8
1214	8
1215	8
1216	8
1217	8
1218	8
1219	8
1220	8
1221	8
1222	8
1223	8
1224	8
1225	8
1226	8
1227	8
1228	8
1229	8
1230	8
1231	8
1232	8
1233	8
1234	8
1235	8
1236	8
1237	8
1238	8
1239	8
1240	11
1241	11
1242	11
1243	7
1244	11
1245	11
1246	11
1247	11
1248	7
1249	7
1250	7
1251	7
1252	7
1253	4
1254	4
1255	4
1256	4
1257	4
1258	7
1259	7
1260	7
1261	7
1262	11
1263	11
1264	4
1265	4
1266	4
1267	4
1268	4
1269	4
1270	4
1271	4
1272	4
1273	4
1274	4
1275	4
1276	4
1277	4
1278	6
1279	6
1280	6
1281	7
1282	11
1283	11
1284	4
1285	4
1286	4
1287	4
1288	6
1289	6
1290	6
1291	6
1292	6
1293	6
1294	6
1295	6
1296	6
1297	6
1298	6
1299	6
1300	6
1301	6
1302	6
1303	4
1304	4
1305	4
1306	4
1307	4
1308	4
1309	4
1310	4
1311	4
1312	4
1313	4
1314	13
1315	13
1316	13
1317	13
1318	13
1319	13
1320	13
1321	13
1322	13
1323	13
1324	13
1325	13
1326	13
1327	12
1328	13
1329	13
1330	13
1331	12
1332	12
1333	13
1334	13
1335	13
1336	13
1337	12
1338	13
1339	13
1340	13
1341	13
1342	13
1343	13
1344	12
1345	13
1346	4
1347	4
1348	4
1349	4
1350	4
1351	4
1352	4
1353	4
1354	4
1355	4
1356	4
1357	4
1358	4
1359	4
1360	4
1361	4
1362	4
1363	12
1364	12
1365	12
1366	12
1367	12
1368	12
1369	12
1370	12
1371	12
1372	12
1373	12
1374	12
1375	12
1376	12
1377	12
1378	12
1379	12
1380	12
1381	13
1382	13
1383	13
1384	13
1385	13
1386	13
1387	13
1388	13
1389	13
1390	13
1391	13
1392	13
1393	13
1394	13
1395	13
1396	13
1397	4
1398	4
1399	4
1400	4
1401	4
1402	4
1403	4
1404	4
1405	4
1406	4
1407	4
1408	4
1409	4
1410	4
1411	4
1412	4
1413	4
1414	4
1415	4
1416	4
1417	4
1418	4
1419	4
1420	4
1421	4
1422	4
1423	4
1424	4
1425	4
1426	4
1427	4
1428	3
1429	3
1430	3
1431	3
1432	8
1433	3
1434	3
1435	3
1436	3
1437	3
1438	3
1439	3
1440	3
1441	2
1442	2
1443	2
1444	2
1445	2
1446	2
1447	2
1448	2
1449	2
1450	2
1451	2
1452	2
1453	2
1454	2
1455	3
1456	8
1457	3
1458	8
1459	3
1460	3
1461	3
1462	3
1463	3
1464	3
1465	7
1466	7
1467	7
1468	7
1469	7
1470	7
1471	7
1472	7
1473	7
1474	7
1475	7
1476	7
1477	7
1478	7
1479	7
1480	7
1481	7
1482	7
1483	7
1484	7
1485	7
1486	7
1487	7
1488	7
1489	2
1490	2
1491	2
1492	2
1493	2
1494	2
1495	2
1496	2
1497	2
1498	2
1499	2
1500	2
1501	5
1502	5
1503	5
1504	5
1505	5
1506	5
1507	5
1508	5
1509	5
1510	5
1511	5
1512	5
1513	5
1514	5
1515	5
1516	5
1517	5
1518	5
1519	5
1520	5
1521	5
1522	5
1523	5
1524	5
1525	5
1526	5
1527	5
1528	5
1529	10
1530	10
1531	10
1532	10
1533	10
1534	10
1535	10
1536	10
1537	10
1538	10
1539	10
1540	10
1541	10
1542	10
1543	10
1544	10
1545	10
1546	10
1547	10
1548	10
1549	10
1550	10
1551	10
1552	8
1553	8
1554	8
1555	8
1556	8
1557	8
1558	8
1559	8
1560	8
1561	8
1562	8
1563	8
1564	8
1565	8
1566	8
1567	8
1568	8
1569	8
1570	8
1571	8
1572	8
1573	8
1574	8
1575	8
1576	2
1577	2
1578	2
1579	2
1580	2
1581	2
1582	2
1583	2
1584	2
1585	2
1586	2
1587	2
1588	2
1589	2
1590	2
1591	2
1592	2
1593	4
1594	4
1595	4
1596	4
1597	4
1598	4
1599	4
1600	4
1601	4
1602	8
1603	8
1604	8
1605	8
1606	8
1607	8
1608	8
1609	8
1610	8
1611	8
1612	8
1613	8
1614	8
1615	8
1616	8
1617	8
1618	7
1619	7
1620	7
1621	7
1622	7
1623	7
1624	7
1625	7
1626	7
1627	7
1628	7
1629	1
1630	2
1631	1
1632	2
1633	1
1634	1
1635	1
1636	1
1637	1
1638	1
1639	1
1640	1
1641	1
1642	1
1643	1
1644	7
1645	7
1646	7
1647	7
1648	7
1649	1
1650	1
1651	1
1652	1
1653	1
1654	1
1655	1
1656	1
1658	1
1659	1
1660	1
1661	1
1662	1
1663	1
1664	1
1665	1
1666	2
1667	2
1668	2
1669	1
1670	1
1671	1
1672	1
1673	7
1674	1
1675	1
1676	1
1677	7
1678	11
1679	11
1680	11
1681	11
1682	11
1683	11
1684	11
1685	4
1686	4
1687	4
1688	2
1689	2
1690	4
1691	2
1692	2
1693	2
1694	2
1695	4
1696	2
1697	2
1698	4
1699	4
1700	4
1701	2
1702	2
1703	9
1704	9
1705	2
1706	2
1707	2
1708	2
1709	2
1710	2
1711	2
1712	2
1713	7
1714	7
1715	7
1716	7
1717	7
1718	7
1719	7
1720	7
1721	7
1722	7
1723	7
1724	7
1725	2
1726	2
1727	2
1728	7
1729	2
1730	2
1731	2
1732	2
1733	2
1734	2
1735	2
1736	2
1737	2
1738	2
1739	2
1740	2
1741	2
1742	5
1743	5
1744	9
1745	5
1746	5
1747	9
1748	5
1749	5
1750	5
1751	5
1752	5
1753	5
1754	5
1755	5
1756	9
1757	7
1758	7
1759	7
1760	7
1761	5
1762	5
1763	5
1764	9
1765	5
1766	5
1767	9
1768	5
1769	5
1770	5
1771	5
1772	5
1773	5
1774	7
1775	7
1776	7
1777	7
1778	7
1779	7
1780	7
1781	7
1782	7
1783	7
1784	7
1785	7
1786	7
1787	5
1788	5
1789	5
1790	5
1791	5
1792	5
1793	5
1794	5
1795	7
1796	7
1797	7
1798	7
1799	5
1800	5
1801	5
1802	5
1803	5
1804	9
1805	5
1806	9
1807	5
1808	5
1809	3
1810	9
1811	9
1812	9
1813	9
1814	9
1815	3
1816	3
1817	9
1818	9
1819	3
1820	3
1821	3
1822	9
1823	3
1824	3
1825	9
1826	9
1827	9
1828	9
1829	9
1830	7
1831	7
1832	7
1833	7
1834	7
1835	3
1836	3
1837	7
1838	3
1839	3
1840	10
1841	10
1842	10
1843	10
1844	10
1845	3
1846	3
1847	3
1848	3
1849	9
1850	3
1851	3
1852	3
1853	3
1854	9
1855	3
1856	9
1857	7
1858	7
1859	7
1860	7
1861	7
1862	7
1863	3
1864	3
1865	3
1866	3
1867	3
1868	3
1869	3
1870	3
1871	9
1872	10
1873	10
1874	11
1875	11
1876	11
1877	10
1878	11
1879	11
1880	11
1881	11
1882	10
1883	11
1884	11
1885	11
1886	11
1887	11
1888	11
1889	11
1890	11
1891	11
1892	11
1893	11
1894	10
1895	4
1896	4
1897	4
1898	13
1899	13
1900	13
1901	13
1902	13
1903	13
1904	4
1905	4
1906	4
1907	4
1908	4
1909	4
1910	4
1911	4
1912	4
1913	4
1914	4
1915	4
1916	13
1917	13
1918	13
1919	13
1920	13
1921	13
1922	13
1923	13
1924	4
1925	4
1926	4
1927	4
1928	4
1929	4
1930	4
1931	4
1932	4
1933	4
1934	4
1935	4
1936	4
1937	4
1938	4
1939	4
1940	4
1941	4
1942	4
1943	4
1944	4
1945	4
1946	4
1947	4
1948	4
1949	4
1950	4
1951	4
1952	4
1953	4
1954	4
1955	4
1956	4
1957	4
1958	4
1959	4
1960	4
1961	4
1962	4
1963	4
1964	4
1965	4
1966	4
1967	4
1968	4
1969	4
1970	4
1971	4
1972	4
1973	4
1974	4
1975	4
1976	8
1977	8
1978	8
1979	10
1980	8
1981	10
1982	10
1983	8
1984	10
1985	10
1986	10
1987	8
1988	8
1989	8
1990	8
1991	10
1992	8
1993	8
1994	8
1995	10
1996	8
1997	8
1998	8
1999	8
2000	8
2001	8
2002	8
2003	8
2004	8
2005	8
2006	8
2007	8
2008	8
2009	10
2010	8
2011	10
2012	10
2013	8
2014	8
2015	8
2016	8
2017	11
2018	11
2019	11
2020	11
2021	11
2022	11
2023	11
2024	11
2025	11
2026	11
2027	11
2028	11
2029	11
2030	10
2031	10
2032	10
2033	10
2034	10
2035	11
2036	11
2037	10
2038	7
2039	7
2040	7
2041	7
2042	7
2043	11
2044	11
2045	11
2046	11
2047	11
2048	7
2049	7
2050	11
2051	11
2052	11
2053	10
2054	10
2055	11
2056	10
2057	11
2058	8
2059	8
2060	8
2061	8
2062	8
2063	8
2064	8
2065	8
2066	8
2067	8
2068	11
2069	11
2070	11
2071	11
2072	11
2073	7
2074	11
2075	11
2076	11
2077	7
2078	7
2079	11
2080	7
2081	11
2082	11
2083	11
2084	11
2085	11
2086	11
2087	11
2088	11
2089	2
2090	2
2091	2
2092	2
2093	2
2094	2
2095	2
2096	5
2097	5
2098	5
2099	5
2100	5
2101	5
2102	5
2103	5
2104	5
2105	5
2106	5
2107	5
2108	5
2109	5
2110	5
2111	5
2112	5
2113	9
2114	9
2115	9
2116	9
2117	9
2118	3
2119	9
2120	3
2121	3
2122	3
2123	3
2124	11
2125	9
2126	3
2127	9
2128	9
2129	9
2130	3
2131	9
2132	9
2133	3
2134	9
2135	9
2136	9
2137	3
2138	3
2139	3
2140	3
2141	9
2142	9
2143	9
2144	9
2145	3
2146	3
2147	3
2148	3
2149	3
2150	9
2151	9
2152	9
2153	9
2154	9
2155	9
2156	9
2157	9
2158	9
2159	3
2160	9
2161	9
2162	9
2163	9
2164	9
2165	9
2166	9
2167	3
2168	3
2169	9
2170	9
2171	9
2172	9
2173	9
2174	9
2175	9
2176	3
2177	3
2178	9
2179	9
2180	9
2181	9
2182	9
2183	9
2184	9
2185	9
2186	9
2187	9
2188	9
2189	3
2190	3
2191	3
2192	3
2193	9
2194	9
2195	9
2196	3
2197	3
2198	9
2199	3
2200	9
2201	9
2202	9
2203	9
2204	9
2205	9
2206	3
2207	3
2208	3
2209	9
2210	9
2211	9
2212	9
2213	3
2214	3
2215	9
2216	3
2217	3
2218	9
2219	9
2220	9
2221	3
2222	3
2223	3
2224	9
2225	9
2226	9
2227	9
2228	9
2229	3
2230	9
2231	9
2232	9
2233	3
2234	3
2235	9
2236	3
2237	3
2238	3
2239	9
2240	9
2241	3
2242	3
2243	3
2244	9
2245	3
2246	9
2247	9
2248	9
2249	9
2250	9
2251	9
2252	9
2253	9
2254	9
2255	9
2256	9
2257	9
2258	3
2259	3
2260	3
2261	9
2262	9
2263	9
2264	9
2265	9
2266	9
2267	9
2268	9
2269	9
2270	9
2271	9
2272	9
2273	9
2274	9
2275	9
2276	9
2277	3
2278	9
2279	9
2280	9
2281	9
2282	3
2283	3
2284	11
2285	11
2286	9
2287	9
2288	9
2289	9
2290	9
2291	9
2292	9
2293	9
2294	3
2295	3
2296	3
2297	3
2298	3
2299	3
2300	3
2301	9
2302	3
2303	3
2304	3
2305	9
2306	9
2307	9
2308	9
2309	11
2310	11
2311	11
2312	1
2313	1
2314	1
2315	1
2316	1
2317	1
2318	1
2319	1
2320	1
2321	1
2322	1
2323	1
2324	1
2325	1
2326	1
2327	1
2328	1
2329	1
2330	5
2331	5
2332	5
2333	5
2334	5
2335	5
2336	5
2337	5
2338	5
2339	5
2340	5
2341	5
2342	5
2343	5
2344	5
2345	5
2346	1
2347	1
2348	1
2349	1
2350	1
2351	1
2352	1
2353	1
2354	1
2355	1
2356	1
2357	1
2358	1
2359	1
2360	1
2361	1
2362	1
2363	1
2364	1
2365	1
2366	3
2367	3
2368	3
2369	3
2370	3
2371	3
2372	3
2373	3
2374	3
2375	3
2376	3
2377	3
2378	3
2379	3
2380	3
2381	3
2382	3
2383	3
2384	3
2385	3
2386	3
2387	3
2388	3
2389	3
2390	3
2391	3
2392	3
2393	3
2394	3
2395	3
2396	3
2397	3
2398	3
2399	3
2400	3
2401	3
2402	3
2403	3
2404	3
2405	3
2406	3
2407	3
2408	3
2409	3
2410	3
2411	3
2412	3
2413	3
2414	3
2415	6
2416	6
2417	6
2418	6
2419	6
2420	6
2421	12
2422	6
2423	6
2424	6
2425	6
2426	6
2427	6
2428	6
2429	6
2430	6
2431	6
2432	6
2433	6
2434	6
2435	6
2436	6
2437	6
2438	6
2439	6
2440	6
2441	6
2442	6
2443	6
2444	6
2445	6
2446	6
2447	6
2448	6
2449	12
2450	12
2451	12
2452	12
2453	12
2454	6
2455	6
2456	6
2457	6
2458	6
2459	12
2460	6
2461	6
2462	12
2463	12
2464	6
2465	6
2466	6
2467	6
2468	12
2469	12
2470	12
2471	12
2472	12
2473	6
2474	6
2475	12
2476	12
2477	6
2478	6
2479	12
2480	12
2481	6
2482	12
2483	12
2484	12
2485	12
2486	12
2487	6
2488	12
2489	12
2490	12
2491	12
2492	12
2493	12
2494	6
2495	12
2496	6
2497	6
2498	6
2499	6
2500	12
2501	12
2502	6
2503	6
2504	6
2505	6
2506	6
2507	6
2508	6
2509	6
2510	6
2511	6
2512	6
2513	6
2514	6
2515	12
2516	12
2517	12
2518	12
2519	12
2520	12
2521	12
2522	12
2523	6
2524	6
2525	6
2526	12
2527	12
2528	6
2529	6
2530	6
2531	6
2532	6
2533	6
2534	6
2535	6
2536	6
2537	6
2538	6
2539	12
2540	6
2541	12
2542	6
2543	6
2544	12
2545	12
2546	12
2547	6
2548	6
2549	6
2550	12
2551	12
2552	6
2553	6
2554	12
2555	12
2556	12
2557	12
2558	6
2559	6
2560	6
2561	6
2562	6
2563	6
2564	6
2565	6
2566	6
2567	6
2568	6
2569	6
2570	6
2571	6
2572	6
2573	6
2574	6
2575	12
2576	12
2577	12
2578	12
2579	12
2580	12
2581	6
2582	6
2583	12
2584	12
2585	6
2586	6
2587	6
2588	6
2589	6
2590	6
2591	6
2592	6
2593	6
2594	6
2595	6
2596	6
2597	6
2598	6
2599	6
2600	12
2601	12
2602	6
2603	6
2604	6
2605	6
2606	11
2607	11
2608	11
2609	11
2610	11
2611	11
2612	11
2613	11
2614	11
2615	11
2616	11
2617	11
2618	11
2619	11
2620	11
2621	11
2622	11
2623	11
2624	11
2625	11
2626	11
2627	11
2628	11
2629	11
2630	11
2631	11
2632	11
2633	11
2634	11
2635	11
2636	11
2637	11
2638	11
2639	11
2640	8
2641	8
2642	8
2643	8
2644	8
2645	8
2646	8
2647	8
2648	8
2649	8
2650	8
2651	8
2652	8
2653	8
2654	10
2655	10
2656	8
2657	10
2658	10
2659	8
2660	8
2661	10
2662	10
2663	8
2664	10
2665	8
2666	8
2667	8
2668	8
2669	10
2670	10
2671	8
2672	8
2673	8
2674	10
2675	10
2676	8
2677	8
2678	10
2679	8
2680	8
2681	8
2682	8
2683	8
2684	8
2685	8
2686	8
2687	8
2688	5
2689	5
2690	5
2691	5
315	2
1657	1
