0	11
1	11
2	11
3	11
4	11
5	11
6	11
7	4
8	4
9	4
10	4
11	4
12	4
13	4
14	4
15	4
16	4
17	4
18	12
19	11
20	11
21	1
22	1
23	1
24	1
25	1
26	1
27	1
28	1
29	12
30	12
31	12
32	12
33	12
34	12
35	12
36	12
37	12
38	12
39	12
40	12
41	12
42	12
43	12
44	12
45	12
46	12
47	12
48	12
49	6
50	6
51	6
52	6
53	10
54	10
55	10
56	10
57	10
58	6
59	6
60	6
61	6
62	6
63	6
64	6
65	10
66	10
67	10
68	10
69	10
70	10
71	1
72	1
73	1
74	1
75	6
76	6
77	6
78	6
79	6
80	6
81	6
82	6
83	3
84	3
85	3
86	3
87	3
88	3
89	3
90	3
91	3
92	3
93	3
94	3
95	3
96	4
97	4
98	4
99	4
100	4
101	4
102	4
103	4
104	4
105	4
106	4
107	4
108	4
109	4
110	4
111	4
112	4
113	4
114	4
115	4
116	4
117	4
118	4
119	4
120	4
121	4
122	4
123	4
124	4
125	4
126	4
127	4
128	4
129	1
130	1
131	1
132	7
133	7
134	1
135	1
136	1
137	1
138	1
139	7
140	1
141	7
142	7
143	1
144	1
145	1
146	1
147	7
148	1
149	1
150	7
151	1
152	1
153	7
154	1
155	1
156	1
157	7
158	7
159	7
160	7
161	7
162	7
163	7
164	1
165	7
166	3
167	3
168	3
169	7
170	3
171	3
172	3
173	3
174	7
175	7
176	7
177	3
178	7
179	3
180	3
181	7
182	7
183	6
184	6
185	6
186	6
187	6
188	6
189	6
190	6
191	6
192	6
193	6
194	6
195	6
196	6
197	6
198	6
199	6
200	6
201	6
202	6
203	6
204	6
205	6
206	6
207	6
208	1
209	1
210	1
211	1
212	1
213	1
214	1
215	1
216	1
217	1
218	1
219	1
220	1
221	1
222	1
223	1
224	1
225	1
226	1
227	1
228	1
229	1
230	1
231	1
232	1
233	1
234	1
235	1
236	1
237	1
238	1
239	1
240	1
241	1
242	1
243	1
244	1
245	1
246	1
247	1
248	6
249	6
250	6
251	6
252	6
253	6
254	6
255	6
256	6
257	6
258	6
259	6
260	6
261	2
262	2
263	2
264	2
265	2
266	2
267	2
268	2
269	2
270	2
271	2
272	2
273	2
274	2
275	2
276	2
277	2
278	2
279	2
280	2
281	2
282	2
283	2
284	2
285	2
286	2
287	2
288	2
289	2
290	2
291	2
292	2
293	2
294	2
295	2
296	2
297	2
298	2
299	2
300	2
301	2
302	6
303	6
304	6
305	6
306	10
307	13
308	13
309	10
310	13
311	10
312	13
313	13
314	10
316	12
317	12
318	12
319	12
320	12
321	12
322	12
323	12
324	12
325	12
326	12
327	12
328	12
329	12
330	12
331	13
332	10
333	13
334	13
335	10
336	10
337	12
338	12
339	12
340	10
341	10
342	13
343	13
344	13
345	13
346	13
347	10
348	10
349	13
350	13
351	13
352	13
353	13
354	13
355	13
356	7
357	7
358	7
359	7
360	7
361	7
362	7
363	7
364	7
365	7
366	7
367	7
368	7
369	13
370	13
371	13
372	13
373	10
374	13
375	13
376	13
377	13
378	13
379	13
380	13
381	13
382	13
383	13
384	13
385	13
386	13
387	13
388	13
389	12
390	12
391	12
392	12
393	12
394	13
395	13
396	10
397	13
398	12
399	12
400	12
401	12
402	12
403	1
404	1
405	1
406	1
407	1
408	1
409	11
410	11
411	6
412	6
413	6
414	6
415	6
416	6
417	6
418	6
419	6
420	6
421	6
422	6
423	6
424	6
425	3
426	3
427	3
428	3
429	3
430	3
431	3
432	3
433	6
434	6
435	6
436	6
437	6
438	6
439	6
440	6
441	6
442	6
443	6
444	6
445	11
446	3
447	3
448	3
449	3
450	3
451	6
452	11
453	6
454	3
455	3
456	3
457	6
458	11
459	6
460	11
461	6
462	6
463	3
464	3
465	3
466	3
467	3
468	3
469	3
470	3
471	3
472	3
473	6
474	11
475	2
476	2
477	7
478	7
479	7
480	7
481	7
482	7
483	7
484	1
485	1
486	7
487	7
488	7
489	2
490	2
491	2
492	2
493	2
494	2
495	7
496	7
497	7
498	1
499	7
500	7
501	7
502	1
503	7
504	7
505	7
506	1
507	1
508	1
509	1
510	1
511	1
512	1
513	1
514	1
515	1
516	1
517	1
518	1
519	1
520	1
521	1
522	4
523	4
524	4
525	8
526	11
527	11
528	8
529	8
530	8
531	8
532	8
533	8
534	8
535	8
536	8
537	8
538	11
539	11
540	11
541	11
542	11
543	11
544	11
545	11
546	11
547	11
548	11
549	11
550	11
551	11
552	11
553	11
554	11
555	11
556	11
557	11
558	11
559	1
560	1
561	2
562	1
563	1
564	1
565	11
566	11
567	11
568	11
569	11
570	8
571	8
572	8
573	8
574	8
575	8
576	8
577	8
578	8
579	8
580	8
581	11
582	11
583	11
584	11
585	11
586	11
587	2
588	2
589	2
590	2
591	2
592	1
593	1
594	2
595	1
596	2
597	1
598	2
599	1
600	1
601	1
602	1
603	6
604	6
605	6
606	6
607	6
608	6
609	6
610	6
611	6
612	6
613	6
614	6
615	6
616	6
617	2
618	1
619	1
620	2
621	2
622	2
623	2
624	2
625	2
626	2
627	2
628	1
629	1
630	1
631	1
632	2
633	2
634	2
635	1
636	2
637	2
638	2
639	6
640	6
641	6
642	6
643	6
644	6
645	6
646	6
647	6
648	6
649	6
650	6
651	6
652	6
653	6
654	6
655	6
656	6
657	3
658	3
659	7
660	7
661	11
662	11
663	11
664	11
665	11
666	11
667	11
668	11
669	11
670	1
671	1
672	1
673	1
674	1
675	1
676	1
677	1
678	1
679	1
680	11
681	11
682	11
683	11
684	11
685	11
686	11
687	11
688	11
689	11
690	11
691	11
692	11
693	11
694	11
695	11
696	11
697	1
698	1
699	1
700	1
701	1
702	1
703	1
704	1
705	1
706	1
707	1
708	1
709	1
710	1
711	1
712	1
713	1
714	11
715	11
716	2
717	2
718	1
719	1
720	1
721	2
722	2
723	2
724	2
725	2
726	2
727	2
728	2
729	2
730	2
731	2
732	12
733	12
734	12
735	12
736	12
737	7
738	3
739	3
740	3
741	3
742	3
743	3
744	3
745	12
746	12
747	12
748	12
749	12
750	12
751	12
752	12
753	12
754	12
755	12
756	12
757	12
758	12
759	12
760	12
761	12
762	12
763	12
764	12
765	12
766	3
767	3
768	3
769	3
770	12
771	12
772	3
773	3
774	3
775	3
776	3
777	3
778	3
779	3
780	3
781	3
782	3
783	3
784	3
785	1
786	3
787	3
788	3
789	3
790	3
791	1
792	1
793	1
794	1
795	1
796	1
797	1
798	1
799	1
800	1
801	3
802	3
803	3
804	3
805	1
806	1
807	1
808	3
809	3
810	3
811	9
812	9
813	9
814	9
815	9
816	9
817	9
818	9
819	9
820	9
821	9
822	9
823	9
824	9
825	9
826	9
827	9
828	9
829	9
830	9
831	9
832	9
833	9
834	9
835	9
836	9
837	9
838	9
839	9
840	9
841	9
842	9
843	9
844	9
845	9
846	9
847	9
848	9
849	9
850	9
851	9
852	9
853	9
854	9
855	9
856	9
857	9
858	6
859	6
860	6
861	6
862	6
863	6
864	6
865	6
866	6
867	6
868	6
869	6
870	6
871	9
872	9
873	9
874	9
875	9
876	9
877	9
878	9
879	9
880	9
881	9
882	9
883	9
884	9
885	9
886	9
887	9
888	9
889	9
890	9
891	9
892	9
893	9
894	9
895	9
896	9
897	9
898	9
899	9
900	9
901	9
902	9
903	9
904	9
905	9
906	9
907	9
908	9
909	9
910	9
911	9
912	9
913	9
914	9
915	9
916	9
917	9
918	9
919	9
920	9
921	9
922	9
923	9
924	9
925	9
926	9
927	9
928	9
929	9
930	9
931	9
932	9
933	9
934	9
935	9
936	9
937	9
938	9
939	9
940	9
941	9
942	9
943	9
944	9
945	9
946	9
947	9
948	9
949	9
950	9
951	9
952	9
953	9
954	9
955	9
956	9
957	9
958	9
959	9
960	9
961	9
962	9
963	9
964	9
965	9
966	9
967	9
968	9
969	9
970	9
971	9
972	9
973	9
974	9
975	9
976	9
977	9
978	9
979	9
980	9
981	9
982	12
983	9
984	12
985	7
986	7
987	7
988	7
989	7
990	7
991	7
992	7
993	7
994	7
995	7
996	7
997	7
998	7
999	7
1000	7
1001	7
1002	7
1003	7
1004	7
1005	7
1006	7
1007	12
1008	12
1009	7
1010	12
1011	9
1012	12
1013	12
1014	12
1015	9
1016	9
1017	12
1018	12
1019	9
1020	12
1021	12
1022	12
1023	12
1024	12
1025	12
1026	12
1027	12
1028	9
1029	9
1030	9
1031	9
1032	12
1033	9
1034	12
1035	12
1036	12
1037	12
1038	12
1039	12
1040	12
1041	12
1042	12
1043	12
1044	9
1045	9
1046	12
1047	12
1048	12
1049	9
1050	12
1051	12
1052	12
1053	12
1054	12
1055	12
1056	12
1057	12
1058	12
1059	9
1060	12
1061	12
1062	9
1063	12
1064	12
1065	12
1066	12
1067	12
1068	12
1069	12
1070	12
1071	9
1072	9
1073	9
1074	9
1075	6
1076	6
1077	6
1078	6
1079	6
1080	6
1081	6
1082	6
1083	6
1084	6
1085	6
1086	6
1087	2
1088	2
1089	2
1090	2
1091	2
1092	2
1093	2
1094	1
1095	1
1096	1
1097	1
1098	1
1099	1
1100	1
1101	1
1102	1
1103	1
1104	1
1105	1
1106	1
1107	7
1108	7
1109	7
1110	7
1111	7
1112	7
1113	7
1114	10
1115	7
1116	10
1117	7
1118	10
1119	7
1120	7
1121	7
1122	10
1123	7
1124	10
1125	10
1126	7
1127	7
1128	7
1129	7
1130	7
1131	10
1132	10
1133	10
1134	7
1135	7
1136	10
1137	10
1138	4
1139	10
1140	7
1141	7
1142	7
1143	7
1144	7
1145	7
1146	10
1147	10
1148	7
1149	7
1150	7
1151	7
1152	7
1153	10
1154	13
1155	13
1156	13
1157	13
1158	13
1159	13
1160	13
1161	13
1162	13
1163	13
1164	13
1165	13
1166	13
1167	13
1168	13
1169	9
1170	12
1171	12
1172	9
1173	12
1174	12
1175	12
1176	9
1177	9
1178	9
1179	9
1180	12
1181	9
1182	9
1183	12
1184	12
1185	12
1186	12
1187	12
1188	9
1189	12
1190	12
1191	12
1192	12
1193	12
1194	12
1195	9
1196	12
1197	9
1198	12
1199	9
1200	4
1201	4
1202	4
1203	4
1204	4
1205	4
1206	4
1207	4
1208	4
1209	4
1210	4
1211	4
1212	4
1213	4
1214	4
1215	4
1216	4
1217	4
1218	4
1219	4
1220	4
1221	4
1222	4
1223	4
1224	4
1225	4
1226	4
1227	4
1228	4
1229	4
1230	4
1231	4
1232	4
1233	4
1234	4
1235	4
1236	4
1237	4
1238	4
1239	4
1240	2
1241	2
1242	2
1243	2
1244	2
1245	2
1246	2
1247	2
1248	2
1249	2
1250	2
1251	2
1252	2
1253	6
1254	12
1255	6
1256	12
1257	12
1258	2
1259	2
1260	2
1261	2
1262	2
1263	2
1264	12
1265	12
1266	6
1267	6
1268	12
1269	6
1270	6
1271	6
1272	6
1273	6
1274	12
1275	6
1276	6
1277	12
1278	13
1279	1
1280	1
1281	2
1282	2
1283	2
1284	12
1285	12
1286	6
1287	6
1288	13
1289	13
1290	13
1291	13
1292	13
1293	13
1294	13
1295	13
1296	13
1297	13
1298	1
1299	13
1300	1
1301	13
1302	13
1303	6
1304	6
1305	6
1306	6
1307	6
1308	6
1309	6
1310	6
1311	6
1312	6
1313	6
1314	4
1315	4
1316	4
1317	4
1318	4
1319	4
1320	4
1321	4
1322	4
1323	4
1324	4
1325	4
1326	4
1327	4
1328	4
1329	4
1330	4
1331	4
1332	4
1333	4
1334	4
1335	4
1336	10
1337	4
1338	4
1339	10
1340	10
1341	10
1342	4
1343	4
1344	4
1345	4
1346	6
1347	6
1348	6
1349	6
1350	6
1351	6
1352	6
1353	6
1354	6
1355	6
1356	6
1357	6
1358	6
1359	6
1360	6
1361	6
1362	6
1363	7
1364	7
1365	7
1366	7
1367	7
1368	7
1369	7
1370	7
1371	7
1372	7
1373	7
1374	7
1375	7
1376	7
1377	7
1378	7
1379	7
1380	10
1381	13
1382	13
1383	13
1384	13
1385	13
1386	13
1387	13
1388	13
1389	13
1390	13
1391	13
1392	13
1393	13
1394	13
1395	13
1396	13
1397	6
1398	6
1399	6
1400	6
1401	6
1402	6
1403	6
1404	6
1405	6
1406	6
1407	6
1408	6
1409	6
1410	6
1411	6
1412	6
1413	6
1414	6
1415	6
1416	6
1417	6
1418	6
1419	6
1420	6
1421	6
1422	6
1423	6
1424	6
1425	6
1426	6
1427	6
1428	4
1429	4
1430	4
1431	4
1432	8
1433	4
1434	4
1435	4
1436	4
1437	4
1438	4
1439	4
1440	4
1441	12
1442	12
1443	12
1444	12
1445	12
1446	12
1447	12
1448	12
1449	12
1450	12
1451	12
1452	12
1453	12
1454	12
1455	4
1456	8
1457	4
1458	8
1459	4
1460	4
1461	4
1462	4
1463	4
1464	4
1465	1
1466	1
1467	1
1468	1
1469	1
1470	1
1471	1
1472	1
1473	1
1474	1
1475	1
1476	1
1477	1
1478	1
1479	1
1480	1
1481	1
1482	1
1483	1
1484	1
1485	1
1486	1
1487	1
1488	1
1489	12
1490	12
1491	12
1492	12
1493	12
1494	12
1495	12
1496	12
1497	12
1498	12
1499	12
1500	12
1501	11
1502	11
1503	11
1504	11
1505	11
1506	11
1507	11
1508	11
1509	11
1510	11
1511	11
1512	11
1513	11
1514	11
1515	11
1516	11
1517	11
1518	11
1519	11
1520	11
1521	11
1522	11
1523	11
1524	11
1525	11
1526	11
1527	11
1528	11
1529	3
1530	3
1531	3
1532	3
1533	3
1534	3
1535	3
1536	3
1537	3
1538	3
1539	3
1540	3
1541	3
1542	3
1543	3
1544	3
1545	3
1546	3
1547	3
1548	3
1549	3
1550	3
1551	3
1552	3
1553	8
1554	8
1555	8
1556	8
1557	8
1558	8
1559	8
1560	8
1561	8
1562	8
1563	8
1564	8
1565	8
1566	8
1567	8
1568	8
1569	8
1570	8
1571	8
1572	8
1573	8
1574	8
1575	8
1576	12
1577	12
1578	12
1579	12
1580	12
1581	12
1582	12
1583	12
1584	12
1585	12
1586	12
1587	12
1588	12
1589	12
1590	12
1591	12
1592	12
1593	6
1594	6
1595	6
1596	6
1597	6
1598	6
1599	6
1600	6
1601	6
1602	8
1603	8
1604	8
1605	8
1606	8
1607	8
1608	8
1609	8
1610	8
1611	8
1612	8
1613	8
1614	8
1615	8
1616	8
1617	8
1618	1
1619	1
1620	1
1621	1
1622	1
1623	1
1624	1
1625	1
1626	1
1627	1
1628	1
1629	12
1630	12
1631	4
1632	12
1633	4
1634	4
1635	4
1636	4
1637	4
1638	4
1639	12
1640	4
1641	4
1642	4
1643	4
1644	1
1645	1
1646	1
1647	1
1648	1
1649	4
1650	12
1651	4
1652	12
1653	4
1654	4
1655	4
1656	4
1658	4
1659	12
1660	4
1661	4
1662	4
1663	4
1664	4
1665	4
1666	12
1667	12
1668	12
1669	12
1670	4
1671	4
1672	4
1673	1
1674	4
1675	4
1676	4
1677	1
1678	2
1679	2
1680	2
1681	2
1682	2
1683	2
1684	2
1685	12
1686	12
1687	12
1688	12
1689	12
1690	12
1691	12
1692	12
1693	12
1694	12
1695	12
1696	12
1697	12
1698	12
1699	12
1700	12
1701	11
1702	11
1703	5
1704	5
1705	12
1706	12
1707	12
1708	12
1709	11
1710	12
1711	12
1712	12
1713	1
1714	1
1715	1
1716	1
1717	1
1718	1
1719	1
1720	1
1721	1
1722	1
1723	1
1724	1
1725	12
1726	11
1727	12
1728	1
1729	11
1730	11
1731	11
1732	11
1733	12
1734	12
1735	12
1736	11
1737	11
1738	11
1739	11
1740	11
1741	11
1742	11
1743	11
1744	5
1745	5
1746	11
1747	5
1748	11
1749	5
1750	5
1751	11
1752	11
1753	11
1754	5
1755	11
1756	5
1757	1
1758	1
1759	1
1760	1
1761	11
1762	5
1763	5
1764	5
1765	11
1766	11
1767	5
1768	5
1769	11
1770	11
1771	11
1772	5
1773	11
1774	1
1775	1
1776	1
1777	1
1778	1
1779	1
1780	1
1781	1
1782	1
1783	1
1784	1
1785	1
1786	1
1787	5
1788	5
1789	11
1790	11
1791	5
1792	11
1793	11
1794	5
1795	1
1796	1
1797	1
1798	1
1799	11
1800	11
1801	11
1802	11
1803	5
1804	5
1805	11
1806	5
1807	11
1808	5
1809	4
1810	4
1811	4
1812	4
1813	4
1814	4
1815	4
1816	4
1817	4
1818	4
1819	4
1820	4
1821	4
1822	4
1823	4
1824	4
1825	4
1826	4
1827	4
1828	4
1829	4
1830	2
1831	2
1832	2
1833	2
1834	2
1835	4
1836	4
1837	2
1838	4
1839	4
1840	8
1841	8
1842	8
1843	8
1844	8
1845	4
1846	4
1847	4
1848	4
1849	4
1850	4
1851	4
1852	4
1853	4
1854	4
1855	4
1856	4
1857	1
1858	1
1859	1
1860	1
1861	1
1862	1
1863	4
1864	4
1865	4
1866	4
1867	4
1868	4
1869	4
1870	4
1871	4
1872	2
1873	2
1874	2
1875	2
1876	2
1877	2
1878	2
1879	2
1880	2
1881	2
1882	2
1883	2
1884	2
1885	2
1886	2
1887	2
1888	2
1889	2
1890	2
1891	2
1892	2
1893	2
1894	2
1895	11
1896	11
1897	11
1898	10
1899	10
1900	10
1901	10
1902	10
1903	10
1904	6
1905	6
1906	6
1907	6
1908	11
1909	6
1910	6
1911	11
1912	6
1913	6
1914	6
1915	6
1916	10
1917	10
1918	10
1919	10
1920	10
1921	10
1922	10
1923	10
1924	11
1925	11
1926	11
1927	11
1928	11
1929	11
1930	11
1931	6
1932	6
1933	11
1934	6
1935	6
1936	6
1937	11
1938	6
1939	6
1940	11
1941	11
1942	6
1943	6
1944	11
1945	11
1946	6
1947	6
1948	6
1949	6
1950	6
1951	11
1952	11
1953	11
1954	6
1955	6
1956	11
1957	11
1958	6
1959	11
1960	6
1961	6
1962	6
1963	6
1964	6
1965	11
1966	6
1967	6
1968	6
1969	6
1970	11
1971	11
1972	11
1973	6
1974	11
1975	11
1976	3
1977	3
1978	3
1979	3
1980	3
1981	3
1982	3
1983	3
1984	3
1985	3
1986	3
1987	3
1988	3
1989	3
1990	3
1991	3
1992	3
1993	3
1994	3
1995	3
1996	3
1997	3
1998	3
1999	3
2000	3
2001	3
2002	3
2003	3
2004	3
2005	3
2006	3
2007	3
2008	3
2009	3
2010	3
2011	3
2012	3
2013	3
2014	3
2015	3
2016	3
2017	2
2018	2
2019	2
2020	2
2021	2
2022	2
2023	2
2024	7
2025	2
2026	2
2027	2
2028	2
2029	2
2030	7
2031	7
2032	7
2033	7
2034	7
2035	7
2036	7
2037	7
2038	2
2039	2
2040	2
2041	2
2042	2
2043	2
2044	2
2045	2
2046	7
2047	7
2048	2
2049	2
2050	2
2051	7
2052	7
2053	7
2054	7
2055	7
2056	7
2057	7
2058	3
2059	3
2060	3
2061	3
2062	3
2063	3
2064	3
2065	3
2066	3
2067	3
2068	2
2069	2
2070	2
2071	2
2072	2
2073	2
2074	2
2075	2
2076	2
2077	2
2078	2
2079	2
2080	2
2081	2
2082	2
2083	2
2084	2
2085	2
2086	2
2087	2
2088	2
2089	12
2090	12
2091	12
2092	12
2093	12
2094	12
2095	12
2096	11
2097	11
2098	11
2099	11
2100	11
2101	11
2102	11
2103	11
2104	11
2105	11
2106	11
2107	11
2108	11
2109	11
2110	11
2111	11
2112	11
2113	5
2114	5
2115	5
2116	5
2117	5
2118	8
2119	5
2120	8
2121	8
2122	8
2123	8
2124	2
2125	5
2126	5
2127	5
2128	8
2129	5
2130	8
2131	5
2132	5
2133	8
2134	5
2135	5
2136	8
2137	8
2138	8
2139	8
2140	8
2141	5
2142	5
2143	5
2144	5
2145	8
2146	8
2147	8
2148	8
2149	8
2150	5
2151	5
2152	5
2153	5
2154	5
2155	5
2156	5
2157	5
2158	5
2159	8
2160	5
2161	5
2162	5
2163	5
2164	5
2165	5
2166	5
2167	8
2168	8
2169	5
2170	5
2171	5
2172	5
2173	5
2174	5
2175	5
2176	8
2177	8
2178	5
2179	5
2180	5
2181	5
2182	5
2183	5
2184	5
2185	5
2186	5
2187	5
2188	5
2189	8
2190	8
2191	8
2192	8
2193	5
2194	5
2195	5
2196	8
2197	8
2198	5
2199	8
2200	5
2201	5
2202	5
2203	5
2204	5
2205	5
2206	5
2207	8
2208	8
2209	5
2210	5
2211	5
2212	5
2213	8
2214	8
2215	5
2216	8
2217	8
2218	5
2219	5
2220	5
2221	8
2222	8
2223	8
2224	5
2225	5
2226	5
2227	5
2228	5
2229	8
2230	5
2231	5
2232	5
2233	8
2234	8
2235	5
2236	8
2237	8
2238	8
2239	5
2240	5
2241	8
2242	8
2243	8
2244	5
2245	8
2246	5
2247	5
2248	5
2249	5
2250	5
2251	5
2252	5
2253	5
2254	5
2255	5
2256	5
2257	5
2258	8
2259	5
2260	5
2261	5
2262	5
2263	5
2264	5
2265	5
2266	5
2267	8
2268	5
2269	5
2270	5
2271	5
2272	5
2273	5
2274	5
2275	5
2276	5
2277	8
2278	5
2279	5
2280	5
2281	5
2282	8
2283	8
2284	2
2285	2
2286	5
2287	5
2288	5
2289	5
2290	5
2291	5
2292	5
2293	5
2294	8
2295	8
2296	8
2297	8
2298	8
2299	8
2300	8
2301	5
2302	8
2303	8
2304	8
2305	5
2306	5
2307	5
2308	5
2309	2
2310	2
2311	2
2312	9
2313	9
2314	9
2315	9
2316	9
2317	9
2318	9
2319	9
2320	9
2321	9
2322	9
2323	9
2324	9
2325	9
2326	9
2327	9
2328	9
2329	9
2330	6
2331	6
2332	6
2333	6
2334	6
2335	6
2336	6
2337	6
2338	6
2339	6
2340	6
2341	6
2342	6
2343	6
2344	6
2345	6
2346	9
2347	9
2348	9
2349	9
2350	9
2351	9
2352	9
2353	9
2354	9
2355	9
2356	9
2357	9
2358	9
2359	9
2360	9
2361	9
2362	9
2363	9
2364	9
2365	9
2366	8
2367	8
2368	8
2369	8
2370	8
2371	8
2372	8
2373	8
2374	8
2375	8
2376	8
2377	8
2378	8
2379	8
2380	8
2381	8
2382	8
2383	8
2384	8
2385	8
2386	8
2387	8
2388	8
2389	8
2390	8
2391	8
2392	8
2393	8
2394	8
2395	8
2396	8
2397	8
2398	8
2399	8
2400	8
2401	8
2402	8
2403	8
2404	8
2405	8
2406	8
2407	8
2408	8
2409	8
2410	8
2411	8
2412	8
2413	8
2414	8
2415	10
2416	10
2417	10
2418	10
2419	13
2420	13
2421	10
2422	10
2423	10
2424	10
2425	10
2426	10
2427	13
2428	13
2429	13
2430	13
2431	13
2432	10
2433	10
2434	10
2435	10
2436	10
2437	13
2438	13
2439	13
2440	10
2441	10
2442	10
2443	10
2444	10
2445	10
2446	10
2447	10
2448	10
2449	10
2450	10
2451	10
2452	10
2453	10
2454	10
2455	10
2456	10
2457	10
2458	10
2459	10
2460	10
2461	10
2462	10
2463	10
2464	10
2465	10
2466	10
2467	10
2468	10
2469	10
2470	10
2471	10
2472	10
2473	10
2474	10
2475	10
2476	10
2477	10
2478	10
2479	10
2480	10
2481	10
2482	10
2483	10
2484	10
2485	10
2486	10
2487	10
2488	10
2489	10
2490	10
2491	10
2492	10
2493	10
2494	10
2495	10
2496	13
2497	13
2498	13
2499	13
2500	10
2501	10
2502	13
2503	10
2504	13
2505	13
2506	13
2507	10
2508	13
2509	13
2510	13
2511	13
2512	13
2513	13
2514	13
2515	10
2516	10
2517	10
2518	10
2519	10
2520	10
2521	10
2522	10
2523	13
2524	10
2525	13
2526	10
2527	10
2528	13
2529	13
2530	13
2531	13
2532	13
2533	13
2534	13
2535	13
2536	13
2537	13
2538	13
2539	13
2540	13
2541	13
2542	13
2543	10
2544	13
2545	10
2546	13
2547	13
2548	13
2549	13
2550	10
2551	13
2552	13
2553	13
2554	13
2555	10
2556	10
2557	13
2558	13
2559	13
2560	13
2561	13
2562	13
2563	13
2564	10
2565	13
2566	10
2567	10
2568	13
2569	13
2570	13
2571	13
2572	13
2573	13
2574	13
2575	10
2576	10
2577	10
2578	10
2579	10
2580	10
2581	13
2582	10
2583	10
2584	10
2585	10
2586	10
2587	13
2588	13
2589	13
2590	13
2591	13
2592	13
2593	13
2594	10
2595	10
2596	10
2597	10
2598	10
2599	10
2600	10
2601	10
2602	10
2603	10
2604	13
2605	13
2606	2
2607	2
2608	2
2609	2
2610	2
2611	2
2612	2
2613	2
2614	2
2615	2
2616	2
2617	2
2618	2
2619	2
2620	2
2621	2
2622	2
2623	2
2624	2
2625	2
2626	2
2627	2
2628	2
2629	2
2630	2
2631	2
2632	2
2633	2
2634	2
2635	2
2636	2
2637	2
2638	2
2639	2
2640	3
2641	3
2642	3
2643	3
2644	3
2645	7
2646	7
2647	7
2648	7
2649	3
2650	3
2651	7
2652	7
2653	7
2654	7
2655	7
2656	3
2657	7
2658	3
2659	3
2660	3
2661	7
2662	7
2663	3
2664	7
2665	3
2666	3
2667	7
2668	7
2669	7
2670	7
2671	7
2672	3
2673	7
2674	3
2675	7
2676	7
2677	7
2678	7
2679	7
2680	7
2681	7
2682	7
2683	7
2684	7
2685	7
2686	3
2687	7
2688	6
2689	6
2690	6
2691	6
315	12
1657	4
