0	13
1	13
2	13
3	13
4	13
5	13
6	13
7	10
8	10
9	10
10	10
11	10
12	10
13	10
14	10
15	10
16	1
17	10
18	1
19	1
20	1
21	6
22	6
23	6
24	6
25	6
26	6
27	6
28	6
29	1
30	1
31	1
32	1
33	1
34	1
35	1
36	1
37	1
38	1
39	1
40	1
41	1
42	1
43	1
44	1
45	1
46	1
47	1
48	1
49	1
50	1
51	1
52	1
53	3
54	3
55	3
56	3
57	3
58	1
59	1
60	1
61	1
62	1
63	1
64	1
65	3
66	3
67	3
68	3
69	3
70	3
71	6
72	6
73	6
74	6
75	1
76	1
77	1
78	1
79	1
80	1
81	1
82	1
83	7
84	7
85	7
86	7
87	7
88	7
89	7
90	7
91	7
92	7
93	7
94	7
95	7
96	1
97	10
98	1
99	10
100	10
101	10
102	10
103	10
104	10
105	1
106	10
107	1
108	1
109	10
110	10
111	10
112	10
113	10
114	10
115	10
116	10
117	10
118	10
119	10
120	10
121	10
122	10
123	10
124	10
125	10
126	10
127	10
128	10
129	2
130	2
131	2
132	2
133	2
134	2
135	2
136	2
137	2
138	2
139	2
140	2
141	2
142	2
143	2
144	2
145	2
146	2
147	2
148	2
149	2
150	2
151	2
152	2
153	2
154	2
155	2
156	2
157	2
158	2
159	2
160	2
161	2
162	2
163	2
164	2
165	2
166	5
167	5
168	5
169	5
170	5
171	5
172	5
173	5
174	5
175	5
176	5
177	5
178	5
179	5
180	5
181	2
182	5
183	11
184	11
185	11
186	11
187	11
188	11
189	11
190	11
191	11
192	11
193	11
194	11
195	11
196	11
197	11
198	11
199	11
200	11
201	11
202	11
203	11
204	11
205	11
206	11
207	11
208	6
209	6
210	6
211	6
212	6
213	6
214	6
215	6
216	6
217	6
218	6
219	6
220	6
221	6
222	6
223	6
224	6
225	6
226	9
227	9
228	9
229	9
230	9
231	9
232	9
233	9
234	9
235	9
236	6
237	6
238	6
239	6
240	6
241	6
242	6
243	6
244	6
245	6
246	6
247	6
248	11
249	11
250	11
251	11
252	11
253	11
254	11
255	11
256	11
257	11
258	11
259	11
260	11
261	9
262	9
263	9
264	9
265	9
266	9
267	9
268	9
269	9
270	9
271	9
272	9
273	9
274	9
275	9
276	9
277	9
278	9
279	9
280	9
281	9
282	9
283	9
284	9
285	9
286	9
287	9
288	9
289	9
290	9
291	9
292	9
293	9
294	9
295	9
296	9
297	9
298	9
299	9
300	9
301	9
302	11
303	11
304	11
305	11
306	8
307	8
308	8
309	8
310	8
311	8
312	8
313	8
314	8
316	1
317	1
318	1
319	1
320	1
321	1
322	1
323	1
324	1
325	1
326	1
327	1
328	1
329	1
330	1
331	8
332	3
333	8
334	8
335	8
336	8
337	1
338	1
339	1
340	3
341	3
342	8
343	8
344	8
345	8
346	8
347	8
348	3
349	8
350	8
351	8
352	8
353	8
354	8
355	8
356	5
357	5
358	5
359	5
360	5
361	5
362	5
363	5
364	5
365	5
366	5
367	5
368	5
369	8
370	8
371	8
372	8
373	8
374	8
375	8
376	8
377	8
378	8
379	8
380	8
381	8
382	8
383	8
384	8
385	8
386	8
387	8
388	8
389	1
390	1
391	1
392	1
393	1
394	8
395	8
396	3
397	8
398	1
399	1
400	1
401	1
402	1
403	6
404	6
405	6
406	6
407	6
408	2
409	1
410	13
411	1
412	1
413	13
414	13
415	13
416	1
417	13
418	1
419	1
420	13
421	13
422	13
423	1
424	13
425	5
426	5
427	5
428	5
429	5
430	5
431	5
432	5
433	1
434	13
435	13
436	1
437	13
438	13
439	13
440	13
441	13
442	1
443	13
444	1
445	1
446	5
447	5
448	5
449	5
450	5
451	13
452	1
453	13
454	5
455	5
456	5
457	13
458	1
459	13
460	13
461	1
462	1
463	5
464	5
465	5
466	5
467	5
468	5
469	5
470	5
471	5
472	5
473	1
474	1
475	9
476	9
477	2
478	2
479	2
480	2
481	2
482	2
483	2
484	6
485	6
486	2
487	2
488	2
489	9
490	9
491	9
492	9
493	9
494	9
495	2
496	2
497	2
498	6
499	2
500	2
501	2
502	6
503	2
504	2
505	2
506	2
507	6
508	6
509	6
510	6
511	6
512	6
513	6
514	6
515	6
516	6
517	6
518	6
519	6
520	6
521	6
522	7
523	7
524	7
525	7
526	11
527	11
528	7
529	7
530	7
531	7
532	7
533	7
534	7
535	7
536	7
537	7
538	11
539	11
540	11
541	11
542	11
543	11
544	11
545	11
546	11
547	11
548	11
549	11
550	11
551	11
552	11
553	11
554	11
555	11
556	11
557	11
558	11
559	6
560	6
561	9
562	6
563	6
564	6
565	11
566	11
567	11
568	11
569	11
570	10
571	10
572	10
573	10
574	7
575	10
576	10
577	10
578	7
579	10
580	10
581	11
582	11
583	11
584	11
585	11
586	11
587	9
588	9
589	9
590	9
591	9
592	6
593	6
594	9
595	6
596	9
597	9
598	9
599	6
600	6
601	9
602	6
603	11
604	11
605	11
606	11
607	11
608	11
609	11
610	11
611	11
612	11
613	11
614	11
615	11
616	11
617	6
618	9
619	6
620	9
621	9
622	9
623	9
624	9
625	9
626	9
627	9
628	6
629	6
630	6
631	9
632	6
633	9
634	9
635	9
636	6
637	9
638	9
639	11
640	11
641	11
642	11
643	11
644	11
645	11
646	11
647	11
648	11
649	11
650	11
651	11
652	11
653	11
654	11
655	11
656	11
657	2
658	2
659	2
660	2
661	13
662	13
663	13
664	13
665	13
666	13
667	13
668	13
669	13
670	2
671	2
672	2
673	2
674	2
675	2
676	2
677	2
678	2
679	2
680	13
681	13
682	13
683	13
684	13
685	13
686	13
687	13
688	13
689	13
690	13
691	13
692	13
693	13
694	13
695	13
696	13
697	2
698	2
699	2
700	2
701	2
702	2
703	2
704	2
705	2
706	2
707	2
708	2
709	2
710	2
711	2
712	2
713	2
714	13
715	13
716	9
717	9
718	2
719	2
720	2
721	9
722	9
723	9
724	9
725	9
726	9
727	9
728	9
729	9
730	9
731	9
732	1
733	1
734	1
735	1
736	1
737	2
738	5
739	5
740	2
741	5
742	5
743	2
744	2
745	1
746	1
747	1
748	1
749	1
750	1
751	1
752	1
753	1
754	1
755	1
756	1
757	1
758	1
759	1
760	1
761	1
762	1
763	1
764	1
765	1
766	2
767	5
768	2
769	5
770	1
771	1
772	2
773	2
774	2
775	5
776	2
777	2
778	2
779	2
780	2
781	2
782	2
783	2
784	5
785	6
786	2
787	2
788	2
789	2
790	2
791	6
792	6
793	6
794	6
795	6
796	6
797	6
798	6
799	6
800	6
801	2
802	2
803	2
804	2
805	6
806	6
807	6
808	2
809	2
810	2
811	8
812	8
813	8
814	7
815	8
816	8
817	8
818	8
819	8
820	8
821	7
822	8
823	8
824	8
825	8
826	8
827	8
828	8
829	7
830	8
831	8
832	8
833	8
834	7
835	7
836	8
837	7
838	8
839	8
840	7
841	8
842	8
843	8
844	8
845	8
846	8
847	7
848	8
849	8
850	8
851	8
852	8
853	8
854	8
855	8
856	7
857	8
858	11
859	11
860	11
861	11
862	11
863	11
864	11
865	11
866	11
867	11
868	11
869	11
870	11
871	8
872	8
873	8
874	8
875	8
876	8
877	8
878	8
879	8
880	8
881	8
882	8
883	7
884	8
885	7
886	8
887	8
888	8
889	8
890	8
891	8
892	7
893	8
894	8
895	8
896	8
897	8
898	8
899	8
900	8
901	8
902	8
903	8
904	8
905	8
906	8
907	8
908	8
909	8
910	8
911	7
912	7
913	8
914	8
915	8
916	8
917	8
918	8
919	8
920	8
921	8
922	8
923	7
924	8
925	8
926	8
927	8
928	8
929	8
930	7
931	7
932	8
933	8
934	8
935	8
936	8
937	8
938	8
939	8
940	8
941	8
942	7
943	8
944	8
945	7
946	8
947	8
948	8
949	7
950	8
951	8
952	8
953	8
954	8
955	8
956	7
957	8
958	8
959	8
960	8
961	8
962	8
963	8
964	8
965	8
966	8
967	8
968	8
969	8
970	8
971	8
972	8
973	8
974	8
975	7
976	8
977	8
978	8
979	8
980	8
981	8
982	3
983	3
984	7
985	2
986	2
987	2
988	2
989	2
990	2
991	2
992	2
993	2
994	2
995	2
996	2
997	2
998	2
999	2
1000	2
1001	2
1002	2
1003	2
1004	2
1005	2
1006	2
1007	3
1008	7
1009	2
1010	7
1011	7
1012	7
1013	7
1014	3
1015	3
1016	3
1017	7
1018	7
1019	7
1020	3
1021	3
1022	3
1023	3
1024	3
1025	3
1026	3
1027	3
1028	3
1029	3
1030	3
1031	7
1032	3
1033	3
1034	3
1035	3
1036	3
1037	3
1038	3
1039	7
1040	3
1041	3
1042	3
1043	3
1044	3
1045	3
1046	3
1047	3
1048	7
1049	7
1050	3
1051	7
1052	3
1053	3
1054	3
1055	3
1056	3
1057	3
1058	3
1059	3
1060	3
1061	3
1062	7
1063	3
1064	3
1065	3
1066	3
1067	3
1068	3
1069	3
1070	3
1071	3
1072	3
1073	3
1074	3
1075	11
1076	11
1077	11
1078	11
1079	11
1080	11
1081	11
1082	11
1083	11
1084	11
1085	11
1086	11
1087	9
1088	9
1089	9
1090	9
1091	9
1092	9
1093	9
1094	6
1095	6
1096	6
1097	6
1098	6
1099	6
1100	6
1101	6
1102	6
1103	6
1104	6
1105	6
1106	6
1107	3
1108	3
1109	3
1110	3
1111	3
1112	3
1113	3
1114	3
1115	3
1116	3
1117	3
1118	3
1119	3
1120	3
1121	3
1122	3
1123	3
1124	3
1125	3
1126	3
1127	3
1128	3
1129	3
1130	3
1131	3
1132	3
1133	3
1134	3
1135	3
1136	3
1137	3
1138	3
1139	3
1140	3
1141	3
1142	3
1143	3
1144	3
1145	3
1146	3
1147	3
1148	3
1149	3
1150	3
1151	3
1152	3
1153	3
1154	12
1155	12
1156	12
1157	12
1158	12
1159	12
1160	12
1161	12
1162	12
1163	12
1164	12
1165	12
1166	12
1167	12
1168	12
1169	3
1170	3
1171	7
1172	7
1173	7
1174	3
1175	3
1176	3
1177	7
1178	7
1179	7
1180	7
1181	7
1182	3
1183	7
1184	7
1185	3
1186	3
1187	3
1188	3
1189	3
1190	7
1191	3
1192	7
1193	3
1194	7
1195	3
1196	7
1197	7
1198	7
1199	3
1200	7
1201	7
1202	7
1203	7
1204	7
1205	7
1206	7
1207	7
1208	7
1209	7
1210	7
1211	7
1212	7
1213	7
1214	7
1215	7
1216	7
1217	7
1218	7
1219	7
1220	7
1221	7
1222	7
1223	7
1224	7
1225	7
1226	7
1227	7
1228	7
1229	7
1230	7
1231	7
1232	7
1233	7
1234	7
1235	7
1236	7
1237	7
1238	7
1239	7
1240	9
1241	9
1242	9
1243	9
1244	9
1245	9
1246	9
1247	9
1248	9
1249	9
1250	9
1251	9
1252	9
1253	1
1254	1
1255	1
1256	1
1257	1
1258	9
1259	9
1260	9
1261	9
1262	9
1263	9
1264	1
1265	1
1266	1
1267	1
1268	1
1269	1
1270	1
1271	1
1272	1
1273	1
1274	1
1275	1
1276	1
1277	1
1278	6
1279	6
1280	6
1281	9
1282	9
1283	9
1284	1
1285	1
1286	1
1287	1
1288	6
1289	6
1290	6
1291	6
1292	6
1293	6
1294	6
1295	6
1296	6
1297	6
1298	6
1299	6
1300	6
1301	6
1302	6
1303	11
1304	11
1305	11
1306	11
1307	11
1308	11
1309	11
1310	11
1311	11
1312	11
1313	11
1314	3
1315	3
1316	3
1317	3
1318	3
1319	3
1320	3
1321	3
1322	3
1323	3
1324	3
1325	3
1326	3
1327	8
1328	3
1329	3
1330	3
1331	8
1332	8
1333	3
1334	3
1335	3
1336	3
1337	3
1338	3
1339	3
1340	3
1341	3
1342	3
1343	3
1344	3
1345	3
1346	11
1347	11
1348	11
1349	11
1350	11
1351	11
1352	11
1353	11
1354	11
1355	11
1356	11
1357	11
1358	11
1359	11
1360	11
1361	11
1362	11
1363	8
1364	8
1365	8
1366	8
1367	8
1368	8
1369	8
1370	8
1371	8
1372	8
1373	8
1374	8
1375	8
1376	8
1377	8
1378	8
1379	8
1380	8
1381	6
1382	6
1383	6
1384	6
1385	6
1386	6
1387	6
1388	6
1389	6
1390	6
1391	6
1392	6
1393	6
1394	6
1395	6
1396	6
1397	1
1398	11
1399	11
1400	11
1401	1
1402	11
1403	11
1404	1
1405	11
1406	11
1407	11
1408	11
1409	11
1410	1
1411	11
1412	11
1413	11
1414	11
1415	11
1416	11
1417	1
1418	1
1419	11
1420	1
1421	11
1422	11
1423	11
1424	11
1425	1
1426	1
1427	11
1428	10
1429	10
1430	10
1431	10
1432	10
1433	10
1434	10
1435	10
1436	10
1437	10
1438	10
1439	10
1440	10
1441	1
1442	1
1443	1
1444	1
1445	1
1446	1
1447	1
1448	1
1449	1
1450	1
1451	1
1452	1
1453	1
1454	1
1455	10
1456	10
1457	10
1458	10
1459	10
1460	10
1461	10
1462	10
1463	10
1464	10
1465	2
1466	2
1467	2
1468	2
1469	2
1470	2
1471	2
1472	2
1473	2
1474	2
1475	2
1476	2
1477	2
1478	2
1479	2
1480	2
1481	2
1482	2
1483	2
1484	2
1485	2
1486	2
1487	2
1488	2
1489	1
1490	1
1491	1
1492	1
1493	1
1494	1
1495	1
1496	1
1497	1
1498	1
1499	1
1500	1
1501	13
1502	13
1503	13
1504	13
1505	13
1506	13
1507	13
1508	13
1509	13
1510	13
1511	13
1512	13
1513	13
1514	13
1515	13
1516	13
1517	13
1518	13
1519	13
1520	13
1521	13
1522	13
1523	13
1524	13
1525	13
1526	13
1527	13
1528	13
1529	5
1530	5
1531	5
1532	5
1533	5
1534	5
1535	5
1536	5
1537	5
1538	5
1539	5
1540	5
1541	5
1542	5
1543	5
1544	5
1545	5
1546	5
1547	5
1548	5
1549	5
1550	5
1551	5
1552	7
1553	7
1554	7
1555	7
1556	7
1557	7
1558	7
1559	7
1560	7
1561	7
1562	7
1563	7
1564	7
1565	7
1566	7
1567	7
1568	7
1569	7
1570	7
1571	7
1572	7
1573	7
1574	7
1575	7
1576	1
1577	1
1578	1
1579	1
1580	1
1581	1
1582	1
1583	1
1584	1
1585	1
1586	1
1587	1
1588	1
1589	1
1590	1
1591	1
1592	1
1593	11
1594	11
1595	11
1596	11
1597	11
1598	11
1599	11
1600	11
1601	11
1602	7
1603	7
1604	7
1605	7
1606	7
1607	7
1608	7
1609	7
1610	7
1611	7
1612	7
1613	7
1614	7
1615	7
1616	7
1617	7
1618	6
1619	6
1620	6
1621	6
1622	6
1623	6
1624	6
1625	6
1626	6
1627	6
1628	6
1629	7
1630	10
1631	10
1632	10
1633	10
1634	10
1635	10
1636	10
1637	10
1638	10
1639	7
1640	10
1641	10
1642	10
1643	10
1644	6
1645	6
1646	6
1647	6
1648	6
1649	10
1650	10
1651	10
1652	10
1653	10
1654	10
1655	10
1656	10
1658	10
1659	10
1660	10
1661	10
1662	10
1663	10
1664	10
1665	10
1666	10
1667	10
1668	10
1669	10
1670	10
1671	10
1672	10
1673	6
1674	10
1675	10
1676	10
1677	6
1678	9
1679	9
1680	9
1681	9
1682	9
1683	9
1684	9
1685	1
1686	1
1687	1
1688	1
1689	1
1690	1
1691	1
1692	1
1693	1
1694	1
1695	1
1696	1
1697	1
1698	1
1699	1
1700	1
1701	1
1702	1
1703	13
1704	13
1705	1
1706	1
1707	1
1708	1
1709	1
1710	1
1711	1
1712	1
1713	6
1714	6
1715	6
1716	6
1717	6
1718	6
1719	6
1720	6
1721	6
1722	6
1723	6
1724	6
1725	1
1726	1
1727	1
1728	6
1729	1
1730	1
1731	1
1732	1
1733	1
1734	1
1735	1
1736	1
1737	1
1738	1
1739	1
1740	1
1741	1
1742	13
1743	13
1744	13
1745	13
1746	13
1747	13
1748	13
1749	13
1750	13
1751	13
1752	13
1753	13
1754	13
1755	13
1756	13
1757	6
1758	6
1759	6
1760	6
1761	13
1762	13
1763	13
1764	13
1765	13
1766	13
1767	13
1768	13
1769	13
1770	13
1771	13
1772	13
1773	13
1774	6
1775	6
1776	6
1777	6
1778	6
1779	6
1780	6
1781	6
1782	6
1783	6
1784	6
1785	6
1786	6
1787	13
1788	13
1789	13
1790	13
1791	13
1792	13
1793	13
1794	13
1795	6
1796	6
1797	6
1798	6
1799	13
1800	13
1801	13
1802	13
1803	13
1804	13
1805	13
1806	13
1807	13
1808	13
1809	10
1810	10
1811	10
1812	10
1813	10
1814	10
1815	10
1816	10
1817	10
1818	10
1819	10
1820	10
1821	10
1822	10
1823	10
1824	10
1825	10
1826	10
1827	10
1828	10
1829	10
1830	9
1831	9
1832	9
1833	9
1834	9
1835	10
1836	10
1837	9
1838	10
1839	10
1840	7
1841	7
1842	7
1843	7
1844	7
1845	10
1846	10
1847	10
1848	10
1849	10
1850	10
1851	10
1852	10
1853	10
1854	10
1855	10
1856	10
1857	6
1858	6
1859	6
1860	6
1861	6
1862	6
1863	10
1864	10
1865	10
1866	10
1867	10
1868	10
1869	10
1870	10
1871	10
1872	2
1873	2
1874	9
1875	9
1876	9
1877	9
1878	9
1879	9
1880	9
1881	9
1882	9
1883	9
1884	9
1885	9
1886	9
1887	9
1888	9
1889	9
1890	2
1891	9
1892	9
1893	2
1894	2
1895	11
1896	11
1897	11
1898	3
1899	3
1900	3
1901	3
1902	3
1903	3
1904	11
1905	11
1906	11
1907	11
1908	11
1909	11
1910	11
1911	11
1912	11
1913	11
1914	11
1915	11
1916	3
1917	3
1918	3
1919	3
1920	3
1921	3
1922	3
1923	3
1924	11
1925	11
1926	11
1927	11
1928	11
1929	11
1930	11
1931	11
1932	11
1933	11
1934	11
1935	11
1936	11
1937	11
1938	11
1939	11
1940	11
1941	11
1942	11
1943	11
1944	11
1945	11
1946	11
1947	11
1948	11
1949	11
1950	11
1951	11
1952	11
1953	11
1954	11
1955	11
1956	11
1957	11
1958	11
1959	11
1960	11
1961	11
1962	11
1963	11
1964	11
1965	11
1966	11
1967	11
1968	11
1969	11
1970	11
1971	11
1972	11
1973	11
1974	11
1975	11
1976	5
1977	5
1978	5
1979	5
1980	5
1981	5
1982	5
1983	5
1984	5
1985	5
1986	5
1987	5
1988	5
1989	5
1990	5
1991	5
1992	5
1993	5
1994	5
1995	5
1996	5
1997	5
1998	5
1999	5
2000	5
2001	5
2002	5
2003	5
2004	5
2005	5
2006	5
2007	5
2008	5
2009	5
2010	5
2011	5
2012	5
2013	5
2014	5
2015	5
2016	5
2017	9
2018	9
2019	9
2020	9
2021	9
2022	9
2023	9
2024	2
2025	9
2026	9
2027	9
2028	9
2029	9
2030	2
2031	2
2032	5
2033	2
2034	2
2035	2
2036	2
2037	2
2038	9
2039	9
2040	9
2041	9
2042	9
2043	9
2044	9
2045	9
2046	2
2047	2
2048	9
2049	9
2050	9
2051	2
2052	2
2053	2
2054	2
2055	2
2056	2
2057	2
2058	7
2059	7
2060	7
2061	7
2062	7
2063	7
2064	7
2065	7
2066	7
2067	7
2068	9
2069	9
2070	9
2071	9
2072	9
2073	6
2074	9
2075	9
2076	9
2077	6
2078	6
2079	9
2080	6
2081	9
2082	9
2083	9
2084	9
2085	9
2086	9
2087	9
2088	9
2089	1
2090	1
2091	1
2092	1
2093	1
2094	1
2095	1
2096	13
2097	13
2098	13
2099	13
2100	13
2101	13
2102	13
2103	13
2104	13
2105	13
2106	13
2107	13
2108	13
2109	13
2110	13
2111	13
2112	13
2113	4
2114	4
2115	4
2116	4
2117	4
2118	4
2119	4
2120	4
2121	4
2122	4
2123	4
2124	9
2125	4
2126	4
2127	4
2128	4
2129	4
2130	4
2131	4
2132	4
2133	4
2134	4
2135	4
2136	4
2137	4
2138	4
2139	4
2140	4
2141	4
2142	4
2143	4
2144	4
2145	4
2146	4
2147	4
2148	4
2149	4
2150	4
2151	13
2152	13
2153	13
2154	4
2155	4
2156	4
2157	4
2158	13
2159	4
2160	4
2161	4
2162	13
2163	13
2164	13
2165	13
2166	4
2167	4
2168	4
2169	4
2170	4
2171	4
2172	4
2173	4
2174	4
2175	4
2176	4
2177	4
2178	13
2179	13
2180	13
2181	13
2182	4
2183	4
2184	4
2185	4
2186	4
2187	4
2188	4
2189	4
2190	4
2191	4
2192	4
2193	4
2194	4
2195	4
2196	4
2197	4
2198	4
2199	4
2200	4
2201	4
2202	4
2203	4
2204	4
2205	4
2206	4
2207	4
2208	4
2209	4
2210	13
2211	4
2212	4
2213	4
2214	4
2215	4
2216	4
2217	4
2218	4
2219	4
2220	4
2221	4
2222	4
2223	4
2224	4
2225	4
2226	4
2227	4
2228	4
2229	4
2230	13
2231	13
2232	4
2233	4
2234	4
2235	4
2236	4
2237	4
2238	4
2239	4
2240	4
2241	4
2242	4
2243	4
2244	4
2245	4
2246	13
2247	13
2248	13
2249	4
2250	4
2251	4
2252	4
2253	4
2254	4
2255	4
2256	13
2257	4
2258	4
2259	4
2260	4
2261	13
2262	13
2263	4
2264	13
2265	13
2266	4
2267	4
2268	4
2269	4
2270	4
2271	4
2272	4
2273	4
2274	4
2275	4
2276	13
2277	4
2278	4
2279	4
2280	4
2281	4
2282	4
2283	4
2284	9
2285	9
2286	4
2287	4
2288	4
2289	4
2290	4
2291	4
2292	4
2293	4
2294	4
2295	4
2296	4
2297	4
2298	4
2299	4
2300	4
2301	4
2302	4
2303	4
2304	4
2305	4
2306	4
2307	13
2308	4
2309	9
2310	9
2311	9
2312	3
2313	3
2314	3
2315	3
2316	3
2317	3
2318	3
2319	3
2320	3
2321	3
2322	3
2323	3
2324	3
2325	3
2326	3
2327	3
2328	3
2329	3
2330	11
2331	11
2332	11
2333	11
2334	11
2335	11
2336	11
2337	11
2338	11
2339	11
2340	11
2341	11
2342	11
2343	11
2344	11
2345	11
2346	3
2347	3
2348	3
2349	3
2350	3
2351	3
2352	3
2353	3
2354	3
2355	3
2356	3
2357	3
2358	3
2359	3
2360	3
2361	3
2362	3
2363	3
2364	3
2365	3
2366	10
2367	10
2368	10
2369	10
2370	10
2371	10
2372	10
2373	10
2374	10
2375	10
2376	10
2377	10
2378	10
2379	10
2380	10
2381	10
2382	10
2383	10
2384	10
2385	10
2386	10
2387	10
2388	10
2389	10
2390	10
2391	10
2392	10
2393	10
2394	10
2395	10
2396	10
2397	10
2398	10
2399	10
2400	10
2401	10
2402	10
2403	10
2404	10
2405	10
2406	10
2407	10
2408	10
2409	10
2410	10
2411	10
2412	10
2413	10
2414	10
2415	12
2416	12
2417	12
2418	12
2419	6
2420	6
2421	12
2422	12
2423	12
2424	12
2425	12
2426	12
2427	6
2428	6
2429	6
2430	6
2431	12
2432	12
2433	12
2434	12
2435	12
2436	12
2437	12
2438	6
2439	6
2440	12
2441	12
2442	12
2443	12
2444	12
2445	12
2446	6
2447	12
2448	12
2449	12
2450	12
2451	12
2452	12
2453	12
2454	12
2455	12
2456	12
2457	12
2458	12
2459	12
2460	12
2461	12
2462	12
2463	12
2464	12
2465	12
2466	12
2467	12
2468	12
2469	12
2470	12
2471	12
2472	12
2473	12
2474	12
2475	12
2476	12
2477	12
2478	12
2479	12
2480	12
2481	12
2482	12
2483	12
2484	12
2485	12
2486	12
2487	12
2488	12
2489	12
2490	12
2491	12
2492	12
2493	12
2494	12
2495	12
2496	6
2497	6
2498	12
2499	12
2500	12
2501	12
2502	12
2503	12
2504	12
2505	12
2506	12
2507	12
2508	12
2509	6
2510	12
2511	12
2512	12
2513	12
2514	12
2515	12
2516	12
2517	12
2518	12
2519	12
2520	12
2521	12
2522	12
2523	6
2524	12
2525	6
2526	12
2527	12
2528	12
2529	6
2530	6
2531	6
2532	6
2533	6
2534	6
2535	6
2536	6
2537	6
2538	6
2539	6
2540	6
2541	12
2542	6
2543	12
2544	12
2545	12
2546	12
2547	12
2548	12
2549	12
2550	12
2551	12
2552	6
2553	6
2554	12
2555	12
2556	12
2557	12
2558	12
2559	12
2560	12
2561	12
2562	12
2563	6
2564	12
2565	6
2566	12
2567	12
2568	6
2569	12
2570	12
2571	12
2572	12
2573	12
2574	6
2575	12
2576	12
2577	12
2578	12
2579	12
2580	12
2581	6
2582	12
2583	12
2584	12
2585	12
2586	12
2587	6
2588	6
2589	6
2590	6
2591	6
2592	6
2593	6
2594	12
2595	12
2596	12
2597	12
2598	12
2599	12
2600	12
2601	12
2602	12
2603	12
2604	6
2605	6
2606	9
2607	9
2608	9
2609	9
2610	9
2611	9
2612	9
2613	9
2614	9
2615	9
2616	9
2617	9
2618	9
2619	9
2620	9
2621	9
2622	9
2623	9
2624	9
2625	9
2626	9
2627	9
2628	9
2629	9
2630	9
2631	9
2632	9
2633	9
2634	9
2635	9
2636	9
2637	9
2638	9
2639	9
2640	5
2641	5
2642	7
2643	7
2644	7
2645	5
2646	5
2647	5
2648	5
2649	5
2650	5
2651	5
2652	5
2653	5
2654	5
2655	5
2656	5
2657	5
2658	5
2659	7
2660	7
2661	5
2662	5
2663	7
2664	5
2665	5
2666	5
2667	5
2668	5
2669	5
2670	5
2671	5
2672	5
2673	5
2674	5
2675	5
2676	5
2677	5
2678	5
2679	5
2680	5
2681	5
2682	5
2683	5
2684	5
2685	5
2686	5
2687	7
2688	11
2689	11
2690	11
2691	11
315	1
1657	10
