0	4
1	4
2	4
3	4
4	4
5	4
6	4
7	13
8	13
9	13
10	13
11	3
12	13
13	13
14	13
15	13
16	3
17	3
18	3
19	3
20	3
21	10
22	10
23	10
24	10
25	10
26	10
27	10
28	10
29	5
30	4
31	5
32	5
33	4
34	5
35	5
36	5
37	5
38	5
39	5
40	5
41	4
42	5
43	5
44	4
45	5
46	5
47	4
48	5
49	5
50	5
51	5
52	5
53	11
54	11
55	11
56	11
57	11
58	5
59	5
60	5
61	5
62	5
63	5
64	5
65	11
66	11
67	11
68	11
69	11
70	11
71	10
72	10
73	10
74	10
75	5
76	5
77	5
78	5
79	5
80	5
81	5
82	5
83	2
84	2
85	2
86	2
87	2
88	2
89	2
90	2
91	2
92	2
93	2
94	2
95	2
96	3
97	13
98	3
99	3
100	13
101	13
102	13
103	3
104	13
105	3
106	13
107	13
108	3
109	13
110	13
111	3
112	3
113	3
114	13
115	13
116	13
117	3
118	13
119	3
120	13
121	3
122	3
123	13
124	3
125	3
126	3
127	13
128	3
129	12
130	12
131	12
132	12
133	1
134	12
135	12
136	12
137	12
138	12
139	1
140	12
141	1
142	1
143	12
144	12
145	12
146	12
147	1
148	12
149	12
150	1
151	12
152	12
153	12
154	1
155	12
156	12
157	1
158	1
159	1
160	1
161	1
162	1
163	1
164	12
165	1
166	12
167	12
168	12
169	12
170	12
171	12
172	12
173	12
174	12
175	12
176	12
177	12
178	12
179	12
180	12
181	12
182	12
183	5
184	5
185	5
186	5
187	5
188	5
189	5
190	5
191	5
192	5
193	5
194	5
195	5
196	5
197	5
198	5
199	5
200	5
201	5
202	5
203	5
204	5
205	5
206	5
207	5
208	10
209	10
210	10
211	10
212	10
213	10
214	10
215	10
216	10
217	10
218	10
219	10
220	10
221	10
222	10
223	10
224	10
225	10
226	10
227	10
228	10
229	10
230	10
231	10
232	10
233	10
234	10
235	10
236	10
237	10
238	10
239	10
240	10
241	10
242	10
243	10
244	10
245	10
246	10
247	10
248	5
249	5
250	5
251	5
252	5
253	5
254	5
255	5
256	5
257	5
258	5
259	5
260	5
261	8
262	8
263	8
264	8
265	8
266	8
267	8
268	8
269	8
270	8
271	8
272	8
273	8
274	8
275	8
276	8
277	8
278	8
279	8
280	8
281	8
282	8
283	8
284	8
285	8
286	8
287	8
288	8
289	8
290	8
291	8
292	8
293	8
294	8
295	8
296	8
297	8
298	8
299	8
300	8
301	8
302	5
303	5
304	5
305	5
306	11
307	9
308	11
309	9
310	11
311	11
312	11
313	11
314	11
316	4
317	4
318	4
319	4
320	4
321	4
322	4
323	4
324	4
325	4
326	4
327	4
328	4
329	4
330	4
331	11
332	11
333	11
334	9
335	11
336	11
337	4
338	4
339	4
340	11
341	11
342	11
343	11
344	9
345	9
346	11
347	11
348	11
349	11
350	11
351	9
352	9
353	9
354	9
355	9
356	1
357	1
358	9
359	1
360	1
361	1
362	1
363	1
364	1
365	9
366	1
367	9
368	9
369	9
370	9
371	9
372	9
373	11
374	11
375	9
376	9
377	9
378	9
379	11
380	11
381	9
382	9
383	11
384	11
385	11
386	11
387	11
388	11
389	4
390	4
391	4
392	4
393	4
394	11
395	9
396	11
397	11
398	4
399	4
400	4
401	4
402	4
403	10
404	10
405	10
406	10
407	10
408	10
409	3
410	3
411	3
412	3
413	4
414	4
415	4
416	3
417	4
418	3
419	4
420	4
421	4
422	3
423	3
424	4
425	12
426	12
427	12
428	12
429	12
430	12
431	12
432	12
433	4
434	4
435	4
436	4
437	4
438	4
439	3
440	4
441	4
442	3
443	4
444	4
445	3
446	12
447	12
448	12
449	12
450	12
451	4
452	3
453	3
454	12
455	12
456	12
457	4
458	3
459	4
460	3
461	4
462	4
463	12
464	12
465	12
466	12
467	12
468	12
469	12
470	12
471	12
472	12
473	4
474	3
475	8
476	8
477	12
478	12
479	12
480	12
481	12
482	12
483	12
484	10
485	10
486	12
487	12
488	12
489	8
490	8
491	8
492	8
493	8
494	8
495	12
496	12
497	12
498	10
499	12
500	12
501	12
502	10
503	12
504	12
505	12
506	10
507	10
508	10
509	10
510	10
511	10
512	10
513	10
514	10
515	10
516	10
517	10
518	10
519	10
520	10
521	10
522	2
523	2
524	2
525	2
526	5
527	5
528	2
529	2
530	2
531	2
532	2
533	2
534	2
535	2
536	2
537	2
538	5
539	5
540	5
541	5
542	5
543	5
544	5
545	5
546	5
547	5
548	5
549	5
550	5
551	5
552	5
553	5
554	5
555	5
556	5
557	5
558	5
559	10
560	10
561	10
562	10
563	10
564	10
565	5
566	5
567	5
568	5
569	5
570	2
571	2
572	2
573	2
574	2
575	2
576	2
577	2
578	2
579	2
580	2
581	5
582	5
583	5
584	5
585	5
586	5
587	8
588	10
589	10
590	10
591	10
592	10
593	10
594	8
595	10
596	8
597	10
598	8
599	10
600	10
601	10
602	10
603	5
604	5
605	5
606	5
607	5
608	5
609	5
610	5
611	5
612	5
613	5
614	5
615	5
616	5
617	10
618	8
619	10
620	8
621	8
622	8
623	8
624	8
625	8
626	8
627	8
628	10
629	10
630	10
631	10
632	10
633	10
634	8
635	10
636	10
637	8
638	8
639	5
640	5
641	5
642	5
643	5
644	5
645	5
646	5
647	5
648	5
649	5
650	5
651	5
652	5
653	5
654	5
655	5
656	5
657	8
658	12
659	8
660	8
661	4
662	3
663	3
664	3
665	3
666	3
667	3
668	3
669	3
670	12
671	12
672	12
673	12
674	12
675	12
676	12
677	12
678	12
679	12
680	3
681	3
682	3
683	4
684	3
685	4
686	4
687	3
688	4
689	3
690	4
691	3
692	3
693	3
694	3
695	3
696	4
697	12
698	12
699	12
700	12
701	12
702	12
703	12
704	12
705	12
706	12
707	12
708	12
709	12
710	12
711	12
712	12
713	12
714	3
715	3
716	8
717	8
718	12
719	12
720	12
721	8
722	8
723	8
724	8
725	8
726	8
727	8
728	8
729	8
730	8
731	8
732	4
733	4
734	4
735	4
736	4
737	12
738	12
739	12
740	12
741	12
742	12
743	8
744	8
745	4
746	4
747	4
748	4
749	4
750	4
751	4
752	4
753	4
754	4
755	4
756	4
757	4
758	4
759	4
760	4
761	4
762	4
763	4
764	4
765	4
766	8
767	12
768	12
769	12
770	4
771	4
772	12
773	12
774	12
775	12
776	8
777	8
778	12
779	12
780	8
781	12
782	12
783	12
784	12
785	10
786	12
787	8
788	8
789	12
790	8
791	10
792	10
793	10
794	10
795	10
796	10
797	10
798	10
799	10
800	10
801	8
802	8
803	8
804	8
805	10
806	10
807	10
808	12
809	12
810	12
811	7
812	7
813	7
814	7
815	7
816	7
817	7
818	7
819	7
820	7
821	7
822	7
823	7
824	7
825	7
826	7
827	7
828	11
829	7
830	7
831	7
832	7
833	7
834	7
835	7
836	7
837	7
838	7
839	7
840	7
841	7
842	7
843	7
844	7
845	7
846	7
847	7
848	7
849	7
850	7
851	7
852	7
853	7
854	7
855	7
856	7
857	7
858	5
859	5
860	5
861	5
862	5
863	5
864	5
865	5
866	5
867	5
868	5
869	5
870	5
871	7
872	7
873	7
874	7
875	7
876	7
877	7
878	7
879	7
880	7
881	7
882	7
883	7
884	7
885	7
886	7
887	7
888	7
889	7
890	7
891	7
892	7
893	7
894	7
895	7
896	7
897	7
898	7
899	11
900	11
901	11
902	7
903	7
904	7
905	7
906	7
907	7
908	7
909	7
910	11
911	11
912	7
913	11
914	7
915	7
916	7
917	7
918	7
919	7
920	7
921	7
922	11
923	7
924	11
925	7
926	7
927	7
928	7
929	7
930	7
931	7
932	7
933	11
934	11
935	7
936	7
937	7
938	7
939	7
940	7
941	7
942	7
943	11
944	11
945	7
946	7
947	7
948	7
949	7
950	7
951	7
952	7
953	7
954	11
955	11
956	11
957	7
958	7
959	7
960	7
961	7
962	7
963	7
964	7
965	7
966	7
967	7
968	7
969	7
970	7
971	7
972	7
973	7
974	7
975	7
976	7
977	7
978	7
979	7
980	11
981	11
982	7
983	7
984	3
985	12
986	12
987	12
988	12
989	12
990	12
991	12
992	12
993	12
994	12
995	12
996	12
997	12
998	12
999	12
1000	12
1001	12
1002	12
1003	12
1004	12
1005	12
1006	12
1007	3
1008	3
1009	12
1010	3
1011	7
1012	3
1013	3
1014	7
1015	7
1016	7
1017	3
1018	3
1019	7
1020	3
1021	7
1022	3
1023	3
1024	7
1025	7
1026	7
1027	3
1028	7
1029	7
1030	7
1031	7
1032	7
1033	7
1034	7
1035	3
1036	3
1037	3
1038	7
1039	3
1040	7
1041	3
1042	3
1043	7
1044	7
1045	7
1046	7
1047	3
1048	3
1049	7
1050	3
1051	3
1052	3
1053	7
1054	3
1055	3
1056	3
1057	3
1058	3
1059	7
1060	3
1061	3
1062	7
1063	3
1064	7
1065	3
1066	3
1067	3
1068	3
1069	7
1070	3
1071	7
1072	7
1073	7
1074	7
1075	5
1076	5
1077	5
1078	5
1079	5
1080	5
1081	5
1082	5
1083	5
1084	5
1085	5
1086	5
1087	8
1088	8
1089	8
1090	8
1091	8
1092	8
1093	8
1094	10
1095	10
1096	10
1097	10
1098	10
1099	10
1100	10
1101	10
1102	10
1103	10
1104	10
1105	10
1106	10
1107	11
1108	11
1109	11
1110	11
1111	11
1112	11
1113	11
1114	11
1115	11
1116	11
1117	11
1118	11
1119	11
1120	11
1121	11
1122	11
1123	11
1124	11
1125	11
1126	11
1127	11
1128	11
1129	11
1130	11
1131	11
1132	11
1133	11
1134	11
1135	11
1136	11
1137	11
1138	11
1139	11
1140	11
1141	11
1142	11
1143	11
1144	11
1145	11
1146	11
1147	11
1148	11
1149	11
1150	11
1151	11
1152	11
1153	11
1154	10
1155	10
1156	10
1157	10
1158	11
1159	10
1160	10
1161	10
1162	10
1163	11
1164	11
1165	10
1166	11
1167	11
1168	10
1169	3
1170	3
1171	3
1172	7
1173	3
1174	3
1175	3
1176	7
1177	7
1178	7
1179	7
1180	3
1181	7
1182	7
1183	3
1184	3
1185	3
1186	3
1187	7
1188	7
1189	7
1190	3
1191	3
1192	3
1193	3
1194	3
1195	7
1196	3
1197	7
1198	3
1199	7
1200	11
1201	11
1202	11
1203	11
1204	11
1205	11
1206	11
1207	11
1208	11
1209	11
1210	11
1211	11
1212	11
1213	11
1214	11
1215	11
1216	11
1217	11
1218	11
1219	11
1220	11
1221	11
1222	11
1223	11
1224	11
1225	11
1226	11
1227	11
1228	11
1229	11
1230	11
1231	11
1232	11
1233	11
1234	11
1235	11
1236	11
1237	11
1238	11
1239	11
1240	8
1241	8
1242	8
1243	10
1244	8
1245	8
1246	8
1247	8
1248	10
1249	10
1250	10
1251	10
1252	10
1253	4
1254	4
1255	4
1256	4
1257	4
1258	10
1259	10
1260	10
1261	10
1262	8
1263	8
1264	4
1265	4
1266	4
1267	4
1268	4
1269	4
1270	4
1271	4
1272	4
1273	4
1274	4
1275	4
1276	4
1277	4
1278	10
1279	10
1280	10
1281	10
1282	8
1283	8
1284	4
1285	4
1286	4
1287	4
1288	10
1289	10
1290	10
1291	10
1292	10
1293	10
1294	10
1295	10
1296	10
1297	10
1298	10
1299	10
1300	10
1301	10
1302	10
1303	5
1304	5
1305	5
1306	5
1307	5
1308	5
1309	5
1310	5
1311	5
1312	5
1313	5
1314	11
1315	11
1316	11
1317	11
1318	11
1319	11
1320	11
1321	11
1322	11
1323	11
1324	11
1325	11
1326	11
1327	11
1328	11
1329	11
1330	11
1331	11
1332	11
1333	11
1334	11
1335	11
1336	11
1337	11
1338	11
1339	11
1340	11
1341	11
1342	11
1343	11
1344	11
1345	11
1346	5
1347	5
1348	5
1349	5
1350	5
1351	5
1352	5
1353	5
1354	5
1355	5
1356	5
1357	5
1358	5
1359	5
1360	5
1361	5
1362	5
1363	9
1364	9
1365	9
1366	9
1367	9
1368	9
1369	9
1370	9
1371	9
1372	9
1373	9
1374	9
1375	9
1376	9
1377	9
1378	9
1379	9
1380	9
1381	10
1382	10
1383	10
1384	10
1385	10
1386	10
1387	10
1388	10
1389	10
1390	10
1391	10
1392	10
1393	10
1394	10
1395	10
1396	10
1397	4
1398	5
1399	4
1400	4
1401	4
1402	4
1403	4
1404	4
1405	4
1406	4
1407	4
1408	4
1409	4
1410	4
1411	4
1412	4
1413	4
1414	4
1415	4
1416	4
1417	4
1418	4
1419	4
1420	4
1421	4
1422	4
1423	4
1424	4
1425	4
1426	4
1427	4
1428	2
1429	2
1430	2
1431	2
1432	2
1433	2
1434	2
1435	2
1436	2
1437	2
1438	2
1439	2
1440	2
1441	3
1442	3
1443	3
1444	3
1445	3
1446	3
1447	3
1448	3
1449	3
1450	3
1451	3
1452	3
1453	3
1454	3
1455	2
1456	2
1457	2
1458	2
1459	2
1460	2
1461	2
1462	2
1463	2
1464	2
1465	10
1466	10
1467	10
1468	10
1469	12
1470	10
1471	10
1472	12
1473	12
1474	10
1475	10
1476	10
1477	10
1478	10
1479	10
1480	10
1481	10
1482	10
1483	10
1484	10
1485	10
1486	10
1487	12
1488	10
1489	4
1490	4
1491	4
1492	4
1493	4
1494	4
1495	4
1496	4
1497	4
1498	4
1499	4
1500	4
1501	4
1502	4
1503	4
1504	4
1505	4
1506	4
1507	4
1508	4
1509	4
1510	4
1511	4
1512	4
1513	4
1514	4
1515	4
1516	4
1517	4
1518	4
1519	4
1520	4
1521	4
1522	4
1523	4
1524	4
1525	4
1526	4
1527	4
1528	4
1529	12
1530	12
1531	12
1532	12
1533	12
1534	12
1535	12
1536	12
1537	12
1538	12
1539	12
1540	12
1541	12
1542	12
1543	12
1544	12
1545	12
1546	12
1547	12
1548	12
1549	12
1550	12
1551	12
1552	2
1553	9
1554	9
1555	9
1556	9
1557	9
1558	9
1559	2
1560	9
1561	9
1562	9
1563	9
1564	9
1565	9
1566	9
1567	2
1568	9
1569	9
1570	9
1571	9
1572	2
1573	9
1574	9
1575	9
1576	4
1577	4
1578	4
1579	4
1580	4
1581	4
1582	4
1583	4
1584	4
1585	4
1586	4
1587	4
1588	4
1589	4
1590	4
1591	4
1592	4
1593	5
1594	5
1595	5
1596	5
1597	5
1598	5
1599	5
1600	5
1601	5
1602	2
1603	2
1604	2
1605	2
1606	2
1607	2
1608	2
1609	2
1610	2
1611	2
1612	2
1613	2
1614	2
1615	2
1616	2
1617	2
1618	10
1619	10
1620	10
1621	10
1622	10
1623	10
1624	10
1625	10
1626	10
1627	10
1628	10
1629	3
1630	3
1631	3
1632	3
1633	3
1634	3
1635	3
1636	3
1637	3
1638	3
1639	3
1640	3
1641	3
1642	3
1643	3
1644	10
1645	10
1646	10
1647	10
1648	10
1649	3
1650	3
1651	3
1652	3
1653	3
1654	3
1655	3
1656	3
1658	3
1659	3
1660	3
1661	3
1662	3
1663	3
1664	3
1665	3
1666	3
1667	3
1668	3
1669	3
1670	3
1671	3
1672	3
1673	10
1674	3
1675	3
1676	3
1677	10
1678	8
1679	8
1680	8
1681	8
1682	8
1683	8
1684	8
1685	4
1686	4
1687	4
1688	4
1689	4
1690	4
1691	4
1692	4
1693	4
1694	4
1695	4
1696	4
1697	4
1698	4
1699	4
1700	4
1701	3
1702	3
1703	13
1704	13
1705	3
1706	3
1707	3
1708	3
1709	3
1710	3
1711	3
1712	3
1713	10
1714	10
1715	10
1716	10
1717	10
1718	10
1719	10
1720	10
1721	10
1722	10
1723	10
1724	10
1725	3
1726	3
1727	3
1728	10
1729	3
1730	3
1731	3
1732	3
1733	3
1734	3
1735	3
1736	3
1737	3
1738	3
1739	3
1740	3
1741	3
1742	13
1743	13
1744	13
1745	13
1746	13
1747	13
1748	13
1749	13
1750	13
1751	13
1752	13
1753	13
1754	13
1755	4
1756	13
1757	10
1758	10
1759	10
1760	10
1761	13
1762	13
1763	13
1764	13
1765	13
1766	13
1767	13
1768	13
1769	13
1770	13
1771	13
1772	13
1773	13
1774	10
1775	10
1776	10
1777	10
1778	10
1779	10
1780	10
1781	10
1782	10
1783	10
1784	10
1785	10
1786	10
1787	13
1788	13
1789	13
1790	13
1791	13
1792	13
1793	13
1794	13
1795	10
1796	10
1797	10
1798	10
1799	13
1800	4
1801	4
1802	13
1803	13
1804	13
1805	13
1806	13
1807	13
1808	13
1809	13
1810	13
1811	13
1812	13
1813	13
1814	13
1815	13
1816	13
1817	13
1818	13
1819	13
1820	13
1821	13
1822	13
1823	13
1824	13
1825	13
1826	13
1827	13
1828	13
1829	13
1830	10
1831	10
1832	10
1833	10
1834	10
1835	13
1836	13
1837	10
1838	13
1839	13
1840	9
1841	9
1842	9
1843	9
1844	9
1845	13
1846	13
1847	13
1848	13
1849	13
1850	13
1851	13
1852	13
1853	13
1854	13
1855	13
1856	13
1857	10
1858	10
1859	10
1860	10
1861	10
1862	10
1863	13
1864	13
1865	13
1866	13
1867	13
1868	13
1869	13
1870	13
1871	13
1872	8
1873	8
1874	8
1875	8
1876	8
1877	8
1878	8
1879	8
1880	8
1881	8
1882	8
1883	8
1884	8
1885	8
1886	8
1887	8
1888	8
1889	8
1890	8
1891	8
1892	8
1893	8
1894	8
1895	5
1896	5
1897	5
1898	11
1899	11
1900	11
1901	11
1902	11
1903	11
1904	5
1905	5
1906	5
1907	5
1908	5
1909	5
1910	5
1911	5
1912	5
1913	5
1914	5
1915	5
1916	11
1917	11
1918	11
1919	11
1920	11
1921	11
1922	11
1923	11
1924	5
1925	5
1926	5
1927	5
1928	5
1929	5
1930	5
1931	5
1932	5
1933	5
1934	5
1935	5
1936	5
1937	5
1938	5
1939	5
1940	5
1941	5
1942	5
1943	5
1944	5
1945	5
1946	5
1947	5
1948	5
1949	5
1950	5
1951	5
1952	5
1953	5
1954	5
1955	5
1956	5
1957	5
1958	5
1959	5
1960	5
1961	5
1962	5
1963	5
1964	5
1965	5
1966	5
1967	5
1968	5
1969	5
1970	5
1971	5
1972	5
1973	5
1974	5
1975	5
1976	2
1977	12
1978	2
1979	12
1980	2
1981	12
1982	12
1983	2
1984	12
1985	12
1986	12
1987	2
1988	2
1989	2
1990	2
1991	12
1992	2
1993	2
1994	2
1995	12
1996	2
1997	2
1998	2
1999	2
2000	2
2001	2
2002	2
2003	2
2004	2
2005	2
2006	2
2007	2
2008	2
2009	12
2010	2
2011	12
2012	12
2013	2
2014	2
2015	2
2016	2
2017	8
2018	8
2019	8
2020	8
2021	8
2022	8
2023	8
2024	12
2025	8
2026	8
2027	8
2028	8
2029	8
2030	12
2031	12
2032	12
2033	12
2034	12
2035	12
2036	12
2037	8
2038	10
2039	10
2040	10
2041	10
2042	10
2043	8
2044	8
2045	8
2046	12
2047	12
2048	10
2049	10
2050	8
2051	12
2052	12
2053	8
2054	8
2055	12
2056	8
2057	12
2058	2
2059	2
2060	2
2061	2
2062	2
2063	2
2064	2
2065	2
2066	2
2067	2
2068	8
2069	8
2070	8
2071	8
2072	8
2073	10
2074	8
2075	8
2076	8
2077	10
2078	10
2079	8
2080	10
2081	8
2082	8
2083	8
2084	8
2085	8
2086	8
2087	8
2088	8
2089	4
2090	4
2091	4
2092	4
2093	4
2094	4
2095	4
2096	4
2097	4
2098	4
2099	4
2100	4
2101	4
2102	4
2103	4
2104	4
2105	4
2106	4
2107	4
2108	4
2109	4
2110	4
2111	4
2112	4
2113	6
2114	6
2115	6
2116	6
2117	6
2118	13
2119	6
2120	6
2121	6
2122	6
2123	6
2124	8
2125	6
2126	6
2127	6
2128	6
2129	6
2130	6
2131	6
2132	6
2133	13
2134	6
2135	6
2136	6
2137	13
2138	13
2139	6
2140	13
2141	6
2142	6
2143	6
2144	6
2145	6
2146	13
2147	6
2148	6
2149	6
2150	6
2151	6
2152	6
2153	6
2154	6
2155	6
2156	6
2157	6
2158	6
2159	6
2160	6
2161	6
2162	6
2163	6
2164	13
2165	13
2166	6
2167	6
2168	6
2169	6
2170	6
2171	6
2172	6
2173	6
2174	6
2175	6
2176	13
2177	13
2178	6
2179	6
2180	13
2181	13
2182	6
2183	6
2184	6
2185	6
2186	6
2187	6
2188	6
2189	6
2190	6
2191	6
2192	6
2193	6
2194	6
2195	6
2196	13
2197	6
2198	6
2199	13
2200	6
2201	6
2202	6
2203	6
2204	6
2205	6
2206	6
2207	6
2208	6
2209	6
2210	6
2211	6
2212	6
2213	6
2214	6
2215	6
2216	6
2217	6
2218	6
2219	6
2220	6
2221	6
2222	6
2223	13
2224	6
2225	6
2226	6
2227	6
2228	6
2229	6
2230	13
2231	13
2232	6
2233	13
2234	13
2235	6
2236	13
2237	13
2238	6
2239	6
2240	6
2241	6
2242	6
2243	6
2244	6
2245	13
2246	6
2247	13
2248	13
2249	6
2250	6
2251	6
2252	6
2253	6
2254	6
2255	6
2256	13
2257	6
2258	6
2259	6
2260	6
2261	13
2262	13
2263	6
2264	6
2265	6
2266	6
2267	6
2268	6
2269	6
2270	6
2271	6
2272	6
2273	6
2274	6
2275	6
2276	6
2277	13
2278	6
2279	6
2280	6
2281	6
2282	6
2283	13
2284	8
2285	8
2286	6
2287	6
2288	6
2289	6
2290	6
2291	6
2292	6
2293	6
2294	6
2295	6
2296	6
2297	6
2298	6
2299	6
2300	6
2301	6
2302	13
2303	6
2304	13
2305	6
2306	6
2307	6
2308	6
2309	8
2310	8
2311	8
2312	7
2313	7
2314	7
2315	7
2316	7
2317	7
2318	7
2319	7
2320	7
2321	7
2322	7
2323	7
2324	7
2325	7
2326	7
2327	7
2328	7
2329	7
2330	5
2331	5
2332	5
2333	5
2334	5
2335	5
2336	5
2337	5
2338	5
2339	5
2340	5
2341	5
2342	5
2343	5
2344	5
2345	5
2346	7
2347	7
2348	7
2349	7
2350	7
2351	7
2352	7
2353	7
2354	7
2355	7
2356	7
2357	7
2358	7
2359	7
2360	7
2361	7
2362	7
2363	7
2364	7
2365	7
2366	2
2367	2
2368	2
2369	2
2370	2
2371	13
2372	2
2373	2
2374	2
2375	13
2376	2
2377	2
2378	2
2379	13
2380	13
2381	2
2382	2
2383	13
2384	2
2385	13
2386	2
2387	13
2388	2
2389	2
2390	2
2391	13
2392	13
2393	2
2394	2
2395	2
2396	2
2397	2
2398	2
2399	2
2400	13
2401	13
2402	13
2403	13
2404	13
2405	13
2406	13
2407	13
2408	2
2409	2
2410	2
2411	13
2412	13
2413	13
2414	13
2415	9
2416	9
2417	9
2418	9
2419	1
2420	1
2421	1
2422	9
2423	9
2424	9
2425	9
2426	9
2427	1
2428	1
2429	1
2430	1
2431	1
2432	1
2433	9
2434	1
2435	9
2436	9
2437	9
2438	1
2439	1
2440	1
2441	1
2442	9
2443	9
2444	9
2445	1
2446	1
2447	1
2448	9
2449	1
2450	1
2451	1
2452	1
2453	9
2454	9
2455	9
2456	9
2457	9
2458	9
2459	9
2460	1
2461	1
2462	9
2463	9
2464	9
2465	1
2466	1
2467	9
2468	9
2469	9
2470	9
2471	9
2472	1
2473	1
2474	1
2475	9
2476	9
2477	9
2478	9
2479	9
2480	9
2481	9
2482	9
2483	1
2484	9
2485	9
2486	9
2487	9
2488	9
2489	9
2490	9
2491	1
2492	9
2493	9
2494	9
2495	1
2496	1
2497	1
2498	1
2499	9
2500	9
2501	9
2502	9
2503	9
2504	9
2505	9
2506	9
2507	9
2508	1
2509	1
2510	1
2511	9
2512	9
2513	1
2514	9
2515	1
2516	1
2517	1
2518	1
2519	1
2520	1
2521	1
2522	1
2523	1
2524	1
2525	1
2526	9
2527	1
2528	1
2529	1
2530	1
2531	1
2532	1
2533	1
2534	1
2535	1
2536	1
2537	1
2538	1
2539	1
2540	1
2541	1
2542	1
2543	9
2544	1
2545	1
2546	1
2547	1
2548	1
2549	1
2550	1
2551	1
2552	1
2553	1
2554	1
2555	1
2556	1
2557	1
2558	9
2559	9
2560	9
2561	9
2562	1
2563	1
2564	9
2565	1
2566	1
2567	1
2568	1
2569	1
2570	1
2571	9
2572	1
2573	9
2574	1
2575	1
2576	9
2577	1
2578	1
2579	1
2580	1
2581	1
2582	1
2583	9
2584	1
2585	9
2586	9
2587	1
2588	1
2589	1
2590	1
2591	1
2592	1
2593	1
2594	9
2595	9
2596	9
2597	9
2598	9
2599	9
2600	1
2601	1
2602	9
2603	1
2604	1
2605	1
2606	8
2607	8
2608	8
2609	8
2610	8
2611	8
2612	8
2613	8
2614	8
2615	8
2616	8
2617	8
2618	8
2619	8
2620	8
2621	8
2622	8
2623	8
2624	8
2625	8
2626	8
2627	8
2628	8
2629	8
2630	8
2631	8
2632	8
2633	8
2634	8
2635	8
2636	8
2637	8
2638	8
2639	8
2640	2
2641	2
2642	2
2643	2
2644	2
2645	2
2646	1
2647	1
2648	2
2649	2
2650	2
2651	2
2652	2
2653	2
2654	1
2655	1
2656	2
2657	2
2658	2
2659	2
2660	2
2661	1
2662	1
2663	2
2664	1
2665	2
2666	2
2667	1
2668	2
2669	2
2670	1
2671	2
2672	2
2673	2
2674	2
2675	2
2676	2
2677	2
2678	1
2679	2
2680	2
2681	2
2682	2
2683	2
2684	2
2685	2
2686	2
2687	2
2688	5
2689	5
2690	5
2691	5
315	4
1657	3
