0	9
1	9
2	9
3	9
4	9
5	9
6	9
7	1
8	1
9	1
10	1
11	1
12	1
13	1
14	1
15	1
16	1
17	1
18	1
19	1
20	1
21	5
22	5
23	5
24	5
25	5
26	5
27	5
28	5
29	3
30	3
31	3
32	3
33	3
34	3
35	3
36	3
37	3
38	3
39	3
40	3
41	3
42	3
43	3
44	3
45	3
46	3
47	3
48	3
49	3
50	3
51	3
52	3
53	7
54	7
55	7
56	7
57	7
58	3
59	3
60	3
61	3
62	3
63	3
64	3
65	7
66	7
67	7
68	7
69	7
70	7
71	5
72	5
73	5
74	5
75	3
76	3
77	3
78	3
79	3
80	3
81	3
82	3
83	13
84	13
85	13
86	13
87	13
88	13
89	13
90	13
91	13
92	13
93	13
94	13
95	13
96	1
97	1
98	1
99	1
100	1
101	1
102	1
103	1
104	1
105	1
106	1
107	1
108	1
109	1
110	1
111	1
112	1
113	1
114	1
115	1
116	1
117	1
118	1
119	1
120	1
121	1
122	1
123	1
124	1
125	1
126	1
127	1
128	1
129	8
130	8
131	8
132	8
133	8
134	8
135	8
136	8
137	8
138	8
139	8
140	8
141	8
142	8
143	8
144	8
145	8
146	8
147	8
148	8
149	8
150	8
151	8
152	8
153	8
154	8
155	8
156	8
157	8
158	8
159	8
160	8
161	8
162	8
163	8
164	8
165	8
166	13
167	13
168	13
169	8
170	13
171	13
172	13
173	13
174	8
175	8
176	8
177	13
178	8
179	13
180	13
181	8
182	13
183	9
184	9
185	9
186	9
187	9
188	9
189	9
190	9
191	9
192	9
193	9
194	9
195	9
196	9
197	9
198	9
199	9
200	9
201	9
202	9
203	9
204	9
205	9
206	9
207	9
208	5
209	5
210	5
211	5
212	5
213	5
214	5
215	5
216	5
217	5
218	5
219	5
220	5
221	5
222	5
223	5
224	5
225	5
226	5
227	5
228	5
229	5
230	5
231	5
232	5
233	5
234	5
235	5
236	5
237	5
238	5
239	5
240	5
241	5
242	5
243	5
244	5
245	5
246	5
247	5
248	9
249	9
250	9
251	9
252	9
253	9
254	9
255	9
256	9
257	9
258	9
259	9
260	9
261	5
262	5
263	5
264	5
265	5
266	5
267	5
268	6
269	6
270	6
271	5
272	5
273	5
274	5
275	5
276	5
277	5
278	6
279	6
280	6
281	6
282	6
283	6
284	6
285	6
286	6
287	6
288	6
289	6
290	6
291	6
292	6
293	6
294	6
295	6
296	6
297	6
298	6
299	6
300	6
301	6
302	9
303	9
304	9
305	9
306	10
307	12
308	12
309	10
310	10
311	10
312	12
313	12
314	10
316	7
317	7
318	7
319	7
320	7
321	7
322	7
323	7
324	7
325	7
326	7
327	7
328	7
329	7
330	7
331	12
332	12
333	12
334	12
335	12
336	10
337	7
338	7
339	7
340	12
341	12
342	12
343	12
344	12
345	12
346	12
347	10
348	12
349	12
350	12
351	12
352	12
353	12
354	12
355	12
356	8
357	8
358	11
359	8
360	8
361	8
362	8
363	8
364	8
365	11
366	8
367	11
368	11
369	12
370	12
371	12
372	12
373	10
374	10
375	12
376	12
377	12
378	12
379	12
380	12
381	12
382	12
383	12
384	12
385	12
386	12
387	10
388	12
389	7
390	7
391	7
392	7
393	7
394	12
395	12
396	12
397	10
398	7
399	7
400	7
401	7
402	7
403	5
404	5
405	5
406	5
407	5
408	5
409	9
410	9
411	9
412	9
413	3
414	3
415	9
416	3
417	9
418	3
419	3
420	9
421	3
422	9
423	3
424	9
425	13
426	13
427	13
428	13
429	13
430	13
431	13
432	13
433	3
434	9
435	9
436	3
437	3
438	9
439	9
440	9
441	9
442	9
443	3
444	3
445	9
446	13
447	13
448	13
449	13
450	13
451	9
452	9
453	9
454	13
455	13
456	13
457	3
458	9
459	9
460	9
461	3
462	3
463	13
464	13
465	13
466	13
467	13
468	13
469	13
470	13
471	13
472	13
473	3
474	9
475	6
476	6
477	8
478	8
479	8
480	8
481	8
482	8
483	8
484	5
485	5
486	8
487	8
488	8
489	6
490	6
491	6
492	6
493	6
494	6
495	8
496	8
497	8
498	5
499	8
500	8
501	8
502	5
503	8
504	8
505	8
506	5
507	5
508	5
509	5
510	5
511	5
512	5
513	5
514	5
515	5
516	5
517	5
518	5
519	5
520	5
521	5
522	13
523	13
524	13
525	13
526	9
527	9
528	13
529	13
530	13
531	13
532	13
533	13
534	13
535	13
536	13
537	13
538	9
539	9
540	9
541	9
542	9
543	9
544	9
545	9
546	9
547	9
548	9
549	9
550	9
551	9
552	9
553	9
554	9
555	9
556	9
557	9
558	9
559	5
560	5
561	5
562	5
563	5
564	5
565	9
566	9
567	9
568	9
569	9
570	13
571	13
572	13
573	13
574	13
575	13
576	13
577	13
578	13
579	13
580	13
581	9
582	9
583	9
584	9
585	3
586	9
587	5
588	5
589	5
590	5
591	5
592	5
593	5
594	5
595	5
596	5
597	5
598	5
599	5
600	5
601	5
602	5
603	9
604	9
605	9
606	9
607	9
608	9
609	9
610	9
611	9
612	9
613	9
614	9
615	9
616	9
617	5
618	5
619	5
620	5
621	5
622	5
623	5
624	5
625	5
626	5
627	5
628	5
629	5
630	5
631	5
632	5
633	5
634	5
635	5
636	5
637	5
638	5
639	9
640	9
641	9
642	9
643	9
644	9
645	9
646	9
647	9
648	9
649	9
650	9
651	9
652	9
653	9
654	9
655	9
656	9
657	6
658	6
659	6
660	6
661	9
662	9
663	9
664	9
665	9
666	9
667	9
668	9
669	9
670	8
671	8
672	8
673	8
674	8
675	8
676	8
677	8
678	8
679	8
680	9
681	9
682	9
683	9
684	9
685	9
686	9
687	9
688	9
689	9
690	9
691	9
692	9
693	9
694	9
695	9
696	9
697	8
698	8
699	8
700	8
701	8
702	8
703	8
704	8
705	8
706	8
707	8
708	8
709	8
710	8
711	8
712	8
713	8
714	9
715	9
716	5
717	5
718	8
719	8
720	8
721	5
722	5
723	5
724	5
725	5
726	5
727	5
728	5
729	5
730	5
731	5
732	1
733	3
734	1
735	3
736	1
737	6
738	13
739	13
740	6
741	6
742	6
743	6
744	6
745	1
746	1
747	1
748	1
749	1
750	1
751	1
752	1
753	1
754	1
755	1
756	3
757	3
758	1
759	1
760	1
761	1
762	3
763	3
764	1
765	1
766	6
767	6
768	6
769	6
770	1
771	3
772	6
773	6
774	6
775	6
776	6
777	6
778	6
779	6
780	6
781	6
782	6
783	6
784	6
785	12
786	6
787	6
788	6
789	6
790	6
791	12
792	12
793	12
794	12
795	12
796	12
797	12
798	12
799	12
800	12
801	6
802	6
803	6
804	6
805	12
806	12
807	12
808	6
809	6
810	6
811	7
812	7
813	10
814	7
815	10
816	10
817	10
818	7
819	10
820	7
821	7
822	10
823	10
824	10
825	10
826	10
827	10
828	10
829	7
830	7
831	7
832	10
833	10
834	7
835	7
836	7
837	7
838	10
839	10
840	7
841	10
842	7
843	10
844	10
845	10
846	10
847	7
848	10
849	10
850	7
851	10
852	7
853	7
854	10
855	10
856	7
857	7
858	9
859	9
860	9
861	9
862	9
863	9
864	9
865	9
866	9
867	9
868	9
869	9
870	9
871	7
872	7
873	10
874	10
875	10
876	10
877	10
878	10
879	10
880	10
881	7
882	10
883	7
884	10
885	7
886	10
887	10
888	7
889	10
890	10
891	10
892	7
893	7
894	7
895	7
896	10
897	10
898	10
899	7
900	10
901	7
902	7
903	7
904	10
905	7
906	10
907	10
908	7
909	10
910	10
911	7
912	7
913	10
914	7
915	10
916	10
917	10
918	10
919	10
920	10
921	10
922	7
923	7
924	10
925	7
926	10
927	10
928	7
929	10
930	7
931	7
932	10
933	10
934	10
935	10
936	10
937	10
938	10
939	10
940	10
941	10
942	7
943	10
944	10
945	10
946	10
947	7
948	10
949	7
950	10
951	10
952	10
953	10
954	10
955	10
956	10
957	10
958	7
959	10
960	10
961	10
962	7
963	10
964	7
965	10
966	10
967	10
968	10
969	10
970	10
971	10
972	10
973	10
974	10
975	7
976	10
977	7
978	10
979	10
980	10
981	10
982	7
983	7
984	1
985	8
986	8
987	8
988	8
989	8
990	8
991	8
992	8
993	8
994	8
995	8
996	8
997	8
998	8
999	8
1000	8
1001	8
1002	8
1003	8
1004	8
1005	8
1006	8
1007	7
1008	1
1009	8
1010	1
1011	7
1012	7
1013	7
1014	7
1015	7
1016	7
1017	1
1018	7
1019	7
1020	7
1021	7
1022	1
1023	7
1024	7
1025	7
1026	7
1027	1
1028	7
1029	7
1030	7
1031	7
1032	7
1033	7
1034	7
1035	7
1036	7
1037	1
1038	7
1039	7
1040	7
1041	1
1042	1
1043	7
1044	7
1045	7
1046	7
1047	1
1048	7
1049	7
1050	7
1051	7
1052	7
1053	7
1054	1
1055	7
1056	1
1057	1
1058	1
1059	7
1060	1
1061	1
1062	7
1063	7
1064	7
1065	1
1066	1
1067	1
1068	1
1069	7
1070	1
1071	7
1072	7
1073	7
1074	7
1075	3
1076	3
1077	3
1078	3
1079	3
1080	3
1081	3
1082	3
1083	3
1084	3
1085	3
1086	3
1087	6
1088	6
1089	6
1090	6
1091	6
1092	6
1093	6
1094	5
1095	5
1096	5
1097	5
1098	5
1099	5
1100	5
1101	5
1102	5
1103	5
1104	5
1105	5
1106	5
1107	10
1108	10
1109	10
1110	10
1111	10
1112	10
1113	10
1114	10
1115	10
1116	10
1117	10
1118	10
1119	10
1120	10
1121	10
1122	10
1123	10
1124	10
1125	10
1126	10
1127	10
1128	10
1129	10
1130	10
1131	10
1132	10
1133	10
1134	10
1135	10
1136	10
1137	10
1138	10
1139	10
1140	10
1141	10
1142	10
1143	10
1144	10
1145	10
1146	10
1147	10
1148	10
1149	10
1150	10
1151	10
1152	10
1153	10
1154	12
1155	12
1156	12
1157	12
1158	12
1159	12
1160	12
1161	12
1162	12
1163	12
1164	12
1165	12
1166	12
1167	12
1168	12
1169	7
1170	1
1171	7
1172	7
1173	7
1174	7
1175	1
1176	7
1177	7
1178	7
1179	7
1180	7
1181	7
1182	7
1183	7
1184	1
1185	7
1186	7
1187	7
1188	7
1189	7
1190	1
1191	1
1192	7
1193	7
1194	1
1195	7
1196	1
1197	7
1198	1
1199	7
1200	1
1201	1
1202	1
1203	10
1204	1
1205	10
1206	10
1207	10
1208	1
1209	10
1210	1
1211	1
1212	1
1213	1
1214	10
1215	1
1216	10
1217	1
1218	10
1219	10
1220	10
1221	1
1222	10
1223	10
1224	1
1225	10
1226	10
1227	1
1228	1
1229	10
1230	10
1231	1
1232	1
1233	10
1234	1
1235	1
1236	10
1237	10
1238	10
1239	1
1240	5
1241	5
1242	8
1243	5
1244	8
1245	8
1246	8
1247	8
1248	5
1249	5
1250	5
1251	5
1252	5
1253	3
1254	3
1255	3
1256	3
1257	3
1258	5
1259	5
1260	5
1261	5
1262	8
1263	8
1264	3
1265	3
1266	3
1267	3
1268	3
1269	3
1270	3
1271	3
1272	3
1273	3
1274	3
1275	3
1276	3
1277	3
1278	12
1279	12
1280	12
1281	5
1282	8
1283	8
1284	3
1285	3
1286	3
1287	3
1288	12
1289	12
1290	12
1291	12
1292	12
1293	12
1294	12
1295	12
1296	12
1297	12
1298	12
1299	12
1300	12
1301	12
1302	12
1303	3
1304	3
1305	3
1306	3
1307	3
1308	3
1309	3
1310	3
1311	3
1312	3
1313	3
1314	10
1315	10
1316	10
1317	10
1318	10
1319	10
1320	10
1321	10
1322	10
1323	10
1324	10
1325	10
1326	10
1327	10
1328	10
1329	10
1330	10
1331	10
1332	10
1333	10
1334	10
1335	10
1336	10
1337	10
1338	10
1339	10
1340	10
1341	10
1342	10
1343	10
1344	10
1345	10
1346	3
1347	3
1348	3
1349	3
1350	3
1351	3
1352	3
1353	3
1354	3
1355	3
1356	3
1357	3
1358	3
1359	3
1360	3
1361	3
1362	3
1363	11
1364	11
1365	11
1366	11
1367	11
1368	11
1369	11
1370	11
1371	11
1372	11
1373	11
1374	11
1375	11
1376	11
1377	11
1378	11
1379	11
1380	11
1381	12
1382	12
1383	12
1384	12
1385	12
1386	12
1387	12
1388	12
1389	12
1390	12
1391	12
1392	12
1393	12
1394	12
1395	12
1396	12
1397	3
1398	3
1399	3
1400	3
1401	3
1402	3
1403	3
1404	3
1405	3
1406	3
1407	3
1408	3
1409	3
1410	3
1411	3
1412	3
1413	3
1414	3
1415	3
1416	3
1417	3
1418	3
1419	3
1420	3
1421	3
1422	3
1423	3
1424	3
1425	3
1426	3
1427	3
1428	13
1429	13
1430	13
1431	4
1432	13
1433	13
1434	13
1435	13
1436	13
1437	13
1438	13
1439	13
1440	4
1441	1
1442	1
1443	1
1444	1
1445	1
1446	1
1447	1
1448	1
1449	1
1450	1
1451	1
1452	1
1453	1
1454	1
1455	13
1456	13
1457	13
1458	13
1459	13
1460	4
1461	13
1462	13
1463	13
1464	4
1465	5
1466	5
1467	5
1468	5
1469	5
1470	5
1471	5
1472	5
1473	5
1474	5
1475	5
1476	5
1477	5
1478	5
1479	5
1480	5
1481	5
1482	5
1483	5
1484	5
1485	5
1486	5
1487	5
1488	5
1489	7
1490	7
1491	7
1492	7
1493	7
1494	7
1495	7
1496	7
1497	7
1498	7
1499	7
1500	7
1501	9
1502	9
1503	9
1504	9
1505	9
1506	9
1507	9
1508	9
1509	9
1510	9
1511	9
1512	9
1513	9
1514	9
1515	9
1516	9
1517	9
1518	9
1519	9
1520	9
1521	9
1522	9
1523	9
1524	9
1525	9
1526	9
1527	9
1528	9
1529	13
1530	13
1531	13
1532	13
1533	13
1534	13
1535	13
1536	13
1537	13
1538	13
1539	13
1540	13
1541	13
1542	6
1543	13
1544	13
1545	13
1546	6
1547	6
1548	13
1549	13
1550	13
1551	13
1552	13
1553	13
1554	13
1555	13
1556	13
1557	13
1558	13
1559	13
1560	13
1561	13
1562	13
1563	13
1564	13
1565	13
1566	13
1567	13
1568	13
1569	13
1570	13
1571	13
1572	13
1573	13
1574	13
1575	13
1576	3
1577	3
1578	3
1579	3
1580	3
1581	3
1582	3
1583	3
1584	3
1585	3
1586	3
1587	3
1588	3
1589	3
1590	3
1591	3
1592	3
1593	3
1594	3
1595	3
1596	3
1597	3
1598	3
1599	3
1600	3
1601	3
1602	13
1603	13
1604	13
1605	13
1606	13
1607	13
1608	13
1609	13
1610	13
1611	13
1612	13
1613	13
1614	13
1615	13
1616	13
1617	13
1618	5
1619	5
1620	5
1621	5
1622	5
1623	5
1624	5
1625	5
1626	5
1627	5
1628	5
1629	1
1630	1
1631	1
1632	1
1633	1
1634	1
1635	1
1636	1
1637	1
1638	1
1639	1
1640	1
1641	1
1642	1
1643	1
1644	5
1645	5
1646	5
1647	5
1648	5
1649	1
1650	1
1651	1
1652	1
1653	1
1654	1
1655	1
1656	1
1658	1
1659	1
1660	1
1661	1
1662	1
1663	1
1664	1
1665	1
1666	1
1667	1
1668	1
1669	1
1670	1
1671	1
1672	1
1673	5
1674	1
1675	1
1676	1
1677	5
1678	6
1679	6
1680	6
1681	6
1682	6
1683	6
1684	6
1685	3
1686	3
1687	3
1688	3
1689	3
1690	3
1691	3
1692	3
1693	3
1694	3
1695	3
1696	3
1697	3
1698	3
1699	3
1700	3
1701	1
1702	1
1703	4
1704	4
1705	1
1706	1
1707	1
1708	1
1709	1
1710	1
1711	1
1712	1
1713	5
1714	5
1715	5
1716	5
1717	5
1718	5
1719	5
1720	5
1721	5
1722	5
1723	5
1724	5
1725	1
1726	1
1727	1
1728	5
1729	1
1730	1
1731	1
1732	1
1733	1
1734	1
1735	1
1736	1
1737	1
1738	1
1739	1
1740	1
1741	1
1742	2
1743	2
1744	2
1745	2
1746	9
1747	2
1748	2
1749	2
1750	2
1751	2
1752	2
1753	9
1754	2
1755	9
1756	2
1757	5
1758	5
1759	5
1760	5
1761	9
1762	2
1763	2
1764	2
1765	2
1766	9
1767	2
1768	2
1769	9
1770	9
1771	2
1772	2
1773	9
1774	5
1775	5
1776	5
1777	5
1778	5
1779	5
1780	5
1781	5
1782	5
1783	5
1784	5
1785	5
1786	5
1787	2
1788	2
1789	2
1790	9
1791	2
1792	9
1793	2
1794	2
1795	5
1796	5
1797	5
1798	5
1799	2
1800	9
1801	9
1802	2
1803	2
1804	2
1805	2
1806	2
1807	2
1808	2
1809	4
1810	4
1811	4
1812	4
1813	4
1814	4
1815	4
1816	4
1817	4
1818	4
1819	4
1820	4
1821	4
1822	4
1823	4
1824	4
1825	4
1826	4
1827	4
1828	4
1829	4
1830	6
1831	6
1832	6
1833	6
1834	6
1835	4
1836	4
1837	6
1838	4
1839	4
1840	11
1841	11
1842	11
1843	11
1844	11
1845	4
1846	4
1847	4
1848	4
1849	4
1850	4
1851	4
1852	4
1853	4
1854	4
1855	4
1856	4
1857	5
1858	5
1859	5
1860	5
1861	5
1862	5
1863	4
1864	4
1865	4
1866	4
1867	4
1868	4
1869	4
1870	4
1871	4
1872	6
1873	6
1874	6
1875	6
1876	6
1877	6
1878	6
1879	6
1880	6
1881	6
1882	6
1883	6
1884	6
1885	6
1886	6
1887	6
1888	6
1889	6
1890	6
1891	6
1892	6
1893	6
1894	6
1895	3
1896	3
1897	3
1898	7
1899	7
1900	7
1901	7
1902	7
1903	7
1904	3
1905	3
1906	3
1907	3
1908	3
1909	3
1910	3
1911	3
1912	3
1913	3
1914	3
1915	3
1916	7
1917	7
1918	7
1919	7
1920	7
1921	7
1922	7
1923	7
1924	3
1925	3
1926	3
1927	3
1928	3
1929	3
1930	3
1931	3
1932	3
1933	3
1934	3
1935	3
1936	3
1937	3
1938	3
1939	3
1940	3
1941	3
1942	3
1943	3
1944	3
1945	3
1946	3
1947	3
1948	3
1949	3
1950	3
1951	3
1952	3
1953	3
1954	3
1955	3
1956	3
1957	3
1958	3
1959	3
1960	3
1961	3
1962	3
1963	3
1964	3
1965	3
1966	3
1967	3
1968	3
1969	3
1970	3
1971	3
1972	3
1973	3
1974	3
1975	3
1976	13
1977	13
1978	13
1979	13
1980	13
1981	13
1982	13
1983	13
1984	13
1985	13
1986	13
1987	13
1988	13
1989	13
1990	13
1991	13
1992	13
1993	13
1994	13
1995	13
1996	13
1997	13
1998	13
1999	13
2000	13
2001	13
2002	13
2003	13
2004	13
2005	13
2006	13
2007	13
2008	13
2009	13
2010	13
2011	13
2012	13
2013	13
2014	13
2015	13
2016	13
2017	6
2018	6
2019	6
2020	6
2021	6
2022	6
2023	6
2024	6
2025	6
2026	6
2027	6
2028	6
2029	6
2030	6
2031	6
2032	6
2033	6
2034	6
2035	6
2036	6
2037	6
2038	5
2039	5
2040	5
2041	5
2042	5
2043	6
2044	6
2045	6
2046	6
2047	6
2048	5
2049	5
2050	6
2051	6
2052	6
2053	6
2054	6
2055	6
2056	6
2057	6
2058	13
2059	13
2060	13
2061	13
2062	13
2063	13
2064	13
2065	13
2066	13
2067	13
2068	6
2069	6
2070	6
2071	5
2072	6
2073	5
2074	6
2075	6
2076	6
2077	5
2078	5
2079	6
2080	5
2081	6
2082	5
2083	6
2084	6
2085	6
2086	6
2087	6
2088	6
2089	1
2090	1
2091	1
2092	1
2093	1
2094	1
2095	1
2096	9
2097	9
2098	9
2099	9
2100	9
2101	9
2102	9
2103	9
2104	9
2105	9
2106	9
2107	9
2108	9
2109	9
2110	9
2111	9
2112	9
2113	2
2114	2
2115	2
2116	2
2117	2
2118	4
2119	2
2120	4
2121	4
2122	4
2123	2
2124	6
2125	2
2126	4
2127	2
2128	2
2129	2
2130	4
2131	2
2132	2
2133	4
2134	2
2135	2
2136	2
2137	4
2138	4
2139	4
2140	4
2141	2
2142	2
2143	2
2144	2
2145	4
2146	4
2147	2
2148	4
2149	4
2150	4
2151	2
2152	2
2153	2
2154	2
2155	2
2156	2
2157	2
2158	2
2159	4
2160	2
2161	2
2162	2
2163	2
2164	4
2165	4
2166	2
2167	4
2168	4
2169	2
2170	2
2171	2
2172	2
2173	2
2174	2
2175	2
2176	4
2177	4
2178	4
2179	4
2180	4
2181	4
2182	2
2183	2
2184	2
2185	2
2186	2
2187	2
2188	2
2189	4
2190	4
2191	4
2192	4
2193	2
2194	2
2195	2
2196	4
2197	2
2198	2
2199	4
2200	2
2201	2
2202	2
2203	2
2204	2
2205	2
2206	4
2207	4
2208	4
2209	2
2210	2
2211	2
2212	2
2213	4
2214	4
2215	2
2216	2
2217	4
2218	2
2219	2
2220	2
2221	4
2222	4
2223	4
2224	2
2225	2
2226	2
2227	2
2228	2
2229	2
2230	4
2231	4
2232	2
2233	4
2234	4
2235	2
2236	4
2237	4
2238	2
2239	2
2240	2
2241	4
2242	2
2243	2
2244	2
2245	2
2246	2
2247	4
2248	4
2249	2
2250	2
2251	2
2252	2
2253	2
2254	2
2255	2
2256	4
2257	2
2258	4
2259	4
2260	4
2261	4
2262	2
2263	2
2264	2
2265	2
2266	2
2267	2
2268	2
2269	2
2270	2
2271	2
2272	2
2273	2
2274	2
2275	2
2276	2
2277	4
2278	2
2279	2
2280	2
2281	2
2282	4
2283	4
2284	6
2285	6
2286	2
2287	2
2288	2
2289	2
2290	2
2291	2
2292	2
2293	2
2294	4
2295	4
2296	4
2297	4
2298	2
2299	2
2300	2
2301	2
2302	4
2303	4
2304	4
2305	2
2306	2
2307	2
2308	2
2309	6
2310	6
2311	6
2312	7
2313	7
2314	7
2315	7
2316	7
2317	7
2318	7
2319	7
2320	7
2321	7
2322	7
2323	7
2324	7
2325	7
2326	7
2327	7
2328	7
2329	7
2330	9
2331	9
2332	9
2333	9
2334	9
2335	9
2336	9
2337	9
2338	9
2339	9
2340	9
2341	9
2342	9
2343	9
2344	9
2345	9
2346	7
2347	7
2348	7
2349	7
2350	7
2351	7
2352	7
2353	7
2354	7
2355	7
2356	7
2357	7
2358	7
2359	7
2360	7
2361	7
2362	7
2363	7
2364	7
2365	7
2366	4
2367	4
2368	4
2369	4
2370	4
2371	4
2372	4
2373	4
2374	4
2375	4
2376	4
2377	4
2378	4
2379	4
2380	4
2381	4
2382	4
2383	4
2384	4
2385	4
2386	4
2387	4
2388	4
2389	4
2390	4
2391	4
2392	4
2393	4
2394	4
2395	4
2396	4
2397	4
2398	4
2399	4
2400	4
2401	4
2402	4
2403	4
2404	4
2405	4
2406	4
2407	4
2408	4
2409	4
2410	4
2411	4
2412	4
2413	4
2414	4
2415	11
2416	12
2417	11
2418	11
2419	12
2420	12
2421	11
2422	11
2423	11
2424	11
2425	11
2426	11
2427	12
2428	12
2429	12
2430	12
2431	11
2432	11
2433	11
2434	11
2435	11
2436	11
2437	11
2438	11
2439	12
2440	11
2441	11
2442	11
2443	11
2444	11
2445	11
2446	11
2447	11
2448	11
2449	11
2450	11
2451	11
2452	11
2453	11
2454	11
2455	11
2456	11
2457	11
2458	11
2459	11
2460	11
2461	11
2462	11
2463	11
2464	11
2465	11
2466	11
2467	11
2468	11
2469	11
2470	11
2471	11
2472	11
2473	11
2474	11
2475	11
2476	11
2477	11
2478	11
2479	11
2480	11
2481	11
2482	11
2483	11
2484	11
2485	11
2486	11
2487	11
2488	11
2489	11
2490	11
2491	11
2492	11
2493	11
2494	11
2495	11
2496	12
2497	12
2498	12
2499	12
2500	11
2501	11
2502	11
2503	11
2504	12
2505	12
2506	12
2507	11
2508	12
2509	12
2510	12
2511	12
2512	12
2513	12
2514	12
2515	11
2516	11
2517	11
2518	11
2519	11
2520	11
2521	11
2522	11
2523	12
2524	11
2525	12
2526	11
2527	11
2528	11
2529	12
2530	12
2531	12
2532	12
2533	12
2534	12
2535	12
2536	12
2537	12
2538	12
2539	11
2540	12
2541	11
2542	12
2543	11
2544	11
2545	11
2546	11
2547	12
2548	11
2549	11
2550	11
2551	11
2552	12
2553	12
2554	11
2555	11
2556	11
2557	11
2558	12
2559	12
2560	12
2561	12
2562	12
2563	12
2564	11
2565	12
2566	11
2567	11
2568	12
2569	12
2570	12
2571	12
2572	12
2573	11
2574	12
2575	11
2576	11
2577	11
2578	11
2579	11
2580	11
2581	12
2582	11
2583	11
2584	11
2585	11
2586	11
2587	12
2588	12
2589	12
2590	12
2591	12
2592	12
2593	12
2594	11
2595	11
2596	11
2597	12
2598	11
2599	11
2600	11
2601	11
2602	11
2603	11
2604	12
2605	12
2606	6
2607	6
2608	6
2609	6
2610	6
2611	6
2612	6
2613	6
2614	6
2615	6
2616	6
2617	6
2618	6
2619	6
2620	6
2621	6
2622	6
2623	6
2624	6
2625	6
2626	6
2627	6
2628	6
2629	6
2630	6
2631	6
2632	6
2633	6
2634	6
2635	6
2636	6
2637	6
2638	6
2639	6
2640	8
2641	8
2642	8
2643	8
2644	8
2645	8
2646	8
2647	8
2648	8
2649	8
2650	8
2651	8
2652	8
2653	8
2654	8
2655	8
2656	8
2657	8
2658	8
2659	8
2660	8
2661	8
2662	8
2663	8
2664	13
2665	13
2666	8
2667	8
2668	8
2669	13
2670	8
2671	8
2672	8
2673	8
2674	8
2675	8
2676	8
2677	8
2678	8
2679	8
2680	8
2681	8
2682	8
2683	13
2684	13
2685	8
2686	8
2687	13
2688	9
2689	9
2690	9
2691	9
315	7
1657	1
