0	9
1	9
2	9
3	9
4	9
5	9
6	9
7	1
8	1
9	1
10	1
11	4
12	1
13	1
14	1
15	1
16	1
17	4
18	1
19	1
20	1
21	12
22	12
23	12
24	12
25	12
26	12
27	12
28	12
29	11
30	4
31	11
32	11
33	4
34	11
35	11
36	11
37	11
38	11
39	11
40	11
41	4
42	11
43	11
44	4
45	11
46	11
47	4
48	11
49	11
50	11
51	11
52	11
53	13
54	13
55	13
56	13
57	13
58	11
59	11
60	11
61	11
62	11
63	11
64	11
65	13
66	13
67	13
68	13
69	13
70	13
71	12
72	12
73	12
74	12
75	11
76	11
77	11
78	11
79	11
80	11
81	11
82	11
83	8
84	8
85	8
86	5
87	5
88	5
89	8
90	8
91	8
92	8
93	8
94	8
95	8
96	4
97	1
98	1
99	4
100	1
101	1
102	1
103	4
104	1
105	1
106	4
107	1
108	1
109	4
110	4
111	4
112	1
113	1
114	1
115	1
116	4
117	4
118	1
119	1
120	1
121	4
122	4
123	1
124	4
125	4
126	4
127	4
128	4
129	2
130	2
131	2
132	2
133	2
134	2
135	2
136	2
137	2
138	2
139	2
140	2
141	2
142	2
143	2
144	2
145	2
146	2
147	2
148	2
149	2
150	2
151	2
152	2
153	2
154	2
155	2
156	2
157	2
158	2
159	2
160	2
161	2
162	2
163	2
164	2
165	2
166	3
167	3
168	3
169	3
170	3
171	3
172	3
173	3
174	3
175	3
176	3
177	3
178	3
179	3
180	3
181	3
182	3
183	11
184	11
185	11
186	11
187	11
188	11
189	11
190	11
191	11
192	11
193	11
194	11
195	11
196	11
197	11
198	11
199	11
200	11
201	11
202	11
203	11
204	11
205	11
206	11
207	11
208	12
209	12
210	12
211	12
212	12
213	12
214	12
215	12
216	12
217	12
218	12
219	12
220	12
221	12
222	12
223	12
224	12
225	12
226	7
227	7
228	7
229	7
230	7
231	7
232	7
233	7
234	7
235	7
236	12
237	12
238	12
239	12
240	12
241	12
242	12
243	12
244	12
245	12
246	12
247	12
248	11
249	11
250	11
251	11
252	11
253	11
254	11
255	11
256	11
257	11
258	11
259	11
260	11
261	7
262	7
263	7
264	7
265	7
266	7
267	7
268	7
269	7
270	7
271	7
272	7
273	7
274	7
275	7
276	7
277	7
278	7
279	7
280	7
281	7
282	7
283	7
284	7
285	7
286	7
287	7
288	7
289	7
290	7
291	7
292	7
293	7
294	7
295	7
296	7
297	7
298	7
299	7
300	7
301	7
302	11
303	11
304	11
305	11
306	13
307	13
308	13
309	13
310	13
311	13
312	13
313	13
314	13
316	4
317	4
318	4
319	4
320	4
321	4
322	4
323	4
324	4
325	4
326	4
327	4
328	4
329	4
330	4
331	13
332	13
333	13
334	13
335	13
336	13
337	4
338	4
339	4
340	13
341	13
342	13
343	13
344	12
345	12
346	13
347	13
348	13
349	13
350	13
351	12
352	13
353	13
354	13
355	13
356	2
357	2
358	5
359	2
360	2
361	2
362	2
363	2
364	2
365	5
366	2
367	5
368	5
369	13
370	12
371	13
372	13
373	13
374	13
375	13
376	13
377	13
378	13
379	13
380	13
381	13
382	13
383	13
384	13
385	13
386	13
387	13
388	13
389	4
390	4
391	4
392	4
393	4
394	13
395	13
396	13
397	13
398	4
399	4
400	4
401	4
402	4
403	12
404	12
405	12
406	12
407	12
408	12
409	1
410	9
411	1
412	1
413	9
414	9
415	9
416	1
417	9
418	1
419	1
420	9
421	9
422	9
423	1
424	9
425	3
426	3
427	3
428	3
429	3
430	3
431	3
432	3
433	9
434	9
435	9
436	1
437	9
438	9
439	1
440	9
441	9
442	1
443	9
444	9
445	1
446	3
447	3
448	3
449	3
450	3
451	9
452	1
453	9
454	3
455	3
456	3
457	9
458	1
459	9
460	9
461	9
462	9
463	3
464	3
465	3
466	3
467	3
468	3
469	3
470	3
471	3
472	3
473	9
474	1
475	7
476	7
477	3
478	3
479	3
480	3
481	3
482	3
483	3
484	12
485	12
486	3
487	3
488	3
489	7
490	7
491	7
492	7
493	7
494	7
495	3
496	3
497	3
498	12
499	3
500	3
501	3
502	12
503	3
504	3
505	3
506	12
507	12
508	12
509	12
510	12
511	12
512	12
513	12
514	12
515	12
516	12
517	12
518	12
519	12
520	12
521	12
522	8
523	8
524	8
525	8
526	11
527	11
528	8
529	8
530	8
531	8
532	8
533	8
534	8
535	8
536	8
537	8
538	11
539	11
540	11
541	11
542	11
543	11
544	11
545	11
546	11
547	11
548	11
549	11
550	11
551	11
552	11
553	11
554	11
555	11
556	11
557	11
558	11
559	7
560	7
561	7
562	7
563	7
564	7
565	11
566	11
567	11
568	11
569	11
570	8
571	8
572	8
573	8
574	8
575	8
576	8
577	8
578	8
579	8
580	8
581	11
582	11
583	11
584	11
585	11
586	11
587	7
588	7
589	7
590	7
591	7
592	7
593	7
594	7
595	7
596	7
597	7
598	7
599	7
600	7
601	7
602	7
603	11
604	11
605	11
606	11
607	11
608	11
609	11
610	11
611	11
612	11
613	11
614	11
615	11
616	11
617	7
618	7
619	7
620	7
621	7
622	7
623	7
624	7
625	7
626	7
627	7
628	7
629	7
630	7
631	7
632	7
633	7
634	7
635	7
636	7
637	7
638	7
639	11
640	11
641	11
642	11
643	11
644	11
645	11
646	11
647	11
648	11
649	11
650	11
651	11
652	11
653	11
654	11
655	11
656	11
657	3
658	3
659	3
660	3
661	9
662	9
663	9
664	9
665	9
666	9
667	9
668	9
669	9
670	2
671	2
672	2
673	2
674	2
675	2
676	2
677	2
678	2
679	2
680	9
681	9
682	9
683	9
684	9
685	9
686	9
687	9
688	9
689	9
690	9
691	9
692	9
693	9
694	9
695	9
696	9
697	2
698	2
699	2
700	2
701	2
702	2
703	2
704	2
705	2
706	2
707	2
708	2
709	2
710	2
711	2
712	2
713	2
714	9
715	9
716	7
717	7
718	2
719	2
720	2
721	7
722	7
723	7
724	7
725	7
726	7
727	7
728	7
729	7
730	7
731	7
732	4
733	4
734	4
735	4
736	1
737	3
738	3
739	3
740	3
741	3
742	3
743	3
744	3
745	4
746	4
747	4
748	1
749	1
750	1
751	4
752	4
753	4
754	4
755	4
756	4
757	4
758	4
759	4
760	4
761	4
762	1
763	1
764	1
765	1
766	3
767	3
768	3
769	3
770	1
771	4
772	3
773	3
774	3
775	3
776	3
777	3
778	3
779	3
780	3
781	3
782	3
783	3
784	3
785	12
786	3
787	3
788	3
789	3
790	3
791	12
792	12
793	12
794	12
795	12
796	12
797	12
798	12
799	12
800	12
801	3
802	3
803	3
804	3
805	12
806	12
807	12
808	3
809	3
810	3
811	6
812	6
813	6
814	6
815	6
816	6
817	6
818	6
819	6
820	6
821	6
822	6
823	6
824	6
825	6
826	6
827	6
828	6
829	6
830	6
831	6
832	6
833	13
834	6
835	6
836	6
837	6
838	6
839	13
840	6
841	6
842	6
843	6
844	6
845	6
846	6
847	6
848	6
849	6
850	6
851	6
852	6
853	6
854	6
855	6
856	6
857	6
858	11
859	11
860	11
861	11
862	11
863	11
864	11
865	11
866	11
867	11
868	11
869	11
870	11
871	6
872	6
873	6
874	6
875	6
876	6
877	6
878	6
879	6
880	6
881	6
882	6
883	6
884	6
885	6
886	6
887	6
888	6
889	6
890	6
891	6
892	6
893	6
894	6
895	6
896	6
897	6
898	6
899	6
900	6
901	6
902	6
903	6
904	6
905	6
906	6
907	6
908	6
909	6
910	6
911	6
912	6
913	6
914	6
915	6
916	13
917	6
918	6
919	6
920	6
921	6
922	6
923	6
924	6
925	6
926	6
927	6
928	6
929	6
930	6
931	6
932	6
933	6
934	6
935	6
936	6
937	6
938	6
939	6
940	6
941	6
942	6
943	6
944	6
945	6
946	6
947	6
948	6
949	6
950	6
951	6
952	6
953	6
954	6
955	6
956	6
957	6
958	6
959	6
960	6
961	6
962	6
963	6
964	6
965	6
966	6
967	6
968	6
969	6
970	6
971	6
972	6
973	6
974	6
975	6
976	6
977	6
978	6
979	6
980	6
981	6
982	4
983	4
984	4
985	3
986	2
987	2
988	3
989	2
990	2
991	2
992	3
993	3
994	2
995	3
996	2
997	3
998	2
999	2
1000	3
1001	3
1002	3
1003	2
1004	2
1005	2
1006	2
1007	4
1008	4
1009	2
1010	4
1011	4
1012	4
1013	4
1014	4
1015	4
1016	4
1017	4
1018	4
1019	4
1020	4
1021	4
1022	4
1023	4
1024	4
1025	4
1026	4
1027	4
1028	4
1029	4
1030	4
1031	4
1032	4
1033	4
1034	4
1035	4
1036	4
1037	4
1038	4
1039	4
1040	4
1041	4
1042	4
1043	4
1044	4
1045	4
1046	4
1047	4
1048	4
1049	4
1050	4
1051	4
1052	4
1053	4
1054	4
1055	4
1056	4
1057	4
1058	4
1059	4
1060	4
1061	4
1062	4
1063	4
1064	4
1065	4
1066	4
1067	4
1068	4
1069	4
1070	4
1071	4
1072	4
1073	4
1074	4
1075	11
1076	11
1077	11
1078	11
1079	11
1080	11
1081	11
1082	11
1083	11
1084	11
1085	11
1086	11
1087	7
1088	7
1089	7
1090	7
1091	7
1092	7
1093	7
1094	12
1095	12
1096	12
1097	12
1098	12
1099	12
1100	12
1101	12
1102	12
1103	12
1104	12
1105	12
1106	12
1107	13
1108	13
1109	13
1110	13
1111	13
1112	13
1113	13
1114	13
1115	13
1116	13
1117	13
1118	13
1119	13
1120	13
1121	13
1122	13
1123	13
1124	13
1125	13
1126	13
1127	13
1128	13
1129	13
1130	13
1131	13
1132	13
1133	13
1134	13
1135	13
1136	13
1137	13
1138	13
1139	13
1140	13
1141	13
1142	13
1143	13
1144	13
1145	13
1146	13
1147	13
1148	13
1149	13
1150	13
1151	13
1152	13
1153	13
1154	12
1155	12
1156	12
1157	12
1158	13
1159	12
1160	12
1161	12
1162	12
1163	12
1164	13
1165	12
1166	13
1167	13
1168	12
1169	4
1170	4
1171	4
1172	4
1173	4
1174	4
1175	4
1176	4
1177	4
1178	4
1179	4
1180	4
1181	4
1182	4
1183	4
1184	4
1185	4
1186	4
1187	4
1188	4
1189	4
1190	4
1191	4
1192	4
1193	4
1194	4
1195	4
1196	4
1197	4
1198	4
1199	4
1200	8
1201	8
1202	8
1203	6
1204	6
1205	6
1206	6
1207	6
1208	6
1209	6
1210	6
1211	8
1212	8
1213	6
1214	6
1215	6
1216	6
1217	6
1218	6
1219	6
1220	6
1221	6
1222	6
1223	6
1224	6
1225	6
1226	6
1227	6
1228	6
1229	6
1230	6
1231	6
1232	8
1233	6
1234	6
1235	6
1236	6
1237	6
1238	6
1239	6
1240	7
1241	7
1242	7
1243	7
1244	7
1245	7
1246	7
1247	7
1248	7
1249	7
1250	7
1251	7
1252	7
1253	9
1254	9
1255	9
1256	9
1257	9
1258	7
1259	7
1260	7
1261	7
1262	7
1263	7
1264	9
1265	9
1266	9
1267	9
1268	9
1269	9
1270	9
1271	9
1272	9
1273	9
1274	9
1275	9
1276	9
1277	9
1278	12
1279	12
1280	12
1281	7
1282	7
1283	7
1284	9
1285	9
1286	9
1287	9
1288	12
1289	12
1290	12
1291	12
1292	12
1293	12
1294	12
1295	12
1296	12
1297	12
1298	12
1299	12
1300	12
1301	12
1302	12
1303	11
1304	11
1305	11
1306	11
1307	11
1308	11
1309	11
1310	11
1311	11
1312	11
1313	11
1314	13
1315	13
1316	13
1317	13
1318	13
1319	13
1320	13
1321	13
1322	13
1323	13
1324	13
1325	13
1326	13
1327	13
1328	13
1329	13
1330	13
1331	13
1332	13
1333	13
1334	13
1335	13
1336	13
1337	13
1338	13
1339	13
1340	13
1341	13
1342	13
1343	13
1344	13
1345	13
1346	11
1347	11
1348	11
1349	11
1350	11
1351	11
1352	11
1353	11
1354	11
1355	11
1356	11
1357	11
1358	11
1359	11
1360	11
1361	11
1362	11
1363	8
1364	13
1365	8
1366	13
1367	13
1368	8
1369	8
1370	8
1371	13
1372	13
1373	8
1374	8
1375	8
1376	8
1377	8
1378	8
1379	8
1380	13
1381	12
1382	12
1383	12
1384	12
1385	12
1386	12
1387	12
1388	12
1389	12
1390	12
1391	12
1392	12
1393	12
1394	12
1395	12
1396	12
1397	9
1398	11
1399	9
1400	9
1401	9
1402	9
1403	9
1404	9
1405	11
1406	9
1407	9
1408	9
1409	9
1410	9
1411	9
1412	9
1413	9
1414	9
1415	9
1416	9
1417	9
1418	9
1419	9
1420	9
1421	9
1422	9
1423	9
1424	9
1425	9
1426	9
1427	9
1428	8
1429	8
1430	8
1431	8
1432	8
1433	8
1434	8
1435	8
1436	8
1437	8
1438	8
1439	8
1440	8
1441	4
1442	4
1443	4
1444	4
1445	4
1446	4
1447	4
1448	4
1449	4
1450	4
1451	4
1452	4
1453	4
1454	4
1455	8
1456	8
1457	8
1458	8
1459	8
1460	8
1461	8
1462	8
1463	8
1464	8
1465	7
1466	7
1467	7
1468	7
1469	2
1470	7
1471	7
1472	7
1473	2
1474	7
1475	7
1476	7
1477	7
1478	7
1479	7
1480	7
1481	7
1482	7
1483	7
1484	7
1485	7
1486	7
1487	2
1488	7
1489	4
1490	4
1491	4
1492	4
1493	4
1494	4
1495	4
1496	4
1497	4
1498	4
1499	4
1500	4
1501	9
1502	9
1503	9
1504	9
1505	9
1506	9
1507	9
1508	9
1509	9
1510	9
1511	9
1512	9
1513	9
1514	9
1515	9
1516	9
1517	9
1518	9
1519	9
1520	9
1521	9
1522	9
1523	9
1524	9
1525	9
1526	9
1527	9
1528	9
1529	3
1530	3
1531	3
1532	3
1533	3
1534	3
1535	3
1536	3
1537	3
1538	3
1539	3
1540	3
1541	3
1542	3
1543	3
1544	3
1545	3
1546	3
1547	3
1548	3
1549	3
1550	3
1551	3
1552	5
1553	8
1554	8
1555	8
1556	8
1557	8
1558	8
1559	8
1560	8
1561	8
1562	8
1563	8
1564	8
1565	8
1566	8
1567	8
1568	8
1569	8
1570	8
1571	8
1572	8
1573	8
1574	8
1575	8
1576	4
1577	4
1578	4
1579	4
1580	4
1581	4
1582	4
1583	4
1584	4
1585	4
1586	4
1587	4
1588	4
1589	4
1590	4
1591	4
1592	4
1593	11
1594	11
1595	11
1596	11
1597	11
1598	11
1599	11
1600	11
1601	11
1602	8
1603	8
1604	8
1605	8
1606	8
1607	8
1608	8
1609	8
1610	8
1611	8
1612	8
1613	8
1614	8
1615	8
1616	8
1617	8
1618	12
1619	12
1620	12
1621	12
1622	12
1623	12
1624	12
1625	12
1626	12
1627	12
1628	12
1629	6
1630	4
1631	6
1632	4
1633	6
1634	6
1635	6
1636	4
1637	6
1638	6
1639	6
1640	6
1641	6
1642	6
1643	6
1644	12
1645	12
1646	12
1647	12
1648	12
1649	6
1650	6
1651	4
1652	6
1653	6
1654	4
1655	6
1656	6
1658	6
1659	6
1660	6
1661	6
1662	4
1663	6
1664	6
1665	6
1666	4
1667	4
1668	4
1669	6
1670	6
1671	6
1672	6
1673	12
1674	6
1675	6
1676	6
1677	12
1678	7
1679	7
1680	7
1681	7
1682	7
1683	7
1684	7
1685	1
1686	1
1687	1
1688	1
1689	1
1690	1
1691	1
1692	1
1693	1
1694	1
1695	1
1696	1
1697	1
1698	1
1699	1
1700	1
1701	1
1702	1
1703	1
1704	1
1705	1
1706	1
1707	1
1708	1
1709	1
1710	1
1711	1
1712	1
1713	12
1714	12
1715	12
1716	12
1717	12
1718	12
1719	12
1720	12
1721	12
1722	12
1723	12
1724	12
1725	1
1726	1
1727	1
1728	12
1729	1
1730	1
1731	1
1732	1
1733	1
1734	1
1735	1
1736	1
1737	1
1738	1
1739	1
1740	1
1741	1
1742	9
1743	9
1744	9
1745	9
1746	9
1747	9
1748	9
1749	9
1750	9
1751	9
1752	9
1753	9
1754	9
1755	9
1756	9
1757	12
1758	12
1759	12
1760	12
1761	9
1762	9
1763	9
1764	9
1765	9
1766	9
1767	9
1768	9
1769	9
1770	9
1771	9
1772	9
1773	9
1774	12
1775	12
1776	12
1777	12
1778	12
1779	12
1780	12
1781	12
1782	12
1783	12
1784	12
1785	12
1786	12
1787	9
1788	9
1789	9
1790	9
1791	9
1792	9
1793	9
1794	9
1795	12
1796	12
1797	12
1798	12
1799	9
1800	9
1801	9
1802	9
1803	9
1804	9
1805	9
1806	9
1807	9
1808	9
1809	1
1810	1
1811	1
1812	1
1813	1
1814	1
1815	1
1816	1
1817	1
1818	1
1819	1
1820	1
1821	1
1822	1
1823	1
1824	1
1825	1
1826	1
1827	1
1828	1
1829	1
1830	7
1831	7
1832	7
1833	7
1834	7
1835	1
1836	1
1837	7
1838	1
1839	1
1840	8
1841	8
1842	8
1843	8
1844	8
1845	1
1846	1
1847	1
1848	1
1849	1
1850	1
1851	1
1852	1
1853	1
1854	1
1855	1
1856	1
1857	7
1858	7
1859	7
1860	7
1861	7
1862	7
1863	1
1864	1
1865	1
1866	1
1867	1
1868	1
1869	1
1870	1
1871	1
1872	3
1873	3
1874	3
1875	3
1876	3
1877	3
1878	3
1879	3
1880	3
1881	3
1882	3
1883	3
1884	7
1885	7
1886	3
1887	3
1888	3
1889	3
1890	3
1891	3
1892	3
1893	3
1894	3
1895	11
1896	11
1897	11
1898	13
1899	13
1900	13
1901	13
1902	13
1903	13
1904	11
1905	11
1906	11
1907	11
1908	11
1909	11
1910	11
1911	11
1912	11
1913	11
1914	11
1915	11
1916	13
1917	13
1918	13
1919	13
1920	13
1921	13
1922	13
1923	13
1924	11
1925	11
1926	11
1927	11
1928	11
1929	11
1930	11
1931	11
1932	11
1933	11
1934	11
1935	11
1936	11
1937	11
1938	11
1939	11
1940	11
1941	11
1942	11
1943	11
1944	11
1945	11
1946	11
1947	11
1948	11
1949	11
1950	11
1951	11
1952	11
1953	11
1954	11
1955	11
1956	11
1957	11
1958	11
1959	11
1960	11
1961	11
1962	11
1963	11
1964	11
1965	11
1966	11
1967	11
1968	11
1969	11
1970	11
1971	11
1972	11
1973	11
1974	11
1975	11
1976	8
1977	8
1978	8
1979	8
1980	8
1981	3
1982	3
1983	8
1984	8
1985	3
1986	3
1987	8
1988	8
1989	8
1990	8
1991	3
1992	8
1993	8
1994	8
1995	3
1996	8
1997	8
1998	8
1999	8
2000	8
2001	8
2002	8
2003	8
2004	8
2005	8
2006	8
2007	8
2008	8
2009	8
2010	8
2011	3
2012	3
2013	8
2014	8
2015	8
2016	8
2017	7
2018	7
2019	7
2020	7
2021	7
2022	7
2023	7
2024	3
2025	7
2026	7
2027	7
2028	7
2029	7
2030	3
2031	3
2032	3
2033	3
2034	3
2035	3
2036	3
2037	3
2038	7
2039	7
2040	7
2041	7
2042	7
2043	7
2044	7
2045	7
2046	3
2047	3
2048	7
2049	7
2050	7
2051	3
2052	3
2053	3
2054	3
2055	3
2056	3
2057	3
2058	8
2059	8
2060	8
2061	8
2062	8
2063	8
2064	8
2065	8
2066	8
2067	8
2068	7
2069	7
2070	7
2071	7
2072	7
2073	7
2074	7
2075	7
2076	7
2077	7
2078	7
2079	7
2080	7
2081	7
2082	7
2083	7
2084	7
2085	7
2086	7
2087	7
2088	7
2089	4
2090	4
2091	4
2092	4
2093	4
2094	4
2095	4
2096	9
2097	9
2098	9
2099	9
2100	9
2101	9
2102	9
2103	9
2104	9
2105	9
2106	9
2107	9
2108	9
2109	9
2110	9
2111	9
2112	9
2113	10
2114	10
2115	10
2116	10
2117	10
2118	1
2119	10
2120	10
2121	10
2122	10
2123	10
2124	7
2125	10
2126	10
2127	10
2128	10
2129	10
2130	10
2131	10
2132	10
2133	1
2134	10
2135	10
2136	10
2137	1
2138	1
2139	10
2140	1
2141	10
2142	10
2143	10
2144	10
2145	10
2146	1
2147	10
2148	10
2149	10
2150	10
2151	10
2152	10
2153	10
2154	10
2155	10
2156	10
2157	10
2158	10
2159	10
2160	10
2161	10
2162	10
2163	10
2164	1
2165	1
2166	10
2167	10
2168	10
2169	10
2170	10
2171	10
2172	10
2173	10
2174	10
2175	10
2176	1
2177	1
2178	10
2179	10
2180	1
2181	1
2182	10
2183	10
2184	10
2185	10
2186	10
2187	10
2188	10
2189	10
2190	10
2191	10
2192	10
2193	10
2194	10
2195	10
2196	1
2197	10
2198	10
2199	1
2200	10
2201	10
2202	10
2203	10
2204	10
2205	10
2206	10
2207	10
2208	10
2209	10
2210	10
2211	10
2212	10
2213	10
2214	10
2215	10
2216	10
2217	10
2218	10
2219	10
2220	10
2221	10
2222	10
2223	1
2224	10
2225	10
2226	10
2227	10
2228	10
2229	10
2230	1
2231	1
2232	10
2233	1
2234	1
2235	10
2236	1
2237	1
2238	10
2239	10
2240	10
2241	10
2242	10
2243	10
2244	10
2245	1
2246	10
2247	1
2248	1
2249	10
2250	10
2251	10
2252	10
2253	10
2254	10
2255	10
2256	1
2257	10
2258	10
2259	10
2260	10
2261	1
2262	1
2263	10
2264	10
2265	10
2266	10
2267	10
2268	10
2269	10
2270	10
2271	10
2272	10
2273	10
2274	10
2275	10
2276	10
2277	1
2278	10
2279	10
2280	10
2281	10
2282	10
2283	1
2284	7
2285	7
2286	10
2287	10
2288	10
2289	10
2290	10
2291	10
2292	10
2293	10
2294	10
2295	10
2296	10
2297	10
2298	10
2299	10
2300	10
2301	10
2302	1
2303	10
2304	1
2305	10
2306	10
2307	10
2308	10
2309	7
2310	7
2311	7
2312	13
2313	13
2314	13
2315	13
2316	13
2317	13
2318	13
2319	13
2320	13
2321	13
2322	13
2323	13
2324	13
2325	13
2326	13
2327	13
2328	13
2329	13
2330	11
2331	11
2332	11
2333	11
2334	11
2335	11
2336	11
2337	11
2338	11
2339	11
2340	11
2341	11
2342	11
2343	11
2344	11
2345	11
2346	4
2347	4
2348	4
2349	4
2350	4
2351	4
2352	4
2353	4
2354	4
2355	4
2356	4
2357	4
2358	4
2359	4
2360	4
2361	4
2362	4
2363	4
2364	4
2365	4
2366	8
2367	8
2368	8
2369	8
2370	8
2371	8
2372	8
2373	8
2374	8
2375	8
2376	8
2377	8
2378	8
2379	8
2380	8
2381	8
2382	8
2383	8
2384	8
2385	8
2386	8
2387	8
2388	8
2389	8
2390	8
2391	8
2392	8
2393	8
2394	8
2395	8
2396	8
2397	8
2398	8
2399	8
2400	8
2401	8
2402	8
2403	8
2404	8
2405	8
2406	8
2407	8
2408	8
2409	8
2410	8
2411	8
2412	8
2413	8
2414	8
2415	5
2416	5
2417	5
2418	5
2419	12
2420	12
2421	5
2422	5
2423	5
2424	5
2425	5
2426	5
2427	12
2428	12
2429	12
2430	12
2431	5
2432	5
2433	5
2434	5
2435	5
2436	5
2437	5
2438	5
2439	12
2440	5
2441	5
2442	5
2443	5
2444	5
2445	5
2446	5
2447	5
2448	5
2449	5
2450	5
2451	5
2452	5
2453	5
2454	5
2455	5
2456	5
2457	5
2458	5
2459	5
2460	5
2461	5
2462	5
2463	5
2464	5
2465	5
2466	5
2467	5
2468	5
2469	5
2470	5
2471	5
2472	5
2473	5
2474	5
2475	5
2476	5
2477	5
2478	5
2479	5
2480	5
2481	5
2482	5
2483	5
2484	5
2485	5
2486	5
2487	5
2488	5
2489	5
2490	5
2491	5
2492	5
2493	5
2494	5
2495	5
2496	12
2497	12
2498	5
2499	5
2500	5
2501	5
2502	5
2503	5
2504	5
2505	5
2506	5
2507	5
2508	5
2509	12
2510	12
2511	5
2512	5
2513	5
2514	12
2515	5
2516	5
2517	5
2518	5
2519	5
2520	5
2521	5
2522	5
2523	12
2524	5
2525	12
2526	5
2527	5
2528	5
2529	12
2530	12
2531	12
2532	12
2533	12
2534	12
2535	12
2536	12
2537	12
2538	12
2539	5
2540	12
2541	5
2542	12
2543	5
2544	5
2545	5
2546	5
2547	5
2548	5
2549	5
2550	5
2551	5
2552	12
2553	12
2554	5
2555	5
2556	5
2557	5
2558	5
2559	12
2560	5
2561	5
2562	12
2563	12
2564	5
2565	12
2566	5
2567	5
2568	12
2569	12
2570	12
2571	5
2572	5
2573	5
2574	12
2575	5
2576	5
2577	5
2578	5
2579	5
2580	5
2581	12
2582	5
2583	5
2584	5
2585	5
2586	5
2587	12
2588	12
2589	12
2590	12
2591	12
2592	12
2593	12
2594	5
2595	5
2596	5
2597	5
2598	5
2599	5
2600	5
2601	5
2602	5
2603	5
2604	12
2605	12
2606	7
2607	7
2608	7
2609	7
2610	7
2611	7
2612	7
2613	7
2614	7
2615	7
2616	7
2617	7
2618	7
2619	7
2620	7
2621	7
2622	7
2623	7
2624	7
2625	7
2626	7
2627	7
2628	7
2629	7
2630	7
2631	7
2632	7
2633	7
2634	7
2635	7
2636	7
2637	7
2638	7
2639	7
2640	2
2641	2
2642	2
2643	2
2644	2
2645	2
2646	2
2647	2
2648	2
2649	2
2650	2
2651	2
2652	2
2653	2
2654	2
2655	2
2656	2
2657	2
2658	2
2659	2
2660	2
2661	2
2662	2
2663	2
2664	2
2665	2
2666	2
2667	2
2668	2
2669	2
2670	2
2671	2
2672	2
2673	2
2674	2
2675	2
2676	2
2677	2
2678	2
2679	2
2680	2
2681	2
2682	2
2683	2
2684	2
2685	2
2686	2
2687	2
2688	11
2689	11
2690	11
2691	11
315	4
1657	6
