0	1
1	1
2	1
3	1
4	1
5	1
6	1
7	13
8	13
9	13
10	13
11	13
12	13
13	13
14	13
15	13
16	13
17	13
18	13
19	13
20	13
21	2
22	2
23	2
24	2
25	2
26	2
27	2
28	2
29	6
30	6
31	6
32	6
33	6
34	6
35	6
36	6
37	6
38	6
39	6
40	6
41	6
42	6
43	6
44	6
45	6
46	6
47	6
48	6
49	6
50	6
51	6
52	6
53	11
54	11
55	11
56	11
57	11
58	6
59	6
60	6
61	6
62	6
63	6
64	6
65	11
66	11
67	11
68	11
69	11
70	11
71	2
72	2
73	2
74	2
75	6
76	6
77	6
78	6
79	6
80	6
81	6
82	6
83	11
84	11
85	11
86	11
87	11
88	11
89	11
90	11
91	11
92	11
93	11
94	11
95	11
96	13
97	13
98	13
99	13
100	13
101	13
102	13
103	13
104	13
105	13
106	13
107	13
108	13
109	13
110	13
111	13
112	13
113	13
114	13
115	13
116	13
117	13
118	13
119	13
120	13
121	13
122	13
123	13
124	13
125	13
126	13
127	13
128	13
129	12
130	12
131	12
132	12
133	12
134	12
135	12
136	12
137	12
138	12
139	12
140	12
141	12
142	12
143	12
144	12
145	12
146	12
147	12
148	12
149	12
150	12
151	12
152	12
153	12
154	12
155	12
156	12
157	12
158	12
159	12
160	12
161	12
162	12
163	12
164	12
165	12
166	7
167	7
168	7
169	7
170	7
171	7
172	7
173	7
174	12
175	7
176	7
177	7
178	7
179	7
180	7
181	12
182	12
183	1
184	1
185	1
186	1
187	1
188	1
189	1
190	1
191	1
192	1
193	1
194	1
195	1
196	1
197	1
198	1
199	1
200	1
201	1
202	1
203	1
204	1
205	1
206	1
207	1
208	2
209	2
210	2
211	2
212	2
213	2
214	2
215	2
216	2
217	2
218	2
219	2
220	2
221	2
222	2
223	2
224	2
225	2
226	9
227	9
228	9
229	9
230	9
231	9
232	9
233	9
234	9
235	9
236	2
237	2
238	2
239	2
240	2
241	2
242	2
243	2
244	2
245	2
246	2
247	2
248	1
249	1
250	1
251	1
252	1
253	1
254	1
255	1
256	1
257	1
258	1
259	1
260	1
261	2
262	2
263	2
264	2
265	2
266	9
267	2
268	9
269	9
270	9
271	2
272	2
273	2
274	2
275	2
276	2
277	2
278	9
279	9
280	9
281	9
282	9
283	9
284	9
285	9
286	9
287	9
288	9
289	9
290	9
291	9
292	9
293	9
294	9
295	9
296	9
297	9
298	9
299	9
300	9
301	9
302	1
303	1
304	1
305	1
306	11
307	11
308	11
309	11
310	11
311	11
312	11
313	11
314	11
316	10
317	10
318	10
319	10
320	10
321	10
322	10
323	10
324	10
325	10
326	10
327	10
328	10
329	10
330	10
331	11
332	11
333	11
334	11
335	11
336	11
337	10
338	10
339	10
340	11
341	11
342	11
343	11
344	11
345	5
346	11
347	11
348	11
349	11
350	11
351	11
352	11
353	11
354	11
355	11
356	7
357	7
358	7
359	12
360	12
361	7
362	7
363	7
364	7
365	7
366	7
367	7
368	7
369	11
370	11
371	11
372	11
373	11
374	11
375	11
376	11
377	11
378	11
379	11
380	11
381	11
382	11
383	11
384	11
385	11
386	11
387	11
388	11
389	10
390	10
391	10
392	10
393	10
394	11
395	11
396	11
397	11
398	10
399	10
400	10
401	10
402	10
403	2
404	2
405	2
406	2
407	2
408	2
409	13
410	6
411	13
412	13
413	6
414	6
415	6
416	13
417	6
418	13
419	13
420	6
421	6
422	6
423	13
424	6
425	7
426	7
427	7
428	7
429	7
430	7
431	7
432	7
433	6
434	6
435	6
436	6
437	6
438	6
439	6
440	6
441	6
442	13
443	6
444	13
445	13
446	7
447	7
448	7
449	7
450	7
451	6
452	13
453	6
454	7
455	7
456	7
457	6
458	13
459	6
460	6
461	6
462	6
463	7
464	7
465	7
466	7
467	7
468	7
469	7
470	7
471	7
472	7
473	6
474	13
475	9
476	9
477	12
478	12
479	12
480	12
481	12
482	12
483	12
484	2
485	2
486	12
487	12
488	12
489	9
490	9
491	9
492	9
493	9
494	9
495	12
496	12
497	12
498	2
499	12
500	12
501	12
502	2
503	12
504	12
505	12
506	2
507	2
508	2
509	2
510	2
511	2
512	2
513	2
514	2
515	2
516	2
517	2
518	2
519	2
520	2
521	2
522	3
523	3
524	3
525	3
526	1
527	1
528	3
529	3
530	3
531	3
532	3
533	3
534	3
535	3
536	3
537	3
538	1
539	1
540	1
541	1
542	1
543	1
544	1
545	1
546	1
547	1
548	1
549	1
550	1
551	1
552	1
553	1
554	1
555	1
556	1
557	1
558	1
559	2
560	2
561	2
562	2
563	2
564	2
565	1
566	1
567	1
568	1
569	1
570	3
571	3
572	3
573	3
574	3
575	3
576	3
577	3
578	3
579	3
580	3
581	1
582	1
583	1
584	1
585	1
586	1
587	2
588	9
589	9
590	9
591	9
592	2
593	2
594	9
595	2
596	9
597	2
598	9
599	2
600	2
601	2
602	2
603	1
604	1
605	1
606	1
607	1
608	1
609	1
610	1
611	1
612	1
613	1
614	1
615	1
616	1
617	2
618	2
619	2
620	9
621	9
622	9
623	9
624	9
625	9
626	2
627	9
628	2
629	2
630	2
631	2
632	2
633	9
634	9
635	2
636	2
637	2
638	9
639	1
640	1
641	1
642	1
643	1
644	1
645	1
646	1
647	1
648	1
649	1
650	1
651	1
652	1
653	1
654	1
655	1
656	1
657	9
658	9
659	9
660	9
661	6
662	6
663	6
664	6
665	13
666	6
667	6
668	6
669	6
670	12
671	12
672	12
673	12
674	12
675	12
676	12
677	12
678	12
679	12
680	6
681	6
682	6
683	6
684	6
685	6
686	6
687	6
688	6
689	6
690	6
691	6
692	6
693	6
694	6
695	6
696	6
697	12
698	12
699	12
700	12
701	12
702	12
703	12
704	12
705	12
706	12
707	12
708	12
709	12
710	12
711	12
712	12
713	12
714	6
715	6
716	2
717	2
718	12
719	12
720	12
721	2
722	2
723	2
724	2
725	2
726	2
727	2
728	2
729	2
730	2
731	2
732	10
733	10
734	10
735	10
736	10
737	12
738	9
739	9
740	12
741	9
742	9
743	12
744	9
745	10
746	10
747	10
748	10
749	10
750	10
751	10
752	10
753	10
754	10
755	10
756	10
757	10
758	10
759	10
760	10
761	10
762	10
763	10
764	10
765	10
766	9
767	9
768	9
769	9
770	10
771	10
772	9
773	9
774	9
775	9
776	12
777	12
778	12
779	12
780	12
781	12
782	12
783	12
784	12
785	2
786	12
787	12
788	12
789	12
790	9
791	2
792	2
793	2
794	2
795	2
796	2
797	2
798	2
799	2
800	2
801	12
802	9
803	12
804	12
805	2
806	2
807	2
808	12
809	9
810	9
811	8
812	10
813	8
814	8
815	8
816	8
817	8
818	10
819	10
820	10
821	8
822	8
823	8
824	8
825	8
826	8
827	8
828	8
829	10
830	8
831	8
832	8
833	8
834	8
835	8
836	8
837	8
838	8
839	8
840	8
841	8
842	8
843	8
844	8
845	8
846	8
847	10
848	10
849	8
850	10
851	10
852	8
853	8
854	8
855	8
856	10
857	10
858	1
859	1
860	1
861	1
862	1
863	1
864	1
865	1
866	1
867	1
868	1
869	1
870	1
871	8
872	8
873	8
874	8
875	10
876	8
877	8
878	8
879	8
880	8
881	8
882	8
883	10
884	8
885	8
886	8
887	8
888	10
889	8
890	8
891	8
892	10
893	8
894	8
895	8
896	8
897	8
898	8
899	10
900	10
901	10
902	8
903	8
904	8
905	8
906	8
907	8
908	10
909	8
910	10
911	10
912	10
913	10
914	8
915	8
916	8
917	8
918	8
919	8
920	10
921	10
922	10
923	10
924	8
925	8
926	8
927	8
928	8
929	8
930	10
931	10
932	10
933	10
934	8
935	8
936	8
937	8
938	8
939	10
940	10
941	8
942	10
943	8
944	10
945	10
946	8
947	10
948	8
949	10
950	8
951	10
952	10
953	8
954	10
955	10
956	10
957	8
958	8
959	8
960	8
961	10
962	10
963	8
964	8
965	8
966	8
967	8
968	8
969	8
970	8
971	8
972	8
973	8
974	10
975	10
976	8
977	8
978	8
979	8
980	8
981	8
982	10
983	10
984	10
985	12
986	12
987	12
988	12
989	12
990	12
991	12
992	12
993	12
994	12
995	12
996	12
997	12
998	12
999	12
1000	12
1001	12
1002	12
1003	12
1004	12
1005	12
1006	12
1007	10
1008	10
1009	12
1010	10
1011	10
1012	10
1013	10
1014	10
1015	10
1016	10
1017	10
1018	10
1019	10
1020	10
1021	10
1022	10
1023	10
1024	10
1025	10
1026	10
1027	10
1028	10
1029	10
1030	10
1031	10
1032	10
1033	10
1034	10
1035	10
1036	10
1037	10
1038	10
1039	10
1040	10
1041	10
1042	10
1043	10
1044	10
1045	10
1046	10
1047	10
1048	10
1049	10
1050	10
1051	10
1052	10
1053	10
1054	10
1055	10
1056	10
1057	10
1058	10
1059	10
1060	10
1061	10
1062	10
1063	10
1064	10
1065	10
1066	10
1067	10
1068	10
1069	10
1070	10
1071	10
1072	10
1073	10
1074	10
1075	6
1076	6
1077	6
1078	6
1079	6
1080	6
1081	6
1082	6
1083	6
1084	6
1085	6
1086	6
1087	9
1088	9
1089	9
1090	9
1091	9
1092	9
1093	9
1094	2
1095	2
1096	2
1097	2
1098	2
1099	2
1100	2
1101	2
1102	2
1103	2
1104	2
1105	2
1106	2
1107	8
1108	8
1109	8
1110	8
1111	8
1112	8
1113	8
1114	11
1115	11
1116	8
1117	8
1118	11
1119	8
1120	8
1121	8
1122	11
1123	8
1124	11
1125	11
1126	8
1127	8
1128	8
1129	8
1130	8
1131	11
1132	8
1133	11
1134	11
1135	8
1136	8
1137	8
1138	8
1139	8
1140	8
1141	8
1142	8
1143	8
1144	8
1145	8
1146	11
1147	11
1148	8
1149	8
1150	8
1151	8
1152	8
1153	8
1154	11
1155	11
1156	11
1157	11
1158	11
1159	11
1160	11
1161	11
1162	11
1163	11
1164	11
1165	11
1166	11
1167	11
1168	11
1169	10
1170	10
1171	10
1172	10
1173	10
1174	10
1175	10
1176	10
1177	10
1178	10
1179	10
1180	10
1181	10
1182	10
1183	10
1184	10
1185	10
1186	10
1187	10
1188	10
1189	10
1190	10
1191	10
1192	10
1193	10
1194	10
1195	10
1196	10
1197	10
1198	10
1199	10
1200	13
1201	13
1202	13
1203	13
1204	13
1205	13
1206	13
1207	13
1208	13
1209	13
1210	13
1211	13
1212	13
1213	13
1214	13
1215	13
1216	13
1217	13
1218	13
1219	13
1220	13
1221	13
1222	13
1223	13
1224	13
1225	13
1226	13
1227	13
1228	13
1229	13
1230	13
1231	13
1232	13
1233	13
1234	13
1235	13
1236	13
1237	13
1238	13
1239	13
1240	9
1241	9
1242	9
1243	9
1244	9
1245	9
1246	9
1247	9
1248	9
1249	9
1250	9
1251	9
1252	9
1253	6
1254	6
1255	6
1256	6
1257	6
1258	9
1259	9
1260	9
1261	9
1262	9
1263	9
1264	6
1265	6
1266	6
1267	6
1268	6
1269	6
1270	6
1271	6
1272	6
1273	6
1274	6
1275	6
1276	6
1277	6
1278	2
1279	2
1280	2
1281	9
1282	9
1283	9
1284	6
1285	6
1286	6
1287	6
1288	2
1289	2
1290	2
1291	2
1292	2
1293	2
1294	2
1295	2
1296	2
1297	2
1298	2
1299	2
1300	2
1301	2
1302	2
1303	6
1304	6
1305	6
1306	6
1307	6
1308	6
1309	6
1310	6
1311	6
1312	6
1313	6
1314	8
1315	8
1316	8
1317	8
1318	8
1319	8
1320	8
1321	8
1322	8
1323	8
1324	8
1325	8
1326	8
1327	8
1328	8
1329	8
1330	8
1331	8
1332	8
1333	8
1334	8
1335	8
1336	8
1337	8
1338	8
1339	8
1340	8
1341	8
1342	8
1343	8
1344	8
1345	8
1346	6
1347	6
1348	6
1349	6
1350	6
1351	6
1352	6
1353	6
1354	6
1355	6
1356	6
1357	6
1358	6
1359	6
1360	6
1361	6
1362	6
1363	11
1364	11
1365	11
1366	11
1367	11
1368	11
1369	11
1370	11
1371	11
1372	11
1373	11
1374	11
1375	11
1376	11
1377	11
1378	11
1379	11
1380	11
1381	2
1382	2
1383	2
1384	2
1385	2
1386	2
1387	2
1388	2
1389	2
1390	2
1391	2
1392	2
1393	2
1394	2
1395	2
1396	2
1397	6
1398	6
1399	6
1400	6
1401	6
1402	6
1403	6
1404	6
1405	6
1406	6
1407	6
1408	6
1409	6
1410	6
1411	6
1412	6
1413	6
1414	6
1415	6
1416	6
1417	6
1418	6
1419	6
1420	6
1421	6
1422	6
1423	6
1424	6
1425	6
1426	6
1427	6
1428	3
1429	3
1430	3
1431	3
1432	3
1433	3
1434	3
1435	3
1436	3
1437	3
1438	3
1439	3
1440	3
1441	13
1442	13
1443	13
1444	13
1445	13
1446	13
1447	13
1448	13
1449	13
1450	13
1451	13
1452	13
1453	13
1454	13
1455	3
1456	3
1457	3
1458	3
1459	3
1460	3
1461	3
1462	3
1463	3
1464	3
1465	2
1466	2
1467	2
1468	2
1469	2
1470	2
1471	2
1472	2
1473	2
1474	2
1475	2
1476	2
1477	2
1478	2
1479	2
1480	2
1481	2
1482	2
1483	2
1484	2
1485	2
1486	2
1487	2
1488	2
1489	10
1490	10
1491	10
1492	10
1493	10
1494	10
1495	10
1496	10
1497	10
1498	10
1499	10
1500	10
1501	1
1502	1
1503	1
1504	1
1505	1
1506	1
1507	1
1508	1
1509	1
1510	1
1511	1
1512	1
1513	1
1514	1
1515	1
1516	1
1517	1
1518	1
1519	1
1520	1
1521	1
1522	1
1523	1
1524	1
1525	1
1526	1
1527	1
1528	1
1529	7
1530	7
1531	7
1532	7
1533	7
1534	7
1535	7
1536	7
1537	7
1538	7
1539	7
1540	7
1541	7
1542	7
1543	7
1544	7
1545	7
1546	7
1547	7
1548	7
1549	7
1550	7
1551	7
1552	11
1553	11
1554	11
1555	11
1556	11
1557	11
1558	11
1559	11
1560	11
1561	11
1562	11
1563	11
1564	11
1565	11
1566	11
1567	11
1568	11
1569	11
1570	11
1571	11
1572	11
1573	11
1574	11
1575	11
1576	10
1577	10
1578	10
1579	10
1580	10
1581	10
1582	10
1583	10
1584	10
1585	10
1586	10
1587	10
1588	10
1589	10
1590	10
1591	10
1592	10
1593	6
1594	6
1595	6
1596	6
1597	6
1598	6
1599	6
1600	6
1601	6
1602	3
1603	3
1604	3
1605	3
1606	3
1607	3
1608	3
1609	3
1610	3
1611	3
1612	3
1613	3
1614	11
1615	3
1616	3
1617	3
1618	2
1619	2
1620	2
1621	2
1622	2
1623	2
1624	2
1625	2
1626	2
1627	2
1628	2
1629	10
1630	13
1631	13
1632	13
1633	13
1634	13
1635	13
1636	13
1637	13
1638	13
1639	10
1640	13
1641	13
1642	13
1643	13
1644	2
1645	2
1646	2
1647	2
1648	2
1649	13
1650	13
1651	13
1652	13
1653	13
1654	13
1655	13
1656	13
1658	13
1659	13
1660	13
1661	13
1662	13
1663	13
1664	13
1665	13
1666	13
1667	13
1668	13
1669	13
1670	13
1671	13
1672	13
1673	2
1674	13
1675	13
1676	13
1677	2
1678	9
1679	9
1680	9
1681	9
1682	9
1683	9
1684	9
1685	13
1686	13
1687	13
1688	13
1689	13
1690	13
1691	13
1692	13
1693	13
1694	13
1695	13
1696	13
1697	13
1698	13
1699	13
1700	13
1701	13
1702	13
1703	4
1704	4
1705	13
1706	13
1707	13
1708	13
1709	13
1710	13
1711	13
1712	13
1713	2
1714	2
1715	2
1716	2
1717	2
1718	2
1719	2
1720	2
1721	2
1722	2
1723	2
1724	2
1725	13
1726	13
1727	13
1728	2
1729	13
1730	13
1731	13
1732	13
1733	13
1734	13
1735	13
1736	13
1737	13
1738	13
1739	13
1740	13
1741	13
1742	1
1743	1
1744	1
1745	1
1746	1
1747	1
1748	1
1749	1
1750	1
1751	1
1752	1
1753	1
1754	1
1755	1
1756	1
1757	2
1758	2
1759	2
1760	2
1761	1
1762	1
1763	1
1764	4
1765	1
1766	1
1767	4
1768	1
1769	1
1770	1
1771	1
1772	1
1773	1
1774	2
1775	2
1776	2
1777	2
1778	2
1779	2
1780	2
1781	2
1782	2
1783	2
1784	2
1785	2
1786	2
1787	1
1788	1
1789	1
1790	1
1791	1
1792	1
1793	1
1794	1
1795	2
1796	2
1797	2
1798	2
1799	1
1800	1
1801	1
1802	1
1803	1
1804	1
1805	1
1806	1
1807	1
1808	1
1809	4
1810	4
1811	4
1812	4
1813	4
1814	4
1815	4
1816	4
1817	4
1818	4
1819	3
1820	4
1821	3
1822	4
1823	3
1824	4
1825	4
1826	4
1827	4
1828	4
1829	4
1830	2
1831	2
1832	2
1833	2
1834	2
1835	4
1836	4
1837	2
1838	4
1839	4
1840	11
1841	11
1842	11
1843	11
1844	11
1845	4
1846	3
1847	4
1848	4
1849	4
1850	3
1851	4
1852	4
1853	3
1854	4
1855	4
1856	4
1857	2
1858	2
1859	2
1860	2
1861	2
1862	2
1863	4
1864	3
1865	3
1866	3
1867	3
1868	4
1869	3
1870	4
1871	4
1872	9
1873	9
1874	9
1875	9
1876	9
1877	9
1878	9
1879	9
1880	9
1881	9
1882	9
1883	9
1884	9
1885	9
1886	9
1887	9
1888	9
1889	9
1890	9
1891	9
1892	9
1893	9
1894	9
1895	6
1896	6
1897	6
1898	11
1899	11
1900	11
1901	11
1902	11
1903	11
1904	6
1905	6
1906	6
1907	6
1908	6
1909	1
1910	6
1911	6
1912	6
1913	6
1914	6
1915	6
1916	11
1917	11
1918	11
1919	11
1920	11
1921	11
1922	11
1923	11
1924	6
1925	6
1926	6
1927	6
1928	6
1929	6
1930	6
1931	6
1932	6
1933	6
1934	6
1935	6
1936	6
1937	6
1938	6
1939	6
1940	6
1941	6
1942	6
1943	6
1944	6
1945	6
1946	6
1947	6
1948	6
1949	6
1950	6
1951	6
1952	6
1953	6
1954	6
1955	6
1956	6
1957	6
1958	6
1959	6
1960	6
1961	6
1962	1
1963	6
1964	6
1965	1
1966	6
1967	6
1968	6
1969	6
1970	6
1971	6
1972	6
1973	6
1974	6
1975	6
1976	7
1977	7
1978	11
1979	7
1980	7
1981	7
1982	7
1983	7
1984	7
1985	7
1986	7
1987	7
1988	7
1989	11
1990	11
1991	7
1992	7
1993	7
1994	7
1995	7
1996	11
1997	7
1998	7
1999	7
2000	7
2001	7
2002	11
2003	7
2004	7
2005	7
2006	7
2007	7
2008	7
2009	7
2010	7
2011	7
2012	7
2013	7
2014	7
2015	7
2016	11
2017	9
2018	9
2019	9
2020	9
2021	9
2022	9
2023	9
2024	12
2025	9
2026	9
2027	9
2028	9
2029	9
2030	12
2031	12
2032	12
2033	12
2034	12
2035	12
2036	12
2037	9
2038	2
2039	2
2040	2
2041	2
2042	2
2043	9
2044	9
2045	9
2046	12
2047	12
2048	2
2049	2
2050	9
2051	12
2052	12
2053	9
2054	9
2055	12
2056	9
2057	12
2058	11
2059	11
2060	11
2061	11
2062	11
2063	11
2064	11
2065	11
2066	11
2067	11
2068	9
2069	9
2070	9
2071	9
2072	9
2073	2
2074	9
2075	9
2076	9
2077	2
2078	9
2079	9
2080	2
2081	9
2082	9
2083	9
2084	9
2085	9
2086	9
2087	9
2088	9
2089	10
2090	10
2091	10
2092	10
2093	10
2094	10
2095	10
2096	1
2097	1
2098	1
2099	1
2100	1
2101	1
2102	1
2103	1
2104	1
2105	1
2106	1
2107	1
2108	1
2109	1
2110	1
2111	1
2112	1
2113	3
2114	4
2115	4
2116	4
2117	4
2118	3
2119	3
2120	4
2121	4
2122	3
2123	3
2124	9
2125	4
2126	4
2127	4
2128	4
2129	4
2130	3
2131	4
2132	4
2133	3
2134	3
2135	4
2136	3
2137	3
2138	3
2139	3
2140	3
2141	3
2142	3
2143	3
2144	3
2145	3
2146	3
2147	3
2148	3
2149	3
2150	4
2151	4
2152	4
2153	4
2154	4
2155	3
2156	3
2157	3
2158	4
2159	3
2160	4
2161	4
2162	4
2163	4
2164	4
2165	4
2166	3
2167	3
2168	3
2169	4
2170	4
2171	3
2172	4
2173	4
2174	3
2175	3
2176	3
2177	3
2178	4
2179	4
2180	4
2181	4
2182	4
2183	4
2184	4
2185	4
2186	4
2187	4
2188	3
2189	4
2190	4
2191	4
2192	4
2193	4
2194	3
2195	3
2196	3
2197	3
2198	4
2199	3
2200	4
2201	3
2202	3
2203	3
2204	4
2205	4
2206	4
2207	4
2208	4
2209	4
2210	4
2211	3
2212	3
2213	4
2214	4
2215	3
2216	3
2217	4
2218	4
2219	4
2220	4
2221	4
2222	3
2223	3
2224	4
2225	4
2226	4
2227	4
2228	3
2229	3
2230	4
2231	4
2232	4
2233	3
2234	3
2235	4
2236	3
2237	3
2238	3
2239	4
2240	4
2241	3
2242	3
2243	3
2244	3
2245	3
2246	4
2247	4
2248	4
2249	4
2250	4
2251	4
2252	4
2253	3
2254	3
2255	3
2256	4
2257	4
2258	4
2259	4
2260	4
2261	4
2262	4
2263	4
2264	4
2265	4
2266	3
2267	4
2268	4
2269	3
2270	3
2271	3
2272	4
2273	3
2274	4
2275	4
2276	4
2277	3
2278	3
2279	3
2280	4
2281	4
2282	3
2283	3
2284	9
2285	9
2286	3
2287	3
2288	4
2289	4
2290	4
2291	4
2292	4
2293	4
2294	4
2295	4
2296	4
2297	3
2298	3
2299	3
2300	3
2301	4
2302	3
2303	3
2304	3
2305	4
2306	4
2307	4
2308	4
2309	9
2310	9
2311	9
2312	8
2313	8
2314	8
2315	8
2316	8
2317	8
2318	8
2319	8
2320	8
2321	8
2322	8
2323	8
2324	8
2325	8
2326	8
2327	8
2328	8
2329	8
2330	1
2331	1
2332	1
2333	1
2334	1
2335	1
2336	1
2337	1
2338	1
2339	1
2340	1
2341	1
2342	1
2343	1
2344	1
2345	1
2346	8
2347	8
2348	8
2349	8
2350	8
2351	8
2352	8
2353	8
2354	8
2355	8
2356	8
2357	8
2358	8
2359	8
2360	8
2361	8
2362	8
2363	8
2364	8
2365	8
2366	3
2367	3
2368	3
2369	3
2370	3
2371	3
2372	3
2373	3
2374	3
2375	3
2376	3
2377	3
2378	3
2379	3
2380	3
2381	3
2382	3
2383	3
2384	3
2385	3
2386	3
2387	3
2388	3
2389	3
2390	3
2391	3
2392	3
2393	3
2394	3
2395	3
2396	3
2397	3
2398	3
2399	3
2400	3
2401	3
2402	3
2403	3
2404	3
2405	3
2406	3
2407	3
2408	3
2409	3
2410	3
2411	3
2412	3
2413	3
2414	3
2415	5
2416	5
2417	5
2418	5
2419	5
2420	5
2421	5
2422	5
2423	5
2424	5
2425	5
2426	5
2427	5
2428	5
2429	5
2430	5
2431	5
2432	5
2433	5
2434	5
2435	5
2436	5
2437	5
2438	5
2439	5
2440	5
2441	5
2442	5
2443	5
2444	5
2445	5
2446	5
2447	5
2448	5
2449	5
2450	5
2451	5
2452	5
2453	5
2454	5
2455	5
2456	5
2457	5
2458	5
2459	5
2460	5
2461	5
2462	5
2463	5
2464	5
2465	5
2466	5
2467	5
2468	5
2469	5
2470	5
2471	5
2472	5
2473	5
2474	5
2475	5
2476	5
2477	5
2478	5
2479	5
2480	5
2481	5
2482	5
2483	5
2484	5
2485	5
2486	5
2487	5
2488	5
2489	5
2490	5
2491	5
2492	5
2493	5
2494	5
2495	5
2496	12
2497	12
2498	12
2499	5
2500	5
2501	5
2502	5
2503	5
2504	5
2505	5
2506	5
2507	5
2508	12
2509	12
2510	12
2511	5
2512	5
2513	12
2514	5
2515	5
2516	5
2517	5
2518	5
2519	5
2520	5
2521	5
2522	5
2523	12
2524	5
2525	5
2526	5
2527	5
2528	5
2529	5
2530	12
2531	12
2532	12
2533	12
2534	12
2535	12
2536	12
2537	12
2538	5
2539	5
2540	12
2541	5
2542	5
2543	5
2544	5
2545	5
2546	5
2547	5
2548	5
2549	5
2550	5
2551	5
2552	5
2553	12
2554	5
2555	5
2556	5
2557	5
2558	5
2559	5
2560	5
2561	5
2562	12
2563	5
2564	5
2565	5
2566	5
2567	5
2568	5
2569	12
2570	12
2571	5
2572	5
2573	5
2574	12
2575	5
2576	5
2577	5
2578	5
2579	5
2580	5
2581	5
2582	5
2583	5
2584	5
2585	5
2586	5
2587	12
2588	12
2589	12
2590	12
2591	12
2592	12
2593	12
2594	5
2595	5
2596	5
2597	5
2598	5
2599	5
2600	5
2601	5
2602	5
2603	5
2604	5
2605	5
2606	9
2607	9
2608	9
2609	9
2610	9
2611	9
2612	9
2613	9
2614	9
2615	9
2616	9
2617	9
2618	9
2619	9
2620	9
2621	9
2622	9
2623	9
2624	9
2625	9
2626	9
2627	9
2628	9
2629	9
2630	9
2631	9
2632	9
2633	9
2634	9
2635	9
2636	9
2637	9
2638	9
2639	9
2640	7
2641	7
2642	7
2643	7
2644	7
2645	7
2646	7
2647	7
2648	7
2649	7
2650	7
2651	7
2652	7
2653	7
2654	7
2655	7
2656	7
2657	7
2658	7
2659	7
2660	7
2661	7
2662	7
2663	7
2664	7
2665	7
2666	7
2667	7
2668	7
2669	7
2670	7
2671	7
2672	7
2673	7
2674	7
2675	7
2676	7
2677	7
2678	7
2679	7
2680	7
2681	7
2682	7
2683	7
2684	7
2685	7
2686	7
2687	7
2688	1
2689	1
2690	1
2691	1
315	10
1657	13
