0	12
1	12
2	12
3	12
4	12
5	12
6	12
7	8
8	8
9	8
10	8
11	8
12	8
13	8
14	8
15	8
16	8
17	8
18	5
19	5
20	5
21	11
22	11
23	11
24	11
25	11
26	11
27	11
28	11
29	5
30	5
31	5
32	5
33	5
34	5
35	5
36	5
37	5
38	5
39	5
40	5
41	5
42	5
43	5
44	5
45	5
46	5
47	5
48	5
49	7
50	7
51	7
52	7
53	2
54	2
55	2
56	2
57	2
58	7
59	7
60	7
61	7
62	7
63	7
64	7
65	2
66	2
67	2
68	2
69	2
70	2
71	11
72	11
73	11
74	11
75	7
76	7
77	7
78	7
79	7
80	7
81	7
82	7
83	13
84	13
85	13
86	13
87	13
88	13
89	13
90	13
91	13
92	13
93	13
94	13
95	13
96	8
97	8
98	5
99	8
100	8
101	8
102	8
103	8
104	8
105	8
106	8
107	8
108	8
109	8
110	8
111	8
112	8
113	8
114	8
115	8
116	8
117	8
118	8
119	8
120	8
121	8
122	8
123	8
124	8
125	8
126	8
127	8
128	8
129	3
130	3
131	3
132	3
133	3
134	3
135	3
136	3
137	3
138	3
139	3
140	3
141	3
142	3
143	3
144	3
145	3
146	3
147	3
148	3
149	3
150	3
151	3
152	3
153	3
154	3
155	3
156	3
157	3
158	3
159	3
160	3
161	3
162	3
163	3
164	3
165	3
166	13
167	13
168	13
169	13
170	13
171	13
172	13
173	13
174	13
175	13
176	13
177	13
178	13
179	13
180	13
181	13
182	13
183	7
184	7
185	7
186	7
187	7
188	7
189	7
190	7
191	7
192	7
193	7
194	7
195	7
196	7
197	7
198	7
199	7
200	7
201	7
202	7
203	7
204	7
205	7
206	7
207	7
208	1
209	1
210	1
211	11
212	1
213	1
214	1
215	1
216	1
217	1
218	1
219	11
220	1
221	1
222	1
223	1
224	1
225	1
226	11
227	11
228	11
229	11
230	11
231	11
232	11
233	11
234	11
235	11
236	1
237	1
238	1
239	1
240	1
241	1
242	1
243	1
244	1
245	1
246	11
247	11
248	7
249	7
250	7
251	7
252	7
253	7
254	7
255	7
256	7
257	7
258	7
259	7
260	7
261	10
262	10
263	10
264	10
265	10
266	10
267	10
268	10
269	10
270	10
271	10
272	10
273	10
274	10
275	10
276	10
277	10
278	10
279	10
280	10
281	10
282	10
283	10
284	10
285	10
286	10
287	10
288	10
289	10
290	10
291	10
292	10
293	10
294	10
295	10
296	10
297	10
298	10
299	10
300	10
301	10
302	7
303	7
304	7
305	7
306	2
307	1
308	1
309	2
310	2
311	2
312	2
313	1
314	2
316	5
317	5
318	5
319	5
320	5
321	5
322	5
323	5
324	5
325	5
326	5
327	5
328	5
329	5
330	5
331	1
332	2
333	1
334	1
335	2
336	2
337	5
338	5
339	5
340	2
341	2
342	2
343	1
344	1
345	1
346	1
347	2
348	2
349	2
350	1
351	1
352	1
353	1
354	1
355	1
356	3
357	3
358	3
359	3
360	3
361	3
362	3
363	3
364	3
365	3
366	3
367	3
368	3
369	2
370	1
371	1
372	1
373	2
374	2
375	1
376	2
377	1
378	1
379	1
380	1
381	1
382	1
383	1
384	1
385	1
386	1
387	2
388	2
389	5
390	5
391	5
392	5
393	5
394	1
395	1
396	2
397	2
398	5
399	5
400	5
401	5
402	5
403	1
404	1
405	3
406	3
407	3
408	3
409	5
410	5
411	5
412	5
413	5
414	5
415	5
416	5
417	5
418	5
419	5
420	5
421	5
422	5
423	5
424	5
425	13
426	13
427	13
428	13
429	13
430	13
431	13
432	13
433	5
434	5
435	5
436	5
437	5
438	5
439	5
440	5
441	5
442	5
443	5
444	5
445	5
446	13
447	13
448	13
449	13
450	13
451	5
452	5
453	5
454	13
455	13
456	13
457	5
458	5
459	5
460	5
461	5
462	5
463	13
464	13
465	13
466	13
467	13
468	13
469	13
470	13
471	13
472	13
473	5
474	5
475	10
476	10
477	11
478	11
479	11
480	11
481	11
482	11
483	11
484	1
485	1
486	11
487	11
488	11
489	10
490	10
491	10
492	10
493	10
494	10
495	11
496	11
497	11
498	1
499	11
500	11
501	11
502	1
503	11
504	11
505	11
506	3
507	3
508	1
509	3
510	1
511	1
512	1
513	3
514	3
515	1
516	3
517	3
518	3
519	3
520	1
521	3
522	8
523	8
524	8
525	8
526	12
527	12
528	8
529	8
530	8
531	8
532	8
533	8
534	8
535	8
536	8
537	8
538	12
539	12
540	12
541	12
542	12
543	12
544	12
545	12
546	12
547	12
548	12
549	12
550	12
551	12
552	12
553	12
554	12
555	12
556	12
557	12
558	12
559	10
560	10
561	10
562	10
563	10
564	10
565	12
566	12
567	12
568	12
569	12
570	13
571	13
572	13
573	13
574	13
575	13
576	13
577	13
578	13
579	13
580	13
581	12
582	12
583	12
584	12
585	12
586	12
587	11
588	11
589	11
590	11
591	11
592	11
593	11
594	11
595	11
596	11
597	11
598	11
599	11
600	11
601	11
602	11
603	7
604	7
605	7
606	7
607	7
608	7
609	7
610	7
611	7
612	7
613	7
614	7
615	7
616	7
617	11
618	11
619	11
620	11
621	11
622	11
623	11
624	11
625	11
626	11
627	11
628	11
629	11
630	11
631	11
632	11
633	11
634	11
635	11
636	11
637	11
638	11
639	7
640	7
641	7
642	7
643	7
644	7
645	7
646	7
647	7
648	7
649	7
650	7
651	7
652	7
653	7
654	7
655	7
656	7
657	10
658	10
659	10
660	10
661	5
662	5
663	5
664	5
665	5
666	5
667	5
668	5
669	5
670	11
671	11
672	11
673	11
674	11
675	11
676	11
677	3
678	3
679	3
680	5
681	5
682	5
683	5
684	5
685	5
686	5
687	5
688	5
689	5
690	5
691	5
692	5
693	5
694	5
695	5
696	5
697	11
698	11
699	3
700	11
701	11
702	3
703	11
704	3
705	11
706	3
707	11
708	11
709	11
710	11
711	11
712	11
713	11
714	5
715	5
716	10
717	10
718	11
719	11
720	11
721	10
722	10
723	10
724	10
725	10
726	10
727	10
728	10
729	10
730	10
731	10
732	5
733	5
734	5
735	5
736	5
737	11
738	11
739	11
740	11
741	10
742	10
743	10
744	10
745	5
746	5
747	5
748	5
749	5
750	5
751	5
752	5
753	5
754	5
755	5
756	5
757	5
758	5
759	5
760	5
761	5
762	5
763	5
764	5
765	5
766	10
767	10
768	10
769	10
770	5
771	5
772	10
773	10
774	10
775	10
776	10
777	10
778	11
779	11
780	10
781	11
782	11
783	11
784	11
785	1
786	10
787	10
788	10
789	10
790	10
791	1
792	1
793	1
794	1
795	1
796	1
797	1
798	1
799	1
800	1
801	10
802	10
803	10
804	10
805	1
806	1
807	1
808	10
809	10
810	10
811	6
812	2
813	6
814	6
815	6
816	2
817	2
818	6
819	2
820	2
821	6
822	6
823	6
824	2
825	2
826	2
827	2
828	2
829	6
830	6
831	6
832	2
833	2
834	6
835	6
836	6
837	6
838	6
839	2
840	6
841	2
842	6
843	6
844	2
845	2
846	2
847	6
848	2
849	2
850	2
851	2
852	6
853	6
854	2
855	2
856	6
857	2
858	7
859	7
860	7
861	7
862	7
863	7
864	7
865	7
866	7
867	7
868	7
869	7
870	7
871	6
872	6
873	2
874	2
875	2
876	2
877	2
878	2
879	2
880	2
881	6
882	6
883	6
884	6
885	6
886	6
887	2
888	6
889	2
890	2
891	2
892	6
893	6
894	6
895	6
896	6
897	2
898	2
899	2
900	2
901	2
902	6
903	6
904	6
905	6
906	2
907	2
908	2
909	2
910	2
911	2
912	6
913	2
914	6
915	6
916	2
917	6
918	2
919	2
920	2
921	2
922	2
923	2
924	2
925	6
926	2
927	6
928	6
929	2
930	6
931	6
932	2
933	2
934	2
935	6
936	6
937	2
938	2
939	2
940	2
941	2
942	6
943	2
944	2
945	2
946	2
947	6
948	6
949	6
950	2
951	2
952	2
953	2
954	2
955	2
956	2
957	6
958	6
959	2
960	2
961	2
962	6
963	6
964	6
965	6
966	2
967	2
968	2
969	6
970	2
971	2
972	6
973	6
974	2
975	6
976	6
977	6
978	2
979	2
980	2
981	2
982	6
983	6
984	6
985	3
986	3
987	3
988	3
989	3
990	3
991	3
992	3
993	3
994	3
995	3
996	3
997	3
998	3
999	3
1000	11
1001	3
1002	3
1003	3
1004	3
1005	3
1006	3
1007	6
1008	6
1009	3
1010	6
1011	6
1012	6
1013	6
1014	6
1015	6
1016	6
1017	6
1018	6
1019	6
1020	6
1021	6
1022	6
1023	6
1024	6
1025	6
1026	6
1027	6
1028	6
1029	6
1030	6
1031	6
1032	6
1033	6
1034	6
1035	6
1036	6
1037	6
1038	6
1039	6
1040	6
1041	6
1042	6
1043	6
1044	6
1045	6
1046	6
1047	6
1048	6
1049	6
1050	6
1051	6
1052	6
1053	6
1054	6
1055	6
1056	6
1057	6
1058	6
1059	6
1060	6
1061	6
1062	6
1063	6
1064	6
1065	6
1066	6
1067	6
1068	6
1069	6
1070	6
1071	6
1072	6
1073	6
1074	6
1075	7
1076	7
1077	7
1078	7
1079	7
1080	7
1081	7
1082	7
1083	7
1084	7
1085	7
1086	7
1087	10
1088	10
1089	10
1090	10
1091	10
1092	10
1093	10
1094	11
1095	11
1096	11
1097	11
1098	11
1099	11
1100	11
1101	11
1102	11
1103	11
1104	11
1105	11
1106	11
1107	2
1108	2
1109	2
1110	2
1111	2
1112	2
1113	2
1114	2
1115	2
1116	2
1117	2
1118	2
1119	2
1120	2
1121	2
1122	2
1123	2
1124	2
1125	2
1126	2
1127	2
1128	2
1129	2
1130	2
1131	2
1132	2
1133	2
1134	2
1135	2
1136	2
1137	2
1138	2
1139	2
1140	2
1141	2
1142	2
1143	2
1144	2
1145	2
1146	2
1147	2
1148	2
1149	2
1150	2
1151	2
1152	2
1153	2
1154	1
1155	1
1156	1
1157	1
1158	1
1159	1
1160	1
1161	1
1162	1
1163	1
1164	1
1165	1
1166	1
1167	1
1168	1
1169	6
1170	6
1171	6
1172	6
1173	6
1174	6
1175	6
1176	6
1177	6
1178	6
1179	6
1180	6
1181	6
1182	6
1183	6
1184	6
1185	6
1186	6
1187	6
1188	6
1189	6
1190	6
1191	6
1192	6
1193	6
1194	6
1195	6
1196	6
1197	6
1198	6
1199	6
1200	8
1201	8
1202	8
1203	8
1204	8
1205	8
1206	8
1207	8
1208	8
1209	8
1210	8
1211	8
1212	8
1213	8
1214	8
1215	8
1216	8
1217	8
1218	8
1219	8
1220	8
1221	8
1222	8
1223	8
1224	8
1225	8
1226	8
1227	8
1228	8
1229	8
1230	8
1231	8
1232	8
1233	8
1234	8
1235	8
1236	8
1237	8
1238	8
1239	8
1240	11
1241	11
1242	11
1243	11
1244	11
1245	11
1246	11
1247	11
1248	11
1249	11
1250	11
1251	11
1252	11
1253	7
1254	7
1255	7
1256	7
1257	7
1258	11
1259	11
1260	11
1261	11
1262	11
1263	11
1264	7
1265	7
1266	7
1267	7
1268	7
1269	7
1270	7
1271	7
1272	7
1273	7
1274	7
1275	7
1276	7
1277	7
1278	1
1279	1
1280	1
1281	11
1282	11
1283	11
1284	7
1285	7
1286	7
1287	7
1288	1
1289	1
1290	1
1291	1
1292	1
1293	1
1294	1
1295	1
1296	1
1297	1
1298	1
1299	1
1300	1
1301	1
1302	1
1303	7
1304	7
1305	7
1306	7
1307	7
1308	7
1309	7
1310	7
1311	7
1312	7
1313	7
1314	2
1315	2
1316	2
1317	2
1318	2
1319	2
1320	2
1321	2
1322	2
1323	2
1324	2
1325	2
1326	2
1327	2
1328	2
1329	2
1330	2
1331	2
1332	2
1333	2
1334	2
1335	2
1336	2
1337	2
1338	2
1339	2
1340	2
1341	2
1342	2
1343	2
1344	2
1345	2
1346	7
1347	7
1348	7
1349	7
1350	7
1351	7
1352	7
1353	7
1354	7
1355	7
1356	7
1357	7
1358	7
1359	7
1360	7
1361	7
1362	7
1363	4
1364	4
1365	8
1366	4
1367	4
1368	8
1369	8
1370	4
1371	4
1372	4
1373	8
1374	8
1375	8
1376	4
1377	8
1378	8
1379	4
1380	4
1381	1
1382	1
1383	1
1384	1
1385	1
1386	1
1387	1
1388	1
1389	1
1390	1
1391	1
1392	1
1393	1
1394	1
1395	1
1396	1
1397	7
1398	7
1399	7
1400	7
1401	7
1402	7
1403	7
1404	7
1405	7
1406	7
1407	7
1408	7
1409	7
1410	7
1411	7
1412	7
1413	7
1414	7
1415	7
1416	7
1417	7
1418	7
1419	7
1420	7
1421	7
1422	7
1423	7
1424	7
1425	7
1426	7
1427	7
1428	8
1429	8
1430	8
1431	8
1432	8
1433	8
1434	8
1435	8
1436	8
1437	8
1438	8
1439	8
1440	8
1441	5
1442	5
1443	5
1444	8
1445	5
1446	8
1447	8
1448	5
1449	5
1450	5
1451	5
1452	5
1453	5
1454	5
1455	8
1456	8
1457	8
1458	8
1459	8
1460	8
1461	8
1462	8
1463	8
1464	8
1465	11
1466	11
1467	11
1468	11
1469	3
1470	11
1471	11
1472	11
1473	3
1474	11
1475	11
1476	3
1477	11
1478	11
1479	11
1480	11
1481	11
1482	11
1483	11
1484	11
1485	11
1486	11
1487	3
1488	11
1489	5
1490	5
1491	5
1492	5
1493	5
1494	5
1495	5
1496	5
1497	5
1498	5
1499	5
1500	5
1501	12
1502	12
1503	12
1504	12
1505	12
1506	12
1507	12
1508	12
1509	12
1510	12
1511	12
1512	12
1513	12
1514	12
1515	12
1516	12
1517	12
1518	12
1519	12
1520	12
1521	12
1522	12
1523	12
1524	12
1525	12
1526	12
1527	12
1528	12
1529	11
1530	11
1531	13
1532	13
1533	11
1534	11
1535	13
1536	11
1537	11
1538	13
1539	13
1540	13
1541	13
1542	11
1543	11
1544	11
1545	11
1546	11
1547	11
1548	13
1549	11
1550	11
1551	11
1552	13
1553	13
1554	8
1555	8
1556	8
1557	8
1558	13
1559	13
1560	13
1561	13
1562	8
1563	13
1564	13
1565	13
1566	8
1567	13
1568	13
1569	13
1570	13
1571	13
1572	13
1573	13
1574	13
1575	13
1576	5
1577	5
1578	5
1579	5
1580	5
1581	5
1582	5
1583	5
1584	5
1585	5
1586	5
1587	5
1588	5
1589	5
1590	5
1591	5
1592	5
1593	7
1594	7
1595	7
1596	7
1597	7
1598	7
1599	7
1600	7
1601	7
1602	13
1603	13
1604	13
1605	13
1606	13
1607	13
1608	13
1609	13
1610	13
1611	13
1612	13
1613	13
1614	13
1615	13
1616	13
1617	13
1618	1
1619	1
1620	1
1621	1
1622	1
1623	1
1624	1
1625	1
1626	1
1627	1
1628	1
1629	6
1630	8
1631	8
1632	8
1633	8
1634	8
1635	8
1636	8
1637	8
1638	8
1639	6
1640	8
1641	8
1642	8
1643	8
1644	1
1645	1
1646	1
1647	1
1648	1
1649	8
1650	6
1651	8
1652	6
1653	8
1654	8
1655	8
1656	8
1658	8
1659	8
1660	8
1661	8
1662	8
1663	8
1664	8
1665	8
1666	6
1667	8
1668	8
1669	8
1670	8
1671	8
1672	8
1673	1
1674	8
1675	8
1676	8
1677	1
1678	10
1679	10
1680	10
1681	10
1682	10
1683	10
1684	10
1685	5
1686	5
1687	5
1688	5
1689	5
1690	5
1691	5
1692	5
1693	5
1694	5
1695	5
1696	5
1697	5
1698	5
1699	5
1700	5
1701	5
1702	5
1703	9
1704	9
1705	5
1706	5
1707	5
1708	5
1709	5
1710	5
1711	5
1712	5
1713	1
1714	1
1715	1
1716	1
1717	1
1718	1
1719	1
1720	1
1721	1
1722	1
1723	1
1724	1
1725	5
1726	5
1727	5
1728	1
1729	5
1730	5
1731	5
1732	5
1733	5
1734	5
1735	5
1736	5
1737	5
1738	5
1739	5
1740	5
1741	5
1742	12
1743	12
1744	12
1745	12
1746	12
1747	12
1748	12
1749	12
1750	12
1751	12
1752	12
1753	12
1754	12
1755	12
1756	12
1757	11
1758	11
1759	11
1760	11
1761	12
1762	12
1763	12
1764	9
1765	12
1766	12
1767	9
1768	12
1769	12
1770	12
1771	12
1772	12
1773	12
1774	11
1775	11
1776	11
1777	11
1778	11
1779	11
1780	11
1781	11
1782	11
1783	11
1784	11
1785	11
1786	11
1787	12
1788	12
1789	12
1790	12
1791	12
1792	12
1793	12
1794	12
1795	11
1796	11
1797	11
1798	11
1799	12
1800	12
1801	12
1802	12
1803	12
1804	12
1805	12
1806	12
1807	12
1808	12
1809	8
1810	8
1811	8
1812	8
1813	8
1814	8
1815	8
1816	8
1817	8
1818	9
1819	8
1820	8
1821	8
1822	8
1823	8
1824	8
1825	8
1826	8
1827	8
1828	8
1829	8
1830	11
1831	11
1832	11
1833	11
1834	11
1835	8
1836	8
1837	11
1838	8
1839	8
1840	8
1841	4
1842	4
1843	8
1844	4
1845	8
1846	8
1847	8
1848	8
1849	9
1850	8
1851	8
1852	8
1853	8
1854	9
1855	8
1856	8
1857	1
1858	1
1859	1
1860	1
1861	1
1862	1
1863	8
1864	8
1865	8
1866	8
1867	8
1868	8
1869	8
1870	8
1871	8
1872	10
1873	10
1874	10
1875	10
1876	10
1877	10
1878	10
1879	10
1880	10
1881	10
1882	10
1883	10
1884	10
1885	10
1886	10
1887	10
1888	10
1889	10
1890	10
1891	10
1892	10
1893	10
1894	10
1895	7
1896	7
1897	7
1898	2
1899	2
1900	2
1901	2
1902	2
1903	2
1904	7
1905	7
1906	7
1907	7
1908	7
1909	7
1910	7
1911	7
1912	7
1913	7
1914	7
1915	7
1916	2
1917	2
1918	2
1919	2
1920	2
1921	2
1922	2
1923	2
1924	7
1925	12
1926	7
1927	7
1928	12
1929	7
1930	12
1931	7
1932	7
1933	7
1934	7
1935	7
1936	7
1937	7
1938	7
1939	7
1940	12
1941	7
1942	7
1943	7
1944	7
1945	7
1946	7
1947	7
1948	7
1949	7
1950	7
1951	12
1952	7
1953	7
1954	7
1955	7
1956	7
1957	7
1958	7
1959	12
1960	7
1961	7
1962	7
1963	7
1964	7
1965	12
1966	7
1967	7
1968	7
1969	7
1970	7
1971	7
1972	7
1973	7
1974	7
1975	7
1976	13
1977	13
1978	13
1979	13
1980	13
1981	13
1982	13
1983	13
1984	13
1985	13
1986	13
1987	13
1988	13
1989	13
1990	13
1991	13
1992	13
1993	13
1994	13
1995	13
1996	13
1997	13
1998	13
1999	13
2000	13
2001	13
2002	13
2003	13
2004	13
2005	13
2006	13
2007	13
2008	13
2009	13
2010	13
2011	13
2012	13
2013	13
2014	13
2015	13
2016	13
2017	10
2018	10
2019	10
2020	10
2021	10
2022	10
2023	10
2024	11
2025	10
2026	10
2027	10
2028	10
2029	10
2030	11
2031	11
2032	11
2033	11
2034	11
2035	11
2036	11
2037	10
2038	10
2039	10
2040	10
2041	10
2042	10
2043	10
2044	10
2045	10
2046	11
2047	11
2048	10
2049	10
2050	10
2051	11
2052	11
2053	10
2054	10
2055	11
2056	10
2057	11
2058	13
2059	13
2060	13
2061	13
2062	13
2063	13
2064	13
2065	13
2066	13
2067	13
2068	10
2069	10
2070	10
2071	11
2072	10
2073	11
2074	11
2075	10
2076	10
2077	11
2078	11
2079	10
2080	11
2081	10
2082	11
2083	11
2084	10
2085	10
2086	10
2087	10
2088	10
2089	5
2090	5
2091	5
2092	5
2093	5
2094	5
2095	5
2096	12
2097	12
2098	12
2099	12
2100	12
2101	12
2102	12
2103	12
2104	12
2105	12
2106	12
2107	12
2108	12
2109	12
2110	12
2111	12
2112	12
2113	9
2114	9
2115	9
2116	9
2117	9
2118	12
2119	12
2120	9
2121	9
2122	9
2123	12
2124	10
2125	9
2126	9
2127	9
2128	9
2129	9
2130	9
2131	12
2132	9
2133	12
2134	12
2135	9
2136	12
2137	12
2138	12
2139	9
2140	9
2141	9
2142	9
2143	9
2144	9
2145	9
2146	12
2147	12
2148	9
2149	9
2150	9
2151	9
2152	9
2153	9
2154	9
2155	9
2156	9
2157	9
2158	9
2159	9
2160	9
2161	9
2162	9
2163	9
2164	9
2165	9
2166	12
2167	9
2168	9
2169	9
2170	9
2171	9
2172	9
2173	9
2174	12
2175	12
2176	12
2177	12
2178	9
2179	9
2180	9
2181	9
2182	9
2183	9
2184	9
2185	9
2186	9
2187	9
2188	12
2189	9
2190	9
2191	9
2192	9
2193	9
2194	9
2195	12
2196	12
2197	12
2198	12
2199	12
2200	9
2201	9
2202	9
2203	9
2204	9
2205	9
2206	9
2207	9
2208	9
2209	9
2210	9
2211	9
2212	9
2213	9
2214	9
2215	12
2216	12
2217	9
2218	9
2219	9
2220	9
2221	9
2222	9
2223	12
2224	9
2225	9
2226	9
2227	9
2228	9
2229	9
2230	9
2231	9
2232	9
2233	12
2234	12
2235	9
2236	12
2237	12
2238	12
2239	9
2240	9
2241	9
2242	12
2243	12
2244	9
2245	12
2246	9
2247	9
2248	9
2249	9
2250	9
2251	9
2252	9
2253	12
2254	12
2255	9
2256	9
2257	9
2258	9
2259	9
2260	9
2261	9
2262	9
2263	9
2264	9
2265	9
2266	9
2267	9
2268	9
2269	12
2270	12
2271	12
2272	12
2273	12
2274	12
2275	9
2276	9
2277	12
2278	9
2279	9
2280	9
2281	9
2282	9
2283	9
2284	10
2285	10
2286	9
2287	9
2288	9
2289	9
2290	9
2291	9
2292	9
2293	9
2294	9
2295	9
2296	9
2297	9
2298	12
2299	12
2300	12
2301	9
2302	12
2303	9
2304	9
2305	9
2306	9
2307	9
2308	9
2309	10
2310	10
2311	10
2312	6
2313	6
2314	6
2315	6
2316	6
2317	6
2318	6
2319	6
2320	6
2321	6
2322	6
2323	6
2324	6
2325	6
2326	6
2327	6
2328	6
2329	6
2330	7
2331	7
2332	7
2333	7
2334	7
2335	7
2336	7
2337	7
2338	7
2339	7
2340	7
2341	7
2342	7
2343	7
2344	7
2345	7
2346	6
2347	6
2348	6
2349	6
2350	6
2351	6
2352	6
2353	6
2354	6
2355	6
2356	6
2357	6
2358	6
2359	6
2360	6
2361	6
2362	6
2363	6
2364	6
2365	6
2366	13
2367	13
2368	13
2369	13
2370	13
2371	13
2372	13
2373	13
2374	13
2375	13
2376	13
2377	13
2378	13
2379	13
2380	13
2381	13
2382	13
2383	13
2384	13
2385	13
2386	13
2387	13
2388	13
2389	13
2390	13
2391	13
2392	13
2393	13
2394	13
2395	13
2396	13
2397	13
2398	13
2399	13
2400	13
2401	13
2402	13
2403	13
2404	13
2405	13
2406	13
2407	13
2408	13
2409	13
2410	13
2411	13
2412	13
2413	13
2414	13
2415	4
2416	4
2417	4
2418	4
2419	1
2420	1
2421	4
2422	4
2423	4
2424	4
2425	4
2426	4
2427	1
2428	1
2429	1
2430	1
2431	4
2432	4
2433	4
2434	4
2435	4
2436	4
2437	4
2438	1
2439	1
2440	4
2441	4
2442	4
2443	4
2444	4
2445	4
2446	4
2447	1
2448	4
2449	4
2450	4
2451	4
2452	4
2453	4
2454	4
2455	4
2456	4
2457	4
2458	4
2459	4
2460	4
2461	4
2462	4
2463	4
2464	4
2465	4
2466	4
2467	4
2468	4
2469	4
2470	4
2471	4
2472	4
2473	4
2474	4
2475	4
2476	4
2477	4
2478	4
2479	4
2480	4
2481	4
2482	4
2483	4
2484	4
2485	4
2486	4
2487	4
2488	4
2489	4
2490	4
2491	4
2492	4
2493	4
2494	4
2495	4
2496	1
2497	1
2498	4
2499	4
2500	4
2501	4
2502	4
2503	4
2504	4
2505	4
2506	4
2507	4
2508	4
2509	1
2510	4
2511	4
2512	4
2513	4
2514	4
2515	4
2516	4
2517	4
2518	4
2519	4
2520	4
2521	4
2522	4
2523	1
2524	4
2525	1
2526	4
2527	4
2528	4
2529	1
2530	1
2531	1
2532	1
2533	1
2534	1
2535	1
2536	1
2537	1
2538	1
2539	4
2540	1
2541	4
2542	1
2543	4
2544	4
2545	4
2546	4
2547	4
2548	4
2549	4
2550	4
2551	4
2552	1
2553	1
2554	4
2555	4
2556	4
2557	4
2558	4
2559	1
2560	4
2561	4
2562	1
2563	1
2564	4
2565	1
2566	4
2567	4
2568	1
2569	1
2570	1
2571	4
2572	1
2573	4
2574	1
2575	4
2576	4
2577	4
2578	4
2579	4
2580	4
2581	1
2582	4
2583	4
2584	4
2585	4
2586	4
2587	1
2588	1
2589	1
2590	1
2591	1
2592	1
2593	1
2594	4
2595	4
2596	4
2597	4
2598	4
2599	4
2600	4
2601	4
2602	4
2603	4
2604	1
2605	1
2606	10
2607	10
2608	10
2609	10
2610	10
2611	10
2612	10
2613	10
2614	10
2615	10
2616	10
2617	10
2618	10
2619	10
2620	10
2621	10
2622	10
2623	10
2624	10
2625	10
2626	10
2627	10
2628	10
2629	10
2630	10
2631	10
2632	10
2633	10
2634	10
2635	10
2636	10
2637	10
2638	10
2639	10
2640	3
2641	3
2642	3
2643	3
2644	3
2645	3
2646	3
2647	3
2648	3
2649	3
2650	3
2651	3
2652	3
2653	3
2654	3
2655	3
2656	3
2657	3
2658	3
2659	13
2660	3
2661	3
2662	3
2663	3
2664	3
2665	13
2666	3
2667	3
2668	3
2669	3
2670	3
2671	3
2672	3
2673	3
2674	3
2675	3
2676	3
2677	3
2678	3
2679	3
2680	3
2681	3
2682	3
2683	13
2684	13
2685	3
2686	3
2687	13
2688	7
2689	7
2690	7
2691	7
315	5
1657	8
