0	7
1	7
2	7
3	7
4	7
5	7
6	7
7	11
8	11
9	11
10	11
11	8
12	11
13	11
14	11
15	11
16	11
17	8
18	7
19	11
20	11
21	6
22	6
23	6
24	6
25	6
26	6
27	6
28	6
29	2
30	2
31	2
32	2
33	2
34	2
35	2
36	2
37	2
38	2
39	2
40	2
41	2
42	2
43	2
44	2
45	2
46	2
47	2
48	2
49	2
50	2
51	2
52	2
53	13
54	13
55	13
56	13
57	13
58	2
59	2
60	2
61	2
62	2
63	2
64	2
65	13
66	13
67	13
68	13
69	13
70	13
71	6
72	6
73	6
74	6
75	2
76	2
77	2
78	2
79	2
80	2
81	2
82	2
83	12
84	12
85	12
86	12
87	12
88	12
89	12
90	12
91	12
92	12
93	12
94	12
95	12
96	8
97	11
98	8
99	8
100	11
101	11
102	11
103	11
104	11
105	11
106	11
107	11
108	11
109	11
110	11
111	8
112	8
113	8
114	11
115	11
116	11
117	8
118	11
119	8
120	11
121	8
122	11
123	11
124	8
125	8
126	8
127	11
128	8
129	9
130	9
131	3
132	9
133	9
134	9
135	3
136	9
137	9
138	9
139	3
140	9
141	9
142	9
143	9
144	9
145	9
146	9
147	9
148	9
149	9
150	9
151	9
152	9
153	9
154	3
155	3
156	3
157	9
158	9
159	9
160	9
161	9
162	9
163	9
164	9
165	9
166	1
167	1
168	1
169	1
170	1
171	1
172	1
173	1
174	1
175	1
176	1
177	1
178	1
179	1
180	1
181	1
182	1
183	2
184	2
185	2
186	2
187	2
188	2
189	2
190	2
191	2
192	2
193	2
194	2
195	2
196	2
197	2
198	2
199	2
200	2
201	2
202	2
203	2
204	2
205	2
206	2
207	2
208	6
209	6
210	6
211	6
212	6
213	6
214	6
215	6
216	6
217	6
218	6
219	6
220	6
221	6
222	6
223	6
224	6
225	6
226	10
227	10
228	10
229	10
230	10
231	10
232	10
233	10
234	10
235	10
236	6
237	6
238	6
239	6
240	6
241	6
242	6
243	6
244	6
245	6
246	6
247	6
248	2
249	2
250	2
251	2
252	2
253	2
254	2
255	2
256	2
257	2
258	2
259	2
260	2
261	10
262	10
263	10
264	10
265	10
266	10
267	10
268	10
269	10
270	10
271	10
272	10
273	10
274	10
275	10
276	10
277	10
278	10
279	10
280	10
281	10
282	10
283	10
284	10
285	10
286	10
287	10
288	10
289	10
290	10
291	10
292	10
293	10
294	10
295	10
296	10
297	10
298	10
299	10
300	10
301	10
302	2
303	2
304	2
305	2
306	13
307	9
308	13
309	13
310	9
311	13
312	13
313	13
314	13
316	8
317	8
318	8
319	8
320	8
321	8
322	8
323	8
324	8
325	8
326	8
327	8
328	8
329	8
330	8
331	13
332	13
333	13
334	13
335	13
336	13
337	8
338	8
339	8
340	13
341	13
342	13
343	13
344	13
345	13
346	13
347	13
348	13
349	13
350	9
351	13
352	13
353	9
354	9
355	9
356	9
357	9
358	9
359	9
360	9
361	9
362	9
363	9
364	9
365	9
366	9
367	9
368	9
369	9
370	13
371	9
372	9
373	13
374	13
375	9
376	9
377	9
378	9
379	9
380	9
381	9
382	13
383	13
384	13
385	13
386	9
387	13
388	13
389	8
390	8
391	8
392	8
393	8
394	9
395	9
396	13
397	9
398	8
399	8
400	8
401	8
402	8
403	6
404	6
405	6
406	6
407	3
408	3
409	7
410	7
411	7
412	7
413	7
414	7
415	7
416	7
417	7
418	7
419	7
420	7
421	7
422	7
423	7
424	7
425	1
426	1
427	1
428	1
429	1
430	1
431	1
432	1
433	7
434	7
435	7
436	7
437	7
438	7
439	7
440	7
441	7
442	7
443	7
444	7
445	7
446	1
447	1
448	1
449	1
450	1
451	7
452	7
453	7
454	1
455	1
456	1
457	7
458	7
459	7
460	7
461	7
462	7
463	1
464	1
465	1
466	1
467	1
468	1
469	1
470	1
471	1
472	1
473	7
474	7
475	10
476	10
477	10
478	10
479	10
480	10
481	10
482	10
483	10
484	6
485	6
486	10
487	10
488	10
489	10
490	10
491	10
492	10
493	10
494	10
495	10
496	10
497	10
498	6
499	10
500	10
501	10
502	6
503	10
504	10
505	10
506	3
507	6
508	6
509	6
510	6
511	6
512	6
513	6
514	6
515	6
516	6
517	6
518	6
519	3
520	6
521	6
522	12
523	12
524	12
525	12
526	7
527	7
528	12
529	12
530	12
531	12
532	12
533	12
534	12
535	12
536	12
537	12
538	7
539	7
540	7
541	7
542	7
543	7
544	7
545	7
546	7
547	7
548	7
549	7
550	7
551	7
552	7
553	7
554	7
555	7
556	2
557	7
558	2
559	6
560	6
561	6
562	6
563	6
564	6
565	2
566	7
567	7
568	7
569	7
570	12
571	12
572	12
573	12
574	12
575	12
576	12
577	12
578	12
579	12
580	12
581	7
582	7
583	7
584	7
585	2
586	7
587	6
588	10
589	10
590	10
591	10
592	6
593	6
594	10
595	6
596	10
597	6
598	10
599	6
600	6
601	6
602	6
603	2
604	2
605	2
606	2
607	2
608	2
609	2
610	2
611	2
612	2
613	2
614	2
615	2
616	2
617	6
618	6
619	6
620	10
621	10
622	10
623	10
624	10
625	10
626	6
627	10
628	6
629	6
630	6
631	6
632	6
633	10
634	10
635	6
636	6
637	6
638	10
639	2
640	2
641	2
642	2
643	2
644	2
645	2
646	2
647	2
648	2
649	2
650	2
651	2
652	2
653	2
654	2
655	2
656	2
657	1
658	1
659	10
660	10
661	7
662	7
663	7
664	7
665	7
666	7
667	7
668	7
669	7
670	9
671	9
672	9
673	9
674	9
675	9
676	9
677	9
678	9
679	9
680	7
681	7
682	7
683	7
684	7
685	7
686	7
687	7
688	7
689	7
690	7
691	7
692	7
693	7
694	7
695	7
696	7
697	9
698	9
699	9
700	9
701	9
702	9
703	9
704	9
705	9
706	9
707	9
708	9
709	9
710	9
711	9
712	9
713	9
714	7
715	7
716	6
717	6
718	9
719	9
720	9
721	6
722	6
723	6
724	6
725	6
726	6
727	6
728	6
729	6
730	6
731	6
732	8
733	8
734	8
735	8
736	8
737	1
738	1
739	1
740	1
741	1
742	1
743	1
744	1
745	8
746	8
747	8
748	8
749	8
750	8
751	8
752	8
753	8
754	8
755	8
756	8
757	8
758	8
759	8
760	8
761	8
762	8
763	8
764	8
765	8
766	1
767	1
768	1
769	1
770	8
771	8
772	1
773	1
774	1
775	1
776	1
777	1
778	1
779	1
780	1
781	1
782	1
783	1
784	1
785	6
786	1
787	1
788	1
789	1
790	1
791	6
792	6
793	6
794	6
795	6
796	6
797	6
798	6
799	6
800	6
801	1
802	1
803	1
804	1
805	6
806	6
807	6
808	1
809	1
810	1
811	4
812	4
813	4
814	4
815	4
816	4
817	4
818	4
819	4
820	4
821	4
822	4
823	4
824	4
825	4
826	4
827	4
828	4
829	4
830	4
831	4
832	4
833	4
834	4
835	4
836	4
837	4
838	4
839	4
840	4
841	4
842	4
843	4
844	4
845	4
846	4
847	4
848	4
849	4
850	4
851	4
852	4
853	4
854	4
855	4
856	4
857	4
858	2
859	2
860	2
861	2
862	2
863	2
864	2
865	2
866	2
867	2
868	2
869	2
870	2
871	4
872	4
873	4
874	4
875	4
876	4
877	4
878	4
879	4
880	4
881	4
882	4
883	4
884	4
885	4
886	4
887	4
888	4
889	4
890	4
891	4
892	4
893	4
894	4
895	4
896	4
897	4
898	4
899	4
900	4
901	4
902	4
903	4
904	4
905	4
906	4
907	4
908	4
909	4
910	4
911	4
912	8
913	4
914	4
915	4
916	4
917	4
918	4
919	4
920	4
921	4
922	4
923	4
924	4
925	4
926	4
927	4
928	4
929	4
930	4
931	4
932	4
933	4
934	4
935	4
936	4
937	4
938	4
939	4
940	4
941	4
942	4
943	4
944	4
945	8
946	4
947	4
948	4
949	4
950	4
951	4
952	4
953	4
954	4
955	4
956	8
957	4
958	4
959	4
960	4
961	4
962	4
963	4
964	4
965	4
966	4
967	4
968	4
969	4
970	4
971	4
972	4
973	4
974	4
975	4
976	4
977	4
978	4
979	4
980	4
981	4
982	13
983	4
984	13
985	1
986	1
987	1
988	1
989	1
990	1
991	1
992	1
993	1
994	1
995	1
996	1
997	1
998	1
999	1
1000	1
1001	1
1002	1
1003	1
1004	1
1005	1
1006	1
1007	13
1008	4
1009	1
1010	13
1011	4
1012	4
1013	4
1014	13
1015	4
1016	13
1017	13
1018	4
1019	4
1020	13
1021	13
1022	13
1023	13
1024	13
1025	13
1026	13
1027	13
1028	13
1029	4
1030	13
1031	4
1032	13
1033	4
1034	13
1035	13
1036	13
1037	13
1038	13
1039	4
1040	13
1041	13
1042	13
1043	13
1044	4
1045	13
1046	13
1047	13
1048	4
1049	4
1050	13
1051	4
1052	4
1053	13
1054	13
1055	13
1056	13
1057	13
1058	13
1059	13
1060	13
1061	13
1062	4
1063	13
1064	13
1065	13
1066	13
1067	13
1068	13
1069	13
1070	13
1071	13
1072	13
1073	13
1074	13
1075	2
1076	2
1077	2
1078	2
1079	2
1080	2
1081	2
1082	2
1083	2
1084	2
1085	2
1086	2
1087	10
1088	10
1089	10
1090	10
1091	10
1092	10
1093	10
1094	6
1095	6
1096	6
1097	6
1098	6
1099	6
1100	6
1101	6
1102	6
1103	6
1104	6
1105	6
1106	6
1107	13
1108	13
1109	13
1110	13
1111	13
1112	13
1113	13
1114	13
1115	13
1116	13
1117	13
1118	13
1119	13
1120	13
1121	13
1122	13
1123	13
1124	13
1125	13
1126	13
1127	13
1128	13
1129	13
1130	13
1131	13
1132	13
1133	13
1134	13
1135	13
1136	13
1137	13
1138	13
1139	13
1140	13
1141	13
1142	13
1143	13
1144	13
1145	13
1146	13
1147	13
1148	13
1149	13
1150	13
1151	13
1152	13
1153	13
1154	6
1155	6
1156	6
1157	6
1158	6
1159	6
1160	6
1161	6
1162	6
1163	6
1164	6
1165	6
1166	6
1167	6
1168	6
1169	4
1170	13
1171	4
1172	4
1173	13
1174	13
1175	13
1176	4
1177	4
1178	4
1179	4
1180	4
1181	4
1182	4
1183	4
1184	4
1185	4
1186	13
1187	13
1188	4
1189	13
1190	4
1191	13
1192	4
1193	4
1194	4
1195	4
1196	13
1197	4
1198	13
1199	4
1200	8
1201	8
1202	8
1203	8
1204	8
1205	8
1206	8
1207	8
1208	8
1209	8
1210	8
1211	8
1212	8
1213	8
1214	8
1215	8
1216	8
1217	8
1218	8
1219	8
1220	8
1221	8
1222	8
1223	8
1224	8
1225	8
1226	8
1227	8
1228	8
1229	8
1230	8
1231	8
1232	8
1233	8
1234	8
1235	8
1236	8
1237	8
1238	8
1239	8
1240	10
1241	10
1242	10
1243	10
1244	10
1245	10
1246	10
1247	10
1248	10
1249	10
1250	10
1251	10
1252	10
1253	2
1254	2
1255	2
1256	2
1257	2
1258	10
1259	10
1260	10
1261	10
1262	10
1263	10
1264	2
1265	2
1266	2
1267	2
1268	2
1269	7
1270	2
1271	2
1272	2
1273	2
1274	7
1275	7
1276	2
1277	7
1278	6
1279	6
1280	6
1281	10
1282	10
1283	10
1284	7
1285	2
1286	2
1287	7
1288	3
1289	6
1290	6
1291	6
1292	3
1293	6
1294	3
1295	3
1296	6
1297	3
1298	6
1299	3
1300	6
1301	3
1302	3
1303	2
1304	2
1305	2
1306	2
1307	2
1308	2
1309	2
1310	2
1311	2
1312	2
1313	2
1314	4
1315	4
1316	4
1317	4
1318	4
1319	4
1320	4
1321	4
1322	4
1323	4
1324	4
1325	4
1326	4
1327	4
1328	4
1329	4
1330	4
1331	4
1332	4
1333	4
1334	4
1335	4
1336	13
1337	4
1338	4
1339	4
1340	13
1341	13
1342	4
1343	4
1344	13
1345	4
1346	2
1347	2
1348	2
1349	2
1350	2
1351	2
1352	2
1353	2
1354	2
1355	2
1356	2
1357	2
1358	2
1359	2
1360	2
1361	2
1362	2
1363	8
1364	8
1365	8
1366	8
1367	8
1368	8
1369	8
1370	8
1371	8
1372	8
1373	8
1374	8
1375	8
1376	8
1377	8
1378	8
1379	8
1380	8
1381	6
1382	6
1383	6
1384	6
1385	6
1386	6
1387	6
1388	6
1389	6
1390	6
1391	6
1392	6
1393	6
1394	6
1395	6
1396	6
1397	7
1398	2
1399	7
1400	2
1401	7
1402	2
1403	2
1404	7
1405	2
1406	2
1407	2
1408	2
1409	7
1410	7
1411	2
1412	2
1413	7
1414	7
1415	7
1416	7
1417	7
1418	7
1419	7
1420	7
1421	2
1422	7
1423	7
1424	7
1425	7
1426	7
1427	7
1428	12
1429	12
1430	12
1431	12
1432	12
1433	12
1434	12
1435	12
1436	12
1437	12
1438	12
1439	12
1440	12
1441	8
1442	8
1443	8
1444	8
1445	8
1446	8
1447	8
1448	8
1449	8
1450	8
1451	8
1452	8
1453	8
1454	8
1455	12
1456	12
1457	12
1458	12
1459	12
1460	12
1461	12
1462	12
1463	12
1464	12
1465	6
1466	6
1467	6
1468	6
1469	3
1470	6
1471	6
1472	6
1473	3
1474	6
1475	6
1476	3
1477	6
1478	6
1479	6
1480	6
1481	6
1482	6
1483	6
1484	6
1485	6
1486	6
1487	3
1488	6
1489	8
1490	8
1491	8
1492	8
1493	8
1494	8
1495	8
1496	8
1497	8
1498	8
1499	8
1500	8
1501	7
1502	7
1503	7
1504	7
1505	7
1506	7
1507	7
1508	7
1509	7
1510	7
1511	7
1512	7
1513	7
1514	7
1515	7
1516	7
1517	7
1518	7
1519	7
1520	7
1521	7
1522	7
1523	7
1524	7
1525	7
1526	7
1527	7
1528	7
1529	1
1530	1
1531	1
1532	1
1533	1
1534	1
1535	1
1536	1
1537	1
1538	1
1539	1
1540	1
1541	1
1542	1
1543	1
1544	1
1545	1
1546	1
1547	1
1548	1
1549	1
1550	1
1551	1
1552	12
1553	12
1554	12
1555	12
1556	12
1557	12
1558	12
1559	12
1560	12
1561	12
1562	12
1563	12
1564	12
1565	12
1566	12
1567	12
1568	12
1569	12
1570	12
1571	12
1572	12
1573	12
1574	12
1575	12
1576	8
1577	8
1578	8
1579	8
1580	8
1581	8
1582	8
1583	8
1584	8
1585	8
1586	8
1587	8
1588	8
1589	8
1590	8
1591	8
1592	8
1593	2
1594	2
1595	2
1596	2
1597	2
1598	2
1599	2
1600	2
1601	2
1602	12
1603	12
1604	12
1605	12
1606	12
1607	12
1608	12
1609	12
1610	12
1611	12
1612	12
1613	12
1614	12
1615	12
1616	12
1617	12
1618	6
1619	6
1620	6
1621	6
1622	6
1623	6
1624	6
1625	6
1626	6
1627	6
1628	6
1629	8
1630	8
1631	8
1632	8
1633	8
1634	8
1635	8
1636	8
1637	8
1638	8
1639	8
1640	8
1641	8
1642	8
1643	8
1644	6
1645	6
1646	6
1647	6
1648	6
1649	8
1650	8
1651	8
1652	8
1653	8
1654	8
1655	8
1656	8
1658	8
1659	8
1660	8
1661	8
1662	8
1663	8
1664	8
1665	8
1666	8
1667	8
1668	8
1669	8
1670	8
1671	8
1672	8
1673	6
1674	8
1675	8
1676	8
1677	6
1678	10
1679	10
1680	10
1681	10
1682	10
1683	10
1684	10
1685	7
1686	7
1687	7
1688	7
1689	7
1690	7
1691	7
1692	7
1693	7
1694	7
1695	7
1696	7
1697	7
1698	7
1699	7
1700	7
1701	11
1702	11
1703	11
1704	11
1705	7
1706	7
1707	7
1708	7
1709	11
1710	7
1711	7
1712	7
1713	6
1714	6
1715	6
1716	6
1717	6
1718	6
1719	6
1720	6
1721	6
1722	6
1723	6
1724	6
1725	7
1726	11
1727	7
1728	6
1729	7
1730	7
1731	7
1732	7
1733	7
1734	7
1735	7
1736	11
1737	11
1738	11
1739	11
1740	11
1741	7
1742	5
1743	5
1744	5
1745	5
1746	7
1747	5
1748	5
1749	5
1750	5
1751	5
1752	5
1753	5
1754	5
1755	7
1756	5
1757	6
1758	6
1759	6
1760	6
1761	7
1762	5
1763	5
1764	5
1765	5
1766	5
1767	5
1768	5
1769	5
1770	5
1771	5
1772	5
1773	7
1774	6
1775	6
1776	6
1777	6
1778	6
1779	6
1780	6
1781	6
1782	6
1783	6
1784	6
1785	6
1786	6
1787	5
1788	5
1789	5
1790	5
1791	5
1792	5
1793	5
1794	5
1795	6
1796	6
1797	6
1798	6
1799	5
1800	7
1801	7
1802	5
1803	5
1804	5
1805	5
1806	5
1807	5
1808	5
1809	11
1810	11
1811	11
1812	11
1813	11
1814	11
1815	11
1816	11
1817	11
1818	11
1819	11
1820	11
1821	11
1822	11
1823	11
1824	11
1825	11
1826	11
1827	11
1828	11
1829	11
1830	6
1831	6
1832	6
1833	6
1834	6
1835	11
1836	11
1837	6
1838	11
1839	11
1840	8
1841	8
1842	8
1843	8
1844	8
1845	11
1846	11
1847	11
1848	11
1849	11
1850	11
1851	11
1852	11
1853	11
1854	11
1855	11
1856	11
1857	6
1858	6
1859	6
1860	6
1861	6
1862	6
1863	11
1864	11
1865	11
1866	11
1867	11
1868	11
1869	11
1870	11
1871	11
1872	10
1873	10
1874	10
1875	10
1876	10
1877	10
1878	10
1879	10
1880	10
1881	10
1882	10
1883	10
1884	10
1885	10
1886	10
1887	10
1888	10
1889	10
1890	10
1891	10
1892	10
1893	10
1894	10
1895	2
1896	2
1897	2
1898	6
1899	6
1900	6
1901	6
1902	13
1903	13
1904	2
1905	2
1906	2
1907	2
1908	2
1909	2
1910	2
1911	2
1912	2
1913	2
1914	2
1915	2
1916	6
1917	6
1918	6
1919	6
1920	13
1921	6
1922	13
1923	13
1924	2
1925	2
1926	2
1927	2
1928	2
1929	2
1930	2
1931	2
1932	2
1933	2
1934	2
1935	2
1936	2
1937	2
1938	2
1939	2
1940	2
1941	2
1942	2
1943	2
1944	2
1945	2
1946	2
1947	2
1948	2
1949	2
1950	2
1951	2
1952	2
1953	2
1954	2
1955	2
1956	2
1957	2
1958	2
1959	2
1960	2
1961	2
1962	2
1963	2
1964	2
1965	2
1966	2
1967	2
1968	2
1969	2
1970	2
1971	2
1972	2
1973	2
1974	2
1975	2
1976	1
1977	1
1978	1
1979	1
1980	1
1981	1
1982	1
1983	1
1984	1
1985	1
1986	1
1987	1
1988	1
1989	1
1990	1
1991	1
1992	1
1993	1
1994	1
1995	1
1996	1
1997	1
1998	1
1999	1
2000	1
2001	1
2002	1
2003	1
2004	1
2005	1
2006	1
2007	1
2008	1
2009	1
2010	1
2011	1
2012	1
2013	1
2014	1
2015	1
2016	1
2017	10
2018	10
2019	10
2020	10
2021	10
2022	10
2023	10
2024	1
2025	10
2026	10
2027	10
2028	10
2029	10
2030	1
2031	1
2032	1
2033	1
2034	1
2035	10
2036	10
2037	10
2038	6
2039	6
2040	6
2041	6
2042	6
2043	10
2044	10
2045	10
2046	10
2047	10
2048	6
2049	6
2050	10
2051	10
2052	10
2053	10
2054	10
2055	10
2056	10
2057	10
2058	12
2059	12
2060	12
2061	12
2062	12
2063	12
2064	12
2065	12
2066	12
2067	12
2068	10
2069	10
2070	10
2071	6
2072	10
2073	6
2074	10
2075	10
2076	10
2077	6
2078	6
2079	10
2080	6
2081	10
2082	6
2083	10
2084	10
2085	10
2086	10
2087	10
2088	10
2089	8
2090	8
2091	8
2092	8
2093	8
2094	8
2095	8
2096	7
2097	7
2098	7
2099	7
2100	7
2101	7
2102	7
2103	7
2104	7
2105	7
2106	7
2107	7
2108	7
2109	7
2110	7
2111	7
2112	7
2113	5
2114	5
2115	5
2116	5
2117	5
2118	11
2119	11
2120	5
2121	5
2122	11
2123	11
2124	10
2125	5
2126	5
2127	5
2128	5
2129	5
2130	11
2131	5
2132	5
2133	11
2134	5
2135	5
2136	11
2137	11
2138	11
2139	5
2140	11
2141	11
2142	11
2143	11
2144	11
2145	11
2146	11
2147	11
2148	11
2149	11
2150	5
2151	5
2152	5
2153	5
2154	5
2155	5
2156	11
2157	5
2158	5
2159	11
2160	5
2161	5
2162	5
2163	5
2164	11
2165	11
2166	5
2167	11
2168	5
2169	5
2170	5
2171	5
2172	5
2173	5
2174	11
2175	11
2176	11
2177	11
2178	5
2179	5
2180	11
2181	11
2182	5
2183	5
2184	5
2185	5
2186	5
2187	5
2188	11
2189	5
2190	5
2191	11
2192	5
2193	5
2194	11
2195	5
2196	11
2197	11
2198	5
2199	11
2200	11
2201	11
2202	11
2203	5
2204	5
2205	5
2206	5
2207	5
2208	11
2209	5
2210	5
2211	5
2212	5
2213	5
2214	11
2215	11
2216	11
2217	5
2218	5
2219	5
2220	5
2221	11
2222	11
2223	11
2224	5
2225	5
2226	5
2227	5
2228	11
2229	11
2230	11
2231	11
2232	5
2233	11
2234	11
2235	5
2236	11
2237	11
2238	11
2239	5
2240	5
2241	11
2242	11
2243	11
2244	11
2245	11
2246	5
2247	11
2248	11
2249	5
2250	5
2251	5
2252	5
2253	11
2254	11
2255	11
2256	11
2257	5
2258	11
2259	5
2260	5
2261	11
2262	5
2263	5
2264	5
2265	5
2266	11
2267	5
2268	11
2269	11
2270	11
2271	5
2272	5
2273	5
2274	5
2275	5
2276	5
2277	11
2278	11
2279	11
2280	5
2281	5
2282	11
2283	11
2284	10
2285	10
2286	5
2287	5
2288	5
2289	5
2290	5
2291	5
2292	5
2293	5
2294	5
2295	5
2296	5
2297	11
2298	11
2299	11
2300	11
2301	5
2302	11
2303	11
2304	11
2305	5
2306	5
2307	5
2308	5
2309	10
2310	10
2311	10
2312	13
2313	13
2314	13
2315	13
2316	13
2317	13
2318	13
2319	13
2320	13
2321	13
2322	13
2323	13
2324	13
2325	13
2326	13
2327	13
2328	13
2329	13
2330	2
2331	2
2332	2
2333	2
2334	2
2335	2
2336	2
2337	2
2338	2
2339	2
2340	2
2341	2
2342	2
2343	2
2344	2
2345	2
2346	13
2347	13
2348	13
2349	13
2350	13
2351	13
2352	13
2353	13
2354	13
2355	13
2356	13
2357	13
2358	13
2359	13
2360	13
2361	13
2362	13
2363	13
2364	13
2365	13
2366	12
2367	12
2368	12
2369	12
2370	12
2371	12
2372	12
2373	12
2374	12
2375	12
2376	12
2377	12
2378	12
2379	12
2380	12
2381	12
2382	12
2383	12
2384	12
2385	12
2386	12
2387	12
2388	12
2389	12
2390	12
2391	12
2392	12
2393	12
2394	12
2395	12
2396	12
2397	12
2398	12
2399	12
2400	12
2401	12
2402	12
2403	12
2404	12
2405	12
2406	12
2407	12
2408	12
2409	12
2410	12
2411	12
2412	12
2413	12
2414	12
2415	3
2416	3
2417	3
2418	3
2419	3
2420	3
2421	3
2422	3
2423	3
2424	3
2425	3
2426	3
2427	3
2428	3
2429	3
2430	3
2431	3
2432	3
2433	3
2434	3
2435	3
2436	3
2437	3
2438	3
2439	3
2440	3
2441	3
2442	3
2443	3
2444	3
2445	3
2446	3
2447	3
2448	3
2449	9
2450	9
2451	9
2452	9
2453	9
2454	9
2455	3
2456	9
2457	9
2458	9
2459	3
2460	3
2461	3
2462	3
2463	9
2464	3
2465	3
2466	3
2467	3
2468	3
2469	9
2470	3
2471	9
2472	3
2473	3
2474	3
2475	3
2476	9
2477	9
2478	3
2479	9
2480	3
2481	3
2482	3
2483	3
2484	3
2485	9
2486	9
2487	9
2488	9
2489	9
2490	9
2491	9
2492	9
2493	9
2494	9
2495	9
2496	3
2497	3
2498	3
2499	3
2500	3
2501	9
2502	3
2503	3
2504	3
2505	3
2506	3
2507	3
2508	3
2509	3
2510	3
2511	3
2512	3
2513	3
2514	3
2515	3
2516	9
2517	3
2518	9
2519	3
2520	3
2521	9
2522	3
2523	3
2524	3
2525	3
2526	3
2527	3
2528	3
2529	3
2530	3
2531	3
2532	3
2533	3
2534	3
2535	3
2536	3
2537	3
2538	3
2539	9
2540	3
2541	9
2542	3
2543	3
2544	9
2545	9
2546	9
2547	3
2548	3
2549	3
2550	3
2551	9
2552	3
2553	3
2554	9
2555	9
2556	9
2557	9
2558	3
2559	3
2560	3
2561	3
2562	3
2563	3
2564	3
2565	3
2566	3
2567	3
2568	3
2569	3
2570	3
2571	3
2572	3
2573	3
2574	3
2575	9
2576	9
2577	9
2578	9
2579	9
2580	9
2581	3
2582	3
2583	9
2584	9
2585	3
2586	3
2587	3
2588	3
2589	3
2590	3
2591	3
2592	3
2593	3
2594	3
2595	3
2596	3
2597	3
2598	3
2599	3
2600	3
2601	3
2602	3
2603	3
2604	3
2605	3
2606	10
2607	10
2608	10
2609	10
2610	10
2611	10
2612	10
2613	10
2614	10
2615	10
2616	10
2617	10
2618	10
2619	10
2620	10
2621	10
2622	10
2623	10
2624	10
2625	10
2626	10
2627	10
2628	10
2629	10
2630	10
2631	10
2632	10
2633	10
2634	10
2635	10
2636	10
2637	10
2638	10
2639	10
2640	1
2641	1
2642	12
2643	12
2644	12
2645	1
2646	1
2647	1
2648	1
2649	12
2650	12
2651	1
2652	1
2653	1
2654	1
2655	1
2656	12
2657	1
2658	1
2659	12
2660	12
2661	1
2662	1
2663	12
2664	1
2665	12
2666	1
2667	1
2668	12
2669	12
2670	1
2671	12
2672	12
2673	12
2674	1
2675	1
2676	1
2677	1
2678	1
2679	12
2680	1
2681	12
2682	12
2683	12
2684	12
2685	12
2686	12
2687	12
2688	2
2689	2
2690	2
2691	2
315	8
1657	8
