0	12
1	12
2	12
3	12
4	12
5	12
6	12
7	3
8	4
9	4
10	4
11	4
12	4
13	4
14	4
15	4
16	4
17	4
18	4
19	4
20	4
21	5
22	5
23	5
24	5
25	5
26	5
27	5
28	5
29	2
30	2
31	2
32	2
33	2
34	2
35	2
36	2
37	2
38	2
39	2
40	2
41	2
42	2
43	2
44	2
45	2
46	2
47	2
48	2
49	2
50	2
51	2
52	2
53	9
54	9
55	9
56	9
57	9
58	2
59	2
60	2
61	2
62	2
63	2
64	2
65	9
66	9
67	9
68	9
69	9
70	9
71	5
72	5
73	5
74	5
75	2
76	2
77	2
78	2
79	2
80	2
81	2
82	2
83	1
84	1
85	1
86	1
87	1
88	1
89	1
90	1
91	1
92	1
93	1
94	1
95	1
96	4
97	4
98	4
99	4
100	4
101	4
102	4
103	4
104	4
105	4
106	4
107	4
108	4
109	4
110	4
111	4
112	4
113	4
114	4
115	4
116	4
117	4
118	4
119	4
120	4
121	4
122	4
123	4
124	4
125	4
126	4
127	4
128	4
129	6
130	6
131	11
132	6
133	6
134	6
135	11
136	6
137	6
138	6
139	11
140	6
141	6
142	6
143	6
144	6
145	6
146	6
147	6
148	6
149	6
150	6
151	6
152	6
153	6
154	11
155	11
156	11
157	6
158	6
159	6
160	6
161	6
162	6
163	6
164	6
165	6
166	1
167	1
168	1
169	6
170	6
171	6
172	6
173	1
174	6
175	1
176	1
177	1
178	1
179	1
180	6
181	6
182	6
183	2
184	2
185	2
186	2
187	2
188	2
189	2
190	2
191	2
192	2
193	2
194	2
195	2
196	2
197	2
198	2
199	2
200	2
201	2
202	2
203	2
204	2
205	2
206	2
207	2
208	5
209	5
210	5
211	5
212	5
213	5
214	5
215	5
216	5
217	5
218	5
219	5
220	5
221	5
222	5
223	5
224	5
225	5
226	5
227	5
228	5
229	5
230	5
231	5
232	5
233	5
234	5
235	5
236	5
237	5
238	5
239	5
240	5
241	5
242	5
243	5
244	5
245	5
246	5
247	5
248	2
249	2
250	2
251	2
252	2
253	2
254	2
255	2
256	2
257	2
258	2
259	2
260	2
261	13
262	13
263	13
264	13
265	13
266	13
267	13
268	13
269	13
270	13
271	13
272	13
273	13
274	13
275	13
276	13
277	13
278	13
279	13
280	13
281	13
282	13
283	13
284	13
285	13
286	13
287	13
288	13
289	13
290	13
291	13
292	13
293	13
294	13
295	13
296	13
297	13
298	13
299	13
300	13
301	13
302	2
303	2
304	2
305	2
306	10
307	9
308	9
309	10
310	10
311	10
312	9
313	9
314	10
316	8
317	8
318	8
319	8
320	8
321	8
322	8
323	8
324	8
325	8
326	8
327	8
328	8
329	8
330	8
331	9
332	9
333	9
334	9
335	9
336	10
337	8
338	8
339	8
340	9
341	9
342	9
343	10
344	9
345	9
346	9
347	10
348	9
349	9
350	9
351	9
352	9
353	9
354	9
355	9
356	10
357	10
358	10
359	10
360	10
361	10
362	10
363	10
364	10
365	10
366	10
367	10
368	10
369	10
370	9
371	9
372	9
373	10
374	10
375	9
376	9
377	9
378	9
379	9
380	9
381	9
382	9
383	9
384	9
385	9
386	9
387	9
388	9
389	8
390	8
391	8
392	8
393	8
394	9
395	9
396	9
397	10
398	8
399	8
400	8
401	8
402	8
403	5
404	5
405	5
406	5
407	5
408	5
409	4
410	12
411	4
412	4
413	12
414	12
415	12
416	4
417	12
418	4
419	4
420	12
421	12
422	12
423	4
424	12
425	6
426	6
427	6
428	6
429	6
430	6
431	6
432	6
433	4
434	12
435	12
436	4
437	12
438	12
439	12
440	12
441	12
442	4
443	12
444	4
445	4
446	6
447	6
448	6
449	6
450	6
451	12
452	4
453	12
454	6
455	6
456	6
457	12
458	4
459	12
460	12
461	12
462	12
463	6
464	6
465	6
466	6
467	6
468	6
469	6
470	6
471	6
472	6
473	4
474	4
475	13
476	13
477	6
478	6
479	6
480	6
481	6
482	6
483	6
484	5
485	5
486	6
487	6
488	6
489	13
490	13
491	13
492	13
493	13
494	13
495	6
496	6
497	6
498	5
499	6
500	6
501	6
502	5
503	6
504	6
505	6
506	5
507	5
508	5
509	5
510	5
511	5
512	5
513	5
514	5
515	5
516	5
517	5
518	5
519	5
520	5
521	5
522	3
523	3
524	3
525	3
526	12
527	12
528	3
529	3
530	3
531	3
532	3
533	3
534	3
535	3
536	3
537	3
538	2
539	12
540	2
541	12
542	12
543	12
544	12
545	12
546	12
547	12
548	12
549	2
550	2
551	2
552	2
553	12
554	12
555	2
556	2
557	2
558	2
559	13
560	13
561	13
562	13
563	13
564	13
565	2
566	12
567	2
568	12
569	12
570	7
571	7
572	7
573	7
574	7
575	7
576	7
577	7
578	7
579	7
580	7
581	12
582	12
583	12
584	12
585	12
586	12
587	13
588	13
589	13
590	13
591	13
592	5
593	5
594	13
595	5
596	13
597	5
598	13
599	5
600	5
601	5
602	5
603	2
604	2
605	2
606	2
607	2
608	2
609	2
610	2
611	2
612	2
613	2
614	2
615	2
616	2
617	5
618	13
619	5
620	13
621	13
622	13
623	13
624	13
625	13
626	13
627	13
628	5
629	5
630	5
631	5
632	13
633	13
634	13
635	13
636	13
637	13
638	13
639	2
640	2
641	2
642	2
643	2
644	2
645	2
646	2
647	2
648	2
649	2
650	2
651	2
652	2
653	2
654	2
655	2
656	2
657	6
658	6
659	6
660	6
661	12
662	12
663	12
664	12
665	12
666	12
667	12
668	12
669	12
670	5
671	5
672	6
673	6
674	6
675	5
676	6
677	6
678	6
679	6
680	12
681	12
682	12
683	12
684	12
685	12
686	12
687	12
688	12
689	12
690	12
691	12
692	12
693	12
694	12
695	12
696	12
697	5
698	6
699	6
700	5
701	5
702	5
703	5
704	6
705	5
706	6
707	5
708	5
709	6
710	5
711	5
712	5
713	5
714	12
715	12
716	13
717	13
718	5
719	5
720	6
721	13
722	13
723	13
724	13
725	13
726	13
727	13
728	13
729	13
730	13
731	13
732	4
733	4
734	4
735	4
736	4
737	6
738	6
739	6
740	6
741	6
742	6
743	6
744	6
745	4
746	4
747	4
748	4
749	4
750	4
751	4
752	4
753	4
754	4
755	4
756	4
757	4
758	4
759	4
760	4
761	4
762	4
763	4
764	4
765	4
766	6
767	6
768	6
769	6
770	4
771	4
772	6
773	6
774	6
775	6
776	6
777	6
778	6
779	6
780	6
781	6
782	6
783	6
784	6
785	5
786	6
787	6
788	6
789	6
790	6
791	5
792	5
793	5
794	5
795	5
796	5
797	5
798	5
799	5
800	5
801	6
802	6
803	6
804	6
805	5
806	5
807	5
808	6
809	6
810	6
811	9
812	8
813	9
814	8
815	8
816	8
817	8
818	8
819	8
820	8
821	9
822	8
823	8
824	8
825	8
826	8
827	8
828	8
829	8
830	9
831	9
832	9
833	9
834	8
835	8
836	9
837	8
838	9
839	9
840	8
841	9
842	8
843	8
844	8
845	8
846	8
847	8
848	8
849	8
850	8
851	8
852	9
853	9
854	8
855	8
856	8
857	8
858	2
859	2
860	2
861	2
862	2
863	2
864	2
865	2
866	2
867	2
868	2
869	2
870	2
871	9
872	9
873	9
874	9
875	8
876	8
877	8
878	8
879	8
880	8
881	8
882	9
883	8
884	9
885	8
886	9
887	8
888	8
889	8
890	8
891	8
892	8
893	8
894	8
895	8
896	8
897	8
898	8
899	8
900	8
901	8
902	8
903	8
904	8
905	8
906	9
907	8
908	8
909	8
910	8
911	8
912	8
913	8
914	8
915	8
916	9
917	8
918	8
919	8
920	8
921	8
922	8
923	8
924	8
925	8
926	9
927	8
928	8
929	8
930	8
931	8
932	8
933	8
934	8
935	8
936	8
937	9
938	8
939	8
940	8
941	8
942	8
943	8
944	8
945	8
946	9
947	8
948	8
949	8
950	8
951	8
952	8
953	8
954	8
955	8
956	8
957	8
958	8
959	8
960	8
961	8
962	8
963	8
964	8
965	8
966	8
967	8
968	8
969	8
970	9
971	9
972	8
973	8
974	8
975	8
976	8
977	8
978	8
979	8
980	8
981	8
982	8
983	8
984	4
985	6
986	1
987	1
988	6
989	1
990	6
991	1
992	6
993	6
994	6
995	6
996	6
997	6
998	6
999	6
1000	6
1001	6
1002	6
1003	6
1004	6
1005	1
1006	1
1007	4
1008	4
1009	1
1010	4
1011	8
1012	8
1013	8
1014	8
1015	8
1016	8
1017	4
1018	8
1019	8
1020	4
1021	4
1022	4
1023	4
1024	4
1025	8
1026	8
1027	4
1028	8
1029	8
1030	8
1031	8
1032	8
1033	8
1034	8
1035	4
1036	4
1037	4
1038	8
1039	8
1040	8
1041	4
1042	4
1043	8
1044	8
1045	8
1046	8
1047	4
1048	8
1049	8
1050	4
1051	8
1052	8
1053	8
1054	4
1055	4
1056	4
1057	4
1058	4
1059	8
1060	4
1061	4
1062	8
1063	4
1064	8
1065	4
1066	4
1067	4
1068	4
1069	8
1070	4
1071	8
1072	8
1073	8
1074	8
1075	2
1076	2
1077	2
1078	2
1079	2
1080	2
1081	2
1082	2
1083	2
1084	2
1085	2
1086	2
1087	13
1088	13
1089	13
1090	13
1091	13
1092	13
1093	13
1094	5
1095	5
1096	5
1097	5
1098	5
1099	5
1100	5
1101	5
1102	5
1103	5
1104	5
1105	5
1106	5
1107	10
1108	10
1109	10
1110	10
1111	10
1112	10
1113	10
1114	9
1115	10
1116	10
1117	10
1118	9
1119	10
1120	10
1121	10
1122	9
1123	10
1124	9
1125	9
1126	10
1127	10
1128	10
1129	10
1130	10
1131	9
1132	10
1133	9
1134	10
1135	10
1136	9
1137	10
1138	10
1139	10
1140	10
1141	10
1142	10
1143	10
1144	10
1145	10
1146	9
1147	9
1148	10
1149	10
1150	10
1151	10
1152	10
1153	10
1154	5
1155	5
1156	5
1157	5
1158	5
1159	5
1160	5
1161	5
1162	5
1163	5
1164	5
1165	5
1166	5
1167	5
1168	5
1169	8
1170	4
1171	8
1172	8
1173	4
1174	4
1175	4
1176	8
1177	8
1178	8
1179	8
1180	8
1181	8
1182	8
1183	8
1184	4
1185	8
1186	4
1187	8
1188	8
1189	8
1190	4
1191	4
1192	8
1193	8
1194	4
1195	8
1196	4
1197	8
1198	4
1199	8
1200	1
1201	1
1202	1
1203	1
1204	1
1205	1
1206	1
1207	1
1208	1
1209	1
1210	1
1211	1
1212	1
1213	1
1214	1
1215	1
1216	1
1217	1
1218	1
1219	1
1220	1
1221	1
1222	1
1223	1
1224	1
1225	1
1226	1
1227	1
1228	1
1229	1
1230	1
1231	1
1232	1
1233	1
1234	1
1235	1
1236	1
1237	1
1238	1
1239	1
1240	13
1241	13
1242	13
1243	5
1244	13
1245	13
1246	13
1247	13
1248	5
1249	5
1250	5
1251	5
1252	5
1253	2
1254	2
1255	2
1256	2
1257	2
1258	5
1259	5
1260	5
1261	5
1262	13
1263	13
1264	2
1265	2
1266	2
1267	2
1268	2
1269	2
1270	2
1271	2
1272	2
1273	2
1274	2
1275	2
1276	2
1277	2
1278	5
1279	5
1280	5
1281	5
1282	13
1283	13
1284	2
1285	2
1286	2
1287	2
1288	5
1289	5
1290	5
1291	5
1292	5
1293	5
1294	5
1295	5
1296	5
1297	5
1298	5
1299	5
1300	5
1301	5
1302	5
1303	2
1304	2
1305	2
1306	2
1307	2
1308	2
1309	2
1310	2
1311	2
1312	2
1313	2
1314	10
1315	10
1316	10
1317	10
1318	10
1319	10
1320	10
1321	10
1322	10
1323	10
1324	10
1325	10
1326	10
1327	10
1328	10
1329	10
1330	10
1331	10
1332	10
1333	10
1334	10
1335	9
1336	10
1337	10
1338	10
1339	9
1340	9
1341	10
1342	9
1343	10
1344	10
1345	10
1346	2
1347	2
1348	2
1349	2
1350	2
1351	2
1352	2
1353	2
1354	2
1355	2
1356	2
1357	2
1358	2
1359	2
1360	2
1361	2
1362	2
1363	10
1364	10
1365	10
1366	10
1367	10
1368	10
1369	10
1370	10
1371	10
1372	10
1373	10
1374	10
1375	10
1376	10
1377	10
1378	10
1379	10
1380	10
1381	5
1382	5
1383	5
1384	5
1385	5
1386	5
1387	5
1388	5
1389	5
1390	5
1391	5
1392	5
1393	5
1394	5
1395	5
1396	5
1397	12
1398	2
1399	2
1400	2
1401	2
1402	2
1403	2
1404	12
1405	2
1406	2
1407	2
1408	2
1409	2
1410	2
1411	2
1412	2
1413	2
1414	2
1415	2
1416	2
1417	2
1418	12
1419	2
1420	12
1421	2
1422	12
1423	2
1424	2
1425	12
1426	12
1427	2
1428	3
1429	3
1430	3
1431	3
1432	3
1433	3
1434	3
1435	3
1436	3
1437	3
1438	3
1439	3
1440	3
1441	4
1442	4
1443	4
1444	4
1445	4
1446	4
1447	4
1448	4
1449	4
1450	4
1451	4
1452	4
1453	4
1454	4
1455	3
1456	3
1457	3
1458	3
1459	3
1460	3
1461	3
1462	3
1463	3
1464	3
1465	5
1466	5
1467	5
1468	5
1469	5
1470	5
1471	5
1472	5
1473	5
1474	5
1475	5
1476	5
1477	5
1478	5
1479	5
1480	5
1481	5
1482	5
1483	5
1484	5
1485	5
1486	5
1487	5
1488	5
1489	8
1490	8
1491	8
1492	8
1493	8
1494	8
1495	8
1496	8
1497	8
1498	8
1499	8
1500	8
1501	12
1502	12
1503	12
1504	12
1505	12
1506	12
1507	12
1508	12
1509	12
1510	12
1511	12
1512	12
1513	12
1514	12
1515	12
1516	12
1517	12
1518	12
1519	12
1520	12
1521	12
1522	12
1523	12
1524	12
1525	12
1526	12
1527	12
1528	12
1529	6
1530	6
1531	6
1532	6
1533	6
1534	6
1535	6
1536	6
1537	6
1538	6
1539	6
1540	6
1541	6
1542	6
1543	6
1544	6
1545	6
1546	6
1547	6
1548	6
1549	6
1550	6
1551	6
1552	1
1553	1
1554	1
1555	1
1556	1
1557	1
1558	1
1559	1
1560	1
1561	1
1562	1
1563	1
1564	1
1565	1
1566	1
1567	1
1568	1
1569	1
1570	1
1571	1
1572	1
1573	1
1574	1
1575	1
1576	4
1577	4
1578	4
1579	4
1580	4
1581	4
1582	4
1583	4
1584	4
1585	4
1586	4
1587	4
1588	4
1589	4
1590	4
1591	4
1592	4
1593	2
1594	2
1595	2
1596	2
1597	2
1598	2
1599	2
1600	2
1601	2
1602	3
1603	3
1604	3
1605	3
1606	3
1607	3
1608	3
1609	3
1610	3
1611	3
1612	3
1613	3
1614	3
1615	3
1616	3
1617	3
1618	5
1619	5
1620	5
1621	5
1622	5
1623	5
1624	5
1625	5
1626	5
1627	5
1628	5
1629	1
1630	4
1631	4
1632	4
1633	1
1634	1
1635	1
1636	4
1637	1
1638	1
1639	1
1640	1
1641	1
1642	1
1643	1
1644	5
1645	5
1646	5
1647	5
1648	5
1649	1
1650	1
1651	1
1652	1
1653	1
1654	1
1655	1
1656	1
1658	1
1659	1
1660	4
1661	1
1662	1
1663	1
1664	1
1665	1
1666	4
1667	4
1668	4
1669	1
1670	1
1671	1
1672	1
1673	5
1674	1
1675	1
1676	1
1677	5
1678	13
1679	13
1680	13
1681	13
1682	13
1683	13
1684	13
1685	4
1686	4
1687	4
1688	4
1689	4
1690	4
1691	4
1692	4
1693	4
1694	4
1695	4
1696	4
1697	4
1698	4
1699	4
1700	4
1701	4
1702	4
1703	3
1704	3
1705	4
1706	4
1707	4
1708	4
1709	4
1710	4
1711	4
1712	4
1713	5
1714	5
1715	5
1716	5
1717	5
1718	5
1719	5
1720	5
1721	5
1722	5
1723	5
1724	5
1725	4
1726	4
1727	4
1728	5
1729	4
1730	4
1731	4
1732	4
1733	4
1734	4
1735	4
1736	4
1737	4
1738	4
1739	4
1740	4
1741	4
1742	12
1743	12
1744	12
1745	12
1746	12
1747	12
1748	12
1749	12
1750	12
1751	12
1752	12
1753	12
1754	12
1755	12
1756	12
1757	5
1758	5
1759	5
1760	5
1761	12
1762	12
1763	12
1764	12
1765	12
1766	12
1767	12
1768	12
1769	12
1770	12
1771	12
1772	12
1773	12
1774	5
1775	5
1776	5
1777	5
1778	5
1779	5
1780	5
1781	5
1782	5
1783	5
1784	5
1785	5
1786	5
1787	12
1788	12
1789	12
1790	12
1791	12
1792	12
1793	12
1794	12
1795	5
1796	5
1797	5
1798	5
1799	12
1800	12
1801	12
1802	12
1803	12
1804	12
1805	12
1806	12
1807	12
1808	12
1809	3
1810	3
1811	3
1812	3
1813	3
1814	3
1815	3
1816	3
1817	3
1818	3
1819	3
1820	3
1821	3
1822	3
1823	3
1824	3
1825	3
1826	3
1827	3
1828	3
1829	3
1830	13
1831	13
1832	13
1833	13
1834	13
1835	3
1836	3
1837	13
1838	3
1839	3
1840	10
1841	10
1842	10
1843	10
1844	10
1845	3
1846	3
1847	3
1848	3
1849	3
1850	3
1851	3
1852	3
1853	3
1854	3
1855	3
1856	3
1857	13
1858	13
1859	13
1860	13
1861	13
1862	13
1863	3
1864	3
1865	3
1866	3
1867	3
1868	3
1869	3
1870	3
1871	3
1872	13
1873	13
1874	13
1875	13
1876	13
1877	13
1878	13
1879	13
1880	13
1881	13
1882	13
1883	13
1884	13
1885	13
1886	13
1887	13
1888	13
1889	13
1890	13
1891	13
1892	13
1893	13
1894	13
1895	12
1896	12
1897	12
1898	9
1899	9
1900	9
1901	9
1902	9
1903	9
1904	2
1905	2
1906	2
1907	2
1908	12
1909	2
1910	2
1911	12
1912	2
1913	2
1914	2
1915	2
1916	9
1917	9
1918	9
1919	9
1920	9
1921	9
1922	9
1923	9
1924	12
1925	12
1926	2
1927	2
1928	12
1929	2
1930	12
1931	2
1932	12
1933	2
1934	2
1935	2
1936	2
1937	12
1938	2
1939	2
1940	12
1941	12
1942	2
1943	2
1944	2
1945	2
1946	2
1947	2
1948	2
1949	2
1950	2
1951	12
1952	12
1953	2
1954	2
1955	2
1956	12
1957	12
1958	2
1959	12
1960	2
1961	2
1962	2
1963	2
1964	2
1965	12
1966	2
1967	2
1968	2
1969	2
1970	12
1971	2
1972	12
1973	2
1974	12
1975	2
1976	1
1977	1
1978	1
1979	1
1980	1
1981	1
1982	1
1983	1
1984	1
1985	1
1986	1
1987	1
1988	1
1989	1
1990	1
1991	1
1992	1
1993	1
1994	1
1995	1
1996	1
1997	1
1998	1
1999	1
2000	1
2001	1
2002	1
2003	1
2004	1
2005	1
2006	1
2007	1
2008	1
2009	1
2010	1
2011	1
2012	1
2013	1
2014	1
2015	1
2016	1
2017	13
2018	13
2019	13
2020	13
2021	13
2022	13
2023	13
2024	6
2025	13
2026	13
2027	13
2028	13
2029	13
2030	6
2031	6
2032	6
2033	6
2034	6
2035	6
2036	6
2037	6
2038	13
2039	13
2040	13
2041	13
2042	13
2043	13
2044	13
2045	13
2046	6
2047	6
2048	13
2049	13
2050	13
2051	6
2052	6
2053	6
2054	6
2055	6
2056	6
2057	6
2058	1
2059	1
2060	1
2061	1
2062	1
2063	1
2064	1
2065	1
2066	1
2067	1
2068	13
2069	13
2070	13
2071	13
2072	13
2073	13
2074	13
2075	13
2076	13
2077	13
2078	13
2079	13
2080	13
2081	13
2082	13
2083	13
2084	13
2085	13
2086	13
2087	13
2088	13
2089	4
2090	4
2091	4
2092	4
2093	4
2094	4
2095	4
2096	12
2097	12
2098	12
2099	12
2100	12
2101	12
2102	12
2103	12
2104	12
2105	12
2106	12
2107	12
2108	12
2109	12
2110	12
2111	12
2112	12
2113	3
2114	7
2115	7
2116	7
2117	7
2118	3
2119	3
2120	7
2121	7
2122	3
2123	3
2124	13
2125	7
2126	7
2127	7
2128	7
2129	7
2130	3
2131	7
2132	7
2133	3
2134	7
2135	7
2136	7
2137	3
2138	3
2139	3
2140	3
2141	3
2142	3
2143	3
2144	3
2145	7
2146	3
2147	3
2148	7
2149	3
2150	7
2151	3
2152	7
2153	7
2154	3
2155	3
2156	3
2157	3
2158	7
2159	3
2160	7
2161	7
2162	3
2163	3
2164	3
2165	3
2166	7
2167	3
2168	3
2169	7
2170	7
2171	3
2172	7
2173	7
2174	3
2175	3
2176	3
2177	3
2178	7
2179	7
2180	3
2181	3
2182	7
2183	7
2184	7
2185	7
2186	7
2187	7
2188	3
2189	7
2190	7
2191	7
2192	7
2193	7
2194	3
2195	3
2196	3
2197	3
2198	7
2199	3
2200	7
2201	3
2202	3
2203	3
2204	7
2205	7
2206	7
2207	7
2208	7
2209	7
2210	7
2211	3
2212	3
2213	7
2214	7
2215	3
2216	3
2217	7
2218	7
2219	7
2220	7
2221	7
2222	3
2223	3
2224	7
2225	7
2226	7
2227	7
2228	3
2229	3
2230	3
2231	3
2232	7
2233	3
2234	3
2235	7
2236	7
2237	3
2238	3
2239	7
2240	7
2241	3
2242	3
2243	3
2244	3
2245	3
2246	3
2247	3
2248	3
2249	7
2250	7
2251	7
2252	7
2253	3
2254	3
2255	3
2256	3
2257	7
2258	3
2259	7
2260	7
2261	3
2262	3
2263	7
2264	7
2265	3
2266	3
2267	7
2268	7
2269	3
2270	3
2271	7
2272	7
2273	7
2274	7
2275	7
2276	7
2277	3
2278	3
2279	3
2280	7
2281	7
2282	3
2283	3
2284	13
2285	13
2286	3
2287	3
2288	7
2289	7
2290	7
2291	7
2292	7
2293	7
2294	7
2295	7
2296	7
2297	3
2298	3
2299	3
2300	3
2301	7
2302	3
2303	3
2304	3
2305	7
2306	7
2307	7
2308	7
2309	13
2310	13
2311	13
2312	9
2313	9
2314	9
2315	9
2316	9
2317	9
2318	9
2319	9
2320	9
2321	9
2322	9
2323	9
2324	9
2325	9
2326	9
2327	9
2328	9
2329	9
2330	2
2331	2
2332	2
2333	2
2334	2
2335	2
2336	2
2337	2
2338	2
2339	2
2340	2
2341	2
2342	2
2343	2
2344	2
2345	2
2346	9
2347	9
2348	9
2349	9
2350	8
2351	9
2352	8
2353	9
2354	9
2355	9
2356	9
2357	9
2358	9
2359	8
2360	8
2361	9
2362	9
2363	9
2364	9
2365	9
2366	7
2367	7
2368	7
2369	7
2370	7
2371	7
2372	7
2373	7
2374	7
2375	7
2376	7
2377	7
2378	7
2379	7
2380	7
2381	7
2382	7
2383	7
2384	7
2385	7
2386	7
2387	7
2388	7
2389	7
2390	7
2391	7
2392	7
2393	7
2394	7
2395	7
2396	7
2397	7
2398	7
2399	7
2400	7
2401	7
2402	7
2403	7
2404	7
2405	7
2406	7
2407	7
2408	7
2409	7
2410	7
2411	7
2412	7
2413	7
2414	7
2415	9
2416	9
2417	9
2418	9
2419	11
2420	11
2421	11
2422	11
2423	9
2424	11
2425	9
2426	11
2427	11
2428	11
2429	11
2430	11
2431	11
2432	11
2433	9
2434	11
2435	9
2436	9
2437	11
2438	11
2439	11
2440	11
2441	11
2442	11
2443	11
2444	9
2445	11
2446	11
2447	11
2448	9
2449	11
2450	11
2451	11
2452	11
2453	11
2454	9
2455	9
2456	9
2457	9
2458	9
2459	9
2460	11
2461	11
2462	9
2463	9
2464	9
2465	11
2466	11
2467	9
2468	11
2469	9
2470	11
2471	9
2472	11
2473	11
2474	11
2475	11
2476	11
2477	9
2478	9
2479	11
2480	11
2481	9
2482	11
2483	11
2484	11
2485	11
2486	11
2487	9
2488	11
2489	11
2490	11
2491	11
2492	9
2493	11
2494	9
2495	11
2496	11
2497	11
2498	11
2499	11
2500	11
2501	11
2502	11
2503	9
2504	11
2505	11
2506	9
2507	9
2508	11
2509	11
2510	11
2511	11
2512	11
2513	11
2514	11
2515	11
2516	11
2517	11
2518	11
2519	11
2520	11
2521	11
2522	11
2523	11
2524	11
2525	11
2526	11
2527	11
2528	11
2529	11
2530	11
2531	11
2532	11
2533	11
2534	11
2535	11
2536	11
2537	11
2538	11
2539	11
2540	11
2541	11
2542	11
2543	11
2544	11
2545	11
2546	11
2547	11
2548	11
2549	11
2550	11
2551	11
2552	11
2553	11
2554	11
2555	11
2556	11
2557	11
2558	11
2559	9
2560	11
2561	11
2562	11
2563	11
2564	11
2565	11
2566	11
2567	11
2568	11
2569	11
2570	11
2571	11
2572	11
2573	11
2574	11
2575	11
2576	11
2577	11
2578	11
2579	11
2580	11
2581	11
2582	11
2583	11
2584	11
2585	9
2586	9
2587	11
2588	11
2589	11
2590	11
2591	11
2592	11
2593	11
2594	9
2595	9
2596	9
2597	9
2598	9
2599	9
2600	11
2601	11
2602	11
2603	11
2604	11
2605	11
2606	13
2607	13
2608	13
2609	13
2610	13
2611	13
2612	13
2613	13
2614	13
2615	13
2616	13
2617	13
2618	13
2619	13
2620	13
2621	13
2622	13
2623	13
2624	13
2625	13
2626	13
2627	13
2628	13
2629	13
2630	13
2631	13
2632	13
2633	13
2634	13
2635	13
2636	13
2637	13
2638	13
2639	13
2640	10
2641	10
2642	1
2643	1
2644	1
2645	10
2646	10
2647	10
2648	10
2649	1
2650	1
2651	10
2652	10
2653	10
2654	10
2655	10
2656	1
2657	1
2658	1
2659	10
2660	1
2661	1
2662	1
2663	10
2664	10
2665	10
2666	10
2667	10
2668	10
2669	10
2670	10
2671	10
2672	1
2673	10
2674	1
2675	1
2676	10
2677	10
2678	1
2679	10
2680	10
2681	10
2682	10
2683	10
2684	10
2685	10
2686	10
2687	10
2688	2
2689	2
2690	2
2691	2
315	8
1657	1
