0	5
1	5
2	5
3	5
4	5
5	5
6	5
7	11
8	11
9	11
10	11
11	11
12	11
13	11
14	11
15	11
16	11
17	11
18	4
19	4
20	8
21	12
22	12
23	12
24	12
25	12
26	12
27	12
28	12
29	4
30	4
31	4
32	4
33	4
34	4
35	4
36	4
37	4
38	4
39	4
40	4
41	4
42	4
43	4
44	4
45	4
46	4
47	4
48	4
49	4
50	4
51	4
52	4
53	6
54	6
55	6
56	6
57	6
58	4
59	4
60	4
61	4
62	4
63	4
64	4
65	6
66	6
67	6
68	6
69	6
70	6
71	12
72	12
73	12
74	12
75	4
76	4
77	4
78	4
79	4
80	4
81	4
82	4
83	1
84	1
85	1
86	1
87	1
88	1
89	1
90	1
91	1
92	1
93	1
94	1
95	1
96	11
97	11
98	11
99	11
100	11
101	11
102	11
103	11
104	11
105	11
106	11
107	11
108	11
109	11
110	11
111	11
112	11
113	11
114	11
115	11
116	11
117	11
118	11
119	11
120	11
121	11
122	11
123	11
124	11
125	11
126	11
127	11
128	11
129	10
130	10
131	10
132	10
133	10
134	10
135	10
136	10
137	10
138	10
139	10
140	10
141	10
142	10
143	10
144	10
145	10
146	10
147	10
148	10
149	10
150	10
151	10
152	10
153	10
154	10
155	10
156	10
157	10
158	10
159	10
160	10
161	10
162	10
163	10
164	10
165	10
166	3
167	3
168	3
169	3
170	3
171	3
172	3
173	3
174	3
175	3
176	3
177	3
178	3
179	3
180	3
181	3
182	3
183	5
184	5
185	5
186	5
187	5
188	5
189	5
190	5
191	5
192	5
193	5
194	5
195	5
196	5
197	5
198	5
199	5
200	5
201	5
202	5
203	5
204	5
205	5
206	5
207	5
208	9
209	9
210	9
211	9
212	9
213	9
214	9
215	9
216	9
217	9
218	9
219	9
220	9
221	9
222	9
223	9
224	9
225	9
226	9
227	9
228	9
229	9
230	9
231	9
232	9
233	9
234	9
235	9
236	9
237	9
238	9
239	9
240	9
241	9
242	9
243	9
244	9
245	9
246	9
247	9
248	5
249	5
250	5
251	5
252	5
253	5
254	5
255	5
256	5
257	5
258	5
259	5
260	5
261	12
262	12
263	12
264	12
265	12
266	12
267	12
268	12
269	12
270	12
271	12
272	12
273	12
274	12
275	12
276	12
277	12
278	12
279	12
280	12
281	12
282	12
283	12
284	12
285	12
286	12
287	12
288	12
289	12
290	12
291	12
292	12
293	12
294	12
295	12
296	12
297	12
298	12
299	12
300	12
301	12
302	5
303	5
304	5
305	5
306	6
307	2
308	6
309	6
310	6
311	6
312	6
313	6
314	6
316	4
317	4
318	4
319	4
320	4
321	4
322	4
323	4
324	4
325	4
326	4
327	4
328	4
329	4
330	4
331	2
332	6
333	6
334	6
335	6
336	6
337	4
338	4
339	4
340	6
341	6
342	6
343	6
344	2
345	2
346	2
347	6
348	2
349	6
350	6
351	2
352	2
353	2
354	2
355	2
356	1
357	10
358	1
359	10
360	10
361	1
362	10
363	10
364	1
365	1
366	10
367	1
368	10
369	6
370	2
371	2
372	6
373	6
374	6
375	6
376	6
377	6
378	6
379	6
380	6
381	2
382	2
383	6
384	6
385	6
386	6
387	6
388	6
389	4
390	4
391	4
392	4
393	4
394	6
395	6
396	2
397	6
398	4
399	4
400	4
401	4
402	4
403	9
404	9
405	9
406	9
407	9
408	9
409	7
410	7
411	7
412	7
413	4
414	4
415	7
416	7
417	4
418	4
419	4
420	7
421	4
422	7
423	4
424	7
425	3
426	3
427	3
428	3
429	3
430	3
431	3
432	3
433	4
434	7
435	7
436	4
437	4
438	7
439	7
440	7
441	7
442	7
443	4
444	4
445	7
446	3
447	3
448	3
449	3
450	3
451	4
452	7
453	7
454	3
455	3
456	3
457	4
458	7
459	7
460	7
461	4
462	4
463	3
464	3
465	3
466	3
467	3
468	3
469	3
470	3
471	3
472	3
473	4
474	7
475	12
476	12
477	3
478	3
479	3
480	3
481	3
482	3
483	3
484	9
485	9
486	3
487	3
488	3
489	12
490	12
491	12
492	12
493	12
494	12
495	3
496	3
497	3
498	9
499	3
500	3
501	3
502	9
503	3
504	3
505	3
506	9
507	9
508	9
509	9
510	9
511	9
512	9
513	9
514	9
515	9
516	9
517	9
518	9
519	9
520	9
521	9
522	1
523	1
524	1
525	1
526	5
527	5
528	1
529	1
530	1
531	1
532	1
533	1
534	1
535	1
536	1
537	1
538	5
539	5
540	5
541	5
542	5
543	5
544	5
545	5
546	5
547	5
548	5
549	5
550	5
551	5
552	5
553	5
554	5
555	5
556	5
557	5
558	5
559	12
560	12
561	12
562	12
563	12
564	12
565	5
566	5
567	5
568	5
569	5
570	1
571	1
572	1
573	1
574	1
575	1
576	1
577	1
578	1
579	1
580	1
581	5
582	5
583	5
584	5
585	5
586	5
587	9
588	9
589	9
590	9
591	9
592	9
593	9
594	9
595	9
596	9
597	9
598	9
599	9
600	9
601	9
602	9
603	5
604	5
605	5
606	5
607	5
608	5
609	5
610	5
611	5
612	5
613	5
614	5
615	5
616	5
617	9
618	9
619	9
620	9
621	9
622	9
623	9
624	9
625	9
626	9
627	9
628	9
629	9
630	9
631	9
632	9
633	9
634	9
635	9
636	9
637	9
638	9
639	5
640	5
641	5
642	5
643	5
644	5
645	5
646	5
647	5
648	5
649	5
650	5
651	5
652	5
653	5
654	5
655	5
656	5
657	12
658	3
659	12
660	12
661	7
662	7
663	7
664	7
665	7
666	7
667	7
668	8
669	8
670	9
671	9
672	10
673	9
674	9
675	9
676	9
677	10
678	10
679	10
680	7
681	7
682	7
683	7
684	7
685	7
686	7
687	7
688	7
689	7
690	7
691	7
692	7
693	7
694	7
695	7
696	7
697	9
698	9
699	9
700	9
701	9
702	9
703	9
704	10
705	9
706	10
707	9
708	9
709	10
710	9
711	9
712	9
713	9
714	7
715	7
716	12
717	12
718	9
719	9
720	9
721	12
722	12
723	12
724	12
725	12
726	12
727	12
728	12
729	12
730	12
731	12
732	4
733	4
734	4
735	4
736	4
737	3
738	3
739	3
740	3
741	3
742	3
743	12
744	12
745	4
746	4
747	4
748	4
749	4
750	4
751	4
752	4
753	4
754	4
755	4
756	4
757	4
758	4
759	4
760	4
761	4
762	4
763	4
764	4
765	4
766	12
767	3
768	12
769	3
770	4
771	4
772	12
773	12
774	12
775	3
776	3
777	12
778	3
779	3
780	3
781	3
782	3
783	3
784	3
785	9
786	3
787	3
788	12
789	3
790	12
791	9
792	9
793	9
794	9
795	9
796	9
797	9
798	9
799	9
800	9
801	3
802	12
803	3
804	12
805	9
806	9
807	9
808	3
809	12
810	3
811	13
812	13
813	13
814	13
815	13
816	13
817	13
818	13
819	13
820	13
821	13
822	13
823	13
824	13
825	13
826	13
827	13
828	13
829	13
830	13
831	13
832	13
833	13
834	13
835	13
836	13
837	13
838	13
839	13
840	13
841	13
842	13
843	13
844	13
845	13
846	13
847	13
848	13
849	13
850	13
851	13
852	13
853	13
854	13
855	13
856	13
857	13
858	5
859	5
860	5
861	5
862	5
863	5
864	5
865	5
866	5
867	5
868	5
869	5
870	5
871	13
872	13
873	13
874	13
875	13
876	13
877	13
878	13
879	13
880	13
881	13
882	13
883	13
884	13
885	13
886	13
887	13
888	13
889	13
890	13
891	13
892	13
893	13
894	13
895	13
896	13
897	13
898	13
899	13
900	13
901	13
902	13
903	13
904	13
905	13
906	13
907	13
908	13
909	13
910	13
911	13
912	13
913	13
914	13
915	13
916	13
917	13
918	13
919	13
920	13
921	13
922	13
923	13
924	13
925	13
926	13
927	13
928	13
929	13
930	13
931	13
932	13
933	13
934	13
935	13
936	13
937	13
938	13
939	13
940	13
941	13
942	13
943	13
944	13
945	13
946	13
947	13
948	13
949	13
950	13
951	13
952	13
953	13
954	13
955	13
956	13
957	13
958	13
959	13
960	13
961	13
962	13
963	13
964	13
965	13
966	13
967	13
968	13
969	13
970	13
971	13
972	13
973	13
974	13
975	13
976	13
977	13
978	13
979	13
980	13
981	13
982	11
983	13
984	11
985	10
986	10
987	10
988	3
989	10
990	10
991	10
992	3
993	10
994	10
995	10
996	10
997	10
998	10
999	10
1000	3
1001	3
1002	3
1003	10
1004	10
1005	10
1006	10
1007	11
1008	11
1009	10
1010	11
1011	13
1012	13
1013	13
1014	11
1015	13
1016	11
1017	11
1018	13
1019	13
1020	11
1021	11
1022	11
1023	11
1024	11
1025	11
1026	11
1027	11
1028	13
1029	13
1030	11
1031	13
1032	11
1033	13
1034	11
1035	11
1036	11
1037	11
1038	11
1039	13
1040	11
1041	11
1042	11
1043	11
1044	13
1045	13
1046	11
1047	11
1048	13
1049	13
1050	11
1051	13
1052	11
1053	11
1054	11
1055	11
1056	11
1057	11
1058	11
1059	11
1060	11
1061	11
1062	13
1063	11
1064	11
1065	11
1066	11
1067	11
1068	11
1069	11
1070	11
1071	13
1072	11
1073	11
1074	11
1075	5
1076	5
1077	5
1078	5
1079	5
1080	5
1081	5
1082	5
1083	5
1084	5
1085	5
1086	5
1087	12
1088	12
1089	12
1090	12
1091	12
1092	12
1093	12
1094	12
1095	12
1096	12
1097	12
1098	12
1099	12
1100	12
1101	12
1102	12
1103	12
1104	12
1105	12
1106	12
1107	6
1108	6
1109	6
1110	6
1111	6
1112	6
1113	6
1114	6
1115	6
1116	6
1117	6
1118	6
1119	6
1120	6
1121	6
1122	6
1123	6
1124	6
1125	6
1126	6
1127	6
1128	6
1129	6
1130	6
1131	6
1132	6
1133	6
1134	6
1135	6
1136	6
1137	6
1138	6
1139	6
1140	6
1141	6
1142	6
1143	6
1144	6
1145	6
1146	6
1147	6
1148	6
1149	6
1150	6
1151	6
1152	6
1153	6
1154	2
1155	2
1156	2
1157	2
1158	2
1159	2
1160	2
1161	2
1162	2
1163	2
1164	2
1165	2
1166	2
1167	2
1168	2
1169	13
1170	11
1171	13
1172	13
1173	11
1174	11
1175	11
1176	13
1177	13
1178	13
1179	13
1180	13
1181	13
1182	13
1183	13
1184	11
1185	13
1186	11
1187	11
1188	13
1189	11
1190	11
1191	11
1192	13
1193	11
1194	11
1195	11
1196	11
1197	13
1198	11
1199	13
1200	6
1201	6
1202	6
1203	6
1204	6
1205	6
1206	6
1207	6
1208	6
1209	6
1210	6
1211	6
1212	6
1213	6
1214	6
1215	6
1216	6
1217	6
1218	6
1219	6
1220	6
1221	6
1222	6
1223	6
1224	6
1225	6
1226	6
1227	6
1228	6
1229	6
1230	6
1231	6
1232	6
1233	6
1234	6
1235	6
1236	6
1237	6
1238	6
1239	6
1240	9
1241	9
1242	9
1243	9
1244	9
1245	9
1246	9
1247	9
1248	9
1249	9
1250	9
1251	9
1252	9
1253	4
1254	4
1255	4
1256	4
1257	4
1258	9
1259	9
1260	9
1261	9
1262	9
1263	9
1264	4
1265	4
1266	4
1267	4
1268	4
1269	4
1270	4
1271	4
1272	4
1273	4
1274	4
1275	4
1276	4
1277	4
1278	2
1279	9
1280	9
1281	9
1282	9
1283	9
1284	4
1285	4
1286	4
1287	4
1288	2
1289	2
1290	2
1291	9
1292	9
1293	9
1294	2
1295	9
1296	9
1297	9
1298	9
1299	2
1300	9
1301	9
1302	2
1303	4
1304	4
1305	4
1306	4
1307	4
1308	4
1309	4
1310	4
1311	4
1312	4
1313	4
1314	13
1315	13
1316	13
1317	13
1318	13
1319	13
1320	13
1321	13
1322	13
1323	13
1324	13
1325	13
1326	13
1327	6
1328	13
1329	13
1330	13
1331	6
1332	6
1333	13
1334	13
1335	13
1336	6
1337	13
1338	13
1339	13
1340	13
1341	6
1342	13
1343	13
1344	6
1345	13
1346	4
1347	4
1348	4
1349	4
1350	4
1351	4
1352	4
1353	4
1354	4
1355	4
1356	4
1357	4
1358	4
1359	4
1360	4
1361	4
1362	4
1363	6
1364	6
1365	6
1366	6
1367	6
1368	6
1369	6
1370	6
1371	6
1372	6
1373	6
1374	6
1375	6
1376	6
1377	6
1378	6
1379	6
1380	6
1381	2
1382	2
1383	2
1384	2
1385	2
1386	2
1387	2
1388	2
1389	2
1390	2
1391	2
1392	2
1393	2
1394	2
1395	2
1396	2
1397	4
1398	4
1399	4
1400	4
1401	4
1402	4
1403	4
1404	4
1405	4
1406	4
1407	4
1408	4
1409	4
1410	4
1411	4
1412	4
1413	4
1414	4
1415	4
1416	4
1417	4
1418	4
1419	4
1420	4
1421	4
1422	4
1423	4
1424	4
1425	4
1426	4
1427	4
1428	1
1429	1
1430	1
1431	1
1432	1
1433	1
1434	1
1435	1
1436	1
1437	1
1438	1
1439	1
1440	1
1441	11
1442	11
1443	11
1444	11
1445	11
1446	11
1447	11
1448	11
1449	11
1450	11
1451	11
1452	11
1453	11
1454	11
1455	1
1456	1
1457	1
1458	1
1459	1
1460	1
1461	1
1462	1
1463	1
1464	1
1465	9
1466	9
1467	9
1468	9
1469	9
1470	9
1471	9
1472	9
1473	9
1474	9
1475	9
1476	9
1477	9
1478	9
1479	9
1480	9
1481	9
1482	9
1483	9
1484	9
1485	9
1486	9
1487	9
1488	9
1489	4
1490	4
1491	4
1492	4
1493	4
1494	4
1495	4
1496	4
1497	4
1498	4
1499	4
1500	4
1501	7
1502	5
1503	5
1504	7
1505	5
1506	7
1507	5
1508	5
1509	5
1510	7
1511	5
1512	5
1513	7
1514	7
1515	7
1516	5
1517	5
1518	5
1519	5
1520	7
1521	7
1522	5
1523	5
1524	5
1525	5
1526	5
1527	7
1528	7
1529	3
1530	3
1531	3
1532	3
1533	3
1534	3
1535	3
1536	3
1537	3
1538	3
1539	3
1540	3
1541	3
1542	3
1543	3
1544	3
1545	3
1546	3
1547	3
1548	3
1549	3
1550	3
1551	3
1552	1
1553	1
1554	1
1555	1
1556	1
1557	1
1558	1
1559	1
1560	1
1561	1
1562	1
1563	1
1564	1
1565	1
1566	1
1567	1
1568	1
1569	1
1570	1
1571	1
1572	1
1573	1
1574	1
1575	1
1576	4
1577	4
1578	4
1579	4
1580	4
1581	4
1582	4
1583	4
1584	4
1585	4
1586	4
1587	4
1588	4
1589	4
1590	4
1591	4
1592	4
1593	4
1594	4
1595	4
1596	4
1597	4
1598	4
1599	4
1600	4
1601	4
1602	1
1603	1
1604	1
1605	1
1606	1
1607	1
1608	1
1609	1
1610	1
1611	1
1612	1
1613	1
1614	1
1615	1
1616	1
1617	1
1618	9
1619	9
1620	9
1621	9
1622	9
1623	9
1624	9
1625	9
1626	9
1627	9
1628	9
1629	13
1630	11
1631	11
1632	11
1633	11
1634	11
1635	11
1636	11
1637	11
1638	11
1639	11
1640	11
1641	11
1642	11
1643	11
1644	9
1645	9
1646	9
1647	9
1648	9
1649	11
1650	11
1651	11
1652	11
1653	11
1654	11
1655	11
1656	11
1658	11
1659	11
1660	11
1661	11
1662	11
1663	11
1664	11
1665	11
1666	11
1667	11
1668	11
1669	11
1670	11
1671	11
1672	11
1673	9
1674	11
1675	11
1676	11
1677	9
1678	12
1679	12
1680	12
1681	12
1682	12
1683	12
1684	12
1685	4
1686	4
1687	4
1688	4
1689	4
1690	4
1691	4
1692	4
1693	4
1694	4
1695	4
1696	4
1697	4
1698	4
1699	4
1700	4
1701	8
1702	4
1703	8
1704	8
1705	4
1706	4
1707	4
1708	4
1709	8
1710	4
1711	4
1712	4
1713	9
1714	9
1715	9
1716	9
1717	9
1718	9
1719	9
1720	9
1721	9
1722	9
1723	9
1724	9
1725	4
1726	4
1727	4
1728	9
1729	4
1730	4
1731	4
1732	4
1733	4
1734	4
1735	4
1736	8
1737	8
1738	8
1739	8
1740	8
1741	4
1742	7
1743	7
1744	7
1745	7
1746	7
1747	7
1748	7
1749	7
1750	7
1751	7
1752	7
1753	7
1754	7
1755	7
1756	7
1757	9
1758	9
1759	9
1760	9
1761	7
1762	7
1763	7
1764	7
1765	7
1766	7
1767	7
1768	7
1769	7
1770	7
1771	7
1772	7
1773	7
1774	9
1775	9
1776	9
1777	9
1778	9
1779	9
1780	9
1781	9
1782	9
1783	9
1784	9
1785	9
1786	9
1787	7
1788	7
1789	7
1790	7
1791	7
1792	7
1793	7
1794	7
1795	9
1796	9
1797	9
1798	9
1799	7
1800	7
1801	7
1802	7
1803	7
1804	7
1805	7
1806	7
1807	7
1808	7
1809	11
1810	11
1811	11
1812	11
1813	11
1814	11
1815	11
1816	11
1817	11
1818	11
1819	11
1820	11
1821	11
1822	11
1823	11
1824	11
1825	11
1826	11
1827	11
1828	11
1829	11
1830	12
1831	12
1832	12
1833	12
1834	12
1835	11
1836	11
1837	12
1838	11
1839	11
1840	1
1841	1
1842	1
1843	1
1844	1
1845	11
1846	11
1847	11
1848	11
1849	11
1850	11
1851	11
1852	11
1853	11
1854	11
1855	11
1856	11
1857	12
1858	12
1859	9
1860	9
1861	9
1862	12
1863	11
1864	11
1865	11
1866	11
1867	11
1868	11
1869	11
1870	11
1871	11
1872	12
1873	12
1874	12
1875	12
1876	12
1877	12
1878	12
1879	12
1880	12
1881	12
1882	12
1883	12
1884	12
1885	12
1886	12
1887	12
1888	12
1889	12
1890	12
1891	12
1892	12
1893	12
1894	12
1895	5
1896	5
1897	5
1898	2
1899	2
1900	2
1901	2
1902	2
1903	2
1904	5
1905	5
1906	5
1907	5
1908	5
1909	5
1910	5
1911	5
1912	5
1913	5
1914	5
1915	5
1916	2
1917	2
1918	2
1919	2
1920	2
1921	2
1922	2
1923	2
1924	5
1925	5
1926	5
1927	5
1928	5
1929	5
1930	5
1931	5
1932	5
1933	5
1934	5
1935	5
1936	5
1937	5
1938	5
1939	5
1940	5
1941	5
1942	5
1943	5
1944	5
1945	5
1946	5
1947	5
1948	5
1949	5
1950	5
1951	5
1952	5
1953	5
1954	5
1955	5
1956	5
1957	5
1958	5
1959	5
1960	5
1961	5
1962	5
1963	5
1964	5
1965	5
1966	5
1967	5
1968	5
1969	5
1970	5
1971	5
1972	5
1973	5
1974	5
1975	5
1976	3
1977	3
1978	3
1979	3
1980	3
1981	3
1982	3
1983	3
1984	3
1985	3
1986	3
1987	3
1988	3
1989	3
1990	3
1991	3
1992	3
1993	3
1994	3
1995	3
1996	3
1997	3
1998	3
1999	3
2000	3
2001	3
2002	3
2003	3
2004	3
2005	3
2006	3
2007	3
2008	3
2009	3
2010	3
2011	3
2012	3
2013	3
2014	3
2015	3
2016	3
2017	12
2018	12
2019	12
2020	12
2021	12
2022	12
2023	12
2024	3
2025	12
2026	12
2027	12
2028	12
2029	12
2030	3
2031	3
2032	3
2033	3
2034	3
2035	3
2036	3
2037	12
2038	12
2039	12
2040	12
2041	12
2042	12
2043	12
2044	12
2045	12
2046	3
2047	3
2048	12
2049	12
2050	12
2051	3
2052	3
2053	12
2054	12
2055	3
2056	12
2057	3
2058	1
2059	1
2060	1
2061	1
2062	1
2063	1
2064	1
2065	1
2066	1
2067	1
2068	12
2069	12
2070	12
2071	12
2072	12
2073	12
2074	12
2075	12
2076	12
2077	12
2078	12
2079	12
2080	12
2081	12
2082	12
2083	12
2084	12
2085	12
2086	12
2087	12
2088	12
2089	4
2090	4
2091	4
2092	4
2093	4
2094	4
2095	4
2096	5
2097	5
2098	5
2099	5
2100	5
2101	5
2102	5
2103	5
2104	5
2105	5
2106	5
2107	5
2108	5
2109	5
2110	5
2111	5
2112	5
2113	8
2114	8
2115	8
2116	8
2117	8
2118	7
2119	7
2120	8
2121	8
2122	7
2123	7
2124	12
2125	8
2126	8
2127	8
2128	8
2129	8
2130	7
2131	8
2132	8
2133	7
2134	7
2135	8
2136	7
2137	7
2138	7
2139	8
2140	8
2141	8
2142	7
2143	7
2144	7
2145	8
2146	7
2147	7
2148	8
2149	7
2150	8
2151	8
2152	8
2153	8
2154	8
2155	8
2156	7
2157	7
2158	8
2159	7
2160	8
2161	8
2162	8
2163	8
2164	8
2165	8
2166	7
2167	8
2168	8
2169	8
2170	8
2171	8
2172	8
2173	8
2174	7
2175	7
2176	7
2177	7
2178	8
2179	8
2180	8
2181	8
2182	8
2183	8
2184	8
2185	8
2186	8
2187	8
2188	7
2189	8
2190	8
2191	8
2192	8
2193	8
2194	7
2195	7
2196	7
2197	7
2198	8
2199	7
2200	8
2201	8
2202	7
2203	7
2204	8
2205	8
2206	8
2207	8
2208	8
2209	8
2210	8
2211	8
2212	8
2213	8
2214	8
2215	7
2216	7
2217	8
2218	8
2219	8
2220	8
2221	8
2222	7
2223	7
2224	8
2225	8
2226	8
2227	8
2228	7
2229	7
2230	8
2231	8
2232	8
2233	7
2234	7
2235	8
2236	7
2237	7
2238	7
2239	8
2240	8
2241	7
2242	7
2243	7
2244	7
2245	7
2246	8
2247	8
2248	8
2249	8
2250	8
2251	8
2252	8
2253	7
2254	7
2255	7
2256	8
2257	8
2258	8
2259	8
2260	8
2261	8
2262	8
2263	8
2264	8
2265	8
2266	7
2267	8
2268	8
2269	7
2270	7
2271	7
2272	8
2273	7
2274	8
2275	8
2276	8
2277	7
2278	8
2279	7
2280	8
2281	8
2282	8
2283	8
2284	12
2285	12
2286	7
2287	8
2288	8
2289	8
2290	8
2291	8
2292	8
2293	8
2294	8
2295	8
2296	8
2297	7
2298	7
2299	7
2300	7
2301	8
2302	7
2303	8
2304	8
2305	8
2306	8
2307	8
2308	8
2309	12
2310	12
2311	12
2312	6
2313	6
2314	6
2315	6
2316	6
2317	6
2318	6
2319	6
2320	6
2321	6
2322	6
2323	6
2324	6
2325	6
2326	6
2327	6
2328	6
2329	6
2330	5
2331	5
2332	5
2333	5
2334	5
2335	5
2336	5
2337	5
2338	5
2339	5
2340	5
2341	5
2342	5
2343	5
2344	5
2345	5
2346	6
2347	6
2348	6
2349	6
2350	6
2351	6
2352	6
2353	6
2354	6
2355	6
2356	6
2357	6
2358	6
2359	6
2360	6
2361	6
2362	6
2363	6
2364	6
2365	6
2366	1
2367	7
2368	1
2369	7
2370	1
2371	7
2372	7
2373	1
2374	1
2375	1
2376	1
2377	1
2378	1
2379	1
2380	7
2381	1
2382	1
2383	1
2384	1
2385	1
2386	1
2387	1
2388	1
2389	1
2390	1
2391	1
2392	1
2393	1
2394	1
2395	1
2396	1
2397	1
2398	1
2399	1
2400	1
2401	7
2402	7
2403	1
2404	1
2405	7
2406	1
2407	1
2408	1
2409	1
2410	7
2411	7
2412	1
2413	1
2414	7
2415	2
2416	2
2417	2
2418	2
2419	10
2420	10
2421	10
2422	2
2423	2
2424	2
2425	2
2426	2
2427	10
2428	10
2429	10
2430	10
2431	2
2432	2
2433	2
2434	2
2435	2
2436	2
2437	2
2438	10
2439	10
2440	2
2441	2
2442	2
2443	2
2444	2
2445	2
2446	2
2447	10
2448	2
2449	10
2450	10
2451	10
2452	10
2453	10
2454	2
2455	2
2456	2
2457	2
2458	2
2459	2
2460	2
2461	2
2462	2
2463	2
2464	2
2465	2
2466	2
2467	2
2468	2
2469	2
2470	2
2471	2
2472	2
2473	2
2474	2
2475	2
2476	2
2477	2
2478	2
2479	2
2480	2
2481	2
2482	2
2483	2
2484	2
2485	2
2486	10
2487	2
2488	2
2489	2
2490	10
2491	10
2492	2
2493	2
2494	2
2495	10
2496	10
2497	10
2498	2
2499	2
2500	2
2501	10
2502	2
2503	2
2504	2
2505	2
2506	2
2507	2
2508	2
2509	2
2510	2
2511	2
2512	2
2513	2
2514	2
2515	10
2516	10
2517	10
2518	10
2519	10
2520	10
2521	10
2522	10
2523	10
2524	2
2525	10
2526	2
2527	2
2528	2
2529	10
2530	10
2531	10
2532	10
2533	10
2534	10
2535	10
2536	10
2537	10
2538	10
2539	10
2540	10
2541	10
2542	2
2543	2
2544	10
2545	10
2546	10
2547	2
2548	2
2549	2
2550	2
2551	10
2552	10
2553	10
2554	10
2555	10
2556	10
2557	10
2558	2
2559	2
2560	2
2561	2
2562	2
2563	10
2564	2
2565	10
2566	2
2567	2
2568	10
2569	2
2570	2
2571	2
2572	2
2573	2
2574	10
2575	10
2576	10
2577	10
2578	10
2579	10
2580	10
2581	10
2582	2
2583	10
2584	10
2585	2
2586	2
2587	10
2588	10
2589	10
2590	10
2591	10
2592	10
2593	10
2594	2
2595	2
2596	2
2597	2
2598	2
2599	2
2600	2
2601	10
2602	2
2603	2
2604	10
2605	10
2606	12
2607	12
2608	12
2609	12
2610	12
2611	12
2612	12
2613	12
2614	12
2615	12
2616	12
2617	12
2618	12
2619	12
2620	12
2621	12
2622	12
2623	12
2624	12
2625	12
2626	12
2627	12
2628	12
2629	12
2630	12
2631	12
2632	12
2633	12
2634	12
2635	12
2636	12
2637	12
2638	12
2639	12
2640	3
2641	3
2642	3
2643	3
2644	3
2645	3
2646	3
2647	3
2648	3
2649	3
2650	3
2651	3
2652	3
2653	3
2654	3
2655	3
2656	3
2657	3
2658	3
2659	3
2660	3
2661	3
2662	3
2663	3
2664	1
2665	1
2666	3
2667	3
2668	1
2669	1
2670	1
2671	1
2672	3
2673	1
2674	3
2675	3
2676	3
2677	3
2678	3
2679	1
2680	1
2681	1
2682	1
2683	1
2684	1
2685	1
2686	3
2687	1
2688	5
2689	5
2690	5
2691	5
315	4
1657	11
