0	5
1	5
2	5
3	5
4	5
5	5
6	5
7	12
8	12
9	12
10	12
11	12
12	12
13	12
14	12
15	12
16	12
17	12
18	9
19	9
20	9
21	11
22	11
23	11
24	11
25	11
26	11
27	11
28	11
29	9
30	9
31	9
32	9
33	9
34	9
35	9
36	9
37	9
38	9
39	9
40	9
41	9
42	9
43	9
44	9
45	9
46	9
47	9
48	9
49	9
50	9
51	9
52	9
53	7
54	7
55	7
56	7
57	7
58	9
59	9
60	9
61	9
62	9
63	9
64	9
65	7
66	7
67	7
68	7
69	7
70	7
71	11
72	11
73	11
74	11
75	9
76	9
77	9
78	9
79	9
80	9
81	9
82	9
83	10
84	10
85	10
86	10
87	10
88	10
89	10
90	10
91	10
92	10
93	10
94	10
95	10
96	12
97	12
98	12
99	12
100	12
101	12
102	12
103	12
104	12
105	12
106	12
107	12
108	12
109	12
110	12
111	12
112	12
113	12
114	12
115	12
116	12
117	12
118	12
119	12
120	12
121	12
122	12
123	12
124	12
125	12
126	12
127	12
128	12
129	13
130	13
131	13
132	13
133	13
134	13
135	13
136	13
137	13
138	13
139	13
140	13
141	13
142	13
143	13
144	13
145	13
146	13
147	13
148	13
149	13
150	13
151	13
152	13
153	13
154	13
155	13
156	13
157	13
158	13
159	13
160	13
161	13
162	13
163	13
164	13
165	13
166	10
167	10
168	10
169	10
170	10
171	10
172	10
173	10
174	10
175	10
176	10
177	10
178	10
179	10
180	10
181	10
182	10
183	5
184	5
185	5
186	5
187	5
188	5
189	5
190	5
191	5
192	5
193	5
194	5
195	5
196	5
197	5
198	5
199	5
200	5
201	5
202	5
203	5
204	5
205	5
206	5
207	5
208	11
209	11
210	11
211	11
212	11
213	11
214	11
215	11
216	11
217	11
218	11
219	11
220	11
221	11
222	11
223	11
224	11
225	11
226	11
227	11
228	11
229	11
230	11
231	11
232	11
233	11
234	11
235	11
236	11
237	11
238	11
239	11
240	11
241	11
242	11
243	11
244	11
245	11
246	11
247	11
248	5
249	5
250	5
251	5
252	5
253	5
254	5
255	5
256	5
257	5
258	5
259	5
260	5
261	11
262	11
263	11
264	11
265	11
266	11
267	11
268	6
269	6
270	6
271	11
272	11
273	11
274	11
275	11
276	11
277	11
278	6
279	6
280	6
281	6
282	6
283	6
284	6
285	6
286	6
287	6
288	6
289	6
290	6
291	6
292	6
293	6
294	6
295	6
296	6
297	6
298	6
299	6
300	6
301	6
302	5
303	5
304	5
305	5
306	2
307	2
308	2
309	4
310	4
311	2
312	2
313	2
314	2
316	12
317	12
318	12
319	12
320	12
321	12
322	12
323	12
324	12
325	12
326	12
327	12
328	12
329	12
330	12
331	2
332	2
333	2
334	2
335	2
336	4
337	12
338	12
339	12
340	2
341	2
342	2
343	2
344	2
345	4
346	2
347	2
348	2
349	2
350	4
351	2
352	2
353	4
354	2
355	4
356	13
357	13
358	13
359	13
360	13
361	13
362	13
363	13
364	13
365	13
366	13
367	13
368	13
369	4
370	4
371	4
372	4
373	4
374	2
375	4
376	4
377	2
378	2
379	2
380	2
381	2
382	2
383	2
384	2
385	2
386	2
387	2
388	2
389	12
390	12
391	12
392	12
393	12
394	2
395	4
396	2
397	2
398	12
399	12
400	12
401	12
402	12
403	11
404	11
405	11
406	11
407	11
408	11
409	9
410	9
411	9
412	9
413	9
414	9
415	9
416	9
417	9
418	9
419	9
420	9
421	9
422	9
423	9
424	9
425	10
426	10
427	10
428	10
429	10
430	10
431	10
432	10
433	9
434	9
435	9
436	9
437	9
438	9
439	9
440	9
441	9
442	9
443	9
444	9
445	9
446	10
447	10
448	10
449	10
450	10
451	9
452	9
453	9
454	10
455	10
456	10
457	9
458	9
459	9
460	9
461	9
462	9
463	10
464	10
465	10
466	10
467	10
468	10
469	10
470	10
471	10
472	10
473	9
474	9
475	6
476	6
477	6
478	6
479	6
480	6
481	6
482	6
483	6
484	11
485	11
486	6
487	6
488	6
489	6
490	6
491	6
492	6
493	6
494	6
495	6
496	6
497	6
498	11
499	6
500	6
501	6
502	11
503	6
504	6
505	6
506	11
507	11
508	11
509	11
510	11
511	11
512	11
513	11
514	11
515	11
516	11
517	11
518	11
519	11
520	11
521	11
522	13
523	13
524	13
525	13
526	5
527	5
528	13
529	13
530	13
531	13
532	13
533	13
534	13
535	13
536	13
537	13
538	5
539	5
540	5
541	5
542	5
543	5
544	5
545	5
546	5
547	5
548	5
549	5
550	5
551	5
552	5
553	5
554	5
555	5
556	5
557	5
558	5
559	11
560	11
561	11
562	11
563	11
564	11
565	5
566	5
567	5
568	5
569	5
570	13
571	13
572	13
573	13
574	13
575	13
576	13
577	13
578	13
579	13
580	13
581	5
582	5
583	5
584	5
585	5
586	5
587	6
588	11
589	11
590	11
591	11
592	11
593	11
594	6
595	11
596	6
597	11
598	6
599	11
600	11
601	11
602	11
603	5
604	5
605	5
606	5
607	5
608	5
609	5
610	5
611	5
612	5
613	5
614	5
615	5
616	5
617	6
618	11
619	11
620	6
621	6
622	6
623	6
624	6
625	6
626	6
627	6
628	11
629	11
630	11
631	11
632	11
633	11
634	6
635	11
636	6
637	6
638	6
639	5
640	5
641	5
642	5
643	5
644	5
645	5
646	5
647	5
648	5
649	5
650	5
651	5
652	5
653	5
654	5
655	5
656	5
657	6
658	6
659	6
660	6
661	9
662	9
663	9
664	9
665	9
666	9
667	9
668	9
669	9
670	13
671	13
672	13
673	13
674	13
675	13
676	13
677	13
678	13
679	13
680	9
681	9
682	9
683	9
684	9
685	9
686	9
687	9
688	9
689	9
690	9
691	9
692	9
693	9
694	9
695	9
696	9
697	13
698	13
699	13
700	13
701	13
702	13
703	13
704	13
705	13
706	13
707	13
708	13
709	13
710	13
711	13
712	13
713	13
714	9
715	9
716	11
717	11
718	13
719	13
720	13
721	11
722	11
723	11
724	11
725	11
726	11
727	11
728	11
729	11
730	11
731	11
732	12
733	12
734	12
735	9
736	9
737	6
738	10
739	10
740	10
741	10
742	10
743	6
744	6
745	12
746	12
747	12
748	12
749	12
750	12
751	12
752	12
753	12
754	12
755	12
756	9
757	9
758	9
759	12
760	12
761	12
762	9
763	9
764	9
765	9
766	6
767	6
768	6
769	6
770	9
771	9
772	6
773	6
774	6
775	6
776	6
777	6
778	10
779	10
780	6
781	10
782	6
783	10
784	10
785	2
786	6
787	6
788	6
789	6
790	6
791	2
792	2
793	2
794	2
795	2
796	2
797	2
798	2
799	2
800	2
801	6
802	6
803	6
804	6
805	2
806	2
807	2
808	6
809	6
810	6
811	3
812	3
813	3
814	3
815	3
816	7
817	3
818	3
819	3
820	3
821	3
822	3
823	3
824	3
825	7
826	3
827	3
828	7
829	3
830	3
831	3
832	7
833	7
834	3
835	3
836	3
837	3
838	3
839	7
840	3
841	7
842	3
843	3
844	3
845	3
846	3
847	3
848	3
849	7
850	3
851	3
852	3
853	3
854	3
855	7
856	3
857	3
858	5
859	5
860	5
861	5
862	5
863	5
864	5
865	5
866	5
867	5
868	5
869	5
870	5
871	3
872	3
873	7
874	3
875	3
876	3
877	3
878	7
879	3
880	7
881	3
882	3
883	3
884	3
885	3
886	3
887	3
888	3
889	3
890	3
891	7
892	3
893	3
894	3
895	3
896	3
897	7
898	3
899	3
900	3
901	3
902	3
903	3
904	3
905	3
906	7
907	3
908	3
909	7
910	3
911	3
912	3
913	3
914	3
915	3
916	7
917	3
918	3
919	7
920	3
921	3
922	3
923	3
924	7
925	3
926	3
927	3
928	3
929	3
930	3
931	3
932	3
933	3
934	7
935	3
936	3
937	3
938	3
939	3
940	3
941	7
942	3
943	7
944	3
945	3
946	3
947	3
948	3
949	3
950	3
951	3
952	3
953	7
954	3
955	3
956	3
957	3
958	3
959	3
960	3
961	3
962	3
963	3
964	3
965	3
966	3
967	7
968	3
969	3
970	7
971	3
972	3
973	3
974	3
975	3
976	3
977	3
978	7
979	3
980	7
981	7
982	3
983	3
984	3
985	10
986	10
987	10
988	10
989	10
990	10
991	10
992	10
993	10
994	10
995	10
996	10
997	10
998	10
999	10
1000	10
1001	10
1002	10
1003	10
1004	10
1005	10
1006	10
1007	3
1008	3
1009	10
1010	3
1011	3
1012	3
1013	3
1014	3
1015	3
1016	3
1017	3
1018	3
1019	3
1020	3
1021	3
1022	3
1023	3
1024	3
1025	3
1026	3
1027	3
1028	3
1029	3
1030	3
1031	3
1032	3
1033	3
1034	3
1035	3
1036	12
1037	12
1038	3
1039	3
1040	3
1041	3
1042	3
1043	3
1044	3
1045	3
1046	3
1047	12
1048	3
1049	3
1050	3
1051	3
1052	3
1053	3
1054	3
1055	12
1056	12
1057	3
1058	3
1059	3
1060	3
1061	3
1062	3
1063	12
1064	3
1065	12
1066	12
1067	12
1068	3
1069	3
1070	3
1071	3
1072	3
1073	3
1074	3
1075	5
1076	5
1077	5
1078	5
1079	5
1080	5
1081	5
1082	5
1083	5
1084	5
1085	5
1086	5
1087	11
1088	11
1089	11
1090	11
1091	11
1092	11
1093	11
1094	11
1095	11
1096	11
1097	11
1098	11
1099	11
1100	11
1101	11
1102	11
1103	11
1104	11
1105	11
1106	11
1107	7
1108	2
1109	7
1110	7
1111	2
1112	7
1113	7
1114	2
1115	7
1116	7
1117	7
1118	2
1119	7
1120	2
1121	7
1122	2
1123	7
1124	2
1125	2
1126	2
1127	7
1128	2
1129	7
1130	2
1131	2
1132	7
1133	2
1134	7
1135	7
1136	7
1137	7
1138	7
1139	7
1140	7
1141	7
1142	7
1143	7
1144	2
1145	2
1146	7
1147	7
1148	7
1149	7
1150	7
1151	7
1152	7
1153	2
1154	2
1155	2
1156	2
1157	2
1158	2
1159	2
1160	2
1161	2
1162	2
1163	2
1164	2
1165	2
1166	2
1167	2
1168	2
1169	3
1170	3
1171	3
1172	3
1173	3
1174	3
1175	3
1176	3
1177	3
1178	3
1179	3
1180	3
1181	3
1182	3
1183	3
1184	3
1185	3
1186	3
1187	3
1188	3
1189	3
1190	3
1191	3
1192	3
1193	3
1194	3
1195	3
1196	3
1197	3
1198	3
1199	3
1200	7
1201	7
1202	7
1203	7
1204	7
1205	7
1206	7
1207	7
1208	7
1209	7
1210	7
1211	7
1212	7
1213	7
1214	7
1215	7
1216	7
1217	7
1218	7
1219	7
1220	7
1221	7
1222	7
1223	7
1224	7
1225	7
1226	7
1227	7
1228	7
1229	7
1230	7
1231	7
1232	7
1233	7
1234	7
1235	7
1236	7
1237	7
1238	7
1239	7
1240	6
1241	6
1242	11
1243	11
1244	11
1245	6
1246	11
1247	11
1248	11
1249	11
1250	11
1251	11
1252	11
1253	9
1254	9
1255	9
1256	9
1257	9
1258	11
1259	11
1260	11
1261	11
1262	11
1263	6
1264	9
1265	9
1266	9
1267	9
1268	9
1269	9
1270	9
1271	9
1272	9
1273	9
1274	9
1275	9
1276	9
1277	9
1278	2
1279	2
1280	2
1281	11
1282	6
1283	6
1284	9
1285	9
1286	9
1287	9
1288	2
1289	2
1290	2
1291	2
1292	2
1293	2
1294	2
1295	2
1296	2
1297	2
1298	2
1299	2
1300	2
1301	2
1302	2
1303	5
1304	5
1305	5
1306	5
1307	5
1308	5
1309	5
1310	5
1311	5
1312	5
1313	5
1314	7
1315	7
1316	7
1317	7
1318	7
1319	7
1320	7
1321	7
1322	7
1323	7
1324	7
1325	7
1326	7
1327	7
1328	7
1329	7
1330	7
1331	7
1332	7
1333	7
1334	7
1335	7
1336	7
1337	7
1338	7
1339	7
1340	7
1341	7
1342	7
1343	7
1344	7
1345	7
1346	9
1347	9
1348	5
1349	5
1350	9
1351	5
1352	5
1353	9
1354	9
1355	9
1356	9
1357	5
1358	5
1359	5
1360	9
1361	9
1362	5
1363	7
1364	7
1365	7
1366	4
1367	4
1368	7
1369	7
1370	7
1371	4
1372	7
1373	7
1374	7
1375	7
1376	7
1377	7
1378	7
1379	7
1380	4
1381	2
1382	2
1383	2
1384	2
1385	2
1386	2
1387	2
1388	2
1389	2
1390	2
1391	2
1392	2
1393	2
1394	2
1395	2
1396	2
1397	9
1398	9
1399	9
1400	9
1401	9
1402	9
1403	9
1404	9
1405	9
1406	9
1407	9
1408	9
1409	9
1410	9
1411	9
1412	9
1413	9
1414	9
1415	9
1416	9
1417	9
1418	9
1419	9
1420	9
1421	9
1422	9
1423	9
1424	9
1425	9
1426	9
1427	9
1428	12
1429	12
1430	12
1431	12
1432	13
1433	12
1434	12
1435	12
1436	12
1437	12
1438	12
1439	12
1440	12
1441	12
1442	12
1443	12
1444	12
1445	12
1446	12
1447	12
1448	12
1449	12
1450	12
1451	12
1452	12
1453	12
1454	12
1455	12
1456	13
1457	12
1458	13
1459	12
1460	12
1461	12
1462	12
1463	12
1464	12
1465	11
1466	11
1467	11
1468	11
1469	13
1470	11
1471	11
1472	13
1473	13
1474	11
1475	11
1476	11
1477	11
1478	11
1479	11
1480	11
1481	11
1482	11
1483	11
1484	11
1485	11
1486	11
1487	13
1488	11
1489	12
1490	12
1491	12
1492	12
1493	12
1494	12
1495	12
1496	12
1497	12
1498	12
1499	12
1500	12
1501	8
1502	9
1503	8
1504	8
1505	8
1506	8
1507	8
1508	9
1509	8
1510	8
1511	8
1512	8
1513	8
1514	8
1515	8
1516	8
1517	8
1518	8
1519	8
1520	8
1521	8
1522	8
1523	8
1524	8
1525	8
1526	8
1527	8
1528	8
1529	10
1530	10
1531	10
1532	10
1533	10
1534	10
1535	10
1536	10
1537	10
1538	10
1539	10
1540	10
1541	10
1542	10
1543	10
1544	10
1545	10
1546	10
1547	10
1548	10
1549	10
1550	10
1551	10
1552	13
1553	13
1554	13
1555	13
1556	13
1557	13
1558	13
1559	13
1560	13
1561	13
1562	13
1563	13
1564	13
1565	13
1566	13
1567	13
1568	13
1569	13
1570	13
1571	13
1572	13
1573	13
1574	13
1575	13
1576	12
1577	12
1578	12
1579	12
1580	12
1581	12
1582	12
1583	12
1584	12
1585	12
1586	12
1587	12
1588	12
1589	12
1590	12
1591	12
1592	12
1593	5
1594	5
1595	5
1596	5
1597	5
1598	5
1599	5
1600	5
1601	5
1602	13
1603	13
1604	13
1605	13
1606	13
1607	13
1608	13
1609	13
1610	13
1611	13
1612	13
1613	13
1614	13
1615	13
1616	13
1617	13
1618	11
1619	11
1620	11
1621	11
1622	11
1623	11
1624	11
1625	11
1626	11
1627	11
1628	11
1629	3
1630	12
1631	12
1632	12
1633	12
1634	12
1635	12
1636	12
1637	12
1638	12
1639	3
1640	12
1641	12
1642	12
1643	12
1644	11
1645	11
1646	11
1647	11
1648	11
1649	12
1650	12
1651	12
1652	12
1653	12
1654	12
1655	12
1656	12
1658	12
1659	12
1660	12
1661	12
1662	12
1663	12
1664	12
1665	12
1666	12
1667	12
1668	12
1669	12
1670	12
1671	12
1672	12
1673	11
1674	12
1675	12
1676	12
1677	11
1678	6
1679	6
1680	6
1681	6
1682	6
1683	6
1684	6
1685	9
1686	9
1687	9
1688	9
1689	9
1690	9
1691	9
1692	9
1693	9
1694	9
1695	9
1696	9
1697	9
1698	9
1699	9
1700	9
1701	9
1702	9
1703	8
1704	8
1705	9
1706	9
1707	9
1708	9
1709	9
1710	9
1711	9
1712	9
1713	11
1714	11
1715	11
1716	11
1717	11
1718	11
1719	11
1720	11
1721	11
1722	11
1723	11
1724	11
1725	9
1726	9
1727	9
1728	11
1729	9
1730	9
1731	9
1732	9
1733	9
1734	9
1735	9
1736	9
1737	9
1738	9
1739	9
1740	9
1741	9
1742	8
1743	8
1744	8
1745	8
1746	8
1747	8
1748	8
1749	8
1750	8
1751	8
1752	8
1753	8
1754	8
1755	8
1756	8
1757	11
1758	11
1759	11
1760	11
1761	8
1762	8
1763	8
1764	8
1765	8
1766	8
1767	8
1768	8
1769	8
1770	8
1771	8
1772	8
1773	8
1774	11
1775	11
1776	11
1777	11
1778	11
1779	11
1780	11
1781	11
1782	11
1783	11
1784	11
1785	11
1786	11
1787	8
1788	8
1789	8
1790	8
1791	8
1792	8
1793	8
1794	8
1795	11
1796	11
1797	11
1798	11
1799	8
1800	8
1801	8
1802	8
1803	8
1804	8
1805	8
1806	8
1807	8
1808	8
1809	12
1810	12
1811	1
1812	12
1813	12
1814	1
1815	12
1816	12
1817	1
1818	12
1819	12
1820	12
1821	12
1822	12
1823	12
1824	1
1825	12
1826	12
1827	12
1828	12
1829	12
1830	11
1831	11
1832	11
1833	11
1834	11
1835	1
1836	1
1837	11
1838	12
1839	12
1840	7
1841	7
1842	7
1843	7
1844	7
1845	12
1846	12
1847	12
1848	12
1849	12
1850	12
1851	12
1852	12
1853	12
1854	1
1855	1
1856	1
1857	11
1858	11
1859	11
1860	11
1861	11
1862	11
1863	1
1864	12
1865	12
1866	12
1867	12
1868	12
1869	12
1870	12
1871	12
1872	6
1873	6
1874	6
1875	6
1876	6
1877	6
1878	6
1879	6
1880	6
1881	6
1882	6
1883	6
1884	6
1885	6
1886	6
1887	6
1888	6
1889	6
1890	6
1891	6
1892	6
1893	6
1894	6
1895	5
1896	5
1897	5
1898	2
1899	2
1900	2
1901	2
1902	2
1903	2
1904	5
1905	5
1906	5
1907	5
1908	5
1909	5
1910	5
1911	5
1912	5
1913	5
1914	5
1915	5
1916	2
1917	2
1918	2
1919	2
1920	2
1921	2
1922	2
1923	2
1924	5
1925	5
1926	5
1927	5
1928	5
1929	5
1930	5
1931	5
1932	5
1933	5
1934	5
1935	5
1936	5
1937	5
1938	5
1939	5
1940	5
1941	5
1942	5
1943	5
1944	5
1945	5
1946	5
1947	5
1948	5
1949	5
1950	5
1951	5
1952	5
1953	5
1954	5
1955	5
1956	5
1957	5
1958	5
1959	5
1960	5
1961	5
1962	5
1963	5
1964	5
1965	5
1966	5
1967	5
1968	5
1969	5
1970	5
1971	5
1972	5
1973	5
1974	5
1975	5
1976	10
1977	10
1978	10
1979	10
1980	10
1981	10
1982	10
1983	10
1984	10
1985	10
1986	10
1987	10
1988	10
1989	10
1990	10
1991	10
1992	10
1993	10
1994	10
1995	10
1996	10
1997	10
1998	10
1999	10
2000	10
2001	10
2002	10
2003	10
2004	10
2005	10
2006	10
2007	10
2008	10
2009	10
2010	10
2011	10
2012	10
2013	10
2014	10
2015	10
2016	10
2017	11
2018	11
2019	11
2020	11
2021	11
2022	11
2023	11
2024	6
2025	11
2026	11
2027	11
2028	11
2029	11
2030	10
2031	10
2032	10
2033	10
2034	10
2035	6
2036	6
2037	6
2038	11
2039	11
2040	11
2041	11
2042	11
2043	11
2044	11
2045	11
2046	6
2047	6
2048	11
2049	11
2050	11
2051	6
2052	6
2053	6
2054	6
2055	6
2056	6
2057	6
2058	10
2059	10
2060	10
2061	10
2062	10
2063	10
2064	10
2065	10
2066	10
2067	10
2068	6
2069	6
2070	11
2071	11
2072	6
2073	11
2074	11
2075	11
2076	6
2077	11
2078	11
2079	6
2080	11
2081	11
2082	11
2083	11
2084	6
2085	11
2086	11
2087	6
2088	11
2089	12
2090	12
2091	12
2092	12
2093	12
2094	12
2095	12
2096	5
2097	5
2098	5
2099	5
2100	5
2101	5
2102	5
2103	5
2104	9
2105	5
2106	5
2107	5
2108	5
2109	5
2110	5
2111	5
2112	5
2113	8
2114	8
2115	1
2116	1
2117	1
2118	1
2119	8
2120	1
2121	1
2122	1
2123	1
2124	11
2125	1
2126	1
2127	1
2128	1
2129	1
2130	1
2131	8
2132	8
2133	1
2134	8
2135	8
2136	1
2137	1
2138	1
2139	1
2140	1
2141	1
2142	8
2143	8
2144	8
2145	1
2146	1
2147	1
2148	1
2149	1
2150	1
2151	1
2152	8
2153	8
2154	8
2155	8
2156	8
2157	8
2158	1
2159	1
2160	1
2161	1
2162	1
2163	1
2164	8
2165	8
2166	8
2167	1
2168	1
2169	8
2170	8
2171	8
2172	8
2173	8
2174	1
2175	1
2176	1
2177	1
2178	1
2179	1
2180	8
2181	8
2182	8
2183	8
2184	1
2185	8
2186	8
2187	8
2188	8
2189	1
2190	1
2191	1
2192	1
2193	8
2194	8
2195	8
2196	1
2197	1
2198	8
2199	1
2200	1
2201	8
2202	8
2203	8
2204	1
2205	1
2206	1
2207	1
2208	1
2209	1
2210	1
2211	8
2212	8
2213	1
2214	1
2215	8
2216	1
2217	1
2218	8
2219	8
2220	8
2221	1
2222	1
2223	1
2224	1
2225	8
2226	8
2227	8
2228	1
2229	1
2230	8
2231	8
2232	8
2233	1
2234	1
2235	8
2236	1
2237	1
2238	1
2239	8
2240	8
2241	1
2242	1
2243	1
2244	1
2245	1
2246	1
2247	8
2248	8
2249	1
2250	1
2251	8
2252	8
2253	1
2254	1
2255	8
2256	8
2257	8
2258	1
2259	1
2260	1
2261	8
2262	8
2263	8
2264	8
2265	1
2266	8
2267	1
2268	1
2269	8
2270	8
2271	8
2272	8
2273	8
2274	8
2275	8
2276	1
2277	1
2278	1
2279	1
2280	8
2281	8
2282	1
2283	1
2284	11
2285	11
2286	8
2287	8
2288	8
2289	8
2290	8
2291	8
2292	8
2293	1
2294	1
2295	1
2296	1
2297	1
2298	1
2299	1
2300	1
2301	8
2302	1
2303	1
2304	1
2305	8
2306	8
2307	8
2308	8
2309	11
2310	11
2311	11
2312	7
2313	7
2314	7
2315	7
2316	7
2317	7
2318	7
2319	7
2320	7
2321	7
2322	7
2323	7
2324	7
2325	7
2326	7
2327	7
2328	7
2329	7
2330	5
2331	5
2332	5
2333	5
2334	5
2335	5
2336	5
2337	5
2338	5
2339	5
2340	5
2341	5
2342	5
2343	5
2344	5
2345	5
2346	7
2347	7
2348	7
2349	7
2350	7
2351	7
2352	7
2353	7
2354	7
2355	7
2356	7
2357	7
2358	7
2359	7
2360	7
2361	7
2362	7
2363	7
2364	7
2365	7
2366	1
2367	1
2368	1
2369	1
2370	1
2371	1
2372	1
2373	1
2374	1
2375	1
2376	1
2377	1
2378	1
2379	1
2380	1
2381	1
2382	1
2383	1
2384	1
2385	1
2386	1
2387	1
2388	1
2389	1
2390	1
2391	1
2392	1
2393	1
2394	1
2395	1
2396	1
2397	1
2398	1
2399	1
2400	1
2401	1
2402	1
2403	1
2404	1
2405	1
2406	1
2407	1
2408	1
2409	1
2410	1
2411	1
2412	1
2413	1
2414	1
2415	4
2416	4
2417	4
2418	4
2419	2
2420	2
2421	4
2422	4
2423	4
2424	4
2425	4
2426	4
2427	2
2428	2
2429	2
2430	2
2431	4
2432	4
2433	4
2434	4
2435	4
2436	4
2437	4
2438	2
2439	2
2440	4
2441	4
2442	4
2443	4
2444	4
2445	4
2446	4
2447	4
2448	4
2449	4
2450	4
2451	4
2452	4
2453	4
2454	4
2455	4
2456	4
2457	4
2458	4
2459	4
2460	4
2461	4
2462	4
2463	4
2464	4
2465	4
2466	4
2467	4
2468	4
2469	4
2470	4
2471	4
2472	4
2473	4
2474	4
2475	4
2476	4
2477	4
2478	4
2479	4
2480	4
2481	4
2482	4
2483	4
2484	4
2485	4
2486	4
2487	4
2488	4
2489	4
2490	4
2491	4
2492	4
2493	4
2494	4
2495	4
2496	2
2497	2
2498	2
2499	2
2500	4
2501	4
2502	4
2503	4
2504	4
2505	4
2506	4
2507	4
2508	2
2509	2
2510	2
2511	4
2512	2
2513	2
2514	2
2515	4
2516	4
2517	4
2518	4
2519	4
2520	4
2521	4
2522	4
2523	2
2524	4
2525	2
2526	4
2527	4
2528	4
2529	2
2530	2
2531	2
2532	2
2533	2
2534	2
2535	2
2536	2
2537	2
2538	2
2539	4
2540	2
2541	4
2542	2
2543	4
2544	4
2545	4
2546	4
2547	4
2548	4
2549	4
2550	4
2551	4
2552	2
2553	2
2554	4
2555	4
2556	4
2557	4
2558	4
2559	4
2560	4
2561	4
2562	2
2563	2
2564	4
2565	2
2566	4
2567	4
2568	2
2569	2
2570	2
2571	4
2572	2
2573	4
2574	2
2575	4
2576	4
2577	4
2578	4
2579	4
2580	4
2581	2
2582	4
2583	4
2584	4
2585	4
2586	4
2587	2
2588	2
2589	2
2590	2
2591	2
2592	2
2593	2
2594	4
2595	4
2596	4
2597	4
2598	4
2599	4
2600	4
2601	4
2602	4
2603	4
2604	2
2605	2
2606	6
2607	6
2608	6
2609	6
2610	6
2611	6
2612	6
2613	6
2614	6
2615	6
2616	6
2617	6
2618	6
2619	6
2620	6
2621	6
2622	6
2623	6
2624	6
2625	6
2626	6
2627	6
2628	6
2629	6
2630	6
2631	6
2632	6
2633	6
2634	6
2635	6
2636	6
2637	6
2638	6
2639	6
2640	10
2641	10
2642	10
2643	10
2644	10
2645	13
2646	13
2647	13
2648	10
2649	10
2650	10
2651	10
2652	10
2653	10
2654	13
2655	13
2656	10
2657	10
2658	10
2659	10
2660	10
2661	10
2662	10
2663	10
2664	13
2665	13
2666	10
2667	13
2668	10
2669	13
2670	13
2671	10
2672	10
2673	13
2674	10
2675	10
2676	10
2677	13
2678	10
2679	10
2680	13
2681	13
2682	13
2683	10
2684	10
2685	10
2686	10
2687	10
2688	5
2689	5
2690	5
2691	5
315	12
1657	12
