0	2
1	2
2	2
3	2
4	2
5	2
6	2
7	7
8	7
9	7
10	7
11	7
12	7
13	7
14	7
15	7
16	13
17	13
18	13
19	13
20	7
21	11
22	11
23	11
24	11
25	11
26	11
27	11
28	11
29	5
30	5
31	5
32	5
33	4
34	5
35	5
36	5
37	5
38	5
39	5
40	5
41	4
42	5
43	4
44	4
45	5
46	5
47	4
48	5
49	5
50	5
51	5
52	5
53	4
54	4
55	4
56	4
57	4
58	5
59	5
60	5
61	5
62	5
63	5
64	5
65	4
66	4
67	4
68	4
69	4
70	4
71	11
72	11
73	11
74	11
75	5
76	5
77	5
78	5
79	5
80	5
81	5
82	5
83	8
84	8
85	8
86	8
87	8
88	8
89	8
90	8
91	8
92	8
93	8
94	8
95	8
96	13
97	7
98	13
99	13
100	7
101	7
102	7
103	7
104	7
105	13
106	7
107	7
108	13
109	7
110	7
111	7
112	7
113	7
114	7
115	7
116	7
117	7
118	7
119	7
120	7
121	7
122	7
123	7
124	7
125	13
126	7
127	7
128	7
129	3
130	3
131	3
132	3
133	3
134	3
135	3
136	3
137	3
138	3
139	3
140	3
141	3
142	3
143	3
144	3
145	3
146	3
147	3
148	3
149	3
150	3
151	3
152	3
153	3
154	3
155	3
156	3
157	3
158	3
159	3
160	3
161	3
162	3
163	3
164	3
165	3
166	8
167	8
168	8
169	8
170	8
171	8
172	8
173	8
174	3
175	8
176	8
177	8
178	8
179	8
180	8
181	3
182	8
183	5
184	5
185	5
186	5
187	5
188	5
189	5
190	5
191	5
192	5
193	5
194	5
195	5
196	5
197	5
198	5
199	5
200	5
201	5
202	5
203	5
204	5
205	5
206	5
207	5
208	11
209	11
210	11
211	11
212	11
213	11
214	11
215	11
216	11
217	11
218	11
219	11
220	11
221	11
222	11
223	11
224	11
225	11
226	12
227	12
228	12
229	12
230	12
231	12
232	12
233	12
234	12
235	12
236	11
237	11
238	11
239	11
240	11
241	11
242	11
243	11
244	11
245	11
246	11
247	11
248	5
249	5
250	5
251	5
252	5
253	5
254	5
255	5
256	5
257	5
258	5
259	5
260	5
261	12
262	12
263	12
264	12
265	12
266	12
267	12
268	12
269	12
270	12
271	12
272	12
273	12
274	12
275	12
276	12
277	12
278	12
279	12
280	12
281	12
282	12
283	12
284	12
285	12
286	12
287	12
288	12
289	12
290	12
291	12
292	12
293	12
294	12
295	12
296	12
297	12
298	12
299	12
300	12
301	12
302	5
303	5
304	5
305	5
306	10
307	10
308	11
309	10
310	10
311	10
312	10
313	10
314	10
316	4
317	4
318	4
319	4
320	4
321	4
322	4
323	4
324	4
325	4
326	4
327	4
328	4
329	4
330	4
331	11
332	10
333	10
334	10
335	10
336	10
337	4
338	4
339	4
340	10
341	10
342	10
343	10
344	11
345	10
346	11
347	10
348	10
349	10
350	10
351	10
352	10
353	10
354	10
355	10
356	3
357	3
358	3
359	3
360	3
361	3
362	3
363	3
364	3
365	3
366	3
367	3
368	3
369	10
370	10
371	10
372	10
373	10
374	10
375	10
376	10
377	10
378	10
379	10
380	10
381	10
382	10
383	10
384	10
385	10
386	10
387	10
388	10
389	4
390	4
391	4
392	4
393	4
394	10
395	10
396	10
397	10
398	4
399	4
400	4
401	4
402	4
403	11
404	11
405	11
406	11
407	11
408	11
409	13
410	13
411	13
412	13
413	13
414	13
415	13
416	13
417	13
418	13
419	13
420	13
421	13
422	13
423	13
424	13
425	8
426	8
427	8
428	8
429	8
430	8
431	8
432	8
433	13
434	13
435	13
436	13
437	13
438	13
439	13
440	13
441	13
442	13
443	13
444	13
445	13
446	8
447	8
448	8
449	8
450	8
451	13
452	13
453	13
454	8
455	8
456	8
457	13
458	13
459	13
460	13
461	13
462	13
463	8
464	8
465	8
466	8
467	8
468	8
469	8
470	8
471	8
472	8
473	13
474	13
475	12
476	12
477	3
478	3
479	3
480	3
481	3
482	3
483	3
484	11
485	11
486	3
487	3
488	3
489	12
490	12
491	12
492	12
493	12
494	12
495	3
496	3
497	3
498	11
499	3
500	3
501	3
502	11
503	3
504	3
505	3
506	11
507	11
508	11
509	11
510	11
511	11
512	11
513	11
514	11
515	11
516	11
517	11
518	11
519	11
520	11
521	11
522	7
523	7
524	7
525	7
526	5
527	5
528	7
529	7
530	7
531	7
532	7
533	7
534	7
535	7
536	7
537	7
538	5
539	5
540	5
541	5
542	5
543	5
544	5
545	5
546	5
547	5
548	5
549	5
550	5
551	5
552	5
553	5
554	5
555	5
556	5
557	5
558	5
559	11
560	11
561	11
562	11
563	11
564	11
565	5
566	5
567	5
568	5
569	5
570	7
571	7
572	7
573	7
574	7
575	7
576	7
577	7
578	7
579	7
580	7
581	5
582	5
583	5
584	5
585	5
586	5
587	12
588	12
589	12
590	12
591	12
592	11
593	11
594	12
595	11
596	12
597	11
598	12
599	11
600	11
601	11
602	11
603	5
604	5
605	5
606	5
607	5
608	5
609	5
610	5
611	5
612	5
613	5
614	5
615	5
616	5
617	12
618	12
619	11
620	12
621	12
622	12
623	12
624	12
625	12
626	12
627	12
628	11
629	11
630	11
631	11
632	11
633	12
634	12
635	11
636	12
637	12
638	12
639	5
640	5
641	5
642	5
643	5
644	5
645	5
646	5
647	5
648	5
649	5
650	5
651	5
652	5
653	5
654	5
655	5
656	5
657	3
658	3
659	3
660	3
661	2
662	2
663	2
664	2
665	2
666	2
667	2
668	2
669	2
670	3
671	3
672	3
673	3
674	3
675	12
676	3
677	3
678	3
679	3
680	2
681	2
682	2
683	2
684	2
685	2
686	2
687	2
688	2
689	2
690	2
691	2
692	2
693	2
694	2
695	2
696	2
697	3
698	3
699	12
700	12
701	3
702	12
703	12
704	3
705	12
706	3
707	12
708	12
709	3
710	12
711	12
712	12
713	12
714	2
715	2
716	11
717	11
718	12
719	12
720	3
721	11
722	11
723	11
724	11
725	11
726	11
727	11
728	11
729	11
730	11
731	11
732	4
733	4
734	4
735	4
736	4
737	3
738	8
739	8
740	3
741	3
742	3
743	3
744	3
745	4
746	4
747	4
748	4
749	4
750	4
751	4
752	4
753	4
754	4
755	4
756	4
757	4
758	4
759	4
760	4
761	4
762	4
763	4
764	4
765	4
766	3
767	3
768	3
769	3
770	4
771	4
772	3
773	3
774	3
775	3
776	3
777	3
778	3
779	3
780	3
781	3
782	3
783	3
784	3
785	11
786	3
787	3
788	3
789	3
790	3
791	11
792	11
793	11
794	11
795	11
796	11
797	11
798	11
799	11
800	11
801	3
802	3
803	3
804	3
805	11
806	11
807	11
808	3
809	3
810	3
811	6
812	6
813	6
814	4
815	6
816	6
817	6
818	6
819	6
820	6
821	4
822	6
823	6
824	6
825	6
826	6
827	6
828	6
829	6
830	4
831	4
832	4
833	4
834	4
835	4
836	4
837	4
838	6
839	4
840	6
841	6
842	6
843	6
844	6
845	6
846	6
847	6
848	6
849	6
850	6
851	6
852	6
853	6
854	6
855	6
856	6
857	6
858	5
859	5
860	5
861	5
862	5
863	5
864	5
865	5
866	5
867	5
868	5
869	5
870	5
871	6
872	6
873	6
874	6
875	6
876	6
877	6
878	6
879	6
880	6
881	6
882	6
883	6
884	6
885	6
886	6
887	6
888	6
889	6
890	6
891	6
892	6
893	6
894	6
895	6
896	6
897	6
898	6
899	6
900	6
901	6
902	6
903	6
904	6
905	6
906	6
907	6
908	6
909	6
910	6
911	6
912	6
913	6
914	6
915	6
916	6
917	6
918	6
919	6
920	6
921	6
922	6
923	6
924	6
925	6
926	6
927	6
928	6
929	6
930	6
931	6
932	6
933	6
934	6
935	6
936	6
937	6
938	6
939	6
940	6
941	6
942	6
943	6
944	6
945	6
946	6
947	6
948	6
949	6
950	6
951	6
952	6
953	6
954	6
955	6
956	6
957	6
958	6
959	6
960	6
961	6
962	6
963	6
964	6
965	6
966	6
967	6
968	6
969	6
970	6
971	6
972	6
973	6
974	6
975	6
976	6
977	6
978	6
979	6
980	6
981	6
982	4
983	4
984	13
985	3
986	3
987	3
988	3
989	3
990	3
991	3
992	3
993	3
994	3
995	3
996	3
997	3
998	3
999	3
1000	3
1001	3
1002	3
1003	3
1004	3
1005	3
1006	3
1007	4
1008	13
1009	3
1010	13
1011	13
1012	13
1013	13
1014	4
1015	4
1016	4
1017	13
1018	13
1019	13
1020	4
1021	4
1022	4
1023	4
1024	4
1025	4
1026	4
1027	13
1028	4
1029	13
1030	4
1031	13
1032	4
1033	4
1034	4
1035	4
1036	4
1037	13
1038	4
1039	13
1040	4
1041	13
1042	13
1043	4
1044	4
1045	4
1046	4
1047	4
1048	13
1049	13
1050	4
1051	13
1052	13
1053	4
1054	4
1055	4
1056	13
1057	13
1058	4
1059	4
1060	4
1061	4
1062	13
1063	4
1064	4
1065	13
1066	13
1067	13
1068	4
1069	4
1070	13
1071	4
1072	4
1073	4
1074	4
1075	5
1076	5
1077	5
1078	5
1079	5
1080	5
1081	5
1082	5
1083	5
1084	5
1085	5
1086	5
1087	12
1088	12
1089	12
1090	12
1091	12
1092	12
1093	12
1094	11
1095	11
1096	11
1097	11
1098	11
1099	11
1100	11
1101	11
1102	11
1103	11
1104	11
1105	11
1106	11
1107	10
1108	10
1109	10
1110	10
1111	10
1112	10
1113	10
1114	10
1115	10
1116	10
1117	10
1118	10
1119	10
1120	10
1121	10
1122	10
1123	10
1124	10
1125	10
1126	10
1127	10
1128	10
1129	10
1130	10
1131	10
1132	10
1133	10
1134	10
1135	10
1136	4
1137	4
1138	4
1139	4
1140	10
1141	10
1142	10
1143	10
1144	10
1145	10
1146	10
1147	10
1148	10
1149	10
1150	10
1151	10
1152	10
1153	10
1154	11
1155	11
1156	11
1157	11
1158	11
1159	11
1160	11
1161	11
1162	11
1163	11
1164	11
1165	11
1166	11
1167	11
1168	11
1169	13
1170	13
1171	13
1172	13
1173	13
1174	4
1175	13
1176	4
1177	13
1178	13
1179	13
1180	13
1181	13
1182	4
1183	13
1184	13
1185	13
1186	13
1187	4
1188	4
1189	4
1190	13
1191	13
1192	13
1193	13
1194	13
1195	4
1196	13
1197	13
1198	13
1199	13
1200	6
1201	6
1202	6
1203	6
1204	6
1205	6
1206	6
1207	6
1208	6
1209	6
1210	6
1211	6
1212	6
1213	6
1214	6
1215	6
1216	6
1217	6
1218	6
1219	6
1220	6
1221	6
1222	6
1223	6
1224	6
1225	6
1226	6
1227	6
1228	6
1229	6
1230	6
1231	6
1232	6
1233	6
1234	6
1235	6
1236	6
1237	6
1238	6
1239	6
1240	12
1241	12
1242	12
1243	12
1244	12
1245	12
1246	12
1247	12
1248	12
1249	12
1250	12
1251	12
1252	12
1253	13
1254	13
1255	13
1256	13
1257	13
1258	12
1259	12
1260	12
1261	12
1262	12
1263	12
1264	13
1265	13
1266	13
1267	13
1268	13
1269	13
1270	13
1271	13
1272	13
1273	13
1274	13
1275	13
1276	13
1277	13
1278	11
1279	11
1280	11
1281	12
1282	12
1283	12
1284	13
1285	13
1286	13
1287	13
1288	1
1289	11
1290	11
1291	11
1292	11
1293	11
1294	1
1295	11
1296	11
1297	11
1298	11
1299	1
1300	11
1301	11
1302	1
1303	5
1304	5
1305	5
1306	5
1307	5
1308	5
1309	5
1310	5
1311	5
1312	5
1313	5
1314	4
1315	4
1316	4
1317	4
1318	4
1319	4
1320	4
1321	4
1322	4
1323	4
1324	4
1325	4
1326	4
1327	1
1328	4
1329	4
1330	4
1331	1
1332	1
1333	4
1334	4
1335	4
1336	4
1337	4
1338	4
1339	4
1340	4
1341	4
1342	4
1343	4
1344	4
1345	4
1346	5
1347	5
1348	5
1349	5
1350	5
1351	5
1352	5
1353	5
1354	5
1355	5
1356	5
1357	5
1358	5
1359	5
1360	5
1361	5
1362	5
1363	1
1364	1
1365	1
1366	1
1367	1
1368	1
1369	1
1370	1
1371	1
1372	1
1373	1
1374	1
1375	1
1376	1
1377	1
1378	1
1379	1
1380	1
1381	11
1382	11
1383	11
1384	11
1385	11
1386	11
1387	11
1388	11
1389	11
1390	11
1391	11
1392	11
1393	11
1394	11
1395	11
1396	11
1397	13
1398	5
1399	13
1400	13
1401	13
1402	13
1403	13
1404	13
1405	13
1406	13
1407	13
1408	13
1409	13
1410	13
1411	13
1412	13
1413	13
1414	13
1415	13
1416	13
1417	13
1418	13
1419	13
1420	13
1421	13
1422	13
1423	13
1424	13
1425	13
1426	13
1427	13
1428	7
1429	7
1430	7
1431	7
1432	7
1433	7
1434	7
1435	7
1436	7
1437	7
1438	7
1439	7
1440	7
1441	13
1442	13
1443	13
1444	13
1445	13
1446	13
1447	13
1448	13
1449	13
1450	13
1451	13
1452	13
1453	13
1454	13
1455	7
1456	7
1457	7
1458	7
1459	7
1460	7
1461	7
1462	7
1463	7
1464	7
1465	11
1466	11
1467	11
1468	11
1469	11
1470	11
1471	11
1472	11
1473	11
1474	11
1475	11
1476	11
1477	11
1478	11
1479	11
1480	11
1481	11
1482	11
1483	11
1484	11
1485	11
1486	11
1487	11
1488	11
1489	4
1490	4
1491	4
1492	4
1493	4
1494	4
1495	4
1496	4
1497	4
1498	4
1499	4
1500	4
1501	2
1502	2
1503	2
1504	2
1505	2
1506	2
1507	2
1508	2
1509	2
1510	2
1511	2
1512	2
1513	2
1514	2
1515	2
1516	2
1517	2
1518	2
1519	2
1520	2
1521	2
1522	2
1523	2
1524	2
1525	2
1526	2
1527	2
1528	2
1529	8
1530	8
1531	8
1532	8
1533	8
1534	8
1535	8
1536	8
1537	8
1538	8
1539	8
1540	8
1541	8
1542	8
1543	8
1544	8
1545	8
1546	8
1547	8
1548	8
1549	8
1550	8
1551	8
1552	8
1553	7
1554	7
1555	7
1556	7
1557	7
1558	7
1559	7
1560	7
1561	7
1562	7
1563	7
1564	7
1565	7
1566	7
1567	7
1568	7
1569	7
1570	7
1571	7
1572	7
1573	7
1574	7
1575	7
1576	4
1577	4
1578	4
1579	4
1580	4
1581	4
1582	4
1583	4
1584	4
1585	4
1586	4
1587	4
1588	4
1589	4
1590	4
1591	4
1592	4
1593	5
1594	5
1595	5
1596	5
1597	5
1598	5
1599	5
1600	5
1601	5
1602	7
1603	7
1604	7
1605	7
1606	7
1607	7
1608	7
1609	7
1610	7
1611	7
1612	7
1613	7
1614	7
1615	7
1616	7
1617	7
1618	11
1619	11
1620	11
1621	11
1622	11
1623	11
1624	11
1625	11
1626	11
1627	11
1628	11
1629	6
1630	13
1631	6
1632	13
1633	6
1634	6
1635	6
1636	6
1637	6
1638	6
1639	6
1640	6
1641	6
1642	6
1643	6
1644	11
1645	11
1646	11
1647	11
1648	11
1649	6
1650	6
1651	6
1652	6
1653	6
1654	6
1655	6
1656	6
1658	6
1659	6
1660	6
1661	6
1662	6
1663	6
1664	6
1665	6
1666	13
1667	13
1668	13
1669	6
1670	6
1671	6
1672	6
1673	11
1674	6
1675	6
1676	6
1677	11
1678	12
1679	12
1680	12
1681	12
1682	12
1683	12
1684	12
1685	13
1686	13
1687	13
1688	13
1689	13
1690	13
1691	13
1692	13
1693	13
1694	13
1695	13
1696	13
1697	13
1698	13
1699	13
1700	13
1701	7
1702	13
1703	2
1704	2
1705	13
1706	13
1707	13
1708	13
1709	7
1710	13
1711	13
1712	13
1713	11
1714	11
1715	11
1716	11
1717	11
1718	11
1719	11
1720	11
1721	11
1722	11
1723	11
1724	11
1725	13
1726	13
1727	13
1728	11
1729	13
1730	13
1731	13
1732	13
1733	13
1734	13
1735	13
1736	7
1737	7
1738	7
1739	7
1740	7
1741	13
1742	2
1743	2
1744	2
1745	2
1746	2
1747	2
1748	2
1749	2
1750	2
1751	2
1752	2
1753	2
1754	2
1755	2
1756	2
1757	11
1758	11
1759	11
1760	11
1761	2
1762	2
1763	2
1764	2
1765	2
1766	2
1767	2
1768	2
1769	2
1770	2
1771	2
1772	2
1773	2
1774	11
1775	11
1776	11
1777	11
1778	11
1779	11
1780	11
1781	11
1782	11
1783	11
1784	11
1785	11
1786	11
1787	2
1788	2
1789	2
1790	2
1791	2
1792	2
1793	2
1794	2
1795	11
1796	11
1797	11
1798	11
1799	2
1800	2
1801	2
1802	2
1803	2
1804	2
1805	2
1806	2
1807	2
1808	2
1809	7
1810	9
1811	9
1812	9
1813	9
1814	9
1815	9
1816	7
1817	9
1818	7
1819	7
1820	7
1821	7
1822	7
1823	7
1824	9
1825	7
1826	7
1827	9
1828	7
1829	9
1830	12
1831	12
1832	12
1833	12
1834	12
1835	9
1836	9
1837	12
1838	7
1839	9
1840	1
1841	1
1842	1
1843	1
1844	1
1845	7
1846	7
1847	7
1848	7
1849	7
1850	7
1851	9
1852	9
1853	7
1854	9
1855	9
1856	9
1857	11
1858	11
1859	11
1860	11
1861	11
1862	11
1863	9
1864	7
1865	7
1866	7
1867	7
1868	7
1869	7
1870	7
1871	7
1872	12
1873	12
1874	12
1875	12
1876	12
1877	12
1878	12
1879	12
1880	12
1881	12
1882	12
1883	12
1884	12
1885	12
1886	12
1887	12
1888	12
1889	12
1890	12
1891	12
1892	12
1893	12
1894	12
1895	5
1896	5
1897	5
1898	10
1899	10
1900	10
1901	10
1902	10
1903	10
1904	5
1905	5
1906	5
1907	5
1908	5
1909	5
1910	5
1911	5
1912	5
1913	5
1914	5
1915	5
1916	10
1917	10
1918	10
1919	10
1920	10
1921	10
1922	10
1923	10
1924	5
1925	5
1926	5
1927	5
1928	5
1929	5
1930	5
1931	5
1932	5
1933	5
1934	5
1935	5
1936	5
1937	5
1938	5
1939	5
1940	5
1941	5
1942	5
1943	5
1944	5
1945	5
1946	5
1947	5
1948	5
1949	5
1950	5
1951	5
1952	5
1953	5
1954	5
1955	5
1956	5
1957	5
1958	5
1959	5
1960	5
1961	5
1962	5
1963	5
1964	5
1965	5
1966	5
1967	5
1968	5
1969	5
1970	5
1971	5
1972	5
1973	5
1974	5
1975	5
1976	8
1977	8
1978	8
1979	8
1980	8
1981	8
1982	8
1983	8
1984	8
1985	8
1986	8
1987	8
1988	8
1989	8
1990	8
1991	8
1992	8
1993	8
1994	8
1995	8
1996	8
1997	8
1998	8
1999	8
2000	8
2001	8
2002	8
2003	8
2004	8
2005	8
2006	8
2007	8
2008	8
2009	8
2010	8
2011	8
2012	8
2013	8
2014	8
2015	8
2016	8
2017	12
2018	12
2019	12
2020	12
2021	12
2022	12
2023	12
2024	3
2025	12
2026	12
2027	12
2028	12
2029	12
2030	3
2031	3
2032	3
2033	3
2034	3
2035	3
2036	3
2037	3
2038	11
2039	11
2040	11
2041	11
2042	11
2043	12
2044	12
2045	12
2046	3
2047	3
2048	11
2049	11
2050	12
2051	3
2052	3
2053	3
2054	3
2055	3
2056	3
2057	3
2058	8
2059	8
2060	8
2061	8
2062	8
2063	8
2064	8
2065	8
2066	8
2067	8
2068	12
2069	12
2070	12
2071	12
2072	12
2073	11
2074	12
2075	12
2076	12
2077	11
2078	11
2079	12
2080	11
2081	12
2082	12
2083	12
2084	12
2085	12
2086	12
2087	12
2088	12
2089	4
2090	4
2091	4
2092	4
2093	4
2094	4
2095	4
2096	2
2097	2
2098	2
2099	2
2100	2
2101	2
2102	2
2103	2
2104	2
2105	2
2106	2
2107	2
2108	2
2109	2
2110	2
2111	2
2112	2
2113	9
2114	9
2115	9
2116	9
2117	9
2118	2
2119	2
2120	9
2121	9
2122	9
2123	2
2124	12
2125	9
2126	9
2127	9
2128	9
2129	9
2130	9
2131	9
2132	9
2133	2
2134	2
2135	9
2136	2
2137	2
2138	2
2139	9
2140	9
2141	9
2142	9
2143	9
2144	9
2145	9
2146	2
2147	2
2148	9
2149	9
2150	9
2151	9
2152	9
2153	9
2154	9
2155	9
2156	9
2157	9
2158	9
2159	9
2160	9
2161	9
2162	9
2163	9
2164	2
2165	2
2166	2
2167	9
2168	9
2169	9
2170	9
2171	9
2172	9
2173	9
2174	2
2175	2
2176	2
2177	2
2178	9
2179	9
2180	2
2181	2
2182	9
2183	9
2184	9
2185	9
2186	9
2187	9
2188	2
2189	9
2190	9
2191	9
2192	9
2193	9
2194	9
2195	9
2196	9
2197	9
2198	9
2199	2
2200	9
2201	9
2202	9
2203	9
2204	9
2205	9
2206	9
2207	9
2208	9
2209	9
2210	9
2211	9
2212	9
2213	9
2214	9
2215	2
2216	2
2217	9
2218	9
2219	9
2220	9
2221	9
2222	9
2223	2
2224	9
2225	9
2226	9
2227	9
2228	9
2229	9
2230	2
2231	2
2232	9
2233	2
2234	2
2235	9
2236	2
2237	2
2238	2
2239	9
2240	9
2241	9
2242	2
2243	2
2244	9
2245	2
2246	9
2247	2
2248	2
2249	9
2250	9
2251	9
2252	9
2253	2
2254	2
2255	9
2256	2
2257	9
2258	9
2259	9
2260	9
2261	2
2262	2
2263	9
2264	9
2265	9
2266	9
2267	9
2268	9
2269	9
2270	9
2271	2
2272	9
2273	2
2274	9
2275	9
2276	9
2277	2
2278	9
2279	9
2280	9
2281	9
2282	9
2283	9
2284	12
2285	12
2286	9
2287	9
2288	9
2289	9
2290	9
2291	9
2292	9
2293	9
2294	9
2295	9
2296	9
2297	9
2298	2
2299	2
2300	2
2301	9
2302	2
2303	9
2304	9
2305	9
2306	9
2307	9
2308	9
2309	12
2310	12
2311	12
2312	4
2313	4
2314	4
2315	4
2316	4
2317	4
2318	4
2319	4
2320	4
2321	4
2322	4
2323	4
2324	4
2325	4
2326	4
2327	4
2328	4
2329	4
2330	5
2331	5
2332	5
2333	5
2334	5
2335	5
2336	5
2337	5
2338	5
2339	5
2340	5
2341	5
2342	5
2343	5
2344	5
2345	5
2346	4
2347	4
2348	4
2349	4
2350	4
2351	4
2352	4
2353	4
2354	4
2355	4
2356	4
2357	4
2358	4
2359	4
2360	4
2361	4
2362	4
2363	4
2364	4
2365	4
2366	7
2367	7
2368	7
2369	7
2370	7
2371	7
2372	7
2373	7
2374	7
2375	7
2376	7
2377	7
2378	7
2379	7
2380	7
2381	7
2382	7
2383	7
2384	7
2385	7
2386	7
2387	7
2388	7
2389	7
2390	7
2391	7
2392	7
2393	7
2394	7
2395	7
2396	7
2397	7
2398	7
2399	7
2400	7
2401	7
2402	7
2403	7
2404	7
2405	7
2406	7
2407	7
2408	7
2409	7
2410	7
2411	7
2412	7
2413	7
2414	7
2415	10
2416	10
2417	10
2418	10
2419	1
2420	1
2421	1
2422	10
2423	10
2424	10
2425	10
2426	10
2427	1
2428	1
2429	1
2430	1
2431	10
2432	10
2433	10
2434	10
2435	10
2436	10
2437	10
2438	1
2439	1
2440	1
2441	1
2442	10
2443	10
2444	10
2445	1
2446	1
2447	1
2448	10
2449	1
2450	1
2451	1
2452	1
2453	1
2454	10
2455	10
2456	10
2457	10
2458	10
2459	10
2460	1
2461	1
2462	10
2463	10
2464	10
2465	1
2466	1
2467	10
2468	10
2469	10
2470	10
2471	10
2472	1
2473	1
2474	1
2475	10
2476	10
2477	10
2478	10
2479	10
2480	10
2481	10
2482	10
2483	1
2484	10
2485	1
2486	1
2487	10
2488	10
2489	10
2490	1
2491	1
2492	10
2493	10
2494	10
2495	1
2496	1
2497	1
2498	1
2499	1
2500	10
2501	1
2502	10
2503	10
2504	10
2505	10
2506	10
2507	10
2508	1
2509	1
2510	1
2511	1
2512	1
2513	1
2514	1
2515	1
2516	1
2517	1
2518	1
2519	1
2520	10
2521	1
2522	1
2523	1
2524	10
2525	1
2526	1
2527	1
2528	10
2529	1
2530	1
2531	1
2532	1
2533	1
2534	1
2535	1
2536	1
2537	1
2538	1
2539	1
2540	1
2541	1
2542	1
2543	10
2544	1
2545	1
2546	1
2547	10
2548	10
2549	10
2550	1
2551	1
2552	1
2553	1
2554	1
2555	1
2556	1
2557	1
2558	10
2559	10
2560	1
2561	1
2562	1
2563	1
2564	10
2565	1
2566	10
2567	1
2568	1
2569	1
2570	1
2571	1
2572	1
2573	1
2574	1
2575	1
2576	1
2577	1
2578	1
2579	1
2580	1
2581	1
2582	1
2583	1
2584	1
2585	10
2586	10
2587	1
2588	1
2589	1
2590	1
2591	1
2592	1
2593	1
2594	10
2595	10
2596	10
2597	10
2598	10
2599	10
2600	1
2601	1
2602	10
2603	1
2604	1
2605	1
2606	12
2607	12
2608	12
2609	12
2610	12
2611	12
2612	12
2613	12
2614	12
2615	12
2616	12
2617	12
2618	12
2619	12
2620	12
2621	12
2622	12
2623	12
2624	12
2625	12
2626	12
2627	12
2628	12
2629	12
2630	12
2631	12
2632	12
2633	12
2634	12
2635	12
2636	12
2637	12
2638	12
2639	12
2640	8
2641	8
2642	8
2643	8
2644	8
2645	8
2646	8
2647	8
2648	8
2649	8
2650	8
2651	8
2652	8
2653	8
2654	8
2655	8
2656	8
2657	8
2658	8
2659	8
2660	8
2661	8
2662	8
2663	8
2664	8
2665	8
2666	8
2667	8
2668	8
2669	8
2670	3
2671	8
2672	8
2673	8
2674	8
2675	8
2676	8
2677	8
2678	3
2679	8
2680	8
2681	8
2682	8
2683	8
2684	8
2685	8
2686	8
2687	8
2688	5
2689	5
2690	5
2691	5
315	4
1657	6
