0	8
1	8
2	8
3	8
4	8
5	8
6	8
7	9
8	9
9	9
10	9
11	9
12	9
13	9
14	9
15	9
16	9
17	9
18	9
19	9
20	9
21	5
22	5
23	5
24	5
25	5
26	5
27	5
28	5
29	3
30	3
31	3
32	3
33	3
34	3
35	3
36	3
37	3
38	3
39	3
40	3
41	3
42	3
43	3
44	3
45	3
46	3
47	3
48	3
49	3
50	3
51	3
52	3
53	2
54	2
55	2
56	2
57	2
58	3
59	3
60	3
61	3
62	3
63	3
64	3
65	2
66	2
67	2
68	2
69	2
70	2
71	5
72	5
73	5
74	5
75	3
76	3
77	3
78	3
79	3
80	3
81	3
82	3
83	4
84	4
85	4
86	4
87	4
88	4
89	4
90	4
91	4
92	4
93	4
94	4
95	4
96	9
97	9
98	9
99	9
100	9
101	9
102	9
103	9
104	9
105	9
106	9
107	9
108	9
109	9
110	9
111	9
112	9
113	9
114	9
115	9
116	9
117	9
118	9
119	9
120	9
121	9
122	9
123	9
124	9
125	9
126	9
127	9
128	9
129	1
130	1
131	1
132	1
133	1
134	1
135	1
136	1
137	1
138	1
139	1
140	1
141	1
142	1
143	1
144	1
145	1
146	1
147	1
148	1
149	1
150	1
151	1
152	1
153	1
154	1
155	1
156	1
157	1
158	1
159	12
160	1
161	12
162	12
163	1
164	1
165	1
166	1
167	1
168	1
169	1
170	1
171	1
172	1
173	1
174	1
175	1
176	1
177	1
178	1
179	1
180	1
181	1
182	1
183	3
184	3
185	3
186	3
187	3
188	3
189	3
190	3
191	3
192	3
193	3
194	3
195	3
196	3
197	3
198	3
199	3
200	3
201	3
202	3
203	3
204	3
205	3
206	3
207	3
208	5
209	5
210	5
211	5
212	5
213	5
214	5
215	5
216	5
217	5
218	5
219	5
220	5
221	5
222	5
223	5
224	5
225	5
226	5
227	5
228	5
229	5
230	5
231	5
232	5
233	5
234	5
235	5
236	5
237	5
238	5
239	5
240	5
241	5
242	5
243	5
244	5
245	5
246	5
247	5
248	3
249	3
250	3
251	3
252	3
253	3
254	3
255	3
256	3
257	3
258	3
259	3
260	3
261	5
262	5
263	5
264	5
265	5
266	5
267	5
268	13
269	13
270	13
271	5
272	5
273	5
274	5
275	5
276	5
277	5
278	13
279	13
280	13
281	13
282	13
283	13
284	13
285	13
286	13
287	13
288	13
289	13
290	13
291	13
292	13
293	13
294	13
295	13
296	13
297	13
298	13
299	13
300	13
301	13
302	3
303	3
304	3
305	3
306	11
307	11
308	11
309	11
310	11
311	11
312	11
313	11
314	11
316	9
317	9
318	9
319	9
320	9
321	9
322	9
323	9
324	9
325	9
326	9
327	9
328	9
329	9
330	9
331	11
332	11
333	11
334	11
335	11
336	11
337	9
338	9
339	9
340	11
341	11
342	11
343	11
344	11
345	11
346	11
347	11
348	11
349	11
350	11
351	11
352	11
353	11
354	11
355	11
356	4
357	4
358	4
359	4
360	4
361	4
362	4
363	4
364	4
365	4
366	4
367	4
368	4
369	11
370	11
371	11
372	11
373	11
374	11
375	11
376	11
377	11
378	11
379	11
380	11
381	11
382	11
383	11
384	11
385	11
386	11
387	11
388	11
389	9
390	9
391	9
392	9
393	9
394	11
395	11
396	11
397	11
398	9
399	9
400	9
401	9
402	9
403	5
404	5
405	5
406	5
407	5
408	5
409	9
410	8
411	9
412	9
413	8
414	9
415	8
416	9
417	8
418	9
419	9
420	8
421	9
422	8
423	9
424	8
425	1
426	1
427	1
428	1
429	1
430	1
431	1
432	1
433	9
434	8
435	8
436	9
437	9
438	8
439	9
440	8
441	8
442	9
443	8
444	9
445	9
446	1
447	1
448	1
449	1
450	1
451	8
452	9
453	9
454	1
455	1
456	1
457	9
458	9
459	8
460	8
461	9
462	9
463	1
464	1
465	1
466	1
467	1
468	1
469	1
470	1
471	1
472	1
473	9
474	9
475	13
476	13
477	13
478	13
479	13
480	13
481	13
482	13
483	13
484	5
485	5
486	1
487	13
488	13
489	13
490	13
491	13
492	13
493	13
494	13
495	13
496	13
497	13
498	5
499	13
500	1
501	13
502	5
503	13
504	13
505	1
506	5
507	5
508	5
509	5
510	5
511	5
512	5
513	5
514	5
515	5
516	5
517	5
518	5
519	5
520	5
521	5
522	9
523	9
524	9
525	9
526	8
527	8
528	9
529	9
530	9
531	9
532	9
533	9
534	9
535	9
536	9
537	9
538	8
539	8
540	8
541	8
542	8
543	8
544	8
545	8
546	8
547	8
548	8
549	8
550	8
551	8
552	8
553	8
554	8
555	8
556	8
557	8
558	8
559	5
560	5
561	5
562	5
563	5
564	5
565	8
566	8
567	8
568	8
569	8
570	6
571	6
572	6
573	6
574	6
575	6
576	6
577	6
578	6
579	6
580	6
581	8
582	8
583	8
584	8
585	8
586	8
587	13
588	5
589	5
590	5
591	5
592	5
593	5
594	5
595	5
596	13
597	5
598	13
599	5
600	5
601	5
602	5
603	3
604	3
605	3
606	3
607	3
608	3
609	3
610	3
611	3
612	3
613	3
614	3
615	3
616	3
617	13
618	13
619	5
620	13
621	13
622	13
623	13
624	13
625	13
626	13
627	13
628	5
629	5
630	5
631	5
632	5
633	5
634	13
635	5
636	13
637	13
638	13
639	3
640	8
641	3
642	8
643	3
644	8
645	8
646	8
647	8
648	8
649	8
650	8
651	8
652	8
653	3
654	3
655	3
656	8
657	1
658	1
659	13
660	13
661	8
662	8
663	8
664	8
665	8
666	8
667	8
668	8
669	8
670	1
671	1
672	1
673	1
674	1
675	1
676	1
677	1
678	1
679	1
680	8
681	8
682	8
683	8
684	8
685	8
686	8
687	8
688	8
689	8
690	8
691	8
692	8
693	8
694	8
695	8
696	8
697	1
698	1
699	1
700	1
701	1
702	1
703	1
704	1
705	1
706	1
707	1
708	1
709	1
710	1
711	1
712	1
713	1
714	8
715	8
716	5
717	5
718	1
719	1
720	1
721	5
722	5
723	5
724	5
725	5
726	5
727	5
728	5
729	5
730	5
731	5
732	9
733	3
734	9
735	9
736	9
737	13
738	1
739	1
740	1
741	1
742	1
743	13
744	13
745	9
746	9
747	9
748	9
749	9
750	9
751	9
752	9
753	9
754	9
755	9
756	3
757	3
758	9
759	9
760	9
761	9
762	9
763	9
764	9
765	9
766	13
767	1
768	1
769	1
770	9
771	3
772	1
773	1
774	1
775	1
776	13
777	13
778	1
779	1
780	13
781	13
782	13
783	1
784	1
785	5
786	1
787	13
788	1
789	1
790	13
791	5
792	5
793	5
794	5
795	5
796	5
797	5
798	5
799	5
800	5
801	13
802	13
803	13
804	13
805	5
806	5
807	5
808	1
809	1
810	1
811	2
812	2
813	10
814	2
815	10
816	10
817	10
818	2
819	10
820	2
821	2
822	10
823	10
824	10
825	10
826	10
827	10
828	10
829	2
830	2
831	10
832	10
833	10
834	2
835	2
836	2
837	2
838	10
839	10
840	2
841	10
842	2
843	10
844	10
845	10
846	10
847	2
848	10
849	10
850	2
851	10
852	2
853	2
854	10
855	10
856	2
857	2
858	3
859	3
860	3
861	3
862	3
863	3
864	3
865	3
866	3
867	3
868	3
869	3
870	3
871	2
872	10
873	10
874	10
875	10
876	10
877	10
878	10
879	10
880	10
881	10
882	10
883	2
884	10
885	2
886	10
887	10
888	10
889	10
890	10
891	10
892	2
893	10
894	10
895	10
896	10
897	10
898	10
899	10
900	10
901	10
902	10
903	10
904	10
905	10
906	10
907	10
908	10
909	10
910	10
911	2
912	2
913	10
914	10
915	10
916	10
917	10
918	10
919	10
920	10
921	10
922	10
923	2
924	10
925	10
926	10
927	10
928	10
929	10
930	2
931	2
932	10
933	10
934	10
935	10
936	10
937	10
938	10
939	10
940	10
941	10
942	2
943	10
944	10
945	2
946	10
947	10
948	10
949	2
950	10
951	10
952	10
953	10
954	10
955	10
956	10
957	10
958	10
959	10
960	10
961	10
962	2
963	10
964	10
965	10
966	10
967	10
968	10
969	10
970	10
971	10
972	10
973	10
974	10
975	2
976	10
977	10
978	10
979	10
980	10
981	10
982	2
983	2
984	2
985	1
986	1
987	1
988	1
989	1
990	1
991	1
992	1
993	1
994	1
995	1
996	1
997	1
998	1
999	1
1000	1
1001	1
1002	1
1003	1
1004	1
1005	1
1006	1
1007	2
1008	2
1009	1
1010	2
1011	2
1012	2
1013	2
1014	2
1015	2
1016	2
1017	2
1018	2
1019	2
1020	2
1021	2
1022	2
1023	2
1024	2
1025	2
1026	2
1027	2
1028	2
1029	2
1030	2
1031	2
1032	2
1033	2
1034	2
1035	2
1036	2
1037	2
1038	2
1039	2
1040	2
1041	2
1042	2
1043	2
1044	2
1045	2
1046	2
1047	2
1048	2
1049	2
1050	2
1051	2
1052	2
1053	2
1054	2
1055	2
1056	2
1057	2
1058	2
1059	2
1060	2
1061	2
1062	2
1063	2
1064	2
1065	2
1066	2
1067	2
1068	2
1069	2
1070	2
1071	2
1072	2
1073	2
1074	2
1075	3
1076	3
1077	3
1078	3
1079	3
1080	3
1081	3
1082	3
1083	3
1084	3
1085	3
1086	3
1087	13
1088	13
1089	13
1090	13
1091	13
1092	13
1093	13
1094	5
1095	5
1096	5
1097	5
1098	5
1099	5
1100	5
1101	5
1102	5
1103	5
1104	5
1105	5
1106	5
1107	11
1108	11
1109	11
1110	11
1111	11
1112	11
1113	11
1114	11
1115	11
1116	11
1117	11
1118	11
1119	11
1120	11
1121	11
1122	11
1123	11
1124	11
1125	11
1126	11
1127	11
1128	11
1129	11
1130	11
1131	11
1132	11
1133	11
1134	11
1135	11
1136	10
1137	10
1138	10
1139	10
1140	11
1141	11
1142	11
1143	11
1144	11
1145	11
1146	11
1147	11
1148	11
1149	11
1150	11
1151	11
1152	11
1153	11
1154	11
1155	11
1156	11
1157	11
1158	11
1159	11
1160	11
1161	11
1162	11
1163	11
1164	11
1165	11
1166	11
1167	11
1168	11
1169	2
1170	2
1171	2
1172	2
1173	2
1174	2
1175	2
1176	2
1177	2
1178	2
1179	2
1180	2
1181	2
1182	2
1183	2
1184	2
1185	2
1186	2
1187	2
1188	2
1189	2
1190	2
1191	2
1192	2
1193	2
1194	2
1195	2
1196	2
1197	2
1198	2
1199	2
1200	10
1201	10
1202	10
1203	10
1204	10
1205	10
1206	10
1207	10
1208	10
1209	10
1210	10
1211	10
1212	10
1213	10
1214	10
1215	10
1216	10
1217	10
1218	10
1219	10
1220	10
1221	10
1222	10
1223	10
1224	10
1225	10
1226	10
1227	10
1228	10
1229	10
1230	10
1231	10
1232	10
1233	10
1234	10
1235	10
1236	10
1237	10
1238	10
1239	10
1240	13
1241	13
1242	13
1243	5
1244	13
1245	13
1246	13
1247	13
1248	5
1249	5
1250	5
1251	5
1252	5
1253	3
1254	3
1255	3
1256	3
1257	3
1258	5
1259	5
1260	5
1261	5
1262	13
1263	13
1264	3
1265	3
1266	3
1267	3
1268	3
1269	3
1270	3
1271	3
1272	3
1273	3
1274	3
1275	3
1276	3
1277	3
1278	5
1279	5
1280	5
1281	5
1282	13
1283	13
1284	3
1285	3
1286	3
1287	3
1288	11
1289	11
1290	11
1291	5
1292	11
1293	5
1294	11
1295	11
1296	11
1297	11
1298	5
1299	11
1300	5
1301	11
1302	11
1303	3
1304	3
1305	3
1306	3
1307	3
1308	3
1309	3
1310	3
1311	3
1312	3
1313	3
1314	10
1315	10
1316	10
1317	10
1318	10
1319	10
1320	10
1321	10
1322	10
1323	10
1324	10
1325	10
1326	10
1327	10
1328	10
1329	10
1330	10
1331	10
1332	10
1333	10
1334	10
1335	10
1336	10
1337	10
1338	10
1339	10
1340	10
1341	10
1342	10
1343	10
1344	10
1345	10
1346	3
1347	3
1348	3
1349	3
1350	3
1351	3
1352	3
1353	3
1354	3
1355	3
1356	3
1357	3
1358	3
1359	3
1360	3
1361	3
1362	3
1363	10
1364	10
1365	10
1366	10
1367	10
1368	10
1369	4
1370	4
1371	10
1372	10
1373	10
1374	10
1375	10
1376	10
1377	10
1378	10
1379	4
1380	10
1381	5
1382	5
1383	5
1384	5
1385	5
1386	5
1387	5
1388	5
1389	5
1390	5
1391	5
1392	5
1393	5
1394	5
1395	5
1396	5
1397	3
1398	3
1399	3
1400	3
1401	3
1402	3
1403	3
1404	3
1405	3
1406	3
1407	3
1408	3
1409	3
1410	3
1411	3
1412	3
1413	3
1414	3
1415	3
1416	3
1417	3
1418	3
1419	3
1420	3
1421	3
1422	3
1423	3
1424	3
1425	3
1426	3
1427	3
1428	6
1429	6
1430	6
1431	6
1432	6
1433	6
1434	6
1435	6
1436	6
1437	6
1438	6
1439	6
1440	6
1441	9
1442	9
1443	9
1444	9
1445	2
1446	2
1447	9
1448	2
1449	9
1450	2
1451	2
1452	2
1453	2
1454	2
1455	6
1456	6
1457	6
1458	6
1459	6
1460	6
1461	6
1462	6
1463	6
1464	6
1465	5
1466	5
1467	5
1468	5
1469	1
1470	5
1471	5
1472	1
1473	1
1474	5
1475	5
1476	5
1477	5
1478	5
1479	5
1480	5
1481	5
1482	5
1483	5
1484	5
1485	5
1486	5
1487	1
1488	5
1489	9
1490	9
1491	9
1492	9
1493	9
1494	9
1495	9
1496	9
1497	9
1498	9
1499	9
1500	9
1501	8
1502	8
1503	8
1504	8
1505	8
1506	8
1507	8
1508	8
1509	8
1510	8
1511	8
1512	8
1513	8
1514	8
1515	8
1516	8
1517	8
1518	8
1519	8
1520	8
1521	8
1522	8
1523	8
1524	8
1525	8
1526	8
1527	8
1528	8
1529	1
1530	1
1531	1
1532	1
1533	1
1534	1
1535	1
1536	1
1537	1
1538	1
1539	1
1540	1
1541	1
1542	1
1543	1
1544	1
1545	1
1546	1
1547	1
1548	1
1549	1
1550	1
1551	1
1552	4
1553	4
1554	4
1555	4
1556	4
1557	4
1558	4
1559	4
1560	4
1561	4
1562	4
1563	4
1564	4
1565	4
1566	4
1567	4
1568	4
1569	4
1570	4
1571	4
1572	4
1573	4
1574	4
1575	4
1576	3
1577	3
1578	3
1579	3
1580	3
1581	3
1582	3
1583	3
1584	3
1585	3
1586	3
1587	3
1588	3
1589	3
1590	3
1591	3
1592	3
1593	3
1594	3
1595	3
1596	3
1597	3
1598	3
1599	3
1600	3
1601	3
1602	6
1603	6
1604	6
1605	6
1606	6
1607	6
1608	6
1609	6
1610	6
1611	6
1612	6
1613	6
1614	6
1615	6
1616	6
1617	6
1618	5
1619	5
1620	5
1621	5
1622	5
1623	5
1624	5
1625	5
1626	5
1627	5
1628	5
1629	2
1630	2
1631	9
1632	2
1633	2
1634	9
1635	9
1636	9
1637	2
1638	9
1639	2
1640	9
1641	2
1642	2
1643	9
1644	5
1645	5
1646	5
1647	5
1648	5
1649	2
1650	2
1651	2
1652	2
1653	2
1654	2
1655	9
1656	9
1658	9
1659	2
1660	9
1661	9
1662	2
1663	9
1664	9
1665	9
1666	2
1667	9
1668	9
1669	2
1670	2
1671	2
1672	9
1673	5
1674	2
1675	2
1676	9
1677	5
1678	13
1679	13
1680	13
1681	13
1682	13
1683	13
1684	13
1685	9
1686	9
1687	9
1688	9
1689	9
1690	9
1691	9
1692	9
1693	9
1694	9
1695	9
1696	9
1697	9
1698	9
1699	9
1700	9
1701	9
1702	9
1703	6
1704	6
1705	9
1706	9
1707	9
1708	9
1709	9
1710	9
1711	9
1712	9
1713	5
1714	5
1715	5
1716	5
1717	5
1718	5
1719	5
1720	5
1721	5
1722	5
1723	5
1724	5
1725	9
1726	9
1727	9
1728	5
1729	9
1730	9
1731	9
1732	9
1733	9
1734	9
1735	9
1736	9
1737	9
1738	9
1739	9
1740	9
1741	9
1742	8
1743	8
1744	8
1745	8
1746	8
1747	8
1748	8
1749	8
1750	8
1751	8
1752	8
1753	8
1754	8
1755	8
1756	8
1757	5
1758	5
1759	5
1760	5
1761	8
1762	8
1763	8
1764	7
1765	8
1766	8
1767	7
1768	8
1769	8
1770	8
1771	8
1772	8
1773	8
1774	5
1775	5
1776	5
1777	5
1778	5
1779	5
1780	5
1781	5
1782	5
1783	5
1784	5
1785	5
1786	5
1787	8
1788	8
1789	8
1790	8
1791	8
1792	8
1793	8
1794	8
1795	5
1796	5
1797	5
1798	5
1799	8
1800	8
1801	8
1802	8
1803	8
1804	8
1805	8
1806	8
1807	8
1808	8
1809	6
1810	6
1811	6
1812	6
1813	6
1814	6
1815	6
1816	6
1817	6
1818	6
1819	6
1820	6
1821	6
1822	6
1823	6
1824	6
1825	6
1826	6
1827	6
1828	6
1829	6
1830	5
1831	5
1832	5
1833	5
1834	5
1835	6
1836	6
1837	5
1838	6
1839	6
1840	4
1841	4
1842	4
1843	4
1844	4
1845	6
1846	6
1847	6
1848	6
1849	6
1850	6
1851	6
1852	6
1853	6
1854	6
1855	6
1856	6
1857	5
1858	5
1859	5
1860	5
1861	5
1862	5
1863	6
1864	6
1865	6
1866	6
1867	6
1868	6
1869	6
1870	6
1871	6
1872	13
1873	13
1874	13
1875	13
1876	13
1877	13
1878	13
1879	13
1880	13
1881	13
1882	13
1883	13
1884	13
1885	13
1886	13
1887	13
1888	13
1889	13
1890	13
1891	13
1892	13
1893	13
1894	13
1895	8
1896	8
1897	8
1898	11
1899	11
1900	11
1901	11
1902	11
1903	11
1904	3
1905	3
1906	3
1907	3
1908	8
1909	3
1910	3
1911	8
1912	3
1913	3
1914	3
1915	3
1916	11
1917	11
1918	11
1919	11
1920	11
1921	11
1922	11
1923	11
1924	8
1925	8
1926	3
1927	3
1928	8
1929	3
1930	8
1931	3
1932	3
1933	3
1934	3
1935	3
1936	3
1937	8
1938	3
1939	3
1940	8
1941	8
1942	3
1943	3
1944	3
1945	3
1946	3
1947	3
1948	3
1949	3
1950	3
1951	8
1952	8
1953	3
1954	3
1955	3
1956	3
1957	8
1958	3
1959	8
1960	3
1961	3
1962	3
1963	3
1964	3
1965	8
1966	3
1967	3
1968	3
1969	3
1970	8
1971	3
1972	8
1973	3
1974	8
1975	3
1976	4
1977	1
1978	4
1979	1
1980	4
1981	1
1982	1
1983	4
1984	1
1985	1
1986	1
1987	4
1988	4
1989	4
1990	4
1991	1
1992	4
1993	4
1994	4
1995	1
1996	4
1997	4
1998	4
1999	4
2000	4
2001	4
2002	4
2003	4
2004	4
2005	4
2006	4
2007	4
2008	4
2009	1
2010	1
2011	1
2012	1
2013	4
2014	4
2015	1
2016	4
2017	13
2018	13
2019	13
2020	13
2021	13
2022	13
2023	13
2024	13
2025	13
2026	13
2027	13
2028	13
2029	13
2030	1
2031	1
2032	1
2033	1
2034	13
2035	13
2036	13
2037	13
2038	5
2039	5
2040	5
2041	5
2042	5
2043	13
2044	13
2045	13
2046	13
2047	13
2048	5
2049	5
2050	13
2051	13
2052	13
2053	13
2054	13
2055	13
2056	13
2057	13
2058	6
2059	6
2060	6
2061	6
2062	4
2063	6
2064	4
2065	4
2066	4
2067	6
2068	13
2069	13
2070	13
2071	13
2072	13
2073	5
2074	13
2075	13
2076	13
2077	5
2078	5
2079	13
2080	5
2081	13
2082	13
2083	13
2084	13
2085	13
2086	13
2087	13
2088	13
2089	9
2090	9
2091	9
2092	9
2093	9
2094	9
2095	9
2096	8
2097	8
2098	8
2099	8
2100	8
2101	8
2102	8
2103	8
2104	8
2105	8
2106	8
2107	8
2108	8
2109	8
2110	8
2111	8
2112	8
2113	7
2114	7
2115	7
2116	7
2117	7
2118	6
2119	7
2120	7
2121	7
2122	7
2123	6
2124	13
2125	7
2126	7
2127	7
2128	7
2129	7
2130	7
2131	7
2132	7
2133	6
2134	7
2135	7
2136	7
2137	6
2138	6
2139	7
2140	6
2141	7
2142	7
2143	7
2144	7
2145	7
2146	6
2147	6
2148	7
2149	6
2150	7
2151	7
2152	7
2153	7
2154	7
2155	7
2156	7
2157	7
2158	7
2159	7
2160	7
2161	7
2162	7
2163	7
2164	6
2165	6
2166	7
2167	7
2168	7
2169	7
2170	7
2171	7
2172	7
2173	7
2174	6
2175	6
2176	6
2177	6
2178	7
2179	7
2180	6
2181	6
2182	7
2183	7
2184	7
2185	7
2186	7
2187	7
2188	7
2189	7
2190	7
2191	7
2192	7
2193	7
2194	7
2195	7
2196	6
2197	6
2198	7
2199	6
2200	7
2201	7
2202	7
2203	7
2204	7
2205	7
2206	7
2207	7
2208	7
2209	7
2210	7
2211	7
2212	7
2213	7
2214	7
2215	7
2216	7
2217	7
2218	7
2219	7
2220	7
2221	7
2222	7
2223	6
2224	7
2225	7
2226	7
2227	7
2228	7
2229	6
2230	6
2231	6
2232	7
2233	6
2234	6
2235	7
2236	7
2237	6
2238	7
2239	7
2240	7
2241	6
2242	6
2243	6
2244	6
2245	6
2246	7
2247	6
2248	6
2249	7
2250	7
2251	7
2252	7
2253	6
2254	6
2255	7
2256	6
2257	7
2258	7
2259	7
2260	7
2261	6
2262	7
2263	7
2264	7
2265	7
2266	7
2267	7
2268	7
2269	7
2270	7
2271	7
2272	7
2273	7
2274	7
2275	7
2276	7
2277	6
2278	7
2279	7
2280	7
2281	7
2282	7
2283	6
2284	13
2285	13
2286	7
2287	7
2288	7
2289	7
2290	7
2291	7
2292	7
2293	7
2294	7
2295	7
2296	7
2297	7
2298	6
2299	6
2300	6
2301	7
2302	6
2303	7
2304	6
2305	7
2306	7
2307	7
2308	7
2309	13
2310	13
2311	13
2312	2
2313	2
2314	2
2315	2
2316	2
2317	2
2318	2
2319	2
2320	2
2321	2
2322	2
2323	2
2324	2
2325	2
2326	2
2327	2
2328	2
2329	2
2330	3
2331	3
2332	3
2333	3
2334	3
2335	3
2336	3
2337	3
2338	3
2339	3
2340	3
2341	3
2342	3
2343	3
2344	3
2345	3
2346	2
2347	2
2348	2
2349	2
2350	2
2351	2
2352	2
2353	2
2354	2
2355	2
2356	2
2357	2
2358	2
2359	2
2360	2
2361	2
2362	2
2363	2
2364	2
2365	2
2366	6
2367	7
2368	6
2369	7
2370	6
2371	6
2372	6
2373	6
2374	6
2375	6
2376	6
2377	6
2378	6
2379	6
2380	6
2381	6
2382	6
2383	6
2384	6
2385	6
2386	6
2387	6
2388	6
2389	6
2390	6
2391	6
2392	6
2393	6
2394	6
2395	6
2396	6
2397	6
2398	6
2399	6
2400	6
2401	6
2402	6
2403	6
2404	6
2405	6
2406	6
2407	6
2408	6
2409	6
2410	6
2411	6
2412	6
2413	6
2414	6
2415	11
2416	11
2417	11
2418	11
2419	12
2420	12
2421	12
2422	12
2423	11
2424	11
2425	11
2426	12
2427	12
2428	12
2429	12
2430	12
2431	12
2432	12
2433	12
2434	12
2435	11
2436	11
2437	12
2438	12
2439	12
2440	12
2441	12
2442	12
2443	12
2444	11
2445	12
2446	12
2447	12
2448	11
2449	12
2450	12
2451	12
2452	12
2453	12
2454	11
2455	11
2456	11
2457	11
2458	11
2459	11
2460	12
2461	12
2462	11
2463	12
2464	11
2465	12
2466	12
2467	11
2468	12
2469	12
2470	12
2471	12
2472	12
2473	12
2474	12
2475	11
2476	12
2477	11
2478	11
2479	12
2480	12
2481	11
2482	12
2483	12
2484	12
2485	12
2486	12
2487	12
2488	12
2489	12
2490	12
2491	12
2492	12
2493	12
2494	12
2495	12
2496	12
2497	12
2498	12
2499	12
2500	12
2501	12
2502	11
2503	11
2504	11
2505	11
2506	11
2507	11
2508	12
2509	12
2510	11
2511	12
2512	11
2513	12
2514	11
2515	12
2516	12
2517	12
2518	12
2519	12
2520	12
2521	12
2522	12
2523	12
2524	12
2525	12
2526	12
2527	12
2528	12
2529	12
2530	12
2531	12
2532	12
2533	12
2534	12
2535	12
2536	12
2537	12
2538	12
2539	12
2540	12
2541	12
2542	12
2543	12
2544	12
2545	12
2546	12
2547	12
2548	12
2549	12
2550	12
2551	12
2552	12
2553	12
2554	12
2555	12
2556	12
2557	12
2558	11
2559	11
2560	12
2561	12
2562	12
2563	12
2564	12
2565	12
2566	12
2567	12
2568	12
2569	12
2570	12
2571	12
2572	12
2573	12
2574	12
2575	12
2576	12
2577	12
2578	12
2579	12
2580	12
2581	12
2582	12
2583	12
2584	12
2585	11
2586	11
2587	12
2588	12
2589	12
2590	12
2591	12
2592	12
2593	12
2594	11
2595	11
2596	11
2597	11
2598	11
2599	11
2600	12
2601	12
2602	12
2603	12
2604	12
2605	12
2606	13
2607	13
2608	13
2609	13
2610	13
2611	13
2612	13
2613	13
2614	13
2615	13
2616	13
2617	13
2618	13
2619	13
2620	13
2621	13
2622	13
2623	13
2624	13
2625	13
2626	13
2627	13
2628	13
2629	13
2630	13
2631	13
2632	13
2633	13
2634	13
2635	13
2636	13
2637	13
2638	13
2639	13
2640	4
2641	4
2642	4
2643	4
2644	4
2645	4
2646	4
2647	4
2648	4
2649	4
2650	4
2651	4
2652	4
2653	4
2654	4
2655	4
2656	4
2657	1
2658	4
2659	4
2660	4
2661	4
2662	4
2663	4
2664	4
2665	4
2666	4
2667	4
2668	4
2669	4
2670	4
2671	4
2672	4
2673	4
2674	4
2675	4
2676	4
2677	4
2678	4
2679	4
2680	4
2681	4
2682	4
2683	4
2684	4
2685	4
2686	4
2687	4
2688	3
2689	3
2690	3
2691	3
315	9
1657	9
