0	13
1	13
2	13
3	13
4	13
5	13
6	13
7	11
8	11
9	11
10	11
11	11
12	11
13	11
14	11
15	11
16	11
17	11
18	11
19	11
20	11
21	2
22	2
23	2
24	2
25	2
26	2
27	2
28	2
29	7
30	7
31	7
32	7
33	7
34	7
35	7
36	7
37	7
38	7
39	7
40	7
41	7
42	7
43	7
44	7
45	7
46	7
47	7
48	7
49	1
50	1
51	1
52	1
53	5
54	5
55	5
56	5
57	5
58	1
59	1
60	1
61	1
62	1
63	1
64	1
65	5
66	5
67	5
68	5
69	5
70	5
71	2
72	2
73	2
74	2
75	1
76	1
77	1
78	1
79	1
80	1
81	1
82	1
83	12
84	12
85	12
86	12
87	12
88	12
89	12
90	12
91	12
92	12
93	12
94	12
95	12
96	11
97	11
98	11
99	11
100	11
101	11
102	11
103	11
104	11
105	11
106	11
107	11
108	11
109	11
110	11
111	11
112	11
113	11
114	11
115	11
116	11
117	11
118	11
119	11
120	11
121	11
122	11
123	11
124	11
125	11
126	11
127	11
128	11
129	8
130	8
131	8
132	8
133	8
134	8
135	8
136	8
137	8
138	8
139	8
140	8
141	8
142	8
143	8
144	8
145	8
146	8
147	8
148	8
149	8
150	8
151	8
152	8
153	8
154	8
155	8
156	8
157	8
158	8
159	8
160	8
161	8
162	8
163	8
164	8
165	8
166	3
167	3
168	3
169	3
170	3
171	3
172	3
173	3
174	3
175	3
176	3
177	3
178	3
179	3
180	3
181	3
182	3
183	1
184	1
185	1
186	1
187	1
188	1
189	1
190	1
191	1
192	1
193	1
194	1
195	1
196	1
197	1
198	1
199	1
200	1
201	1
202	1
203	1
204	1
205	1
206	1
207	1
208	2
209	2
210	2
211	2
212	2
213	2
214	2
215	2
216	2
217	2
218	2
219	2
220	2
221	2
222	2
223	2
224	2
225	2
226	2
227	2
228	2
229	2
230	2
231	2
232	2
233	2
234	2
235	2
236	2
237	2
238	2
239	2
240	2
241	2
242	2
243	2
244	2
245	2
246	2
247	2
248	1
249	1
250	1
251	1
252	1
253	1
254	1
255	1
256	1
257	1
258	1
259	1
260	1
261	9
262	9
263	9
264	9
265	9
266	9
267	9
268	9
269	9
270	9
271	9
272	9
273	9
274	9
275	9
276	9
277	9
278	9
279	9
280	9
281	9
282	9
283	9
284	9
285	9
286	9
287	9
288	9
289	9
290	9
291	9
292	9
293	9
294	9
295	9
296	9
297	9
298	9
299	9
300	9
301	9
302	1
303	1
304	1
305	1
306	5
307	5
308	5
309	12
310	12
311	12
312	5
313	5
314	12
316	7
317	7
318	7
319	7
320	7
321	7
322	7
323	7
324	7
325	7
326	7
327	7
328	7
329	7
330	7
331	5
332	5
333	5
334	5
335	5
336	12
337	7
338	7
339	7
340	5
341	5
342	5
343	5
344	5
345	5
346	5
347	5
348	5
349	5
350	12
351	5
352	5
353	12
354	5
355	5
356	8
357	8
358	8
359	8
360	8
361	8
362	8
363	8
364	8
365	8
366	8
367	8
368	8
369	12
370	5
371	5
372	12
373	12
374	12
375	12
376	12
377	5
378	5
379	5
380	5
381	5
382	5
383	5
384	5
385	5
386	5
387	5
388	5
389	7
390	7
391	7
392	7
393	7
394	5
395	5
396	5
397	12
398	7
399	7
400	7
401	7
402	7
403	2
404	2
405	2
406	2
407	2
408	2
409	13
410	13
411	13
412	13
413	13
414	13
415	13
416	13
417	13
418	13
419	13
420	13
421	13
422	13
423	13
424	13
425	3
426	3
427	3
428	3
429	3
430	3
431	3
432	3
433	13
434	13
435	13
436	13
437	13
438	13
439	13
440	13
441	13
442	13
443	13
444	13
445	13
446	3
447	3
448	3
449	3
450	3
451	13
452	13
453	13
454	3
455	3
456	3
457	13
458	13
459	13
460	13
461	13
462	13
463	3
464	3
465	3
466	3
467	3
468	3
469	3
470	3
471	3
472	3
473	13
474	13
475	9
476	9
477	3
478	3
479	3
480	3
481	3
482	3
483	3
484	2
485	2
486	3
487	3
488	3
489	9
490	9
491	9
492	9
493	9
494	9
495	3
496	3
497	3
498	2
499	3
500	3
501	3
502	2
503	3
504	3
505	3
506	2
507	2
508	2
509	2
510	2
511	2
512	2
513	2
514	2
515	2
516	2
517	2
518	2
519	2
520	2
521	2
522	4
523	4
524	4
525	4
526	1
527	1
528	4
529	4
530	4
531	4
532	4
533	4
534	4
535	4
536	4
537	4
538	1
539	1
540	1
541	1
542	1
543	1
544	1
545	1
546	1
547	1
548	1
549	1
550	1
551	1
552	1
553	1
554	1
555	1
556	1
557	1
558	1
559	2
560	2
561	2
562	2
563	2
564	2
565	1
566	1
567	1
568	1
569	1
570	4
571	4
572	4
573	4
574	4
575	4
576	4
577	4
578	4
579	4
580	4
581	1
582	1
583	1
584	1
585	1
586	1
587	9
588	2
589	2
590	2
591	2
592	2
593	2
594	9
595	2
596	9
597	2
598	9
599	2
600	2
601	2
602	2
603	1
604	1
605	1
606	1
607	1
608	1
609	1
610	1
611	1
612	1
613	1
614	1
615	1
616	1
617	2
618	9
619	2
620	9
621	9
622	9
623	9
624	9
625	9
626	9
627	9
628	2
629	2
630	2
631	2
632	2
633	9
634	9
635	2
636	2
637	2
638	9
639	1
640	1
641	1
642	1
643	1
644	1
645	1
646	1
647	1
648	1
649	1
650	1
651	1
652	1
653	1
654	1
655	1
656	1
657	9
658	3
659	9
660	9
661	13
662	13
663	13
664	13
665	13
666	13
667	13
668	13
669	13
670	3
671	3
672	3
673	3
674	3
675	3
676	3
677	3
678	3
679	3
680	13
681	13
682	13
683	13
684	13
685	13
686	13
687	13
688	13
689	13
690	13
691	13
692	13
693	13
694	13
695	13
696	13
697	3
698	3
699	3
700	3
701	3
702	3
703	3
704	3
705	3
706	3
707	3
708	3
709	3
710	3
711	3
712	3
713	3
714	13
715	13
716	2
717	2
718	3
719	3
720	3
721	2
722	2
723	2
724	2
725	2
726	2
727	2
728	2
729	2
730	2
731	2
732	7
733	7
734	7
735	7
736	7
737	3
738	3
739	3
740	3
741	3
742	3
743	9
744	9
745	7
746	7
747	7
748	7
749	7
750	7
751	7
752	7
753	7
754	7
755	7
756	7
757	7
758	7
759	7
760	7
761	7
762	7
763	7
764	7
765	7
766	9
767	9
768	3
769	9
770	7
771	7
772	9
773	9
774	9
775	3
776	3
777	9
778	3
779	3
780	3
781	3
782	3
783	3
784	3
785	2
786	3
787	9
788	9
789	3
790	9
791	2
792	2
793	2
794	2
795	2
796	2
797	2
798	2
799	2
800	2
801	3
802	9
803	9
804	9
805	2
806	2
807	2
808	9
809	9
810	3
811	7
812	5
813	5
814	7
815	7
816	5
817	7
818	5
819	5
820	5
821	7
822	5
823	7
824	5
825	5
826	5
827	5
828	5
829	5
830	7
831	7
832	5
833	5
834	7
835	7
836	7
837	7
838	7
839	5
840	7
841	5
842	7
843	7
844	7
845	5
846	5
847	5
848	5
849	5
850	5
851	5
852	7
853	7
854	5
855	5
856	5
857	5
858	1
859	1
860	1
861	1
862	1
863	1
864	1
865	1
866	1
867	1
868	1
869	1
870	1
871	7
872	7
873	5
874	5
875	5
876	5
877	5
878	5
879	5
880	5
881	7
882	7
883	7
884	5
885	7
886	5
887	5
888	5
889	5
890	5
891	5
892	5
893	7
894	7
895	7
896	7
897	5
898	5
899	5
900	5
901	5
902	7
903	7
904	7
905	7
906	5
907	5
908	5
909	5
910	5
911	5
912	5
913	5
914	7
915	7
916	5
917	7
918	5
919	5
920	5
921	5
922	5
923	5
924	5
925	7
926	5
927	7
928	7
929	5
930	5
931	5
932	5
933	5
934	5
935	7
936	7
937	5
938	5
939	5
940	5
941	5
942	5
943	5
944	5
945	5
946	5
947	5
948	7
949	5
950	5
951	5
952	5
953	5
954	5
955	5
956	5
957	7
958	7
959	5
960	5
961	5
962	5
963	7
964	7
965	7
966	5
967	5
968	5
969	7
970	5
971	5
972	7
973	7
974	5
975	5
976	7
977	7
978	5
979	5
980	5
981	5
982	7
983	7
984	11
985	3
986	8
987	8
988	3
989	3
990	3
991	3
992	3
993	3
994	3
995	3
996	8
997	3
998	3
999	3
1000	3
1001	3
1002	3
1003	3
1004	3
1005	8
1006	8
1007	11
1008	11
1009	3
1010	11
1011	7
1012	11
1013	11
1014	7
1015	7
1016	7
1017	11
1018	11
1019	7
1020	11
1021	7
1022	11
1023	11
1024	7
1025	7
1026	7
1027	11
1028	7
1029	7
1030	7
1031	7
1032	7
1033	7
1034	7
1035	11
1036	7
1037	11
1038	7
1039	11
1040	7
1041	11
1042	11
1043	7
1044	7
1045	7
1046	7
1047	7
1048	11
1049	7
1050	7
1051	11
1052	11
1053	7
1054	11
1055	7
1056	11
1057	11
1058	11
1059	7
1060	11
1061	11
1062	11
1063	7
1064	7
1065	11
1066	11
1067	11
1068	11
1069	7
1070	11
1071	7
1072	7
1073	7
1074	7
1075	1
1076	1
1077	1
1078	1
1079	1
1080	1
1081	1
1082	1
1083	1
1084	1
1085	1
1086	1
1087	9
1088	9
1089	9
1090	9
1091	9
1092	9
1093	9
1094	2
1095	2
1096	2
1097	2
1098	2
1099	2
1100	2
1101	2
1102	2
1103	2
1104	2
1105	2
1106	2
1107	12
1108	12
1109	12
1110	12
1111	12
1112	12
1113	12
1114	5
1115	12
1116	5
1117	12
1118	5
1119	12
1120	12
1121	12
1122	5
1123	12
1124	5
1125	5
1126	12
1127	12
1128	12
1129	12
1130	12
1131	5
1132	5
1133	5
1134	12
1135	12
1136	5
1137	5
1138	12
1139	5
1140	12
1141	12
1142	12
1143	12
1144	12
1145	12
1146	5
1147	5
1148	12
1149	12
1150	12
1151	12
1152	12
1153	5
1154	2
1155	2
1156	2
1157	2
1158	5
1159	2
1160	2
1161	2
1162	2
1163	5
1164	5
1165	2
1166	5
1167	5
1168	2
1169	11
1170	11
1171	11
1172	11
1173	11
1174	11
1175	11
1176	7
1177	11
1178	7
1179	7
1180	11
1181	7
1182	7
1183	11
1184	11
1185	11
1186	11
1187	11
1188	7
1189	11
1190	11
1191	11
1192	11
1193	11
1194	11
1195	7
1196	11
1197	7
1198	11
1199	7
1200	12
1201	12
1202	12
1203	12
1204	12
1205	12
1206	12
1207	12
1208	12
1209	12
1210	12
1211	12
1212	12
1213	12
1214	12
1215	12
1216	12
1217	12
1218	12
1219	12
1220	12
1221	12
1222	12
1223	12
1224	12
1225	12
1226	12
1227	12
1228	12
1229	12
1230	12
1231	12
1232	12
1233	12
1234	12
1235	12
1236	12
1237	12
1238	12
1239	12
1240	9
1241	9
1242	9
1243	9
1244	9
1245	9
1246	9
1247	9
1248	2
1249	2
1250	2
1251	2
1252	9
1253	1
1254	1
1255	1
1256	1
1257	1
1258	2
1259	9
1260	2
1261	2
1262	9
1263	9
1264	1
1265	1
1266	1
1267	1
1268	1
1269	1
1270	1
1271	1
1272	1
1273	1
1274	1
1275	1
1276	1
1277	1
1278	2
1279	2
1280	2
1281	2
1282	9
1283	9
1284	1
1285	1
1286	1
1287	1
1288	2
1289	2
1290	2
1291	2
1292	2
1293	2
1294	2
1295	2
1296	2
1297	2
1298	2
1299	2
1300	2
1301	2
1302	2
1303	1
1304	1
1305	1
1306	1
1307	1
1308	1
1309	1
1310	1
1311	1
1312	1
1313	1
1314	12
1315	12
1316	12
1317	12
1318	5
1319	12
1320	5
1321	12
1322	5
1323	12
1324	12
1325	12
1326	5
1327	12
1328	12
1329	12
1330	12
1331	12
1332	12
1333	12
1334	12
1335	5
1336	5
1337	12
1338	12
1339	5
1340	5
1341	5
1342	5
1343	5
1344	12
1345	5
1346	1
1347	13
1348	13
1349	13
1350	13
1351	1
1352	1
1353	13
1354	13
1355	13
1356	13
1357	13
1358	13
1359	13
1360	13
1361	13
1362	1
1363	12
1364	12
1365	12
1366	12
1367	12
1368	12
1369	12
1370	12
1371	12
1372	12
1373	12
1374	12
1375	12
1376	12
1377	12
1378	12
1379	12
1380	12
1381	2
1382	2
1383	2
1384	2
1385	2
1386	2
1387	2
1388	2
1389	2
1390	2
1391	2
1392	2
1393	2
1394	2
1395	2
1396	2
1397	13
1398	1
1399	13
1400	13
1401	13
1402	13
1403	1
1404	13
1405	13
1406	13
1407	13
1408	13
1409	13
1410	13
1411	13
1412	13
1413	13
1414	13
1415	13
1416	13
1417	13
1418	13
1419	13
1420	13
1421	13
1422	13
1423	13
1424	13
1425	13
1426	13
1427	13
1428	4
1429	4
1430	4
1431	4
1432	4
1433	4
1434	4
1435	4
1436	4
1437	4
1438	4
1439	4
1440	4
1441	11
1442	11
1443	11
1444	11
1445	11
1446	11
1447	11
1448	11
1449	11
1450	11
1451	11
1452	11
1453	11
1454	11
1455	4
1456	4
1457	4
1458	4
1459	4
1460	4
1461	4
1462	4
1463	4
1464	4
1465	2
1466	2
1467	3
1468	3
1469	3
1470	2
1471	2
1472	3
1473	3
1474	2
1475	2
1476	3
1477	2
1478	3
1479	2
1480	2
1481	3
1482	2
1483	2
1484	3
1485	2
1486	2
1487	3
1488	3
1489	7
1490	7
1491	7
1492	7
1493	7
1494	7
1495	7
1496	7
1497	7
1498	7
1499	7
1500	7
1501	13
1502	13
1503	13
1504	13
1505	13
1506	13
1507	13
1508	13
1509	13
1510	13
1511	13
1512	13
1513	13
1514	13
1515	13
1516	13
1517	13
1518	13
1519	13
1520	13
1521	13
1522	13
1523	13
1524	13
1525	13
1526	13
1527	13
1528	13
1529	3
1530	3
1531	3
1532	3
1533	3
1534	3
1535	3
1536	3
1537	3
1538	3
1539	3
1540	3
1541	3
1542	3
1543	3
1544	3
1545	3
1546	3
1547	3
1548	3
1549	3
1550	3
1551	3
1552	12
1553	12
1554	12
1555	12
1556	12
1557	12
1558	12
1559	12
1560	12
1561	12
1562	12
1563	12
1564	12
1565	12
1566	12
1567	12
1568	12
1569	12
1570	12
1571	12
1572	12
1573	12
1574	12
1575	12
1576	7
1577	7
1578	7
1579	7
1580	7
1581	7
1582	7
1583	7
1584	7
1585	7
1586	7
1587	7
1588	7
1589	7
1590	7
1591	7
1592	7
1593	1
1594	1
1595	1
1596	1
1597	1
1598	1
1599	1
1600	1
1601	1
1602	4
1603	4
1604	4
1605	4
1606	4
1607	4
1608	4
1609	4
1610	4
1611	4
1612	4
1613	4
1614	4
1615	4
1616	4
1617	4
1618	2
1619	2
1620	2
1621	2
1622	2
1623	2
1624	2
1625	2
1626	2
1627	2
1628	2
1629	11
1630	11
1631	11
1632	11
1633	11
1634	11
1635	11
1636	11
1637	11
1638	11
1639	11
1640	11
1641	11
1642	11
1643	11
1644	2
1645	2
1646	2
1647	2
1648	2
1649	11
1650	11
1651	11
1652	11
1653	11
1654	11
1655	11
1656	11
1658	11
1659	11
1660	11
1661	11
1662	11
1663	11
1664	11
1665	11
1666	11
1667	11
1668	11
1669	11
1670	11
1671	11
1672	11
1673	2
1674	11
1675	11
1676	11
1677	2
1678	9
1679	9
1680	9
1681	9
1682	9
1683	9
1684	9
1685	13
1686	13
1687	13
1688	13
1689	13
1690	13
1691	13
1692	13
1693	13
1694	13
1695	13
1696	13
1697	13
1698	13
1699	13
1700	13
1701	11
1702	11
1703	4
1704	4
1705	11
1706	11
1707	11
1708	11
1709	11
1710	11
1711	11
1712	11
1713	2
1714	2
1715	2
1716	2
1717	2
1718	2
1719	2
1720	2
1721	2
1722	2
1723	2
1724	2
1725	11
1726	11
1727	11
1728	2
1729	11
1730	11
1731	11
1732	11
1733	11
1734	11
1735	11
1736	11
1737	11
1738	11
1739	11
1740	11
1741	11
1742	13
1743	13
1744	10
1745	10
1746	13
1747	10
1748	13
1749	10
1750	13
1751	13
1752	13
1753	13
1754	13
1755	13
1756	10
1757	2
1758	2
1759	2
1760	2
1761	13
1762	13
1763	13
1764	10
1765	13
1766	13
1767	13
1768	10
1769	13
1770	13
1771	13
1772	13
1773	13
1774	2
1775	2
1776	2
1777	2
1778	2
1779	2
1780	2
1781	2
1782	2
1783	2
1784	2
1785	2
1786	2
1787	13
1788	10
1789	13
1790	13
1791	13
1792	13
1793	13
1794	13
1795	2
1796	2
1797	2
1798	2
1799	13
1800	13
1801	13
1802	13
1803	10
1804	10
1805	13
1806	10
1807	13
1808	10
1809	11
1810	4
1811	4
1812	4
1813	4
1814	4
1815	4
1816	4
1817	4
1818	11
1819	4
1820	11
1821	4
1822	11
1823	4
1824	4
1825	11
1826	11
1827	4
1828	11
1829	4
1830	9
1831	9
1832	9
1833	9
1834	9
1835	4
1836	4
1837	9
1838	11
1839	4
1840	12
1841	12
1842	12
1843	12
1844	12
1845	11
1846	4
1847	4
1848	4
1849	11
1850	4
1851	4
1852	4
1853	4
1854	4
1855	4
1856	4
1857	2
1858	2
1859	2
1860	2
1861	2
1862	2
1863	4
1864	4
1865	4
1866	4
1867	4
1868	11
1869	4
1870	11
1871	11
1872	9
1873	9
1874	9
1875	9
1876	9
1877	9
1878	9
1879	9
1880	9
1881	9
1882	9
1883	9
1884	9
1885	9
1886	9
1887	9
1888	9
1889	9
1890	9
1891	9
1892	9
1893	9
1894	9
1895	1
1896	1
1897	1
1898	5
1899	5
1900	5
1901	5
1902	5
1903	5
1904	1
1905	1
1906	1
1907	1
1908	1
1909	1
1910	1
1911	1
1912	1
1913	1
1914	1
1915	1
1916	5
1917	5
1918	5
1919	5
1920	5
1921	5
1922	5
1923	5
1924	1
1925	1
1926	1
1927	1
1928	1
1929	1
1930	1
1931	1
1932	1
1933	1
1934	1
1935	1
1936	1
1937	1
1938	1
1939	1
1940	1
1941	1
1942	1
1943	1
1944	1
1945	1
1946	1
1947	1
1948	1
1949	1
1950	1
1951	1
1952	1
1953	1
1954	1
1955	1
1956	1
1957	1
1958	1
1959	1
1960	1
1961	1
1962	1
1963	1
1964	1
1965	1
1966	1
1967	1
1968	1
1969	1
1970	1
1971	1
1972	1
1973	1
1974	1
1975	1
1976	3
1977	3
1978	3
1979	3
1980	3
1981	3
1982	3
1983	3
1984	3
1985	3
1986	3
1987	3
1988	3
1989	3
1990	3
1991	3
1992	3
1993	3
1994	3
1995	3
1996	3
1997	3
1998	3
1999	3
2000	3
2001	3
2002	3
2003	3
2004	3
2005	3
2006	3
2007	3
2008	3
2009	3
2010	3
2011	3
2012	3
2013	3
2014	3
2015	3
2016	3
2017	9
2018	9
2019	9
2020	9
2021	9
2022	9
2023	9
2024	3
2025	9
2026	9
2027	9
2028	9
2029	9
2030	3
2031	3
2032	3
2033	3
2034	3
2035	3
2036	3
2037	9
2038	2
2039	2
2040	2
2041	2
2042	2
2043	9
2044	9
2045	9
2046	3
2047	3
2048	2
2049	2
2050	9
2051	3
2052	3
2053	9
2054	9
2055	3
2056	9
2057	3
2058	12
2059	12
2060	12
2061	12
2062	12
2063	12
2064	12
2065	12
2066	12
2067	12
2068	9
2069	9
2070	9
2071	9
2072	9
2073	2
2074	9
2075	9
2076	9
2077	2
2078	2
2079	9
2080	2
2081	9
2082	9
2083	9
2084	9
2085	9
2086	9
2087	9
2088	9
2089	7
2090	7
2091	7
2092	7
2093	7
2094	7
2095	7
2096	13
2097	13
2098	13
2099	13
2100	13
2101	13
2102	13
2103	13
2104	13
2105	13
2106	13
2107	13
2108	13
2109	13
2110	13
2111	13
2112	13
2113	10
2114	4
2115	4
2116	4
2117	4
2118	10
2119	10
2120	10
2121	4
2122	10
2123	10
2124	9
2125	4
2126	4
2127	4
2128	4
2129	4
2130	10
2131	10
2132	10
2133	10
2134	10
2135	10
2136	10
2137	10
2138	10
2139	10
2140	10
2141	10
2142	10
2143	10
2144	10
2145	10
2146	10
2147	10
2148	10
2149	10
2150	4
2151	4
2152	4
2153	4
2154	10
2155	10
2156	10
2157	10
2158	4
2159	10
2160	4
2161	4
2162	4
2163	4
2164	4
2165	4
2166	10
2167	10
2168	10
2169	4
2170	4
2171	10
2172	10
2173	4
2174	10
2175	10
2176	10
2177	10
2178	4
2179	4
2180	4
2181	4
2182	4
2183	4
2184	4
2185	4
2186	4
2187	4
2188	10
2189	10
2190	4
2191	10
2192	4
2193	4
2194	10
2195	10
2196	10
2197	10
2198	10
2199	10
2200	4
2201	10
2202	10
2203	10
2204	4
2205	4
2206	4
2207	4
2208	10
2209	4
2210	4
2211	10
2212	10
2213	4
2214	10
2215	10
2216	10
2217	10
2218	10
2219	10
2220	10
2221	10
2222	10
2223	10
2224	4
2225	10
2226	10
2227	4
2228	10
2229	10
2230	4
2231	4
2232	4
2233	10
2234	10
2235	10
2236	10
2237	10
2238	10
2239	4
2240	4
2241	10
2242	10
2243	10
2244	10
2245	10
2246	4
2247	4
2248	4
2249	4
2250	4
2251	4
2252	10
2253	10
2254	10
2255	10
2256	4
2257	10
2258	4
2259	4
2260	4
2261	4
2262	4
2263	4
2264	4
2265	4
2266	10
2267	4
2268	10
2269	10
2270	10
2271	10
2272	10
2273	10
2274	10
2275	4
2276	4
2277	10
2278	10
2279	10
2280	10
2281	10
2282	10
2283	10
2284	9
2285	9
2286	10
2287	10
2288	10
2289	4
2290	10
2291	10
2292	10
2293	4
2294	4
2295	4
2296	4
2297	10
2298	10
2299	10
2300	10
2301	4
2302	10
2303	10
2304	10
2305	4
2306	4
2307	10
2308	10
2309	9
2310	9
2311	9
2312	7
2313	7
2314	7
2315	7
2316	7
2317	7
2318	7
2319	7
2320	7
2321	7
2322	7
2323	7
2324	7
2325	7
2326	7
2327	7
2328	7
2329	7
2330	1
2331	1
2332	1
2333	1
2334	1
2335	1
2336	1
2337	1
2338	1
2339	1
2340	1
2341	1
2342	1
2343	1
2344	1
2345	1
2346	7
2347	7
2348	7
2349	7
2350	7
2351	7
2352	7
2353	7
2354	7
2355	7
2356	7
2357	7
2358	7
2359	7
2360	7
2361	7
2362	7
2363	7
2364	7
2365	7
2366	10
2367	10
2368	10
2369	10
2370	10
2371	10
2372	10
2373	10
2374	10
2375	10
2376	10
2377	10
2378	10
2379	10
2380	10
2381	10
2382	10
2383	10
2384	10
2385	10
2386	10
2387	10
2388	10
2389	10
2390	10
2391	10
2392	10
2393	10
2394	10
2395	10
2396	10
2397	10
2398	10
2399	10
2400	10
2401	10
2402	10
2403	10
2404	10
2405	10
2406	10
2407	10
2408	10
2409	10
2410	10
2411	10
2412	10
2413	10
2414	10
2415	6
2416	6
2417	6
2418	6
2419	6
2420	6
2421	6
2422	6
2423	6
2424	6
2425	6
2426	6
2427	6
2428	6
2429	6
2430	6
2431	6
2432	6
2433	6
2434	6
2435	6
2436	6
2437	6
2438	6
2439	6
2440	6
2441	6
2442	6
2443	6
2444	6
2445	6
2446	6
2447	6
2448	6
2449	8
2450	8
2451	8
2452	8
2453	8
2454	6
2455	6
2456	6
2457	6
2458	6
2459	6
2460	6
2461	6
2462	6
2463	6
2464	6
2465	6
2466	6
2467	6
2468	6
2469	6
2470	6
2471	6
2472	6
2473	6
2474	6
2475	6
2476	6
2477	6
2478	6
2479	6
2480	6
2481	6
2482	6
2483	6
2484	6
2485	8
2486	8
2487	6
2488	6
2489	8
2490	8
2491	6
2492	6
2493	6
2494	6
2495	8
2496	6
2497	6
2498	6
2499	6
2500	6
2501	8
2502	6
2503	6
2504	6
2505	6
2506	6
2507	6
2508	6
2509	6
2510	6
2511	6
2512	6
2513	6
2514	6
2515	6
2516	8
2517	6
2518	6
2519	6
2520	6
2521	8
2522	6
2523	6
2524	6
2525	6
2526	6
2527	6
2528	6
2529	6
2530	6
2531	6
2532	6
2533	6
2534	6
2535	6
2536	6
2537	6
2538	6
2539	8
2540	6
2541	8
2542	6
2543	6
2544	8
2545	6
2546	8
2547	6
2548	6
2549	6
2550	6
2551	6
2552	6
2553	8
2554	8
2555	8
2556	8
2557	8
2558	6
2559	6
2560	6
2561	6
2562	6
2563	6
2564	6
2565	6
2566	6
2567	6
2568	6
2569	6
2570	6
2571	6
2572	6
2573	6
2574	6
2575	8
2576	8
2577	8
2578	8
2579	8
2580	8
2581	6
2582	6
2583	8
2584	8
2585	6
2586	6
2587	6
2588	6
2589	6
2590	6
2591	6
2592	6
2593	6
2594	6
2595	6
2596	6
2597	6
2598	6
2599	6
2600	6
2601	6
2602	6
2603	6
2604	6
2605	6
2606	9
2607	9
2608	9
2609	9
2610	9
2611	9
2612	9
2613	9
2614	9
2615	9
2616	9
2617	9
2618	9
2619	9
2620	9
2621	9
2622	9
2623	9
2624	9
2625	9
2626	9
2627	9
2628	9
2629	9
2630	9
2631	9
2632	9
2633	9
2634	9
2635	9
2636	9
2637	9
2638	9
2639	9
2640	8
2641	8
2642	8
2643	8
2644	8
2645	8
2646	8
2647	8
2648	8
2649	8
2650	8
2651	8
2652	8
2653	8
2654	8
2655	8
2656	8
2657	8
2658	8
2659	8
2660	8
2661	8
2662	8
2663	8
2664	8
2665	12
2666	8
2667	8
2668	8
2669	8
2670	8
2671	12
2672	8
2673	8
2674	8
2675	8
2676	8
2677	8
2678	8
2679	8
2680	8
2681	8
2682	8
2683	12
2684	12
2685	8
2686	12
2687	12
2688	1
2689	1
2690	1
2691	1
315	7
1657	11
