0	7
1	7
2	7
3	7
4	7
5	7
6	7
7	13
8	13
9	13
10	13
11	13
12	13
13	13
14	13
15	13
16	13
17	13
18	13
19	13
20	2
21	3
22	3
23	3
24	3
25	3
26	3
27	3
28	3
29	13
30	13
31	13
32	13
33	13
34	13
35	13
36	13
37	13
38	13
39	13
40	13
41	13
42	13
43	13
44	13
45	13
46	13
47	13
48	13
49	13
50	2
51	13
52	13
53	9
54	9
55	9
56	9
57	9
58	13
59	2
60	2
61	2
62	2
63	13
64	2
65	9
66	9
67	9
68	9
69	9
70	9
71	3
72	3
73	3
74	3
75	13
76	13
77	13
78	13
79	13
80	13
81	2
82	13
83	8
84	8
85	8
86	8
87	8
88	8
89	8
90	8
91	8
92	8
93	8
94	8
95	8
96	13
97	13
98	13
99	13
100	13
101	13
102	13
103	13
104	13
105	13
106	13
107	13
108	13
109	13
110	13
111	13
112	13
113	13
114	13
115	13
116	13
117	13
118	13
119	13
120	13
121	13
122	13
123	13
124	13
125	13
126	13
127	13
128	13
129	12
130	12
131	12
132	12
133	12
134	12
135	12
136	12
137	12
138	12
139	12
140	12
141	12
142	12
143	12
144	12
145	12
146	12
147	12
148	12
149	12
150	12
151	12
152	12
153	12
154	12
155	12
156	12
157	12
158	12
159	12
160	12
161	12
162	12
163	12
164	12
165	12
166	10
167	10
168	10
169	10
170	10
171	10
172	10
173	10
174	10
175	10
176	10
177	10
178	10
179	10
180	10
181	10
182	10
183	7
184	7
185	7
186	7
187	7
188	7
189	7
190	7
191	7
192	7
193	7
194	7
195	7
196	7
197	7
198	7
199	7
200	7
201	7
202	7
203	7
204	7
205	7
206	7
207	7
208	3
209	3
210	3
211	3
212	3
213	3
214	3
215	3
216	3
217	3
218	3
219	3
220	3
221	3
222	3
223	3
224	3
225	3
226	11
227	11
228	11
229	11
230	11
231	11
232	11
233	11
234	11
235	11
236	3
237	3
238	3
239	3
240	3
241	3
242	3
243	3
244	3
245	3
246	3
247	3
248	7
249	7
250	7
251	7
252	7
253	7
254	7
255	7
256	7
257	7
258	7
259	7
260	7
261	11
262	11
263	11
264	11
265	11
266	11
267	11
268	11
269	11
270	11
271	11
272	11
273	11
274	11
275	11
276	11
277	11
278	11
279	11
280	11
281	11
282	11
283	11
284	11
285	11
286	11
287	11
288	11
289	11
290	11
291	11
292	11
293	11
294	11
295	11
296	11
297	11
298	11
299	11
300	11
301	11
302	7
303	7
304	7
305	7
306	4
307	4
308	3
309	4
310	4
311	4
312	3
313	3
314	3
316	13
317	13
318	13
319	13
320	13
321	13
322	13
323	13
324	13
325	13
326	13
327	13
328	13
329	13
330	13
331	3
332	3
333	3
334	3
335	3
336	4
337	13
338	13
339	13
340	3
341	3
342	3
343	3
344	3
345	4
346	3
347	3
348	3
349	3
350	4
351	3
352	3
353	4
354	4
355	4
356	8
357	8
358	8
359	8
360	8
361	8
362	8
363	8
364	8
365	8
366	8
367	8
368	8
369	4
370	4
371	4
372	4
373	4
374	4
375	4
376	4
377	3
378	4
379	4
380	4
381	3
382	3
383	3
384	3
385	3
386	3
387	3
388	3
389	13
390	13
391	13
392	13
393	13
394	4
395	4
396	3
397	4
398	13
399	13
400	13
401	13
402	13
403	3
404	3
405	3
406	3
407	3
408	3
409	2
410	2
411	2
412	2
413	2
414	2
415	2
416	2
417	2
418	2
419	2
420	2
421	2
422	2
423	2
424	2
425	10
426	10
427	10
428	10
429	10
430	10
431	10
432	10
433	2
434	2
435	2
436	2
437	2
438	2
439	2
440	2
441	2
442	2
443	2
444	2
445	2
446	10
447	10
448	10
449	10
450	10
451	2
452	2
453	2
454	10
455	10
456	10
457	2
458	2
459	2
460	2
461	2
462	2
463	10
464	10
465	10
466	10
467	10
468	10
469	10
470	10
471	10
472	10
473	2
474	2
475	11
476	11
477	11
478	11
479	11
480	11
481	11
482	11
483	11
484	3
485	3
486	12
487	12
488	11
489	11
490	11
491	11
492	11
493	11
494	11
495	11
496	11
497	11
498	3
499	11
500	12
501	11
502	3
503	11
504	11
505	12
506	3
507	3
508	3
509	3
510	3
511	3
512	3
513	3
514	3
515	3
516	3
517	3
518	3
519	3
520	3
521	3
522	5
523	5
524	5
525	5
526	7
527	7
528	5
529	5
530	5
531	5
532	5
533	5
534	5
535	5
536	5
537	5
538	7
539	7
540	7
541	7
542	7
543	7
544	7
545	7
546	7
547	7
548	7
549	7
550	7
551	7
552	7
553	7
554	7
555	7
556	7
557	7
558	7
559	3
560	3
561	11
562	3
563	3
564	3
565	7
566	7
567	7
568	7
569	7
570	5
571	5
572	5
573	5
574	5
575	5
576	5
577	5
578	5
579	5
580	5
581	7
582	7
583	7
584	7
585	7
586	7
587	11
588	11
589	11
590	11
591	11
592	3
593	3
594	11
595	3
596	11
597	11
598	11
599	3
600	3
601	11
602	3
603	7
604	7
605	7
606	7
607	7
608	7
609	7
610	7
611	7
612	7
613	7
614	7
615	7
616	7
617	3
618	11
619	3
620	11
621	11
622	11
623	11
624	11
625	11
626	11
627	11
628	3
629	3
630	3
631	11
632	11
633	11
634	11
635	11
636	11
637	11
638	11
639	7
640	7
641	7
642	7
643	7
644	7
645	7
646	7
647	7
648	7
649	7
650	7
651	7
652	7
653	7
654	7
655	7
656	7
657	10
658	10
659	10
660	10
661	2
662	2
663	2
664	2
665	2
666	2
667	2
668	2
669	2
670	12
671	12
672	12
673	12
674	12
675	12
676	12
677	12
678	12
679	12
680	2
681	2
682	2
683	2
684	2
685	2
686	2
687	2
688	2
689	2
690	2
691	2
692	2
693	2
694	2
695	2
696	2
697	12
698	12
699	12
700	12
701	12
702	12
703	12
704	12
705	12
706	12
707	12
708	12
709	12
710	12
711	12
712	12
713	12
714	2
715	2
716	11
717	11
718	12
719	12
720	12
721	11
722	11
723	11
724	11
725	11
726	11
727	11
728	11
729	11
730	11
731	11
732	13
733	13
734	13
735	13
736	13
737	10
738	10
739	10
740	10
741	10
742	10
743	10
744	10
745	13
746	13
747	13
748	13
749	13
750	13
751	13
752	13
753	13
754	13
755	13
756	13
757	13
758	13
759	13
760	13
761	13
762	13
763	13
764	13
765	13
766	10
767	10
768	10
769	10
770	13
771	13
772	10
773	10
774	10
775	10
776	10
777	10
778	10
779	10
780	10
781	10
782	10
783	10
784	10
785	3
786	10
787	10
788	10
789	10
790	10
791	3
792	3
793	3
794	3
795	3
796	3
797	3
798	3
799	3
800	3
801	10
802	10
803	10
804	10
805	3
806	3
807	3
808	10
809	10
810	10
811	9
812	6
813	6
814	9
815	6
816	6
817	6
818	6
819	6
820	6
821	9
822	6
823	6
824	6
825	6
826	6
827	6
828	6
829	6
830	9
831	9
832	9
833	9
834	9
835	9
836	9
837	9
838	6
839	9
840	9
841	6
842	9
843	6
844	6
845	6
846	6
847	6
848	6
849	6
850	6
851	6
852	9
853	6
854	6
855	6
856	6
857	6
858	7
859	7
860	7
861	7
862	7
863	7
864	7
865	7
866	7
867	7
868	7
869	7
870	7
871	6
872	6
873	6
874	6
875	6
876	6
877	6
878	6
879	6
880	6
881	6
882	6
883	9
884	6
885	9
886	6
887	6
888	6
889	6
890	6
891	6
892	6
893	6
894	6
895	6
896	6
897	6
898	6
899	6
900	6
901	6
902	6
903	6
904	6
905	6
906	6
907	6
908	6
909	6
910	6
911	6
912	6
913	6
914	6
915	6
916	6
917	6
918	6
919	6
920	6
921	6
922	6
923	6
924	6
925	6
926	6
927	6
928	6
929	6
930	6
931	6
932	6
933	6
934	6
935	6
936	6
937	6
938	6
939	6
940	6
941	6
942	6
943	6
944	6
945	6
946	6
947	6
948	6
949	6
950	6
951	6
952	6
953	6
954	6
955	6
956	6
957	6
958	6
959	6
960	6
961	6
962	6
963	6
964	6
965	6
966	6
967	6
968	6
969	6
970	6
971	6
972	6
973	6
974	6
975	6
976	6
977	6
978	6
979	6
980	6
981	6
982	9
983	9
984	9
985	12
986	12
987	12
988	12
989	12
990	12
991	12
992	10
993	12
994	12
995	12
996	12
997	12
998	12
999	12
1000	10
1001	10
1002	12
1003	12
1004	12
1005	12
1006	12
1007	9
1008	9
1009	12
1010	9
1011	9
1012	9
1013	9
1014	9
1015	9
1016	9
1017	9
1018	9
1019	9
1020	9
1021	9
1022	9
1023	9
1024	9
1025	9
1026	9
1027	9
1028	9
1029	9
1030	9
1031	9
1032	9
1033	9
1034	9
1035	9
1036	13
1037	13
1038	9
1039	9
1040	9
1041	9
1042	9
1043	9
1044	9
1045	9
1046	9
1047	13
1048	9
1049	9
1050	9
1051	9
1052	9
1053	9
1054	9
1055	13
1056	13
1057	9
1058	9
1059	9
1060	9
1061	9
1062	9
1063	13
1064	9
1065	13
1066	13
1067	13
1068	9
1069	9
1070	9
1071	9
1072	9
1073	9
1074	9
1075	2
1076	2
1077	2
1078	2
1079	2
1080	2
1081	2
1082	2
1083	2
1084	2
1085	2
1086	2
1087	11
1088	11
1089	11
1090	11
1091	11
1092	11
1093	11
1094	3
1095	3
1096	3
1097	3
1098	3
1099	3
1100	3
1101	3
1102	3
1103	3
1104	3
1105	3
1106	3
1107	8
1108	8
1109	8
1110	8
1111	8
1112	8
1113	8
1114	4
1115	8
1116	4
1117	8
1118	4
1119	8
1120	8
1121	8
1122	4
1123	8
1124	4
1125	4
1126	8
1127	8
1128	8
1129	8
1130	8
1131	4
1132	4
1133	4
1134	8
1135	8
1136	9
1137	9
1138	9
1139	9
1140	8
1141	8
1142	8
1143	8
1144	8
1145	8
1146	4
1147	4
1148	8
1149	8
1150	8
1151	8
1152	8
1153	4
1154	3
1155	3
1156	3
1157	3
1158	3
1159	3
1160	3
1161	3
1162	4
1163	3
1164	3
1165	4
1166	3
1167	3
1168	3
1169	9
1170	9
1171	9
1172	9
1173	9
1174	9
1175	9
1176	9
1177	9
1178	9
1179	9
1180	9
1181	9
1182	9
1183	9
1184	9
1185	9
1186	9
1187	9
1188	9
1189	9
1190	9
1191	9
1192	9
1193	9
1194	9
1195	9
1196	9
1197	9
1198	9
1199	9
1200	6
1201	6
1202	6
1203	6
1204	6
1205	6
1206	6
1207	6
1208	6
1209	6
1210	6
1211	6
1212	6
1213	6
1214	6
1215	6
1216	6
1217	6
1218	6
1219	6
1220	6
1221	6
1222	6
1223	6
1224	6
1225	6
1226	6
1227	6
1228	6
1229	6
1230	6
1231	6
1232	6
1233	6
1234	6
1235	6
1236	6
1237	6
1238	6
1239	6
1240	11
1241	11
1242	11
1243	11
1244	11
1245	11
1246	11
1247	11
1248	11
1249	11
1250	11
1251	11
1252	11
1253	13
1254	13
1255	13
1256	13
1257	13
1258	11
1259	11
1260	11
1261	11
1262	11
1263	11
1264	13
1265	13
1266	13
1267	13
1268	13
1269	13
1270	13
1271	13
1272	13
1273	13
1274	13
1275	13
1276	13
1277	13
1278	3
1279	3
1280	3
1281	11
1282	11
1283	11
1284	13
1285	13
1286	13
1287	13
1288	4
1289	4
1290	4
1291	3
1292	3
1293	3
1294	4
1295	3
1296	3
1297	3
1298	3
1299	4
1300	3
1301	3
1302	4
1303	2
1304	2
1305	2
1306	2
1307	2
1308	2
1309	2
1310	2
1311	2
1312	2
1313	2
1314	9
1315	9
1316	9
1317	9
1318	9
1319	9
1320	9
1321	9
1322	9
1323	9
1324	9
1325	9
1326	9
1327	9
1328	9
1329	9
1330	9
1331	9
1332	9
1333	9
1334	9
1335	9
1336	9
1337	9
1338	9
1339	9
1340	9
1341	9
1342	9
1343	9
1344	9
1345	9
1346	2
1347	2
1348	2
1349	2
1350	2
1351	2
1352	2
1353	2
1354	2
1355	2
1356	2
1357	2
1358	2
1359	2
1360	2
1361	2
1362	2
1363	8
1364	8
1365	6
1366	8
1367	8
1368	6
1369	8
1370	8
1371	8
1372	8
1373	6
1374	6
1375	6
1376	8
1377	6
1378	8
1379	8
1380	8
1381	3
1382	3
1383	3
1384	3
1385	3
1386	3
1387	3
1388	3
1389	3
1390	3
1391	3
1392	3
1393	3
1394	3
1395	3
1396	3
1397	2
1398	2
1399	2
1400	2
1401	2
1402	2
1403	2
1404	2
1405	2
1406	2
1407	2
1408	2
1409	2
1410	2
1411	2
1412	2
1413	2
1414	2
1415	2
1416	2
1417	2
1418	2
1419	2
1420	2
1421	2
1422	2
1423	2
1424	2
1425	2
1426	2
1427	2
1428	5
1429	5
1430	5
1431	5
1432	5
1433	5
1434	5
1435	5
1436	5
1437	5
1438	5
1439	5
1440	5
1441	13
1442	13
1443	13
1444	13
1445	13
1446	13
1447	13
1448	13
1449	13
1450	13
1451	13
1452	13
1453	13
1454	13
1455	5
1456	5
1457	5
1458	5
1459	5
1460	5
1461	5
1462	5
1463	5
1464	5
1465	3
1466	3
1467	3
1468	3
1469	3
1470	3
1471	3
1472	3
1473	3
1474	3
1475	3
1476	3
1477	3
1478	3
1479	3
1480	3
1481	3
1482	3
1483	3
1484	3
1485	3
1486	3
1487	3
1488	3
1489	13
1490	13
1491	13
1492	13
1493	13
1494	13
1495	13
1496	13
1497	13
1498	13
1499	13
1500	13
1501	7
1502	7
1503	7
1504	7
1505	7
1506	7
1507	7
1508	7
1509	7
1510	7
1511	7
1512	7
1513	7
1514	7
1515	7
1516	7
1517	7
1518	7
1519	7
1520	7
1521	7
1522	7
1523	7
1524	7
1525	7
1526	7
1527	7
1528	7
1529	10
1530	10
1531	10
1532	10
1533	10
1534	10
1535	10
1536	10
1537	10
1538	10
1539	10
1540	10
1541	10
1542	10
1543	10
1544	10
1545	10
1546	10
1547	10
1548	10
1549	10
1550	10
1551	10
1552	8
1553	8
1554	8
1555	8
1556	8
1557	8
1558	8
1559	8
1560	8
1561	8
1562	8
1563	8
1564	8
1565	8
1566	8
1567	8
1568	8
1569	8
1570	8
1571	8
1572	8
1573	8
1574	8
1575	8
1576	13
1577	13
1578	13
1579	13
1580	13
1581	13
1582	13
1583	13
1584	13
1585	13
1586	13
1587	13
1588	13
1589	13
1590	13
1591	13
1592	13
1593	2
1594	2
1595	2
1596	2
1597	2
1598	2
1599	2
1600	2
1601	2
1602	5
1603	5
1604	5
1605	5
1606	5
1607	5
1608	5
1609	5
1610	5
1611	5
1612	5
1613	5
1614	5
1615	5
1616	5
1617	5
1618	3
1619	3
1620	3
1621	3
1622	3
1623	3
1624	3
1625	3
1626	3
1627	3
1628	3
1629	6
1630	13
1631	6
1632	13
1633	6
1634	6
1635	6
1636	6
1637	6
1638	6
1639	6
1640	6
1641	6
1642	6
1643	6
1644	3
1645	3
1646	3
1647	3
1648	3
1649	6
1650	6
1651	6
1652	6
1653	6
1654	6
1655	6
1656	6
1658	6
1659	6
1660	6
1661	6
1662	6
1663	6
1664	6
1665	6
1666	13
1667	13
1668	13
1669	6
1670	6
1671	6
1672	6
1673	3
1674	6
1675	6
1676	6
1677	3
1678	11
1679	11
1680	11
1681	11
1682	11
1683	11
1684	11
1685	13
1686	13
1687	13
1688	13
1689	13
1690	13
1691	13
1692	13
1693	13
1694	13
1695	13
1696	13
1697	13
1698	13
1699	13
1700	13
1701	2
1702	13
1703	5
1704	5
1705	13
1706	13
1707	13
1708	13
1709	2
1710	13
1711	13
1712	13
1713	3
1714	3
1715	3
1716	3
1717	3
1718	3
1719	3
1720	3
1721	3
1722	3
1723	3
1724	3
1725	13
1726	13
1727	13
1728	3
1729	13
1730	13
1731	13
1732	13
1733	13
1734	13
1735	13
1736	2
1737	2
1738	2
1739	2
1740	2
1741	13
1742	2
1743	2
1744	2
1745	2
1746	2
1747	2
1748	2
1749	2
1750	2
1751	2
1752	2
1753	2
1754	2
1755	2
1756	2
1757	3
1758	3
1759	3
1760	3
1761	2
1762	2
1763	2
1764	2
1765	2
1766	2
1767	2
1768	2
1769	2
1770	2
1771	2
1772	2
1773	2
1774	3
1775	3
1776	3
1777	3
1778	3
1779	3
1780	3
1781	3
1782	3
1783	3
1784	3
1785	3
1786	3
1787	2
1788	2
1789	2
1790	2
1791	2
1792	2
1793	2
1794	2
1795	3
1796	3
1797	3
1798	3
1799	2
1800	2
1801	2
1802	2
1803	2
1804	2
1805	2
1806	2
1807	2
1808	2
1809	5
1810	1
1811	1
1812	1
1813	1
1814	1
1815	1
1816	5
1817	1
1818	5
1819	5
1820	5
1821	5
1822	5
1823	5
1824	1
1825	5
1826	5
1827	5
1828	5
1829	1
1830	11
1831	11
1832	11
1833	11
1834	11
1835	1
1836	1
1837	11
1838	5
1839	1
1840	8
1841	8
1842	8
1843	8
1844	8
1845	5
1846	5
1847	5
1848	5
1849	5
1850	5
1851	1
1852	1
1853	5
1854	1
1855	1
1856	1
1857	3
1858	3
1859	3
1860	3
1861	3
1862	3
1863	1
1864	5
1865	5
1866	5
1867	5
1868	5
1869	5
1870	5
1871	5
1872	10
1873	10
1874	11
1875	11
1876	10
1877	11
1878	10
1879	11
1880	11
1881	11
1882	10
1883	11
1884	11
1885	11
1886	11
1887	10
1888	10
1889	11
1890	10
1891	11
1892	11
1893	10
1894	10
1895	7
1896	7
1897	7
1898	9
1899	9
1900	9
1901	9
1902	9
1903	9
1904	7
1905	7
1906	2
1907	7
1908	7
1909	7
1910	7
1911	7
1912	7
1913	2
1914	2
1915	2
1916	9
1917	9
1918	9
1919	9
1920	9
1921	9
1922	9
1923	9
1924	7
1925	7
1926	7
1927	7
1928	7
1929	7
1930	7
1931	2
1932	7
1933	7
1934	7
1935	2
1936	7
1937	7
1938	7
1939	7
1940	7
1941	7
1942	2
1943	7
1944	7
1945	7
1946	2
1947	7
1948	2
1949	7
1950	7
1951	7
1952	7
1953	7
1954	7
1955	7
1956	7
1957	7
1958	7
1959	7
1960	7
1961	2
1962	7
1963	7
1964	7
1965	7
1966	7
1967	7
1968	7
1969	7
1970	7
1971	7
1972	7
1973	7
1974	7
1975	7
1976	10
1977	10
1978	10
1979	10
1980	10
1981	10
1982	10
1983	10
1984	10
1985	10
1986	10
1987	10
1988	10
1989	10
1990	10
1991	10
1992	10
1993	10
1994	10
1995	10
1996	10
1997	10
1998	10
1999	10
2000	10
2001	10
2002	10
2003	10
2004	10
2005	10
2006	10
2007	10
2008	10
2009	10
2010	10
2011	10
2012	10
2013	10
2014	10
2015	10
2016	10
2017	11
2018	11
2019	11
2020	11
2021	11
2022	11
2023	11
2024	10
2025	11
2026	11
2027	11
2028	11
2029	11
2030	10
2031	10
2032	10
2033	10
2034	10
2035	10
2036	10
2037	10
2038	11
2039	11
2040	11
2041	11
2042	11
2043	11
2044	11
2045	11
2046	10
2047	10
2048	11
2049	11
2050	11
2051	10
2052	10
2053	10
2054	10
2055	10
2056	10
2057	10
2058	8
2059	8
2060	8
2061	8
2062	8
2063	8
2064	8
2065	8
2066	8
2067	8
2068	11
2069	11
2070	11
2071	11
2072	11
2073	11
2074	11
2075	11
2076	11
2077	11
2078	11
2079	11
2080	11
2081	11
2082	11
2083	11
2084	11
2085	11
2086	11
2087	11
2088	11
2089	13
2090	13
2091	13
2092	13
2093	13
2094	13
2095	13
2096	7
2097	7
2098	7
2099	7
2100	7
2101	7
2102	7
2103	7
2104	7
2105	7
2106	7
2107	7
2108	7
2109	7
2110	7
2111	7
2112	7
2113	1
2114	1
2115	1
2116	1
2117	1
2118	5
2119	5
2120	1
2121	1
2122	1
2123	5
2124	11
2125	1
2126	1
2127	1
2128	1
2129	1
2130	1
2131	1
2132	1
2133	5
2134	5
2135	1
2136	5
2137	5
2138	5
2139	1
2140	1
2141	1
2142	1
2143	1
2144	5
2145	1
2146	5
2147	5
2148	1
2149	1
2150	1
2151	1
2152	1
2153	1
2154	1
2155	1
2156	1
2157	1
2158	1
2159	1
2160	1
2161	1
2162	1
2163	1
2164	5
2165	5
2166	5
2167	1
2168	1
2169	1
2170	1
2171	1
2172	1
2173	1
2174	5
2175	5
2176	5
2177	5
2178	1
2179	1
2180	5
2181	5
2182	1
2183	1
2184	1
2185	1
2186	1
2187	1
2188	5
2189	1
2190	1
2191	1
2192	1
2193	1
2194	5
2195	1
2196	5
2197	5
2198	1
2199	5
2200	1
2201	1
2202	1
2203	1
2204	1
2205	1
2206	1
2207	1
2208	1
2209	1
2210	1
2211	1
2212	1
2213	1
2214	1
2215	5
2216	5
2217	1
2218	1
2219	1
2220	1
2221	1
2222	1
2223	5
2224	1
2225	1
2226	1
2227	1
2228	1
2229	1
2230	5
2231	5
2232	1
2233	5
2234	5
2235	1
2236	5
2237	5
2238	5
2239	1
2240	1
2241	1
2242	5
2243	5
2244	5
2245	5
2246	1
2247	5
2248	5
2249	1
2250	1
2251	1
2252	1
2253	5
2254	5
2255	5
2256	5
2257	1
2258	1
2259	1
2260	1
2261	5
2262	5
2263	1
2264	1
2265	1
2266	1
2267	1
2268	1
2269	5
2270	5
2271	5
2272	1
2273	5
2274	1
2275	1
2276	1
2277	5
2278	1
2279	1
2280	1
2281	1
2282	1
2283	1
2284	11
2285	11
2286	1
2287	1
2288	1
2289	1
2290	1
2291	1
2292	1
2293	1
2294	1
2295	1
2296	1
2297	1
2298	5
2299	5
2300	5
2301	1
2302	5
2303	1
2304	1
2305	1
2306	1
2307	1
2308	1
2309	11
2310	11
2311	11
2312	9
2313	9
2314	9
2315	9
2316	9
2317	9
2318	9
2319	9
2320	9
2321	9
2322	9
2323	9
2324	9
2325	9
2326	9
2327	9
2328	9
2329	9
2330	7
2331	7
2332	7
2333	7
2334	7
2335	7
2336	7
2337	7
2338	7
2339	7
2340	7
2341	7
2342	7
2343	7
2344	7
2345	7
2346	9
2347	9
2348	9
2349	9
2350	9
2351	9
2352	9
2353	9
2354	9
2355	9
2356	9
2357	9
2358	9
2359	9
2360	9
2361	9
2362	9
2363	9
2364	9
2365	9
2366	5
2367	5
2368	5
2369	5
2370	5
2371	5
2372	5
2373	5
2374	5
2375	5
2376	5
2377	5
2378	5
2379	1
2380	5
2381	5
2382	5
2383	5
2384	5
2385	5
2386	5
2387	5
2388	5
2389	5
2390	5
2391	1
2392	1
2393	5
2394	5
2395	5
2396	5
2397	5
2398	5
2399	5
2400	1
2401	5
2402	5
2403	5
2404	1
2405	5
2406	1
2407	1
2408	5
2409	5
2410	5
2411	5
2412	5
2413	1
2414	5
2415	4
2416	4
2417	4
2418	4
2419	12
2420	12
2421	12
2422	4
2423	4
2424	4
2425	4
2426	4
2427	12
2428	12
2429	4
2430	4
2431	4
2432	4
2433	4
2434	4
2435	4
2436	4
2437	4
2438	4
2439	4
2440	4
2441	4
2442	4
2443	4
2444	4
2445	4
2446	4
2447	4
2448	4
2449	12
2450	12
2451	12
2452	12
2453	12
2454	12
2455	4
2456	4
2457	4
2458	4
2459	4
2460	4
2461	4
2462	4
2463	12
2464	4
2465	4
2466	4
2467	4
2468	12
2469	12
2470	12
2471	12
2472	12
2473	4
2474	4
2475	4
2476	12
2477	4
2478	4
2479	12
2480	12
2481	4
2482	4
2483	12
2484	4
2485	12
2486	12
2487	12
2488	12
2489	12
2490	12
2491	12
2492	12
2493	12
2494	12
2495	12
2496	4
2497	4
2498	4
2499	4
2500	4
2501	12
2502	4
2503	4
2504	4
2505	4
2506	4
2507	4
2508	4
2509	4
2510	4
2511	4
2512	4
2513	4
2514	4
2515	12
2516	12
2517	12
2518	12
2519	12
2520	12
2521	12
2522	12
2523	4
2524	4
2525	12
2526	4
2527	12
2528	4
2529	4
2530	4
2531	4
2532	4
2533	4
2534	4
2535	4
2536	4
2537	4
2538	4
2539	12
2540	12
2541	12
2542	4
2543	4
2544	12
2545	12
2546	12
2547	4
2548	4
2549	4
2550	12
2551	12
2552	12
2553	12
2554	12
2555	12
2556	12
2557	12
2558	4
2559	4
2560	4
2561	4
2562	4
2563	4
2564	4
2565	4
2566	4
2567	4
2568	12
2569	4
2570	4
2571	4
2572	4
2573	4
2574	4
2575	12
2576	12
2577	12
2578	12
2579	12
2580	12
2581	4
2582	4
2583	12
2584	12
2585	4
2586	4
2587	4
2588	4
2589	4
2590	4
2591	4
2592	4
2593	4
2594	4
2595	4
2596	4
2597	4
2598	4
2599	4
2600	12
2601	12
2602	4
2603	4
2604	4
2605	12
2606	11
2607	11
2608	11
2609	11
2610	11
2611	11
2612	11
2613	11
2614	11
2615	11
2616	11
2617	11
2618	11
2619	11
2620	11
2621	11
2622	11
2623	11
2624	11
2625	11
2626	11
2627	11
2628	11
2629	11
2630	11
2631	11
2632	11
2633	11
2634	11
2635	11
2636	11
2637	11
2638	11
2639	11
2640	8
2641	8
2642	8
2643	8
2644	8
2645	8
2646	8
2647	8
2648	8
2649	8
2650	8
2651	8
2652	8
2653	8
2654	8
2655	8
2656	10
2657	10
2658	10
2659	8
2660	8
2661	8
2662	10
2663	8
2664	8
2665	8
2666	8
2667	8
2668	8
2669	8
2670	8
2671	8
2672	10
2673	8
2674	10
2675	10
2676	8
2677	8
2678	8
2679	8
2680	8
2681	8
2682	8
2683	8
2684	8
2685	8
2686	8
2687	8
2688	7
2689	7
2690	7
2691	7
315	13
1657	6
