0	2
1	2
2	2
3	2
4	2
5	2
6	2
7	4
8	4
9	4
10	4
11	4
12	4
13	4
14	4
15	4
16	4
17	4
18	4
19	9
20	9
21	8
22	8
23	8
24	8
25	8
26	8
27	8
28	8
29	5
30	5
31	5
32	5
33	5
34	5
35	5
36	5
37	5
38	5
39	5
40	5
41	5
42	5
43	5
44	5
45	5
46	5
47	5
48	5
49	5
50	5
51	5
52	5
53	11
54	11
55	11
56	11
57	11
58	5
59	5
60	5
61	5
62	5
63	5
64	5
65	11
66	11
67	11
68	11
69	11
70	11
71	8
72	8
73	8
74	8
75	5
76	5
77	5
78	5
79	5
80	5
81	5
82	5
83	3
84	3
85	3
86	3
87	3
88	3
89	3
90	3
91	3
92	3
93	3
94	3
95	3
96	4
97	4
98	4
99	4
100	4
101	4
102	4
103	4
104	4
105	4
106	4
107	4
108	4
109	4
110	4
111	4
112	4
113	4
114	4
115	4
116	4
117	4
118	4
119	4
120	4
121	4
122	4
123	4
124	4
125	4
126	4
127	4
128	4
129	6
130	6
131	11
132	11
133	6
134	6
135	6
136	6
137	6
138	6
139	11
140	6
141	6
142	6
143	6
144	6
145	6
146	6
147	6
148	6
149	6
150	6
151	6
152	6
153	6
154	11
155	11
156	11
157	6
158	11
159	6
160	6
161	6
162	6
163	6
164	6
165	6
166	6
167	6
168	6
169	6
170	6
171	6
172	6
173	6
174	6
175	6
176	6
177	6
178	6
179	6
180	6
181	6
182	6
183	2
184	2
185	2
186	2
187	2
188	2
189	2
190	2
191	2
192	2
193	2
194	2
195	2
196	2
197	2
198	2
199	2
200	2
201	2
202	2
203	2
204	2
205	2
206	2
207	2
208	8
209	8
210	8
211	8
212	8
213	8
214	8
215	8
216	8
217	8
218	8
219	8
220	8
221	8
222	8
223	8
224	8
225	8
226	8
227	8
228	8
229	8
230	8
231	8
232	8
233	8
234	8
235	8
236	8
237	8
238	8
239	8
240	8
241	8
242	8
243	8
244	8
245	8
246	8
247	8
248	2
249	2
250	2
251	2
252	2
253	2
254	2
255	2
256	2
257	2
258	2
259	2
260	2
261	8
262	8
263	8
264	8
265	8
266	8
267	8
268	12
269	12
270	12
271	8
272	8
273	8
274	8
275	8
276	8
277	8
278	12
279	12
280	12
281	12
282	12
283	12
284	12
285	12
286	12
287	12
288	12
289	12
290	12
291	12
292	12
293	12
294	12
295	12
296	12
297	12
298	12
299	12
300	12
301	12
302	2
303	2
304	2
305	2
306	10
307	11
308	11
309	10
310	11
311	10
312	11
313	11
314	10
316	5
317	5
318	5
319	5
320	5
321	5
322	5
323	5
324	5
325	5
326	5
327	5
328	5
329	5
330	5
331	11
332	11
333	11
334	11
335	11
336	10
337	5
338	5
339	5
340	11
341	11
342	11
343	11
344	11
345	11
346	11
347	10
348	11
349	11
350	11
351	11
352	11
353	11
354	11
355	11
356	6
357	6
358	3
359	6
360	6
361	3
362	6
363	6
364	6
365	3
366	6
367	3
368	3
369	11
370	11
371	11
372	11
373	10
374	11
375	11
376	11
377	11
378	11
379	11
380	11
381	11
382	11
383	11
384	11
385	11
386	11
387	11
388	11
389	5
390	5
391	5
392	5
393	5
394	11
395	11
396	11
397	11
398	5
399	5
400	5
401	5
402	5
403	8
404	8
405	8
406	11
407	11
408	11
409	9
410	9
411	9
412	9
413	9
414	9
415	9
416	9
417	9
418	9
419	9
420	9
421	9
422	9
423	9
424	9
425	6
426	6
427	6
428	6
429	6
430	6
431	6
432	6
433	9
434	9
435	9
436	9
437	9
438	9
439	9
440	9
441	9
442	9
443	9
444	9
445	9
446	6
447	6
448	6
449	6
450	6
451	9
452	9
453	9
454	6
455	6
456	6
457	9
458	9
459	9
460	9
461	9
462	9
463	6
464	6
465	6
466	6
467	6
468	6
469	6
470	6
471	6
472	6
473	9
474	9
475	12
476	12
477	6
478	6
479	6
480	6
481	6
482	6
483	6
484	8
485	8
486	6
487	6
488	6
489	12
490	12
491	12
492	12
493	12
494	12
495	6
496	6
497	6
498	8
499	6
500	6
501	6
502	8
503	6
504	6
505	6
506	11
507	11
508	8
509	8
510	11
511	8
512	8
513	11
514	8
515	8
516	11
517	11
518	11
519	11
520	8
521	11
522	13
523	13
524	13
525	13
526	2
527	2
528	13
529	13
530	13
531	13
532	13
533	13
534	13
535	13
536	13
537	3
538	2
539	2
540	2
541	2
542	2
543	2
544	2
545	2
546	2
547	2
548	2
549	2
550	2
551	2
552	2
553	2
554	2
555	2
556	2
557	2
558	2
559	8
560	8
561	8
562	8
563	8
564	8
565	2
566	2
567	2
568	2
569	2
570	3
571	3
572	3
573	3
574	3
575	3
576	3
577	3
578	3
579	3
580	3
581	2
582	2
583	2
584	2
585	2
586	2
587	8
588	8
589	8
590	8
591	8
592	8
593	8
594	8
595	8
596	8
597	8
598	8
599	8
600	8
601	8
602	8
603	2
604	2
605	2
606	2
607	2
608	2
609	2
610	2
611	2
612	2
613	2
614	2
615	2
616	2
617	8
618	8
619	8
620	8
621	8
622	8
623	8
624	8
625	8
626	8
627	8
628	8
629	8
630	8
631	8
632	8
633	8
634	8
635	8
636	8
637	8
638	8
639	2
640	2
641	2
642	2
643	2
644	2
645	2
646	2
647	2
648	2
649	2
650	2
651	2
652	2
653	2
654	2
655	2
656	2
657	12
658	12
659	12
660	12
661	9
662	9
663	9
664	9
665	9
666	9
667	9
668	9
669	9
670	6
671	6
672	6
673	6
674	6
675	8
676	6
677	6
678	6
679	6
680	9
681	9
682	9
683	9
684	9
685	9
686	9
687	9
688	9
689	9
690	9
691	9
692	9
693	9
694	9
695	9
696	9
697	8
698	6
699	6
700	8
701	6
702	6
703	8
704	6
705	6
706	6
707	8
708	8
709	6
710	8
711	8
712	8
713	8
714	9
715	9
716	8
717	8
718	8
719	8
720	6
721	8
722	8
723	8
724	8
725	8
726	8
727	8
728	8
729	8
730	8
731	8
732	5
733	5
734	5
735	5
736	5
737	12
738	12
739	12
740	12
741	12
742	12
743	12
744	12
745	5
746	5
747	5
748	5
749	5
750	5
751	5
752	5
753	5
754	5
755	5
756	5
757	5
758	5
759	5
760	5
761	5
762	5
763	5
764	5
765	5
766	12
767	12
768	12
769	12
770	5
771	5
772	12
773	12
774	12
775	12
776	12
777	12
778	12
779	12
780	12
781	12
782	12
783	12
784	12
785	11
786	12
787	12
788	12
789	12
790	12
791	11
792	11
793	11
794	11
795	11
796	11
797	11
798	11
799	11
800	11
801	12
802	12
803	12
804	12
805	11
806	11
807	11
808	12
809	12
810	12
811	10
812	4
813	10
814	10
815	10
816	10
817	10
818	4
819	4
820	4
821	10
822	10
823	10
824	10
825	10
826	10
827	4
828	10
829	4
830	10
831	10
832	10
833	10
834	10
835	10
836	10
837	10
838	10
839	10
840	10
841	10
842	10
843	10
844	10
845	10
846	10
847	4
848	4
849	4
850	4
851	4
852	10
853	10
854	10
855	10
856	4
857	4
858	2
859	2
860	2
861	2
862	2
863	2
864	2
865	2
866	2
867	2
868	2
869	2
870	2
871	10
872	10
873	10
874	10
875	10
876	10
877	10
878	10
879	10
880	10
881	10
882	10
883	10
884	10
885	10
886	10
887	10
888	4
889	10
890	10
891	4
892	4
893	10
894	10
895	10
896	10
897	10
898	10
899	4
900	4
901	4
902	10
903	10
904	10
905	10
906	10
907	10
908	4
909	10
910	4
911	4
912	4
913	4
914	10
915	10
916	10
917	10
918	10
919	10
920	4
921	4
922	4
923	4
924	10
925	10
926	10
927	10
928	10
929	10
930	4
931	4
932	4
933	4
934	10
935	10
936	10
937	10
938	10
939	4
940	4
941	10
942	4
943	4
944	4
945	4
946	10
947	4
948	10
949	4
950	4
951	4
952	4
953	4
954	4
955	4
956	4
957	10
958	10
959	10
960	4
961	4
962	4
963	10
964	10
965	10
966	4
967	10
968	4
969	10
970	10
971	10
972	10
973	10
974	4
975	4
976	10
977	10
978	10
979	4
980	10
981	10
982	5
983	5
984	4
985	6
986	6
987	6
988	6
989	6
990	6
991	6
992	6
993	6
994	6
995	6
996	6
997	6
998	6
999	6
1000	6
1001	6
1002	6
1003	6
1004	6
1005	6
1006	6
1007	5
1008	4
1009	6
1010	4
1011	5
1012	4
1013	5
1014	5
1015	5
1016	5
1017	4
1018	5
1019	5
1020	5
1021	5
1022	5
1023	5
1024	5
1025	5
1026	5
1027	4
1028	5
1029	5
1030	5
1031	5
1032	5
1033	5
1034	5
1035	5
1036	5
1037	4
1038	5
1039	5
1040	5
1041	4
1042	4
1043	5
1044	5
1045	5
1046	5
1047	4
1048	5
1049	5
1050	5
1051	4
1052	5
1053	5
1054	4
1055	5
1056	4
1057	4
1058	4
1059	5
1060	5
1061	4
1062	4
1063	4
1064	5
1065	4
1066	4
1067	4
1068	4
1069	5
1070	4
1071	5
1072	5
1073	5
1074	5
1075	5
1076	5
1077	5
1078	5
1079	5
1080	5
1081	5
1082	5
1083	5
1084	5
1085	5
1086	5
1087	12
1088	12
1089	12
1090	12
1091	12
1092	12
1093	12
1094	8
1095	8
1096	8
1097	8
1098	8
1099	8
1100	8
1101	8
1102	8
1103	8
1104	8
1105	8
1106	8
1107	10
1108	10
1109	10
1110	10
1111	10
1112	10
1113	10
1114	10
1115	10
1116	10
1117	10
1118	10
1119	10
1120	10
1121	10
1122	10
1123	10
1124	10
1125	10
1126	10
1127	10
1128	10
1129	10
1130	10
1131	10
1132	10
1133	10
1134	10
1135	10
1136	10
1137	10
1138	10
1139	10
1140	10
1141	10
1142	10
1143	10
1144	10
1145	10
1146	10
1147	10
1148	10
1149	10
1150	10
1151	10
1152	10
1153	10
1154	11
1155	11
1156	11
1157	11
1158	11
1159	11
1160	11
1161	11
1162	11
1163	11
1164	11
1165	11
1166	11
1167	11
1168	11
1169	5
1170	4
1171	4
1172	5
1173	5
1174	5
1175	4
1176	5
1177	4
1178	5
1179	5
1180	4
1181	5
1182	5
1183	5
1184	4
1185	5
1186	5
1187	5
1188	5
1189	5
1190	4
1191	4
1192	5
1193	5
1194	4
1195	5
1196	4
1197	5
1198	4
1199	5
1200	13
1201	13
1202	13
1203	13
1204	13
1205	13
1206	13
1207	13
1208	13
1209	13
1210	13
1211	13
1212	13
1213	13
1214	13
1215	13
1216	13
1217	13
1218	13
1219	13
1220	13
1221	13
1222	13
1223	13
1224	13
1225	13
1226	13
1227	13
1228	13
1229	13
1230	13
1231	13
1232	13
1233	13
1234	13
1235	13
1236	13
1237	13
1238	13
1239	13
1240	12
1241	12
1242	12
1243	8
1244	12
1245	12
1246	12
1247	12
1248	8
1249	8
1250	8
1251	8
1252	8
1253	5
1254	5
1255	5
1256	5
1257	5
1258	8
1259	8
1260	8
1261	8
1262	12
1263	12
1264	5
1265	5
1266	5
1267	5
1268	5
1269	5
1270	5
1271	5
1272	5
1273	5
1274	5
1275	5
1276	5
1277	5
1278	11
1279	11
1280	11
1281	8
1282	12
1283	12
1284	5
1285	5
1286	5
1287	5
1288	11
1289	11
1290	11
1291	11
1292	11
1293	11
1294	11
1295	11
1296	11
1297	11
1298	11
1299	11
1300	11
1301	11
1302	11
1303	5
1304	5
1305	5
1306	5
1307	5
1308	5
1309	5
1310	5
1311	5
1312	5
1313	5
1314	10
1315	10
1316	10
1317	10
1318	10
1319	10
1320	10
1321	10
1322	10
1323	10
1324	10
1325	10
1326	10
1327	10
1328	10
1329	10
1330	10
1331	10
1332	10
1333	10
1334	10
1335	10
1336	10
1337	10
1338	10
1339	10
1340	10
1341	10
1342	10
1343	10
1344	10
1345	10
1346	2
1347	2
1348	2
1349	2
1350	2
1351	2
1352	2
1353	2
1354	2
1355	2
1356	2
1357	2
1358	2
1359	2
1360	2
1361	2
1362	2
1363	3
1364	3
1365	3
1366	3
1367	3
1368	3
1369	3
1370	3
1371	3
1372	3
1373	3
1374	3
1375	3
1376	3
1377	3
1378	3
1379	3
1380	3
1381	11
1382	11
1383	11
1384	11
1385	11
1386	11
1387	11
1388	11
1389	11
1390	11
1391	11
1392	11
1393	11
1394	11
1395	11
1396	11
1397	9
1398	2
1399	9
1400	2
1401	9
1402	2
1403	2
1404	9
1405	2
1406	2
1407	2
1408	2
1409	9
1410	9
1411	2
1412	2
1413	9
1414	9
1415	9
1416	9
1417	9
1418	9
1419	9
1420	9
1421	2
1422	9
1423	9
1424	9
1425	9
1426	9
1427	9
1428	13
1429	13
1430	13
1431	13
1432	13
1433	13
1434	13
1435	13
1436	13
1437	13
1438	13
1439	13
1440	13
1441	4
1442	4
1443	4
1444	4
1445	4
1446	4
1447	4
1448	4
1449	4
1450	4
1451	4
1452	4
1453	4
1454	4
1455	13
1456	13
1457	13
1458	13
1459	13
1460	13
1461	13
1462	13
1463	13
1464	13
1465	8
1466	8
1467	8
1468	8
1469	8
1470	8
1471	8
1472	8
1473	8
1474	8
1475	8
1476	8
1477	8
1478	8
1479	8
1480	8
1481	8
1482	8
1483	8
1484	8
1485	8
1486	8
1487	8
1488	8
1489	5
1490	5
1491	5
1492	5
1493	5
1494	5
1495	5
1496	5
1497	5
1498	5
1499	5
1500	5
1501	9
1502	9
1503	9
1504	9
1505	9
1506	9
1507	9
1508	9
1509	9
1510	9
1511	9
1512	9
1513	9
1514	9
1515	9
1516	9
1517	9
1518	9
1519	9
1520	9
1521	9
1522	9
1523	9
1524	9
1525	9
1526	9
1527	9
1528	9
1529	12
1530	12
1531	6
1532	6
1533	6
1534	6
1535	6
1536	6
1537	6
1538	6
1539	6
1540	6
1541	6
1542	6
1543	6
1544	6
1545	12
1546	12
1547	12
1548	6
1549	6
1550	6
1551	12
1552	3
1553	3
1554	3
1555	3
1556	13
1557	3
1558	3
1559	3
1560	3
1561	3
1562	3
1563	3
1564	3
1565	3
1566	3
1567	3
1568	3
1569	3
1570	3
1571	3
1572	3
1573	3
1574	3
1575	3
1576	5
1577	5
1578	5
1579	5
1580	5
1581	5
1582	5
1583	5
1584	5
1585	5
1586	5
1587	5
1588	5
1589	5
1590	5
1591	5
1592	5
1593	5
1594	5
1595	5
1596	5
1597	5
1598	5
1599	5
1600	5
1601	5
1602	3
1603	3
1604	3
1605	3
1606	3
1607	3
1608	3
1609	3
1610	3
1611	3
1612	3
1613	3
1614	3
1615	3
1616	3
1617	3
1618	8
1619	8
1620	8
1621	8
1622	8
1623	8
1624	8
1625	8
1626	8
1627	8
1628	8
1629	4
1630	4
1631	4
1632	4
1633	4
1634	4
1635	4
1636	4
1637	4
1638	4
1639	4
1640	4
1641	4
1642	4
1643	4
1644	8
1645	8
1646	8
1647	8
1648	8
1649	4
1650	4
1651	4
1652	4
1653	4
1654	4
1655	4
1656	4
1658	4
1659	4
1660	4
1661	4
1662	4
1663	4
1664	4
1665	4
1666	4
1667	4
1668	4
1669	4
1670	4
1671	4
1672	4
1673	8
1674	4
1675	4
1676	4
1677	8
1678	12
1679	12
1680	12
1681	12
1682	12
1683	12
1684	12
1685	5
1686	5
1687	5
1688	5
1689	5
1690	5
1691	5
1692	5
1693	5
1694	5
1695	5
1696	5
1697	5
1698	5
1699	5
1700	5
1701	9
1702	9
1703	13
1704	13
1705	4
1706	4
1707	4
1708	4
1709	9
1710	4
1711	9
1712	4
1713	8
1714	8
1715	8
1716	8
1717	8
1718	8
1719	8
1720	8
1721	8
1722	8
1723	8
1724	8
1725	4
1726	9
1727	9
1728	8
1729	9
1730	9
1731	9
1732	9
1733	9
1734	9
1735	9
1736	9
1737	9
1738	9
1739	9
1740	9
1741	9
1742	9
1743	9
1744	9
1745	9
1746	9
1747	9
1748	9
1749	9
1750	9
1751	9
1752	9
1753	9
1754	9
1755	9
1756	9
1757	8
1758	8
1759	8
1760	8
1761	9
1762	9
1763	9
1764	9
1765	9
1766	9
1767	9
1768	9
1769	9
1770	9
1771	9
1772	9
1773	9
1774	8
1775	8
1776	8
1777	8
1778	8
1779	8
1780	8
1781	8
1782	8
1783	8
1784	8
1785	8
1786	8
1787	9
1788	9
1789	9
1790	9
1791	9
1792	9
1793	9
1794	9
1795	8
1796	8
1797	8
1798	8
1799	9
1800	9
1801	9
1802	9
1803	9
1804	9
1805	9
1806	9
1807	9
1808	9
1809	4
1810	13
1811	13
1812	13
1813	13
1814	13
1815	13
1816	4
1817	13
1818	4
1819	4
1820	4
1821	13
1822	4
1823	13
1824	13
1825	4
1826	4
1827	13
1828	4
1829	13
1830	8
1831	8
1832	8
1833	8
1834	8
1835	13
1836	13
1837	8
1838	4
1839	4
1840	3
1841	3
1842	3
1843	3
1844	3
1845	4
1846	13
1847	4
1848	4
1849	13
1850	13
1851	13
1852	13
1853	13
1854	13
1855	13
1856	13
1857	8
1858	8
1859	8
1860	8
1861	8
1862	8
1863	13
1864	4
1865	4
1866	13
1867	13
1868	4
1869	13
1870	4
1871	4
1872	12
1873	12
1874	12
1875	12
1876	12
1877	12
1878	12
1879	12
1880	12
1881	12
1882	12
1883	12
1884	12
1885	12
1886	12
1887	12
1888	12
1889	12
1890	12
1891	12
1892	12
1893	12
1894	12
1895	2
1896	2
1897	2
1898	11
1899	11
1900	11
1901	11
1902	11
1903	11
1904	2
1905	2
1906	2
1907	2
1908	2
1909	2
1910	2
1911	2
1912	2
1913	2
1914	2
1915	2
1916	11
1917	11
1918	11
1919	11
1920	11
1921	11
1922	11
1923	11
1924	2
1925	2
1926	2
1927	2
1928	2
1929	2
1930	2
1931	2
1932	2
1933	2
1934	2
1935	2
1936	2
1937	2
1938	2
1939	2
1940	2
1941	2
1942	2
1943	2
1944	2
1945	2
1946	2
1947	2
1948	2
1949	2
1950	2
1951	2
1952	2
1953	2
1954	2
1955	2
1956	2
1957	2
1958	2
1959	2
1960	2
1961	2
1962	2
1963	2
1964	2
1965	2
1966	2
1967	2
1968	2
1969	2
1970	2
1971	2
1972	2
1973	2
1974	2
1975	2
1976	3
1977	6
1978	3
1979	6
1980	3
1981	6
1982	6
1983	3
1984	3
1985	6
1986	6
1987	3
1988	3
1989	3
1990	3
1991	6
1992	3
1993	3
1994	3
1995	6
1996	3
1997	3
1998	3
1999	3
2000	3
2001	3
2002	3
2003	3
2004	3
2005	3
2006	3
2007	3
2008	3
2009	3
2010	3
2011	3
2012	6
2013	6
2014	3
2015	3
2016	3
2017	12
2018	12
2019	12
2020	12
2021	12
2022	12
2023	12
2024	6
2025	12
2026	12
2027	12
2028	12
2029	12
2030	6
2031	6
2032	6
2033	6
2034	6
2035	6
2036	6
2037	12
2038	8
2039	8
2040	8
2041	8
2042	8
2043	12
2044	12
2045	12
2046	6
2047	6
2048	8
2049	8
2050	12
2051	6
2052	6
2053	12
2054	12
2055	6
2056	12
2057	6
2058	3
2059	3
2060	3
2061	3
2062	3
2063	3
2064	3
2065	3
2066	3
2067	3
2068	12
2069	12
2070	12
2071	12
2072	12
2073	8
2074	12
2075	12
2076	12
2077	8
2078	8
2079	12
2080	8
2081	12
2082	12
2083	12
2084	12
2085	12
2086	12
2087	12
2088	12
2089	5
2090	5
2091	5
2092	5
2093	5
2094	5
2095	5
2096	2
2097	2
2098	2
2099	2
2100	2
2101	2
2102	2
2103	2
2104	2
2105	2
2106	2
2107	2
2108	2
2109	2
2110	2
2111	2
2112	2
2113	7
2114	7
2115	13
2116	13
2117	13
2118	7
2119	7
2120	7
2121	7
2122	7
2123	7
2124	8
2125	13
2126	13
2127	13
2128	13
2129	7
2130	7
2131	7
2132	7
2133	7
2134	7
2135	7
2136	7
2137	7
2138	7
2139	7
2140	7
2141	7
2142	7
2143	7
2144	7
2145	7
2146	7
2147	7
2148	7
2149	7
2150	13
2151	13
2152	13
2153	13
2154	7
2155	7
2156	7
2157	7
2158	13
2159	7
2160	13
2161	13
2162	13
2163	13
2164	13
2165	13
2166	7
2167	7
2168	7
2169	13
2170	13
2171	7
2172	7
2173	7
2174	7
2175	7
2176	7
2177	7
2178	13
2179	13
2180	13
2181	13
2182	13
2183	13
2184	7
2185	13
2186	13
2187	13
2188	7
2189	7
2190	13
2191	7
2192	7
2193	13
2194	7
2195	7
2196	7
2197	7
2198	7
2199	7
2200	7
2201	7
2202	7
2203	7
2204	13
2205	13
2206	13
2207	13
2208	7
2209	13
2210	13
2211	7
2212	7
2213	7
2214	7
2215	7
2216	7
2217	7
2218	7
2219	7
2220	7
2221	7
2222	7
2223	7
2224	13
2225	13
2226	13
2227	13
2228	7
2229	7
2230	13
2231	13
2232	13
2233	7
2234	7
2235	7
2236	7
2237	7
2238	7
2239	13
2240	13
2241	7
2242	7
2243	7
2244	7
2245	7
2246	13
2247	13
2248	13
2249	13
2250	13
2251	13
2252	7
2253	7
2254	7
2255	7
2256	13
2257	7
2258	13
2259	13
2260	13
2261	13
2262	13
2263	13
2264	13
2265	13
2266	7
2267	7
2268	7
2269	7
2270	7
2271	7
2272	7
2273	7
2274	7
2275	13
2276	13
2277	7
2278	7
2279	7
2280	7
2281	7
2282	7
2283	7
2284	12
2285	12
2286	7
2287	7
2288	7
2289	13
2290	7
2291	7
2292	7
2293	13
2294	7
2295	7
2296	7
2297	7
2298	7
2299	7
2300	7
2301	7
2302	7
2303	7
2304	7
2305	13
2306	7
2307	7
2308	7
2309	8
2310	8
2311	8
2312	10
2313	10
2314	10
2315	10
2316	10
2317	10
2318	10
2319	10
2320	10
2321	10
2322	10
2323	10
2324	10
2325	10
2326	10
2327	10
2328	10
2329	10
2330	2
2331	2
2332	2
2333	2
2334	2
2335	2
2336	2
2337	2
2338	2
2339	2
2340	2
2341	2
2342	2
2343	2
2344	2
2345	2
2346	5
2347	5
2348	5
2349	5
2350	5
2351	5
2352	5
2353	5
2354	5
2355	5
2356	5
2357	5
2358	5
2359	5
2360	5
2361	5
2362	5
2363	5
2364	5
2365	5
2366	7
2367	7
2368	7
2369	7
2370	7
2371	7
2372	7
2373	7
2374	7
2375	7
2376	7
2377	7
2378	7
2379	7
2380	7
2381	7
2382	7
2383	7
2384	7
2385	7
2386	7
2387	7
2388	7
2389	7
2390	7
2391	7
2392	7
2393	7
2394	7
2395	7
2396	7
2397	7
2398	7
2399	7
2400	7
2401	7
2402	7
2403	7
2404	7
2405	7
2406	7
2407	7
2408	7
2409	7
2410	7
2411	7
2412	7
2413	7
2414	7
2415	1
2416	1
2417	1
2418	1
2419	1
2420	1
2421	1
2422	1
2423	1
2424	1
2425	1
2426	1
2427	1
2428	1
2429	11
2430	11
2431	1
2432	1
2433	1
2434	1
2435	1
2436	1
2437	1
2438	1
2439	11
2440	1
2441	1
2442	1
2443	1
2444	1
2445	1
2446	1
2447	1
2448	1
2449	1
2450	1
2451	1
2452	1
2453	1
2454	1
2455	1
2456	1
2457	1
2458	1
2459	1
2460	1
2461	1
2462	1
2463	1
2464	1
2465	1
2466	1
2467	1
2468	1
2469	1
2470	1
2471	1
2472	1
2473	1
2474	1
2475	1
2476	1
2477	1
2478	1
2479	1
2480	1
2481	1
2482	1
2483	1
2484	1
2485	1
2486	1
2487	1
2488	1
2489	1
2490	1
2491	1
2492	1
2493	1
2494	1
2495	1
2496	11
2497	11
2498	1
2499	1
2500	1
2501	1
2502	1
2503	1
2504	1
2505	1
2506	1
2507	1
2508	1
2509	11
2510	1
2511	1
2512	1
2513	1
2514	1
2515	1
2516	1
2517	1
2518	1
2519	1
2520	1
2521	1
2522	1
2523	11
2524	1
2525	1
2526	1
2527	1
2528	1
2529	11
2530	11
2531	11
2532	11
2533	11
2534	11
2535	11
2536	11
2537	11
2538	11
2539	1
2540	11
2541	1
2542	1
2543	1
2544	1
2545	1
2546	1
2547	1
2548	1
2549	1
2550	1
2551	1
2552	1
2553	11
2554	1
2555	1
2556	1
2557	1
2558	1
2559	11
2560	1
2561	1
2562	1
2563	11
2564	1
2565	1
2566	1
2567	1
2568	1
2569	1
2570	1
2571	1
2572	1
2573	1
2574	11
2575	1
2576	1
2577	1
2578	1
2579	1
2580	1
2581	11
2582	1
2583	1
2584	1
2585	1
2586	1
2587	11
2588	11
2589	11
2590	11
2591	11
2592	11
2593	11
2594	1
2595	1
2596	1
2597	1
2598	1
2599	1
2600	1
2601	1
2602	1
2603	1
2604	11
2605	1
2606	12
2607	12
2608	12
2609	12
2610	12
2611	12
2612	12
2613	12
2614	12
2615	12
2616	12
2617	12
2618	12
2619	12
2620	12
2621	12
2622	12
2623	12
2624	12
2625	12
2626	12
2627	12
2628	12
2629	12
2630	12
2631	12
2632	12
2633	12
2634	12
2635	12
2636	12
2637	12
2638	12
2639	12
2640	3
2641	3
2642	3
2643	3
2644	3
2645	6
2646	6
2647	6
2648	3
2649	3
2650	3
2651	3
2652	3
2653	6
2654	6
2655	6
2656	3
2657	6
2658	6
2659	3
2660	3
2661	6
2662	6
2663	3
2664	6
2665	3
2666	6
2667	6
2668	3
2669	3
2670	6
2671	3
2672	6
2673	3
2674	6
2675	6
2676	3
2677	6
2678	6
2679	3
2680	3
2681	3
2682	3
2683	3
2684	3
2685	3
2686	3
2687	3
2688	2
2689	2
2690	2
2691	2
315	5
1657	4
