0	3
1	3
2	3
3	3
4	3
5	3
6	3
7	1
8	1
9	1
10	1
11	1
12	1
13	1
14	1
15	1
16	1
17	1
18	1
19	7
20	1
21	10
22	10
23	10
24	10
25	10
26	10
27	10
28	10
29	5
30	5
31	5
32	5
33	5
34	5
35	5
36	5
37	5
38	5
39	5
40	5
41	5
42	5
43	5
44	5
45	5
46	5
47	5
48	5
49	1
50	1
51	5
52	5
53	13
54	13
55	13
56	13
57	13
58	1
59	1
60	1
61	1
62	1
63	1
64	1
65	13
66	13
67	13
68	13
69	13
70	13
71	10
72	10
73	10
74	10
75	5
76	5
77	1
78	1
79	1
80	1
81	1
82	1
83	11
84	11
85	11
86	11
87	11
88	11
89	11
90	11
91	11
92	11
93	11
94	11
95	11
96	1
97	1
98	1
99	1
100	1
101	1
102	1
103	1
104	1
105	1
106	1
107	1
108	1
109	1
110	1
111	2
112	2
113	2
114	1
115	1
116	1
117	2
118	1
119	2
120	1
121	2
122	1
123	1
124	1
125	1
126	2
127	1
128	2
129	9
130	9
131	9
132	9
133	9
134	9
135	9
136	9
137	9
138	9
139	9
140	9
141	9
142	9
143	9
144	9
145	9
146	9
147	9
148	9
149	9
150	9
151	9
152	9
153	9
154	9
155	9
156	9
157	9
158	9
159	9
160	9
161	9
162	9
163	9
164	9
165	9
166	11
167	11
168	11
169	11
170	11
171	11
172	11
173	11
174	11
175	11
176	11
177	11
178	11
179	11
180	11
181	11
182	11
183	3
184	3
185	3
186	3
187	3
188	3
189	3
190	3
191	3
192	3
193	3
194	3
195	3
196	3
197	3
198	3
199	3
200	3
201	3
202	3
203	3
204	3
205	3
206	3
207	3
208	10
209	10
210	10
211	10
212	10
213	10
214	10
215	10
216	10
217	10
218	10
219	10
220	10
221	10
222	10
223	10
224	10
225	10
226	12
227	12
228	12
229	12
230	12
231	12
232	12
233	12
234	12
235	12
236	10
237	10
238	10
239	10
240	10
241	10
242	10
243	10
244	10
245	10
246	10
247	10
248	3
249	3
250	3
251	3
252	3
253	3
254	3
255	3
256	3
257	3
258	3
259	3
260	3
261	12
262	12
263	12
264	12
265	12
266	12
267	12
268	12
269	12
270	12
271	12
272	12
273	12
274	12
275	12
276	12
277	12
278	12
279	12
280	12
281	12
282	12
283	12
284	12
285	12
286	12
287	12
288	12
289	12
290	12
291	12
292	12
293	12
294	12
295	12
296	12
297	12
298	12
299	12
300	12
301	12
302	3
303	3
304	3
305	3
306	13
307	13
308	13
309	13
310	13
311	13
312	13
313	13
314	13
316	5
317	5
318	5
319	5
320	5
321	5
322	5
323	5
324	5
325	5
326	5
327	5
328	5
329	5
330	5
331	13
332	13
333	13
334	13
335	13
336	13
337	5
338	5
339	5
340	13
341	13
342	13
343	13
344	13
345	8
346	13
347	13
348	13
349	13
350	13
351	13
352	13
353	13
354	13
355	13
356	6
357	6
358	6
359	11
360	6
361	6
362	6
363	6
364	6
365	6
366	6
367	6
368	6
369	13
370	13
371	13
372	13
373	13
374	13
375	13
376	13
377	13
378	13
379	13
380	13
381	13
382	13
383	13
384	13
385	13
386	13
387	13
388	13
389	5
390	5
391	5
392	5
393	5
394	13
395	13
396	13
397	13
398	5
399	5
400	5
401	5
402	5
403	10
404	10
405	10
406	10
407	10
408	10
409	7
410	7
411	7
412	7
413	7
414	7
415	7
416	7
417	7
418	7
419	7
420	7
421	7
422	7
423	7
424	7
425	11
426	11
427	11
428	11
429	11
430	11
431	11
432	11
433	7
434	7
435	7
436	7
437	7
438	7
439	7
440	7
441	7
442	7
443	7
444	7
445	7
446	11
447	11
448	11
449	11
450	11
451	7
452	7
453	7
454	11
455	11
456	11
457	7
458	7
459	7
460	7
461	7
462	7
463	11
464	11
465	11
466	11
467	11
468	11
469	11
470	11
471	11
472	11
473	7
474	7
475	12
476	12
477	9
478	9
479	9
480	9
481	9
482	9
483	9
484	10
485	10
486	9
487	9
488	9
489	12
490	12
491	12
492	12
493	12
494	12
495	9
496	9
497	9
498	10
499	9
500	9
501	9
502	10
503	9
504	9
505	9
506	10
507	10
508	10
509	10
510	10
511	10
512	10
513	10
514	10
515	10
516	10
517	10
518	10
519	10
520	10
521	10
522	2
523	2
524	2
525	2
526	3
527	3
528	2
529	2
530	2
531	2
532	2
533	2
534	2
535	2
536	2
537	2
538	3
539	3
540	3
541	3
542	3
543	3
544	3
545	3
546	3
547	3
548	3
549	3
550	3
551	3
552	3
553	3
554	3
555	3
556	3
557	3
558	3
559	12
560	10
561	12
562	10
563	10
564	10
565	3
566	3
567	3
568	3
569	3
570	2
571	2
572	2
573	2
574	2
575	2
576	2
577	2
578	2
579	2
580	2
581	3
582	3
583	3
584	3
585	3
586	3
587	12
588	12
589	12
590	12
591	12
592	10
593	10
594	12
595	10
596	12
597	12
598	12
599	10
600	10
601	12
602	12
603	3
604	3
605	3
606	3
607	3
608	3
609	3
610	3
611	3
612	3
613	3
614	3
615	3
616	3
617	12
618	12
619	12
620	12
621	12
622	12
623	12
624	12
625	12
626	12
627	12
628	10
629	10
630	10
631	12
632	12
633	12
634	12
635	12
636	12
637	12
638	12
639	3
640	3
641	3
642	3
643	3
644	3
645	3
646	3
647	3
648	3
649	3
650	3
651	3
652	3
653	3
654	3
655	3
656	3
657	9
658	9
659	9
660	9
661	7
662	7
663	7
664	7
665	7
666	7
667	7
668	7
669	7
670	9
671	9
672	9
673	9
674	9
675	9
676	9
677	9
678	9
679	9
680	7
681	7
682	7
683	7
684	7
685	7
686	7
687	7
688	7
689	7
690	7
691	7
692	7
693	7
694	7
695	7
696	7
697	9
698	9
699	9
700	9
701	9
702	9
703	9
704	9
705	9
706	9
707	9
708	9
709	9
710	9
711	9
712	9
713	9
714	7
715	7
716	12
717	12
718	9
719	9
720	9
721	12
722	12
723	12
724	12
725	12
726	12
727	12
728	12
729	12
730	12
731	12
732	5
733	5
734	5
735	5
736	5
737	9
738	9
739	9
740	9
741	9
742	9
743	9
744	9
745	5
746	5
747	5
748	5
749	5
750	5
751	5
752	5
753	5
754	5
755	5
756	5
757	5
758	5
759	5
760	5
761	5
762	5
763	5
764	5
765	5
766	9
767	9
768	9
769	9
770	5
771	5
772	9
773	9
774	9
775	9
776	9
777	9
778	9
779	9
780	9
781	9
782	9
783	9
784	9
785	10
786	9
787	9
788	9
789	9
790	9
791	10
792	10
793	10
794	10
795	10
796	10
797	10
798	10
799	10
800	10
801	9
802	9
803	9
804	9
805	10
806	10
807	10
808	9
809	9
810	9
811	6
812	2
813	6
814	6
815	6
816	6
817	6
818	2
819	6
820	2
821	6
822	6
823	6
824	6
825	6
826	6
827	6
828	6
829	2
830	6
831	6
832	6
833	6
834	6
835	6
836	6
837	6
838	6
839	6
840	6
841	6
842	6
843	6
844	6
845	6
846	6
847	2
848	6
849	6
850	2
851	2
852	6
853	6
854	6
855	6
856	2
857	2
858	3
859	3
860	3
861	3
862	3
863	3
864	3
865	3
866	3
867	3
868	3
869	3
870	3
871	6
872	6
873	6
874	6
875	6
876	6
877	6
878	6
879	6
880	6
881	6
882	6
883	6
884	6
885	6
886	6
887	6
888	6
889	6
890	6
891	6
892	2
893	6
894	6
895	6
896	6
897	6
898	6
899	2
900	2
901	2
902	6
903	6
904	6
905	6
906	6
907	6
908	6
909	6
910	2
911	2
912	2
913	2
914	6
915	6
916	6
917	6
918	6
919	6
920	6
921	6
922	2
923	2
924	6
925	6
926	6
927	6
928	6
929	6
930	6
931	6
932	6
933	2
934	6
935	6
936	6
937	6
938	6
939	6
940	6
941	6
942	6
943	6
944	2
945	2
946	6
947	6
948	6
949	6
950	6
951	6
952	6
953	6
954	2
955	2
956	2
957	6
958	6
959	6
960	6
961	6
962	6
963	6
964	6
965	6
966	6
967	6
968	6
969	6
970	6
971	6
972	6
973	6
974	6
975	2
976	6
977	6
978	6
979	6
980	6
981	6
982	5
983	5
984	5
985	11
986	11
987	11
988	11
989	11
990	11
991	11
992	11
993	11
994	11
995	11
996	11
997	11
998	11
999	11
1000	11
1001	11
1002	11
1003	11
1004	11
1005	11
1006	11
1007	5
1008	5
1009	11
1010	5
1011	5
1012	5
1013	5
1014	5
1015	5
1016	5
1017	5
1018	5
1019	5
1020	5
1021	5
1022	5
1023	5
1024	5
1025	5
1026	5
1027	5
1028	5
1029	5
1030	5
1031	5
1032	5
1033	5
1034	5
1035	5
1036	5
1037	5
1038	5
1039	5
1040	5
1041	5
1042	5
1043	5
1044	5
1045	5
1046	5
1047	5
1048	5
1049	5
1050	5
1051	5
1052	5
1053	5
1054	5
1055	5
1056	5
1057	5
1058	5
1059	5
1060	5
1061	5
1062	5
1063	5
1064	5
1065	5
1066	5
1067	5
1068	5
1069	5
1070	5
1071	5
1072	5
1073	5
1074	5
1075	3
1076	3
1077	3
1078	3
1079	3
1080	3
1081	3
1082	3
1083	3
1084	3
1085	3
1086	3
1087	12
1088	12
1089	12
1090	12
1091	12
1092	12
1093	12
1094	10
1095	10
1096	10
1097	10
1098	10
1099	10
1100	10
1101	10
1102	10
1103	10
1104	10
1105	10
1106	10
1107	13
1108	13
1109	13
1110	13
1111	13
1112	13
1113	13
1114	13
1115	13
1116	13
1117	13
1118	13
1119	13
1120	13
1121	13
1122	13
1123	13
1124	13
1125	13
1126	13
1127	13
1128	13
1129	13
1130	13
1131	13
1132	13
1133	13
1134	13
1135	13
1136	13
1137	13
1138	13
1139	13
1140	13
1141	13
1142	13
1143	13
1144	13
1145	13
1146	13
1147	13
1148	13
1149	13
1150	13
1151	13
1152	13
1153	13
1154	13
1155	13
1156	13
1157	13
1158	13
1159	13
1160	13
1161	13
1162	13
1163	13
1164	13
1165	13
1166	13
1167	13
1168	13
1169	5
1170	5
1171	5
1172	5
1173	5
1174	5
1175	5
1176	5
1177	5
1178	5
1179	5
1180	5
1181	5
1182	5
1183	5
1184	5
1185	5
1186	5
1187	5
1188	5
1189	5
1190	5
1191	5
1192	5
1193	5
1194	5
1195	5
1196	5
1197	5
1198	5
1199	5
1200	6
1201	6
1202	2
1203	6
1204	2
1205	2
1206	2
1207	2
1208	2
1209	2
1210	2
1211	2
1212	2
1213	2
1214	2
1215	2
1216	2
1217	2
1218	2
1219	2
1220	2
1221	2
1222	2
1223	6
1224	2
1225	2
1226	2
1227	2
1228	2
1229	6
1230	2
1231	2
1232	6
1233	2
1234	2
1235	2
1236	6
1237	6
1238	6
1239	2
1240	12
1241	12
1242	12
1243	12
1244	12
1245	12
1246	12
1247	12
1248	12
1249	12
1250	12
1251	12
1252	12
1253	1
1254	1
1255	1
1256	1
1257	1
1258	12
1259	12
1260	12
1261	12
1262	12
1263	12
1264	1
1265	1
1266	1
1267	1
1268	1
1269	1
1270	1
1271	1
1272	1
1273	1
1274	1
1275	1
1276	1
1277	1
1278	10
1279	10
1280	10
1281	12
1282	12
1283	12
1284	1
1285	1
1286	1
1287	1
1288	10
1289	10
1290	10
1291	10
1292	10
1293	10
1294	10
1295	10
1296	10
1297	10
1298	10
1299	10
1300	10
1301	10
1302	10
1303	1
1304	1
1305	1
1306	1
1307	1
1308	1
1309	1
1310	1
1311	1
1312	1
1313	1
1314	13
1315	13
1316	13
1317	13
1318	13
1319	13
1320	13
1321	13
1322	13
1323	13
1324	13
1325	13
1326	13
1327	13
1328	13
1329	13
1330	13
1331	13
1332	13
1333	13
1334	13
1335	13
1336	13
1337	13
1338	13
1339	13
1340	13
1341	13
1342	13
1343	13
1344	13
1345	13
1346	1
1347	1
1348	1
1349	1
1350	1
1351	1
1352	1
1353	1
1354	1
1355	1
1356	1
1357	1
1358	1
1359	1
1360	1
1361	1
1362	1
1363	6
1364	13
1365	6
1366	13
1367	13
1368	6
1369	6
1370	6
1371	13
1372	13
1373	6
1374	6
1375	6
1376	6
1377	6
1378	6
1379	6
1380	13
1381	10
1382	10
1383	10
1384	10
1385	10
1386	10
1387	10
1388	10
1389	10
1390	10
1391	10
1392	10
1393	10
1394	10
1395	10
1396	10
1397	1
1398	1
1399	1
1400	1
1401	1
1402	1
1403	1
1404	1
1405	1
1406	1
1407	1
1408	1
1409	1
1410	1
1411	1
1412	1
1413	1
1414	1
1415	1
1416	1
1417	1
1418	1
1419	1
1420	1
1421	1
1422	1
1423	1
1424	1
1425	1
1426	1
1427	1
1428	2
1429	2
1430	2
1431	2
1432	2
1433	2
1434	2
1435	2
1436	2
1437	2
1438	2
1439	2
1440	2
1441	1
1442	1
1443	1
1444	1
1445	1
1446	1
1447	1
1448	1
1449	1
1450	1
1451	1
1452	1
1453	1
1454	1
1455	2
1456	2
1457	2
1458	2
1459	2
1460	2
1461	2
1462	2
1463	2
1464	2
1465	10
1466	10
1467	10
1468	10
1469	10
1470	10
1471	10
1472	10
1473	10
1474	10
1475	10
1476	10
1477	10
1478	10
1479	10
1480	10
1481	10
1482	10
1483	10
1484	10
1485	10
1486	10
1487	10
1488	10
1489	5
1490	5
1491	5
1492	5
1493	5
1494	5
1495	5
1496	5
1497	5
1498	5
1499	5
1500	5
1501	7
1502	3
1503	3
1504	7
1505	3
1506	7
1507	3
1508	3
1509	3
1510	7
1511	3
1512	3
1513	7
1514	7
1515	7
1516	3
1517	3
1518	3
1519	3
1520	7
1521	7
1522	3
1523	3
1524	3
1525	3
1526	3
1527	7
1528	7
1529	9
1530	9
1531	9
1532	11
1533	9
1534	9
1535	9
1536	9
1537	9
1538	11
1539	11
1540	11
1541	11
1542	9
1543	9
1544	9
1545	9
1546	9
1547	9
1548	11
1549	9
1550	9
1551	9
1552	11
1553	6
1554	6
1555	6
1556	6
1557	6
1558	6
1559	6
1560	6
1561	6
1562	6
1563	6
1564	6
1565	6
1566	6
1567	6
1568	6
1569	6
1570	6
1571	6
1572	6
1573	6
1574	6
1575	6
1576	5
1577	5
1578	5
1579	5
1580	5
1581	5
1582	5
1583	5
1584	5
1585	5
1586	5
1587	5
1588	5
1589	5
1590	5
1591	5
1592	5
1593	1
1594	1
1595	1
1596	1
1597	1
1598	1
1599	1
1600	1
1601	1
1602	2
1603	2
1604	2
1605	2
1606	2
1607	2
1608	2
1609	2
1610	2
1611	2
1612	2
1613	2
1614	2
1615	2
1616	2
1617	2
1618	10
1619	10
1620	10
1621	10
1622	10
1623	10
1624	10
1625	10
1626	10
1627	10
1628	10
1629	2
1630	2
1631	2
1632	2
1633	2
1634	2
1635	2
1636	2
1637	2
1638	2
1639	2
1640	2
1641	2
1642	2
1643	2
1644	10
1645	10
1646	10
1647	10
1648	10
1649	2
1650	2
1651	2
1652	2
1653	2
1654	2
1655	2
1656	2
1658	2
1659	2
1660	2
1661	2
1662	2
1663	2
1664	2
1665	2
1666	2
1667	2
1668	2
1669	2
1670	2
1671	2
1672	2
1673	10
1674	2
1675	2
1676	2
1677	10
1678	12
1679	12
1680	12
1681	12
1682	12
1683	12
1684	12
1685	1
1686	1
1687	1
1688	1
1689	1
1690	1
1691	1
1692	1
1693	1
1694	1
1695	1
1696	1
1697	1
1698	1
1699	1
1700	1
1701	1
1702	7
1703	7
1704	7
1705	1
1706	1
1707	1
1708	1
1709	7
1710	1
1711	1
1712	1
1713	10
1714	10
1715	10
1716	10
1717	10
1718	10
1719	10
1720	10
1721	10
1722	10
1723	10
1724	10
1725	1
1726	1
1727	1
1728	10
1729	1
1730	1
1731	1
1732	1
1733	1
1734	1
1735	1
1736	7
1737	7
1738	7
1739	7
1740	7
1741	1
1742	7
1743	7
1744	7
1745	7
1746	7
1747	7
1748	7
1749	7
1750	7
1751	7
1752	7
1753	7
1754	7
1755	7
1756	7
1757	10
1758	10
1759	10
1760	10
1761	7
1762	7
1763	7
1764	7
1765	7
1766	7
1767	7
1768	7
1769	7
1770	7
1771	7
1772	7
1773	7
1774	10
1775	10
1776	10
1777	10
1778	10
1779	10
1780	10
1781	10
1782	10
1783	10
1784	10
1785	10
1786	10
1787	7
1788	7
1789	7
1790	7
1791	7
1792	7
1793	7
1794	7
1795	10
1796	10
1797	10
1798	10
1799	7
1800	7
1801	7
1802	7
1803	7
1804	7
1805	7
1806	7
1807	7
1808	7
1809	1
1810	1
1811	1
1812	1
1813	1
1814	1
1815	1
1816	1
1817	1
1818	1
1819	1
1820	1
1821	1
1822	1
1823	1
1824	1
1825	1
1826	1
1827	1
1828	1
1829	1
1830	12
1831	12
1832	12
1833	12
1834	12
1835	1
1836	1
1837	12
1838	1
1839	1
1840	6
1841	6
1842	6
1843	6
1844	6
1845	1
1846	1
1847	1
1848	1
1849	1
1850	1
1851	1
1852	1
1853	1
1854	1
1855	1
1856	1
1857	10
1858	10
1859	10
1860	10
1861	10
1862	10
1863	1
1864	1
1865	1
1866	1
1867	1
1868	1
1869	1
1870	1
1871	1
1872	9
1873	12
1874	12
1875	12
1876	9
1877	12
1878	12
1879	12
1880	9
1881	12
1882	12
1883	9
1884	12
1885	12
1886	12
1887	9
1888	9
1889	9
1890	9
1891	12
1892	9
1893	9
1894	12
1895	3
1896	3
1897	3
1898	13
1899	13
1900	13
1901	13
1902	13
1903	13
1904	3
1905	3
1906	3
1907	3
1908	3
1909	3
1910	3
1911	3
1912	3
1913	3
1914	3
1915	3
1916	13
1917	13
1918	13
1919	13
1920	13
1921	13
1922	13
1923	13
1924	3
1925	3
1926	3
1927	3
1928	3
1929	3
1930	3
1931	3
1932	3
1933	3
1934	3
1935	3
1936	3
1937	3
1938	3
1939	3
1940	3
1941	3
1942	3
1943	3
1944	3
1945	3
1946	3
1947	3
1948	3
1949	3
1950	3
1951	3
1952	3
1953	3
1954	3
1955	3
1956	3
1957	3
1958	3
1959	3
1960	3
1961	3
1962	3
1963	3
1964	3
1965	3
1966	3
1967	3
1968	3
1969	3
1970	3
1971	3
1972	3
1973	3
1974	3
1975	3
1976	11
1977	11
1978	11
1979	11
1980	11
1981	11
1982	11
1983	11
1984	11
1985	11
1986	11
1987	11
1988	11
1989	11
1990	11
1991	11
1992	11
1993	11
1994	11
1995	11
1996	11
1997	11
1998	11
1999	11
2000	11
2001	11
2002	11
2003	11
2004	11
2005	11
2006	11
2007	11
2008	11
2009	11
2010	11
2011	11
2012	11
2013	11
2014	11
2015	11
2016	11
2017	12
2018	12
2019	12
2020	12
2021	12
2022	12
2023	12
2024	9
2025	12
2026	12
2027	12
2028	12
2029	12
2030	9
2031	9
2032	9
2033	9
2034	9
2035	9
2036	9
2037	9
2038	12
2039	12
2040	12
2041	12
2042	12
2043	12
2044	12
2045	12
2046	9
2047	9
2048	12
2049	12
2050	12
2051	9
2052	9
2053	9
2054	9
2055	9
2056	9
2057	9
2058	11
2059	11
2060	11
2061	11
2062	11
2063	11
2064	11
2065	11
2066	11
2067	11
2068	12
2069	12
2070	12
2071	12
2072	12
2073	12
2074	12
2075	12
2076	12
2077	12
2078	12
2079	12
2080	12
2081	12
2082	12
2083	12
2084	12
2085	12
2086	12
2087	12
2088	12
2089	5
2090	5
2091	5
2092	5
2093	5
2094	5
2095	5
2096	3
2097	3
2098	3
2099	3
2100	3
2101	3
2102	3
2103	3
2104	3
2105	3
2106	3
2107	3
2108	3
2109	3
2110	3
2111	3
2112	3
2113	4
2114	4
2115	4
2116	4
2117	4
2118	4
2119	4
2120	4
2121	4
2122	4
2123	7
2124	12
2125	4
2126	4
2127	4
2128	4
2129	4
2130	4
2131	4
2132	4
2133	4
2134	7
2135	4
2136	7
2137	7
2138	4
2139	4
2140	4
2141	4
2142	4
2143	4
2144	4
2145	4
2146	4
2147	4
2148	4
2149	4
2150	4
2151	4
2152	4
2153	4
2154	4
2155	4
2156	4
2157	4
2158	4
2159	4
2160	4
2161	4
2162	4
2163	4
2164	7
2165	7
2166	7
2167	4
2168	4
2169	4
2170	4
2171	4
2172	4
2173	4
2174	4
2175	4
2176	4
2177	4
2178	4
2179	4
2180	7
2181	7
2182	4
2183	4
2184	4
2185	4
2186	4
2187	4
2188	4
2189	4
2190	4
2191	4
2192	4
2193	4
2194	4
2195	4
2196	4
2197	4
2198	4
2199	7
2200	4
2201	4
2202	4
2203	4
2204	4
2205	4
2206	4
2207	4
2208	4
2209	4
2210	4
2211	4
2212	4
2213	4
2214	4
2215	7
2216	7
2217	4
2218	4
2219	4
2220	4
2221	4
2222	4
2223	4
2224	4
2225	4
2226	4
2227	4
2228	4
2229	4
2230	7
2231	7
2232	4
2233	4
2234	7
2235	4
2236	7
2237	7
2238	7
2239	4
2240	4
2241	4
2242	4
2243	4
2244	4
2245	7
2246	4
2247	7
2248	7
2249	4
2250	4
2251	4
2252	4
2253	4
2254	4
2255	4
2256	7
2257	4
2258	4
2259	4
2260	4
2261	7
2262	7
2263	4
2264	4
2265	4
2266	4
2267	4
2268	4
2269	4
2270	4
2271	7
2272	4
2273	7
2274	4
2275	4
2276	4
2277	4
2278	4
2279	4
2280	4
2281	4
2282	4
2283	4
2284	12
2285	12
2286	4
2287	4
2288	4
2289	4
2290	4
2291	4
2292	4
2293	4
2294	4
2295	4
2296	4
2297	4
2298	4
2299	4
2300	7
2301	4
2302	4
2303	4
2304	4
2305	4
2306	4
2307	4
2308	4
2309	12
2310	12
2311	12
2312	13
2313	13
2314	13
2315	5
2316	5
2317	13
2318	5
2319	5
2320	5
2321	13
2322	5
2323	5
2324	5
2325	13
2326	13
2327	5
2328	5
2329	5
2330	3
2331	3
2332	3
2333	3
2334	3
2335	3
2336	3
2337	3
2338	3
2339	3
2340	3
2341	3
2342	3
2343	3
2344	3
2345	3
2346	5
2347	5
2348	5
2349	5
2350	5
2351	5
2352	5
2353	5
2354	5
2355	5
2356	5
2357	5
2358	5
2359	5
2360	5
2361	5
2362	5
2363	5
2364	5
2365	5
2366	2
2367	2
2368	2
2369	2
2370	2
2371	2
2372	2
2373	2
2374	2
2375	2
2376	2
2377	2
2378	2
2379	2
2380	2
2381	2
2382	2
2383	2
2384	2
2385	2
2386	2
2387	2
2388	2
2389	2
2390	2
2391	2
2392	2
2393	2
2394	2
2395	2
2396	2
2397	2
2398	2
2399	2
2400	2
2401	2
2402	2
2403	2
2404	2
2405	2
2406	2
2407	2
2408	2
2409	2
2410	2
2411	2
2412	2
2413	2
2414	2
2415	8
2416	8
2417	8
2418	8
2419	8
2420	8
2421	8
2422	8
2423	8
2424	8
2425	8
2426	8
2427	10
2428	8
2429	8
2430	10
2431	8
2432	8
2433	8
2434	8
2435	8
2436	8
2437	8
2438	8
2439	10
2440	8
2441	8
2442	8
2443	8
2444	8
2445	8
2446	8
2447	8
2448	8
2449	8
2450	8
2451	8
2452	8
2453	8
2454	8
2455	8
2456	8
2457	8
2458	8
2459	8
2460	8
2461	8
2462	8
2463	8
2464	8
2465	8
2466	8
2467	8
2468	8
2469	8
2470	8
2471	8
2472	8
2473	8
2474	8
2475	8
2476	8
2477	8
2478	8
2479	8
2480	8
2481	8
2482	8
2483	8
2484	8
2485	8
2486	8
2487	8
2488	8
2489	8
2490	8
2491	8
2492	8
2493	8
2494	8
2495	8
2496	10
2497	10
2498	8
2499	8
2500	8
2501	8
2502	8
2503	8
2504	8
2505	8
2506	8
2507	8
2508	8
2509	10
2510	8
2511	8
2512	8
2513	8
2514	8
2515	8
2516	8
2517	8
2518	8
2519	8
2520	8
2521	8
2522	8
2523	10
2524	8
2525	10
2526	8
2527	8
2528	8
2529	10
2530	10
2531	10
2532	10
2533	10
2534	10
2535	10
2536	10
2537	10
2538	10
2539	8
2540	10
2541	8
2542	8
2543	8
2544	8
2545	8
2546	8
2547	8
2548	8
2549	8
2550	8
2551	8
2552	10
2553	10
2554	8
2555	8
2556	8
2557	8
2558	8
2559	8
2560	8
2561	8
2562	8
2563	10
2564	8
2565	8
2566	8
2567	8
2568	8
2569	8
2570	8
2571	8
2572	8
2573	8
2574	8
2575	8
2576	8
2577	8
2578	8
2579	8
2580	8
2581	10
2582	8
2583	8
2584	8
2585	8
2586	8
2587	10
2588	10
2589	10
2590	10
2591	10
2592	10
2593	10
2594	8
2595	8
2596	8
2597	8
2598	8
2599	8
2600	8
2601	8
2602	8
2603	8
2604	10
2605	8
2606	12
2607	12
2608	12
2609	12
2610	12
2611	12
2612	12
2613	12
2614	12
2615	12
2616	12
2617	12
2618	12
2619	12
2620	12
2621	12
2622	12
2623	12
2624	12
2625	12
2626	12
2627	12
2628	12
2629	12
2630	12
2631	12
2632	12
2633	12
2634	12
2635	12
2636	12
2637	12
2638	12
2639	12
2640	11
2641	11
2642	11
2643	11
2644	11
2645	11
2646	11
2647	11
2648	11
2649	11
2650	11
2651	11
2652	11
2653	11
2654	11
2655	11
2656	11
2657	11
2658	11
2659	11
2660	11
2661	11
2662	11
2663	11
2664	11
2665	11
2666	11
2667	11
2668	11
2669	11
2670	11
2671	11
2672	11
2673	11
2674	11
2675	11
2676	11
2677	11
2678	11
2679	11
2680	11
2681	11
2682	11
2683	11
2684	11
2685	11
2686	11
2687	11
2688	3
2689	3
2690	3
2691	3
315	5
1657	2
