0	1
1	1
2	1
3	1
4	1
5	1
6	1
7	3
8	3
9	3
10	3
11	3
12	3
13	3
14	3
15	3
16	3
17	3
18	9
19	9
20	9
21	8
22	8
23	8
24	8
25	8
26	8
27	8
28	8
29	7
30	7
31	7
32	7
33	7
34	7
35	7
36	7
37	7
38	7
39	7
40	7
41	7
42	7
43	7
44	7
45	7
46	7
47	7
48	7
49	7
50	7
51	7
52	7
53	11
54	11
55	11
56	11
57	11
58	7
59	7
60	7
61	7
62	7
63	7
64	7
65	11
66	11
67	11
68	11
69	11
70	11
71	8
72	8
73	8
74	8
75	7
76	7
77	7
78	7
79	7
80	7
81	7
82	7
83	2
84	2
85	2
86	2
87	2
88	2
89	2
90	2
91	2
92	2
93	2
94	2
95	2
96	3
97	3
98	3
99	3
100	3
101	3
102	3
103	3
104	3
105	3
106	3
107	3
108	3
109	3
110	3
111	3
112	3
113	3
114	3
115	3
116	3
117	3
118	3
119	3
120	3
121	3
122	3
123	3
124	3
125	3
126	3
127	3
128	3
129	10
130	10
131	10
132	10
133	12
134	10
135	10
136	10
137	10
138	10
139	10
140	10
141	12
142	12
143	10
144	10
145	10
146	10
147	12
148	10
149	10
150	12
151	10
152	10
153	12
154	10
155	10
156	10
157	12
158	12
159	12
160	12
161	12
162	12
163	12
164	10
165	12
166	12
167	12
168	12
169	12
170	12
171	12
172	12
173	12
174	12
175	12
176	12
177	12
178	12
179	12
180	12
181	12
182	12
183	7
184	7
185	7
186	7
187	7
188	7
189	7
190	7
191	7
192	7
193	7
194	7
195	7
196	7
197	7
198	7
199	7
200	7
201	7
202	7
203	7
204	7
205	7
206	7
207	7
208	8
209	8
210	8
211	8
212	8
213	8
214	8
215	8
216	8
217	8
218	8
219	8
220	8
221	8
222	8
223	8
224	8
225	8
226	13
227	13
228	13
229	13
230	13
231	13
232	13
233	13
234	13
235	13
236	8
237	8
238	8
239	8
240	8
241	8
242	8
243	8
244	8
245	8
246	8
247	8
248	7
249	7
250	7
251	7
252	7
253	7
254	7
255	7
256	7
257	7
258	7
259	7
260	7
261	8
262	8
263	8
264	8
265	8
266	8
267	8
268	13
269	13
270	13
271	8
272	8
273	8
274	8
275	8
276	8
277	8
278	13
279	13
280	13
281	13
282	13
283	13
284	13
285	13
286	13
287	13
288	13
289	13
290	13
291	13
292	13
293	13
294	13
295	13
296	13
297	13
298	13
299	13
300	13
301	13
302	7
303	7
304	7
305	7
306	6
307	11
308	11
309	6
310	6
311	6
312	11
313	11
314	6
316	9
317	9
318	9
319	9
320	9
321	9
322	9
323	9
324	9
325	9
326	9
327	9
328	9
329	9
330	9
331	11
332	11
333	11
334	11
335	11
336	6
337	9
338	9
339	9
340	11
341	11
342	11
343	11
344	11
345	11
346	11
347	6
348	11
349	11
350	6
351	11
352	11
353	6
354	11
355	11
356	12
357	12
358	2
359	12
360	12
361	2
362	12
363	12
364	12
365	2
366	12
367	2
368	12
369	6
370	11
371	11
372	6
373	6
374	6
375	6
376	6
377	11
378	11
379	11
380	11
381	11
382	11
383	11
384	11
385	11
386	11
387	11
388	11
389	9
390	9
391	9
392	9
393	9
394	6
395	11
396	11
397	6
398	9
399	9
400	9
401	9
402	9
403	8
404	8
405	8
406	8
407	8
408	8
409	1
410	1
411	1
412	1
413	1
414	1
415	1
416	1
417	1
418	1
419	1
420	1
421	1
422	1
423	1
424	1
425	12
426	12
427	12
428	12
429	12
430	12
431	12
432	12
433	1
434	1
435	1
436	1
437	1
438	1
439	1
440	1
441	1
442	1
443	1
444	1
445	1
446	12
447	12
448	12
449	12
450	12
451	1
452	1
453	1
454	12
455	12
456	12
457	1
458	1
459	1
460	1
461	1
462	1
463	12
464	12
465	12
466	12
467	12
468	12
469	12
470	12
471	12
472	12
473	1
474	1
475	13
476	13
477	13
478	12
479	12
480	13
481	12
482	12
483	12
484	8
485	8
486	12
487	12
488	12
489	13
490	13
491	13
492	13
493	13
494	13
495	12
496	12
497	13
498	8
499	12
500	13
501	12
502	8
503	13
504	13
505	13
506	8
507	8
508	8
509	8
510	8
511	8
512	8
513	8
514	8
515	8
516	8
517	8
518	8
519	8
520	8
521	8
522	5
523	5
524	5
525	5
526	1
527	1
528	5
529	5
530	5
531	5
532	5
533	5
534	5
535	5
536	5
537	5
538	1
539	1
540	1
541	1
542	1
543	1
544	1
545	1
546	1
547	1
548	1
549	1
550	1
551	1
552	1
553	1
554	1
555	1
556	1
557	1
558	1
559	8
560	8
561	8
562	8
563	8
564	8
565	1
566	1
567	1
568	1
569	1
570	5
571	5
572	5
573	5
574	5
575	5
576	5
577	5
578	5
579	5
580	5
581	1
582	1
583	1
584	1
585	1
586	1
587	13
588	13
589	13
590	13
591	13
592	8
593	8
594	13
595	8
596	13
597	8
598	13
599	8
600	8
601	8
602	8
603	7
604	7
605	7
606	7
607	7
608	7
609	7
610	7
611	7
612	7
613	7
614	7
615	7
616	7
617	13
618	13
619	8
620	13
621	13
622	13
623	13
624	13
625	13
626	13
627	13
628	8
629	8
630	8
631	8
632	8
633	13
634	13
635	13
636	13
637	13
638	13
639	7
640	1
641	7
642	1
643	7
644	1
645	1
646	1
647	1
648	1
649	1
650	1
651	1
652	1
653	7
654	7
655	7
656	1
657	12
658	12
659	12
660	12
661	1
662	1
663	1
664	1
665	1
666	1
667	1
668	1
669	1
670	13
671	13
672	13
673	13
674	13
675	13
676	13
677	13
678	13
679	13
680	1
681	1
682	1
683	1
684	1
685	1
686	1
687	1
688	1
689	1
690	1
691	1
692	1
693	1
694	1
695	1
696	1
697	13
698	13
699	13
700	13
701	13
702	13
703	13
704	13
705	13
706	13
707	13
708	13
709	13
710	13
711	13
712	13
713	13
714	1
715	1
716	8
717	8
718	13
719	13
720	13
721	8
722	8
723	8
724	8
725	8
726	8
727	8
728	8
729	8
730	8
731	8
732	9
733	7
734	9
735	9
736	9
737	12
738	12
739	12
740	12
741	12
742	12
743	12
744	12
745	9
746	9
747	9
748	9
749	9
750	9
751	9
752	9
753	9
754	9
755	9
756	7
757	7
758	9
759	9
760	9
761	9
762	9
763	9
764	9
765	9
766	12
767	12
768	12
769	12
770	9
771	7
772	12
773	12
774	12
775	12
776	12
777	12
778	12
779	12
780	12
781	12
782	12
783	12
784	12
785	8
786	12
787	12
788	12
789	12
790	12
791	8
792	8
793	8
794	8
795	8
796	8
797	8
798	8
799	8
800	8
801	12
802	12
803	12
804	12
805	8
806	8
807	8
808	12
809	12
810	12
811	9
812	9
813	11
814	9
815	11
816	11
817	11
818	9
819	11
820	11
821	9
822	11
823	11
824	11
825	11
826	11
827	11
828	11
829	9
830	11
831	11
832	11
833	11
834	9
835	9
836	11
837	9
838	11
839	11
840	9
841	11
842	9
843	9
844	11
845	11
846	11
847	9
848	11
849	11
850	11
851	11
852	11
853	11
854	9
855	11
856	9
857	11
858	7
859	7
860	7
861	7
862	7
863	7
864	7
865	7
866	7
867	7
868	7
869	7
870	7
871	11
872	11
873	11
874	11
875	9
876	11
877	11
878	11
879	11
880	11
881	11
882	11
883	9
884	11
885	9
886	11
887	11
888	9
889	11
890	11
891	11
892	9
893	9
894	9
895	9
896	11
897	11
898	11
899	11
900	11
901	11
902	11
903	9
904	11
905	9
906	11
907	11
908	11
909	11
910	11
911	11
912	11
913	11
914	9
915	11
916	11
917	11
918	11
919	11
920	11
921	11
922	11
923	11
924	11
925	9
926	11
927	11
928	9
929	11
930	9
931	9
932	11
933	11
934	11
935	11
936	11
937	11
938	11
939	11
940	11
941	11
942	9
943	11
944	11
945	11
946	11
947	9
948	9
949	9
950	11
951	11
952	11
953	11
954	11
955	11
956	11
957	9
958	9
959	11
960	11
961	11
962	9
963	11
964	9
965	11
966	11
967	11
968	11
969	11
970	11
971	11
972	9
973	9
974	11
975	9
976	9
977	9
978	11
979	11
980	11
981	11
982	9
983	9
984	3
985	12
986	12
987	12
988	12
989	12
990	12
991	12
992	12
993	12
994	12
995	12
996	12
997	12
998	12
999	12
1000	12
1001	12
1002	12
1003	12
1004	12
1005	12
1006	12
1007	3
1008	3
1009	12
1010	3
1011	9
1012	3
1013	3
1014	9
1015	9
1016	9
1017	3
1018	3
1019	9
1020	3
1021	3
1022	3
1023	3
1024	3
1025	9
1026	9
1027	3
1028	9
1029	9
1030	9
1031	9
1032	9
1033	9
1034	9
1035	3
1036	3
1037	3
1038	9
1039	3
1040	9
1041	3
1042	3
1043	9
1044	9
1045	9
1046	9
1047	3
1048	3
1049	9
1050	3
1051	3
1052	3
1053	9
1054	3
1055	9
1056	3
1057	3
1058	3
1059	9
1060	3
1061	3
1062	9
1063	3
1064	9
1065	3
1066	3
1067	3
1068	3
1069	9
1070	3
1071	9
1072	9
1073	9
1074	9
1075	7
1076	7
1077	7
1078	7
1079	7
1080	7
1081	7
1082	7
1083	7
1084	7
1085	7
1086	7
1087	8
1088	8
1089	8
1090	8
1091	8
1092	8
1093	8
1094	8
1095	8
1096	8
1097	8
1098	8
1099	8
1100	8
1101	8
1102	8
1103	8
1104	8
1105	8
1106	8
1107	6
1108	6
1109	6
1110	6
1111	6
1112	6
1113	6
1114	6
1115	6
1116	6
1117	6
1118	6
1119	6
1120	6
1121	6
1122	6
1123	6
1124	6
1125	6
1126	6
1127	6
1128	6
1129	6
1130	6
1131	6
1132	6
1133	6
1134	6
1135	6
1136	6
1137	6
1138	6
1139	6
1140	6
1141	6
1142	6
1143	6
1144	6
1145	6
1146	6
1147	6
1148	6
1149	6
1150	6
1151	6
1152	6
1153	6
1154	11
1155	11
1156	11
1157	11
1158	11
1159	11
1160	11
1161	11
1162	11
1163	11
1164	11
1165	11
1166	11
1167	11
1168	11
1169	9
1170	3
1171	3
1172	9
1173	3
1174	3
1175	3
1176	9
1177	9
1178	9
1179	9
1180	3
1181	9
1182	9
1183	3
1184	3
1185	3
1186	3
1187	3
1188	9
1189	3
1190	3
1191	3
1192	3
1193	3
1194	3
1195	9
1196	3
1197	9
1198	3
1199	9
1200	3
1201	3
1202	3
1203	3
1204	3
1205	3
1206	3
1207	3
1208	3
1209	3
1210	3
1211	3
1212	3
1213	3
1214	3
1215	3
1216	3
1217	3
1218	3
1219	3
1220	3
1221	3
1222	3
1223	3
1224	3
1225	3
1226	3
1227	3
1228	3
1229	3
1230	3
1231	3
1232	3
1233	3
1234	3
1235	3
1236	3
1237	3
1238	3
1239	3
1240	13
1241	13
1242	13
1243	13
1244	13
1245	13
1246	13
1247	13
1248	13
1249	13
1250	13
1251	13
1252	13
1253	7
1254	7
1255	7
1256	7
1257	7
1258	13
1259	13
1260	13
1261	13
1262	13
1263	13
1264	7
1265	7
1266	7
1267	7
1268	7
1269	7
1270	7
1271	7
1272	7
1273	7
1274	7
1275	7
1276	7
1277	7
1278	8
1279	8
1280	8
1281	13
1282	13
1283	13
1284	7
1285	7
1286	7
1287	7
1288	10
1289	8
1290	8
1291	8
1292	8
1293	8
1294	10
1295	10
1296	8
1297	10
1298	8
1299	10
1300	8
1301	8
1302	10
1303	7
1304	7
1305	7
1306	7
1307	7
1308	7
1309	7
1310	7
1311	7
1312	7
1313	7
1314	6
1315	6
1316	6
1317	6
1318	6
1319	6
1320	6
1321	6
1322	6
1323	6
1324	6
1325	6
1326	6
1327	6
1328	6
1329	6
1330	6
1331	6
1332	6
1333	6
1334	6
1335	6
1336	6
1337	6
1338	6
1339	6
1340	6
1341	6
1342	6
1343	6
1344	6
1345	6
1346	7
1347	7
1348	7
1349	7
1350	7
1351	7
1352	7
1353	7
1354	7
1355	7
1356	7
1357	7
1358	7
1359	7
1360	7
1361	7
1362	7
1363	6
1364	6
1365	6
1366	6
1367	6
1368	6
1369	6
1370	6
1371	6
1372	6
1373	6
1374	6
1375	6
1376	6
1377	6
1378	6
1379	6
1380	6
1381	8
1382	8
1383	8
1384	8
1385	8
1386	8
1387	8
1388	8
1389	8
1390	8
1391	8
1392	8
1393	8
1394	8
1395	8
1396	8
1397	1
1398	7
1399	1
1400	7
1401	1
1402	1
1403	7
1404	1
1405	7
1406	7
1407	7
1408	7
1409	1
1410	1
1411	7
1412	7
1413	1
1414	1
1415	1
1416	1
1417	1
1418	1
1419	1
1420	1
1421	7
1422	1
1423	1
1424	1
1425	1
1426	1
1427	1
1428	5
1429	5
1430	5
1431	5
1432	5
1433	5
1434	5
1435	5
1436	5
1437	5
1438	5
1439	5
1440	5
1441	3
1442	3
1443	3
1444	3
1445	3
1446	3
1447	3
1448	3
1449	3
1450	3
1451	3
1452	3
1453	3
1454	3
1455	5
1456	5
1457	5
1458	5
1459	5
1460	5
1461	5
1462	5
1463	5
1464	5
1465	8
1466	8
1467	8
1468	8
1469	8
1470	8
1471	8
1472	8
1473	8
1474	8
1475	8
1476	8
1477	8
1478	8
1479	8
1480	8
1481	8
1482	8
1483	8
1484	8
1485	8
1486	8
1487	8
1488	8
1489	9
1490	9
1491	9
1492	9
1493	9
1494	9
1495	9
1496	9
1497	9
1498	9
1499	9
1500	9
1501	1
1502	1
1503	1
1504	1
1505	1
1506	1
1507	1
1508	1
1509	1
1510	1
1511	1
1512	1
1513	1
1514	1
1515	1
1516	1
1517	1
1518	1
1519	1
1520	1
1521	1
1522	1
1523	1
1524	1
1525	1
1526	1
1527	1
1528	1
1529	12
1530	12
1531	12
1532	12
1533	12
1534	12
1535	12
1536	12
1537	12
1538	12
1539	12
1540	12
1541	12
1542	12
1543	12
1544	12
1545	12
1546	12
1547	12
1548	12
1549	12
1550	12
1551	12
1552	2
1553	2
1554	2
1555	2
1556	2
1557	2
1558	2
1559	2
1560	2
1561	2
1562	2
1563	2
1564	2
1565	2
1566	2
1567	2
1568	2
1569	2
1570	2
1571	2
1572	2
1573	2
1574	2
1575	2
1576	7
1577	7
1578	7
1579	7
1580	7
1581	7
1582	7
1583	7
1584	7
1585	7
1586	7
1587	7
1588	7
1589	7
1590	7
1591	7
1592	7
1593	7
1594	7
1595	7
1596	7
1597	7
1598	7
1599	7
1600	7
1601	7
1602	2
1603	2
1604	5
1605	2
1606	2
1607	2
1608	5
1609	2
1610	5
1611	5
1612	5
1613	2
1614	2
1615	2
1616	2
1617	2
1618	8
1619	8
1620	8
1621	8
1622	8
1623	8
1624	8
1625	8
1626	8
1627	8
1628	8
1629	3
1630	3
1631	3
1632	3
1633	3
1634	3
1635	3
1636	3
1637	3
1638	3
1639	3
1640	3
1641	3
1642	3
1643	3
1644	8
1645	8
1646	8
1647	8
1648	8
1649	3
1650	3
1651	3
1652	3
1653	3
1654	3
1655	3
1656	3
1658	3
1659	3
1660	3
1661	3
1662	3
1663	3
1664	3
1665	3
1666	3
1667	3
1668	3
1669	3
1670	3
1671	3
1672	3
1673	8
1674	3
1675	3
1676	3
1677	8
1678	13
1679	13
1680	13
1681	13
1682	13
1683	13
1684	13
1685	9
1686	9
1687	9
1688	9
1689	9
1690	9
1691	9
1692	9
1693	9
1694	9
1695	9
1696	9
1697	9
1698	9
1699	9
1700	9
1701	9
1702	9
1703	4
1704	4
1705	9
1706	9
1707	9
1708	9
1709	9
1710	9
1711	9
1712	9
1713	8
1714	8
1715	8
1716	8
1717	8
1718	8
1719	8
1720	8
1721	8
1722	8
1723	8
1724	8
1725	9
1726	9
1727	9
1728	8
1729	9
1730	9
1731	9
1732	9
1733	9
1734	9
1735	9
1736	9
1737	9
1738	9
1739	9
1740	9
1741	9
1742	1
1743	1
1744	4
1745	4
1746	1
1747	4
1748	1
1749	4
1750	4
1751	1
1752	1
1753	1
1754	4
1755	1
1756	4
1757	8
1758	8
1759	8
1760	8
1761	1
1762	4
1763	4
1764	4
1765	4
1766	1
1767	4
1768	4
1769	1
1770	1
1771	1
1772	4
1773	1
1774	8
1775	8
1776	8
1777	8
1778	8
1779	8
1780	8
1781	8
1782	8
1783	8
1784	8
1785	8
1786	8
1787	4
1788	4
1789	1
1790	1
1791	4
1792	1
1793	1
1794	4
1795	8
1796	8
1797	8
1798	8
1799	1
1800	1
1801	1
1802	1
1803	4
1804	4
1805	4
1806	4
1807	1
1808	4
1809	3
1810	5
1811	5
1812	5
1813	5
1814	5
1815	5
1816	5
1817	5
1818	3
1819	5
1820	3
1821	5
1822	3
1823	5
1824	5
1825	3
1826	3
1827	5
1828	3
1829	5
1830	8
1831	8
1832	8
1833	8
1834	8
1835	5
1836	5
1837	8
1838	3
1839	5
1840	2
1841	2
1842	2
1843	2
1844	2
1845	3
1846	5
1847	5
1848	5
1849	3
1850	5
1851	5
1852	5
1853	5
1854	3
1855	5
1856	5
1857	8
1858	8
1859	8
1860	8
1861	8
1862	8
1863	5
1864	5
1865	5
1866	5
1867	5
1868	3
1869	5
1870	3
1871	3
1872	13
1873	13
1874	13
1875	13
1876	13
1877	13
1878	13
1879	13
1880	13
1881	13
1882	13
1883	13
1884	13
1885	13
1886	13
1887	13
1888	13
1889	13
1890	13
1891	13
1892	13
1893	13
1894	13
1895	7
1896	7
1897	7
1898	11
1899	11
1900	11
1901	11
1902	11
1903	11
1904	7
1905	7
1906	7
1907	7
1908	7
1909	7
1910	7
1911	7
1912	7
1913	7
1914	7
1915	7
1916	11
1917	11
1918	11
1919	11
1920	11
1921	11
1922	11
1923	11
1924	7
1925	1
1926	7
1927	7
1928	1
1929	7
1930	7
1931	7
1932	7
1933	7
1934	7
1935	7
1936	7
1937	7
1938	7
1939	7
1940	7
1941	7
1942	7
1943	7
1944	7
1945	7
1946	7
1947	7
1948	7
1949	7
1950	7
1951	1
1952	7
1953	7
1954	7
1955	7
1956	7
1957	7
1958	7
1959	7
1960	7
1961	7
1962	7
1963	7
1964	7
1965	1
1966	7
1967	7
1968	7
1969	7
1970	7
1971	7
1972	7
1973	7
1974	7
1975	7
1976	2
1977	2
1978	2
1979	2
1980	2
1981	2
1982	2
1983	2
1984	2
1985	2
1986	2
1987	2
1988	2
1989	2
1990	2
1991	2
1992	2
1993	2
1994	2
1995	2
1996	2
1997	2
1998	2
1999	2
2000	2
2001	2
2002	2
2003	2
2004	2
2005	2
2006	2
2007	2
2008	2
2009	2
2010	2
2011	2
2012	2
2013	2
2014	2
2015	2
2016	2
2017	8
2018	8
2019	8
2020	8
2021	8
2022	8
2023	8
2024	12
2025	8
2026	8
2027	8
2028	8
2029	8
2030	12
2031	12
2032	12
2033	12
2034	12
2035	12
2036	12
2037	12
2038	8
2039	8
2040	8
2041	8
2042	8
2043	8
2044	8
2045	8
2046	12
2047	12
2048	8
2049	8
2050	8
2051	12
2052	12
2053	12
2054	12
2055	12
2056	12
2057	12
2058	2
2059	2
2060	2
2061	2
2062	2
2063	2
2064	2
2065	2
2066	2
2067	2
2068	13
2069	13
2070	13
2071	13
2072	13
2073	8
2074	8
2075	8
2076	13
2077	8
2078	8
2079	13
2080	8
2081	8
2082	13
2083	13
2084	13
2085	13
2086	13
2087	13
2088	13
2089	9
2090	9
2091	9
2092	9
2093	9
2094	9
2095	9
2096	1
2097	1
2098	1
2099	1
2100	1
2101	1
2102	1
2103	1
2104	1
2105	1
2106	1
2107	1
2108	1
2109	1
2110	1
2111	1
2112	1
2113	4
2114	4
2115	4
2116	5
2117	4
2118	5
2119	4
2120	5
2121	5
2122	5
2123	4
2124	8
2125	5
2126	5
2127	5
2128	5
2129	4
2130	5
2131	4
2132	4
2133	5
2134	4
2135	4
2136	4
2137	5
2138	5
2139	5
2140	5
2141	4
2142	4
2143	4
2144	4
2145	5
2146	4
2147	4
2148	5
2149	5
2150	5
2151	5
2152	4
2153	4
2154	4
2155	4
2156	4
2157	4
2158	5
2159	5
2160	4
2161	4
2162	4
2163	4
2164	4
2165	4
2166	4
2167	5
2168	5
2169	4
2170	4
2171	4
2172	4
2173	4
2174	4
2175	4
2176	5
2177	5
2178	5
2179	5
2180	4
2181	4
2182	4
2183	4
2184	4
2185	4
2186	4
2187	4
2188	4
2189	5
2190	5
2191	5
2192	5
2193	4
2194	4
2195	4
2196	5
2197	4
2198	4
2199	5
2200	4
2201	4
2202	4
2203	4
2204	5
2205	5
2206	5
2207	5
2208	5
2209	4
2210	4
2211	4
2212	4
2213	5
2214	5
2215	4
2216	4
2217	5
2218	4
2219	4
2220	4
2221	5
2222	4
2223	4
2224	5
2225	4
2226	4
2227	4
2228	5
2229	4
2230	4
2231	4
2232	4
2233	5
2234	5
2235	4
2236	4
2237	4
2238	4
2239	4
2240	4
2241	4
2242	4
2243	4
2244	4
2245	4
2246	5
2247	4
2248	4
2249	4
2250	4
2251	4
2252	4
2253	4
2254	4
2255	4
2256	4
2257	4
2258	5
2259	5
2260	5
2261	4
2262	4
2263	4
2264	4
2265	4
2266	4
2267	5
2268	5
2269	4
2270	4
2271	4
2272	4
2273	4
2274	4
2275	4
2276	4
2277	5
2278	4
2279	4
2280	4
2281	4
2282	5
2283	5
2284	8
2285	8
2286	4
2287	4
2288	4
2289	4
2290	4
2291	4
2292	4
2293	4
2294	5
2295	5
2296	5
2297	5
2298	4
2299	4
2300	4
2301	4
2302	5
2303	5
2304	5
2305	4
2306	4
2307	4
2308	4
2309	8
2310	8
2311	8
2312	11
2313	11
2314	11
2315	11
2316	11
2317	11
2318	11
2319	11
2320	11
2321	11
2322	9
2323	11
2324	9
2325	11
2326	11
2327	11
2328	11
2329	11
2330	7
2331	7
2332	7
2333	7
2334	7
2335	7
2336	7
2337	7
2338	7
2339	7
2340	7
2341	7
2342	7
2343	7
2344	7
2345	7
2346	9
2347	9
2348	9
2349	9
2350	9
2351	9
2352	9
2353	9
2354	9
2355	9
2356	9
2357	9
2358	9
2359	9
2360	9
2361	9
2362	9
2363	9
2364	9
2365	9
2366	5
2367	5
2368	5
2369	5
2370	5
2371	5
2372	5
2373	5
2374	5
2375	5
2376	5
2377	5
2378	5
2379	5
2380	5
2381	5
2382	5
2383	5
2384	5
2385	5
2386	5
2387	5
2388	5
2389	5
2390	5
2391	5
2392	5
2393	5
2394	5
2395	5
2396	5
2397	5
2398	5
2399	5
2400	5
2401	5
2402	5
2403	5
2404	5
2405	5
2406	5
2407	5
2408	5
2409	5
2410	5
2411	5
2412	5
2413	5
2414	5
2415	10
2416	10
2417	10
2418	10
2419	10
2420	10
2421	10
2422	10
2423	10
2424	10
2425	10
2426	10
2427	6
2428	6
2429	10
2430	10
2431	10
2432	10
2433	10
2434	10
2435	10
2436	10
2437	10
2438	10
2439	10
2440	10
2441	10
2442	10
2443	10
2444	10
2445	10
2446	10
2447	10
2448	10
2449	6
2450	6
2451	6
2452	6
2453	6
2454	6
2455	10
2456	10
2457	10
2458	10
2459	10
2460	10
2461	10
2462	10
2463	6
2464	10
2465	10
2466	10
2467	10
2468	10
2469	6
2470	6
2471	6
2472	10
2473	10
2474	10
2475	10
2476	6
2477	10
2478	10
2479	6
2480	10
2481	10
2482	10
2483	10
2484	10
2485	6
2486	6
2487	6
2488	6
2489	6
2490	6
2491	6
2492	6
2493	6
2494	6
2495	6
2496	10
2497	10
2498	10
2499	10
2500	10
2501	6
2502	10
2503	10
2504	10
2505	10
2506	10
2507	10
2508	10
2509	10
2510	10
2511	10
2512	10
2513	10
2514	10
2515	10
2516	6
2517	10
2518	6
2519	6
2520	10
2521	6
2522	10
2523	10
2524	10
2525	6
2526	10
2527	10
2528	10
2529	10
2530	10
2531	10
2532	10
2533	10
2534	10
2535	10
2536	10
2537	10
2538	10
2539	6
2540	6
2541	6
2542	10
2543	10
2544	6
2545	6
2546	6
2547	10
2548	10
2549	10
2550	10
2551	6
2552	6
2553	6
2554	6
2555	6
2556	6
2557	6
2558	10
2559	10
2560	10
2561	10
2562	10
2563	10
2564	10
2565	10
2566	10
2567	10
2568	6
2569	10
2570	10
2571	10
2572	10
2573	10
2574	10
2575	6
2576	6
2577	6
2578	6
2579	6
2580	6
2581	10
2582	10
2583	6
2584	6
2585	10
2586	10
2587	10
2588	10
2589	10
2590	10
2591	10
2592	10
2593	10
2594	10
2595	10
2596	10
2597	10
2598	10
2599	10
2600	10
2601	10
2602	10
2603	10
2604	10
2605	10
2606	13
2607	13
2608	13
2609	13
2610	13
2611	13
2612	13
2613	13
2614	13
2615	13
2616	13
2617	13
2618	13
2619	13
2620	13
2621	13
2622	13
2623	13
2624	13
2625	13
2626	13
2627	13
2628	13
2629	13
2630	13
2631	13
2632	13
2633	13
2634	13
2635	13
2636	13
2637	13
2638	13
2639	13
2640	2
2641	2
2642	2
2643	2
2644	2
2645	2
2646	2
2647	2
2648	2
2649	2
2650	2
2651	2
2652	2
2653	2
2654	2
2655	2
2656	2
2657	12
2658	12
2659	2
2660	2
2661	12
2662	12
2663	2
2664	2
2665	2
2666	2
2667	2
2668	2
2669	2
2670	12
2671	2
2672	2
2673	2
2674	12
2675	12
2676	2
2677	2
2678	12
2679	2
2680	2
2681	2
2682	2
2683	2
2684	2
2685	2
2686	2
2687	2
2688	7
2689	7
2690	7
2691	7
315	9
1657	3
