0	9
1	9
2	9
3	9
4	9
5	9
6	9
7	9
8	9
9	9
10	9
11	8
12	9
13	9
14	9
15	9
16	8
17	8
18	8
19	9
20	9
21	7
22	7
23	7
24	7
25	7
26	7
27	7
28	7
29	8
30	8
31	11
32	11
33	8
34	11
35	11
36	11
37	11
38	11
39	11
40	11
41	8
42	11
43	11
44	8
45	11
46	11
47	8
48	11
49	11
50	11
51	11
52	11
53	12
54	12
55	12
56	12
57	12
58	11
59	11
60	11
61	11
62	11
63	11
64	11
65	12
66	12
67	12
68	12
69	12
70	12
71	7
72	7
73	7
74	7
75	11
76	11
77	11
78	11
79	11
80	11
81	11
82	11
83	6
84	6
85	6
86	6
87	6
88	6
89	6
90	6
91	6
92	6
93	6
94	6
95	6
96	8
97	9
98	8
99	8
100	9
101	9
102	9
103	9
104	9
105	9
106	9
107	9
108	9
109	9
110	9
111	8
112	8
113	8
114	9
115	9
116	9
117	8
118	9
119	8
120	9
121	8
122	9
123	9
124	8
125	8
126	8
127	9
128	8
129	2
130	13
131	13
132	13
133	2
134	13
135	13
136	13
137	13
138	13
139	13
140	13
141	13
142	13
143	13
144	13
145	2
146	13
147	2
148	2
149	2
150	2
151	2
152	2
153	2
154	13
155	13
156	13
157	13
158	13
159	13
160	13
161	13
162	2
163	2
164	2
165	13
166	2
167	2
168	2
169	2
170	2
171	2
172	2
173	2
174	2
175	2
176	2
177	2
178	2
179	2
180	2
181	2
182	2
183	11
184	11
185	11
186	11
187	11
188	11
189	11
190	11
191	11
192	11
193	11
194	11
195	11
196	11
197	11
198	11
199	11
200	11
201	11
202	11
203	11
204	11
205	11
206	11
207	11
208	7
209	7
210	7
211	7
212	7
213	7
214	7
215	7
216	7
217	7
218	7
219	7
220	7
221	7
222	7
223	7
224	7
225	7
226	7
227	7
228	7
229	7
230	7
231	7
232	7
233	7
234	7
235	7
236	7
237	7
238	7
239	7
240	7
241	7
242	7
243	7
244	7
245	7
246	7
247	7
248	11
249	11
250	11
251	11
252	11
253	11
254	11
255	11
256	11
257	11
258	11
259	11
260	11
261	3
262	3
263	3
264	3
265	3
266	3
267	3
268	3
269	3
270	3
271	3
272	3
273	3
274	3
275	3
276	3
277	3
278	3
279	3
280	3
281	3
282	3
283	3
284	3
285	3
286	3
287	3
288	3
289	3
290	3
291	3
292	3
293	3
294	3
295	3
296	3
297	3
298	3
299	3
300	3
301	3
302	11
303	11
304	11
305	11
306	5
307	5
308	5
309	5
310	5
311	5
312	5
313	5
314	5
316	8
317	8
318	8
319	8
320	8
321	8
322	8
323	8
324	8
325	8
326	8
327	8
328	8
329	8
330	8
331	5
332	5
333	5
334	5
335	5
336	5
337	8
338	8
339	8
340	5
341	5
342	5
343	5
344	5
345	5
346	5
347	5
348	5
349	5
350	5
351	5
352	5
353	5
354	5
355	5
356	2
357	2
358	2
359	2
360	2
361	2
362	2
363	2
364	2
365	6
366	2
367	2
368	2
369	5
370	5
371	5
372	5
373	5
374	5
375	5
376	5
377	5
378	5
379	5
380	5
381	5
382	5
383	5
384	5
385	5
386	5
387	5
388	5
389	8
390	8
391	8
392	8
393	8
394	5
395	5
396	5
397	5
398	8
399	8
400	8
401	8
402	8
403	7
404	7
405	7
406	7
407	7
408	7
409	9
410	9
411	9
412	9
413	9
414	9
415	9
416	9
417	9
418	8
419	8
420	9
421	9
422	9
423	8
424	9
425	2
426	2
427	2
428	2
429	2
430	2
431	2
432	2
433	8
434	9
435	9
436	8
437	9
438	9
439	9
440	9
441	9
442	9
443	9
444	8
445	9
446	2
447	2
448	2
449	2
450	2
451	9
452	9
453	9
454	2
455	2
456	2
457	9
458	9
459	9
460	9
461	9
462	9
463	2
464	2
465	2
466	2
467	2
468	2
469	2
470	2
471	2
472	2
473	9
474	9
475	3
476	3
477	2
478	2
479	2
480	2
481	2
482	2
483	2
484	7
485	7
486	2
487	2
488	2
489	3
490	3
491	3
492	3
493	3
494	3
495	2
496	2
497	2
498	7
499	2
500	2
501	2
502	7
503	2
504	2
505	2
506	7
507	7
508	7
509	7
510	7
511	7
512	7
513	7
514	7
515	7
516	7
517	7
518	7
519	7
520	7
521	7
522	6
523	6
524	6
525	6
526	11
527	11
528	6
529	6
530	6
531	6
532	6
533	6
534	6
535	6
536	6
537	6
538	11
539	11
540	11
541	11
542	11
543	11
544	11
545	11
546	11
547	11
548	11
549	11
550	11
551	11
552	11
553	11
554	11
555	11
556	11
557	11
558	11
559	7
560	7
561	7
562	7
563	7
564	7
565	11
566	11
567	11
568	11
569	11
570	10
571	10
572	10
573	10
574	10
575	10
576	10
577	10
578	10
579	10
580	10
581	11
582	11
583	11
584	11
585	11
586	11
587	7
588	7
589	7
590	3
591	7
592	7
593	7
594	3
595	7
596	3
597	7
598	7
599	7
600	7
601	7
602	7
603	11
604	11
605	11
606	11
607	11
608	11
609	11
610	11
611	11
612	11
613	11
614	11
615	11
616	11
617	7
618	7
619	7
620	3
621	3
622	3
623	3
624	3
625	3
626	3
627	3
628	7
629	7
630	7
631	7
632	7
633	7
634	3
635	7
636	7
637	7
638	3
639	11
640	11
641	11
642	11
643	11
644	11
645	11
646	11
647	11
648	11
649	11
650	11
651	11
652	11
653	11
654	11
655	11
656	11
657	3
658	2
659	3
660	3
661	9
662	9
663	9
664	9
665	9
666	9
667	9
668	9
669	9
670	7
671	7
672	7
673	7
674	7
675	7
676	7
677	7
678	7
679	7
680	9
681	9
682	9
683	9
684	9
685	9
686	9
687	9
688	9
689	9
690	9
691	9
692	9
693	9
694	9
695	9
696	9
697	7
698	7
699	7
700	7
701	7
702	7
703	7
704	7
705	7
706	2
707	7
708	7
709	7
710	7
711	7
712	7
713	7
714	9
715	9
716	3
717	3
718	7
719	7
720	7
721	3
722	3
723	3
724	3
725	3
726	3
727	3
728	3
729	3
730	3
731	3
732	8
733	8
734	8
735	8
736	8
737	2
738	2
739	2
740	2
741	2
742	2
743	3
744	3
745	8
746	8
747	8
748	8
749	8
750	8
751	8
752	8
753	8
754	8
755	8
756	8
757	8
758	8
759	8
760	8
761	8
762	8
763	8
764	8
765	8
766	3
767	2
768	2
769	2
770	8
771	8
772	2
773	2
774	2
775	2
776	3
777	3
778	2
779	2
780	3
781	3
782	3
783	2
784	2
785	12
786	2
787	3
788	3
789	3
790	3
791	12
792	12
793	12
794	12
795	12
796	12
797	12
798	12
799	12
800	12
801	3
802	3
803	3
804	3
805	12
806	12
807	12
808	3
809	3
810	2
811	4
812	4
813	4
814	4
815	4
816	12
817	4
818	4
819	12
820	4
821	4
822	4
823	4
824	4
825	12
826	4
827	12
828	12
829	4
830	4
831	4
832	4
833	4
834	4
835	4
836	4
837	4
838	4
839	12
840	4
841	4
842	4
843	4
844	4
845	12
846	4
847	4
848	12
849	12
850	4
851	4
852	4
853	4
854	4
855	12
856	4
857	4
858	11
859	11
860	11
861	11
862	11
863	11
864	11
865	11
866	11
867	11
868	11
869	11
870	11
871	4
872	4
873	4
874	4
875	4
876	4
877	12
878	12
879	12
880	12
881	4
882	4
883	4
884	4
885	4
886	4
887	4
888	4
889	12
890	4
891	12
892	4
893	4
894	4
895	4
896	4
897	12
898	4
899	12
900	12
901	12
902	4
903	4
904	4
905	4
906	12
907	12
908	4
909	12
910	12
911	4
912	4
913	12
914	4
915	4
916	12
917	4
918	12
919	12
920	12
921	12
922	12
923	12
924	12
925	4
926	4
927	4
928	4
929	4
930	4
931	4
932	12
933	12
934	12
935	4
936	4
937	4
938	12
939	12
940	12
941	12
942	4
943	12
944	12
945	12
946	4
947	4
948	4
949	4
950	12
951	12
952	12
953	12
954	12
955	12
956	12
957	4
958	4
959	4
960	12
961	12
962	4
963	4
964	4
965	4
966	12
967	12
968	12
969	4
970	12
971	4
972	4
973	4
974	12
975	4
976	4
977	4
978	12
979	12
980	12
981	12
982	4
983	4
984	4
985	2
986	2
987	2
988	2
989	2
990	2
991	2
992	2
993	2
994	2
995	2
996	2
997	2
998	2
999	2
1000	2
1001	2
1002	2
1003	2
1004	2
1005	2
1006	2
1007	4
1008	4
1009	2
1010	4
1011	4
1012	4
1013	4
1014	4
1015	4
1016	4
1017	4
1018	4
1019	4
1020	4
1021	4
1022	4
1023	4
1024	4
1025	4
1026	4
1027	4
1028	4
1029	4
1030	4
1031	4
1032	4
1033	4
1034	4
1035	4
1036	8
1037	8
1038	4
1039	4
1040	4
1041	4
1042	4
1043	4
1044	4
1045	4
1046	4
1047	8
1048	4
1049	4
1050	8
1051	4
1052	4
1053	4
1054	4
1055	8
1056	8
1057	4
1058	4
1059	4
1060	4
1061	4
1062	4
1063	8
1064	8
1065	8
1066	8
1067	8
1068	4
1069	4
1070	4
1071	4
1072	4
1073	4
1074	4
1075	11
1076	11
1077	11
1078	11
1079	11
1080	11
1081	11
1082	11
1083	11
1084	11
1085	11
1086	11
1087	3
1088	3
1089	3
1090	3
1091	3
1092	3
1093	3
1094	7
1095	7
1096	7
1097	7
1098	7
1099	7
1100	7
1101	7
1102	7
1103	7
1104	7
1105	7
1106	7
1107	13
1108	13
1109	13
1110	13
1111	13
1112	13
1113	13
1114	13
1115	13
1116	13
1117	13
1118	13
1119	13
1120	13
1121	13
1122	12
1123	13
1124	13
1125	13
1126	13
1127	13
1128	13
1129	13
1130	13
1131	12
1132	13
1133	13
1134	13
1135	13
1136	12
1137	12
1138	12
1139	12
1140	13
1141	13
1142	13
1143	13
1144	13
1145	13
1146	12
1147	12
1148	13
1149	13
1150	13
1151	13
1152	13
1153	13
1154	12
1155	12
1156	12
1157	12
1158	12
1159	12
1160	12
1161	12
1162	12
1163	5
1164	5
1165	12
1166	12
1167	12
1168	12
1169	4
1170	4
1171	4
1172	4
1173	4
1174	4
1175	4
1176	4
1177	4
1178	4
1179	4
1180	4
1181	4
1182	4
1183	4
1184	4
1185	4
1186	4
1187	4
1188	4
1189	4
1190	8
1191	4
1192	4
1193	4
1194	4
1195	4
1196	4
1197	4
1198	4
1199	4
1200	12
1201	12
1202	12
1203	12
1204	12
1205	12
1206	12
1207	12
1208	12
1209	12
1210	12
1211	12
1212	12
1213	12
1214	12
1215	12
1216	12
1217	12
1218	12
1219	12
1220	12
1221	12
1222	12
1223	12
1224	12
1225	12
1226	12
1227	12
1228	12
1229	12
1230	12
1231	12
1232	12
1233	12
1234	12
1235	12
1236	12
1237	12
1238	12
1239	12
1240	3
1241	3
1242	7
1243	7
1244	7
1245	3
1246	7
1247	7
1248	7
1249	7
1250	7
1251	7
1252	7
1253	8
1254	8
1255	8
1256	8
1257	8
1258	7
1259	7
1260	7
1261	7
1262	7
1263	3
1264	8
1265	8
1266	8
1267	8
1268	8
1269	8
1270	8
1271	8
1272	8
1273	8
1274	8
1275	8
1276	8
1277	8
1278	12
1279	12
1280	12
1281	7
1282	3
1283	3
1284	8
1285	8
1286	8
1287	8
1288	12
1289	12
1290	12
1291	12
1292	12
1293	12
1294	12
1295	12
1296	12
1297	12
1298	12
1299	12
1300	12
1301	12
1302	12
1303	11
1304	11
1305	11
1306	11
1307	11
1308	11
1309	11
1310	11
1311	11
1312	11
1313	11
1314	12
1315	12
1316	12
1317	12
1318	12
1319	12
1320	12
1321	12
1322	12
1323	12
1324	12
1325	12
1326	12
1327	12
1328	12
1329	12
1330	12
1331	12
1332	12
1333	12
1334	12
1335	12
1336	12
1337	12
1338	12
1339	12
1340	12
1341	12
1342	12
1343	12
1344	12
1345	12
1346	11
1347	11
1348	11
1349	11
1350	11
1351	11
1352	11
1353	11
1354	11
1355	11
1356	11
1357	11
1358	11
1359	11
1360	11
1361	11
1362	11
1363	6
1364	13
1365	6
1366	13
1367	13
1368	6
1369	6
1370	6
1371	13
1372	13
1373	6
1374	6
1375	6
1376	6
1377	6
1378	6
1379	6
1380	13
1381	12
1382	12
1383	12
1384	12
1385	12
1386	12
1387	12
1388	12
1389	12
1390	12
1391	12
1392	12
1393	12
1394	12
1395	12
1396	12
1397	9
1398	11
1399	9
1400	9
1401	9
1402	9
1403	11
1404	9
1405	11
1406	11
1407	9
1408	9
1409	9
1410	9
1411	9
1412	9
1413	9
1414	9
1415	9
1416	9
1417	9
1418	9
1419	9
1420	9
1421	9
1422	9
1423	9
1424	9
1425	9
1426	9
1427	9
1428	6
1429	6
1430	6
1431	6
1432	6
1433	6
1434	6
1435	6
1436	6
1437	6
1438	6
1439	6
1440	6
1441	8
1442	8
1443	8
1444	8
1445	8
1446	8
1447	8
1448	8
1449	8
1450	8
1451	8
1452	8
1453	8
1454	8
1455	6
1456	6
1457	6
1458	6
1459	6
1460	6
1461	6
1462	6
1463	6
1464	6
1465	7
1466	7
1467	7
1468	7
1469	7
1470	7
1471	7
1472	7
1473	7
1474	7
1475	7
1476	7
1477	7
1478	7
1479	7
1480	7
1481	7
1482	7
1483	7
1484	7
1485	7
1486	7
1487	7
1488	7
1489	8
1490	8
1491	8
1492	8
1493	8
1494	8
1495	8
1496	8
1497	8
1498	8
1499	8
1500	8
1501	9
1502	9
1503	9
1504	9
1505	9
1506	9
1507	9
1508	9
1509	9
1510	9
1511	9
1512	9
1513	9
1514	9
1515	9
1516	9
1517	9
1518	9
1519	9
1520	9
1521	9
1522	9
1523	9
1524	9
1525	9
1526	9
1527	9
1528	9
1529	2
1530	2
1531	2
1532	2
1533	2
1534	2
1535	2
1536	2
1537	2
1538	2
1539	2
1540	2
1541	2
1542	2
1543	2
1544	2
1545	2
1546	2
1547	2
1548	2
1549	2
1550	2
1551	2
1552	6
1553	6
1554	6
1555	6
1556	6
1557	6
1558	6
1559	6
1560	6
1561	6
1562	6
1563	6
1564	6
1565	6
1566	6
1567	6
1568	6
1569	6
1570	6
1571	6
1572	6
1573	6
1574	6
1575	6
1576	8
1577	8
1578	8
1579	8
1580	8
1581	8
1582	8
1583	8
1584	8
1585	8
1586	8
1587	8
1588	8
1589	8
1590	8
1591	8
1592	8
1593	11
1594	11
1595	11
1596	11
1597	11
1598	11
1599	11
1600	11
1601	11
1602	6
1603	6
1604	6
1605	6
1606	6
1607	6
1608	6
1609	6
1610	6
1611	6
1612	6
1613	6
1614	6
1615	6
1616	6
1617	6
1618	7
1619	7
1620	7
1621	7
1622	7
1623	7
1624	7
1625	7
1626	7
1627	7
1628	7
1629	8
1630	8
1631	8
1632	8
1633	8
1634	8
1635	8
1636	8
1637	8
1638	8
1639	8
1640	8
1641	8
1642	8
1643	8
1644	7
1645	7
1646	7
1647	7
1648	7
1649	8
1650	8
1651	8
1652	8
1653	8
1654	8
1655	8
1656	8
1658	8
1659	8
1660	8
1661	8
1662	8
1663	8
1664	8
1665	8
1666	8
1667	8
1668	8
1669	8
1670	8
1671	8
1672	8
1673	7
1674	8
1675	8
1676	8
1677	7
1678	3
1679	3
1680	3
1681	3
1682	3
1683	3
1684	3
1685	8
1686	8
1687	8
1688	8
1689	8
1690	8
1691	8
1692	8
1693	8
1694	8
1695	8
1696	8
1697	8
1698	8
1699	8
1700	8
1701	9
1702	9
1703	1
1704	1
1705	8
1706	8
1707	8
1708	8
1709	9
1710	8
1711	8
1712	8
1713	7
1714	7
1715	7
1716	7
1717	7
1718	7
1719	7
1720	7
1721	7
1722	7
1723	7
1724	7
1725	8
1726	9
1727	8
1728	7
1729	9
1730	9
1731	9
1732	8
1733	8
1734	8
1735	8
1736	9
1737	9
1738	9
1739	9
1740	9
1741	8
1742	10
1743	10
1744	10
1745	10
1746	10
1747	10
1748	10
1749	10
1750	10
1751	10
1752	10
1753	10
1754	10
1755	10
1756	10
1757	7
1758	7
1759	7
1760	7
1761	10
1762	10
1763	10
1764	1
1765	10
1766	10
1767	1
1768	10
1769	10
1770	10
1771	10
1772	10
1773	10
1774	7
1775	7
1776	7
1777	7
1778	7
1779	7
1780	7
1781	7
1782	7
1783	7
1784	7
1785	7
1786	7
1787	10
1788	10
1789	10
1790	10
1791	10
1792	10
1793	10
1794	10
1795	7
1796	7
1797	7
1798	7
1799	10
1800	10
1801	10
1802	10
1803	10
1804	10
1805	10
1806	10
1807	10
1808	10
1809	1
1810	1
1811	1
1812	1
1813	9
1814	1
1815	1
1816	1
1817	1
1818	1
1819	9
1820	1
1821	9
1822	1
1823	9
1824	9
1825	1
1826	1
1827	1
1828	1
1829	1
1830	7
1831	7
1832	7
1833	7
1834	7
1835	1
1836	9
1837	7
1838	1
1839	1
1840	6
1841	6
1842	6
1843	6
1844	6
1845	1
1846	9
1847	1
1848	1
1849	1
1850	9
1851	1
1852	1
1853	9
1854	1
1855	9
1856	1
1857	7
1858	7
1859	7
1860	7
1861	7
1862	7
1863	9
1864	9
1865	9
1866	9
1867	9
1868	1
1869	9
1870	9
1871	1
1872	3
1873	3
1874	3
1875	3
1876	3
1877	3
1878	3
1879	3
1880	3
1881	3
1882	3
1883	3
1884	3
1885	3
1886	3
1887	3
1888	3
1889	3
1890	3
1891	3
1892	3
1893	3
1894	3
1895	11
1896	11
1897	11
1898	12
1899	12
1900	12
1901	12
1902	12
1903	12
1904	11
1905	11
1906	11
1907	11
1908	11
1909	11
1910	11
1911	11
1912	11
1913	11
1914	11
1915	11
1916	12
1917	12
1918	12
1919	12
1920	12
1921	12
1922	12
1923	12
1924	11
1925	11
1926	11
1927	11
1928	11
1929	11
1930	11
1931	11
1932	11
1933	11
1934	11
1935	11
1936	11
1937	11
1938	11
1939	11
1940	11
1941	11
1942	11
1943	11
1944	11
1945	11
1946	11
1947	11
1948	11
1949	11
1950	11
1951	11
1952	11
1953	11
1954	11
1955	11
1956	11
1957	11
1958	11
1959	11
1960	11
1961	11
1962	11
1963	11
1964	11
1965	11
1966	11
1967	11
1968	11
1969	11
1970	11
1971	11
1972	11
1973	11
1974	11
1975	11
1976	6
1977	2
1978	6
1979	2
1980	6
1981	2
1982	2
1983	6
1984	2
1985	2
1986	2
1987	6
1988	6
1989	6
1990	6
1991	2
1992	6
1993	6
1994	6
1995	2
1996	6
1997	6
1998	6
1999	6
2000	6
2001	6
2002	6
2003	6
2004	6
2005	6
2006	6
2007	6
2008	6
2009	2
2010	6
2011	2
2012	2
2013	6
2014	6
2015	6
2016	6
2017	3
2018	3
2019	3
2020	3
2021	3
2022	3
2023	3
2024	2
2025	3
2026	3
2027	3
2028	3
2029	3
2030	2
2031	2
2032	2
2033	2
2034	2
2035	2
2036	2
2037	3
2038	3
2039	3
2040	3
2041	3
2042	3
2043	3
2044	3
2045	3
2046	2
2047	2
2048	3
2049	3
2050	3
2051	2
2052	2
2053	3
2054	3
2055	2
2056	3
2057	2
2058	6
2059	6
2060	6
2061	6
2062	6
2063	6
2064	6
2065	6
2066	6
2067	6
2068	3
2069	3
2070	3
2071	3
2072	3
2073	7
2074	3
2075	3
2076	3
2077	7
2078	7
2079	3
2080	7
2081	3
2082	3
2083	3
2084	3
2085	3
2086	3
2087	3
2088	3
2089	8
2090	8
2091	8
2092	8
2093	8
2094	8
2095	8
2096	9
2097	9
2098	9
2099	9
2100	9
2101	9
2102	9
2103	9
2104	9
2105	9
2106	9
2107	9
2108	9
2109	9
2110	9
2111	9
2112	9
2113	10
2114	1
2115	1
2116	1
2117	1
2118	10
2119	10
2120	1
2121	1
2122	10
2123	10
2124	3
2125	1
2126	1
2127	1
2128	1
2129	1
2130	10
2131	1
2132	1
2133	10
2134	10
2135	1
2136	10
2137	10
2138	10
2139	1
2140	10
2141	1
2142	10
2143	10
2144	10
2145	10
2146	10
2147	10
2148	10
2149	10
2150	1
2151	1
2152	1
2153	1
2154	10
2155	10
2156	10
2157	10
2158	1
2159	1
2160	1
2161	1
2162	1
2163	1
2164	1
2165	1
2166	10
2167	10
2168	1
2169	1
2170	1
2171	10
2172	1
2173	1
2174	10
2175	10
2176	10
2177	10
2178	1
2179	1
2180	1
2181	1
2182	1
2183	1
2184	1
2185	1
2186	1
2187	1
2188	10
2189	1
2190	1
2191	1
2192	1
2193	1
2194	10
2195	1
2196	10
2197	10
2198	1
2199	10
2200	1
2201	10
2202	10
2203	1
2204	1
2205	1
2206	1
2207	1
2208	1
2209	1
2210	1
2211	10
2212	10
2213	1
2214	1
2215	10
2216	10
2217	1
2218	1
2219	1
2220	1
2221	1
2222	10
2223	10
2224	1
2225	1
2226	1
2227	1
2228	1
2229	10
2230	1
2231	1
2232	1
2233	10
2234	10
2235	1
2236	10
2237	10
2238	10
2239	1
2240	1
2241	10
2242	10
2243	10
2244	10
2245	10
2246	1
2247	1
2248	1
2249	1
2250	1
2251	1
2252	1
2253	10
2254	10
2255	10
2256	1
2257	1
2258	1
2259	1
2260	1
2261	1
2262	1
2263	1
2264	1
2265	1
2266	10
2267	1
2268	1
2269	10
2270	10
2271	10
2272	1
2273	10
2274	1
2275	1
2276	1
2277	10
2278	1
2279	10
2280	1
2281	1
2282	10
2283	10
2284	3
2285	3
2286	10
2287	10
2288	1
2289	1
2290	1
2291	1
2292	1
2293	1
2294	1
2295	1
2296	1
2297	10
2298	10
2299	10
2300	10
2301	1
2302	10
2303	1
2304	10
2305	1
2306	1
2307	1
2308	1
2309	3
2310	3
2311	3
2312	4
2313	4
2314	4
2315	4
2316	4
2317	4
2318	4
2319	4
2320	4
2321	4
2322	4
2323	4
2324	4
2325	4
2326	4
2327	4
2328	4
2329	4
2330	11
2331	11
2332	11
2333	11
2334	11
2335	11
2336	11
2337	11
2338	11
2339	11
2340	11
2341	11
2342	11
2343	11
2344	11
2345	11
2346	4
2347	4
2348	4
2349	4
2350	4
2351	4
2352	4
2353	4
2354	4
2355	4
2356	4
2357	4
2358	4
2359	4
2360	4
2361	4
2362	4
2363	4
2364	4
2365	4
2366	10
2367	10
2368	10
2369	10
2370	10
2371	10
2372	10
2373	10
2374	10
2375	10
2376	10
2377	10
2378	10
2379	10
2380	10
2381	10
2382	10
2383	10
2384	10
2385	10
2386	10
2387	10
2388	10
2389	10
2390	10
2391	10
2392	10
2393	10
2394	10
2395	10
2396	10
2397	10
2398	10
2399	10
2400	10
2401	10
2402	10
2403	10
2404	10
2405	10
2406	10
2407	10
2408	10
2409	10
2410	10
2411	10
2412	10
2413	10
2414	10
2415	5
2416	5
2417	5
2418	5
2419	13
2420	13
2421	13
2422	5
2423	5
2424	5
2425	5
2426	5
2427	13
2428	13
2429	13
2430	13
2431	5
2432	5
2433	5
2434	5
2435	5
2436	5
2437	5
2438	5
2439	5
2440	5
2441	5
2442	5
2443	5
2444	5
2445	5
2446	5
2447	5
2448	5
2449	13
2450	13
2451	13
2452	13
2453	13
2454	5
2455	5
2456	5
2457	5
2458	5
2459	5
2460	5
2461	5
2462	5
2463	5
2464	5
2465	5
2466	5
2467	5
2468	13
2469	5
2470	13
2471	13
2472	13
2473	5
2474	5
2475	5
2476	13
2477	5
2478	5
2479	13
2480	13
2481	5
2482	5
2483	13
2484	5
2485	13
2486	13
2487	13
2488	13
2489	13
2490	13
2491	13
2492	13
2493	13
2494	13
2495	13
2496	5
2497	13
2498	5
2499	5
2500	5
2501	13
2502	5
2503	5
2504	5
2505	5
2506	5
2507	5
2508	5
2509	13
2510	5
2511	5
2512	5
2513	5
2514	5
2515	13
2516	13
2517	13
2518	13
2519	13
2520	13
2521	13
2522	13
2523	5
2524	5
2525	13
2526	5
2527	13
2528	5
2529	5
2530	13
2531	13
2532	13
2533	13
2534	5
2535	13
2536	5
2537	13
2538	5
2539	13
2540	13
2541	13
2542	5
2543	5
2544	13
2545	13
2546	13
2547	5
2548	5
2549	5
2550	13
2551	13
2552	13
2553	13
2554	13
2555	13
2556	13
2557	13
2558	5
2559	5
2560	5
2561	5
2562	5
2563	13
2564	5
2565	5
2566	5
2567	5
2568	13
2569	5
2570	5
2571	5
2572	5
2573	5
2574	5
2575	13
2576	13
2577	13
2578	13
2579	13
2580	13
2581	5
2582	5
2583	13
2584	13
2585	5
2586	5
2587	13
2588	13
2589	13
2590	13
2591	13
2592	13
2593	13
2594	5
2595	5
2596	5
2597	5
2598	5
2599	5
2600	13
2601	13
2602	5
2603	5
2604	5
2605	13
2606	3
2607	3
2608	3
2609	3
2610	3
2611	3
2612	3
2613	3
2614	3
2615	3
2616	3
2617	3
2618	3
2619	3
2620	3
2621	3
2622	3
2623	3
2624	3
2625	3
2626	3
2627	3
2628	3
2629	3
2630	3
2631	3
2632	3
2633	3
2634	3
2635	3
2636	3
2637	3
2638	3
2639	3
2640	6
2641	6
2642	6
2643	6
2644	6
2645	6
2646	6
2647	6
2648	6
2649	6
2650	6
2651	6
2652	6
2653	6
2654	2
2655	6
2656	6
2657	2
2658	6
2659	6
2660	6
2661	2
2662	2
2663	6
2664	2
2665	6
2666	6
2667	6
2668	6
2669	2
2670	2
2671	6
2672	6
2673	6
2674	6
2675	2
2676	6
2677	6
2678	2
2679	6
2680	6
2681	6
2682	6
2683	6
2684	6
2685	6
2686	6
2687	6
2688	11
2689	11
2690	11
2691	11
315	8
1657	8
