0	13
1	13
2	13
3	13
4	13
5	13
6	13
7	4
8	4
9	4
10	4
11	4
12	4
13	4
14	4
15	4
16	4
17	4
18	4
19	4
20	4
21	1
22	1
23	1
24	1
25	1
26	1
27	1
28	1
29	7
30	7
31	7
32	7
33	7
34	7
35	7
36	7
37	7
38	7
39	7
40	7
41	7
42	7
43	7
44	7
45	7
46	7
47	7
48	7
49	7
50	7
51	7
52	7
53	5
54	5
55	5
56	5
57	5
58	7
59	7
60	7
61	7
62	7
63	7
64	7
65	5
66	5
67	5
68	5
69	5
70	5
71	1
72	1
73	1
74	1
75	7
76	7
77	7
78	7
79	7
80	7
81	7
82	7
83	12
84	12
85	12
86	12
87	12
88	12
89	12
90	12
91	12
92	12
93	12
94	12
95	12
96	4
97	4
98	4
99	4
100	4
101	4
102	4
103	4
104	4
105	4
106	4
107	4
108	4
109	4
110	4
111	4
112	4
113	4
114	4
115	4
116	4
117	4
118	4
119	4
120	4
121	4
122	4
123	4
124	4
125	4
126	4
127	4
128	4
129	10
130	10
131	10
132	10
133	10
134	10
135	10
136	10
137	10
138	10
139	10
140	10
141	10
142	10
143	10
144	10
145	10
146	10
147	10
148	10
149	10
150	10
151	10
152	10
153	10
154	10
155	10
156	10
157	10
158	10
159	10
160	10
161	10
162	10
163	10
164	10
165	10
166	8
167	8
168	8
169	8
170	8
171	8
172	8
173	8
174	8
175	8
176	8
177	8
178	8
179	8
180	8
181	8
182	8
183	13
184	13
185	13
186	13
187	13
188	13
189	13
190	13
191	13
192	13
193	13
194	13
195	13
196	13
197	13
198	13
199	13
200	13
201	13
202	13
203	13
204	13
205	13
206	13
207	13
208	1
209	1
210	1
211	1
212	1
213	1
214	1
215	1
216	1
217	1
218	1
219	1
220	1
221	1
222	1
223	1
224	1
225	1
226	11
227	11
228	11
229	11
230	11
231	11
232	11
233	11
234	11
235	11
236	1
237	1
238	1
239	1
240	1
241	1
242	1
243	1
244	1
245	1
246	1
247	1
248	13
249	13
250	13
251	13
252	13
253	13
254	13
255	13
256	13
257	13
258	13
259	13
260	13
261	1
262	1
263	1
264	1
265	1
266	1
267	1
268	11
269	11
270	11
271	1
272	1
273	1
274	1
275	1
276	1
277	1
278	11
279	11
280	11
281	11
282	11
283	11
284	11
285	11
286	11
287	11
288	11
289	11
290	11
291	11
292	11
293	11
294	11
295	11
296	11
297	11
298	11
299	11
300	11
301	11
302	13
303	13
304	13
305	13
306	2
307	9
308	2
309	2
310	2
311	2
312	2
313	2
314	2
316	4
317	4
318	4
319	4
320	4
321	4
322	4
323	4
324	4
325	4
326	4
327	4
328	4
329	4
330	4
331	9
332	2
333	2
334	2
335	2
336	2
337	4
338	4
339	4
340	2
341	2
342	2
343	2
344	9
345	9
346	9
347	2
348	2
349	2
350	2
351	9
352	9
353	2
354	9
355	9
356	10
357	10
358	10
359	10
360	10
361	10
362	10
363	10
364	10
365	10
366	10
367	10
368	10
369	2
370	9
371	9
372	2
373	2
374	2
375	9
376	2
377	2
378	9
379	2
380	2
381	9
382	9
383	2
384	2
385	2
386	2
387	2
388	2
389	4
390	4
391	4
392	4
393	4
394	2
395	9
396	2
397	2
398	4
399	4
400	4
401	4
402	4
403	1
404	1
405	1
406	1
407	1
408	1
409	7
410	7
411	7
412	7
413	7
414	7
415	7
416	7
417	7
418	7
419	7
420	7
421	7
422	7
423	7
424	7
425	12
426	8
427	8
428	8
429	12
430	12
431	12
432	12
433	7
434	7
435	7
436	7
437	7
438	7
439	7
440	7
441	7
442	7
443	7
444	7
445	7
446	12
447	8
448	8
449	8
450	8
451	7
452	7
453	7
454	8
455	8
456	12
457	7
458	7
459	7
460	7
461	7
462	7
463	12
464	12
465	12
466	12
467	8
468	12
469	8
470	12
471	8
472	8
473	7
474	7
475	11
476	11
477	11
478	11
479	11
480	11
481	11
482	11
483	11
484	1
485	1
486	11
487	11
488	11
489	11
490	11
491	11
492	11
493	11
494	11
495	11
496	11
497	11
498	1
499	11
500	11
501	11
502	1
503	11
504	11
505	11
506	1
507	1
508	1
509	1
510	1
511	1
512	1
513	1
514	1
515	1
516	1
517	1
518	1
519	1
520	1
521	1
522	12
523	12
524	12
525	12
526	13
527	13
528	12
529	12
530	12
531	12
532	12
533	12
534	12
535	12
536	12
537	12
538	13
539	13
540	13
541	13
542	13
543	13
544	13
545	13
546	13
547	13
548	13
549	13
550	13
551	13
552	13
553	13
554	13
555	13
556	13
557	13
558	13
559	1
560	1
561	1
562	1
563	1
564	1
565	13
566	13
567	13
568	13
569	13
570	12
571	12
572	12
573	12
574	12
575	12
576	12
577	12
578	12
579	12
580	12
581	13
582	13
583	13
584	13
585	13
586	13
587	11
588	11
589	11
590	11
591	11
592	1
593	1
594	11
595	1
596	11
597	11
598	11
599	1
600	1
601	11
602	11
603	13
604	13
605	13
606	13
607	13
608	13
609	13
610	13
611	13
612	13
613	13
614	13
615	13
616	13
617	11
618	11
619	11
620	11
621	11
622	11
623	11
624	11
625	11
626	11
627	11
628	1
629	1
630	1
631	11
632	11
633	11
634	11
635	11
636	11
637	11
638	11
639	13
640	13
641	13
642	13
643	13
644	13
645	13
646	13
647	13
648	13
649	13
650	13
651	13
652	13
653	13
654	13
655	13
656	13
657	8
658	8
659	8
660	8
661	13
662	13
663	13
664	13
665	13
666	13
667	13
668	13
669	13
670	11
671	11
672	11
673	11
674	11
675	11
676	11
677	8
678	8
679	8
680	13
681	13
682	13
683	13
684	13
685	13
686	13
687	13
688	13
689	13
690	13
691	13
692	13
693	13
694	13
695	13
696	13
697	11
698	11
699	11
700	11
701	11
702	11
703	11
704	8
705	11
706	8
707	11
708	11
709	8
710	11
711	11
712	11
713	11
714	13
715	13
716	1
717	1
718	11
719	11
720	8
721	1
722	1
723	1
724	1
725	1
726	1
727	1
728	1
729	1
730	1
731	1
732	4
733	4
734	4
735	4
736	4
737	8
738	8
739	8
740	8
741	8
742	8
743	8
744	8
745	4
746	4
747	4
748	4
749	4
750	4
751	4
752	4
753	4
754	4
755	4
756	4
757	4
758	4
759	4
760	4
761	4
762	4
763	4
764	4
765	4
766	8
767	8
768	8
769	8
770	4
771	4
772	8
773	8
774	8
775	8
776	8
777	8
778	8
779	8
780	8
781	8
782	8
783	8
784	8
785	1
786	8
787	8
788	8
789	8
790	8
791	1
792	1
793	1
794	1
795	1
796	1
797	1
798	1
799	1
800	1
801	8
802	8
803	8
804	8
805	1
806	1
807	1
808	8
809	8
810	8
811	5
812	5
813	5
814	5
815	5
816	5
817	5
818	5
819	5
820	5
821	5
822	5
823	5
824	5
825	5
826	5
827	2
828	2
829	5
830	5
831	5
832	5
833	5
834	5
835	5
836	5
837	5
838	5
839	5
840	5
841	5
842	5
843	5
844	5
845	5
846	5
847	5
848	2
849	2
850	5
851	5
852	5
853	5
854	5
855	5
856	2
857	5
858	13
859	13
860	13
861	13
862	13
863	13
864	13
865	13
866	13
867	13
868	13
869	13
870	13
871	5
872	5
873	5
874	5
875	5
876	5
877	5
878	5
879	5
880	2
881	5
882	5
883	5
884	5
885	5
886	5
887	5
888	5
889	5
890	5
891	2
892	2
893	5
894	5
895	5
896	5
897	5
898	5
899	2
900	2
901	2
902	5
903	5
904	5
905	5
906	5
907	5
908	5
909	5
910	2
911	2
912	2
913	2
914	5
915	5
916	5
917	5
918	5
919	5
920	5
921	5
922	2
923	2
924	2
925	5
926	5
927	5
928	5
929	5
930	5
931	5
932	5
933	2
934	2
935	5
936	5
937	5
938	5
939	5
940	5
941	5
942	5
943	2
944	2
945	2
946	5
947	5
948	5
949	5
950	5
951	5
952	5
953	2
954	2
955	2
956	2
957	5
958	5
959	5
960	2
961	5
962	5
963	5
964	5
965	5
966	2
967	2
968	2
969	5
970	5
971	5
972	5
973	5
974	5
975	5
976	5
977	5
978	2
979	2
980	2
981	2
982	4
983	5
984	5
985	8
986	8
987	8
988	8
989	8
990	8
991	8
992	8
993	8
994	8
995	8
996	8
997	8
998	8
999	8
1000	8
1001	8
1002	8
1003	8
1004	8
1005	8
1006	8
1007	4
1008	5
1009	8
1010	5
1011	5
1012	5
1013	5
1014	5
1015	5
1016	4
1017	5
1018	5
1019	5
1020	4
1021	4
1022	4
1023	5
1024	4
1025	4
1026	4
1027	4
1028	4
1029	5
1030	4
1031	5
1032	4
1033	5
1034	4
1035	4
1036	4
1037	4
1038	4
1039	5
1040	4
1041	4
1042	4
1043	4
1044	5
1045	4
1046	4
1047	4
1048	5
1049	5
1050	4
1051	5
1052	5
1053	4
1054	4
1055	4
1056	4
1057	4
1058	4
1059	4
1060	4
1061	4
1062	5
1063	4
1064	4
1065	4
1066	4
1067	4
1068	4
1069	4
1070	4
1071	4
1072	4
1073	4
1074	4
1075	7
1076	7
1077	7
1078	7
1079	7
1080	7
1081	7
1082	7
1083	7
1084	7
1085	7
1086	7
1087	11
1088	11
1089	11
1090	11
1091	11
1092	11
1093	11
1094	11
1095	11
1096	11
1097	1
1098	1
1099	1
1100	1
1101	1
1102	11
1103	1
1104	1
1105	1
1106	11
1107	2
1108	2
1109	2
1110	2
1111	2
1112	2
1113	2
1114	2
1115	2
1116	2
1117	2
1118	2
1119	2
1120	2
1121	2
1122	2
1123	2
1124	2
1125	2
1126	2
1127	2
1128	2
1129	2
1130	2
1131	2
1132	2
1133	2
1134	2
1135	2
1136	2
1137	2
1138	2
1139	2
1140	2
1141	2
1142	2
1143	2
1144	2
1145	2
1146	2
1147	2
1148	2
1149	2
1150	2
1151	2
1152	2
1153	2
1154	1
1155	1
1156	1
1157	1
1158	1
1159	1
1160	1
1161	1
1162	1
1163	1
1164	1
1165	1
1166	1
1167	1
1168	1
1169	5
1170	4
1171	5
1172	5
1173	5
1174	4
1175	4
1176	5
1177	5
1178	5
1179	5
1180	5
1181	5
1182	5
1183	5
1184	5
1185	5
1186	5
1187	5
1188	5
1189	5
1190	5
1191	5
1192	5
1193	5
1194	5
1195	5
1196	4
1197	5
1198	5
1199	5
1200	12
1201	12
1202	12
1203	2
1204	2
1205	12
1206	12
1207	12
1208	2
1209	12
1210	12
1211	12
1212	12
1213	2
1214	12
1215	12
1216	12
1217	2
1218	12
1219	12
1220	12
1221	12
1222	2
1223	12
1224	2
1225	2
1226	12
1227	2
1228	2
1229	12
1230	2
1231	12
1232	12
1233	12
1234	12
1235	2
1236	12
1237	12
1238	12
1239	2
1240	11
1241	11
1242	11
1243	11
1244	11
1245	11
1246	11
1247	11
1248	11
1249	11
1250	11
1251	11
1252	11
1253	7
1254	7
1255	7
1256	7
1257	7
1258	11
1259	11
1260	11
1261	11
1262	11
1263	11
1264	7
1265	7
1266	7
1267	7
1268	7
1269	7
1270	7
1271	7
1272	7
1273	7
1274	7
1275	7
1276	7
1277	7
1278	1
1279	1
1280	1
1281	11
1282	11
1283	11
1284	7
1285	7
1286	7
1287	7
1288	1
1289	1
1290	1
1291	1
1292	1
1293	1
1294	1
1295	1
1296	1
1297	1
1298	1
1299	1
1300	1
1301	1
1302	1
1303	7
1304	7
1305	7
1306	7
1307	7
1308	7
1309	7
1310	7
1311	7
1312	7
1313	7
1314	2
1315	2
1316	2
1317	2
1318	2
1319	2
1320	2
1321	2
1322	5
1323	2
1324	2
1325	2
1326	2
1327	2
1328	2
1329	2
1330	2
1331	2
1332	2
1333	2
1334	2
1335	5
1336	2
1337	2
1338	2
1339	5
1340	2
1341	2
1342	5
1343	2
1344	2
1345	2
1346	7
1347	7
1348	7
1349	7
1350	7
1351	7
1352	7
1353	7
1354	7
1355	7
1356	7
1357	7
1358	7
1359	7
1360	7
1361	7
1362	7
1363	12
1364	12
1365	12
1366	12
1367	12
1368	12
1369	12
1370	12
1371	12
1372	12
1373	12
1374	12
1375	12
1376	12
1377	12
1378	12
1379	12
1380	12
1381	1
1382	1
1383	1
1384	1
1385	1
1386	1
1387	1
1388	1
1389	1
1390	1
1391	1
1392	1
1393	1
1394	1
1395	1
1396	1
1397	7
1398	7
1399	7
1400	7
1401	7
1402	7
1403	7
1404	7
1405	7
1406	7
1407	7
1408	7
1409	7
1410	7
1411	7
1412	7
1413	7
1414	7
1415	7
1416	7
1417	7
1418	7
1419	7
1420	7
1421	7
1422	7
1423	7
1424	7
1425	7
1426	7
1427	7
1428	6
1429	6
1430	12
1431	6
1432	12
1433	12
1434	12
1435	12
1436	6
1437	6
1438	12
1439	6
1440	6
1441	4
1442	4
1443	4
1444	4
1445	4
1446	4
1447	4
1448	4
1449	4
1450	4
1451	4
1452	4
1453	4
1454	4
1455	12
1456	12
1457	6
1458	12
1459	12
1460	6
1461	12
1462	12
1463	12
1464	6
1465	1
1466	1
1467	1
1468	1
1469	1
1470	1
1471	1
1472	1
1473	1
1474	1
1475	1
1476	1
1477	1
1478	1
1479	1
1480	1
1481	1
1482	1
1483	1
1484	1
1485	1
1486	1
1487	1
1488	1
1489	4
1490	4
1491	4
1492	4
1493	4
1494	4
1495	4
1496	4
1497	4
1498	4
1499	4
1500	4
1501	13
1502	13
1503	13
1504	13
1505	13
1506	13
1507	13
1508	13
1509	13
1510	13
1511	13
1512	13
1513	13
1514	13
1515	13
1516	13
1517	13
1518	13
1519	13
1520	13
1521	13
1522	13
1523	13
1524	13
1525	13
1526	13
1527	13
1528	13
1529	8
1530	8
1531	8
1532	8
1533	8
1534	8
1535	8
1536	8
1537	8
1538	8
1539	8
1540	8
1541	8
1542	8
1543	8
1544	8
1545	8
1546	8
1547	8
1548	8
1549	8
1550	8
1551	8
1552	12
1553	12
1554	12
1555	12
1556	12
1557	12
1558	12
1559	12
1560	12
1561	12
1562	12
1563	12
1564	12
1565	12
1566	12
1567	12
1568	12
1569	12
1570	12
1571	12
1572	12
1573	12
1574	12
1575	12
1576	4
1577	4
1578	4
1579	4
1580	4
1581	4
1582	4
1583	4
1584	4
1585	4
1586	4
1587	4
1588	4
1589	4
1590	4
1591	4
1592	4
1593	7
1594	7
1595	7
1596	7
1597	7
1598	7
1599	7
1600	7
1601	7
1602	12
1603	12
1604	12
1605	12
1606	12
1607	12
1608	12
1609	12
1610	12
1611	12
1612	12
1613	12
1614	12
1615	12
1616	12
1617	12
1618	1
1619	1
1620	1
1621	1
1622	1
1623	1
1624	1
1625	1
1626	1
1627	1
1628	1
1629	2
1630	4
1631	2
1632	4
1633	2
1634	2
1635	2
1636	2
1637	2
1638	2
1639	2
1640	2
1641	2
1642	2
1643	2
1644	1
1645	1
1646	1
1647	1
1648	1
1649	2
1650	2
1651	2
1652	2
1653	2
1654	2
1655	2
1656	2
1658	2
1659	2
1660	2
1661	2
1662	2
1663	2
1664	2
1665	2
1666	4
1667	4
1668	4
1669	2
1670	2
1671	2
1672	2
1673	1
1674	2
1675	2
1676	2
1677	1
1678	11
1679	11
1680	11
1681	11
1682	11
1683	11
1684	11
1685	7
1686	7
1687	7
1688	7
1689	7
1690	7
1691	7
1692	7
1693	7
1694	7
1695	7
1696	7
1697	7
1698	7
1699	7
1700	7
1701	7
1702	7
1703	6
1704	6
1705	4
1706	4
1707	7
1708	4
1709	7
1710	4
1711	7
1712	4
1713	1
1714	1
1715	1
1716	1
1717	1
1718	1
1719	1
1720	1
1721	1
1722	1
1723	1
1724	1
1725	4
1726	4
1727	4
1728	1
1729	7
1730	4
1731	4
1732	4
1733	4
1734	7
1735	4
1736	7
1737	7
1738	7
1739	4
1740	7
1741	4
1742	3
1743	3
1744	3
1745	3
1746	13
1747	3
1748	3
1749	3
1750	3
1751	3
1752	3
1753	3
1754	3
1755	13
1756	3
1757	1
1758	1
1759	1
1760	1
1761	13
1762	3
1763	3
1764	3
1765	3
1766	3
1767	3
1768	3
1769	3
1770	3
1771	3
1772	3
1773	13
1774	1
1775	1
1776	1
1777	1
1778	1
1779	1
1780	1
1781	1
1782	1
1783	1
1784	1
1785	1
1786	1
1787	3
1788	3
1789	3
1790	3
1791	3
1792	3
1793	3
1794	3
1795	1
1796	1
1797	1
1798	1
1799	3
1800	13
1801	13
1802	3
1803	3
1804	3
1805	3
1806	3
1807	3
1808	3
1809	6
1810	6
1811	6
1812	6
1813	6
1814	6
1815	6
1816	6
1817	6
1818	6
1819	6
1820	6
1821	6
1822	6
1823	6
1824	6
1825	6
1826	6
1827	6
1828	6
1829	6
1830	11
1831	11
1832	11
1833	11
1834	11
1835	6
1836	6
1837	11
1838	6
1839	6
1840	12
1841	12
1842	12
1843	12
1844	12
1845	6
1846	6
1847	6
1848	6
1849	6
1850	6
1851	6
1852	6
1853	6
1854	6
1855	6
1856	6
1857	1
1858	1
1859	1
1860	1
1861	1
1862	1
1863	6
1864	6
1865	6
1866	6
1867	6
1868	6
1869	6
1870	6
1871	6
1872	8
1873	8
1874	11
1875	11
1876	8
1877	8
1878	8
1879	8
1880	11
1881	11
1882	8
1883	11
1884	11
1885	11
1886	11
1887	8
1888	8
1889	11
1890	8
1891	11
1892	11
1893	8
1894	8
1895	13
1896	13
1897	13
1898	5
1899	5
1900	5
1901	5
1902	5
1903	5
1904	7
1905	7
1906	7
1907	7
1908	7
1909	13
1910	7
1911	13
1912	7
1913	7
1914	7
1915	7
1916	5
1917	5
1918	5
1919	5
1920	5
1921	5
1922	5
1923	5
1924	13
1925	13
1926	7
1927	13
1928	13
1929	7
1930	13
1931	7
1932	7
1933	7
1934	7
1935	7
1936	7
1937	13
1938	7
1939	7
1940	13
1941	13
1942	7
1943	7
1944	13
1945	7
1946	7
1947	7
1948	7
1949	7
1950	7
1951	13
1952	13
1953	13
1954	7
1955	7
1956	13
1957	13
1958	7
1959	13
1960	7
1961	7
1962	13
1963	7
1964	13
1965	13
1966	7
1967	7
1968	7
1969	7
1970	13
1971	7
1972	13
1973	7
1974	13
1975	7
1976	12
1977	12
1978	12
1979	12
1980	12
1981	12
1982	12
1983	12
1984	12
1985	12
1986	12
1987	12
1988	12
1989	12
1990	12
1991	12
1992	12
1993	12
1994	12
1995	12
1996	12
1997	12
1998	12
1999	12
2000	12
2001	12
2002	12
2003	12
2004	12
2005	12
2006	12
2007	12
2008	12
2009	12
2010	12
2011	12
2012	12
2013	12
2014	12
2015	12
2016	12
2017	1
2018	1
2019	1
2020	11
2021	1
2022	1
2023	1
2024	8
2025	1
2026	1
2027	1
2028	1
2029	11
2030	8
2031	8
2032	8
2033	8
2034	8
2035	8
2036	8
2037	8
2038	1
2039	1
2040	1
2041	1
2042	1
2043	11
2044	11
2045	11
2046	8
2047	8
2048	1
2049	1
2050	1
2051	8
2052	8
2053	8
2054	8
2055	8
2056	8
2057	8
2058	12
2059	12
2060	12
2061	12
2062	12
2063	12
2064	12
2065	12
2066	12
2067	12
2068	11
2069	11
2070	11
2071	11
2072	11
2073	11
2074	11
2075	11
2076	11
2077	11
2078	11
2079	11
2080	11
2081	11
2082	11
2083	11
2084	11
2085	11
2086	11
2087	11
2088	11
2089	4
2090	4
2091	4
2092	4
2093	4
2094	4
2095	4
2096	13
2097	13
2098	13
2099	13
2100	13
2101	13
2102	13
2103	13
2104	13
2105	13
2106	13
2107	13
2108	13
2109	13
2110	13
2111	13
2112	13
2113	3
2114	3
2115	6
2116	6
2117	6
2118	3
2119	3
2120	6
2121	6
2122	3
2123	3
2124	11
2125	6
2126	6
2127	6
2128	6
2129	6
2130	3
2131	3
2132	3
2133	3
2134	3
2135	3
2136	3
2137	3
2138	3
2139	3
2140	3
2141	3
2142	3
2143	3
2144	3
2145	3
2146	3
2147	3
2148	3
2149	3
2150	6
2151	6
2152	6
2153	6
2154	3
2155	3
2156	3
2157	3
2158	6
2159	3
2160	6
2161	6
2162	6
2163	6
2164	6
2165	6
2166	3
2167	3
2168	3
2169	6
2170	6
2171	3
2172	6
2173	6
2174	3
2175	3
2176	3
2177	3
2178	6
2179	6
2180	6
2181	6
2182	6
2183	6
2184	6
2185	6
2186	6
2187	6
2188	3
2189	6
2190	6
2191	6
2192	6
2193	6
2194	3
2195	3
2196	3
2197	3
2198	3
2199	3
2200	6
2201	3
2202	3
2203	3
2204	6
2205	6
2206	6
2207	6
2208	3
2209	6
2210	6
2211	3
2212	3
2213	6
2214	6
2215	3
2216	3
2217	6
2218	6
2219	6
2220	6
2221	6
2222	3
2223	3
2224	6
2225	6
2226	6
2227	6
2228	3
2229	3
2230	6
2231	6
2232	6
2233	3
2234	3
2235	3
2236	3
2237	3
2238	3
2239	6
2240	6
2241	3
2242	3
2243	3
2244	3
2245	3
2246	6
2247	6
2248	6
2249	6
2250	6
2251	6
2252	6
2253	3
2254	3
2255	3
2256	6
2257	3
2258	6
2259	6
2260	6
2261	6
2262	6
2263	6
2264	6
2265	6
2266	3
2267	6
2268	6
2269	3
2270	3
2271	3
2272	3
2273	3
2274	3
2275	6
2276	6
2277	3
2278	3
2279	3
2280	3
2281	3
2282	3
2283	3
2284	11
2285	11
2286	3
2287	3
2288	6
2289	6
2290	6
2291	6
2292	6
2293	6
2294	6
2295	6
2296	6
2297	3
2298	3
2299	3
2300	3
2301	6
2302	3
2303	3
2304	3
2305	6
2306	6
2307	6
2308	6
2309	11
2310	11
2311	11
2312	5
2313	5
2314	5
2315	5
2316	5
2317	5
2318	5
2319	5
2320	5
2321	5
2322	5
2323	5
2324	5
2325	5
2326	5
2327	5
2328	5
2329	5
2330	13
2331	13
2332	13
2333	13
2334	13
2335	13
2336	13
2337	13
2338	13
2339	13
2340	13
2341	13
2342	13
2343	13
2344	13
2345	13
2346	4
2347	4
2348	4
2349	4
2350	4
2351	4
2352	4
2353	4
2354	4
2355	4
2356	4
2357	4
2358	4
2359	4
2360	4
2361	4
2362	4
2363	4
2364	4
2365	4
2366	3
2367	3
2368	3
2369	3
2370	3
2371	3
2372	3
2373	3
2374	12
2375	3
2376	3
2377	3
2378	3
2379	3
2380	3
2381	12
2382	3
2383	3
2384	12
2385	3
2386	12
2387	3
2388	12
2389	12
2390	12
2391	3
2392	3
2393	3
2394	12
2395	12
2396	12
2397	12
2398	12
2399	12
2400	3
2401	3
2402	3
2403	3
2404	3
2405	3
2406	3
2407	3
2408	12
2409	3
2410	3
2411	3
2412	3
2413	3
2414	3
2415	9
2416	9
2417	9
2418	9
2419	10
2420	10
2421	9
2422	9
2423	9
2424	9
2425	9
2426	9
2427	10
2428	10
2429	10
2430	10
2431	9
2432	9
2433	9
2434	9
2435	9
2436	9
2437	9
2438	9
2439	9
2440	9
2441	9
2442	9
2443	9
2444	9
2445	9
2446	9
2447	9
2448	9
2449	10
2450	10
2451	10
2452	10
2453	9
2454	9
2455	9
2456	9
2457	9
2458	9
2459	9
2460	9
2461	9
2462	9
2463	9
2464	9
2465	9
2466	9
2467	9
2468	9
2469	9
2470	9
2471	9
2472	9
2473	9
2474	9
2475	9
2476	9
2477	9
2478	9
2479	9
2480	9
2481	9
2482	9
2483	9
2484	9
2485	9
2486	9
2487	9
2488	10
2489	9
2490	9
2491	10
2492	9
2493	9
2494	9
2495	10
2496	9
2497	9
2498	9
2499	9
2500	9
2501	9
2502	9
2503	9
2504	9
2505	9
2506	9
2507	9
2508	9
2509	9
2510	9
2511	9
2512	9
2513	9
2514	9
2515	10
2516	10
2517	10
2518	10
2519	10
2520	10
2521	10
2522	10
2523	9
2524	9
2525	10
2526	9
2527	10
2528	9
2529	9
2530	10
2531	9
2532	9
2533	9
2534	9
2535	9
2536	9
2537	9
2538	9
2539	10
2540	10
2541	10
2542	9
2543	9
2544	10
2545	10
2546	10
2547	9
2548	9
2549	9
2550	10
2551	10
2552	10
2553	10
2554	10
2555	10
2556	10
2557	10
2558	9
2559	9
2560	9
2561	9
2562	9
2563	10
2564	9
2565	9
2566	9
2567	9
2568	10
2569	9
2570	9
2571	9
2572	9
2573	9
2574	9
2575	10
2576	10
2577	10
2578	10
2579	10
2580	10
2581	9
2582	9
2583	10
2584	10
2585	9
2586	9
2587	9
2588	9
2589	9
2590	9
2591	9
2592	9
2593	9
2594	9
2595	9
2596	9
2597	9
2598	9
2599	9
2600	10
2601	9
2602	9
2603	9
2604	9
2605	10
2606	11
2607	11
2608	11
2609	11
2610	11
2611	11
2612	11
2613	11
2614	11
2615	11
2616	11
2617	11
2618	11
2619	11
2620	11
2621	11
2622	11
2623	11
2624	11
2625	11
2626	11
2627	11
2628	11
2629	11
2630	11
2631	11
2632	11
2633	11
2634	11
2635	11
2636	11
2637	11
2638	11
2639	11
2640	10
2641	10
2642	10
2643	8
2644	8
2645	10
2646	10
2647	10
2648	10
2649	8
2650	8
2651	10
2652	10
2653	10
2654	10
2655	10
2656	8
2657	8
2658	8
2659	8
2660	8
2661	8
2662	8
2663	10
2664	10
2665	10
2666	8
2667	10
2668	10
2669	10
2670	10
2671	10
2672	8
2673	10
2674	8
2675	8
2676	10
2677	10
2678	8
2679	10
2680	10
2681	10
2682	10
2683	10
2684	10
2685	10
2686	10
2687	10
2688	13
2689	13
2690	13
2691	13
315	4
1657	2
