0	3
1	3
2	3
3	3
4	3
5	3
6	3
7	8
8	8
9	8
10	8
11	8
12	8
13	8
14	8
15	8
16	8
17	8
18	8
19	8
20	8
21	10
22	10
23	10
24	10
25	10
26	10
27	10
28	10
29	13
30	13
31	13
32	13
33	3
34	13
35	13
36	3
37	13
38	13
39	3
40	13
41	3
42	13
43	3
44	3
45	13
46	13
47	3
48	13
49	13
50	13
51	13
52	13
53	9
54	9
55	9
56	9
57	9
58	13
59	13
60	13
61	13
62	13
63	13
64	13
65	9
66	9
67	9
68	9
69	9
70	9
71	10
72	10
73	10
74	10
75	13
76	13
77	13
78	13
79	13
80	13
81	13
82	13
83	12
84	12
85	12
86	12
87	12
88	12
89	12
90	12
91	12
92	12
93	12
94	12
95	12
96	8
97	8
98	8
99	8
100	8
101	8
102	8
103	8
104	8
105	8
106	8
107	8
108	8
109	8
110	8
111	8
112	8
113	8
114	8
115	8
116	8
117	8
118	8
119	8
120	8
121	8
122	8
123	8
124	8
125	8
126	8
127	8
128	8
129	1
130	1
131	1
132	1
133	1
134	1
135	1
136	1
137	1
138	1
139	1
140	1
141	1
142	1
143	1
144	1
145	1
146	1
147	1
148	1
149	1
150	1
151	1
152	1
153	1
154	1
155	1
156	1
157	1
158	1
159	1
160	1
161	1
162	1
163	1
164	1
165	1
166	7
167	7
168	7
169	7
170	7
171	7
172	7
173	12
174	7
175	12
176	7
177	12
178	7
179	7
180	7
181	7
182	7
183	13
184	13
185	13
186	13
187	13
188	13
189	13
190	13
191	13
192	13
193	13
194	13
195	13
196	13
197	13
198	13
199	13
200	13
201	13
202	13
203	13
204	13
205	13
206	13
207	13
208	10
209	10
210	10
211	10
212	10
213	10
214	10
215	10
216	10
217	10
218	10
219	10
220	10
221	10
222	10
223	10
224	10
225	10
226	11
227	11
228	11
229	11
230	11
231	11
232	11
233	11
234	11
235	11
236	10
237	10
238	10
239	10
240	10
241	10
242	10
243	10
244	10
245	10
246	10
247	10
248	13
249	13
250	13
251	13
252	13
253	13
254	13
255	13
256	13
257	13
258	13
259	13
260	13
261	11
262	11
263	11
264	11
265	11
266	11
267	11
268	11
269	11
270	11
271	11
272	11
273	11
274	11
275	11
276	11
277	11
278	11
279	11
280	11
281	11
282	11
283	11
284	11
285	11
286	11
287	11
288	11
289	11
290	11
291	11
292	11
293	11
294	11
295	11
296	11
297	11
298	11
299	11
300	11
301	11
302	13
303	13
304	13
305	13
306	2
307	2
308	2
309	2
310	2
311	2
312	2
313	2
314	2
316	5
317	5
318	5
319	5
320	5
321	5
322	5
323	5
324	5
325	5
326	5
327	5
328	5
329	5
330	5
331	2
332	2
333	2
334	2
335	2
336	2
337	5
338	5
339	5
340	2
341	2
342	2
343	2
344	2
345	9
346	2
347	2
348	2
349	2
350	2
351	2
352	2
353	2
354	2
355	2
356	1
357	1
358	1
359	1
360	1
361	1
362	1
363	1
364	1
365	1
366	1
367	1
368	1
369	2
370	2
371	2
372	2
373	2
374	2
375	2
376	2
377	2
378	2
379	2
380	2
381	2
382	2
383	2
384	2
385	2
386	2
387	2
388	2
389	5
390	5
391	5
392	5
393	5
394	2
395	2
396	2
397	2
398	5
399	5
400	5
401	5
402	5
403	10
404	10
405	10
406	11
407	11
408	11
409	3
410	3
411	3
412	3
413	3
414	3
415	3
416	3
417	3
418	3
419	3
420	3
421	3
422	3
423	3
424	3
425	7
426	7
427	7
428	7
429	7
430	7
431	7
432	7
433	3
434	3
435	3
436	3
437	3
438	3
439	3
440	3
441	3
442	3
443	3
444	3
445	3
446	7
447	7
448	7
449	7
450	7
451	3
452	3
453	3
454	7
455	7
456	7
457	3
458	3
459	3
460	3
461	3
462	3
463	7
464	7
465	7
466	7
467	7
468	7
469	7
470	7
471	7
472	7
473	3
474	3
475	11
476	11
477	7
478	7
479	7
480	7
481	7
482	7
483	7
484	10
485	10
486	7
487	7
488	7
489	11
490	11
491	11
492	11
493	11
494	11
495	7
496	7
497	7
498	10
499	7
500	7
501	7
502	10
503	7
504	7
505	7
506	11
507	11
508	10
509	10
510	10
511	10
512	10
513	11
514	11
515	10
516	11
517	11
518	11
519	11
520	10
521	11
522	12
523	12
524	12
525	12
526	13
527	13
528	12
529	12
530	12
531	12
532	12
533	12
534	12
535	12
536	12
537	12
538	13
539	13
540	13
541	13
542	13
543	13
544	13
545	13
546	13
547	13
548	13
549	13
550	13
551	13
552	13
553	13
554	13
555	13
556	13
557	13
558	13
559	11
560	11
561	11
562	11
563	11
564	11
565	13
566	13
567	13
568	13
569	13
570	12
571	12
572	12
573	12
574	12
575	12
576	12
577	12
578	12
579	12
580	12
581	13
582	13
583	13
584	13
585	13
586	13
587	11
588	11
589	11
590	11
591	11
592	11
593	11
594	11
595	11
596	11
597	11
598	11
599	11
600	11
601	11
602	11
603	13
604	13
605	13
606	13
607	13
608	13
609	13
610	13
611	13
612	13
613	13
614	13
615	13
616	13
617	11
618	11
619	11
620	11
621	11
622	11
623	11
624	11
625	11
626	11
627	11
628	11
629	11
630	11
631	11
632	11
633	11
634	11
635	11
636	11
637	11
638	11
639	13
640	13
641	13
642	13
643	13
644	13
645	13
646	13
647	13
648	13
649	13
650	13
651	13
652	13
653	13
654	13
655	13
656	13
657	7
658	7
659	7
660	7
661	3
662	3
663	3
664	3
665	3
666	3
667	3
668	3
669	3
670	1
671	1
672	1
673	1
674	1
675	1
676	1
677	1
678	1
679	1
680	3
681	3
682	3
683	3
684	3
685	3
686	3
687	3
688	3
689	3
690	3
691	3
692	3
693	3
694	3
695	3
696	3
697	1
698	1
699	1
700	1
701	1
702	1
703	1
704	1
705	1
706	1
707	1
708	1
709	1
710	1
711	1
712	1
713	1
714	3
715	3
716	11
717	11
718	1
719	1
720	1
721	11
722	11
723	11
724	11
725	11
726	11
727	11
728	11
729	11
730	11
731	11
732	3
733	3
734	3
735	3
736	3
737	7
738	7
739	7
740	7
741	7
742	7
743	7
744	7
745	3
746	3
747	3
748	3
749	3
750	3
751	3
752	3
753	3
754	3
755	3
756	3
757	3
758	3
759	3
760	3
761	3
762	3
763	3
764	3
765	3
766	7
767	7
768	7
769	7
770	3
771	3
772	7
773	7
774	7
775	7
776	7
777	7
778	7
779	7
780	7
781	7
782	7
783	7
784	7
785	10
786	7
787	7
788	7
789	7
790	7
791	10
792	10
793	10
794	10
795	10
796	10
797	10
798	10
799	10
800	10
801	7
802	7
803	7
804	7
805	10
806	10
807	10
808	7
809	7
810	7
811	5
812	8
813	5
814	5
815	5
816	8
817	5
818	8
819	8
820	8
821	5
822	5
823	5
824	8
825	8
826	8
827	8
828	8
829	8
830	5
831	5
832	8
833	8
834	5
835	5
836	5
837	5
838	5
839	8
840	5
841	8
842	5
843	5
844	5
845	8
846	5
847	8
848	8
849	8
850	8
851	8
852	5
853	5
854	5
855	8
856	8
857	8
858	13
859	13
860	13
861	13
862	13
863	13
864	13
865	13
866	13
867	13
868	13
869	13
870	13
871	5
872	5
873	8
874	8
875	5
876	5
877	8
878	8
879	8
880	8
881	5
882	5
883	5
884	5
885	5
886	5
887	8
888	5
889	8
890	8
891	8
892	8
893	5
894	5
895	5
896	5
897	8
898	8
899	8
900	8
901	8
902	5
903	5
904	5
905	5
906	8
907	8
908	5
909	8
910	8
911	8
912	8
913	8
914	5
915	5
916	8
917	5
918	8
919	8
920	8
921	8
922	8
923	8
924	8
925	5
926	8
927	5
928	5
929	5
930	5
931	5
932	8
933	8
934	8
935	5
936	5
937	5
938	8
939	8
940	8
941	8
942	5
943	8
944	8
945	8
946	8
947	5
948	5
949	5
950	8
951	8
952	8
953	8
954	8
955	8
956	8
957	5
958	5
959	5
960	8
961	8
962	5
963	5
964	5
965	5
966	8
967	8
968	8
969	5
970	8
971	8
972	5
973	5
974	8
975	8
976	5
977	5
978	8
979	8
980	8
981	8
982	5
983	5
984	5
985	7
986	12
987	12
988	7
989	12
990	12
991	12
992	7
993	7
994	12
995	7
996	12
997	7
998	12
999	12
1000	7
1001	7
1002	7
1003	12
1004	12
1005	12
1006	12
1007	5
1008	5
1009	12
1010	5
1011	5
1012	5
1013	5
1014	5
1015	5
1016	5
1017	5
1018	5
1019	5
1020	5
1021	5
1022	5
1023	5
1024	5
1025	5
1026	5
1027	5
1028	5
1029	5
1030	5
1031	5
1032	5
1033	5
1034	5
1035	5
1036	5
1037	5
1038	5
1039	5
1040	5
1041	5
1042	5
1043	5
1044	5
1045	5
1046	5
1047	5
1048	5
1049	5
1050	5
1051	5
1052	5
1053	5
1054	5
1055	5
1056	5
1057	5
1058	5
1059	5
1060	5
1061	5
1062	5
1063	5
1064	5
1065	5
1066	5
1067	5
1068	5
1069	5
1070	5
1071	5
1072	5
1073	5
1074	5
1075	13
1076	13
1077	13
1078	13
1079	13
1080	13
1081	13
1082	13
1083	13
1084	13
1085	13
1086	13
1087	11
1088	11
1089	11
1090	11
1091	11
1092	11
1093	11
1094	11
1095	11
1096	11
1097	10
1098	10
1099	10
1100	10
1101	10
1102	11
1103	10
1104	11
1105	11
1106	11
1107	2
1108	2
1109	2
1110	2
1111	2
1112	2
1113	2
1114	2
1115	2
1116	2
1117	2
1118	2
1119	2
1120	2
1121	2
1122	2
1123	2
1124	2
1125	2
1126	2
1127	2
1128	2
1129	2
1130	2
1131	2
1132	2
1133	2
1134	2
1135	2
1136	2
1137	2
1138	2
1139	2
1140	2
1141	2
1142	2
1143	2
1144	2
1145	2
1146	2
1147	2
1148	2
1149	2
1150	2
1151	2
1152	2
1153	2
1154	9
1155	9
1156	9
1157	9
1158	9
1159	9
1160	9
1161	9
1162	9
1163	9
1164	9
1165	9
1166	9
1167	9
1168	9
1169	5
1170	5
1171	5
1172	5
1173	5
1174	5
1175	5
1176	5
1177	5
1178	5
1179	5
1180	5
1181	5
1182	5
1183	5
1184	5
1185	5
1186	5
1187	5
1188	5
1189	5
1190	5
1191	5
1192	5
1193	5
1194	5
1195	5
1196	5
1197	5
1198	5
1199	5
1200	2
1201	2
1202	2
1203	2
1204	2
1205	2
1206	2
1207	2
1208	2
1209	2
1210	2
1211	2
1212	2
1213	2
1214	2
1215	2
1216	2
1217	2
1218	2
1219	2
1220	2
1221	2
1222	2
1223	2
1224	2
1225	2
1226	2
1227	2
1228	2
1229	2
1230	2
1231	2
1232	2
1233	2
1234	2
1235	2
1236	2
1237	2
1238	2
1239	2
1240	11
1241	11
1242	11
1243	11
1244	11
1245	11
1246	11
1247	11
1248	11
1249	11
1250	11
1251	11
1252	11
1253	13
1254	13
1255	13
1256	13
1257	13
1258	11
1259	11
1260	11
1261	11
1262	11
1263	11
1264	13
1265	13
1266	13
1267	13
1268	13
1269	13
1270	13
1271	13
1272	13
1273	13
1274	13
1275	13
1276	13
1277	13
1278	10
1279	10
1280	10
1281	11
1282	11
1283	11
1284	13
1285	13
1286	13
1287	13
1288	10
1289	10
1290	10
1291	10
1292	10
1293	10
1294	10
1295	10
1296	10
1297	10
1298	10
1299	10
1300	10
1301	10
1302	10
1303	13
1304	13
1305	13
1306	13
1307	13
1308	13
1309	13
1310	13
1311	13
1312	13
1313	13
1314	2
1315	2
1316	2
1317	2
1318	2
1319	2
1320	2
1321	2
1322	2
1323	2
1324	2
1325	2
1326	2
1327	2
1328	2
1329	2
1330	2
1331	2
1332	2
1333	2
1334	2
1335	2
1336	2
1337	2
1338	2
1339	2
1340	2
1341	2
1342	2
1343	2
1344	2
1345	2
1346	3
1347	3
1348	3
1349	3
1350	3
1351	3
1352	3
1353	3
1354	3
1355	3
1356	3
1357	3
1358	3
1359	3
1360	3
1361	3
1362	3
1363	1
1364	1
1365	2
1366	2
1367	1
1368	2
1369	2
1370	1
1371	1
1372	2
1373	2
1374	2
1375	2
1376	2
1377	2
1378	2
1379	1
1380	2
1381	10
1382	10
1383	10
1384	10
1385	10
1386	10
1387	10
1388	10
1389	10
1390	10
1391	10
1392	10
1393	10
1394	10
1395	10
1396	10
1397	3
1398	3
1399	3
1400	3
1401	3
1402	3
1403	3
1404	3
1405	3
1406	3
1407	3
1408	3
1409	3
1410	3
1411	3
1412	3
1413	3
1414	3
1415	3
1416	3
1417	3
1418	3
1419	3
1420	3
1421	3
1422	3
1423	3
1424	3
1425	3
1426	3
1427	3
1428	12
1429	12
1430	12
1431	12
1432	12
1433	12
1434	12
1435	12
1436	12
1437	12
1438	12
1439	12
1440	12
1441	8
1442	8
1443	8
1444	8
1445	8
1446	8
1447	8
1448	8
1449	8
1450	8
1451	8
1452	8
1453	8
1454	8
1455	12
1456	12
1457	12
1458	12
1459	12
1460	12
1461	12
1462	12
1463	12
1464	12
1465	1
1466	1
1467	1
1468	1
1469	1
1470	1
1471	1
1472	1
1473	1
1474	1
1475	1
1476	1
1477	1
1478	1
1479	1
1480	1
1481	1
1482	1
1483	1
1484	1
1485	1
1486	1
1487	1
1488	1
1489	5
1490	5
1491	5
1492	5
1493	5
1494	5
1495	5
1496	5
1497	5
1498	5
1499	5
1500	5
1501	6
1502	3
1503	3
1504	6
1505	3
1506	6
1507	3
1508	3
1509	3
1510	6
1511	6
1512	3
1513	6
1514	6
1515	6
1516	3
1517	3
1518	3
1519	6
1520	6
1521	6
1522	6
1523	3
1524	3
1525	3
1526	3
1527	6
1528	6
1529	7
1530	7
1531	7
1532	7
1533	7
1534	7
1535	7
1536	7
1537	7
1538	7
1539	7
1540	7
1541	7
1542	7
1543	7
1544	7
1545	7
1546	7
1547	7
1548	7
1549	7
1550	7
1551	7
1552	12
1553	12
1554	12
1555	12
1556	12
1557	12
1558	12
1559	12
1560	12
1561	12
1562	12
1563	12
1564	12
1565	12
1566	12
1567	12
1568	12
1569	12
1570	12
1571	12
1572	12
1573	12
1574	12
1575	12
1576	3
1577	3
1578	3
1579	3
1580	3
1581	3
1582	3
1583	3
1584	3
1585	3
1586	3
1587	3
1588	3
1589	3
1590	3
1591	3
1592	3
1593	13
1594	13
1595	13
1596	13
1597	13
1598	13
1599	13
1600	13
1601	13
1602	12
1603	12
1604	12
1605	12
1606	12
1607	12
1608	12
1609	12
1610	12
1611	12
1612	12
1613	12
1614	12
1615	12
1616	12
1617	12
1618	10
1619	10
1620	10
1621	10
1622	10
1623	10
1624	10
1625	10
1626	10
1627	10
1628	10
1629	8
1630	8
1631	8
1632	8
1633	8
1634	8
1635	8
1636	8
1637	8
1638	8
1639	8
1640	8
1641	8
1642	8
1643	8
1644	10
1645	10
1646	10
1647	10
1648	10
1649	8
1650	8
1651	8
1652	8
1653	8
1654	8
1655	8
1656	8
1658	8
1659	8
1660	8
1661	8
1662	8
1663	8
1664	8
1665	8
1666	8
1667	8
1668	8
1669	8
1670	8
1671	8
1672	8
1673	10
1674	8
1675	8
1676	8
1677	10
1678	7
1679	7
1680	7
1681	7
1682	7
1683	7
1684	7
1685	3
1686	3
1687	3
1688	3
1689	3
1690	3
1691	3
1692	3
1693	3
1694	3
1695	3
1696	3
1697	3
1698	3
1699	3
1700	3
1701	8
1702	8
1703	4
1704	4
1705	8
1706	8
1707	3
1708	8
1709	8
1710	8
1711	3
1712	8
1713	10
1714	10
1715	10
1716	10
1717	10
1718	10
1719	10
1720	10
1721	10
1722	10
1723	10
1724	10
1725	3
1726	8
1727	8
1728	10
1729	3
1730	8
1731	8
1732	8
1733	8
1734	3
1735	8
1736	8
1737	3
1738	8
1739	8
1740	8
1741	8
1742	6
1743	6
1744	6
1745	6
1746	6
1747	6
1748	6
1749	6
1750	6
1751	6
1752	6
1753	6
1754	6
1755	3
1756	6
1757	10
1758	10
1759	10
1760	10
1761	3
1762	6
1763	6
1764	6
1765	6
1766	6
1767	6
1768	6
1769	6
1770	6
1771	6
1772	6
1773	6
1774	11
1775	10
1776	10
1777	10
1778	11
1779	11
1780	10
1781	10
1782	10
1783	10
1784	10
1785	10
1786	11
1787	6
1788	6
1789	6
1790	6
1791	6
1792	6
1793	6
1794	6
1795	11
1796	10
1797	10
1798	11
1799	6
1800	3
1801	3
1802	6
1803	6
1804	6
1805	6
1806	6
1807	6
1808	6
1809	4
1810	4
1811	4
1812	4
1813	4
1814	4
1815	4
1816	4
1817	4
1818	4
1819	4
1820	4
1821	4
1822	4
1823	4
1824	4
1825	4
1826	4
1827	4
1828	4
1829	4
1830	11
1831	11
1832	11
1833	11
1834	11
1835	4
1836	4
1837	11
1838	4
1839	4
1840	1
1841	1
1842	1
1843	1
1844	1
1845	4
1846	4
1847	4
1848	4
1849	4
1850	4
1851	4
1852	4
1853	4
1854	4
1855	4
1856	4
1857	11
1858	11
1859	11
1860	11
1861	11
1862	11
1863	4
1864	4
1865	4
1866	4
1867	4
1868	4
1869	4
1870	4
1871	4
1872	7
1873	7
1874	7
1875	7
1876	7
1877	7
1878	7
1879	7
1880	7
1881	7
1882	7
1883	7
1884	7
1885	7
1886	7
1887	7
1888	7
1889	7
1890	7
1891	7
1892	7
1893	7
1894	7
1895	13
1896	13
1897	13
1898	9
1899	9
1900	9
1901	9
1902	9
1903	9
1904	13
1905	13
1906	3
1907	13
1908	13
1909	13
1910	13
1911	13
1912	13
1913	3
1914	3
1915	13
1916	9
1917	9
1918	9
1919	9
1920	9
1921	9
1922	9
1923	9
1924	13
1925	13
1926	13
1927	13
1928	3
1929	13
1930	13
1931	13
1932	3
1933	13
1934	13
1935	3
1936	13
1937	13
1938	13
1939	13
1940	13
1941	13
1942	3
1943	13
1944	13
1945	13
1946	3
1947	13
1948	3
1949	13
1950	13
1951	3
1952	13
1953	13
1954	13
1955	13
1956	13
1957	13
1958	13
1959	13
1960	13
1961	3
1962	13
1963	13
1964	13
1965	13
1966	13
1967	13
1968	13
1969	13
1970	13
1971	13
1972	13
1973	13
1974	13
1975	13
1976	12
1977	12
1978	12
1979	12
1980	12
1981	12
1982	7
1983	12
1984	12
1985	7
1986	12
1987	12
1988	12
1989	12
1990	12
1991	7
1992	12
1993	12
1994	12
1995	7
1996	12
1997	12
1998	12
1999	12
2000	12
2001	12
2002	12
2003	12
2004	12
2005	12
2006	12
2007	12
2008	12
2009	12
2010	12
2011	7
2012	12
2013	12
2014	12
2015	12
2016	12
2017	11
2018	11
2019	11
2020	11
2021	11
2022	11
2023	11
2024	7
2025	11
2026	11
2027	11
2028	11
2029	11
2030	7
2031	7
2032	7
2033	7
2034	7
2035	7
2036	7
2037	7
2038	11
2039	11
2040	11
2041	11
2042	11
2043	11
2044	11
2045	11
2046	7
2047	7
2048	11
2049	11
2050	11
2051	7
2052	7
2053	7
2054	7
2055	7
2056	7
2057	7
2058	12
2059	12
2060	12
2061	12
2062	12
2063	12
2064	12
2065	12
2066	12
2067	12
2068	11
2069	11
2070	11
2071	11
2072	11
2073	11
2074	11
2075	11
2076	11
2077	11
2078	11
2079	11
2080	11
2081	11
2082	11
2083	11
2084	11
2085	11
2086	11
2087	11
2088	11
2089	3
2090	3
2091	3
2092	3
2093	3
2094	3
2095	3
2096	3
2097	3
2098	3
2099	3
2100	3
2101	3
2102	3
2103	3
2104	3
2105	3
2106	3
2107	3
2108	3
2109	3
2110	3
2111	3
2112	3
2113	4
2114	4
2115	6
2116	6
2117	6
2118	4
2119	4
2120	4
2121	6
2122	4
2123	4
2124	11
2125	6
2126	6
2127	6
2128	6
2129	6
2130	4
2131	4
2132	6
2133	4
2134	6
2135	6
2136	4
2137	4
2138	4
2139	4
2140	4
2141	4
2142	4
2143	4
2144	4
2145	4
2146	4
2147	4
2148	4
2149	4
2150	6
2151	6
2152	6
2153	6
2154	4
2155	4
2156	4
2157	4
2158	6
2159	4
2160	6
2161	6
2162	6
2163	6
2164	4
2165	4
2166	6
2167	4
2168	4
2169	6
2170	6
2171	4
2172	6
2173	6
2174	4
2175	4
2176	4
2177	4
2178	6
2179	6
2180	4
2181	4
2182	6
2183	6
2184	6
2185	6
2186	6
2187	6
2188	4
2189	4
2190	6
2191	4
2192	6
2193	6
2194	4
2195	4
2196	4
2197	4
2198	4
2199	4
2200	4
2201	4
2202	4
2203	4
2204	6
2205	6
2206	6
2207	6
2208	4
2209	6
2210	6
2211	4
2212	4
2213	6
2214	6
2215	4
2216	4
2217	6
2218	6
2219	6
2220	6
2221	4
2222	4
2223	4
2224	6
2225	6
2226	6
2227	6
2228	4
2229	4
2230	4
2231	4
2232	6
2233	4
2234	4
2235	6
2236	4
2237	4
2238	4
2239	6
2240	6
2241	4
2242	4
2243	4
2244	4
2245	4
2246	6
2247	4
2248	4
2249	6
2250	6
2251	6
2252	6
2253	4
2254	4
2255	4
2256	4
2257	6
2258	4
2259	6
2260	6
2261	4
2262	6
2263	6
2264	6
2265	6
2266	4
2267	6
2268	4
2269	4
2270	4
2271	6
2272	6
2273	4
2274	6
2275	6
2276	6
2277	4
2278	4
2279	4
2280	6
2281	6
2282	4
2283	4
2284	11
2285	11
2286	4
2287	4
2288	6
2289	6
2290	6
2291	6
2292	6
2293	6
2294	4
2295	6
2296	6
2297	4
2298	4
2299	4
2300	4
2301	6
2302	4
2303	4
2304	4
2305	6
2306	6
2307	6
2308	6
2309	11
2310	11
2311	11
2312	9
2313	9
2314	9
2315	9
2316	9
2317	9
2318	9
2319	9
2320	9
2321	9
2322	9
2323	9
2324	9
2325	9
2326	9
2327	9
2328	9
2329	9
2330	13
2331	13
2332	13
2333	13
2334	13
2335	13
2336	13
2337	13
2338	13
2339	13
2340	13
2341	13
2342	13
2343	13
2344	13
2345	13
2346	5
2347	5
2348	5
2349	5
2350	5
2351	5
2352	5
2353	5
2354	5
2355	5
2356	5
2357	5
2358	5
2359	5
2360	5
2361	5
2362	5
2363	5
2364	5
2365	5
2366	4
2367	4
2368	4
2369	4
2370	4
2371	4
2372	4
2373	4
2374	12
2375	12
2376	4
2377	4
2378	4
2379	4
2380	4
2381	12
2382	4
2383	4
2384	12
2385	12
2386	12
2387	12
2388	12
2389	12
2390	12
2391	12
2392	12
2393	12
2394	12
2395	12
2396	12
2397	12
2398	12
2399	12
2400	4
2401	4
2402	4
2403	12
2404	4
2405	4
2406	12
2407	4
2408	12
2409	4
2410	4
2411	4
2412	12
2413	4
2414	4
2415	9
2416	9
2417	9
2418	9
2419	10
2420	10
2421	10
2422	9
2423	9
2424	9
2425	9
2426	9
2427	10
2428	10
2429	10
2430	10
2431	10
2432	9
2433	9
2434	9
2435	9
2436	9
2437	9
2438	10
2439	10
2440	10
2441	9
2442	9
2443	9
2444	9
2445	9
2446	9
2447	9
2448	9
2449	9
2450	9
2451	9
2452	9
2453	9
2454	9
2455	9
2456	9
2457	9
2458	9
2459	9
2460	10
2461	9
2462	9
2463	9
2464	9
2465	9
2466	9
2467	9
2468	9
2469	9
2470	9
2471	9
2472	9
2473	9
2474	9
2475	9
2476	9
2477	9
2478	9
2479	9
2480	9
2481	9
2482	9
2483	9
2484	9
2485	9
2486	9
2487	9
2488	9
2489	9
2490	9
2491	9
2492	9
2493	9
2494	9
2495	9
2496	10
2497	10
2498	10
2499	10
2500	9
2501	9
2502	9
2503	9
2504	9
2505	9
2506	9
2507	9
2508	10
2509	10
2510	10
2511	9
2512	9
2513	10
2514	10
2515	9
2516	9
2517	10
2518	9
2519	10
2520	9
2521	9
2522	10
2523	10
2524	9
2525	10
2526	9
2527	10
2528	9
2529	10
2530	10
2531	10
2532	10
2533	10
2534	10
2535	10
2536	10
2537	10
2538	10
2539	10
2540	10
2541	10
2542	10
2543	9
2544	10
2545	10
2546	10
2547	10
2548	9
2549	9
2550	10
2551	10
2552	10
2553	10
2554	10
2555	10
2556	10
2557	10
2558	9
2559	9
2560	9
2561	9
2562	10
2563	10
2564	9
2565	10
2566	9
2567	9
2568	10
2569	10
2570	10
2571	10
2572	10
2573	9
2574	10
2575	9
2576	9
2577	9
2578	9
2579	9
2580	9
2581	10
2582	9
2583	9
2584	9
2585	9
2586	9
2587	10
2588	10
2589	10
2590	10
2591	10
2592	10
2593	10
2594	9
2595	9
2596	9
2597	9
2598	9
2599	9
2600	9
2601	10
2602	9
2603	9
2604	10
2605	10
2606	11
2607	11
2608	11
2609	11
2610	11
2611	11
2612	11
2613	11
2614	11
2615	11
2616	11
2617	11
2618	11
2619	11
2620	11
2621	11
2622	11
2623	11
2624	11
2625	11
2626	11
2627	11
2628	11
2629	11
2630	11
2631	11
2632	11
2633	11
2634	11
2635	11
2636	11
2637	11
2638	11
2639	11
2640	1
2641	1
2642	1
2643	1
2644	12
2645	1
2646	1
2647	12
2648	1
2649	1
2650	1
2651	1
2652	1
2653	1
2654	12
2655	12
2656	12
2657	12
2658	12
2659	1
2660	12
2661	12
2662	12
2663	1
2664	12
2665	1
2666	12
2667	1
2668	1
2669	1
2670	12
2671	1
2672	12
2673	1
2674	12
2675	12
2676	1
2677	1
2678	12
2679	1
2680	1
2681	1
2682	1
2683	1
2684	1
2685	1
2686	1
2687	1
2688	13
2689	13
2690	13
2691	13
315	5
1657	8
