0	5
1	5
2	5
3	5
4	5
5	5
6	5
7	3
8	3
9	4
10	4
11	4
12	3
13	3
14	3
15	3
16	4
17	4
18	4
19	4
20	4
21	11
22	11
23	11
24	11
25	11
26	11
27	11
28	11
29	2
30	4
31	2
32	2
33	4
34	2
35	2
36	4
37	2
38	2
39	4
40	2
41	4
42	2
43	4
44	4
45	2
46	2
47	4
48	2
49	2
50	2
51	2
52	2
53	6
54	6
55	6
56	6
57	6
58	2
59	2
60	2
61	2
62	2
63	2
64	2
65	6
66	6
67	6
68	6
69	6
70	6
71	11
72	11
73	11
74	11
75	2
76	2
77	2
78	2
79	2
80	2
81	2
82	2
83	12
84	12
85	12
86	12
87	12
88	12
89	12
90	12
91	12
92	12
93	12
94	12
95	7
96	4
97	3
98	4
99	4
100	3
101	3
102	3
103	4
104	3
105	4
106	4
107	4
108	4
109	4
110	4
111	4
112	3
113	3
114	3
115	3
116	4
117	4
118	3
119	3
120	3
121	4
122	4
123	3
124	4
125	4
126	4
127	4
128	4
129	10
130	10
131	10
132	10
133	10
134	10
135	10
136	10
137	10
138	10
139	10
140	10
141	10
142	10
143	10
144	10
145	10
146	10
147	10
148	10
149	10
150	10
151	10
152	10
153	10
154	10
155	10
156	10
157	10
158	10
159	10
160	10
161	10
162	10
163	10
164	10
165	10
166	12
167	12
168	12
169	12
170	12
171	12
172	12
173	12
174	12
175	12
176	12
177	12
178	12
179	12
180	12
181	12
182	12
183	2
184	2
185	2
186	2
187	2
188	2
189	2
190	2
191	2
192	2
193	2
194	2
195	2
196	2
197	2
198	2
199	2
200	2
201	2
202	2
203	2
204	2
205	2
206	2
207	2
208	11
209	11
210	11
211	11
212	11
213	11
214	11
215	11
216	11
217	11
218	11
219	11
220	11
221	11
222	11
223	11
224	11
225	11
226	1
227	1
228	1
229	1
230	1
231	1
232	1
233	1
234	1
235	1
236	11
237	11
238	11
239	11
240	11
241	11
242	11
243	11
244	11
245	11
246	11
247	11
248	2
249	2
250	2
251	2
252	2
253	2
254	2
255	2
256	2
257	2
258	2
259	2
260	2
261	1
262	1
263	1
264	1
265	1
266	1
267	1
268	1
269	1
270	1
271	1
272	1
273	1
274	1
275	1
276	1
277	1
278	1
279	1
280	1
281	1
282	1
283	1
284	1
285	1
286	1
287	1
288	1
289	1
290	1
291	1
292	1
293	1
294	1
295	1
296	1
297	1
298	1
299	1
300	1
301	1
302	2
303	2
304	2
305	2
306	8
307	8
308	8
309	8
310	8
311	8
312	8
313	8
314	8
316	4
317	4
318	4
319	4
320	4
321	4
322	4
323	4
324	4
325	4
326	4
327	4
328	4
329	4
330	4
331	11
332	8
333	8
334	11
335	8
336	8
337	4
338	4
339	4
340	8
341	8
342	8
343	8
344	11
345	8
346	11
347	8
348	8
349	8
350	8
351	11
352	11
353	8
354	8
355	8
356	10
357	10
358	10
359	10
360	10
361	10
362	10
363	10
364	10
365	10
366	10
367	10
368	10
369	8
370	8
371	8
372	8
373	8
374	8
375	8
376	8
377	11
378	8
379	8
380	8
381	8
382	11
383	8
384	8
385	8
386	8
387	8
388	8
389	4
390	4
391	4
392	4
393	4
394	8
395	8
396	8
397	8
398	4
399	4
400	4
401	4
402	4
403	11
404	11
405	11
406	11
407	11
408	11
409	5
410	5
411	5
412	5
413	5
414	5
415	5
416	5
417	5
418	5
419	5
420	5
421	5
422	5
423	5
424	5
425	12
426	12
427	12
428	12
429	12
430	12
431	12
432	12
433	5
434	5
435	5
436	5
437	5
438	5
439	5
440	5
441	5
442	5
443	5
444	5
445	5
446	12
447	12
448	12
449	12
450	12
451	5
452	5
453	5
454	12
455	12
456	12
457	5
458	5
459	5
460	5
461	5
462	5
463	12
464	12
465	12
466	12
467	12
468	12
469	12
470	12
471	12
472	12
473	5
474	5
475	1
476	1
477	10
478	10
479	10
480	10
481	10
482	10
483	10
484	11
485	11
486	10
487	10
488	10
489	1
490	1
491	1
492	1
493	1
494	1
495	10
496	10
497	10
498	11
499	10
500	10
501	10
502	11
503	10
504	10
505	10
506	11
507	11
508	11
509	11
510	11
511	11
512	11
513	11
514	11
515	11
516	11
517	11
518	11
519	11
520	11
521	11
522	7
523	7
524	7
525	7
526	5
527	5
528	7
529	7
530	7
531	7
532	7
533	7
534	7
535	7
536	7
537	7
538	5
539	5
540	5
541	5
542	5
543	5
544	5
545	5
546	5
547	5
548	5
549	5
550	5
551	5
552	5
553	5
554	5
555	5
556	2
557	5
558	5
559	11
560	11
561	11
562	11
563	11
564	11
565	2
566	5
567	5
568	5
569	5
570	3
571	3
572	3
573	3
574	3
575	3
576	3
577	3
578	3
579	3
580	3
581	5
582	5
583	5
584	5
585	2
586	5
587	1
588	1
589	1
590	1
591	1
592	11
593	11
594	1
595	11
596	1
597	11
598	1
599	11
600	11
601	11
602	11
603	2
604	2
605	2
606	2
607	2
608	2
609	2
610	2
611	2
612	2
613	2
614	2
615	2
616	2
617	1
618	1
619	11
620	1
621	1
622	1
623	1
624	1
625	1
626	1
627	1
628	11
629	11
630	11
631	11
632	1
633	1
634	1
635	1
636	1
637	1
638	1
639	2
640	2
641	2
642	2
643	2
644	2
645	2
646	2
647	2
648	2
649	2
650	2
651	2
652	2
653	2
654	2
655	2
656	2
657	10
658	10
659	10
660	10
661	5
662	5
663	5
664	5
665	5
666	5
667	5
668	5
669	5
670	10
671	10
672	10
673	10
674	10
675	10
676	10
677	10
678	10
679	10
680	5
681	5
682	5
683	5
684	5
685	5
686	5
687	5
688	5
689	5
690	5
691	5
692	5
693	5
694	5
695	5
696	5
697	10
698	10
699	10
700	1
701	10
702	10
703	1
704	10
705	10
706	10
707	1
708	10
709	10
710	10
711	10
712	10
713	1
714	5
715	5
716	1
717	1
718	10
719	10
720	10
721	11
722	11
723	1
724	11
725	11
726	11
727	11
728	11
729	11
730	11
731	11
732	4
733	4
734	4
735	4
736	4
737	10
738	12
739	12
740	10
741	12
742	12
743	10
744	10
745	4
746	4
747	4
748	4
749	4
750	4
751	4
752	4
753	4
754	4
755	4
756	4
757	4
758	4
759	4
760	4
761	4
762	4
763	4
764	4
765	4
766	10
767	12
768	10
769	12
770	4
771	4
772	10
773	10
774	10
775	12
776	10
777	10
778	10
779	10
780	10
781	10
782	10
783	10
784	10
785	11
786	10
787	10
788	10
789	10
790	10
791	11
792	11
793	11
794	11
795	11
796	11
797	11
798	11
799	11
800	11
801	10
802	10
803	10
804	10
805	11
806	11
807	11
808	10
809	10
810	10
811	6
812	6
813	6
814	6
815	6
816	6
817	6
818	6
819	6
820	6
821	6
822	6
823	6
824	6
825	6
826	6
827	6
828	6
829	7
830	6
831	6
832	6
833	6
834	6
835	6
836	6
837	6
838	6
839	6
840	6
841	6
842	6
843	6
844	6
845	6
846	6
847	7
848	6
849	6
850	6
851	6
852	6
853	6
854	6
855	6
856	7
857	6
858	2
859	2
860	2
861	2
862	2
863	2
864	2
865	2
866	2
867	2
868	2
869	2
870	2
871	6
872	6
873	6
874	6
875	6
876	6
877	6
878	6
879	6
880	6
881	6
882	6
883	6
884	6
885	6
886	6
887	6
888	6
889	6
890	6
891	6
892	7
893	6
894	6
895	6
896	6
897	6
898	6
899	6
900	6
901	6
902	6
903	6
904	6
905	6
906	6
907	6
908	6
909	6
910	6
911	6
912	7
913	6
914	6
915	6
916	6
917	6
918	6
919	6
920	6
921	6
922	6
923	7
924	6
925	6
926	6
927	6
928	6
929	6
930	6
931	6
932	6
933	6
934	6
935	6
936	6
937	6
938	6
939	6
940	6
941	6
942	6
943	6
944	6
945	7
946	6
947	6
948	6
949	6
950	6
951	6
952	6
953	6
954	7
955	7
956	7
957	6
958	6
959	6
960	6
961	6
962	6
963	6
964	6
965	6
966	6
967	6
968	6
969	6
970	6
971	6
972	6
973	6
974	6
975	7
976	6
977	6
978	6
979	6
980	6
981	6
982	7
983	7
984	7
985	10
986	10
987	10
988	10
989	10
990	10
991	10
992	10
993	10
994	10
995	10
996	10
997	10
998	10
999	10
1000	10
1001	10
1002	10
1003	10
1004	10
1005	10
1006	10
1007	4
1008	7
1009	10
1010	7
1011	7
1012	7
1013	7
1014	7
1015	7
1016	7
1017	7
1018	7
1019	7
1020	4
1021	4
1022	4
1023	7
1024	7
1025	4
1026	4
1027	7
1028	7
1029	7
1030	7
1031	7
1032	7
1033	7
1034	4
1035	4
1036	4
1037	4
1038	4
1039	7
1040	7
1041	4
1042	7
1043	4
1044	7
1045	7
1046	4
1047	4
1048	7
1049	7
1050	4
1051	7
1052	7
1053	4
1054	4
1055	4
1056	4
1057	4
1058	4
1059	7
1060	4
1061	4
1062	7
1063	4
1064	4
1065	4
1066	4
1067	4
1068	4
1069	7
1070	4
1071	7
1072	7
1073	4
1074	4
1075	2
1076	2
1077	2
1078	2
1079	2
1080	2
1081	2
1082	2
1083	2
1084	2
1085	2
1086	2
1087	1
1088	1
1089	1
1090	1
1091	1
1092	1
1093	1
1094	11
1095	11
1096	11
1097	11
1098	11
1099	11
1100	11
1101	11
1102	11
1103	11
1104	11
1105	11
1106	11
1107	8
1108	8
1109	8
1110	8
1111	8
1112	8
1113	8
1114	8
1115	8
1116	8
1117	8
1118	8
1119	8
1120	8
1121	8
1122	8
1123	8
1124	8
1125	8
1126	8
1127	8
1128	8
1129	8
1130	8
1131	8
1132	8
1133	8
1134	8
1135	8
1136	6
1137	8
1138	8
1139	8
1140	8
1141	8
1142	8
1143	8
1144	8
1145	8
1146	8
1147	8
1148	8
1149	8
1150	8
1151	8
1152	8
1153	8
1154	11
1155	11
1156	11
1157	11
1158	11
1159	11
1160	11
1161	11
1162	11
1163	11
1164	11
1165	11
1166	11
1167	11
1168	11
1169	7
1170	7
1171	7
1172	7
1173	7
1174	4
1175	4
1176	7
1177	7
1178	7
1179	7
1180	7
1181	7
1182	7
1183	7
1184	7
1185	7
1186	7
1187	7
1188	7
1189	7
1190	7
1191	4
1192	7
1193	7
1194	7
1195	7
1196	4
1197	7
1198	7
1199	7
1200	7
1201	7
1202	7
1203	7
1204	7
1205	7
1206	7
1207	7
1208	7
1209	7
1210	7
1211	7
1212	7
1213	7
1214	7
1215	7
1216	7
1217	7
1218	7
1219	7
1220	7
1221	7
1222	7
1223	7
1224	7
1225	7
1226	7
1227	7
1228	7
1229	7
1230	7
1231	7
1232	7
1233	7
1234	7
1235	7
1236	7
1237	7
1238	7
1239	7
1240	1
1241	1
1242	1
1243	1
1244	1
1245	1
1246	1
1247	1
1248	1
1249	1
1250	1
1251	1
1252	1
1253	2
1254	4
1255	2
1256	4
1257	4
1258	1
1259	1
1260	1
1261	1
1262	1
1263	1
1264	4
1265	4
1266	2
1267	2
1268	2
1269	4
1270	2
1271	4
1272	2
1273	2
1274	4
1275	4
1276	2
1277	4
1278	11
1279	11
1280	11
1281	1
1282	1
1283	1
1284	4
1285	4
1286	2
1287	4
1288	11
1289	11
1290	11
1291	11
1292	11
1293	11
1294	11
1295	11
1296	11
1297	11
1298	11
1299	11
1300	11
1301	11
1302	11
1303	2
1304	2
1305	2
1306	2
1307	2
1308	2
1309	2
1310	2
1311	2
1312	2
1313	2
1314	6
1315	6
1316	6
1317	6
1318	6
1319	6
1320	6
1321	6
1322	6
1323	6
1324	6
1325	6
1326	6
1327	8
1328	6
1329	6
1330	6
1331	8
1332	8
1333	6
1334	6
1335	6
1336	8
1337	8
1338	6
1339	6
1340	6
1341	6
1342	6
1343	6
1344	8
1345	6
1346	2
1347	2
1348	2
1349	2
1350	2
1351	2
1352	2
1353	2
1354	2
1355	2
1356	2
1357	2
1358	2
1359	2
1360	2
1361	2
1362	2
1363	8
1364	8
1365	8
1366	8
1367	8
1368	8
1369	8
1370	8
1371	8
1372	8
1373	8
1374	8
1375	8
1376	8
1377	8
1378	8
1379	8
1380	8
1381	11
1382	11
1383	11
1384	11
1385	11
1386	11
1387	11
1388	11
1389	11
1390	11
1391	11
1392	11
1393	11
1394	11
1395	11
1396	11
1397	5
1398	2
1399	2
1400	2
1401	2
1402	2
1403	2
1404	5
1405	2
1406	2
1407	2
1408	2
1409	2
1410	2
1411	2
1412	2
1413	2
1414	2
1415	2
1416	2
1417	2
1418	5
1419	2
1420	5
1421	2
1422	5
1423	2
1424	2
1425	5
1426	5
1427	2
1428	3
1429	3
1430	3
1431	3
1432	3
1433	3
1434	3
1435	3
1436	3
1437	3
1438	3
1439	3
1440	3
1441	4
1442	4
1443	4
1444	4
1445	4
1446	4
1447	4
1448	4
1449	4
1450	4
1451	4
1452	4
1453	4
1454	4
1455	3
1456	3
1457	3
1458	3
1459	3
1460	3
1461	3
1462	3
1463	3
1464	3
1465	11
1466	11
1467	11
1468	11
1469	11
1470	11
1471	11
1472	11
1473	11
1474	11
1475	11
1476	11
1477	11
1478	11
1479	11
1480	11
1481	11
1482	11
1483	11
1484	11
1485	11
1486	11
1487	11
1488	11
1489	4
1490	4
1491	4
1492	4
1493	4
1494	4
1495	4
1496	4
1497	4
1498	4
1499	4
1500	4
1501	5
1502	5
1503	5
1504	5
1505	5
1506	5
1507	5
1508	5
1509	5
1510	5
1511	5
1512	5
1513	5
1514	5
1515	5
1516	5
1517	5
1518	5
1519	5
1520	5
1521	5
1522	5
1523	5
1524	5
1525	5
1526	5
1527	5
1528	5
1529	12
1530	12
1531	12
1532	12
1533	12
1534	12
1535	12
1536	12
1537	12
1538	12
1539	12
1540	12
1541	12
1542	12
1543	12
1544	12
1545	12
1546	12
1547	12
1548	12
1549	12
1550	12
1551	12
1552	12
1553	7
1554	7
1555	7
1556	7
1557	7
1558	7
1559	7
1560	7
1561	7
1562	7
1563	7
1564	7
1565	7
1566	7
1567	7
1568	7
1569	7
1570	7
1571	7
1572	7
1573	7
1574	7
1575	7
1576	4
1577	4
1578	4
1579	4
1580	4
1581	4
1582	4
1583	4
1584	4
1585	4
1586	4
1587	4
1588	4
1589	4
1590	4
1591	4
1592	4
1593	2
1594	2
1595	2
1596	2
1597	2
1598	2
1599	2
1600	2
1601	2
1602	3
1603	7
1604	7
1605	3
1606	3
1607	7
1608	7
1609	7
1610	7
1611	7
1612	7
1613	7
1614	7
1615	3
1616	3
1617	7
1618	11
1619	11
1620	11
1621	11
1622	11
1623	11
1624	11
1625	11
1626	11
1627	11
1628	11
1629	7
1630	7
1631	7
1632	4
1633	7
1634	7
1635	7
1636	7
1637	7
1638	7
1639	7
1640	7
1641	7
1642	7
1643	7
1644	11
1645	11
1646	11
1647	11
1648	11
1649	7
1650	7
1651	7
1652	7
1653	7
1654	7
1655	7
1656	7
1658	7
1659	7
1660	7
1661	7
1662	7
1663	7
1664	7
1665	7
1666	7
1667	4
1668	4
1669	7
1670	7
1671	7
1672	7
1673	11
1674	7
1675	7
1676	7
1677	11
1678	1
1679	1
1680	1
1681	1
1682	1
1683	1
1684	1
1685	4
1686	4
1687	4
1688	4
1689	4
1690	4
1691	4
1692	4
1693	4
1694	4
1695	4
1696	4
1697	4
1698	4
1699	4
1700	4
1701	4
1702	4
1703	3
1704	3
1705	4
1706	4
1707	4
1708	4
1709	4
1710	4
1711	4
1712	4
1713	11
1714	11
1715	11
1716	11
1717	11
1718	11
1719	11
1720	11
1721	11
1722	11
1723	11
1724	11
1725	4
1726	4
1727	4
1728	11
1729	4
1730	4
1731	4
1732	4
1733	4
1734	4
1735	4
1736	4
1737	4
1738	4
1739	4
1740	4
1741	4
1742	5
1743	5
1744	5
1745	5
1746	5
1747	5
1748	5
1749	5
1750	5
1751	5
1752	5
1753	5
1754	5
1755	5
1756	5
1757	11
1758	11
1759	11
1760	11
1761	5
1762	5
1763	5
1764	9
1765	5
1766	5
1767	9
1768	5
1769	5
1770	5
1771	5
1772	5
1773	5
1774	11
1775	11
1776	11
1777	11
1778	11
1779	11
1780	11
1781	11
1782	11
1783	11
1784	11
1785	11
1786	11
1787	5
1788	5
1789	5
1790	5
1791	5
1792	5
1793	5
1794	5
1795	11
1796	11
1797	11
1798	11
1799	5
1800	5
1801	5
1802	5
1803	5
1804	5
1805	5
1806	5
1807	5
1808	5
1809	3
1810	3
1811	3
1812	3
1813	3
1814	3
1815	3
1816	3
1817	3
1818	3
1819	3
1820	3
1821	3
1822	3
1823	3
1824	3
1825	3
1826	3
1827	3
1828	3
1829	3
1830	1
1831	1
1832	1
1833	1
1834	1
1835	3
1836	3
1837	1
1838	3
1839	3
1840	8
1841	8
1842	8
1843	8
1844	8
1845	3
1846	3
1847	3
1848	3
1849	3
1850	3
1851	3
1852	3
1853	3
1854	3
1855	3
1856	3
1857	11
1858	11
1859	11
1860	11
1861	11
1862	11
1863	3
1864	3
1865	3
1866	3
1867	3
1868	3
1869	3
1870	3
1871	3
1872	1
1873	1
1874	1
1875	1
1876	1
1877	1
1878	1
1879	1
1880	1
1881	1
1882	1
1883	1
1884	1
1885	1
1886	1
1887	1
1888	1
1889	1
1890	1
1891	1
1892	1
1893	1
1894	1
1895	2
1896	2
1897	2
1898	8
1899	8
1900	8
1901	8
1902	8
1903	8
1904	2
1905	2
1906	2
1907	2
1908	2
1909	2
1910	2
1911	2
1912	2
1913	2
1914	2
1915	2
1916	8
1917	8
1918	8
1919	8
1920	8
1921	8
1922	8
1923	8
1924	2
1925	2
1926	2
1927	2
1928	2
1929	2
1930	2
1931	2
1932	2
1933	2
1934	2
1935	2
1936	2
1937	2
1938	2
1939	2
1940	2
1941	2
1942	2
1943	2
1944	2
1945	2
1946	2
1947	2
1948	2
1949	2
1950	2
1951	2
1952	2
1953	2
1954	2
1955	2
1956	2
1957	2
1958	2
1959	2
1960	2
1961	2
1962	2
1963	2
1964	2
1965	2
1966	2
1967	2
1968	2
1969	2
1970	2
1971	2
1972	2
1973	2
1974	2
1975	2
1976	12
1977	12
1978	12
1979	12
1980	12
1981	12
1982	12
1983	12
1984	12
1985	12
1986	12
1987	12
1988	12
1989	12
1990	12
1991	12
1992	12
1993	12
1994	12
1995	12
1996	12
1997	12
1998	12
1999	12
2000	12
2001	12
2002	12
2003	12
2004	12
2005	12
2006	12
2007	12
2008	12
2009	12
2010	12
2011	12
2012	12
2013	12
2014	12
2015	12
2016	12
2017	1
2018	1
2019	1
2020	1
2021	1
2022	1
2023	1
2024	10
2025	1
2026	1
2027	1
2028	1
2029	1
2030	10
2031	10
2032	12
2033	10
2034	10
2035	10
2036	10
2037	10
2038	11
2039	11
2040	11
2041	11
2042	11
2043	1
2044	1
2045	1
2046	10
2047	10
2048	11
2049	11
2050	1
2051	10
2052	10
2053	10
2054	10
2055	10
2056	10
2057	10
2058	7
2059	7
2060	7
2061	7
2062	7
2063	7
2064	7
2065	7
2066	7
2067	7
2068	1
2069	1
2070	1
2071	1
2072	1
2073	1
2074	1
2075	1
2076	1
2077	1
2078	1
2079	1
2080	1
2081	1
2082	1
2083	1
2084	1
2085	1
2086	1
2087	1
2088	1
2089	4
2090	4
2091	4
2092	4
2093	4
2094	4
2095	4
2096	5
2097	5
2098	5
2099	5
2100	5
2101	5
2102	5
2103	5
2104	5
2105	5
2106	5
2107	5
2108	5
2109	5
2110	5
2111	5
2112	5
2113	9
2114	9
2115	9
2116	9
2117	9
2118	3
2119	9
2120	9
2121	9
2122	9
2123	3
2124	1
2125	9
2126	9
2127	9
2128	9
2129	9
2130	9
2131	9
2132	9
2133	3
2134	9
2135	9
2136	9
2137	3
2138	3
2139	9
2140	3
2141	9
2142	9
2143	9
2144	9
2145	9
2146	3
2147	9
2148	9
2149	9
2150	9
2151	9
2152	9
2153	9
2154	9
2155	9
2156	9
2157	9
2158	9
2159	9
2160	9
2161	9
2162	9
2163	9
2164	9
2165	3
2166	9
2167	9
2168	9
2169	9
2170	9
2171	9
2172	9
2173	9
2174	9
2175	9
2176	3
2177	3
2178	9
2179	9
2180	3
2181	3
2182	9
2183	9
2184	9
2185	9
2186	9
2187	9
2188	9
2189	9
2190	9
2191	9
2192	9
2193	9
2194	9
2195	9
2196	3
2197	9
2198	9
2199	3
2200	9
2201	9
2202	9
2203	9
2204	9
2205	9
2206	9
2207	9
2208	9
2209	9
2210	9
2211	9
2212	9
2213	9
2214	9
2215	9
2216	9
2217	9
2218	9
2219	9
2220	9
2221	9
2222	9
2223	3
2224	9
2225	9
2226	9
2227	9
2228	9
2229	9
2230	3
2231	9
2232	9
2233	3
2234	3
2235	9
2236	3
2237	3
2238	3
2239	9
2240	9
2241	9
2242	3
2243	9
2244	9
2245	3
2246	9
2247	3
2248	3
2249	9
2250	9
2251	9
2252	9
2253	9
2254	9
2255	9
2256	3
2257	9
2258	9
2259	9
2260	9
2261	3
2262	9
2263	9
2264	9
2265	9
2266	9
2267	9
2268	9
2269	9
2270	9
2271	9
2272	9
2273	9
2274	9
2275	9
2276	9
2277	3
2278	9
2279	9
2280	9
2281	9
2282	9
2283	3
2284	1
2285	1
2286	9
2287	9
2288	9
2289	9
2290	9
2291	9
2292	9
2293	9
2294	9
2295	9
2296	9
2297	9
2298	3
2299	9
2300	3
2301	9
2302	3
2303	9
2304	3
2305	9
2306	9
2307	9
2308	9
2309	1
2310	1
2311	1
2312	6
2313	6
2314	6
2315	6
2316	6
2317	6
2318	6
2319	6
2320	6
2321	6
2322	6
2323	6
2324	6
2325	6
2326	6
2327	6
2328	6
2329	6
2330	2
2331	2
2332	2
2333	2
2334	2
2335	2
2336	2
2337	2
2338	2
2339	2
2340	2
2341	2
2342	2
2343	2
2344	2
2345	2
2346	6
2347	6
2348	6
2349	6
2350	6
2351	6
2352	6
2353	6
2354	6
2355	6
2356	6
2357	6
2358	6
2359	6
2360	6
2361	6
2362	6
2363	6
2364	6
2365	6
2366	3
2367	3
2368	3
2369	3
2370	3
2371	3
2372	3
2373	3
2374	3
2375	3
2376	3
2377	3
2378	3
2379	3
2380	3
2381	3
2382	3
2383	3
2384	3
2385	3
2386	3
2387	3
2388	3
2389	3
2390	3
2391	3
2392	3
2393	3
2394	3
2395	3
2396	3
2397	3
2398	3
2399	3
2400	3
2401	3
2402	3
2403	3
2404	3
2405	3
2406	3
2407	3
2408	3
2409	3
2410	3
2411	3
2412	3
2413	3
2414	3
2415	8
2416	8
2417	8
2418	8
2419	13
2420	13
2421	13
2422	13
2423	13
2424	13
2425	8
2426	13
2427	13
2428	13
2429	13
2430	13
2431	13
2432	13
2433	13
2434	13
2435	13
2436	13
2437	13
2438	13
2439	13
2440	13
2441	13
2442	13
2443	13
2444	13
2445	13
2446	13
2447	13
2448	13
2449	13
2450	13
2451	13
2452	13
2453	13
2454	8
2455	8
2456	8
2457	13
2458	13
2459	13
2460	13
2461	13
2462	13
2463	13
2464	13
2465	13
2466	13
2467	13
2468	13
2469	13
2470	13
2471	13
2472	13
2473	13
2474	13
2475	13
2476	13
2477	13
2478	13
2479	13
2480	13
2481	13
2482	13
2483	13
2484	13
2485	13
2486	13
2487	8
2488	13
2489	13
2490	13
2491	13
2492	13
2493	13
2494	8
2495	13
2496	13
2497	13
2498	13
2499	8
2500	13
2501	13
2502	8
2503	8
2504	8
2505	8
2506	8
2507	8
2508	13
2509	13
2510	13
2511	8
2512	8
2513	13
2514	8
2515	13
2516	13
2517	13
2518	13
2519	13
2520	13
2521	13
2522	13
2523	13
2524	13
2525	13
2526	13
2527	13
2528	13
2529	13
2530	13
2531	13
2532	13
2533	13
2534	13
2535	13
2536	13
2537	13
2538	13
2539	13
2540	13
2541	13
2542	13
2543	13
2544	13
2545	13
2546	13
2547	13
2548	13
2549	13
2550	13
2551	13
2552	13
2553	13
2554	13
2555	13
2556	13
2557	13
2558	8
2559	8
2560	8
2561	8
2562	13
2563	13
2564	13
2565	13
2566	13
2567	13
2568	13
2569	13
2570	13
2571	13
2572	13
2573	8
2574	13
2575	13
2576	13
2577	13
2578	13
2579	13
2580	13
2581	13
2582	13
2583	13
2584	13
2585	13
2586	13
2587	13
2588	13
2589	13
2590	13
2591	13
2592	13
2593	13
2594	8
2595	8
2596	8
2597	8
2598	8
2599	8
2600	13
2601	13
2602	13
2603	13
2604	13
2605	13
2606	1
2607	1
2608	1
2609	1
2610	1
2611	1
2612	1
2613	1
2614	1
2615	1
2616	1
2617	1
2618	1
2619	1
2620	1
2621	1
2622	1
2623	1
2624	1
2625	1
2626	1
2627	1
2628	1
2629	1
2630	1
2631	1
2632	1
2633	1
2634	1
2635	1
2636	1
2637	1
2638	1
2639	1
2640	12
2641	12
2642	12
2643	12
2644	12
2645	12
2646	12
2647	12
2648	12
2649	12
2650	12
2651	12
2652	12
2653	12
2654	12
2655	12
2656	12
2657	12
2658	12
2659	12
2660	12
2661	12
2662	12
2663	12
2664	12
2665	12
2666	12
2667	12
2668	12
2669	12
2670	10
2671	12
2672	12
2673	12
2674	12
2675	12
2676	12
2677	12
2678	10
2679	12
2680	12
2681	12
2682	12
2683	12
2684	12
2685	12
2686	12
2687	12
2688	2
2689	2
2690	2
2691	2
315	4
1657	7
