0	13
1	13
2	13
3	13
4	13
5	13
6	13
7	9
8	9
9	9
10	9
11	11
12	9
13	9
14	9
15	9
16	11
17	11
18	11
19	13
20	13
21	10
22	10
23	10
24	10
25	10
26	10
27	10
28	10
29	5
30	5
31	5
32	5
33	5
34	5
35	5
36	5
37	5
38	5
39	5
40	5
41	5
42	5
43	5
44	5
45	5
46	5
47	5
48	5
49	5
50	5
51	5
52	5
53	4
54	4
55	4
56	4
57	4
58	5
59	5
60	5
61	5
62	5
63	5
64	5
65	4
66	4
67	4
68	4
69	4
70	4
71	10
72	10
73	10
74	10
75	5
76	5
77	5
78	5
79	5
80	5
81	5
82	5
83	6
84	6
85	6
86	6
87	6
88	6
89	6
90	6
91	6
92	6
93	6
94	6
95	6
96	11
97	9
98	11
99	11
100	9
101	9
102	9
103	11
104	9
105	11
106	9
107	9
108	11
109	9
110	9
111	9
112	9
113	9
114	9
115	9
116	9
117	9
118	9
119	9
120	9
121	9
122	11
123	9
124	11
125	11
126	9
127	11
128	9
129	3
130	3
131	3
132	3
133	3
134	3
135	3
136	3
137	3
138	3
139	3
140	3
141	3
142	3
143	3
144	3
145	3
146	3
147	3
148	3
149	3
150	3
151	3
152	3
153	3
154	3
155	3
156	3
157	3
158	3
159	8
160	3
161	8
162	3
163	3
164	3
165	3
166	6
167	6
168	6
169	3
170	6
171	6
172	6
173	6
174	3
175	3
176	3
177	6
178	3
179	6
180	6
181	3
182	3
183	5
184	5
185	5
186	5
187	5
188	5
189	5
190	5
191	5
192	5
193	5
194	5
195	5
196	5
197	5
198	5
199	5
200	5
201	5
202	5
203	5
204	5
205	5
206	5
207	5
208	7
209	7
210	7
211	10
212	7
213	7
214	7
215	7
216	7
217	7
218	7
219	10
220	7
221	7
222	7
223	7
224	7
225	7
226	10
227	10
228	10
229	10
230	10
231	10
232	10
233	10
234	10
235	10
236	7
237	7
238	7
239	7
240	7
241	7
242	7
243	7
244	7
245	7
246	10
247	10
248	5
249	5
250	5
251	5
252	5
253	5
254	5
255	5
256	5
257	5
258	5
259	5
260	5
261	10
262	10
263	10
264	10
265	10
266	10
267	10
268	12
269	12
270	12
271	10
272	10
273	10
274	10
275	10
276	10
277	10
278	12
279	12
280	12
281	12
282	12
283	12
284	12
285	12
286	12
287	12
288	12
289	12
290	12
291	12
292	12
293	12
294	12
295	12
296	12
297	12
298	12
299	12
300	12
301	12
302	5
303	5
304	5
305	5
306	7
307	7
308	7
309	7
310	7
311	7
312	7
313	7
314	7
316	4
317	4
318	4
319	4
320	4
321	4
322	4
323	4
324	4
325	4
326	4
327	4
328	4
329	4
330	4
331	7
332	7
333	7
334	7
335	7
336	7
337	4
338	4
339	4
340	7
341	7
342	7
343	7
344	7
345	8
346	7
347	7
348	7
349	7
350	7
351	7
352	7
353	7
354	7
355	7
356	3
357	3
358	3
359	3
360	3
361	3
362	3
363	3
364	3
365	3
366	3
367	3
368	3
369	7
370	7
371	7
372	7
373	7
374	7
375	7
376	7
377	7
378	7
379	7
380	7
381	7
382	7
383	7
384	7
385	7
386	7
387	7
388	7
389	4
390	4
391	4
392	4
393	4
394	7
395	7
396	7
397	7
398	4
399	4
400	4
401	4
402	4
403	7
404	7
405	7
406	10
407	10
408	10
409	13
410	13
411	13
412	13
413	13
414	13
415	13
416	13
417	13
418	13
419	13
420	13
421	13
422	13
423	13
424	13
425	6
426	6
427	6
428	6
429	6
430	6
431	6
432	6
433	13
434	13
435	13
436	13
437	13
438	13
439	13
440	13
441	13
442	13
443	13
444	13
445	13
446	6
447	6
448	6
449	6
450	6
451	13
452	13
453	13
454	6
455	6
456	6
457	13
458	13
459	13
460	13
461	13
462	13
463	6
464	6
465	6
466	6
467	6
468	6
469	6
470	6
471	6
472	6
473	13
474	13
475	12
476	12
477	3
478	3
479	3
480	3
481	3
482	3
483	3
484	7
485	7
486	3
487	3
488	3
489	12
490	12
491	12
492	12
493	12
494	12
495	3
496	3
497	3
498	7
499	3
500	3
501	3
502	7
503	3
504	3
505	3
506	10
507	10
508	7
509	7
510	7
511	7
512	7
513	10
514	10
515	7
516	10
517	10
518	10
519	10
520	7
521	7
522	9
523	9
524	9
525	9
526	5
527	5
528	9
529	9
530	9
531	9
532	9
533	9
534	9
535	9
536	9
537	9
538	5
539	5
540	5
541	5
542	5
543	5
544	5
545	5
546	5
547	5
548	5
549	5
550	5
551	5
552	5
553	5
554	5
555	5
556	5
557	5
558	5
559	10
560	10
561	10
562	10
563	10
564	10
565	5
566	5
567	5
568	5
569	5
570	1
571	1
572	1
573	1
574	1
575	1
576	1
577	1
578	1
579	1
580	1
581	5
582	5
583	5
584	5
585	5
586	5
587	12
588	10
589	10
590	10
591	10
592	10
593	10
594	12
595	10
596	12
597	10
598	12
599	10
600	10
601	10
602	10
603	5
604	5
605	5
606	5
607	5
608	5
609	5
610	5
611	5
612	5
613	5
614	5
615	5
616	5
617	10
618	12
619	10
620	12
621	12
622	12
623	12
624	12
625	12
626	12
627	12
628	10
629	10
630	10
631	10
632	12
633	12
634	12
635	10
636	12
637	12
638	12
639	5
640	5
641	5
642	5
643	5
644	5
645	5
646	5
647	5
648	5
649	5
650	5
651	5
652	5
653	5
654	5
655	5
656	5
657	12
658	12
659	12
660	12
661	13
662	13
663	13
664	13
665	13
666	13
667	13
668	13
669	13
670	3
671	3
672	3
673	3
674	3
675	3
676	3
677	3
678	3
679	3
680	13
681	13
682	13
683	13
684	13
685	13
686	13
687	13
688	13
689	13
690	13
691	13
692	13
693	13
694	13
695	13
696	13
697	3
698	3
699	3
700	3
701	3
702	3
703	3
704	3
705	3
706	3
707	3
708	3
709	3
710	3
711	3
712	3
713	3
714	13
715	13
716	10
717	10
718	3
719	3
720	3
721	10
722	10
723	10
724	10
725	10
726	10
727	10
728	10
729	10
730	10
731	10
732	4
733	4
734	4
735	4
736	4
737	12
738	6
739	6
740	12
741	6
742	6
743	12
744	12
745	4
746	4
747	4
748	4
749	4
750	4
751	4
752	4
753	4
754	4
755	4
756	4
757	4
758	4
759	4
760	4
761	4
762	4
763	4
764	4
765	4
766	12
767	6
768	12
769	6
770	4
771	4
772	12
773	12
774	12
775	6
776	12
777	12
778	12
779	12
780	12
781	12
782	12
783	12
784	6
785	7
786	12
787	12
788	12
789	12
790	12
791	7
792	7
793	7
794	7
795	7
796	7
797	7
798	7
799	7
800	7
801	12
802	12
803	12
804	12
805	7
806	7
807	7
808	12
809	12
810	12
811	4
812	11
813	4
814	4
815	4
816	4
817	4
818	11
819	11
820	11
821	4
822	4
823	4
824	4
825	4
826	4
827	4
828	4
829	11
830	4
831	4
832	4
833	4
834	4
835	4
836	4
837	4
838	4
839	4
840	4
841	4
842	4
843	4
844	4
845	4
846	4
847	11
848	11
849	4
850	11
851	11
852	4
853	4
854	4
855	4
856	11
857	11
858	5
859	5
860	5
861	5
862	5
863	5
864	5
865	5
866	5
867	5
868	5
869	5
870	5
871	4
872	4
873	4
874	4
875	4
876	4
877	4
878	4
879	4
880	4
881	4
882	4
883	4
884	4
885	4
886	4
887	4
888	11
889	4
890	4
891	4
892	11
893	4
894	4
895	4
896	4
897	4
898	4
899	11
900	11
901	11
902	4
903	4
904	4
905	4
906	4
907	4
908	11
909	4
910	11
911	11
912	11
913	11
914	4
915	4
916	4
917	4
918	4
919	4
920	11
921	11
922	11
923	11
924	4
925	4
926	4
927	4
928	4
929	4
930	11
931	11
932	11
933	11
934	4
935	4
936	4
937	4
938	4
939	4
940	4
941	4
942	11
943	4
944	11
945	11
946	4
947	4
948	4
949	11
950	4
951	11
952	11
953	4
954	11
955	11
956	11
957	4
958	4
959	4
960	4
961	11
962	11
963	4
964	4
965	4
966	4
967	4
968	4
969	4
970	4
971	4
972	4
973	4
974	11
975	11
976	4
977	4
978	4
979	4
980	4
981	4
982	11
983	11
984	11
985	3
986	3
987	3
988	3
989	3
990	3
991	3
992	3
993	3
994	3
995	3
996	3
997	3
998	3
999	3
1000	3
1001	3
1002	3
1003	3
1004	3
1005	3
1006	3
1007	11
1008	11
1009	3
1010	11
1011	11
1012	11
1013	11
1014	11
1015	11
1016	11
1017	11
1018	11
1019	11
1020	11
1021	11
1022	11
1023	11
1024	11
1025	11
1026	11
1027	11
1028	11
1029	11
1030	11
1031	11
1032	11
1033	11
1034	11
1035	11
1036	11
1037	11
1038	11
1039	11
1040	11
1041	11
1042	11
1043	11
1044	11
1045	11
1046	11
1047	11
1048	11
1049	11
1050	11
1051	11
1052	11
1053	11
1054	11
1055	11
1056	11
1057	11
1058	11
1059	11
1060	11
1061	11
1062	11
1063	11
1064	11
1065	11
1066	11
1067	11
1068	11
1069	11
1070	11
1071	11
1072	11
1073	11
1074	11
1075	5
1076	5
1077	5
1078	5
1079	5
1080	5
1081	5
1082	5
1083	5
1084	5
1085	5
1086	5
1087	12
1088	12
1089	12
1090	12
1091	12
1092	12
1093	12
1094	10
1095	10
1096	10
1097	10
1098	10
1099	10
1100	10
1101	10
1102	10
1103	10
1104	10
1105	10
1106	10
1107	7
1108	7
1109	7
1110	7
1111	7
1112	7
1113	7
1114	7
1115	7
1116	7
1117	7
1118	7
1119	7
1120	7
1121	7
1122	7
1123	7
1124	7
1125	7
1126	7
1127	7
1128	7
1129	7
1130	7
1131	7
1132	7
1133	7
1134	7
1135	7
1136	9
1137	9
1138	9
1139	9
1140	7
1141	7
1142	7
1143	7
1144	7
1145	7
1146	7
1147	7
1148	7
1149	7
1150	7
1151	7
1152	7
1153	7
1154	7
1155	7
1156	7
1157	7
1158	7
1159	7
1160	7
1161	7
1162	7
1163	7
1164	7
1165	7
1166	7
1167	7
1168	7
1169	11
1170	11
1171	11
1172	11
1173	11
1174	11
1175	11
1176	11
1177	11
1178	11
1179	11
1180	11
1181	11
1182	11
1183	11
1184	11
1185	11
1186	11
1187	11
1188	11
1189	11
1190	11
1191	11
1192	11
1193	11
1194	11
1195	11
1196	11
1197	11
1198	11
1199	11
1200	9
1201	9
1202	9
1203	9
1204	9
1205	9
1206	9
1207	9
1208	9
1209	9
1210	9
1211	9
1212	9
1213	9
1214	9
1215	9
1216	9
1217	9
1218	9
1219	9
1220	9
1221	9
1222	9
1223	9
1224	9
1225	9
1226	9
1227	9
1228	9
1229	9
1230	9
1231	9
1232	9
1233	9
1234	9
1235	9
1236	9
1237	9
1238	9
1239	9
1240	10
1241	3
1242	3
1243	10
1244	3
1245	3
1246	3
1247	3
1248	10
1249	10
1250	10
1251	10
1252	10
1253	13
1254	13
1255	13
1256	13
1257	13
1258	10
1259	10
1260	10
1261	10
1262	3
1263	3
1264	13
1265	13
1266	13
1267	13
1268	13
1269	13
1270	13
1271	13
1272	13
1273	13
1274	13
1275	13
1276	13
1277	13
1278	7
1279	7
1280	7
1281	10
1282	3
1283	3
1284	13
1285	13
1286	13
1287	13
1288	7
1289	7
1290	7
1291	7
1292	10
1293	7
1294	10
1295	10
1296	10
1297	10
1298	7
1299	10
1300	7
1301	10
1302	10
1303	5
1304	5
1305	5
1306	5
1307	5
1308	5
1309	5
1310	5
1311	5
1312	5
1313	5
1314	9
1315	9
1316	9
1317	9
1318	9
1319	9
1320	9
1321	9
1322	9
1323	9
1324	9
1325	9
1326	9
1327	9
1328	9
1329	9
1330	9
1331	9
1332	9
1333	9
1334	9
1335	9
1336	9
1337	9
1338	9
1339	9
1340	9
1341	9
1342	9
1343	9
1344	9
1345	9
1346	5
1347	5
1348	5
1349	5
1350	5
1351	5
1352	5
1353	5
1354	5
1355	5
1356	5
1357	5
1358	5
1359	5
1360	5
1361	5
1362	5
1363	9
1364	9
1365	9
1366	9
1367	9
1368	9
1369	9
1370	9
1371	9
1372	9
1373	9
1374	9
1375	9
1376	9
1377	9
1378	9
1379	9
1380	9
1381	7
1382	7
1383	7
1384	7
1385	7
1386	7
1387	7
1388	7
1389	7
1390	7
1391	7
1392	7
1393	7
1394	7
1395	7
1396	7
1397	13
1398	13
1399	13
1400	13
1401	13
1402	13
1403	13
1404	13
1405	13
1406	13
1407	13
1408	13
1409	13
1410	13
1411	13
1412	13
1413	13
1414	13
1415	13
1416	13
1417	13
1418	13
1419	13
1420	13
1421	13
1422	13
1423	13
1424	13
1425	13
1426	13
1427	13
1428	9
1429	9
1430	9
1431	1
1432	1
1433	9
1434	9
1435	9
1436	9
1437	9
1438	9
1439	9
1440	1
1441	11
1442	11
1443	11
1444	11
1445	11
1446	11
1447	11
1448	11
1449	11
1450	11
1451	11
1452	11
1453	11
1454	11
1455	9
1456	1
1457	9
1458	9
1459	9
1460	1
1461	9
1462	9
1463	9
1464	1
1465	10
1466	10
1467	10
1468	10
1469	10
1470	10
1471	10
1472	10
1473	10
1474	10
1475	10
1476	10
1477	10
1478	10
1479	10
1480	10
1481	10
1482	10
1483	10
1484	10
1485	10
1486	10
1487	10
1488	10
1489	11
1490	11
1491	11
1492	11
1493	11
1494	11
1495	11
1496	11
1497	11
1498	11
1499	11
1500	11
1501	13
1502	13
1503	13
1504	13
1505	13
1506	13
1507	13
1508	13
1509	13
1510	13
1511	13
1512	13
1513	13
1514	13
1515	13
1516	13
1517	13
1518	13
1519	13
1520	13
1521	13
1522	13
1523	13
1524	13
1525	13
1526	13
1527	13
1528	13
1529	6
1530	6
1531	6
1532	6
1533	6
1534	6
1535	6
1536	6
1537	6
1538	6
1539	6
1540	6
1541	6
1542	6
1543	6
1544	6
1545	6
1546	6
1547	6
1548	6
1549	6
1550	6
1551	6
1552	6
1553	6
1554	9
1555	9
1556	9
1557	9
1558	6
1559	6
1560	6
1561	6
1562	9
1563	6
1564	6
1565	6
1566	9
1567	6
1568	6
1569	6
1570	6
1571	6
1572	6
1573	6
1574	6
1575	6
1576	4
1577	4
1578	4
1579	4
1580	4
1581	4
1582	4
1583	4
1584	4
1585	4
1586	4
1587	4
1588	4
1589	4
1590	4
1591	4
1592	4
1593	5
1594	5
1595	5
1596	5
1597	5
1598	5
1599	5
1600	5
1601	5
1602	6
1603	6
1604	6
1605	6
1606	6
1607	6
1608	6
1609	6
1610	6
1611	6
1612	6
1613	6
1614	6
1615	6
1616	6
1617	6
1618	7
1619	7
1620	7
1621	7
1622	7
1623	7
1624	7
1625	7
1626	7
1627	7
1628	7
1629	11
1630	11
1631	9
1632	11
1633	9
1634	9
1635	9
1636	9
1637	9
1638	9
1639	11
1640	9
1641	9
1642	9
1643	9
1644	7
1645	7
1646	7
1647	7
1648	7
1649	9
1650	11
1651	9
1652	11
1653	9
1654	9
1655	9
1656	9
1658	9
1659	11
1660	9
1661	9
1662	9
1663	9
1664	9
1665	9
1666	11
1667	11
1668	11
1669	11
1670	9
1671	9
1672	9
1673	7
1674	9
1675	9
1676	9
1677	7
1678	12
1679	12
1680	12
1681	12
1682	12
1683	12
1684	12
1685	4
1686	4
1687	4
1688	4
1689	4
1690	4
1691	4
1692	4
1693	4
1694	4
1695	4
1696	4
1697	4
1698	4
1699	4
1700	4
1701	13
1702	13
1703	1
1704	1
1705	11
1706	11
1707	11
1708	11
1709	13
1710	11
1711	11
1712	11
1713	10
1714	10
1715	10
1716	10
1717	10
1718	10
1719	10
1720	10
1721	10
1722	10
1723	10
1724	10
1725	11
1726	11
1727	11
1728	10
1729	11
1730	11
1731	11
1732	11
1733	11
1734	11
1735	11
1736	13
1737	13
1738	13
1739	13
1740	13
1741	11
1742	1
1743	1
1744	1
1745	1
1746	13
1747	1
1748	1
1749	1
1750	1
1751	13
1752	13
1753	13
1754	1
1755	13
1756	1
1757	10
1758	10
1759	10
1760	7
1761	13
1762	1
1763	1
1764	1
1765	1
1766	13
1767	1
1768	1
1769	13
1770	13
1771	13
1772	1
1773	13
1774	10
1775	10
1776	7
1777	10
1778	10
1779	10
1780	10
1781	10
1782	10
1783	7
1784	7
1785	10
1786	10
1787	1
1788	1
1789	1
1790	13
1791	1
1792	13
1793	1
1794	1
1795	10
1796	10
1797	10
1798	10
1799	1
1800	13
1801	13
1802	1
1803	1
1804	1
1805	1
1806	1
1807	1
1808	1
1809	1
1810	1
1811	1
1812	1
1813	1
1814	1
1815	1
1816	1
1817	1
1818	1
1819	9
1820	1
1821	1
1822	1
1823	1
1824	1
1825	1
1826	1
1827	1
1828	1
1829	1
1830	10
1831	10
1832	10
1833	10
1834	10
1835	1
1836	1
1837	10
1838	1
1839	1
1840	9
1841	9
1842	9
1843	9
1844	9
1845	1
1846	1
1847	1
1848	1
1849	1
1850	1
1851	1
1852	1
1853	1
1854	1
1855	1
1856	1
1857	10
1858	10
1859	10
1860	10
1861	10
1862	10
1863	1
1864	9
1865	9
1866	9
1867	1
1868	9
1869	1
1870	9
1871	1
1872	12
1873	12
1874	12
1875	12
1876	12
1877	12
1878	12
1879	12
1880	12
1881	12
1882	12
1883	12
1884	12
1885	12
1886	12
1887	12
1888	12
1889	12
1890	12
1891	12
1892	12
1893	12
1894	12
1895	5
1896	5
1897	5
1898	7
1899	7
1900	7
1901	7
1902	7
1903	7
1904	5
1905	5
1906	5
1907	5
1908	5
1909	5
1910	5
1911	5
1912	5
1913	5
1914	5
1915	5
1916	7
1917	7
1918	7
1919	7
1920	7
1921	7
1922	7
1923	7
1924	5
1925	5
1926	5
1927	5
1928	5
1929	5
1930	5
1931	5
1932	5
1933	5
1934	5
1935	5
1936	5
1937	5
1938	5
1939	5
1940	5
1941	5
1942	5
1943	5
1944	5
1945	5
1946	5
1947	5
1948	5
1949	5
1950	5
1951	5
1952	5
1953	5
1954	5
1955	5
1956	5
1957	5
1958	5
1959	5
1960	5
1961	5
1962	5
1963	5
1964	5
1965	5
1966	5
1967	5
1968	5
1969	5
1970	5
1971	5
1972	5
1973	5
1974	5
1975	5
1976	6
1977	6
1978	6
1979	6
1980	6
1981	6
1982	6
1983	6
1984	6
1985	6
1986	6
1987	6
1988	6
1989	6
1990	6
1991	6
1992	6
1993	6
1994	6
1995	6
1996	6
1997	6
1998	6
1999	6
2000	6
2001	6
2002	6
2003	6
2004	6
2005	6
2006	6
2007	6
2008	6
2009	6
2010	6
2011	6
2012	6
2013	6
2014	6
2015	6
2016	6
2017	12
2018	12
2019	12
2020	12
2021	12
2022	12
2023	12
2024	3
2025	12
2026	12
2027	12
2028	12
2029	12
2030	3
2031	3
2032	3
2033	3
2034	3
2035	3
2036	3
2037	12
2038	10
2039	10
2040	10
2041	10
2042	10
2043	12
2044	12
2045	12
2046	3
2047	3
2048	10
2049	10
2050	12
2051	3
2052	3
2053	12
2054	12
2055	3
2056	12
2057	3
2058	6
2059	6
2060	6
2061	6
2062	6
2063	6
2064	6
2065	6
2066	6
2067	6
2068	12
2069	12
2070	12
2071	12
2072	12
2073	12
2074	12
2075	12
2076	12
2077	12
2078	12
2079	12
2080	12
2081	12
2082	12
2083	12
2084	12
2085	12
2086	12
2087	12
2088	12
2089	4
2090	4
2091	4
2092	4
2093	4
2094	4
2095	4
2096	13
2097	13
2098	13
2099	13
2100	13
2101	13
2102	13
2103	13
2104	13
2105	13
2106	13
2107	13
2108	13
2109	13
2110	13
2111	13
2112	13
2113	2
2114	2
2115	2
2116	2
2117	2
2118	2
2119	2
2120	2
2121	2
2122	2
2123	2
2124	12
2125	2
2126	2
2127	2
2128	2
2129	2
2130	2
2131	2
2132	2
2133	2
2134	2
2135	2
2136	2
2137	2
2138	2
2139	2
2140	1
2141	2
2142	2
2143	2
2144	2
2145	2
2146	2
2147	2
2148	2
2149	2
2150	2
2151	1
2152	1
2153	1
2154	2
2155	2
2156	2
2157	2
2158	2
2159	2
2160	2
2161	2
2162	1
2163	1
2164	1
2165	1
2166	2
2167	2
2168	2
2169	2
2170	2
2171	2
2172	2
2173	2
2174	2
2175	2
2176	2
2177	2
2178	2
2179	2
2180	1
2181	1
2182	2
2183	2
2184	2
2185	2
2186	2
2187	2
2188	2
2189	2
2190	2
2191	2
2192	2
2193	2
2194	2
2195	2
2196	2
2197	2
2198	2
2199	2
2200	2
2201	2
2202	2
2203	2
2204	2
2205	2
2206	2
2207	2
2208	2
2209	2
2210	1
2211	2
2212	2
2213	2
2214	2
2215	2
2216	2
2217	2
2218	2
2219	2
2220	2
2221	2
2222	2
2223	2
2224	2
2225	2
2226	2
2227	2
2228	2
2229	2
2230	1
2231	1
2232	2
2233	2
2234	2
2235	2
2236	2
2237	2
2238	2
2239	2
2240	2
2241	2
2242	2
2243	2
2244	2
2245	2
2246	1
2247	1
2248	1
2249	2
2250	2
2251	2
2252	2
2253	2
2254	2
2255	2
2256	1
2257	2
2258	2
2259	2
2260	2
2261	1
2262	1
2263	2
2264	1
2265	1
2266	2
2267	2
2268	2
2269	2
2270	2
2271	2
2272	2
2273	2
2274	2
2275	2
2276	1
2277	2
2278	2
2279	2
2280	2
2281	2
2282	2
2283	1
2284	12
2285	12
2286	2
2287	2
2288	2
2289	2
2290	2
2291	2
2292	2
2293	2
2294	2
2295	2
2296	2
2297	2
2298	2
2299	2
2300	2
2301	2
2302	2
2303	2
2304	1
2305	2
2306	2
2307	1
2308	2
2309	12
2310	12
2311	12
2312	4
2313	4
2314	4
2315	4
2316	4
2317	4
2318	4
2319	4
2320	4
2321	4
2322	4
2323	4
2324	4
2325	4
2326	4
2327	4
2328	4
2329	4
2330	5
2331	5
2332	5
2333	5
2334	5
2335	5
2336	5
2337	5
2338	5
2339	5
2340	5
2341	5
2342	5
2343	5
2344	5
2345	5
2346	4
2347	4
2348	4
2349	4
2350	4
2351	4
2352	4
2353	4
2354	4
2355	4
2356	4
2357	4
2358	4
2359	4
2360	4
2361	4
2362	4
2363	4
2364	4
2365	4
2366	1
2367	1
2368	1
2369	1
2370	1
2371	1
2372	1
2373	1
2374	1
2375	1
2376	1
2377	1
2378	1
2379	1
2380	1
2381	1
2382	1
2383	1
2384	1
2385	1
2386	1
2387	1
2388	1
2389	1
2390	1
2391	1
2392	1
2393	1
2394	1
2395	1
2396	1
2397	1
2398	1
2399	1
2400	1
2401	1
2402	1
2403	1
2404	1
2405	1
2406	1
2407	1
2408	1
2409	1
2410	1
2411	1
2412	1
2413	1
2414	1
2415	8
2416	8
2417	8
2418	8
2419	10
2420	10
2421	8
2422	8
2423	8
2424	8
2425	8
2426	8
2427	10
2428	10
2429	10
2430	10
2431	8
2432	8
2433	8
2434	8
2435	8
2436	8
2437	8
2438	8
2439	8
2440	8
2441	8
2442	8
2443	8
2444	8
2445	8
2446	8
2447	8
2448	8
2449	8
2450	8
2451	8
2452	8
2453	8
2454	8
2455	8
2456	8
2457	8
2458	8
2459	8
2460	8
2461	8
2462	8
2463	8
2464	8
2465	8
2466	8
2467	8
2468	8
2469	8
2470	8
2471	8
2472	8
2473	8
2474	8
2475	8
2476	8
2477	8
2478	8
2479	8
2480	8
2481	8
2482	8
2483	8
2484	8
2485	8
2486	8
2487	8
2488	8
2489	8
2490	8
2491	8
2492	8
2493	8
2494	8
2495	8
2496	10
2497	10
2498	8
2499	8
2500	8
2501	8
2502	8
2503	8
2504	8
2505	8
2506	8
2507	8
2508	8
2509	10
2510	8
2511	8
2512	8
2513	8
2514	8
2515	8
2516	8
2517	8
2518	8
2519	8
2520	8
2521	8
2522	8
2523	8
2524	8
2525	10
2526	8
2527	8
2528	8
2529	10
2530	10
2531	10
2532	10
2533	10
2534	10
2535	10
2536	10
2537	10
2538	10
2539	8
2540	10
2541	8
2542	8
2543	8
2544	8
2545	8
2546	8
2547	8
2548	8
2549	8
2550	8
2551	8
2552	10
2553	10
2554	8
2555	8
2556	8
2557	8
2558	8
2559	8
2560	8
2561	8
2562	8
2563	10
2564	8
2565	10
2566	8
2567	8
2568	10
2569	8
2570	8
2571	8
2572	8
2573	8
2574	8
2575	8
2576	8
2577	8
2578	8
2579	8
2580	8
2581	10
2582	8
2583	8
2584	8
2585	8
2586	8
2587	10
2588	10
2589	10
2590	10
2591	10
2592	10
2593	10
2594	8
2595	8
2596	8
2597	8
2598	8
2599	8
2600	8
2601	8
2602	8
2603	8
2604	10
2605	10
2606	12
2607	12
2608	12
2609	12
2610	12
2611	12
2612	12
2613	12
2614	12
2615	12
2616	12
2617	12
2618	12
2619	12
2620	12
2621	12
2622	12
2623	12
2624	12
2625	12
2626	12
2627	12
2628	12
2629	12
2630	12
2631	12
2632	12
2633	12
2634	12
2635	12
2636	12
2637	12
2638	12
2639	12
2640	3
2641	3
2642	3
2643	3
2644	6
2645	3
2646	3
2647	3
2648	3
2649	3
2650	3
2651	3
2652	3
2653	3
2654	3
2655	3
2656	6
2657	3
2658	6
2659	6
2660	6
2661	3
2662	3
2663	3
2664	3
2665	6
2666	3
2667	3
2668	3
2669	6
2670	3
2671	6
2672	6
2673	6
2674	6
2675	3
2676	3
2677	3
2678	3
2679	6
2680	3
2681	3
2682	6
2683	6
2684	6
2685	3
2686	3
2687	6
2688	5
2689	5
2690	5
2691	5
315	4
1657	9
