0	9
1	9
2	9
3	9
4	9
5	9
6	9
7	2
8	2
9	2
10	2
11	2
12	2
13	2
14	2
15	2
16	3
17	2
18	3
19	3
20	7
21	10
22	10
23	10
24	10
25	10
26	10
27	10
28	10
29	3
30	3
31	3
32	3
33	3
34	3
35	3
36	3
37	3
38	3
39	3
40	3
41	3
42	3
43	3
44	3
45	3
46	3
47	3
48	3
49	3
50	3
51	3
52	3
53	8
54	8
55	8
56	8
57	8
58	3
59	3
60	3
61	3
62	3
63	3
64	3
65	8
66	8
67	8
68	8
69	8
70	8
71	10
72	10
73	10
74	10
75	3
76	3
77	3
78	3
79	3
80	3
81	3
82	3
83	11
84	11
85	11
86	11
87	11
88	11
89	11
90	11
91	11
92	11
93	11
94	11
95	11
96	2
97	2
98	3
99	2
100	2
101	2
102	2
103	2
104	2
105	3
106	2
107	2
108	2
109	2
110	2
111	2
112	2
113	2
114	2
115	2
116	2
117	2
118	2
119	2
120	2
121	2
122	2
123	2
124	2
125	2
126	2
127	2
128	2
129	1
130	1
131	1
132	1
133	1
134	1
135	1
136	1
137	1
138	1
139	1
140	1
141	1
142	1
143	1
144	1
145	1
146	1
147	1
148	1
149	1
150	1
151	1
152	1
153	1
154	1
155	1
156	1
157	1
158	1
159	1
160	1
161	1
162	1
163	1
164	1
165	1
166	1
167	1
168	1
169	1
170	1
171	1
172	1
173	1
174	1
175	1
176	1
177	1
178	1
179	1
180	1
181	1
182	1
183	9
184	9
185	9
186	9
187	9
188	9
189	9
190	9
191	9
192	9
193	9
194	9
195	9
196	9
197	9
198	9
199	9
200	9
201	9
202	9
203	9
204	9
205	9
206	9
207	9
208	10
209	10
210	10
211	10
212	10
213	10
214	10
215	10
216	10
217	10
218	10
219	10
220	10
221	10
222	10
223	10
224	10
225	10
226	10
227	10
228	10
229	10
230	10
231	10
232	10
233	10
234	10
235	10
236	10
237	10
238	10
239	10
240	10
241	10
242	10
243	10
244	10
245	10
246	10
247	10
248	9
249	9
250	9
251	9
252	9
253	9
254	9
255	9
256	9
257	9
258	9
259	9
260	9
261	5
262	5
263	5
264	5
265	5
266	5
267	5
268	10
269	5
270	5
271	5
272	5
273	5
274	5
275	5
276	5
277	5
278	10
279	10
280	5
281	10
282	10
283	10
284	10
285	10
286	5
287	5
288	10
289	5
290	10
291	10
292	5
293	10
294	5
295	10
296	5
297	5
298	5
299	10
300	5
301	5
302	9
303	9
304	9
305	9
306	13
307	13
308	13
309	13
310	13
311	13
312	13
313	13
314	13
316	4
317	4
318	4
319	4
320	4
321	4
322	4
323	4
324	4
325	4
326	4
327	4
328	4
329	4
330	4
331	13
332	13
333	13
334	13
335	13
336	13
337	4
338	4
339	4
340	13
341	13
342	13
343	13
344	13
345	13
346	13
347	13
348	13
349	13
350	13
351	13
352	13
353	13
354	13
355	13
356	11
357	1
358	11
359	1
360	1
361	11
362	1
363	1
364	11
365	11
366	1
367	11
368	11
369	13
370	13
371	13
372	13
373	13
374	13
375	13
376	13
377	13
378	13
379	13
380	13
381	13
382	13
383	13
384	13
385	13
386	13
387	13
388	13
389	4
390	4
391	4
392	4
393	4
394	13
395	13
396	13
397	13
398	4
399	4
400	4
401	4
402	4
403	10
404	10
405	10
406	10
407	10
408	1
409	3
410	3
411	3
412	3
413	3
414	3
415	3
416	3
417	3
418	3
419	3
420	3
421	3
422	3
423	3
424	3
425	1
426	1
427	1
428	1
429	1
430	1
431	1
432	1
433	3
434	3
435	3
436	3
437	3
438	3
439	3
440	3
441	3
442	3
443	3
444	3
445	3
446	1
447	1
448	1
449	1
450	1
451	3
452	3
453	3
454	1
455	1
456	1
457	3
458	3
459	3
460	3
461	3
462	3
463	1
464	1
465	1
466	1
467	1
468	1
469	1
470	1
471	1
472	1
473	3
474	3
475	5
476	5
477	5
478	5
479	5
480	5
481	5
482	5
483	5
484	10
485	10
486	5
487	5
488	5
489	5
490	5
491	5
492	5
493	5
494	5
495	5
496	5
497	5
498	10
499	5
500	5
501	5
502	10
503	5
504	5
505	5
506	1
507	10
508	10
509	10
510	10
511	10
512	10
513	10
514	10
515	10
516	10
517	10
518	10
519	10
520	10
521	10
522	2
523	2
524	2
525	2
526	9
527	9
528	2
529	2
530	2
531	2
532	2
533	2
534	2
535	2
536	2
537	2
538	9
539	9
540	9
541	9
542	9
543	9
544	9
545	9
546	9
547	9
548	9
549	9
550	9
551	9
552	9
553	9
554	9
555	9
556	9
557	9
558	9
559	10
560	10
561	5
562	10
563	10
564	10
565	9
566	9
567	9
568	9
569	9
570	2
571	2
572	2
573	2
574	2
575	2
576	2
577	2
578	2
579	2
580	2
581	9
582	9
583	9
584	9
585	9
586	9
587	10
588	10
589	10
590	10
591	10
592	10
593	10
594	10
595	10
596	10
597	10
598	10
599	10
600	10
601	10
602	10
603	9
604	9
605	9
606	9
607	9
608	9
609	9
610	9
611	9
612	9
613	9
614	9
615	9
616	9
617	10
618	10
619	10
620	10
621	10
622	10
623	10
624	10
625	10
626	10
627	10
628	10
629	10
630	10
631	10
632	10
633	10
634	10
635	10
636	10
637	10
638	10
639	9
640	9
641	9
642	9
643	9
644	9
645	9
646	9
647	9
648	9
649	9
650	9
651	9
652	9
653	9
654	9
655	9
656	9
657	5
658	5
659	5
660	5
661	7
662	7
663	7
664	7
665	7
666	7
667	7
668	7
669	7
670	1
671	1
672	1
673	1
674	1
675	1
676	1
677	1
678	1
679	1
680	7
681	7
682	7
683	7
684	7
685	7
686	7
687	7
688	7
689	7
690	7
691	7
692	7
693	7
694	7
695	7
696	7
697	1
698	1
699	1
700	1
701	1
702	1
703	1
704	1
705	1
706	1
707	1
708	1
709	1
710	1
711	1
712	1
713	1
714	7
715	7
716	5
717	5
718	1
719	1
720	1
721	5
722	5
723	5
724	5
725	5
726	5
727	5
728	5
729	5
730	5
731	5
732	4
733	3
734	4
735	3
736	4
737	5
738	1
739	1
740	5
741	1
742	1
743	5
744	5
745	4
746	4
747	4
748	4
749	4
750	4
751	4
752	4
753	4
754	4
755	4
756	3
757	3
758	4
759	4
760	4
761	4
762	3
763	3
764	4
765	4
766	5
767	1
768	5
769	1
770	3
771	3
772	5
773	5
774	5
775	1
776	5
777	5
778	5
779	5
780	5
781	5
782	5
783	5
784	5
785	13
786	5
787	5
788	5
789	5
790	5
791	13
792	13
793	13
794	13
795	13
796	13
797	13
798	13
799	13
800	13
801	5
802	5
803	5
804	5
805	13
806	13
807	13
808	5
809	5
810	5
811	8
812	4
813	8
814	8
815	8
816	8
817	8
818	4
819	4
820	4
821	8
822	8
823	8
824	8
825	8
826	8
827	8
828	8
829	4
830	8
831	8
832	8
833	8
834	8
835	8
836	8
837	8
838	8
839	8
840	8
841	8
842	8
843	8
844	8
845	8
846	8
847	4
848	4
849	8
850	4
851	4
852	8
853	8
854	8
855	8
856	4
857	4
858	9
859	9
860	9
861	9
862	9
863	9
864	9
865	9
866	9
867	9
868	9
869	9
870	9
871	8
872	8
873	8
874	8
875	8
876	8
877	8
878	8
879	8
880	8
881	8
882	8
883	4
884	8
885	8
886	8
887	8
888	4
889	8
890	8
891	8
892	4
893	8
894	8
895	8
896	8
897	8
898	8
899	4
900	4
901	4
902	8
903	8
904	8
905	8
906	8
907	8
908	4
909	8
910	4
911	4
912	4
913	4
914	8
915	8
916	8
917	8
918	8
919	8
920	4
921	4
922	4
923	4
924	8
925	8
926	8
927	8
928	8
929	8
930	4
931	4
932	4
933	4
934	8
935	8
936	8
937	8
938	8
939	4
940	8
941	8
942	4
943	8
944	4
945	4
946	8
947	4
948	8
949	4
950	8
951	4
952	4
953	8
954	4
955	4
956	4
957	8
958	8
959	8
960	8
961	4
962	4
963	8
964	8
965	8
966	4
967	8
968	8
969	8
970	8
971	8
972	8
973	8
974	4
975	4
976	8
977	8
978	8
979	8
980	8
981	8
982	4
983	4
984	4
985	1
986	1
987	1
988	1
989	1
990	1
991	1
992	1
993	1
994	1
995	1
996	1
997	1
998	1
999	1
1000	1
1001	1
1002	1
1003	1
1004	1
1005	1
1006	1
1007	4
1008	4
1009	1
1010	4
1011	4
1012	4
1013	4
1014	4
1015	4
1016	4
1017	4
1018	4
1019	4
1020	4
1021	4
1022	4
1023	4
1024	4
1025	4
1026	4
1027	4
1028	4
1029	4
1030	4
1031	4
1032	4
1033	4
1034	4
1035	4
1036	4
1037	4
1038	4
1039	4
1040	4
1041	4
1042	4
1043	4
1044	4
1045	4
1046	4
1047	4
1048	4
1049	4
1050	4
1051	4
1052	4
1053	4
1054	4
1055	4
1056	4
1057	4
1058	4
1059	4
1060	4
1061	4
1062	4
1063	4
1064	4
1065	4
1066	4
1067	4
1068	4
1069	4
1070	4
1071	4
1072	4
1073	4
1074	4
1075	9
1076	9
1077	9
1078	9
1079	9
1080	9
1081	9
1082	9
1083	9
1084	9
1085	9
1086	9
1087	5
1088	5
1089	5
1090	5
1091	5
1092	5
1093	5
1094	10
1095	10
1096	10
1097	10
1098	10
1099	10
1100	10
1101	10
1102	10
1103	10
1104	10
1105	10
1106	10
1107	8
1108	8
1109	8
1110	8
1111	8
1112	8
1113	8
1114	8
1115	13
1116	8
1117	8
1118	8
1119	8
1120	8
1121	8
1122	8
1123	8
1124	8
1125	8
1126	8
1127	8
1128	8
1129	8
1130	8
1131	13
1132	8
1133	8
1134	13
1135	8
1136	8
1137	8
1138	8
1139	8
1140	8
1141	8
1142	8
1143	8
1144	8
1145	8
1146	8
1147	8
1148	8
1149	8
1150	8
1151	8
1152	8
1153	8
1154	13
1155	13
1156	13
1157	13
1158	13
1159	13
1160	13
1161	13
1162	13
1163	13
1164	13
1165	13
1166	13
1167	13
1168	13
1169	4
1170	4
1171	4
1172	4
1173	4
1174	4
1175	4
1176	4
1177	4
1178	4
1179	4
1180	4
1181	4
1182	4
1183	4
1184	4
1185	4
1186	4
1187	4
1188	4
1189	4
1190	4
1191	4
1192	4
1193	4
1194	4
1195	4
1196	4
1197	4
1198	4
1199	4
1200	2
1201	2
1202	2
1203	2
1204	2
1205	2
1206	2
1207	2
1208	2
1209	2
1210	2
1211	2
1212	2
1213	2
1214	2
1215	2
1216	2
1217	2
1218	2
1219	2
1220	2
1221	2
1222	2
1223	2
1224	2
1225	2
1226	2
1227	2
1228	2
1229	2
1230	2
1231	2
1232	2
1233	2
1234	2
1235	2
1236	2
1237	2
1238	2
1239	2
1240	10
1241	10
1242	10
1243	10
1244	10
1245	10
1246	10
1247	10
1248	10
1249	10
1250	10
1251	10
1252	10
1253	3
1254	3
1255	3
1256	3
1257	3
1258	10
1259	10
1260	10
1261	10
1262	10
1263	10
1264	3
1265	3
1266	3
1267	3
1268	3
1269	3
1270	3
1271	3
1272	3
1273	3
1274	3
1275	3
1276	3
1277	3
1278	13
1279	13
1280	13
1281	10
1282	10
1283	10
1284	3
1285	3
1286	3
1287	3
1288	13
1289	13
1290	13
1291	13
1292	13
1293	13
1294	13
1295	13
1296	13
1297	13
1298	13
1299	13
1300	13
1301	13
1302	13
1303	3
1304	3
1305	3
1306	3
1307	3
1308	3
1309	3
1310	3
1311	3
1312	3
1313	3
1314	8
1315	8
1316	8
1317	8
1318	8
1319	8
1320	8
1321	8
1322	8
1323	8
1324	8
1325	8
1326	8
1327	8
1328	8
1329	8
1330	8
1331	8
1332	8
1333	8
1334	8
1335	8
1336	8
1337	8
1338	8
1339	8
1340	8
1341	8
1342	8
1343	8
1344	8
1345	8
1346	3
1347	3
1348	3
1349	3
1350	3
1351	3
1352	3
1353	3
1354	3
1355	3
1356	3
1357	3
1358	3
1359	3
1360	3
1361	3
1362	3
1363	13
1364	13
1365	13
1366	13
1367	13
1368	13
1369	13
1370	13
1371	13
1372	13
1373	13
1374	13
1375	13
1376	13
1377	13
1378	13
1379	13
1380	13
1381	13
1382	13
1383	13
1384	13
1385	13
1386	13
1387	13
1388	13
1389	13
1390	13
1391	13
1392	13
1393	13
1394	13
1395	13
1396	13
1397	3
1398	3
1399	3
1400	3
1401	3
1402	3
1403	3
1404	3
1405	3
1406	3
1407	3
1408	3
1409	3
1410	3
1411	3
1412	3
1413	3
1414	3
1415	3
1416	3
1417	3
1418	3
1419	3
1420	3
1421	3
1422	3
1423	3
1424	3
1425	3
1426	3
1427	3
1428	2
1429	2
1430	2
1431	2
1432	2
1433	2
1434	2
1435	2
1436	2
1437	2
1438	2
1439	2
1440	2
1441	3
1442	3
1443	3
1444	2
1445	3
1446	2
1447	2
1448	3
1449	3
1450	2
1451	2
1452	3
1453	3
1454	3
1455	2
1456	2
1457	2
1458	2
1459	2
1460	2
1461	2
1462	2
1463	2
1464	2
1465	10
1466	10
1467	10
1468	10
1469	1
1470	10
1471	10
1472	1
1473	1
1474	10
1475	10
1476	10
1477	10
1478	10
1479	10
1480	10
1481	10
1482	10
1483	10
1484	10
1485	10
1486	10
1487	1
1488	10
1489	4
1490	4
1491	4
1492	4
1493	4
1494	4
1495	4
1496	4
1497	4
1498	4
1499	4
1500	4
1501	9
1502	9
1503	9
1504	9
1505	9
1506	9
1507	9
1508	9
1509	9
1510	9
1511	9
1512	9
1513	9
1514	9
1515	9
1516	9
1517	9
1518	9
1519	9
1520	9
1521	9
1522	9
1523	9
1524	9
1525	9
1526	9
1527	9
1528	9
1529	1
1530	1
1531	1
1532	1
1533	1
1534	1
1535	1
1536	1
1537	1
1538	1
1539	1
1540	1
1541	1
1542	1
1543	1
1544	1
1545	1
1546	1
1547	1
1548	1
1549	1
1550	1
1551	1
1552	11
1553	11
1554	11
1555	11
1556	11
1557	11
1558	11
1559	11
1560	11
1561	11
1562	11
1563	11
1564	11
1565	11
1566	11
1567	11
1568	11
1569	11
1570	11
1571	11
1572	11
1573	11
1574	11
1575	11
1576	3
1577	3
1578	3
1579	3
1580	3
1581	3
1582	3
1583	3
1584	3
1585	3
1586	3
1587	3
1588	3
1589	3
1590	3
1591	3
1592	3
1593	3
1594	3
1595	3
1596	3
1597	3
1598	3
1599	3
1600	3
1601	3
1602	11
1603	11
1604	2
1605	11
1606	11
1607	11
1608	2
1609	11
1610	2
1611	2
1612	2
1613	11
1614	11
1615	11
1616	11
1617	11
1618	10
1619	10
1620	10
1621	10
1622	10
1623	10
1624	10
1625	10
1626	10
1627	10
1628	10
1629	4
1630	2
1631	2
1632	2
1633	2
1634	2
1635	2
1636	2
1637	2
1638	2
1639	4
1640	2
1641	2
1642	2
1643	2
1644	10
1645	10
1646	10
1647	10
1648	10
1649	2
1650	2
1651	2
1652	2
1653	2
1654	2
1655	2
1656	2
1658	2
1659	2
1660	2
1661	2
1662	2
1663	2
1664	2
1665	2
1666	2
1667	2
1668	2
1669	2
1670	2
1671	2
1672	2
1673	10
1674	2
1675	2
1676	2
1677	10
1678	10
1679	10
1680	10
1681	10
1682	10
1683	10
1684	10
1685	3
1686	3
1687	3
1688	3
1689	3
1690	3
1691	3
1692	3
1693	3
1694	3
1695	3
1696	3
1697	3
1698	3
1699	3
1700	3
1701	7
1702	3
1703	7
1704	7
1705	3
1706	3
1707	3
1708	3
1709	7
1710	3
1711	3
1712	3
1713	10
1714	10
1715	10
1716	10
1717	10
1718	10
1719	10
1720	10
1721	10
1722	10
1723	10
1724	10
1725	3
1726	3
1727	3
1728	10
1729	3
1730	3
1731	3
1732	3
1733	3
1734	3
1735	3
1736	7
1737	7
1738	7
1739	7
1740	7
1741	3
1742	7
1743	7
1744	7
1745	7
1746	7
1747	7
1748	7
1749	7
1750	7
1751	7
1752	7
1753	7
1754	7
1755	7
1756	7
1757	10
1758	10
1759	10
1760	10
1761	7
1762	7
1763	7
1764	7
1765	7
1766	7
1767	7
1768	7
1769	7
1770	7
1771	7
1772	7
1773	7
1774	10
1775	10
1776	10
1777	10
1778	10
1779	10
1780	10
1781	10
1782	10
1783	10
1784	10
1785	10
1786	10
1787	7
1788	7
1789	7
1790	7
1791	7
1792	7
1793	7
1794	7
1795	10
1796	10
1797	10
1798	10
1799	7
1800	7
1801	7
1802	7
1803	7
1804	7
1805	7
1806	7
1807	7
1808	7
1809	2
1810	2
1811	2
1812	2
1813	2
1814	2
1815	2
1816	2
1817	2
1818	2
1819	2
1820	2
1821	2
1822	2
1823	2
1824	2
1825	2
1826	2
1827	2
1828	2
1829	2
1830	5
1831	5
1832	5
1833	5
1834	5
1835	2
1836	2
1837	5
1838	2
1839	2
1840	11
1841	11
1842	11
1843	11
1844	11
1845	2
1846	2
1847	2
1848	2
1849	2
1850	2
1851	2
1852	2
1853	2
1854	2
1855	2
1856	2
1857	10
1858	10
1859	10
1860	10
1861	10
1862	10
1863	2
1864	2
1865	2
1866	2
1867	2
1868	2
1869	2
1870	2
1871	2
1872	5
1873	5
1874	5
1875	5
1876	5
1877	10
1878	5
1879	10
1880	5
1881	10
1882	5
1883	5
1884	10
1885	10
1886	5
1887	5
1888	5
1889	5
1890	5
1891	5
1892	5
1893	5
1894	5
1895	9
1896	9
1897	9
1898	13
1899	13
1900	13
1901	13
1902	13
1903	13
1904	9
1905	9
1906	3
1907	3
1908	3
1909	9
1910	9
1911	9
1912	3
1913	3
1914	3
1915	9
1916	13
1917	13
1918	13
1919	13
1920	13
1921	13
1922	13
1923	13
1924	9
1925	9
1926	9
1927	9
1928	9
1929	9
1930	9
1931	9
1932	3
1933	9
1934	9
1935	3
1936	9
1937	9
1938	3
1939	9
1940	9
1941	9
1942	3
1943	9
1944	9
1945	3
1946	3
1947	9
1948	3
1949	3
1950	9
1951	9
1952	9
1953	9
1954	9
1955	9
1956	9
1957	9
1958	9
1959	9
1960	9
1961	3
1962	9
1963	9
1964	9
1965	9
1966	3
1967	3
1968	9
1969	9
1970	9
1971	9
1972	9
1973	9
1974	9
1975	3
1976	11
1977	11
1978	11
1979	1
1980	11
1981	1
1982	1
1983	11
1984	1
1985	1
1986	1
1987	11
1988	11
1989	11
1990	11
1991	1
1992	11
1993	11
1994	11
1995	1
1996	11
1997	11
1998	11
1999	11
2000	11
2001	11
2002	11
2003	11
2004	11
2005	11
2006	11
2007	11
2008	11
2009	1
2010	11
2011	1
2012	1
2013	11
2014	11
2015	11
2016	11
2017	5
2018	5
2019	5
2020	5
2021	5
2022	5
2023	5
2024	5
2025	5
2026	5
2027	5
2028	5
2029	5
2030	1
2031	1
2032	1
2033	1
2034	1
2035	5
2036	5
2037	5
2038	5
2039	5
2040	5
2041	5
2042	5
2043	5
2044	5
2045	5
2046	5
2047	5
2048	5
2049	5
2050	5
2051	5
2052	5
2053	5
2054	5
2055	5
2056	5
2057	5
2058	11
2059	11
2060	11
2061	11
2062	11
2063	11
2064	11
2065	11
2066	11
2067	11
2068	5
2069	5
2070	5
2071	5
2072	5
2073	10
2074	5
2075	5
2076	5
2077	10
2078	10
2079	5
2080	10
2081	5
2082	5
2083	5
2084	5
2085	5
2086	5
2087	5
2088	5
2089	4
2090	4
2091	4
2092	4
2093	4
2094	4
2095	4
2096	9
2097	9
2098	9
2099	9
2100	9
2101	9
2102	9
2103	9
2104	9
2105	9
2106	9
2107	9
2108	9
2109	9
2110	9
2111	9
2112	9
2113	6
2114	6
2115	6
2116	6
2117	6
2118	6
2119	6
2120	6
2121	6
2122	6
2123	6
2124	5
2125	6
2126	6
2127	6
2128	6
2129	6
2130	6
2131	6
2132	6
2133	6
2134	7
2135	7
2136	6
2137	6
2138	6
2139	6
2140	6
2141	6
2142	6
2143	6
2144	6
2145	6
2146	6
2147	6
2148	6
2149	6
2150	6
2151	7
2152	7
2153	7
2154	6
2155	6
2156	6
2157	6
2158	6
2159	6
2160	7
2161	7
2162	7
2163	7
2164	7
2165	7
2166	7
2167	6
2168	6
2169	7
2170	7
2171	6
2172	7
2173	6
2174	6
2175	6
2176	6
2177	6
2178	6
2179	6
2180	7
2181	7
2182	6
2183	6
2184	6
2185	7
2186	7
2187	7
2188	6
2189	6
2190	6
2191	6
2192	6
2193	7
2194	6
2195	6
2196	6
2197	6
2198	6
2199	6
2200	6
2201	6
2202	6
2203	6
2204	6
2205	6
2206	6
2207	6
2208	6
2209	7
2210	7
2211	6
2212	6
2213	6
2214	6
2215	6
2216	6
2217	6
2218	7
2219	7
2220	7
2221	6
2222	6
2223	6
2224	6
2225	7
2226	7
2227	7
2228	6
2229	6
2230	7
2231	7
2232	7
2233	6
2234	6
2235	7
2236	6
2237	6
2238	6
2239	7
2240	7
2241	6
2242	6
2243	6
2244	6
2245	6
2246	6
2247	7
2248	7
2249	6
2250	6
2251	6
2252	7
2253	6
2254	6
2255	6
2256	7
2257	7
2258	6
2259	6
2260	6
2261	7
2262	7
2263	7
2264	7
2265	7
2266	6
2267	6
2268	6
2269	6
2270	6
2271	7
2272	6
2273	6
2274	7
2275	7
2276	7
2277	6
2278	6
2279	6
2280	7
2281	7
2282	6
2283	6
2284	5
2285	5
2286	6
2287	6
2288	7
2289	7
2290	7
2291	7
2292	7
2293	6
2294	6
2295	6
2296	6
2297	6
2298	6
2299	6
2300	6
2301	7
2302	6
2303	6
2304	6
2305	7
2306	7
2307	7
2308	7
2309	5
2310	5
2311	5
2312	8
2313	8
2314	8
2315	8
2316	8
2317	8
2318	8
2319	8
2320	8
2321	8
2322	8
2323	8
2324	8
2325	8
2326	8
2327	8
2328	8
2329	8
2330	9
2331	9
2332	9
2333	9
2334	9
2335	9
2336	9
2337	9
2338	9
2339	9
2340	9
2341	9
2342	9
2343	9
2344	9
2345	9
2346	4
2347	4
2348	4
2349	4
2350	4
2351	4
2352	4
2353	4
2354	4
2355	4
2356	4
2357	4
2358	4
2359	4
2360	4
2361	4
2362	4
2363	4
2364	4
2365	4
2366	6
2367	6
2368	6
2369	6
2370	6
2371	6
2372	6
2373	6
2374	6
2375	6
2376	6
2377	6
2378	6
2379	6
2380	6
2381	6
2382	6
2383	6
2384	6
2385	6
2386	6
2387	6
2388	6
2389	6
2390	6
2391	6
2392	6
2393	6
2394	6
2395	6
2396	6
2397	6
2398	6
2399	6
2400	6
2401	6
2402	6
2403	6
2404	6
2405	6
2406	6
2407	6
2408	6
2409	6
2410	6
2411	6
2412	6
2413	6
2414	6
2415	12
2416	12
2417	12
2418	12
2419	13
2420	13
2421	12
2422	12
2423	12
2424	12
2425	12
2426	12
2427	13
2428	12
2429	13
2430	13
2431	12
2432	12
2433	12
2434	12
2435	12
2436	12
2437	12
2438	12
2439	12
2440	12
2441	12
2442	12
2443	12
2444	12
2445	12
2446	12
2447	12
2448	12
2449	12
2450	12
2451	12
2452	12
2453	12
2454	12
2455	12
2456	12
2457	12
2458	12
2459	12
2460	12
2461	12
2462	12
2463	12
2464	12
2465	12
2466	12
2467	12
2468	12
2469	12
2470	12
2471	12
2472	12
2473	12
2474	12
2475	12
2476	12
2477	12
2478	12
2479	12
2480	12
2481	12
2482	12
2483	12
2484	12
2485	12
2486	12
2487	12
2488	12
2489	12
2490	12
2491	12
2492	12
2493	12
2494	12
2495	12
2496	12
2497	13
2498	12
2499	12
2500	12
2501	12
2502	12
2503	12
2504	12
2505	12
2506	12
2507	12
2508	12
2509	13
2510	12
2511	12
2512	12
2513	12
2514	12
2515	12
2516	12
2517	12
2518	12
2519	12
2520	12
2521	12
2522	12
2523	12
2524	12
2525	13
2526	12
2527	12
2528	12
2529	12
2530	13
2531	13
2532	13
2533	13
2534	13
2535	13
2536	13
2537	13
2538	13
2539	12
2540	13
2541	12
2542	12
2543	12
2544	12
2545	12
2546	12
2547	12
2548	12
2549	12
2550	12
2551	12
2552	13
2553	13
2554	12
2555	12
2556	12
2557	12
2558	12
2559	13
2560	12
2561	12
2562	12
2563	13
2564	12
2565	12
2566	12
2567	12
2568	13
2569	12
2570	12
2571	12
2572	12
2573	12
2574	12
2575	12
2576	12
2577	12
2578	12
2579	12
2580	12
2581	13
2582	12
2583	12
2584	12
2585	12
2586	12
2587	13
2588	13
2589	13
2590	13
2591	13
2592	13
2593	13
2594	12
2595	12
2596	12
2597	12
2598	12
2599	12
2600	12
2601	12
2602	12
2603	12
2604	13
2605	12
2606	5
2607	5
2608	5
2609	5
2610	5
2611	5
2612	5
2613	5
2614	5
2615	5
2616	5
2617	5
2618	5
2619	5
2620	5
2621	5
2622	5
2623	5
2624	5
2625	5
2626	5
2627	5
2628	5
2629	5
2630	5
2631	5
2632	5
2633	5
2634	5
2635	5
2636	5
2637	5
2638	5
2639	5
2640	11
2641	11
2642	11
2643	11
2644	11
2645	11
2646	11
2647	11
2648	11
2649	11
2650	11
2651	11
2652	11
2653	11
2654	11
2655	11
2656	11
2657	1
2658	11
2659	11
2660	11
2661	1
2662	1
2663	11
2664	11
2665	11
2666	11
2667	11
2668	11
2669	11
2670	11
2671	11
2672	11
2673	11
2674	11
2675	1
2676	11
2677	11
2678	1
2679	11
2680	11
2681	11
2682	11
2683	11
2684	11
2685	11
2686	11
2687	11
2688	9
2689	9
2690	9
2691	9
315	4
1657	2
