0	2
1	2
2	2
3	2
4	2
5	2
6	2
7	1
8	1
9	1
10	1
11	1
12	1
13	6
14	6
15	6
16	1
17	1
18	1
19	1
20	1
21	9
22	9
23	9
24	9
25	9
26	9
27	9
28	9
29	5
30	5
31	5
32	5
33	5
34	5
35	5
36	5
37	5
38	5
39	5
40	5
41	5
42	5
43	5
44	5
45	5
46	5
47	5
48	5
49	5
50	5
51	5
52	5
53	13
54	13
55	13
56	13
57	13
58	5
59	5
60	5
61	5
62	5
63	5
64	5
65	13
66	13
67	13
68	13
69	13
70	13
71	9
72	9
73	9
74	9
75	5
76	5
77	5
78	5
79	5
80	5
81	5
82	5
83	8
84	8
85	8
86	8
87	8
88	8
89	8
90	8
91	8
92	8
93	8
94	8
95	8
96	1
97	6
98	1
99	1
100	6
101	1
102	1
103	1
104	1
105	1
106	1
107	1
108	1
109	1
110	1
111	6
112	6
113	6
114	1
115	1
116	1
117	6
118	6
119	6
120	6
121	6
122	1
123	1
124	1
125	1
126	1
127	1
128	1
129	12
130	12
131	12
132	12
133	12
134	12
135	12
136	12
137	12
138	12
139	12
140	12
141	12
142	12
143	12
144	12
145	12
146	12
147	12
148	12
149	12
150	12
151	12
152	12
153	12
154	12
155	12
156	12
157	12
158	12
159	12
160	12
161	12
162	12
163	12
164	12
165	12
166	3
167	3
168	3
169	3
170	3
171	3
172	3
173	3
174	3
175	3
176	3
177	3
178	3
179	3
180	3
181	3
182	3
183	2
184	5
185	2
186	5
187	5
188	2
189	2
190	2
191	2
192	2
193	2
194	2
195	2
196	5
197	2
198	5
199	2
200	5
201	2
202	5
203	2
204	5
205	5
206	2
207	2
208	9
209	9
210	9
211	9
212	9
213	9
214	9
215	9
216	9
217	9
218	9
219	9
220	9
221	9
222	9
223	9
224	9
225	9
226	9
227	9
228	9
229	9
230	9
231	9
232	9
233	9
234	9
235	9
236	9
237	9
238	9
239	9
240	9
241	9
242	9
243	9
244	9
245	9
246	9
247	9
248	5
249	5
250	2
251	5
252	2
253	2
254	2
255	2
256	2
257	2
258	2
259	2
260	2
261	10
262	10
263	10
264	10
265	10
266	10
267	10
268	10
269	10
270	10
271	10
272	10
273	10
274	10
275	10
276	10
277	10
278	10
279	10
280	10
281	10
282	10
283	10
284	10
285	10
286	10
287	10
288	10
289	10
290	10
291	10
292	10
293	10
294	10
295	10
296	10
297	10
298	10
299	10
300	10
301	10
302	2
303	2
304	2
305	2
306	11
307	11
308	11
309	11
310	11
311	11
312	11
313	11
314	11
316	13
317	13
318	13
319	13
320	13
321	13
322	13
323	13
324	13
325	13
326	13
327	13
328	13
329	13
330	13
331	11
332	11
333	11
334	11
335	11
336	11
337	13
338	13
339	13
340	11
341	11
342	11
343	11
344	11
345	7
346	11
347	11
348	11
349	11
350	11
351	11
352	11
353	11
354	11
355	11
356	12
357	12
358	12
359	12
360	12
361	12
362	12
363	12
364	12
365	11
366	12
367	12
368	12
369	11
370	11
371	11
372	11
373	11
374	11
375	11
376	11
377	11
378	11
379	11
380	11
381	11
382	11
383	11
384	11
385	11
386	11
387	11
388	11
389	13
390	13
391	13
392	13
393	13
394	11
395	11
396	11
397	11
398	13
399	13
400	13
401	13
402	13
403	9
404	9
405	9
406	9
407	9
408	9
409	1
410	5
411	5
412	5
413	5
414	5
415	5
416	5
417	5
418	5
419	5
420	5
421	5
422	5
423	5
424	5
425	3
426	3
427	3
428	3
429	3
430	3
431	3
432	3
433	5
434	5
435	5
436	5
437	5
438	5
439	5
440	5
441	5
442	5
443	5
444	5
445	1
446	3
447	3
448	3
449	3
450	3
451	5
452	1
453	5
454	3
455	3
456	3
457	5
458	1
459	5
460	1
461	5
462	5
463	3
464	3
465	3
466	3
467	3
468	3
469	3
470	3
471	3
472	3
473	5
474	1
475	10
476	10
477	3
478	3
479	3
480	3
481	3
482	3
483	3
484	9
485	9
486	3
487	3
488	3
489	10
490	10
491	10
492	10
493	10
494	10
495	3
496	3
497	3
498	9
499	3
500	3
501	3
502	9
503	3
504	3
505	3
506	9
507	9
508	9
509	9
510	9
511	9
512	9
513	9
514	9
515	9
516	9
517	9
518	9
519	9
520	9
521	9
522	8
523	8
524	8
525	8
526	2
527	2
528	8
529	8
530	8
531	8
532	8
533	8
534	8
535	8
536	8
537	8
538	2
539	2
540	2
541	2
542	2
543	2
544	2
545	2
546	2
547	2
548	2
549	2
550	2
551	2
552	2
553	2
554	2
555	2
556	2
557	2
558	2
559	9
560	9
561	9
562	9
563	9
564	9
565	2
566	2
567	2
568	2
569	2
570	6
571	6
572	6
573	6
574	8
575	6
576	6
577	6
578	8
579	6
580	6
581	2
582	2
583	2
584	2
585	2
586	2
587	10
588	9
589	9
590	9
591	9
592	9
593	9
594	9
595	9
596	10
597	9
598	10
599	9
600	9
601	9
602	9
603	2
604	2
605	2
606	2
607	2
608	2
609	2
610	2
611	2
612	2
613	2
614	2
615	2
616	2
617	10
618	9
619	9
620	10
621	10
622	10
623	10
624	10
625	10
626	10
627	10
628	9
629	9
630	9
631	9
632	9
633	9
634	10
635	9
636	9
637	10
638	10
639	2
640	2
641	2
642	2
643	2
644	2
645	2
646	2
647	2
648	2
649	2
650	2
651	2
652	2
653	2
654	2
655	2
656	2
657	3
658	3
659	3
660	3
661	2
662	2
663	1
664	1
665	1
666	2
667	2
668	1
669	1
670	10
671	10
672	10
673	10
674	10
675	10
676	10
677	10
678	10
679	10
680	1
681	2
682	1
683	2
684	1
685	2
686	2
687	1
688	2
689	2
690	2
691	2
692	2
693	2
694	2
695	2
696	2
697	10
698	10
699	10
700	10
701	10
702	10
703	10
704	10
705	10
706	10
707	10
708	10
709	10
710	10
711	10
712	10
713	10
714	2
715	2
716	10
717	10
718	10
719	10
720	10
721	10
722	10
723	10
724	9
725	10
726	10
727	9
728	9
729	10
730	10
731	10
732	13
733	13
734	13
735	13
736	13
737	3
738	3
739	3
740	3
741	3
742	3
743	3
744	3
745	13
746	13
747	13
748	13
749	13
750	13
751	13
752	13
753	13
754	13
755	13
756	13
757	13
758	13
759	13
760	13
761	13
762	13
763	13
764	13
765	13
766	3
767	3
768	3
769	3
770	13
771	13
772	3
773	3
774	3
775	3
776	3
777	3
778	3
779	3
780	3
781	3
782	3
783	3
784	3
785	9
786	3
787	3
788	3
789	3
790	3
791	9
792	9
793	9
794	9
795	9
796	9
797	9
798	9
799	9
800	9
801	3
802	3
803	3
804	3
805	9
806	9
807	9
808	3
809	3
810	3
811	13
812	8
813	13
814	13
815	8
816	8
817	8
818	8
819	8
820	8
821	13
822	8
823	8
824	8
825	8
826	8
827	8
828	8
829	8
830	13
831	13
832	13
833	13
834	13
835	13
836	13
837	13
838	13
839	13
840	13
841	13
842	13
843	8
844	8
845	8
846	8
847	8
848	8
849	8
850	8
851	8
852	13
853	13
854	8
855	8
856	8
857	8
858	2
859	2
860	2
861	2
862	2
863	2
864	2
865	2
866	2
867	2
868	2
869	2
870	2
871	13
872	13
873	13
874	13
875	8
876	8
877	8
878	8
879	8
880	8
881	13
882	13
883	13
884	13
885	13
886	13
887	8
888	8
889	8
890	8
891	8
892	8
893	13
894	13
895	13
896	13
897	8
898	8
899	8
900	8
901	8
902	13
903	13
904	13
905	13
906	8
907	8
908	8
909	8
910	8
911	8
912	8
913	8
914	13
915	13
916	8
917	13
918	8
919	8
920	8
921	8
922	8
923	8
924	8
925	13
926	13
927	13
928	13
929	13
930	8
931	8
932	8
933	8
934	8
935	13
936	13
937	13
938	8
939	8
940	8
941	8
942	8
943	8
944	8
945	8
946	13
947	8
948	13
949	8
950	8
951	8
952	8
953	8
954	8
955	8
956	8
957	13
958	13
959	13
960	8
961	8
962	8
963	13
964	13
965	8
966	8
967	8
968	8
969	13
970	8
971	13
972	8
973	8
974	8
975	8
976	8
977	8
978	8
979	8
980	8
981	8
982	13
983	13
984	6
985	3
986	3
987	3
988	3
989	3
990	3
991	3
992	3
993	3
994	3
995	3
996	12
997	3
998	3
999	3
1000	3
1001	3
1002	3
1003	3
1004	3
1005	12
1006	12
1007	6
1008	6
1009	3
1010	6
1011	6
1012	6
1013	6
1014	13
1015	13
1016	13
1017	6
1018	6
1019	6
1020	6
1021	6
1022	6
1023	6
1024	13
1025	13
1026	13
1027	6
1028	13
1029	6
1030	13
1031	6
1032	13
1033	13
1034	13
1035	13
1036	13
1037	6
1038	13
1039	6
1040	13
1041	6
1042	6
1043	13
1044	13
1045	13
1046	13
1047	13
1048	6
1049	6
1050	13
1051	6
1052	6
1053	13
1054	6
1055	13
1056	6
1057	6
1058	6
1059	13
1060	6
1061	6
1062	6
1063	13
1064	13
1065	6
1066	13
1067	6
1068	6
1069	13
1070	6
1071	13
1072	13
1073	13
1074	13
1075	5
1076	5
1077	5
1078	5
1079	5
1080	5
1081	5
1082	5
1083	5
1084	5
1085	5
1086	5
1087	10
1088	10
1089	10
1090	10
1091	10
1092	10
1093	10
1094	9
1095	9
1096	9
1097	9
1098	9
1099	9
1100	9
1101	9
1102	9
1103	9
1104	9
1105	9
1106	9
1107	11
1108	11
1109	11
1110	11
1111	11
1112	11
1113	11
1114	11
1115	11
1116	11
1117	11
1118	11
1119	11
1120	11
1121	11
1122	11
1123	11
1124	11
1125	11
1126	11
1127	11
1128	11
1129	11
1130	11
1131	11
1132	11
1133	11
1134	11
1135	11
1136	11
1137	11
1138	11
1139	11
1140	11
1141	11
1142	11
1143	11
1144	11
1145	11
1146	11
1147	11
1148	11
1149	11
1150	11
1151	11
1152	11
1153	11
1154	7
1155	7
1156	7
1157	7
1158	7
1159	7
1160	7
1161	7
1162	7
1163	7
1164	7
1165	7
1166	7
1167	7
1168	7
1169	6
1170	6
1171	6
1172	6
1173	6
1174	6
1175	6
1176	6
1177	6
1178	6
1179	6
1180	6
1181	6
1182	13
1183	6
1184	6
1185	6
1186	6
1187	13
1188	6
1189	13
1190	6
1191	6
1192	6
1193	6
1194	6
1195	13
1196	6
1197	6
1198	6
1199	6
1200	8
1201	8
1202	8
1203	8
1204	6
1205	8
1206	8
1207	8
1208	6
1209	8
1210	8
1211	8
1212	8
1213	6
1214	8
1215	8
1216	8
1217	6
1218	8
1219	8
1220	8
1221	8
1222	8
1223	8
1224	6
1225	8
1226	8
1227	6
1228	6
1229	8
1230	8
1231	8
1232	8
1233	8
1234	8
1235	6
1236	8
1237	8
1238	8
1239	6
1240	10
1241	10
1242	10
1243	9
1244	10
1245	10
1246	10
1247	10
1248	9
1249	9
1250	9
1251	9
1252	9
1253	5
1254	5
1255	5
1256	5
1257	5
1258	9
1259	9
1260	9
1261	9
1262	10
1263	10
1264	5
1265	5
1266	5
1267	5
1268	5
1269	5
1270	5
1271	5
1272	5
1273	5
1274	5
1275	5
1276	5
1277	5
1278	9
1279	9
1280	9
1281	9
1282	10
1283	10
1284	5
1285	5
1286	5
1287	5
1288	9
1289	9
1290	9
1291	9
1292	9
1293	9
1294	9
1295	9
1296	9
1297	9
1298	9
1299	9
1300	9
1301	9
1302	9
1303	5
1304	5
1305	5
1306	5
1307	5
1308	5
1309	5
1310	5
1311	5
1312	5
1313	5
1314	11
1315	11
1316	11
1317	11
1318	11
1319	11
1320	11
1321	11
1322	11
1323	11
1324	11
1325	11
1326	11
1327	11
1328	11
1329	11
1330	11
1331	11
1332	11
1333	11
1334	11
1335	11
1336	11
1337	11
1338	11
1339	11
1340	11
1341	11
1342	11
1343	11
1344	11
1345	11
1346	5
1347	5
1348	5
1349	5
1350	5
1351	5
1352	5
1353	5
1354	5
1355	5
1356	5
1357	5
1358	5
1359	5
1360	5
1361	5
1362	5
1363	11
1364	11
1365	11
1366	11
1367	11
1368	11
1369	11
1370	11
1371	11
1372	11
1373	11
1374	11
1375	11
1376	11
1377	11
1378	11
1379	11
1380	11
1381	9
1382	9
1383	9
1384	9
1385	9
1386	9
1387	9
1388	9
1389	9
1390	9
1391	9
1392	9
1393	9
1394	9
1395	9
1396	9
1397	5
1398	5
1399	5
1400	5
1401	5
1402	5
1403	5
1404	5
1405	5
1406	5
1407	5
1408	5
1409	5
1410	5
1411	5
1412	5
1413	5
1414	5
1415	5
1416	5
1417	5
1418	5
1419	5
1420	5
1421	5
1422	5
1423	5
1424	5
1425	5
1426	5
1427	5
1428	6
1429	6
1430	6
1431	6
1432	6
1433	6
1434	6
1435	6
1436	6
1437	6
1438	6
1439	6
1440	6
1441	1
1442	1
1443	1
1444	1
1445	1
1446	1
1447	1
1448	1
1449	1
1450	1
1451	1
1452	1
1453	1
1454	1
1455	6
1456	6
1457	6
1458	6
1459	6
1460	6
1461	6
1462	6
1463	6
1464	6
1465	9
1466	9
1467	9
1468	9
1469	9
1470	9
1471	9
1472	9
1473	9
1474	9
1475	9
1476	9
1477	9
1478	9
1479	9
1480	9
1481	9
1482	9
1483	9
1484	9
1485	9
1486	9
1487	9
1488	9
1489	13
1490	13
1491	13
1492	13
1493	13
1494	13
1495	13
1496	13
1497	13
1498	13
1499	13
1500	13
1501	2
1502	2
1503	2
1504	2
1505	2
1506	2
1507	2
1508	2
1509	2
1510	2
1511	2
1512	2
1513	2
1514	2
1515	2
1516	2
1517	2
1518	2
1519	2
1520	2
1521	2
1522	2
1523	2
1524	2
1525	2
1526	2
1527	2
1528	2
1529	3
1530	3
1531	3
1532	3
1533	3
1534	3
1535	3
1536	3
1537	3
1538	3
1539	3
1540	3
1541	3
1542	3
1543	3
1544	3
1545	3
1546	3
1547	3
1548	3
1549	3
1550	3
1551	3
1552	8
1553	8
1554	8
1555	11
1556	8
1557	11
1558	8
1559	8
1560	8
1561	8
1562	8
1563	8
1564	8
1565	8
1566	11
1567	8
1568	8
1569	8
1570	8
1571	8
1572	8
1573	8
1574	8
1575	8
1576	13
1577	13
1578	13
1579	13
1580	13
1581	13
1582	13
1583	13
1584	13
1585	13
1586	13
1587	13
1588	13
1589	13
1590	13
1591	13
1592	13
1593	5
1594	5
1595	5
1596	5
1597	5
1598	5
1599	5
1600	5
1601	5
1602	8
1603	8
1604	8
1605	8
1606	8
1607	8
1608	8
1609	8
1610	8
1611	8
1612	8
1613	8
1614	8
1615	8
1616	8
1617	8
1618	9
1619	9
1620	9
1621	9
1622	9
1623	9
1624	9
1625	9
1626	9
1627	9
1628	9
1629	6
1630	6
1631	6
1632	1
1633	6
1634	6
1635	6
1636	6
1637	6
1638	6
1639	6
1640	6
1641	6
1642	6
1643	6
1644	9
1645	9
1646	9
1647	9
1648	9
1649	6
1650	6
1651	6
1652	6
1653	6
1654	6
1655	6
1656	6
1658	6
1659	6
1660	6
1661	6
1662	6
1663	6
1664	6
1665	6
1666	6
1667	1
1668	1
1669	6
1670	6
1671	6
1672	6
1673	9
1674	6
1675	6
1676	6
1677	9
1678	10
1679	10
1680	10
1681	10
1682	10
1683	10
1684	10
1685	13
1686	13
1687	13
1688	13
1689	13
1690	13
1691	13
1692	13
1693	13
1694	13
1695	13
1696	13
1697	13
1698	13
1699	13
1700	13
1701	1
1702	1
1703	1
1704	1
1705	1
1706	1
1707	1
1708	1
1709	1
1710	1
1711	1
1712	1
1713	9
1714	9
1715	9
1716	9
1717	9
1718	9
1719	9
1720	9
1721	9
1722	9
1723	9
1724	9
1725	1
1726	1
1727	1
1728	9
1729	1
1730	1
1731	1
1732	1
1733	1
1734	1
1735	1
1736	1
1737	1
1738	1
1739	1
1740	1
1741	1
1742	2
1743	2
1744	4
1745	2
1746	2
1747	2
1748	2
1749	2
1750	2
1751	2
1752	2
1753	2
1754	2
1755	2
1756	2
1757	9
1758	9
1759	9
1760	9
1761	2
1762	2
1763	2
1764	4
1765	2
1766	2
1767	4
1768	2
1769	2
1770	2
1771	2
1772	2
1773	2
1774	9
1775	9
1776	9
1777	9
1778	9
1779	9
1780	9
1781	9
1782	9
1783	9
1784	9
1785	9
1786	9
1787	2
1788	2
1789	2
1790	2
1791	2
1792	2
1793	2
1794	2
1795	9
1796	9
1797	9
1798	9
1799	2
1800	2
1801	2
1802	2
1803	2
1804	4
1805	2
1806	4
1807	2
1808	2
1809	1
1810	1
1811	1
1812	1
1813	1
1814	1
1815	1
1816	1
1817	1
1818	1
1819	6
1820	1
1821	6
1822	1
1823	6
1824	1
1825	1
1826	1
1827	1
1828	1
1829	1
1830	9
1831	9
1832	9
1833	9
1834	9
1835	1
1836	1
1837	9
1838	1
1839	1
1840	11
1841	11
1842	11
1843	11
1844	11
1845	1
1846	6
1847	1
1848	1
1849	1
1850	6
1851	1
1852	1
1853	6
1854	1
1855	1
1856	1
1857	9
1858	9
1859	9
1860	9
1861	9
1862	9
1863	1
1864	6
1865	6
1866	6
1867	6
1868	1
1869	6
1870	1
1871	1
1872	10
1873	10
1874	10
1875	10
1876	10
1877	10
1878	10
1879	10
1880	10
1881	10
1882	10
1883	10
1884	10
1885	10
1886	10
1887	10
1888	10
1889	10
1890	10
1891	10
1892	10
1893	10
1894	10
1895	5
1896	5
1897	5
1898	11
1899	11
1900	11
1901	11
1902	11
1903	11
1904	5
1905	5
1906	5
1907	5
1908	5
1909	5
1910	5
1911	5
1912	5
1913	5
1914	5
1915	5
1916	11
1917	11
1918	11
1919	11
1920	11
1921	11
1922	11
1923	11
1924	5
1925	5
1926	5
1927	5
1928	5
1929	5
1930	5
1931	5
1932	5
1933	5
1934	5
1935	5
1936	5
1937	5
1938	5
1939	5
1940	5
1941	5
1942	5
1943	5
1944	5
1945	5
1946	5
1947	5
1948	5
1949	5
1950	5
1951	5
1952	5
1953	5
1954	5
1955	5
1956	5
1957	5
1958	5
1959	5
1960	5
1961	5
1962	5
1963	5
1964	5
1965	5
1966	5
1967	5
1968	5
1969	5
1970	5
1971	5
1972	5
1973	5
1974	5
1975	5
1976	3
1977	3
1978	3
1979	3
1980	3
1981	3
1982	3
1983	3
1984	3
1985	3
1986	3
1987	3
1988	3
1989	3
1990	3
1991	3
1992	3
1993	3
1994	3
1995	3
1996	3
1997	3
1998	3
1999	3
2000	3
2001	3
2002	3
2003	3
2004	3
2005	3
2006	3
2007	3
2008	3
2009	3
2010	3
2011	3
2012	3
2013	3
2014	3
2015	3
2016	3
2017	10
2018	10
2019	10
2020	10
2021	10
2022	10
2023	10
2024	3
2025	10
2026	10
2027	10
2028	10
2029	10
2030	3
2031	3
2032	3
2033	3
2034	3
2035	3
2036	3
2037	3
2038	9
2039	9
2040	9
2041	9
2042	9
2043	10
2044	10
2045	10
2046	3
2047	3
2048	9
2049	9
2050	10
2051	3
2052	3
2053	3
2054	3
2055	3
2056	3
2057	3
2058	8
2059	3
2060	3
2061	8
2062	8
2063	3
2064	3
2065	3
2066	3
2067	3
2068	10
2069	10
2070	10
2071	10
2072	10
2073	9
2074	10
2075	10
2076	10
2077	9
2078	9
2079	10
2080	9
2081	10
2082	10
2083	10
2084	10
2085	10
2086	10
2087	10
2088	10
2089	13
2090	13
2091	13
2092	13
2093	13
2094	13
2095	13
2096	2
2097	2
2098	2
2099	2
2100	2
2101	2
2102	2
2103	2
2104	2
2105	2
2106	2
2107	2
2108	2
2109	2
2110	2
2111	2
2112	2
2113	4
2114	4
2115	4
2116	4
2117	4
2118	1
2119	1
2120	4
2121	4
2122	4
2123	1
2124	10
2125	4
2126	4
2127	4
2128	4
2129	4
2130	4
2131	4
2132	4
2133	1
2134	4
2135	4
2136	1
2137	1
2138	1
2139	4
2140	1
2141	4
2142	4
2143	4
2144	4
2145	4
2146	1
2147	1
2148	4
2149	4
2150	4
2151	4
2152	4
2153	4
2154	4
2155	4
2156	4
2157	4
2158	4
2159	4
2160	4
2161	4
2162	4
2163	4
2164	4
2165	1
2166	4
2167	1
2168	4
2169	4
2170	4
2171	4
2172	4
2173	4
2174	4
2175	4
2176	1
2177	1
2178	4
2179	4
2180	1
2181	1
2182	4
2183	4
2184	4
2185	4
2186	4
2187	4
2188	1
2189	4
2190	4
2191	4
2192	4
2193	4
2194	4
2195	4
2196	1
2197	4
2198	4
2199	1
2200	4
2201	4
2202	4
2203	4
2204	4
2205	4
2206	4
2207	4
2208	4
2209	4
2210	4
2211	4
2212	4
2213	4
2214	4
2215	1
2216	1
2217	4
2218	4
2219	4
2220	4
2221	4
2222	4
2223	1
2224	4
2225	4
2226	4
2227	4
2228	4
2229	4
2230	1
2231	4
2232	4
2233	1
2234	1
2235	4
2236	1
2237	1
2238	1
2239	4
2240	4
2241	4
2242	1
2243	4
2244	4
2245	1
2246	4
2247	1
2248	4
2249	4
2250	4
2251	4
2252	4
2253	4
2254	4
2255	4
2256	1
2257	4
2258	4
2259	4
2260	4
2261	4
2262	4
2263	4
2264	4
2265	4
2266	4
2267	4
2268	4
2269	4
2270	4
2271	4
2272	4
2273	4
2274	4
2275	4
2276	4
2277	1
2278	4
2279	4
2280	4
2281	4
2282	4
2283	1
2284	10
2285	10
2286	4
2287	4
2288	4
2289	4
2290	4
2291	4
2292	4
2293	4
2294	4
2295	4
2296	4
2297	4
2298	1
2299	1
2300	1
2301	4
2302	1
2303	4
2304	1
2305	4
2306	4
2307	4
2308	4
2309	10
2310	10
2311	10
2312	13
2313	13
2314	13
2315	13
2316	13
2317	13
2318	13
2319	13
2320	13
2321	13
2322	13
2323	13
2324	13
2325	13
2326	13
2327	13
2328	13
2329	13
2330	2
2331	2
2332	2
2333	2
2334	2
2335	2
2336	2
2337	2
2338	2
2339	2
2340	2
2341	2
2342	2
2343	2
2344	2
2345	2
2346	13
2347	13
2348	13
2349	13
2350	13
2351	13
2352	13
2353	13
2354	13
2355	13
2356	13
2357	13
2358	13
2359	13
2360	13
2361	13
2362	13
2363	13
2364	13
2365	13
2366	6
2367	1
2368	6
2369	1
2370	6
2371	6
2372	6
2373	6
2374	6
2375	6
2376	6
2377	6
2378	6
2379	6
2380	6
2381	6
2382	6
2383	6
2384	6
2385	6
2386	6
2387	6
2388	6
2389	6
2390	6
2391	6
2392	6
2393	6
2394	6
2395	6
2396	6
2397	6
2398	6
2399	6
2400	6
2401	6
2402	6
2403	6
2404	6
2405	6
2406	6
2407	6
2408	6
2409	6
2410	6
2411	6
2412	6
2413	6
2414	6
2415	7
2416	7
2417	7
2418	7
2419	7
2420	7
2421	7
2422	7
2423	7
2424	7
2425	7
2426	7
2427	7
2428	7
2429	7
2430	7
2431	7
2432	7
2433	7
2434	7
2435	7
2436	7
2437	7
2438	7
2439	7
2440	7
2441	7
2442	7
2443	7
2444	7
2445	7
2446	7
2447	7
2448	7
2449	12
2450	12
2451	12
2452	12
2453	12
2454	12
2455	7
2456	12
2457	7
2458	12
2459	7
2460	7
2461	7
2462	7
2463	7
2464	7
2465	7
2466	7
2467	7
2468	7
2469	7
2470	7
2471	12
2472	7
2473	7
2474	7
2475	7
2476	7
2477	7
2478	7
2479	7
2480	7
2481	7
2482	7
2483	7
2484	7
2485	12
2486	12
2487	12
2488	12
2489	12
2490	12
2491	12
2492	12
2493	12
2494	12
2495	12
2496	7
2497	7
2498	7
2499	7
2500	7
2501	12
2502	7
2503	7
2504	7
2505	7
2506	7
2507	7
2508	7
2509	7
2510	7
2511	7
2512	7
2513	7
2514	7
2515	7
2516	12
2517	7
2518	12
2519	7
2520	12
2521	12
2522	7
2523	7
2524	7
2525	7
2526	7
2527	7
2528	7
2529	7
2530	7
2531	7
2532	7
2533	7
2534	7
2535	7
2536	7
2537	7
2538	7
2539	7
2540	7
2541	7
2542	7
2543	7
2544	7
2545	7
2546	7
2547	7
2548	7
2549	7
2550	7
2551	7
2552	7
2553	7
2554	12
2555	12
2556	12
2557	12
2558	7
2559	7
2560	7
2561	7
2562	7
2563	7
2564	7
2565	7
2566	7
2567	7
2568	7
2569	7
2570	7
2571	7
2572	7
2573	7
2574	7
2575	12
2576	12
2577	12
2578	12
2579	12
2580	12
2581	7
2582	7
2583	12
2584	12
2585	7
2586	7
2587	7
2588	7
2589	7
2590	7
2591	7
2592	7
2593	7
2594	7
2595	7
2596	7
2597	7
2598	7
2599	7
2600	7
2601	7
2602	7
2603	7
2604	7
2605	7
2606	10
2607	10
2608	10
2609	10
2610	10
2611	10
2612	10
2613	10
2614	10
2615	10
2616	10
2617	10
2618	10
2619	10
2620	10
2621	10
2622	10
2623	10
2624	10
2625	10
2626	10
2627	10
2628	10
2629	10
2630	10
2631	10
2632	10
2633	10
2634	10
2635	10
2636	10
2637	10
2638	10
2639	10
2640	12
2641	12
2642	12
2643	12
2644	12
2645	12
2646	12
2647	12
2648	12
2649	12
2650	12
2651	12
2652	12
2653	12
2654	12
2655	12
2656	12
2657	12
2658	12
2659	12
2660	12
2661	12
2662	12
2663	12
2664	12
2665	8
2666	12
2667	12
2668	8
2669	8
2670	12
2671	8
2672	12
2673	8
2674	12
2675	12
2676	12
2677	12
2678	12
2679	8
2680	12
2681	8
2682	8
2683	8
2684	8
2685	12
2686	12
2687	8
2688	2
2689	2
2690	2
2691	2
315	13
1657	6
