0	13
1	13
2	13
3	13
4	13
5	13
6	13
7	2
8	2
9	2
10	2
11	2
12	2
13	2
14	2
15	2
16	2
17	2
18	9
19	9
20	9
21	4
22	4
23	4
24	4
25	4
26	4
27	4
28	4
29	3
30	3
31	3
32	3
33	3
34	3
35	3
36	3
37	3
38	3
39	3
40	3
41	3
42	3
43	3
44	3
45	3
46	3
47	3
48	3
49	3
50	3
51	3
52	3
53	7
54	7
55	7
56	7
57	7
58	3
59	3
60	3
61	3
62	3
63	3
64	3
65	7
66	7
67	7
68	7
69	7
70	7
71	4
72	4
73	4
74	4
75	3
76	3
77	3
78	3
79	3
80	3
81	3
82	3
83	12
84	12
85	12
86	12
87	12
88	12
89	12
90	12
91	12
92	12
93	12
94	12
95	12
96	2
97	2
98	2
99	2
100	2
101	2
102	2
103	2
104	2
105	2
106	2
107	2
108	2
109	2
110	2
111	2
112	2
113	2
114	2
115	2
116	2
117	2
118	2
119	2
120	2
121	2
122	2
123	2
124	2
125	2
126	2
127	2
128	2
129	5
130	5
131	5
132	5
133	5
134	5
135	5
136	5
137	5
138	5
139	5
140	5
141	5
142	5
143	5
144	5
145	5
146	5
147	5
148	5
149	5
150	5
151	5
152	5
153	5
154	5
155	5
156	5
157	5
158	5
159	5
160	5
161	5
162	5
163	5
164	5
165	5
166	12
167	12
168	12
169	12
170	12
171	12
172	12
173	12
174	12
175	12
176	12
177	12
178	12
179	12
180	12
181	12
182	12
183	13
184	13
185	13
186	13
187	13
188	13
189	13
190	13
191	13
192	13
193	13
194	13
195	13
196	13
197	13
198	13
199	13
200	13
201	13
202	13
203	13
204	13
205	13
206	13
207	13
208	4
209	4
210	4
211	4
212	4
213	4
214	4
215	4
216	4
217	4
218	4
219	4
220	4
221	4
222	4
223	4
224	4
225	4
226	4
227	4
228	4
229	4
230	4
231	4
232	4
233	4
234	4
235	4
236	4
237	4
238	4
239	4
240	4
241	4
242	4
243	4
244	4
245	4
246	4
247	4
248	13
249	13
250	13
251	13
252	13
253	13
254	13
255	13
256	13
257	13
258	13
259	13
260	13
261	8
262	8
263	8
264	8
265	8
266	8
267	8
268	8
269	8
270	8
271	8
272	8
273	8
274	8
275	8
276	8
277	8
278	8
279	8
280	8
281	8
282	8
283	8
284	8
285	8
286	8
287	8
288	8
289	8
290	8
291	8
292	8
293	8
294	8
295	8
296	8
297	8
298	8
299	8
300	8
301	8
302	13
303	13
304	13
305	13
306	1
307	7
308	1
309	1
310	1
311	1
312	1
313	1
314	1
316	9
317	9
318	9
319	9
320	9
321	9
322	9
323	9
324	9
325	9
326	9
327	9
328	9
329	9
330	9
331	7
332	1
333	1
334	7
335	1
336	1
337	9
338	9
339	9
340	1
341	1
342	1
343	1
344	7
345	7
346	7
347	1
348	1
349	1
350	1
351	7
352	7
353	1
354	7
355	7
356	11
357	11
358	11
359	11
360	11
361	11
362	11
363	11
364	11
365	11
366	11
367	11
368	11
369	1
370	7
371	7
372	1
373	1
374	1
375	1
376	1
377	7
378	7
379	1
380	7
381	7
382	7
383	1
384	7
385	1
386	7
387	1
388	1
389	9
390	9
391	9
392	9
393	9
394	1
395	1
396	7
397	1
398	9
399	9
400	9
401	9
402	9
403	4
404	4
405	4
406	5
407	5
408	5
409	3
410	3
411	3
412	3
413	3
414	3
415	3
416	3
417	3
418	3
419	3
420	3
421	3
422	3
423	3
424	3
425	12
426	12
427	12
428	12
429	12
430	12
431	12
432	12
433	3
434	3
435	3
436	3
437	3
438	3
439	3
440	3
441	3
442	3
443	3
444	3
445	3
446	12
447	12
448	12
449	12
450	12
451	3
452	3
453	3
454	12
455	12
456	12
457	3
458	3
459	3
460	3
461	3
462	3
463	12
464	12
465	12
466	12
467	12
468	12
469	12
470	12
471	12
472	12
473	3
474	3
475	8
476	8
477	12
478	12
479	12
480	12
481	12
482	12
483	12
484	4
485	4
486	12
487	12
488	12
489	8
490	8
491	8
492	8
493	8
494	8
495	12
496	12
497	12
498	4
499	12
500	12
501	12
502	4
503	12
504	12
505	12
506	5
507	4
508	4
509	4
510	5
511	4
512	4
513	5
514	4
515	4
516	4
517	5
518	5
519	5
520	4
521	4
522	2
523	2
524	2
525	2
526	13
527	13
528	2
529	2
530	2
531	2
532	2
533	2
534	2
535	2
536	2
537	2
538	13
539	13
540	13
541	13
542	13
543	13
544	13
545	13
546	13
547	13
548	13
549	13
550	13
551	13
552	13
553	13
554	13
555	13
556	13
557	13
558	13
559	4
560	4
561	8
562	4
563	4
564	4
565	13
566	13
567	13
568	13
569	13
570	6
571	6
572	6
573	6
574	6
575	6
576	6
577	6
578	6
579	6
580	6
581	13
582	13
583	13
584	13
585	13
586	13
587	4
588	4
589	4
590	4
591	4
592	4
593	4
594	4
595	4
596	4
597	4
598	4
599	4
600	4
601	4
602	4
603	13
604	13
605	13
606	13
607	13
608	13
609	13
610	13
611	13
612	13
613	13
614	13
615	13
616	13
617	4
618	4
619	4
620	4
621	4
622	4
623	4
624	4
625	4
626	4
627	4
628	4
629	4
630	4
631	4
632	4
633	4
634	4
635	4
636	4
637	4
638	4
639	13
640	13
641	13
642	13
643	13
644	13
645	13
646	13
647	13
648	13
649	13
650	13
651	13
652	13
653	13
654	13
655	13
656	13
657	8
658	12
659	8
660	8
661	3
662	3
663	3
664	3
665	3
666	3
667	3
668	3
669	3
670	4
671	4
672	4
673	4
674	4
675	4
676	4
677	4
678	4
679	4
680	3
681	3
682	3
683	3
684	3
685	3
686	3
687	3
688	3
689	3
690	3
691	3
692	3
693	3
694	3
695	3
696	3
697	4
698	4
699	4
700	4
701	4
702	4
703	4
704	4
705	4
706	4
707	4
708	4
709	4
710	4
711	4
712	4
713	4
714	3
715	3
716	8
717	8
718	4
719	4
720	4
721	8
722	8
723	8
724	8
725	8
726	8
727	8
728	8
729	8
730	8
731	8
732	9
733	9
734	9
735	9
736	9
737	8
738	12
739	12
740	12
741	12
742	12
743	8
744	8
745	9
746	9
747	9
748	9
749	9
750	9
751	9
752	9
753	9
754	9
755	9
756	9
757	9
758	9
759	9
760	9
761	9
762	9
763	9
764	9
765	9
766	8
767	12
768	8
769	12
770	9
771	9
772	8
773	8
774	8
775	12
776	8
777	8
778	12
779	8
780	8
781	8
782	8
783	12
784	12
785	5
786	12
787	8
788	8
789	8
790	8
791	5
792	5
793	5
794	5
795	5
796	5
797	5
798	5
799	5
800	5
801	8
802	8
803	8
804	8
805	5
806	5
807	5
808	8
809	8
810	12
811	1
812	11
813	1
814	11
815	1
816	1
817	1
818	11
819	11
820	11
821	11
822	1
823	1
824	1
825	1
826	1
827	11
828	1
829	11
830	1
831	1
832	1
833	1
834	11
835	11
836	1
837	11
838	1
839	1
840	11
841	1
842	11
843	1
844	1
845	1
846	1
847	11
848	11
849	11
850	11
851	11
852	1
853	1
854	1
855	1
856	11
857	11
858	13
859	13
860	13
861	13
862	13
863	13
864	13
865	13
866	13
867	13
868	13
869	13
870	13
871	1
872	1
873	1
874	1
875	1
876	1
877	1
878	1
879	1
880	11
881	1
882	1
883	11
884	1
885	11
886	1
887	1
888	11
889	1
890	1
891	11
892	11
893	11
894	1
895	11
896	1
897	1
898	1
899	11
900	11
901	11
902	1
903	1
904	1
905	1
906	1
907	1
908	11
909	1
910	11
911	11
912	11
913	11
914	1
915	1
916	1
917	1
918	1
919	1
920	11
921	11
922	11
923	11
924	11
925	1
926	1
927	1
928	1
929	1
930	11
931	11
932	11
933	11
934	1
935	1
936	1
937	1
938	1
939	11
940	11
941	1
942	11
943	11
944	11
945	11
946	1
947	11
948	1
949	11
950	11
951	11
952	11
953	1
954	11
955	11
956	11
957	1
958	1
959	1
960	1
961	11
962	11
963	1
964	11
965	1
966	11
967	1
968	11
969	1
970	1
971	1
972	1
973	1
974	11
975	11
976	1
977	11
978	1
979	11
980	1
981	1
982	9
983	9
984	2
985	12
986	12
987	12
988	12
989	12
990	12
991	12
992	12
993	12
994	12
995	12
996	12
997	12
998	12
999	12
1000	12
1001	12
1002	12
1003	12
1004	12
1005	12
1006	12
1007	9
1008	2
1009	12
1010	2
1011	2
1012	2
1013	2
1014	9
1015	9
1016	9
1017	2
1018	2
1019	2
1020	9
1021	9
1022	9
1023	9
1024	9
1025	9
1026	9
1027	2
1028	9
1029	9
1030	9
1031	2
1032	9
1033	9
1034	9
1035	9
1036	9
1037	2
1038	9
1039	2
1040	9
1041	9
1042	2
1043	9
1044	9
1045	9
1046	9
1047	9
1048	2
1049	2
1050	9
1051	2
1052	9
1053	9
1054	9
1055	9
1056	2
1057	9
1058	9
1059	9
1060	9
1061	9
1062	2
1063	9
1064	9
1065	2
1066	2
1067	2
1068	9
1069	9
1070	2
1071	9
1072	9
1073	9
1074	9
1075	13
1076	13
1077	13
1078	13
1079	3
1080	3
1081	3
1082	13
1083	13
1084	13
1085	13
1086	3
1087	8
1088	8
1089	8
1090	8
1091	8
1092	8
1093	8
1094	4
1095	4
1096	4
1097	4
1098	4
1099	4
1100	4
1101	4
1102	4
1103	4
1104	4
1105	4
1106	4
1107	1
1108	1
1109	1
1110	1
1111	1
1112	1
1113	1
1114	1
1115	1
1116	1
1117	1
1118	1
1119	1
1120	1
1121	1
1122	1
1123	1
1124	1
1125	1
1126	1
1127	1
1128	1
1129	1
1130	1
1131	1
1132	1
1133	1
1134	1
1135	1
1136	1
1137	1
1138	1
1139	1
1140	1
1141	1
1142	1
1143	1
1144	1
1145	1
1146	1
1147	1
1148	1
1149	1
1150	1
1151	1
1152	1
1153	1
1154	7
1155	7
1156	7
1157	7
1158	7
1159	7
1160	7
1161	7
1162	7
1163	7
1164	7
1165	7
1166	7
1167	7
1168	7
1169	9
1170	2
1171	2
1172	2
1173	9
1174	9
1175	2
1176	9
1177	2
1178	2
1179	2
1180	2
1181	2
1182	9
1183	2
1184	2
1185	9
1186	9
1187	9
1188	9
1189	9
1190	2
1191	9
1192	2
1193	9
1194	2
1195	9
1196	9
1197	2
1198	2
1199	9
1200	11
1201	11
1202	2
1203	2
1204	2
1205	2
1206	2
1207	2
1208	2
1209	2
1210	2
1211	2
1212	2
1213	2
1214	2
1215	2
1216	2
1217	2
1218	2
1219	2
1220	2
1221	2
1222	2
1223	11
1224	2
1225	2
1226	2
1227	2
1228	2
1229	11
1230	2
1231	2
1232	11
1233	2
1234	2
1235	2
1236	11
1237	11
1238	11
1239	2
1240	4
1241	4
1242	4
1243	4
1244	4
1245	4
1246	4
1247	4
1248	4
1249	4
1250	4
1251	4
1252	4
1253	3
1254	3
1255	3
1256	3
1257	3
1258	4
1259	4
1260	4
1261	4
1262	4
1263	4
1264	3
1265	3
1266	3
1267	3
1268	3
1269	3
1270	3
1271	3
1272	3
1273	3
1274	3
1275	3
1276	3
1277	3
1278	5
1279	5
1280	5
1281	4
1282	4
1283	4
1284	3
1285	3
1286	3
1287	3
1288	5
1289	5
1290	5
1291	5
1292	5
1293	5
1294	5
1295	5
1296	5
1297	5
1298	5
1299	5
1300	5
1301	5
1302	5
1303	3
1304	3
1305	3
1306	3
1307	3
1308	3
1309	3
1310	3
1311	3
1312	3
1313	3
1314	1
1315	1
1316	1
1317	1
1318	1
1319	1
1320	1
1321	1
1322	1
1323	1
1324	1
1325	1
1326	1
1327	1
1328	1
1329	1
1330	1
1331	1
1332	1
1333	1
1334	1
1335	1
1336	1
1337	1
1338	1
1339	1
1340	1
1341	1
1342	1
1343	1
1344	1
1345	1
1346	3
1347	3
1348	3
1349	3
1350	3
1351	3
1352	3
1353	3
1354	3
1355	3
1356	3
1357	3
1358	3
1359	3
1360	3
1361	3
1362	3
1363	11
1364	11
1365	11
1366	11
1367	11
1368	11
1369	11
1370	11
1371	11
1372	11
1373	11
1374	11
1375	11
1376	11
1377	11
1378	11
1379	11
1380	11
1381	7
1382	7
1383	7
1384	7
1385	7
1386	7
1387	7
1388	7
1389	7
1390	7
1391	7
1392	7
1393	7
1394	7
1395	7
1396	7
1397	3
1398	3
1399	3
1400	3
1401	3
1402	3
1403	3
1404	3
1405	3
1406	3
1407	3
1408	3
1409	3
1410	3
1411	3
1412	3
1413	3
1414	3
1415	3
1416	3
1417	3
1418	3
1419	3
1420	3
1421	3
1422	3
1423	3
1424	3
1425	3
1426	3
1427	3
1428	2
1429	2
1430	2
1431	2
1432	2
1433	2
1434	2
1435	2
1436	2
1437	2
1438	2
1439	2
1440	6
1441	2
1442	2
1443	2
1444	2
1445	2
1446	2
1447	2
1448	2
1449	2
1450	2
1451	2
1452	2
1453	2
1454	2
1455	2
1456	2
1457	2
1458	2
1459	2
1460	2
1461	2
1462	2
1463	2
1464	6
1465	4
1466	4
1467	4
1468	4
1469	5
1470	4
1471	4
1472	4
1473	5
1474	4
1475	4
1476	5
1477	4
1478	4
1479	4
1480	4
1481	4
1482	4
1483	4
1484	4
1485	4
1486	4
1487	5
1488	4
1489	9
1490	9
1491	9
1492	9
1493	9
1494	9
1495	9
1496	9
1497	9
1498	9
1499	9
1500	9
1501	13
1502	13
1503	13
1504	13
1505	13
1506	13
1507	13
1508	13
1509	13
1510	13
1511	13
1512	13
1513	13
1514	13
1515	13
1516	13
1517	13
1518	13
1519	13
1520	13
1521	13
1522	13
1523	13
1524	13
1525	13
1526	13
1527	13
1528	13
1529	12
1530	12
1531	12
1532	12
1533	12
1534	12
1535	12
1536	12
1537	12
1538	12
1539	12
1540	12
1541	12
1542	12
1543	12
1544	12
1545	12
1546	12
1547	12
1548	12
1549	12
1550	12
1551	12
1552	11
1553	11
1554	11
1555	11
1556	11
1557	11
1558	11
1559	11
1560	11
1561	11
1562	11
1563	11
1564	11
1565	11
1566	11
1567	11
1568	11
1569	11
1570	11
1571	11
1572	11
1573	11
1574	11
1575	11
1576	9
1577	9
1578	9
1579	9
1580	9
1581	9
1582	9
1583	9
1584	9
1585	9
1586	9
1587	9
1588	9
1589	9
1590	9
1591	9
1592	9
1593	3
1594	3
1595	3
1596	3
1597	3
1598	3
1599	3
1600	3
1601	3
1602	6
1603	6
1604	6
1605	6
1606	6
1607	6
1608	6
1609	6
1610	6
1611	6
1612	6
1613	6
1614	6
1615	6
1616	6
1617	6
1618	4
1619	4
1620	4
1621	4
1622	4
1623	4
1624	4
1625	4
1626	4
1627	4
1628	4
1629	2
1630	2
1631	2
1632	2
1633	2
1634	2
1635	2
1636	2
1637	2
1638	2
1639	2
1640	2
1641	2
1642	2
1643	2
1644	4
1645	4
1646	4
1647	4
1648	4
1649	2
1650	2
1651	2
1652	2
1653	2
1654	2
1655	2
1656	2
1658	2
1659	2
1660	2
1661	2
1662	2
1663	2
1664	2
1665	2
1666	2
1667	2
1668	2
1669	2
1670	2
1671	2
1672	2
1673	4
1674	2
1675	2
1676	2
1677	4
1678	8
1679	8
1680	8
1681	8
1682	8
1683	8
1684	8
1685	3
1686	3
1687	3
1688	9
1689	9
1690	9
1691	9
1692	9
1693	9
1694	9
1695	3
1696	9
1697	9
1698	9
1699	3
1700	3
1701	9
1702	9
1703	10
1704	10
1705	9
1706	9
1707	9
1708	9
1709	9
1710	9
1711	9
1712	9
1713	4
1714	4
1715	4
1716	4
1717	4
1718	4
1719	4
1720	4
1721	4
1722	4
1723	4
1724	4
1725	9
1726	9
1727	9
1728	4
1729	9
1730	9
1731	9
1732	9
1733	9
1734	9
1735	9
1736	9
1737	9
1738	9
1739	9
1740	9
1741	9
1742	13
1743	10
1744	10
1745	13
1746	13
1747	10
1748	13
1749	10
1750	10
1751	10
1752	13
1753	13
1754	10
1755	13
1756	10
1757	4
1758	4
1759	4
1760	4
1761	13
1762	13
1763	13
1764	10
1765	13
1766	10
1767	10
1768	13
1769	10
1770	13
1771	13
1772	10
1773	13
1774	4
1775	4
1776	4
1777	4
1778	4
1779	4
1780	4
1781	4
1782	4
1783	4
1784	4
1785	4
1786	4
1787	10
1788	13
1789	13
1790	10
1791	10
1792	10
1793	13
1794	10
1795	4
1796	4
1797	4
1798	4
1799	13
1800	13
1801	13
1802	13
1803	13
1804	10
1805	13
1806	10
1807	13
1808	13
1809	2
1810	6
1811	6
1812	6
1813	6
1814	6
1815	6
1816	2
1817	6
1818	6
1819	2
1820	2
1821	6
1822	6
1823	6
1824	6
1825	6
1826	6
1827	6
1828	6
1829	6
1830	8
1831	8
1832	8
1833	8
1834	8
1835	6
1836	6
1837	8
1838	2
1839	6
1840	11
1841	11
1842	11
1843	11
1844	11
1845	2
1846	6
1847	2
1848	6
1849	6
1850	6
1851	6
1852	6
1853	6
1854	6
1855	6
1856	6
1857	4
1858	4
1859	4
1860	4
1861	4
1862	4
1863	6
1864	2
1865	2
1866	2
1867	6
1868	2
1869	6
1870	2
1871	6
1872	8
1873	8
1874	8
1875	8
1876	8
1877	8
1878	8
1879	8
1880	8
1881	8
1882	8
1883	8
1884	8
1885	8
1886	8
1887	8
1888	8
1889	8
1890	8
1891	8
1892	8
1893	8
1894	8
1895	13
1896	13
1897	13
1898	7
1899	7
1900	7
1901	7
1902	7
1903	7
1904	3
1905	3
1906	3
1907	3
1908	3
1909	13
1910	13
1911	13
1912	3
1913	3
1914	3
1915	3
1916	7
1917	7
1918	7
1919	7
1920	7
1921	7
1922	7
1923	7
1924	3
1925	3
1926	3
1927	3
1928	3
1929	3
1930	3
1931	3
1932	3
1933	3
1934	3
1935	3
1936	13
1937	3
1938	3
1939	3
1940	3
1941	13
1942	3
1943	3
1944	3
1945	3
1946	3
1947	3
1948	3
1949	3
1950	3
1951	3
1952	3
1953	3
1954	3
1955	13
1956	13
1957	13
1958	13
1959	3
1960	3
1961	3
1962	13
1963	13
1964	13
1965	3
1966	3
1967	3
1968	3
1969	3
1970	13
1971	3
1972	13
1973	13
1974	13
1975	3
1976	12
1977	12
1978	12
1979	12
1980	12
1981	12
1982	12
1983	12
1984	12
1985	12
1986	12
1987	12
1988	12
1989	12
1990	12
1991	12
1992	12
1993	12
1994	12
1995	12
1996	12
1997	12
1998	12
1999	12
2000	12
2001	12
2002	12
2003	12
2004	12
2005	12
2006	12
2007	12
2008	12
2009	12
2010	12
2011	12
2012	12
2013	12
2014	12
2015	12
2016	12
2017	8
2018	8
2019	8
2020	8
2021	8
2022	8
2023	8
2024	8
2025	8
2026	8
2027	8
2028	8
2029	8
2030	12
2031	12
2032	12
2033	12
2034	8
2035	8
2036	8
2037	8
2038	8
2039	8
2040	8
2041	8
2042	8
2043	8
2044	8
2045	8
2046	8
2047	12
2048	8
2049	8
2050	8
2051	8
2052	8
2053	8
2054	8
2055	8
2056	8
2057	12
2058	6
2059	6
2060	6
2061	6
2062	6
2063	6
2064	6
2065	6
2066	6
2067	6
2068	8
2069	8
2070	8
2071	4
2072	8
2073	4
2074	8
2075	8
2076	8
2077	4
2078	4
2079	8
2080	4
2081	8
2082	8
2083	8
2084	8
2085	8
2086	8
2087	8
2088	8
2089	9
2090	9
2091	9
2092	9
2093	9
2094	9
2095	9
2096	13
2097	13
2098	13
2099	13
2100	13
2101	13
2102	13
2103	13
2104	13
2105	13
2106	13
2107	13
2108	13
2109	13
2110	13
2111	13
2112	13
2113	6
2114	10
2115	10
2116	10
2117	10
2118	6
2119	6
2120	10
2121	10
2122	6
2123	6
2124	8
2125	10
2126	10
2127	10
2128	10
2129	10
2130	6
2131	10
2132	10
2133	6
2134	10
2135	10
2136	6
2137	6
2138	6
2139	10
2140	6
2141	10
2142	6
2143	6
2144	6
2145	10
2146	6
2147	6
2148	10
2149	6
2150	10
2151	10
2152	10
2153	10
2154	6
2155	6
2156	6
2157	6
2158	10
2159	6
2160	10
2161	10
2162	10
2163	10
2164	10
2165	10
2166	10
2167	6
2168	10
2169	10
2170	10
2171	6
2172	10
2173	10
2174	6
2175	6
2176	6
2177	6
2178	10
2179	10
2180	10
2181	10
2182	10
2183	10
2184	10
2185	10
2186	10
2187	10
2188	6
2189	10
2190	10
2191	10
2192	10
2193	10
2194	6
2195	6
2196	6
2197	6
2198	10
2199	6
2200	10
2201	6
2202	6
2203	6
2204	10
2205	10
2206	10
2207	10
2208	10
2209	10
2210	10
2211	6
2212	6
2213	10
2214	10
2215	6
2216	6
2217	10
2218	10
2219	10
2220	10
2221	10
2222	6
2223	6
2224	10
2225	10
2226	10
2227	10
2228	6
2229	6
2230	10
2231	10
2232	10
2233	6
2234	6
2235	10
2236	6
2237	6
2238	6
2239	10
2240	10
2241	6
2242	6
2243	6
2244	6
2245	6
2246	10
2247	10
2248	10
2249	10
2250	10
2251	10
2252	10
2253	6
2254	6
2255	6
2256	10
2257	10
2258	10
2259	10
2260	10
2261	10
2262	10
2263	10
2264	10
2265	10
2266	6
2267	10
2268	10
2269	6
2270	6
2271	10
2272	10
2273	10
2274	10
2275	10
2276	10
2277	6
2278	6
2279	6
2280	10
2281	10
2282	6
2283	6
2284	8
2285	8
2286	6
2287	6
2288	10
2289	10
2290	10
2291	10
2292	10
2293	10
2294	10
2295	10
2296	10
2297	6
2298	6
2299	6
2300	6
2301	10
2302	6
2303	10
2304	6
2305	10
2306	10
2307	10
2308	10
2309	8
2310	8
2311	8
2312	9
2313	9
2314	9
2315	9
2316	9
2317	9
2318	9
2319	9
2320	9
2321	9
2322	9
2323	9
2324	9
2325	9
2326	9
2327	9
2328	9
2329	9
2330	13
2331	13
2332	13
2333	13
2334	13
2335	13
2336	13
2337	13
2338	13
2339	13
2340	13
2341	13
2342	13
2343	13
2344	13
2345	13
2346	9
2347	9
2348	9
2349	9
2350	9
2351	9
2352	9
2353	9
2354	9
2355	9
2356	9
2357	9
2358	9
2359	9
2360	9
2361	9
2362	9
2363	9
2364	9
2365	9
2366	6
2367	6
2368	6
2369	6
2370	6
2371	6
2372	6
2373	6
2374	6
2375	6
2376	6
2377	6
2378	6
2379	6
2380	6
2381	6
2382	6
2383	6
2384	6
2385	6
2386	6
2387	6
2388	6
2389	6
2390	6
2391	6
2392	6
2393	6
2394	6
2395	6
2396	6
2397	6
2398	6
2399	6
2400	6
2401	6
2402	6
2403	6
2404	6
2405	6
2406	6
2407	6
2408	6
2409	6
2410	6
2411	6
2412	6
2413	6
2414	6
2415	7
2416	7
2417	7
2418	7
2419	5
2420	5
2421	5
2422	7
2423	7
2424	7
2425	7
2426	7
2427	5
2428	5
2429	5
2430	5
2431	7
2432	7
2433	7
2434	7
2435	7
2436	7
2437	7
2438	5
2439	5
2440	7
2441	7
2442	7
2443	7
2444	7
2445	7
2446	7
2447	5
2448	7
2449	7
2450	7
2451	7
2452	7
2453	7
2454	7
2455	7
2456	7
2457	7
2458	7
2459	7
2460	5
2461	7
2462	7
2463	7
2464	7
2465	7
2466	7
2467	7
2468	7
2469	7
2470	7
2471	7
2472	7
2473	5
2474	5
2475	7
2476	7
2477	7
2478	7
2479	7
2480	7
2481	7
2482	7
2483	7
2484	7
2485	7
2486	7
2487	7
2488	7
2489	7
2490	7
2491	7
2492	7
2493	7
2494	7
2495	7
2496	5
2497	5
2498	5
2499	5
2500	7
2501	7
2502	7
2503	7
2504	7
2505	7
2506	7
2507	7
2508	5
2509	5
2510	5
2511	7
2512	5
2513	5
2514	5
2515	7
2516	5
2517	5
2518	7
2519	5
2520	7
2521	5
2522	5
2523	5
2524	7
2525	5
2526	5
2527	5
2528	7
2529	5
2530	5
2531	5
2532	5
2533	5
2534	5
2535	5
2536	5
2537	5
2538	5
2539	5
2540	5
2541	5
2542	5
2543	7
2544	5
2545	5
2546	5
2547	7
2548	7
2549	7
2550	5
2551	5
2552	5
2553	5
2554	5
2555	5
2556	5
2557	5
2558	7
2559	7
2560	7
2561	7
2562	5
2563	5
2564	7
2565	5
2566	7
2567	7
2568	5
2569	5
2570	5
2571	7
2572	5
2573	7
2574	5
2575	7
2576	7
2577	5
2578	7
2579	5
2580	5
2581	5
2582	7
2583	7
2584	5
2585	7
2586	7
2587	5
2588	5
2589	5
2590	5
2591	5
2592	5
2593	5
2594	7
2595	7
2596	7
2597	7
2598	7
2599	7
2600	5
2601	5
2602	7
2603	7
2604	5
2605	5
2606	8
2607	8
2608	8
2609	8
2610	8
2611	8
2612	8
2613	8
2614	8
2615	8
2616	8
2617	8
2618	8
2619	8
2620	8
2621	8
2622	8
2623	8
2624	8
2625	8
2626	8
2627	8
2628	8
2629	8
2630	8
2631	8
2632	8
2633	8
2634	8
2635	8
2636	8
2637	8
2638	8
2639	8
2640	11
2641	11
2642	12
2643	12
2644	12
2645	11
2646	11
2647	11
2648	11
2649	12
2650	12
2651	11
2652	11
2653	11
2654	11
2655	11
2656	12
2657	12
2658	12
2659	12
2660	12
2661	12
2662	12
2663	12
2664	11
2665	11
2666	11
2667	11
2668	11
2669	11
2670	11
2671	11
2672	12
2673	11
2674	12
2675	12
2676	11
2677	11
2678	12
2679	11
2680	11
2681	11
2682	11
2683	11
2684	11
2685	11
2686	12
2687	12
2688	13
2689	13
2690	13
2691	13
315	9
1657	2
