0	9
1	9
2	9
3	9
4	9
5	9
6	9
7	8
8	8
9	6
10	6
11	6
12	8
13	8
14	8
15	8
16	6
17	6
18	7
19	7
20	7
21	5
22	5
23	5
24	5
25	5
26	5
27	5
28	5
29	7
30	7
31	7
32	7
33	7
34	7
35	7
36	7
37	7
38	7
39	7
40	7
41	7
42	7
43	7
44	7
45	7
46	7
47	7
48	7
49	2
50	2
51	2
52	2
53	6
54	6
55	6
56	6
57	6
58	2
59	2
60	2
61	2
62	2
63	2
64	2
65	6
66	6
67	6
68	6
69	6
70	6
71	5
72	5
73	5
74	5
75	2
76	2
77	2
78	2
79	2
80	2
81	2
82	2
83	13
84	13
85	13
86	13
87	13
88	13
89	13
90	13
91	13
92	13
93	13
94	13
95	13
96	6
97	8
98	6
99	6
100	8
101	8
102	8
103	6
104	8
105	6
106	8
107	6
108	6
109	8
110	8
111	6
112	6
113	6
114	8
115	8
116	8
117	6
118	8
119	6
120	8
121	6
122	6
123	8
124	6
125	6
126	6
127	6
128	6
129	13
130	13
131	13
132	13
133	13
134	13
135	13
136	13
137	13
138	13
139	13
140	13
141	13
142	13
143	13
144	13
145	13
146	13
147	13
148	13
149	13
150	13
151	13
152	13
153	13
154	13
155	13
156	13
157	13
158	13
159	13
160	13
161	13
162	13
163	13
164	13
165	13
166	10
167	10
168	10
169	10
170	10
171	10
172	10
173	10
174	10
175	10
176	10
177	10
178	10
179	10
180	10
181	10
182	10
183	2
184	2
185	2
186	2
187	2
188	2
189	2
190	2
191	2
192	2
193	2
194	2
195	2
196	2
197	2
198	2
199	2
200	2
201	2
202	2
203	2
204	2
205	2
206	2
207	2
208	5
209	5
210	5
211	5
212	5
213	5
214	5
215	5
216	5
217	5
218	5
219	5
220	5
221	5
222	5
223	5
224	5
225	5
226	5
227	5
228	5
229	5
230	5
231	5
232	5
233	5
234	5
235	5
236	5
237	5
238	5
239	5
240	5
241	5
242	5
243	5
244	5
245	5
246	5
247	5
248	2
249	2
250	2
251	2
252	2
253	2
254	2
255	2
256	2
257	2
258	2
259	2
260	2
261	5
262	5
263	5
264	5
265	5
266	5
267	5
268	4
269	4
270	4
271	5
272	5
273	5
274	5
275	5
276	5
277	5
278	4
279	4
280	4
281	4
282	4
283	4
284	4
285	4
286	4
287	4
288	4
289	4
290	4
291	4
292	4
293	4
294	4
295	4
296	4
297	4
298	4
299	4
300	4
301	4
302	2
303	2
304	2
305	2
306	12
307	11
308	12
309	11
310	11
311	12
312	12
313	12
314	12
316	7
317	7
318	7
319	7
320	7
321	7
322	7
323	7
324	7
325	7
326	7
327	7
328	7
329	7
330	7
331	12
332	12
333	12
334	12
335	12
336	11
337	7
338	7
339	7
340	12
341	12
342	12
343	12
344	12
345	11
346	12
347	12
348	12
349	12
350	11
351	12
352	12
353	11
354	11
355	11
356	13
357	13
358	13
359	13
360	13
361	13
362	13
363	13
364	13
365	13
366	13
367	13
368	13
369	11
370	11
371	11
372	11
373	11
374	12
375	11
376	11
377	12
378	12
379	11
380	12
381	12
382	12
383	12
384	12
385	12
386	12
387	12
388	12
389	7
390	7
391	7
392	7
393	7
394	12
395	11
396	12
397	12
398	7
399	7
400	7
401	7
402	7
403	5
404	5
405	5
406	12
407	12
408	12
409	9
410	9
411	9
412	9
413	9
414	9
415	9
416	9
417	9
418	9
419	9
420	9
421	9
422	9
423	9
424	9
425	10
426	10
427	10
428	10
429	10
430	10
431	10
432	10
433	9
434	9
435	9
436	9
437	9
438	9
439	9
440	9
441	9
442	9
443	9
444	9
445	9
446	10
447	10
448	10
449	10
450	10
451	9
452	9
453	9
454	10
455	10
456	10
457	9
458	9
459	9
460	9
461	9
462	9
463	10
464	10
465	10
466	10
467	10
468	10
469	10
470	10
471	10
472	10
473	9
474	9
475	4
476	4
477	10
478	10
479	10
480	10
481	10
482	10
483	10
484	5
485	5
486	10
487	10
488	10
489	4
490	4
491	4
492	4
493	4
494	4
495	10
496	10
497	10
498	5
499	10
500	10
501	10
502	5
503	10
504	10
505	10
506	12
507	5
508	5
509	5
510	12
511	5
512	5
513	12
514	5
515	5
516	5
517	12
518	12
519	12
520	5
521	5
522	8
523	8
524	8
525	8
526	2
527	2
528	8
529	8
530	8
531	8
532	8
533	8
534	8
535	8
536	8
537	8
538	2
539	2
540	2
541	2
542	2
543	2
544	2
545	2
546	2
547	2
548	2
549	2
550	2
551	2
552	2
553	2
554	2
555	2
556	2
557	2
558	2
559	5
560	5
561	5
562	5
563	5
564	5
565	2
566	2
567	2
568	2
569	2
570	8
571	8
572	8
573	8
574	8
575	8
576	8
577	8
578	8
579	8
580	8
581	2
582	2
583	2
584	2
585	2
586	2
587	5
588	5
589	5
590	5
591	5
592	5
593	5
594	5
595	5
596	5
597	5
598	5
599	5
600	5
601	5
602	5
603	2
604	2
605	2
606	2
607	2
608	2
609	2
610	2
611	2
612	2
613	2
614	2
615	2
616	2
617	5
618	5
619	5
620	5
621	5
622	5
623	5
624	5
625	5
626	5
627	5
628	5
629	5
630	5
631	5
632	5
633	5
634	5
635	5
636	5
637	5
638	5
639	2
640	2
641	2
642	2
643	2
644	2
645	2
646	2
647	2
648	2
649	2
650	2
651	2
652	2
653	2
654	2
655	2
656	2
657	4
658	4
659	4
660	4
661	9
662	9
663	9
664	9
665	9
666	9
667	9
668	9
669	9
670	10
671	10
672	10
673	10
674	10
675	10
676	10
677	10
678	10
679	10
680	9
681	9
682	9
683	9
684	9
685	9
686	9
687	9
688	9
689	9
690	9
691	9
692	9
693	9
694	9
695	9
696	9
697	10
698	10
699	10
700	10
701	10
702	10
703	10
704	10
705	10
706	10
707	10
708	10
709	10
710	10
711	10
712	10
713	10
714	9
715	9
716	5
717	5
718	10
719	10
720	10
721	5
722	5
723	5
724	5
725	5
726	5
727	5
728	5
729	5
730	5
731	5
732	7
733	7
734	7
735	7
736	7
737	4
738	4
739	4
740	4
741	4
742	4
743	4
744	4
745	7
746	7
747	7
748	7
749	7
750	7
751	7
752	7
753	7
754	7
755	7
756	7
757	7
758	7
759	7
760	7
761	7
762	7
763	7
764	7
765	7
766	4
767	4
768	4
769	4
770	7
771	7
772	4
773	4
774	4
775	4
776	4
777	4
778	4
779	4
780	4
781	4
782	4
783	4
784	4
785	12
786	4
787	4
788	4
789	4
790	4
791	12
792	12
793	12
794	12
795	12
796	12
797	12
798	12
799	12
800	12
801	4
802	4
803	4
804	4
805	12
806	12
807	12
808	4
809	4
810	4
811	1
812	1
813	1
814	1
815	1
816	1
817	1
818	1
819	1
820	1
821	1
822	1
823	1
824	1
825	1
826	1
827	1
828	1
829	1
830	1
831	1
832	1
833	1
834	1
835	1
836	1
837	1
838	1
839	1
840	1
841	1
842	1
843	1
844	1
845	1
846	1
847	1
848	1
849	1
850	1
851	1
852	1
853	1
854	1
855	1
856	1
857	1
858	2
859	2
860	2
861	2
862	2
863	2
864	2
865	2
866	2
867	2
868	2
869	2
870	2
871	1
872	1
873	1
874	1
875	1
876	1
877	1
878	1
879	1
880	1
881	1
882	1
883	1
884	1
885	1
886	1
887	1
888	1
889	1
890	1
891	1
892	1
893	1
894	1
895	1
896	1
897	1
898	1
899	1
900	1
901	1
902	1
903	1
904	1
905	1
906	1
907	1
908	1
909	1
910	1
911	1
912	1
913	1
914	1
915	1
916	1
917	1
918	1
919	1
920	1
921	1
922	1
923	1
924	1
925	1
926	1
927	1
928	1
929	1
930	1
931	1
932	1
933	1
934	1
935	1
936	1
937	1
938	1
939	1
940	1
941	1
942	1
943	1
944	1
945	1
946	1
947	1
948	1
949	1
950	1
951	1
952	1
953	1
954	1
955	1
956	1
957	1
958	1
959	1
960	1
961	1
962	1
963	1
964	1
965	1
966	1
967	1
968	1
969	1
970	1
971	1
972	1
973	1
974	1
975	1
976	1
977	1
978	1
979	1
980	1
981	1
982	1
983	1
984	1
985	10
986	10
987	10
988	10
989	10
990	10
991	10
992	10
993	10
994	10
995	10
996	10
997	10
998	10
999	10
1000	10
1001	10
1002	10
1003	10
1004	10
1005	10
1006	10
1007	1
1008	1
1009	10
1010	6
1011	1
1012	1
1013	1
1014	1
1015	1
1016	1
1017	6
1018	1
1019	1
1020	1
1021	1
1022	1
1023	1
1024	1
1025	1
1026	1
1027	6
1028	1
1029	1
1030	1
1031	1
1032	1
1033	1
1034	1
1035	6
1036	6
1037	6
1038	1
1039	1
1040	1
1041	6
1042	6
1043	1
1044	1
1045	1
1046	1
1047	6
1048	1
1049	1
1050	6
1051	1
1052	1
1053	1
1054	6
1055	6
1056	6
1057	6
1058	1
1059	1
1060	1
1061	1
1062	1
1063	6
1064	1
1065	6
1066	6
1067	6
1068	6
1069	1
1070	6
1071	1
1072	1
1073	1
1074	1
1075	2
1076	2
1077	2
1078	2
1079	2
1080	2
1081	2
1082	2
1083	2
1084	2
1085	2
1086	2
1087	4
1088	4
1089	4
1090	4
1091	4
1092	4
1093	4
1094	5
1095	5
1096	5
1097	5
1098	5
1099	5
1100	5
1101	5
1102	5
1103	5
1104	5
1105	5
1106	5
1107	13
1108	13
1109	13
1110	13
1111	13
1112	13
1113	13
1114	12
1115	13
1116	12
1117	13
1118	12
1119	13
1120	13
1121	13
1122	12
1123	13
1124	12
1125	12
1126	13
1127	13
1128	13
1129	13
1130	13
1131	12
1132	12
1133	12
1134	13
1135	13
1136	6
1137	6
1138	6
1139	6
1140	13
1141	13
1142	13
1143	13
1144	13
1145	13
1146	12
1147	12
1148	13
1149	13
1150	13
1151	13
1152	13
1153	12
1154	12
1155	12
1156	12
1157	12
1158	12
1159	12
1160	12
1161	12
1162	12
1163	12
1164	12
1165	12
1166	12
1167	12
1168	12
1169	1
1170	6
1171	1
1172	1
1173	1
1174	1
1175	6
1176	1
1177	1
1178	1
1179	1
1180	1
1181	1
1182	1
1183	1
1184	6
1185	1
1186	1
1187	1
1188	1
1189	1
1190	6
1191	6
1192	1
1193	1
1194	6
1195	1
1196	6
1197	1
1198	6
1199	1
1200	6
1201	6
1202	6
1203	6
1204	6
1205	6
1206	6
1207	6
1208	6
1209	6
1210	6
1211	6
1212	6
1213	6
1214	6
1215	6
1216	6
1217	6
1218	6
1219	6
1220	6
1221	6
1222	6
1223	6
1224	6
1225	6
1226	6
1227	6
1228	6
1229	6
1230	6
1231	6
1232	6
1233	6
1234	6
1235	6
1236	6
1237	6
1238	6
1239	6
1240	5
1241	5
1242	5
1243	5
1244	5
1245	5
1246	5
1247	5
1248	5
1249	5
1250	5
1251	5
1252	5
1253	7
1254	7
1255	7
1256	7
1257	7
1258	5
1259	5
1260	5
1261	5
1262	5
1263	5
1264	7
1265	7
1266	7
1267	7
1268	7
1269	7
1270	7
1271	7
1272	7
1273	7
1274	7
1275	9
1276	7
1277	7
1278	12
1279	12
1280	12
1281	5
1282	5
1283	5
1284	7
1285	7
1286	7
1287	9
1288	12
1289	12
1290	12
1291	12
1292	12
1293	12
1294	12
1295	12
1296	12
1297	12
1298	12
1299	12
1300	12
1301	12
1302	12
1303	2
1304	2
1305	2
1306	2
1307	2
1308	2
1309	2
1310	2
1311	2
1312	2
1313	2
1314	6
1315	6
1316	6
1317	6
1318	6
1319	6
1320	6
1321	6
1322	6
1323	6
1324	6
1325	6
1326	6
1327	6
1328	6
1329	6
1330	6
1331	6
1332	6
1333	6
1334	6
1335	6
1336	6
1337	6
1338	6
1339	6
1340	6
1341	6
1342	6
1343	6
1344	6
1345	6
1346	2
1347	2
1348	2
1349	2
1350	2
1351	2
1352	2
1353	2
1354	2
1355	2
1356	2
1357	2
1358	2
1359	2
1360	2
1361	2
1362	2
1363	6
1364	6
1365	6
1366	13
1367	13
1368	6
1369	13
1370	13
1371	13
1372	6
1373	6
1374	6
1375	6
1376	6
1377	6
1378	6
1379	13
1380	13
1381	12
1382	12
1383	12
1384	12
1385	12
1386	12
1387	12
1388	12
1389	12
1390	12
1391	12
1392	12
1393	12
1394	12
1395	12
1396	12
1397	9
1398	2
1399	9
1400	2
1401	9
1402	2
1403	2
1404	9
1405	2
1406	2
1407	2
1408	2
1409	2
1410	9
1411	2
1412	2
1413	9
1414	2
1415	2
1416	2
1417	9
1418	9
1419	2
1420	9
1421	2
1422	9
1423	9
1424	9
1425	9
1426	9
1427	9
1428	8
1429	8
1430	8
1431	8
1432	8
1433	8
1434	8
1435	8
1436	8
1437	8
1438	8
1439	8
1440	8
1441	6
1442	6
1443	6
1444	6
1445	6
1446	6
1447	6
1448	6
1449	6
1450	6
1451	6
1452	6
1453	6
1454	6
1455	8
1456	8
1457	8
1458	8
1459	8
1460	8
1461	8
1462	8
1463	8
1464	8
1465	5
1466	5
1467	5
1468	5
1469	5
1470	5
1471	5
1472	5
1473	5
1474	5
1475	5
1476	5
1477	5
1478	5
1479	5
1480	5
1481	5
1482	5
1483	5
1484	5
1485	5
1486	5
1487	5
1488	5
1489	7
1490	7
1491	7
1492	7
1493	7
1494	7
1495	7
1496	7
1497	7
1498	7
1499	7
1500	7
1501	9
1502	9
1503	9
1504	9
1505	9
1506	9
1507	9
1508	9
1509	9
1510	9
1511	9
1512	9
1513	9
1514	9
1515	9
1516	9
1517	9
1518	9
1519	9
1520	9
1521	9
1522	9
1523	9
1524	9
1525	9
1526	9
1527	9
1528	9
1529	4
1530	4
1531	10
1532	10
1533	10
1534	10
1535	10
1536	4
1537	4
1538	10
1539	10
1540	10
1541	10
1542	4
1543	4
1544	4
1545	4
1546	4
1547	4
1548	10
1549	10
1550	4
1551	4
1552	13
1553	13
1554	13
1555	13
1556	13
1557	13
1558	13
1559	13
1560	13
1561	13
1562	13
1563	13
1564	13
1565	13
1566	13
1567	13
1568	13
1569	13
1570	13
1571	13
1572	13
1573	13
1574	13
1575	13
1576	7
1577	7
1578	7
1579	7
1580	7
1581	7
1582	7
1583	7
1584	7
1585	7
1586	7
1587	7
1588	7
1589	7
1590	7
1591	7
1592	7
1593	2
1594	2
1595	2
1596	2
1597	2
1598	2
1599	2
1600	2
1601	2
1602	8
1603	8
1604	8
1605	8
1606	8
1607	8
1608	8
1609	8
1610	8
1611	8
1612	8
1613	8
1614	8
1615	8
1616	8
1617	8
1618	5
1619	5
1620	5
1621	5
1622	5
1623	5
1624	5
1625	5
1626	5
1627	5
1628	5
1629	6
1630	6
1631	6
1632	6
1633	6
1634	6
1635	6
1636	6
1637	6
1638	6
1639	6
1640	6
1641	6
1642	6
1643	6
1644	5
1645	5
1646	5
1647	5
1648	5
1649	6
1650	6
1651	6
1652	6
1653	6
1654	6
1655	6
1656	6
1658	6
1659	6
1660	6
1661	6
1662	6
1663	6
1664	6
1665	6
1666	6
1667	6
1668	6
1669	6
1670	6
1671	6
1672	6
1673	5
1674	6
1675	6
1676	6
1677	5
1678	4
1679	4
1680	4
1681	4
1682	4
1683	4
1684	4
1685	7
1686	7
1687	7
1688	7
1689	7
1690	7
1691	7
1692	7
1693	7
1694	7
1695	7
1696	7
1697	7
1698	7
1699	7
1700	7
1701	7
1702	9
1703	3
1704	3
1705	7
1706	7
1707	7
1708	7
1709	9
1710	7
1711	7
1712	7
1713	5
1714	5
1715	5
1716	5
1717	5
1718	5
1719	5
1720	5
1721	5
1722	5
1723	5
1724	5
1725	7
1726	7
1727	7
1728	5
1729	9
1730	7
1731	7
1732	7
1733	7
1734	7
1735	7
1736	9
1737	9
1738	9
1739	7
1740	9
1741	7
1742	9
1743	9
1744	9
1745	9
1746	9
1747	9
1748	9
1749	9
1750	9
1751	9
1752	9
1753	9
1754	9
1755	9
1756	9
1757	5
1758	5
1759	5
1760	5
1761	9
1762	9
1763	9
1764	9
1765	9
1766	9
1767	9
1768	9
1769	9
1770	9
1771	9
1772	9
1773	9
1774	5
1775	5
1776	5
1777	5
1778	5
1779	5
1780	5
1781	5
1782	5
1783	5
1784	5
1785	5
1786	5
1787	9
1788	9
1789	9
1790	9
1791	9
1792	9
1793	9
1794	9
1795	5
1796	5
1797	5
1798	5
1799	9
1800	9
1801	9
1802	9
1803	9
1804	9
1805	9
1806	9
1807	9
1808	9
1809	7
1810	7
1811	7
1812	7
1813	8
1814	8
1815	7
1816	7
1817	7
1818	7
1819	8
1820	7
1821	8
1822	7
1823	8
1824	8
1825	7
1826	7
1827	7
1828	7
1829	7
1830	5
1831	5
1832	5
1833	5
1834	5
1835	8
1836	8
1837	5
1838	7
1839	7
1840	13
1841	13
1842	13
1843	13
1844	13
1845	7
1846	8
1847	7
1848	7
1849	7
1850	8
1851	7
1852	8
1853	8
1854	7
1855	8
1856	8
1857	5
1858	5
1859	5
1860	5
1861	5
1862	5
1863	8
1864	8
1865	8
1866	8
1867	8
1868	7
1869	8
1870	8
1871	7
1872	4
1873	4
1874	4
1875	4
1876	4
1877	4
1878	4
1879	4
1880	4
1881	4
1882	4
1883	4
1884	4
1885	4
1886	4
1887	4
1888	4
1889	4
1890	4
1891	4
1892	4
1893	4
1894	4
1895	2
1896	2
1897	2
1898	12
1899	12
1900	12
1901	12
1902	12
1903	12
1904	2
1905	2
1906	2
1907	2
1908	2
1909	2
1910	2
1911	2
1912	2
1913	2
1914	2
1915	2
1916	12
1917	12
1918	12
1919	12
1920	12
1921	12
1922	12
1923	12
1924	2
1925	2
1926	2
1927	2
1928	2
1929	2
1930	2
1931	2
1932	2
1933	2
1934	2
1935	2
1936	2
1937	2
1938	2
1939	2
1940	2
1941	2
1942	2
1943	2
1944	2
1945	2
1946	2
1947	2
1948	2
1949	2
1950	2
1951	2
1952	2
1953	2
1954	2
1955	2
1956	2
1957	2
1958	2
1959	2
1960	2
1961	2
1962	2
1963	2
1964	2
1965	2
1966	2
1967	2
1968	2
1969	2
1970	2
1971	2
1972	2
1973	2
1974	2
1975	2
1976	10
1977	10
1978	10
1979	10
1980	10
1981	10
1982	10
1983	10
1984	10
1985	10
1986	10
1987	10
1988	10
1989	10
1990	10
1991	10
1992	10
1993	10
1994	10
1995	10
1996	10
1997	10
1998	10
1999	10
2000	10
2001	10
2002	10
2003	10
2004	10
2005	10
2006	10
2007	10
2008	10
2009	10
2010	10
2011	10
2012	10
2013	10
2014	10
2015	10
2016	10
2017	4
2018	4
2019	4
2020	4
2021	4
2022	4
2023	4
2024	10
2025	4
2026	4
2027	4
2028	4
2029	4
2030	10
2031	10
2032	10
2033	10
2034	10
2035	10
2036	10
2037	4
2038	5
2039	5
2040	5
2041	5
2042	5
2043	4
2044	4
2045	4
2046	10
2047	10
2048	5
2049	5
2050	4
2051	10
2052	10
2053	4
2054	4
2055	10
2056	4
2057	10
2058	8
2059	8
2060	8
2061	8
2062	8
2063	8
2064	8
2065	8
2066	8
2067	8
2068	4
2069	4
2070	4
2071	4
2072	4
2073	5
2074	4
2075	4
2076	4
2077	5
2078	5
2079	4
2080	5
2081	4
2082	4
2083	4
2084	4
2085	4
2086	4
2087	4
2088	4
2089	7
2090	7
2091	7
2092	7
2093	7
2094	7
2095	7
2096	9
2097	9
2098	9
2099	9
2100	9
2101	9
2102	9
2103	9
2104	9
2105	9
2106	9
2107	9
2108	9
2109	9
2110	9
2111	9
2112	9
2113	3
2114	3
2115	3
2116	3
2117	3
2118	8
2119	3
2120	8
2121	8
2122	8
2123	3
2124	4
2125	3
2126	8
2127	3
2128	3
2129	3
2130	8
2131	3
2132	3
2133	8
2134	3
2135	3
2136	3
2137	3
2138	8
2139	8
2140	8
2141	3
2142	3
2143	3
2144	3
2145	8
2146	3
2147	3
2148	8
2149	8
2150	8
2151	8
2152	3
2153	3
2154	3
2155	3
2156	3
2157	3
2158	3
2159	3
2160	3
2161	3
2162	3
2163	3
2164	3
2165	3
2166	3
2167	8
2168	8
2169	3
2170	3
2171	3
2172	3
2173	3
2174	3
2175	3
2176	3
2177	8
2178	8
2179	8
2180	3
2181	3
2182	3
2183	3
2184	3
2185	3
2186	3
2187	3
2188	3
2189	8
2190	8
2191	8
2192	8
2193	3
2194	3
2195	3
2196	8
2197	3
2198	3
2199	3
2200	3
2201	3
2202	3
2203	3
2204	3
2205	3
2206	8
2207	8
2208	8
2209	3
2210	3
2211	3
2212	3
2213	8
2214	8
2215	3
2216	3
2217	8
2218	3
2219	3
2220	3
2221	8
2222	3
2223	3
2224	3
2225	3
2226	3
2227	3
2228	3
2229	3
2230	3
2231	3
2232	3
2233	8
2234	3
2235	3
2236	3
2237	3
2238	3
2239	3
2240	3
2241	3
2242	3
2243	3
2244	3
2245	3
2246	3
2247	3
2248	3
2249	3
2250	3
2251	3
2252	3
2253	3
2254	3
2255	3
2256	3
2257	3
2258	8
2259	8
2260	8
2261	3
2262	3
2263	3
2264	3
2265	3
2266	3
2267	3
2268	3
2269	3
2270	3
2271	3
2272	3
2273	3
2274	3
2275	3
2276	3
2277	8
2278	3
2279	3
2280	3
2281	3
2282	8
2283	8
2284	4
2285	4
2286	3
2287	3
2288	3
2289	3
2290	3
2291	3
2292	3
2293	3
2294	8
2295	8
2296	8
2297	8
2298	3
2299	3
2300	3
2301	3
2302	3
2303	8
2304	8
2305	3
2306	3
2307	3
2308	3
2309	4
2310	4
2311	4
2312	7
2313	7
2314	7
2315	7
2316	7
2317	7
2318	7
2319	7
2320	7
2321	7
2322	7
2323	7
2324	7
2325	7
2326	7
2327	7
2328	7
2329	7
2330	2
2331	2
2332	2
2333	2
2334	2
2335	2
2336	2
2337	2
2338	2
2339	2
2340	2
2341	2
2342	2
2343	2
2344	2
2345	2
2346	7
2347	7
2348	7
2349	7
2350	7
2351	7
2352	7
2353	7
2354	7
2355	7
2356	7
2357	7
2358	7
2359	7
2360	7
2361	7
2362	7
2363	7
2364	7
2365	7
2366	8
2367	3
2368	8
2369	3
2370	8
2371	8
2372	8
2373	8
2374	8
2375	8
2376	8
2377	8
2378	8
2379	8
2380	8
2381	8
2382	8
2383	8
2384	8
2385	8
2386	8
2387	8
2388	8
2389	8
2390	8
2391	8
2392	8
2393	8
2394	8
2395	8
2396	8
2397	8
2398	8
2399	8
2400	8
2401	8
2402	8
2403	8
2404	8
2405	8
2406	8
2407	8
2408	8
2409	8
2410	8
2411	8
2412	8
2413	8
2414	8
2415	11
2416	11
2417	11
2418	11
2419	12
2420	12
2421	11
2422	11
2423	11
2424	11
2425	11
2426	11
2427	12
2428	12
2429	12
2430	12
2431	11
2432	11
2433	11
2434	11
2435	11
2436	11
2437	11
2438	11
2439	12
2440	11
2441	11
2442	11
2443	11
2444	11
2445	11
2446	11
2447	11
2448	11
2449	11
2450	11
2451	11
2452	11
2453	11
2454	11
2455	11
2456	11
2457	11
2458	11
2459	11
2460	11
2461	11
2462	11
2463	11
2464	11
2465	11
2466	11
2467	11
2468	11
2469	11
2470	11
2471	11
2472	11
2473	11
2474	11
2475	11
2476	11
2477	11
2478	11
2479	11
2480	11
2481	11
2482	11
2483	11
2484	11
2485	11
2486	11
2487	11
2488	11
2489	11
2490	11
2491	11
2492	11
2493	11
2494	11
2495	11
2496	12
2497	12
2498	12
2499	12
2500	11
2501	11
2502	11
2503	11
2504	11
2505	11
2506	11
2507	11
2508	12
2509	12
2510	12
2511	11
2512	11
2513	12
2514	12
2515	11
2516	11
2517	11
2518	11
2519	11
2520	11
2521	11
2522	11
2523	12
2524	11
2525	12
2526	11
2527	11
2528	11
2529	12
2530	12
2531	12
2532	12
2533	12
2534	12
2535	12
2536	12
2537	12
2538	12
2539	11
2540	12
2541	11
2542	12
2543	11
2544	11
2545	11
2546	11
2547	11
2548	11
2549	11
2550	11
2551	11
2552	12
2553	12
2554	11
2555	11
2556	11
2557	11
2558	11
2559	11
2560	11
2561	11
2562	12
2563	12
2564	11
2565	12
2566	11
2567	11
2568	12
2569	12
2570	12
2571	11
2572	11
2573	11
2574	12
2575	11
2576	11
2577	11
2578	11
2579	11
2580	11
2581	12
2582	11
2583	11
2584	11
2585	11
2586	11
2587	12
2588	12
2589	12
2590	12
2591	12
2592	12
2593	12
2594	11
2595	11
2596	11
2597	11
2598	11
2599	11
2600	11
2601	11
2602	11
2603	11
2604	12
2605	12
2606	4
2607	4
2608	4
2609	4
2610	4
2611	4
2612	4
2613	4
2614	4
2615	4
2616	4
2617	4
2618	4
2619	4
2620	4
2621	4
2622	4
2623	4
2624	4
2625	4
2626	4
2627	4
2628	4
2629	4
2630	4
2631	4
2632	4
2633	4
2634	4
2635	4
2636	4
2637	4
2638	4
2639	4
2640	13
2641	13
2642	10
2643	10
2644	10
2645	13
2646	10
2647	10
2648	13
2649	10
2650	10
2651	13
2652	13
2653	13
2654	10
2655	10
2656	10
2657	10
2658	10
2659	13
2660	10
2661	10
2662	10
2663	13
2664	10
2665	13
2666	10
2667	10
2668	13
2669	13
2670	10
2671	13
2672	10
2673	13
2674	10
2675	10
2676	13
2677	13
2678	10
2679	13
2680	13
2681	13
2682	13
2683	13
2684	13
2685	13
2686	13
2687	13
2688	2
2689	2
2690	2
2691	2
315	7
1657	6
