0	2
1	2
2	2
3	2
4	2
5	2
6	2
7	1
8	1
9	1
10	1
11	1
12	1
13	1
14	1
15	1
16	1
17	1
18	1
19	1
20	1
21	10
22	10
23	10
24	10
25	10
26	10
27	10
28	10
29	3
30	3
31	3
32	3
33	3
34	3
35	3
36	3
37	3
38	3
39	3
40	3
41	3
42	3
43	3
44	3
45	3
46	3
47	3
48	3
49	3
50	3
51	3
52	3
53	13
54	13
55	13
56	13
57	13
58	3
59	3
60	3
61	3
62	3
63	3
64	3
65	13
66	13
67	13
68	13
69	13
70	13
71	10
72	10
73	10
74	10
75	3
76	3
77	3
78	3
79	3
80	3
81	3
82	3
83	6
84	6
85	6
86	6
87	6
88	6
89	6
90	6
91	6
92	6
93	6
94	6
95	6
96	1
97	1
98	1
99	1
100	1
101	1
102	1
103	1
104	1
105	1
106	1
107	1
108	1
109	1
110	1
111	1
112	1
113	1
114	1
115	1
116	1
117	1
118	1
119	1
120	1
121	1
122	1
123	1
124	1
125	1
126	1
127	1
128	1
129	5
130	5
131	5
132	5
133	6
134	5
135	5
136	5
137	5
138	5
139	5
140	5
141	5
142	6
143	5
144	5
145	5
146	5
147	6
148	5
149	5
150	6
151	5
152	5
153	5
154	5
155	5
156	5
157	5
158	5
159	6
160	6
161	6
162	6
163	6
164	5
165	5
166	4
167	4
168	4
169	4
170	4
171	4
172	4
173	4
174	4
175	4
176	4
177	4
178	4
179	4
180	4
181	4
182	4
183	3
184	3
185	3
186	3
187	3
188	3
189	3
190	3
191	3
192	3
193	3
194	3
195	3
196	3
197	3
198	3
199	3
200	3
201	3
202	3
203	3
204	3
205	3
206	3
207	3
208	10
209	10
210	10
211	10
212	10
213	10
214	10
215	10
216	10
217	10
218	10
219	10
220	10
221	10
222	10
223	10
224	10
225	10
226	10
227	10
228	10
229	10
230	10
231	10
232	10
233	10
234	10
235	10
236	10
237	10
238	10
239	10
240	10
241	10
242	10
243	10
244	10
245	10
246	10
247	10
248	3
249	3
250	3
251	3
252	3
253	3
254	3
255	3
256	3
257	3
258	3
259	3
260	3
261	10
262	10
263	10
264	10
265	10
266	10
267	10
268	5
269	5
270	5
271	10
272	10
273	10
274	10
275	10
276	10
277	10
278	5
279	5
280	5
281	5
282	5
283	5
284	5
285	5
286	5
287	5
288	5
289	5
290	5
291	5
292	5
293	5
294	5
295	5
296	5
297	5
298	5
299	5
300	5
301	5
302	3
303	3
304	3
305	3
306	8
307	8
308	8
309	8
310	8
311	8
312	8
313	8
314	8
316	13
317	13
318	13
319	13
320	13
321	13
322	13
323	13
324	13
325	13
326	13
327	13
328	13
329	13
330	13
331	8
332	8
333	8
334	8
335	8
336	8
337	13
338	13
339	13
340	8
341	8
342	8
343	8
344	8
345	8
346	8
347	8
348	8
349	8
350	8
351	8
352	8
353	8
354	8
355	8
356	6
357	6
358	11
359	6
360	6
361	6
362	11
363	6
364	6
365	6
366	6
367	11
368	11
369	8
370	8
371	8
372	8
373	8
374	8
375	8
376	8
377	8
378	8
379	8
380	8
381	8
382	8
383	8
384	8
385	8
386	8
387	8
388	8
389	13
390	13
391	13
392	13
393	13
394	8
395	8
396	8
397	8
398	13
399	13
400	13
401	13
402	13
403	10
404	10
405	10
406	10
407	10
408	10
409	2
410	2
411	2
412	2
413	2
414	2
415	2
416	2
417	2
418	2
419	2
420	2
421	2
422	2
423	2
424	2
425	4
426	4
427	4
428	4
429	4
430	4
431	4
432	4
433	2
434	2
435	2
436	2
437	2
438	2
439	2
440	2
441	2
442	2
443	2
444	2
445	2
446	4
447	4
448	4
449	4
450	4
451	2
452	2
453	2
454	4
455	4
456	4
457	2
458	2
459	2
460	2
461	2
462	2
463	4
464	4
465	4
466	4
467	4
468	4
469	4
470	4
471	4
472	4
473	2
474	2
475	5
476	5
477	5
478	5
479	4
480	5
481	5
482	4
483	4
484	10
485	10
486	5
487	5
488	4
489	5
490	5
491	5
492	5
493	5
494	5
495	5
496	4
497	5
498	10
499	4
500	5
501	4
502	10
503	5
504	5
505	5
506	10
507	10
508	10
509	10
510	10
511	10
512	10
513	10
514	10
515	10
516	10
517	10
518	10
519	10
520	10
521	10
522	6
523	6
524	6
525	6
526	2
527	2
528	6
529	6
530	6
531	6
532	6
533	6
534	6
535	6
536	6
537	6
538	2
539	2
540	2
541	2
542	2
543	2
544	2
545	2
546	2
547	2
548	2
549	2
550	2
551	2
552	2
553	2
554	2
555	2
556	3
557	2
558	3
559	10
560	10
561	10
562	10
563	10
564	10
565	3
566	2
567	2
568	2
569	2
570	6
571	6
572	6
573	6
574	6
575	6
576	6
577	6
578	6
579	6
580	6
581	2
582	2
583	2
584	2
585	3
586	2
587	5
588	10
589	10
590	5
591	10
592	10
593	10
594	5
595	10
596	5
597	10
598	5
599	10
600	10
601	10
602	10
603	3
604	3
605	3
606	3
607	3
608	3
609	3
610	3
611	3
612	3
613	3
614	3
615	3
616	3
617	10
618	10
619	10
620	5
621	5
622	5
623	5
624	5
625	5
626	5
627	5
628	10
629	10
630	10
631	10
632	5
633	10
634	5
635	10
636	5
637	5
638	5
639	3
640	3
641	3
642	3
643	3
644	3
645	3
646	3
647	3
648	3
649	3
650	3
651	3
652	3
653	3
654	3
655	3
656	3
657	4
658	4
659	4
660	4
661	2
662	2
663	12
664	12
665	12
666	12
667	12
668	12
669	12
670	10
671	10
672	5
673	5
674	5
675	10
676	5
677	5
678	5
679	5
680	12
681	12
682	12
683	2
684	12
685	2
686	2
687	12
688	2
689	2
690	2
691	2
692	2
693	2
694	12
695	2
696	2
697	10
698	5
699	5
700	10
701	10
702	10
703	10
704	5
705	5
706	5
707	10
708	10
709	5
710	10
711	10
712	10
713	10
714	12
715	12
716	10
717	10
718	10
719	10
720	5
721	10
722	10
723	10
724	10
725	10
726	10
727	10
728	10
729	10
730	10
731	10
732	2
733	2
734	2
735	2
736	2
737	4
738	4
739	4
740	4
741	4
742	4
743	4
744	4
745	2
746	2
747	2
748	2
749	2
750	2
751	2
752	2
753	2
754	2
755	2
756	2
757	2
758	2
759	2
760	2
761	2
762	2
763	2
764	2
765	2
766	4
767	4
768	4
769	4
770	2
771	2
772	4
773	4
774	4
775	4
776	4
777	4
778	4
779	4
780	4
781	4
782	4
783	4
784	4
785	10
786	4
787	4
788	4
789	4
790	4
791	10
792	10
793	10
794	10
795	10
796	10
797	10
798	10
799	10
800	10
801	4
802	4
803	4
804	4
805	10
806	10
807	10
808	4
809	4
810	4
811	13
812	9
813	13
814	13
815	13
816	13
817	13
818	9
819	9
820	9
821	13
822	13
823	13
824	13
825	13
826	13
827	9
828	9
829	9
830	13
831	13
832	13
833	9
834	13
835	13
836	13
837	13
838	13
839	9
840	13
841	13
842	13
843	13
844	13
845	13
846	13
847	9
848	9
849	9
850	9
851	9
852	13
853	13
854	13
855	13
856	9
857	9
858	3
859	3
860	3
861	3
862	3
863	3
864	3
865	3
866	3
867	3
868	3
869	3
870	3
871	13
872	13
873	13
874	13
875	13
876	13
877	13
878	13
879	13
880	9
881	13
882	13
883	13
884	13
885	13
886	13
887	13
888	9
889	13
890	13
891	9
892	9
893	13
894	13
895	13
896	13
897	13
898	13
899	9
900	9
901	9
902	13
903	13
904	13
905	13
906	9
907	9
908	9
909	9
910	9
911	9
912	9
913	9
914	13
915	13
916	9
917	13
918	13
919	9
920	9
921	9
922	9
923	9
924	9
925	13
926	13
927	13
928	13
929	13
930	9
931	13
932	9
933	9
934	9
935	13
936	13
937	13
938	13
939	9
940	9
941	9
942	9
943	9
944	9
945	9
946	13
947	13
948	13
949	13
950	13
951	9
952	9
953	9
954	9
955	9
956	9
957	13
958	13
959	13
960	9
961	9
962	9
963	13
964	13
965	13
966	9
967	9
968	9
969	13
970	9
971	13
972	13
973	13
974	9
975	9
976	13
977	13
978	9
979	9
980	9
981	9
982	13
983	13
984	1
985	4
986	4
987	4
988	4
989	4
990	4
991	4
992	4
993	4
994	4
995	4
996	4
997	4
998	4
999	4
1000	4
1001	4
1002	4
1003	4
1004	4
1005	4
1006	4
1007	1
1008	1
1009	4
1010	1
1011	13
1012	1
1013	1
1014	13
1015	13
1016	13
1017	1
1018	1
1019	13
1020	1
1021	13
1022	1
1023	13
1024	13
1025	13
1026	13
1027	1
1028	13
1029	13
1030	13
1031	13
1032	13
1033	13
1034	13
1035	1
1036	1
1037	1
1038	13
1039	1
1040	13
1041	1
1042	1
1043	13
1044	13
1045	13
1046	13
1047	1
1048	1
1049	13
1050	1
1051	1
1052	13
1053	13
1054	1
1055	13
1056	1
1057	1
1058	1
1059	13
1060	1
1061	1
1062	13
1063	1
1064	13
1065	1
1066	1
1067	1
1068	1
1069	13
1070	1
1071	13
1072	13
1073	13
1074	13
1075	3
1076	3
1077	3
1078	3
1079	3
1080	3
1081	3
1082	3
1083	3
1084	3
1085	3
1086	3
1087	10
1088	10
1089	10
1090	10
1091	10
1092	10
1093	10
1094	10
1095	10
1096	10
1097	10
1098	10
1099	10
1100	10
1101	10
1102	10
1103	10
1104	10
1105	10
1106	10
1107	9
1108	8
1109	8
1110	9
1111	8
1112	9
1113	9
1114	8
1115	9
1116	9
1117	9
1118	9
1119	9
1120	8
1121	9
1122	9
1123	9
1124	9
1125	8
1126	8
1127	9
1128	8
1129	9
1130	9
1131	8
1132	9
1133	9
1134	8
1135	8
1136	9
1137	9
1138	9
1139	9
1140	9
1141	9
1142	8
1143	9
1144	8
1145	8
1146	9
1147	9
1148	9
1149	9
1150	9
1151	8
1152	9
1153	9
1154	8
1155	8
1156	8
1157	8
1158	8
1159	8
1160	8
1161	8
1162	8
1163	8
1164	8
1165	8
1166	8
1167	8
1168	8
1169	13
1170	1
1171	1
1172	13
1173	1
1174	1
1175	1
1176	13
1177	13
1178	13
1179	13
1180	1
1181	13
1182	13
1183	1
1184	1
1185	13
1186	13
1187	13
1188	13
1189	13
1190	1
1191	1
1192	1
1193	13
1194	1
1195	13
1196	1
1197	13
1198	1
1199	13
1200	9
1201	9
1202	9
1203	9
1204	9
1205	9
1206	9
1207	9
1208	9
1209	9
1210	9
1211	9
1212	9
1213	9
1214	9
1215	9
1216	9
1217	9
1218	9
1219	9
1220	9
1221	9
1222	9
1223	9
1224	9
1225	9
1226	9
1227	9
1228	9
1229	9
1230	9
1231	9
1232	9
1233	9
1234	9
1235	9
1236	9
1237	9
1238	9
1239	9
1240	5
1241	5
1242	5
1243	5
1244	5
1245	5
1246	5
1247	5
1248	5
1249	5
1250	5
1251	5
1252	5
1253	3
1254	3
1255	3
1256	3
1257	3
1258	5
1259	5
1260	5
1261	5
1262	5
1263	5
1264	3
1265	3
1266	3
1267	3
1268	3
1269	3
1270	3
1271	3
1272	3
1273	3
1274	3
1275	3
1276	3
1277	3
1278	8
1279	8
1280	8
1281	5
1282	5
1283	5
1284	3
1285	3
1286	3
1287	3
1288	8
1289	8
1290	8
1291	8
1292	8
1293	8
1294	8
1295	8
1296	8
1297	8
1298	8
1299	8
1300	8
1301	8
1302	8
1303	3
1304	3
1305	3
1306	3
1307	3
1308	3
1309	3
1310	3
1311	3
1312	3
1313	3
1314	9
1315	9
1316	9
1317	9
1318	9
1319	9
1320	9
1321	9
1322	9
1323	9
1324	9
1325	9
1326	9
1327	9
1328	9
1329	9
1330	9
1331	9
1332	9
1333	9
1334	9
1335	9
1336	9
1337	9
1338	9
1339	9
1340	9
1341	9
1342	9
1343	9
1344	9
1345	9
1346	3
1347	2
1348	2
1349	2
1350	3
1351	3
1352	3
1353	3
1354	3
1355	2
1356	3
1357	2
1358	2
1359	2
1360	3
1361	3
1362	3
1363	9
1364	9
1365	9
1366	9
1367	9
1368	9
1369	9
1370	9
1371	9
1372	9
1373	9
1374	9
1375	9
1376	9
1377	9
1378	9
1379	9
1380	9
1381	8
1382	8
1383	8
1384	8
1385	8
1386	8
1387	8
1388	8
1389	8
1390	8
1391	8
1392	8
1393	8
1394	8
1395	8
1396	8
1397	2
1398	3
1399	3
1400	2
1401	2
1402	2
1403	3
1404	2
1405	3
1406	3
1407	2
1408	3
1409	2
1410	2
1411	3
1412	3
1413	2
1414	3
1415	3
1416	3
1417	2
1418	2
1419	3
1420	2
1421	2
1422	2
1423	2
1424	3
1425	2
1426	2
1427	2
1428	6
1429	6
1430	6
1431	6
1432	6
1433	6
1434	6
1435	6
1436	6
1437	6
1438	6
1439	6
1440	1
1441	1
1442	1
1443	1
1444	1
1445	1
1446	1
1447	1
1448	1
1449	1
1450	1
1451	1
1452	1
1453	1
1454	1
1455	6
1456	6
1457	6
1458	6
1459	6
1460	6
1461	6
1462	6
1463	6
1464	1
1465	10
1466	10
1467	10
1468	10
1469	10
1470	10
1471	10
1472	10
1473	10
1474	10
1475	10
1476	10
1477	10
1478	10
1479	10
1480	10
1481	10
1482	10
1483	10
1484	10
1485	10
1486	10
1487	10
1488	10
1489	13
1490	13
1491	13
1492	13
1493	13
1494	13
1495	13
1496	13
1497	13
1498	13
1499	13
1500	13
1501	2
1502	2
1503	2
1504	2
1505	2
1506	2
1507	2
1508	2
1509	2
1510	2
1511	2
1512	2
1513	2
1514	2
1515	2
1516	2
1517	2
1518	2
1519	2
1520	2
1521	2
1522	2
1523	2
1524	2
1525	2
1526	2
1527	2
1528	2
1529	4
1530	4
1531	4
1532	4
1533	4
1534	4
1535	4
1536	4
1537	4
1538	4
1539	4
1540	4
1541	4
1542	4
1543	4
1544	4
1545	4
1546	4
1547	4
1548	4
1549	4
1550	4
1551	4
1552	6
1553	6
1554	9
1555	9
1556	9
1557	9
1558	6
1559	6
1560	6
1561	6
1562	6
1563	6
1564	6
1565	6
1566	9
1567	6
1568	6
1569	6
1570	6
1571	6
1572	6
1573	6
1574	6
1575	6
1576	2
1577	2
1578	2
1579	2
1580	2
1581	2
1582	2
1583	2
1584	2
1585	2
1586	2
1587	2
1588	2
1589	2
1590	2
1591	2
1592	2
1593	3
1594	3
1595	3
1596	3
1597	3
1598	3
1599	3
1600	3
1601	3
1602	6
1603	6
1604	6
1605	6
1606	6
1607	6
1608	6
1609	6
1610	6
1611	6
1612	6
1613	6
1614	6
1615	6
1616	6
1617	6
1618	10
1619	10
1620	10
1621	10
1622	10
1623	10
1624	10
1625	10
1626	10
1627	10
1628	10
1629	1
1630	1
1631	1
1632	1
1633	1
1634	1
1635	1
1636	1
1637	1
1638	1
1639	1
1640	1
1641	1
1642	1
1643	1
1644	10
1645	10
1646	10
1647	10
1648	10
1649	1
1650	1
1651	1
1652	1
1653	1
1654	1
1655	1
1656	1
1658	1
1659	1
1660	1
1661	1
1662	1
1663	1
1664	1
1665	1
1666	1
1667	1
1668	1
1669	1
1670	1
1671	1
1672	1
1673	10
1674	1
1675	1
1676	1
1677	10
1678	5
1679	5
1680	5
1681	5
1682	5
1683	5
1684	5
1685	2
1686	2
1687	2
1688	2
1689	2
1690	2
1691	2
1692	2
1693	2
1694	2
1695	2
1696	2
1697	2
1698	2
1699	2
1700	2
1701	1
1702	1
1703	12
1704	12
1705	1
1706	1
1707	2
1708	1
1709	1
1710	1
1711	2
1712	1
1713	10
1714	10
1715	10
1716	10
1717	10
1718	10
1719	10
1720	10
1721	10
1722	10
1723	10
1724	10
1725	2
1726	1
1727	1
1728	10
1729	2
1730	1
1731	1
1732	1
1733	1
1734	2
1735	1
1736	1
1737	1
1738	1
1739	1
1740	1
1741	1
1742	12
1743	12
1744	12
1745	12
1746	12
1747	12
1748	12
1749	12
1750	12
1751	12
1752	12
1753	12
1754	12
1755	2
1756	12
1757	10
1758	10
1759	10
1760	10
1761	12
1762	12
1763	12
1764	12
1765	12
1766	12
1767	12
1768	12
1769	12
1770	12
1771	12
1772	12
1773	12
1774	10
1775	10
1776	10
1777	10
1778	10
1779	10
1780	10
1781	10
1782	10
1783	10
1784	10
1785	10
1786	10
1787	12
1788	12
1789	12
1790	12
1791	12
1792	12
1793	12
1794	12
1795	10
1796	10
1797	10
1798	10
1799	12
1800	2
1801	2
1802	12
1803	12
1804	12
1805	12
1806	12
1807	12
1808	12
1809	12
1810	12
1811	12
1812	12
1813	1
1814	12
1815	12
1816	12
1817	12
1818	12
1819	1
1820	12
1821	1
1822	12
1823	1
1824	1
1825	12
1826	12
1827	12
1828	12
1829	12
1830	10
1831	10
1832	10
1833	10
1834	10
1835	1
1836	1
1837	10
1838	12
1839	12
1840	9
1841	9
1842	9
1843	9
1844	9
1845	12
1846	1
1847	12
1848	12
1849	12
1850	1
1851	12
1852	1
1853	1
1854	12
1855	1
1856	12
1857	10
1858	10
1859	10
1860	10
1861	10
1862	10
1863	1
1864	1
1865	1
1866	1
1867	1
1868	1
1869	1
1870	1
1871	12
1872	4
1873	4
1874	5
1875	5
1876	4
1877	5
1878	5
1879	5
1880	5
1881	5
1882	4
1883	5
1884	5
1885	5
1886	5
1887	5
1888	4
1889	5
1890	4
1891	5
1892	5
1893	4
1894	4
1895	3
1896	3
1897	3
1898	8
1899	8
1900	8
1901	8
1902	8
1903	8
1904	3
1905	3
1906	3
1907	3
1908	3
1909	3
1910	3
1911	3
1912	3
1913	3
1914	3
1915	3
1916	8
1917	8
1918	8
1919	8
1920	8
1921	8
1922	8
1923	8
1924	3
1925	2
1926	3
1927	3
1928	2
1929	3
1930	3
1931	3
1932	3
1933	3
1934	3
1935	3
1936	3
1937	3
1938	3
1939	3
1940	3
1941	3
1942	3
1943	3
1944	3
1945	3
1946	3
1947	3
1948	3
1949	3
1950	3
1951	2
1952	3
1953	3
1954	3
1955	3
1956	3
1957	3
1958	3
1959	3
1960	3
1961	3
1962	3
1963	3
1964	3
1965	2
1966	3
1967	3
1968	3
1969	3
1970	3
1971	3
1972	3
1973	3
1974	3
1975	3
1976	6
1977	4
1978	6
1979	4
1980	6
1981	4
1982	4
1983	6
1984	4
1985	4
1986	4
1987	6
1988	6
1989	6
1990	6
1991	4
1992	6
1993	6
1994	6
1995	4
1996	6
1997	6
1998	6
1999	6
2000	6
2001	6
2002	6
2003	6
2004	6
2005	6
2006	6
2007	6
2008	6
2009	4
2010	6
2011	4
2012	4
2013	6
2014	6
2015	6
2016	6
2017	10
2018	10
2019	10
2020	10
2021	10
2022	10
2023	10
2024	4
2025	10
2026	10
2027	10
2028	10
2029	10
2030	4
2031	4
2032	4
2033	4
2034	4
2035	4
2036	4
2037	4
2038	10
2039	10
2040	10
2041	10
2042	10
2043	10
2044	10
2045	10
2046	4
2047	4
2048	10
2049	10
2050	10
2051	4
2052	4
2053	4
2054	4
2055	4
2056	4
2057	4
2058	6
2059	6
2060	6
2061	6
2062	6
2063	6
2064	6
2065	6
2066	6
2067	6
2068	5
2069	5
2070	5
2071	5
2072	5
2073	5
2074	5
2075	5
2076	5
2077	5
2078	5
2079	5
2080	5
2081	5
2082	5
2083	5
2084	5
2085	5
2086	5
2087	5
2088	5
2089	2
2090	2
2091	2
2092	2
2093	2
2094	2
2095	2
2096	2
2097	2
2098	2
2099	2
2100	2
2101	2
2102	2
2103	2
2104	2
2105	2
2106	2
2107	2
2108	2
2109	2
2110	2
2111	2
2112	2
2113	7
2114	7
2115	12
2116	12
2117	12
2118	7
2119	7
2120	7
2121	7
2122	7
2123	7
2124	10
2125	7
2126	7
2127	7
2128	7
2129	7
2130	7
2131	7
2132	7
2133	7
2134	7
2135	7
2136	7
2137	7
2138	7
2139	7
2140	7
2141	7
2142	7
2143	7
2144	7
2145	7
2146	7
2147	7
2148	7
2149	7
2150	7
2151	12
2152	12
2153	12
2154	7
2155	7
2156	7
2157	7
2158	12
2159	7
2160	12
2161	12
2162	12
2163	12
2164	12
2165	12
2166	7
2167	7
2168	7
2169	12
2170	12
2171	7
2172	7
2173	7
2174	7
2175	7
2176	7
2177	7
2178	12
2179	12
2180	12
2181	12
2182	12
2183	12
2184	7
2185	12
2186	12
2187	12
2188	7
2189	7
2190	7
2191	7
2192	7
2193	12
2194	7
2195	7
2196	7
2197	7
2198	7
2199	7
2200	7
2201	7
2202	7
2203	7
2204	12
2205	7
2206	7
2207	7
2208	7
2209	12
2210	12
2211	7
2212	7
2213	7
2214	7
2215	7
2216	7
2217	7
2218	7
2219	12
2220	12
2221	7
2222	7
2223	7
2224	12
2225	12
2226	12
2227	12
2228	7
2229	7
2230	12
2231	12
2232	12
2233	7
2234	7
2235	7
2236	7
2237	7
2238	7
2239	12
2240	12
2241	7
2242	7
2243	7
2244	7
2245	7
2246	12
2247	12
2248	12
2249	12
2250	7
2251	12
2252	12
2253	7
2254	7
2255	7
2256	12
2257	12
2258	7
2259	7
2260	7
2261	12
2262	12
2263	12
2264	12
2265	12
2266	7
2267	7
2268	7
2269	7
2270	7
2271	7
2272	7
2273	7
2274	7
2275	12
2276	12
2277	7
2278	7
2279	7
2280	7
2281	7
2282	7
2283	7
2284	10
2285	10
2286	7
2287	7
2288	12
2289	12
2290	12
2291	12
2292	12
2293	12
2294	7
2295	7
2296	7
2297	7
2298	7
2299	7
2300	7
2301	12
2302	7
2303	7
2304	7
2305	12
2306	12
2307	12
2308	12
2309	10
2310	10
2311	10
2312	13
2313	13
2314	13
2315	13
2316	13
2317	13
2318	13
2319	13
2320	13
2321	13
2322	13
2323	13
2324	13
2325	13
2326	13
2327	13
2328	13
2329	13
2330	3
2331	3
2332	3
2333	3
2334	3
2335	3
2336	3
2337	3
2338	3
2339	3
2340	3
2341	3
2342	3
2343	3
2344	3
2345	3
2346	13
2347	13
2348	13
2349	13
2350	13
2351	13
2352	13
2353	13
2354	13
2355	13
2356	13
2357	13
2358	13
2359	13
2360	13
2361	13
2362	13
2363	13
2364	13
2365	13
2366	7
2367	7
2368	7
2369	7
2370	7
2371	7
2372	7
2373	7
2374	7
2375	7
2376	7
2377	7
2378	7
2379	7
2380	7
2381	7
2382	7
2383	7
2384	7
2385	7
2386	7
2387	7
2388	7
2389	7
2390	7
2391	7
2392	7
2393	7
2394	7
2395	7
2396	7
2397	7
2398	7
2399	7
2400	7
2401	7
2402	7
2403	7
2404	7
2405	7
2406	7
2407	7
2408	7
2409	7
2410	7
2411	7
2412	7
2413	7
2414	7
2415	11
2416	11
2417	11
2418	11
2419	8
2420	8
2421	11
2422	11
2423	11
2424	11
2425	11
2426	11
2427	8
2428	11
2429	8
2430	8
2431	11
2432	11
2433	11
2434	11
2435	11
2436	11
2437	11
2438	8
2439	8
2440	11
2441	11
2442	11
2443	11
2444	11
2445	11
2446	11
2447	11
2448	11
2449	11
2450	11
2451	11
2452	11
2453	11
2454	11
2455	11
2456	11
2457	11
2458	11
2459	11
2460	11
2461	11
2462	11
2463	11
2464	11
2465	11
2466	11
2467	11
2468	11
2469	11
2470	11
2471	11
2472	11
2473	11
2474	11
2475	11
2476	11
2477	11
2478	11
2479	11
2480	11
2481	11
2482	11
2483	11
2484	11
2485	11
2486	11
2487	11
2488	11
2489	11
2490	11
2491	11
2492	11
2493	11
2494	11
2495	11
2496	8
2497	8
2498	11
2499	11
2500	11
2501	11
2502	11
2503	11
2504	11
2505	11
2506	11
2507	11
2508	11
2509	8
2510	11
2511	11
2512	11
2513	11
2514	11
2515	11
2516	11
2517	11
2518	11
2519	11
2520	11
2521	11
2522	11
2523	8
2524	11
2525	8
2526	11
2527	11
2528	11
2529	8
2530	8
2531	8
2532	8
2533	8
2534	8
2535	8
2536	8
2537	8
2538	8
2539	11
2540	8
2541	11
2542	8
2543	11
2544	11
2545	11
2546	11
2547	11
2548	11
2549	11
2550	11
2551	11
2552	8
2553	8
2554	11
2555	11
2556	11
2557	11
2558	11
2559	8
2560	11
2561	11
2562	11
2563	8
2564	11
2565	8
2566	11
2567	11
2568	8
2569	11
2570	11
2571	11
2572	11
2573	11
2574	8
2575	11
2576	11
2577	11
2578	11
2579	11
2580	11
2581	8
2582	11
2583	11
2584	11
2585	11
2586	11
2587	8
2588	8
2589	8
2590	8
2591	8
2592	8
2593	8
2594	11
2595	11
2596	11
2597	11
2598	11
2599	11
2600	11
2601	11
2602	11
2603	11
2604	8
2605	8
2606	5
2607	5
2608	5
2609	5
2610	5
2611	5
2612	5
2613	5
2614	5
2615	5
2616	5
2617	5
2618	5
2619	5
2620	5
2621	5
2622	5
2623	5
2624	5
2625	5
2626	5
2627	5
2628	5
2629	5
2630	5
2631	5
2632	5
2633	5
2634	5
2635	5
2636	5
2637	5
2638	5
2639	5
2640	4
2641	4
2642	6
2643	6
2644	6
2645	6
2646	6
2647	6
2648	6
2649	6
2650	6
2651	6
2652	6
2653	6
2654	4
2655	4
2656	6
2657	4
2658	4
2659	6
2660	6
2661	4
2662	4
2663	4
2664	6
2665	4
2666	4
2667	6
2668	6
2669	6
2670	6
2671	6
2672	6
2673	6
2674	4
2675	4
2676	6
2677	6
2678	4
2679	6
2680	6
2681	6
2682	6
2683	4
2684	4
2685	6
2686	4
2687	4
2688	3
2689	3
2690	3
2691	3
315	13
1657	1
