0	3
1	3
2	3
3	3
4	3
5	3
6	3
7	9
8	9
9	9
10	9
11	9
12	9
13	9
14	9
15	9
16	9
17	9
18	9
19	9
20	9
21	2
22	2
23	2
24	2
25	2
26	2
27	2
28	2
29	4
30	4
31	4
32	4
33	4
34	4
35	4
36	4
37	4
38	4
39	4
40	4
41	4
42	4
43	4
44	4
45	4
46	4
47	4
48	4
49	4
50	4
51	4
52	4
53	5
54	5
55	5
56	5
57	5
58	4
59	4
60	4
61	4
62	4
63	4
64	4
65	5
66	5
67	5
68	5
69	5
70	5
71	2
72	2
73	2
74	2
75	4
76	4
77	4
78	4
79	4
80	4
81	4
82	4
83	12
84	12
85	12
86	12
87	12
88	12
89	12
90	12
91	12
92	12
93	12
94	12
95	12
96	9
97	9
98	9
99	9
100	9
101	9
102	9
103	9
104	9
105	9
106	9
107	9
108	9
109	9
110	9
111	9
112	9
113	9
114	9
115	9
116	9
117	9
118	9
119	9
120	9
121	9
122	9
123	9
124	9
125	9
126	9
127	9
128	9
129	7
130	7
131	7
132	7
133	7
134	7
135	7
136	7
137	7
138	7
139	7
140	7
141	7
142	7
143	7
144	7
145	7
146	7
147	7
148	7
149	7
150	7
151	7
152	7
153	7
154	7
155	7
156	7
157	7
158	7
159	7
160	7
161	7
162	7
163	7
164	7
165	7
166	11
167	11
168	11
169	11
170	11
171	11
172	11
173	11
174	11
175	11
176	11
177	11
178	11
179	11
180	11
181	11
182	11
183	4
184	4
185	4
186	4
187	4
188	4
189	4
190	4
191	4
192	4
193	4
194	4
195	4
196	4
197	4
198	4
199	4
200	4
201	4
202	4
203	4
204	4
205	4
206	4
207	4
208	2
209	2
210	2
211	2
212	2
213	2
214	2
215	2
216	2
217	2
218	2
219	2
220	2
221	2
222	2
223	2
224	2
225	2
226	13
227	13
228	13
229	13
230	13
231	13
232	13
233	13
234	13
235	13
236	2
237	2
238	2
239	2
240	2
241	2
242	2
243	2
244	2
245	2
246	2
247	2
248	4
249	4
250	4
251	4
252	4
253	4
254	4
255	4
256	4
257	4
258	4
259	4
260	4
261	2
262	2
263	2
264	2
265	2
266	2
267	2
268	13
269	13
270	13
271	2
272	2
273	2
274	2
275	2
276	2
277	2
278	13
279	13
280	13
281	13
282	13
283	13
284	13
285	13
286	13
287	13
288	13
289	13
290	13
291	13
292	13
293	13
294	13
295	13
296	13
297	13
298	13
299	13
300	13
301	13
302	4
303	4
304	4
305	4
306	1
307	2
308	2
309	1
310	1
311	1
312	2
313	2
314	1
316	9
317	9
318	9
319	9
320	9
321	9
322	9
323	9
324	9
325	9
326	9
327	9
328	9
329	9
330	9
331	2
332	2
333	2
334	2
335	2
336	1
337	9
338	9
339	9
340	2
341	2
342	1
343	1
344	2
345	1
346	2
347	1
348	2
349	1
350	1
351	2
352	2
353	1
354	2
355	1
356	12
357	12
358	12
359	12
360	12
361	12
362	12
363	12
364	12
365	12
366	12
367	12
368	12
369	1
370	1
371	1
372	1
373	1
374	1
375	2
376	1
377	2
378	2
379	2
380	2
381	2
382	2
383	1
384	1
385	1
386	2
387	1
388	1
389	9
390	9
391	9
392	9
393	9
394	1
395	2
396	2
397	1
398	9
399	9
400	9
401	9
402	9
403	2
404	7
405	7
406	7
407	7
408	7
409	9
410	3
411	9
412	9
413	9
414	9
415	3
416	9
417	9
418	9
419	9
420	3
421	9
422	3
423	9
424	3
425	11
426	11
427	11
428	11
429	11
430	11
431	11
432	11
433	9
434	3
435	3
436	9
437	9
438	3
439	9
440	3
441	3
442	9
443	9
444	9
445	9
446	11
447	11
448	11
449	11
450	11
451	9
452	9
453	9
454	11
455	11
456	11
457	9
458	9
459	3
460	3
461	9
462	9
463	11
464	11
465	11
466	11
467	11
468	11
469	11
470	11
471	11
472	11
473	9
474	9
475	13
476	13
477	11
478	11
479	11
480	11
481	11
482	11
483	11
484	2
485	2
486	11
487	11
488	11
489	13
490	13
491	13
492	13
493	13
494	13
495	11
496	11
497	11
498	2
499	11
500	11
501	11
502	2
503	11
504	11
505	11
506	7
507	7
508	2
509	7
510	2
511	2
512	2
513	7
514	7
515	2
516	7
517	7
518	7
519	7
520	7
521	7
522	10
523	10
524	10
525	10
526	3
527	3
528	10
529	10
530	10
531	10
532	10
533	10
534	10
535	10
536	10
537	10
538	3
539	3
540	3
541	3
542	3
543	3
544	3
545	3
546	3
547	3
548	3
549	3
550	3
551	3
552	3
553	3
554	3
555	3
556	3
557	3
558	3
559	2
560	2
561	2
562	2
563	2
564	2
565	3
566	3
567	3
568	3
569	3
570	10
571	10
572	10
573	10
574	10
575	10
576	10
577	10
578	10
579	10
580	10
581	3
582	3
583	3
584	3
585	3
586	3
587	13
588	13
589	13
590	13
591	13
592	2
593	2
594	13
595	2
596	13
597	13
598	13
599	2
600	2
601	13
602	2
603	4
604	4
605	4
606	4
607	4
608	4
609	4
610	4
611	4
612	4
613	4
614	4
615	4
616	4
617	13
618	2
619	2
620	13
621	13
622	13
623	13
624	13
625	13
626	13
627	13
628	2
629	2
630	2
631	13
632	2
633	13
634	13
635	13
636	13
637	13
638	13
639	4
640	3
641	4
642	3
643	4
644	3
645	3
646	3
647	3
648	3
649	3
650	3
651	3
652	3
653	4
654	4
655	4
656	3
657	11
658	11
659	13
660	13
661	3
662	3
663	3
664	3
665	3
666	3
667	3
668	3
669	3
670	11
671	11
672	11
673	11
674	11
675	11
676	11
677	11
678	11
679	11
680	3
681	3
682	3
683	3
684	3
685	3
686	3
687	3
688	3
689	3
690	3
691	3
692	3
693	3
694	3
695	3
696	3
697	11
698	11
699	11
700	11
701	11
702	11
703	11
704	11
705	11
706	11
707	11
708	11
709	11
710	11
711	11
712	11
713	11
714	3
715	3
716	2
717	2
718	11
719	11
720	11
721	2
722	2
723	2
724	2
725	2
726	2
727	2
728	2
729	2
730	2
731	2
732	9
733	4
734	9
735	9
736	9
737	11
738	11
739	11
740	11
741	11
742	11
743	13
744	13
745	9
746	9
747	9
748	9
749	9
750	9
751	9
752	9
753	9
754	9
755	9
756	4
757	4
758	9
759	9
760	9
761	9
762	9
763	9
764	9
765	9
766	13
767	11
768	11
769	11
770	9
771	4
772	11
773	11
774	11
775	11
776	13
777	13
778	11
779	11
780	13
781	11
782	11
783	11
784	11
785	2
786	11
787	13
788	11
789	11
790	13
791	2
792	2
793	2
794	2
795	2
796	2
797	2
798	2
799	2
800	2
801	11
802	13
803	11
804	13
805	2
806	2
807	2
808	11
809	11
810	11
811	5
812	8
813	8
814	5
815	8
816	8
817	8
818	5
819	8
820	8
821	5
822	8
823	8
824	8
825	8
826	8
827	8
828	8
829	5
830	5
831	5
832	8
833	8
834	5
835	5
836	5
837	5
838	8
839	8
840	5
841	8
842	5
843	8
844	8
845	8
846	8
847	5
848	8
849	8
850	8
851	8
852	5
853	8
854	8
855	8
856	5
857	8
858	4
859	4
860	4
861	4
862	4
863	4
864	4
865	4
866	4
867	4
868	4
869	4
870	4
871	8
872	5
873	8
874	8
875	8
876	8
877	8
878	8
879	8
880	8
881	5
882	8
883	5
884	8
885	5
886	8
887	8
888	8
889	8
890	8
891	8
892	5
893	5
894	5
895	5
896	5
897	8
898	8
899	8
900	8
901	8
902	5
903	5
904	8
905	5
906	8
907	8
908	8
909	8
910	8
911	8
912	5
913	8
914	5
915	8
916	8
917	8
918	8
919	8
920	8
921	8
922	8
923	5
924	8
925	5
926	8
927	8
928	5
929	8
930	5
931	5
932	8
933	8
934	8
935	8
936	8
937	8
938	8
939	8
940	8
941	8
942	5
943	8
944	8
945	5
946	8
947	8
948	8
949	5
950	8
951	8
952	8
953	8
954	8
955	8
956	8
957	8
958	5
959	8
960	8
961	8
962	8
963	8
964	5
965	8
966	8
967	8
968	8
969	8
970	8
971	8
972	8
973	8
974	8
975	5
976	8
977	8
978	8
979	8
980	8
981	8
982	5
983	5
984	5
985	11
986	11
987	11
988	11
989	11
990	11
991	11
992	11
993	11
994	11
995	11
996	11
997	11
998	11
999	11
1000	11
1001	11
1002	11
1003	11
1004	11
1005	11
1006	11
1007	5
1008	5
1009	11
1010	5
1011	5
1012	5
1013	5
1014	5
1015	5
1016	5
1017	5
1018	5
1019	5
1020	5
1021	5
1022	5
1023	5
1024	5
1025	5
1026	5
1027	5
1028	5
1029	5
1030	5
1031	5
1032	5
1033	5
1034	5
1035	9
1036	9
1037	9
1038	9
1039	5
1040	9
1041	5
1042	5
1043	5
1044	5
1045	5
1046	9
1047	9
1048	5
1049	5
1050	9
1051	5
1052	5
1053	9
1054	5
1055	9
1056	5
1057	5
1058	5
1059	5
1060	5
1061	5
1062	5
1063	9
1064	9
1065	5
1066	9
1067	9
1068	5
1069	5
1070	5
1071	5
1072	5
1073	5
1074	5
1075	4
1076	4
1077	4
1078	4
1079	4
1080	4
1081	4
1082	4
1083	4
1084	4
1085	4
1086	4
1087	13
1088	13
1089	13
1090	13
1091	13
1092	13
1093	13
1094	2
1095	2
1096	2
1097	2
1098	2
1099	2
1100	2
1101	2
1102	2
1103	2
1104	2
1105	2
1106	2
1107	1
1108	1
1109	1
1110	8
1111	1
1112	8
1113	8
1114	8
1115	1
1116	8
1117	8
1118	8
1119	1
1120	1
1121	8
1122	8
1123	8
1124	8
1125	8
1126	1
1127	8
1128	1
1129	1
1130	8
1131	8
1132	8
1133	8
1134	1
1135	1
1136	8
1137	8
1138	8
1139	8
1140	8
1141	1
1142	1
1143	8
1144	1
1145	1
1146	8
1147	8
1148	1
1149	8
1150	1
1151	1
1152	8
1153	8
1154	2
1155	2
1156	2
1157	2
1158	2
1159	2
1160	2
1161	2
1162	2
1163	2
1164	2
1165	2
1166	2
1167	2
1168	2
1169	5
1170	5
1171	5
1172	5
1173	5
1174	5
1175	5
1176	5
1177	5
1178	5
1179	5
1180	5
1181	5
1182	5
1183	5
1184	5
1185	5
1186	5
1187	5
1188	5
1189	5
1190	5
1191	5
1192	5
1193	5
1194	5
1195	5
1196	5
1197	5
1198	5
1199	5
1200	8
1201	8
1202	8
1203	8
1204	8
1205	8
1206	8
1207	8
1208	8
1209	8
1210	8
1211	8
1212	8
1213	8
1214	8
1215	8
1216	8
1217	8
1218	8
1219	8
1220	8
1221	8
1222	8
1223	8
1224	8
1225	8
1226	8
1227	8
1228	8
1229	8
1230	8
1231	8
1232	8
1233	8
1234	8
1235	8
1236	8
1237	8
1238	8
1239	8
1240	13
1241	13
1242	13
1243	13
1244	13
1245	13
1246	13
1247	13
1248	13
1249	13
1250	13
1251	13
1252	13
1253	4
1254	4
1255	4
1256	4
1257	4
1258	13
1259	13
1260	13
1261	13
1262	13
1263	13
1264	4
1265	4
1266	4
1267	4
1268	4
1269	4
1270	4
1271	4
1272	4
1273	4
1274	4
1275	4
1276	4
1277	4
1278	2
1279	2
1280	2
1281	13
1282	13
1283	13
1284	4
1285	4
1286	4
1287	4
1288	7
1289	7
1290	7
1291	7
1292	7
1293	7
1294	7
1295	7
1296	7
1297	7
1298	2
1299	7
1300	7
1301	7
1302	7
1303	4
1304	4
1305	4
1306	4
1307	4
1308	4
1309	4
1310	4
1311	4
1312	4
1313	4
1314	8
1315	8
1316	8
1317	8
1318	8
1319	8
1320	8
1321	8
1322	8
1323	8
1324	8
1325	8
1326	8
1327	8
1328	8
1329	8
1330	8
1331	8
1332	8
1333	8
1334	8
1335	8
1336	8
1337	8
1338	8
1339	8
1340	8
1341	8
1342	8
1343	8
1344	8
1345	8
1346	4
1347	4
1348	4
1349	4
1350	4
1351	4
1352	4
1353	4
1354	4
1355	4
1356	4
1357	4
1358	4
1359	4
1360	4
1361	4
1362	4
1363	12
1364	12
1365	12
1366	1
1367	12
1368	12
1369	12
1370	12
1371	12
1372	12
1373	12
1374	12
1375	12
1376	12
1377	12
1378	12
1379	12
1380	1
1381	2
1382	2
1383	2
1384	2
1385	2
1386	2
1387	2
1388	2
1389	2
1390	2
1391	2
1392	2
1393	2
1394	2
1395	2
1396	2
1397	3
1398	4
1399	4
1400	4
1401	4
1402	4
1403	4
1404	3
1405	4
1406	4
1407	4
1408	4
1409	4
1410	4
1411	4
1412	4
1413	3
1414	4
1415	4
1416	4
1417	4
1418	4
1419	4
1420	4
1421	4
1422	3
1423	4
1424	4
1425	3
1426	3
1427	4
1428	10
1429	10
1430	10
1431	10
1432	10
1433	10
1434	10
1435	10
1436	10
1437	10
1438	10
1439	10
1440	10
1441	9
1442	9
1443	9
1444	9
1445	9
1446	9
1447	9
1448	9
1449	9
1450	9
1451	9
1452	9
1453	9
1454	9
1455	10
1456	10
1457	10
1458	10
1459	10
1460	10
1461	10
1462	10
1463	10
1464	10
1465	7
1466	7
1467	7
1468	7
1469	7
1470	7
1471	7
1472	7
1473	7
1474	7
1475	7
1476	7
1477	7
1478	7
1479	7
1480	7
1481	7
1482	7
1483	7
1484	7
1485	7
1486	7
1487	7
1488	7
1489	9
1490	9
1491	9
1492	9
1493	9
1494	9
1495	9
1496	9
1497	9
1498	9
1499	9
1500	9
1501	3
1502	3
1503	3
1504	3
1505	3
1506	3
1507	3
1508	3
1509	3
1510	3
1511	3
1512	3
1513	3
1514	3
1515	3
1516	3
1517	3
1518	3
1519	3
1520	3
1521	3
1522	3
1523	3
1524	3
1525	3
1526	3
1527	3
1528	3
1529	11
1530	11
1531	11
1532	11
1533	11
1534	11
1535	11
1536	11
1537	11
1538	11
1539	11
1540	11
1541	11
1542	11
1543	11
1544	11
1545	11
1546	11
1547	11
1548	11
1549	11
1550	11
1551	11
1552	12
1553	12
1554	12
1555	12
1556	12
1557	12
1558	12
1559	12
1560	12
1561	12
1562	12
1563	12
1564	12
1565	12
1566	12
1567	12
1568	12
1569	12
1570	12
1571	12
1572	12
1573	12
1574	12
1575	12
1576	4
1577	4
1578	4
1579	4
1580	4
1581	4
1582	4
1583	4
1584	4
1585	4
1586	4
1587	4
1588	4
1589	4
1590	4
1591	4
1592	4
1593	4
1594	4
1595	4
1596	4
1597	4
1598	4
1599	4
1600	4
1601	4
1602	10
1603	10
1604	10
1605	10
1606	10
1607	10
1608	10
1609	10
1610	10
1611	10
1612	10
1613	10
1614	10
1615	10
1616	10
1617	10
1618	2
1619	2
1620	2
1621	2
1622	2
1623	2
1624	2
1625	2
1626	2
1627	2
1628	2
1629	5
1630	5
1631	5
1632	9
1633	5
1634	5
1635	5
1636	5
1637	5
1638	5
1639	5
1640	5
1641	5
1642	5
1643	5
1644	2
1645	2
1646	2
1647	2
1648	2
1649	5
1650	5
1651	5
1652	5
1653	5
1654	5
1655	5
1656	5
1658	5
1659	5
1660	5
1661	5
1662	5
1663	5
1664	5
1665	5
1666	5
1667	9
1668	9
1669	5
1670	5
1671	5
1672	5
1673	2
1674	5
1675	5
1676	5
1677	2
1678	13
1679	13
1680	13
1681	13
1682	13
1683	13
1684	13
1685	9
1686	9
1687	9
1688	9
1689	9
1690	9
1691	9
1692	9
1693	9
1694	9
1695	9
1696	9
1697	9
1698	9
1699	9
1700	9
1701	9
1702	9
1703	6
1704	6
1705	9
1706	9
1707	9
1708	9
1709	9
1710	9
1711	9
1712	9
1713	2
1714	2
1715	2
1716	2
1717	2
1718	2
1719	2
1720	2
1721	2
1722	2
1723	2
1724	2
1725	9
1726	9
1727	9
1728	2
1729	9
1730	9
1731	9
1732	9
1733	9
1734	9
1735	9
1736	9
1737	9
1738	9
1739	9
1740	9
1741	9
1742	3
1743	3
1744	3
1745	3
1746	3
1747	3
1748	3
1749	3
1750	3
1751	3
1752	3
1753	3
1754	3
1755	3
1756	3
1757	2
1758	2
1759	2
1760	2
1761	3
1762	3
1763	3
1764	3
1765	3
1766	3
1767	3
1768	3
1769	3
1770	3
1771	3
1772	3
1773	3
1774	2
1775	2
1776	2
1777	2
1778	2
1779	2
1780	2
1781	2
1782	2
1783	2
1784	2
1785	2
1786	2
1787	3
1788	3
1789	3
1790	3
1791	3
1792	3
1793	3
1794	3
1795	2
1796	2
1797	2
1798	2
1799	3
1800	3
1801	3
1802	3
1803	3
1804	3
1805	3
1806	3
1807	3
1808	3
1809	6
1810	6
1811	6
1812	6
1813	6
1814	6
1815	6
1816	6
1817	6
1818	6
1819	6
1820	6
1821	6
1822	6
1823	6
1824	6
1825	6
1826	6
1827	6
1828	6
1829	6
1830	2
1831	2
1832	2
1833	2
1834	2
1835	6
1836	6
1837	2
1838	6
1839	6
1840	12
1841	12
1842	12
1843	12
1844	12
1845	6
1846	6
1847	6
1848	6
1849	6
1850	6
1851	6
1852	6
1853	6
1854	6
1855	6
1856	6
1857	2
1858	2
1859	2
1860	2
1861	2
1862	2
1863	6
1864	6
1865	6
1866	6
1867	6
1868	6
1869	6
1870	6
1871	6
1872	13
1873	13
1874	13
1875	13
1876	13
1877	13
1878	13
1879	13
1880	13
1881	13
1882	13
1883	13
1884	13
1885	13
1886	13
1887	13
1888	13
1889	13
1890	13
1891	13
1892	13
1893	13
1894	13
1895	4
1896	4
1897	3
1898	2
1899	2
1900	2
1901	2
1902	2
1903	2
1904	4
1905	4
1906	4
1907	4
1908	3
1909	4
1910	4
1911	4
1912	4
1913	4
1914	4
1915	4
1916	2
1917	2
1918	2
1919	2
1920	2
1921	2
1922	2
1923	2
1924	3
1925	3
1926	4
1927	4
1928	3
1929	4
1930	3
1931	4
1932	3
1933	4
1934	4
1935	4
1936	4
1937	3
1938	4
1939	4
1940	3
1941	4
1942	4
1943	4
1944	4
1945	4
1946	4
1947	4
1948	4
1949	4
1950	4
1951	3
1952	3
1953	4
1954	4
1955	4
1956	4
1957	3
1958	4
1959	3
1960	4
1961	4
1962	4
1963	4
1964	4
1965	3
1966	4
1967	4
1968	4
1969	4
1970	4
1971	4
1972	3
1973	4
1974	4
1975	4
1976	12
1977	12
1978	12
1979	11
1980	12
1981	11
1982	11
1983	12
1984	11
1985	11
1986	11
1987	12
1988	12
1989	12
1990	12
1991	11
1992	12
1993	12
1994	12
1995	11
1996	12
1997	12
1998	12
1999	12
2000	12
2001	12
2002	12
2003	12
2004	12
2005	12
2006	12
2007	11
2008	12
2009	11
2010	12
2011	11
2012	11
2013	12
2014	12
2015	12
2016	12
2017	13
2018	13
2019	13
2020	13
2021	13
2022	13
2023	13
2024	11
2025	13
2026	13
2027	13
2028	13
2029	13
2030	11
2031	11
2032	11
2033	11
2034	11
2035	11
2036	11
2037	13
2038	2
2039	2
2040	2
2041	2
2042	2
2043	13
2044	13
2045	13
2046	11
2047	11
2048	2
2049	2
2050	13
2051	11
2052	11
2053	13
2054	13
2055	11
2056	13
2057	11
2058	12
2059	12
2060	12
2061	12
2062	12
2063	12
2064	12
2065	12
2066	12
2067	12
2068	13
2069	13
2070	13
2071	13
2072	13
2073	2
2074	13
2075	13
2076	13
2077	2
2078	13
2079	13
2080	13
2081	13
2082	13
2083	13
2084	13
2085	13
2086	13
2087	13
2088	13
2089	9
2090	9
2091	9
2092	9
2093	9
2094	9
2095	9
2096	3
2097	3
2098	3
2099	3
2100	3
2101	3
2102	3
2103	3
2104	3
2105	3
2106	3
2107	3
2108	3
2109	3
2110	3
2111	3
2112	3
2113	10
2114	6
2115	6
2116	6
2117	6
2118	10
2119	10
2120	10
2121	6
2122	10
2123	10
2124	2
2125	6
2126	6
2127	6
2128	6
2129	6
2130	10
2131	10
2132	6
2133	10
2134	10
2135	6
2136	10
2137	10
2138	10
2139	10
2140	10
2141	10
2142	10
2143	10
2144	10
2145	10
2146	10
2147	10
2148	10
2149	10
2150	6
2151	6
2152	6
2153	6
2154	10
2155	10
2156	10
2157	10
2158	6
2159	10
2160	6
2161	6
2162	6
2163	6
2164	6
2165	6
2166	10
2167	10
2168	10
2169	6
2170	6
2171	10
2172	6
2173	6
2174	10
2175	10
2176	10
2177	10
2178	6
2179	6
2180	6
2181	6
2182	6
2183	6
2184	6
2185	6
2186	6
2187	6
2188	10
2189	10
2190	6
2191	10
2192	6
2193	6
2194	10
2195	10
2196	10
2197	10
2198	10
2199	10
2200	6
2201	10
2202	10
2203	10
2204	6
2205	6
2206	6
2207	6
2208	10
2209	6
2210	6
2211	10
2212	10
2213	6
2214	10
2215	10
2216	10
2217	6
2218	6
2219	6
2220	6
2221	10
2222	10
2223	10
2224	6
2225	6
2226	6
2227	6
2228	10
2229	10
2230	6
2231	6
2232	6
2233	10
2234	10
2235	6
2236	10
2237	10
2238	10
2239	6
2240	6
2241	10
2242	10
2243	10
2244	10
2245	10
2246	6
2247	6
2248	6
2249	6
2250	6
2251	6
2252	6
2253	10
2254	10
2255	10
2256	6
2257	6
2258	6
2259	6
2260	6
2261	6
2262	6
2263	6
2264	6
2265	6
2266	10
2267	6
2268	6
2269	10
2270	10
2271	10
2272	6
2273	10
2274	6
2275	6
2276	6
2277	10
2278	10
2279	10
2280	6
2281	6
2282	10
2283	10
2284	13
2285	2
2286	10
2287	10
2288	6
2289	6
2290	6
2291	6
2292	6
2293	6
2294	10
2295	6
2296	6
2297	10
2298	10
2299	10
2300	10
2301	6
2302	10
2303	10
2304	10
2305	6
2306	6
2307	6
2308	6
2309	2
2310	2
2311	2
2312	5
2313	5
2314	5
2315	5
2316	5
2317	5
2318	5
2319	5
2320	5
2321	5
2322	5
2323	5
2324	5
2325	5
2326	5
2327	5
2328	5
2329	5
2330	4
2331	4
2332	4
2333	4
2334	4
2335	4
2336	4
2337	4
2338	4
2339	4
2340	4
2341	4
2342	4
2343	4
2344	4
2345	4
2346	5
2347	5
2348	5
2349	5
2350	5
2351	5
2352	5
2353	5
2354	5
2355	5
2356	5
2357	5
2358	5
2359	5
2360	5
2361	5
2362	5
2363	5
2364	5
2365	5
2366	10
2367	10
2368	10
2369	10
2370	10
2371	10
2372	10
2373	10
2374	10
2375	10
2376	10
2377	10
2378	10
2379	10
2380	10
2381	10
2382	10
2383	10
2384	10
2385	10
2386	10
2387	10
2388	10
2389	10
2390	10
2391	10
2392	10
2393	10
2394	10
2395	10
2396	10
2397	10
2398	10
2399	10
2400	10
2401	10
2402	10
2403	10
2404	10
2405	10
2406	10
2407	10
2408	10
2409	10
2410	10
2411	10
2412	10
2413	10
2414	10
2415	1
2416	1
2417	1
2418	1
2419	7
2420	7
2421	7
2422	1
2423	1
2424	1
2425	1
2426	1
2427	7
2428	7
2429	7
2430	7
2431	1
2432	1
2433	1
2434	1
2435	1
2436	1
2437	1
2438	7
2439	7
2440	1
2441	1
2442	1
2443	1
2444	1
2445	1
2446	1
2447	1
2448	1
2449	1
2450	1
2451	1
2452	1
2453	1
2454	1
2455	1
2456	1
2457	1
2458	1
2459	1
2460	1
2461	1
2462	1
2463	1
2464	1
2465	1
2466	1
2467	1
2468	1
2469	1
2470	1
2471	1
2472	1
2473	1
2474	1
2475	1
2476	1
2477	1
2478	1
2479	1
2480	1
2481	1
2482	1
2483	1
2484	1
2485	1
2486	1
2487	1
2488	1
2489	1
2490	1
2491	1
2492	1
2493	1
2494	1
2495	1
2496	7
2497	7
2498	1
2499	1
2500	1
2501	1
2502	1
2503	1
2504	1
2505	1
2506	1
2507	1
2508	1
2509	7
2510	1
2511	1
2512	1
2513	1
2514	1
2515	1
2516	7
2517	7
2518	1
2519	7
2520	1
2521	7
2522	7
2523	7
2524	1
2525	7
2526	1
2527	7
2528	1
2529	7
2530	7
2531	7
2532	7
2533	7
2534	7
2535	7
2536	7
2537	7
2538	7
2539	7
2540	7
2541	7
2542	7
2543	1
2544	7
2545	7
2546	7
2547	1
2548	1
2549	1
2550	7
2551	7
2552	7
2553	7
2554	7
2555	7
2556	7
2557	7
2558	1
2559	1
2560	1
2561	1
2562	1
2563	7
2564	1
2565	7
2566	1
2567	1
2568	7
2569	1
2570	1
2571	1
2572	1
2573	1
2574	7
2575	1
2576	1
2577	7
2578	7
2579	7
2580	7
2581	7
2582	1
2583	7
2584	7
2585	1
2586	1
2587	7
2588	7
2589	7
2590	7
2591	7
2592	7
2593	7
2594	1
2595	1
2596	1
2597	1
2598	1
2599	1
2600	7
2601	7
2602	1
2603	1
2604	7
2605	7
2606	13
2607	13
2608	13
2609	13
2610	13
2611	13
2612	13
2613	13
2614	13
2615	13
2616	13
2617	13
2618	13
2619	13
2620	13
2621	13
2622	13
2623	13
2624	13
2625	13
2626	13
2627	13
2628	13
2629	13
2630	13
2631	13
2632	13
2633	13
2634	13
2635	13
2636	13
2637	13
2638	13
2639	13
2640	12
2641	12
2642	12
2643	11
2644	12
2645	12
2646	12
2647	12
2648	12
2649	11
2650	11
2651	12
2652	12
2653	12
2654	12
2655	12
2656	11
2657	11
2658	11
2659	12
2660	12
2661	11
2662	11
2663	12
2664	12
2665	12
2666	12
2667	12
2668	12
2669	12
2670	12
2671	12
2672	11
2673	12
2674	11
2675	11
2676	12
2677	12
2678	11
2679	12
2680	12
2681	12
2682	12
2683	12
2684	12
2685	12
2686	12
2687	12
2688	4
2689	4
2690	4
2691	4
315	9
1657	5
