0	7
1	7
2	7
3	7
4	7
5	7
6	7
7	12
8	12
9	12
10	12
11	12
12	12
13	12
14	12
15	12
16	12
17	12
18	12
19	12
20	12
21	1
22	1
23	1
24	1
25	1
26	1
27	1
28	1
29	5
30	5
31	5
32	5
33	12
34	5
35	5
36	12
37	5
38	5
39	12
40	5
41	12
42	5
43	12
44	12
45	5
46	5
47	12
48	5
49	5
50	5
51	5
52	5
53	3
54	3
55	3
56	3
57	3
58	5
59	5
60	5
61	5
62	5
63	5
64	5
65	3
66	3
67	3
68	3
69	3
70	3
71	1
72	1
73	1
74	1
75	5
76	5
77	5
78	5
79	5
80	5
81	5
82	5
83	10
84	10
85	10
86	10
87	10
88	10
89	10
90	10
91	10
92	10
93	10
94	10
95	10
96	12
97	12
98	12
99	12
100	12
101	12
102	12
103	12
104	12
105	12
106	12
107	12
108	12
109	12
110	12
111	12
112	12
113	12
114	12
115	12
116	12
117	12
118	12
119	12
120	12
121	12
122	12
123	12
124	12
125	12
126	12
127	12
128	12
129	11
130	11
131	11
132	11
133	11
134	11
135	11
136	11
137	11
138	11
139	11
140	11
141	11
142	11
143	11
144	11
145	11
146	11
147	11
148	11
149	11
150	11
151	11
152	11
153	11
154	11
155	11
156	11
157	11
158	11
159	11
160	11
161	11
162	11
163	11
164	11
165	11
166	11
167	11
168	11
169	11
170	11
171	11
172	11
173	11
174	11
175	11
176	11
177	11
178	11
179	11
180	11
181	11
182	11
183	5
184	5
185	5
186	5
187	5
188	5
189	5
190	5
191	5
192	5
193	5
194	5
195	5
196	5
197	5
198	5
199	5
200	5
201	5
202	5
203	5
204	5
205	5
206	5
207	5
208	1
209	1
210	1
211	1
212	1
213	1
214	1
215	1
216	1
217	1
218	1
219	1
220	1
221	1
222	1
223	1
224	1
225	1
226	1
227	1
228	1
229	1
230	1
231	1
232	1
233	1
234	1
235	1
236	1
237	1
238	1
239	1
240	1
241	1
242	1
243	1
244	1
245	1
246	1
247	1
248	5
249	5
250	5
251	5
252	5
253	5
254	5
255	5
256	5
257	5
258	5
259	5
260	5
261	9
262	9
263	9
264	9
265	9
266	9
267	9
268	11
269	9
270	9
271	9
272	9
273	9
274	9
275	9
276	9
277	9
278	11
279	9
280	9
281	9
282	11
283	11
284	11
285	11
286	9
287	11
288	11
289	9
290	11
291	11
292	11
293	11
294	9
295	11
296	9
297	9
298	9
299	11
300	9
301	9
302	5
303	5
304	5
305	5
306	13
307	13
308	13
309	13
310	13
311	13
312	13
313	13
314	13
316	12
317	12
318	12
319	12
320	12
321	12
322	12
323	12
324	12
325	12
326	12
327	12
328	12
329	12
330	12
331	13
332	13
333	13
334	13
335	13
336	13
337	12
338	12
339	12
340	13
341	13
342	13
343	13
344	13
345	13
346	13
347	13
348	13
349	13
350	13
351	13
352	13
353	13
354	13
355	13
356	8
357	11
358	8
359	11
360	11
361	8
362	11
363	11
364	8
365	8
366	8
367	8
368	8
369	13
370	13
371	13
372	13
373	13
374	13
375	13
376	13
377	13
378	13
379	13
380	13
381	13
382	13
383	13
384	13
385	13
386	13
387	13
388	13
389	12
390	12
391	12
392	12
393	12
394	13
395	13
396	13
397	13
398	12
399	12
400	12
401	12
402	12
403	1
404	1
405	1
406	1
407	1
408	1
409	12
410	7
411	12
412	12
413	7
414	7
415	7
416	7
417	7
418	7
419	7
420	7
421	7
422	7
423	12
424	7
425	11
426	11
427	11
428	11
429	11
430	11
431	11
432	11
433	7
434	7
435	7
436	7
437	7
438	7
439	7
440	7
441	7
442	12
443	7
444	7
445	12
446	11
447	11
448	11
449	11
450	11
451	7
452	12
453	7
454	11
455	11
456	11
457	7
458	12
459	7
460	7
461	7
462	7
463	11
464	11
465	11
466	11
467	11
468	11
469	11
470	11
471	11
472	11
473	7
474	12
475	9
476	9
477	11
478	11
479	11
480	11
481	11
482	11
483	11
484	1
485	1
486	11
487	11
488	11
489	9
490	9
491	9
492	9
493	9
494	9
495	11
496	11
497	11
498	1
499	11
500	11
501	11
502	1
503	11
504	11
505	11
506	1
507	1
508	1
509	1
510	1
511	1
512	1
513	1
514	1
515	1
516	1
517	1
518	1
519	1
520	1
521	1
522	2
523	2
524	2
525	2
526	7
527	7
528	2
529	2
530	2
531	2
532	2
533	2
534	2
535	2
536	2
537	2
538	7
539	7
540	7
541	7
542	7
543	7
544	7
545	7
546	7
547	7
548	7
549	7
550	7
551	7
552	7
553	7
554	7
555	7
556	7
557	7
558	7
559	1
560	1
561	1
562	1
563	1
564	1
565	7
566	7
567	7
568	7
569	7
570	2
571	2
572	2
573	2
574	2
575	2
576	2
577	2
578	2
579	2
580	2
581	7
582	7
583	7
584	7
585	7
586	7
587	1
588	1
589	1
590	1
591	1
592	1
593	1
594	1
595	1
596	9
597	1
598	1
599	1
600	1
601	1
602	1
603	5
604	5
605	5
606	5
607	5
608	5
609	5
610	5
611	5
612	5
613	5
614	5
615	5
616	5
617	1
618	1
619	1
620	9
621	1
622	9
623	9
624	9
625	1
626	9
627	9
628	1
629	1
630	1
631	1
632	9
633	1
634	9
635	1
636	1
637	1
638	9
639	5
640	7
641	5
642	7
643	5
644	7
645	7
646	7
647	7
648	7
649	7
650	7
651	7
652	7
653	5
654	5
655	5
656	7
657	9
658	9
659	9
660	9
661	7
662	7
663	7
664	7
665	7
666	7
667	7
668	7
669	7
670	11
671	11
672	11
673	11
674	11
675	1
676	11
677	11
678	11
679	11
680	7
681	7
682	7
683	7
684	7
685	7
686	7
687	7
688	7
689	7
690	7
691	7
692	7
693	7
694	7
695	7
696	7
697	11
698	11
699	11
700	1
701	1
702	1
703	1
704	11
705	11
706	11
707	1
708	1
709	11
710	1
711	1
712	1
713	1
714	7
715	7
716	1
717	1
718	1
719	1
720	11
721	1
722	1
723	1
724	1
725	1
726	1
727	1
728	1
729	1
730	1
731	1
732	12
733	12
734	12
735	12
736	12
737	9
738	9
739	9
740	9
741	9
742	9
743	9
744	9
745	12
746	12
747	12
748	12
749	12
750	12
751	12
752	12
753	12
754	12
755	12
756	12
757	12
758	12
759	12
760	12
761	12
762	12
763	12
764	12
765	12
766	9
767	9
768	9
769	9
770	12
771	12
772	9
773	9
774	9
775	9
776	9
777	9
778	9
779	9
780	9
781	9
782	9
783	9
784	9
785	1
786	9
787	9
788	9
789	9
790	9
791	1
792	1
793	1
794	1
795	1
796	1
797	1
798	1
799	1
800	1
801	9
802	9
803	9
804	9
805	1
806	1
807	1
808	9
809	9
810	9
811	3
812	8
813	8
814	3
815	8
816	8
817	8
818	8
819	8
820	8
821	3
822	8
823	8
824	8
825	8
826	8
827	8
828	8
829	8
830	3
831	3
832	8
833	8
834	3
835	3
836	3
837	3
838	3
839	8
840	3
841	8
842	3
843	8
844	8
845	8
846	8
847	8
848	8
849	8
850	8
851	8
852	3
853	3
854	8
855	8
856	8
857	8
858	5
859	5
860	5
861	5
862	5
863	5
864	5
865	5
866	5
867	5
868	5
869	5
870	5
871	3
872	3
873	8
874	8
875	8
876	8
877	8
878	8
879	8
880	8
881	3
882	3
883	3
884	3
885	3
886	3
887	8
888	8
889	8
890	8
891	8
892	8
893	3
894	3
895	3
896	3
897	8
898	8
899	8
900	8
901	8
902	3
903	3
904	3
905	3
906	8
907	8
908	8
909	8
910	8
911	8
912	8
913	8
914	3
915	3
916	8
917	3
918	8
919	8
920	8
921	8
922	8
923	8
924	8
925	3
926	8
927	3
928	3
929	8
930	3
931	3
932	8
933	8
934	8
935	8
936	8
937	8
938	8
939	8
940	8
941	8
942	3
943	8
944	8
945	8
946	8
947	8
948	8
949	3
950	8
951	8
952	8
953	8
954	8
955	8
956	8
957	8
958	8
959	8
960	8
961	8
962	8
963	8
964	8
965	8
966	8
967	8
968	8
969	8
970	8
971	8
972	8
973	8
974	8
975	3
976	8
977	8
978	8
979	8
980	8
981	8
982	3
983	3
984	3
985	11
986	11
987	11
988	11
989	11
990	11
991	11
992	11
993	11
994	11
995	11
996	11
997	11
998	11
999	11
1000	11
1001	11
1002	11
1003	11
1004	11
1005	11
1006	11
1007	3
1008	3
1009	11
1010	3
1011	3
1012	3
1013	3
1014	3
1015	3
1016	3
1017	3
1018	3
1019	3
1020	3
1021	3
1022	3
1023	3
1024	3
1025	3
1026	3
1027	3
1028	3
1029	3
1030	3
1031	3
1032	3
1033	3
1034	3
1035	3
1036	3
1037	3
1038	3
1039	3
1040	3
1041	3
1042	3
1043	3
1044	3
1045	3
1046	3
1047	3
1048	3
1049	3
1050	3
1051	3
1052	3
1053	3
1054	3
1055	3
1056	3
1057	3
1058	3
1059	3
1060	3
1061	3
1062	3
1063	3
1064	3
1065	3
1066	3
1067	3
1068	3
1069	3
1070	3
1071	3
1072	3
1073	3
1074	3
1075	5
1076	5
1077	5
1078	5
1079	5
1080	5
1081	5
1082	5
1083	5
1084	5
1085	5
1086	5
1087	9
1088	9
1089	9
1090	9
1091	9
1092	9
1093	9
1094	1
1095	1
1096	1
1097	1
1098	1
1099	1
1100	1
1101	1
1102	1
1103	1
1104	1
1105	1
1106	1
1107	13
1108	13
1109	13
1110	13
1111	13
1112	8
1113	13
1114	13
1115	13
1116	8
1117	13
1118	13
1119	13
1120	13
1121	13
1122	13
1123	13
1124	13
1125	13
1126	13
1127	13
1128	13
1129	13
1130	13
1131	13
1132	8
1133	13
1134	13
1135	13
1136	8
1137	8
1138	8
1139	8
1140	13
1141	13
1142	13
1143	8
1144	13
1145	13
1146	8
1147	8
1148	13
1149	13
1150	13
1151	13
1152	13
1153	13
1154	6
1155	6
1156	6
1157	6
1158	6
1159	6
1160	6
1161	6
1162	6
1163	6
1164	6
1165	6
1166	6
1167	6
1168	6
1169	3
1170	3
1171	3
1172	3
1173	3
1174	3
1175	3
1176	3
1177	3
1178	3
1179	3
1180	3
1181	3
1182	3
1183	3
1184	3
1185	3
1186	3
1187	3
1188	3
1189	3
1190	3
1191	3
1192	3
1193	3
1194	3
1195	3
1196	3
1197	3
1198	3
1199	3
1200	10
1201	10
1202	10
1203	10
1204	10
1205	10
1206	10
1207	10
1208	10
1209	10
1210	10
1211	10
1212	10
1213	10
1214	10
1215	10
1216	10
1217	10
1218	10
1219	10
1220	10
1221	10
1222	10
1223	10
1224	10
1225	10
1226	10
1227	10
1228	10
1229	10
1230	10
1231	10
1232	10
1233	10
1234	10
1235	10
1236	8
1237	10
1238	10
1239	10
1240	11
1241	11
1242	11
1243	1
1244	11
1245	11
1246	11
1247	11
1248	1
1249	1
1250	1
1251	1
1252	1
1253	5
1254	5
1255	5
1256	5
1257	5
1258	1
1259	1
1260	1
1261	1
1262	11
1263	11
1264	5
1265	5
1266	5
1267	5
1268	5
1269	5
1270	5
1271	5
1272	5
1273	5
1274	5
1275	5
1276	5
1277	5
1278	6
1279	6
1280	6
1281	1
1282	11
1283	11
1284	5
1285	5
1286	5
1287	5
1288	6
1289	6
1290	6
1291	6
1292	6
1293	6
1294	6
1295	6
1296	6
1297	6
1298	6
1299	6
1300	6
1301	6
1302	6
1303	5
1304	5
1305	5
1306	5
1307	5
1308	5
1309	5
1310	5
1311	5
1312	5
1313	5
1314	8
1315	8
1316	8
1317	8
1318	8
1319	8
1320	8
1321	8
1322	8
1323	8
1324	8
1325	8
1326	8
1327	8
1328	8
1329	8
1330	8
1331	8
1332	8
1333	8
1334	8
1335	8
1336	8
1337	8
1338	8
1339	8
1340	8
1341	8
1342	8
1343	8
1344	8
1345	8
1346	5
1347	5
1348	5
1349	5
1350	5
1351	5
1352	5
1353	5
1354	5
1355	5
1356	5
1357	5
1358	5
1359	5
1360	5
1361	5
1362	5
1363	8
1364	8
1365	8
1366	8
1367	8
1368	8
1369	8
1370	8
1371	8
1372	8
1373	8
1374	8
1375	8
1376	8
1377	8
1378	8
1379	8
1380	8
1381	6
1382	6
1383	6
1384	6
1385	1
1386	6
1387	1
1388	6
1389	1
1390	6
1391	1
1392	6
1393	1
1394	1
1395	6
1396	6
1397	7
1398	5
1399	5
1400	5
1401	5
1402	5
1403	5
1404	7
1405	5
1406	5
1407	5
1408	5
1409	5
1410	7
1411	5
1412	5
1413	7
1414	5
1415	5
1416	5
1417	7
1418	7
1419	5
1420	7
1421	5
1422	7
1423	5
1424	5
1425	7
1426	7
1427	5
1428	2
1429	2
1430	2
1431	2
1432	2
1433	2
1434	2
1435	2
1436	2
1437	2
1438	2
1439	2
1440	2
1441	12
1442	12
1443	12
1444	12
1445	12
1446	12
1447	12
1448	12
1449	12
1450	12
1451	12
1452	12
1453	12
1454	12
1455	2
1456	2
1457	2
1458	2
1459	2
1460	2
1461	2
1462	2
1463	2
1464	2
1465	1
1466	1
1467	1
1468	1
1469	1
1470	1
1471	1
1472	1
1473	1
1474	1
1475	1
1476	1
1477	1
1478	1
1479	1
1480	1
1481	1
1482	1
1483	1
1484	1
1485	1
1486	1
1487	1
1488	1
1489	12
1490	12
1491	12
1492	12
1493	12
1494	12
1495	12
1496	12
1497	12
1498	12
1499	12
1500	12
1501	7
1502	7
1503	7
1504	7
1505	7
1506	7
1507	7
1508	7
1509	7
1510	7
1511	7
1512	7
1513	7
1514	7
1515	7
1516	7
1517	7
1518	7
1519	7
1520	7
1521	7
1522	7
1523	7
1524	7
1525	7
1526	7
1527	7
1528	7
1529	9
1530	9
1531	9
1532	11
1533	9
1534	9
1535	9
1536	9
1537	9
1538	11
1539	11
1540	11
1541	11
1542	9
1543	9
1544	9
1545	9
1546	9
1547	9
1548	11
1549	9
1550	9
1551	9
1552	10
1553	10
1554	10
1555	8
1556	10
1557	8
1558	10
1559	10
1560	10
1561	10
1562	10
1563	10
1564	10
1565	10
1566	8
1567	10
1568	10
1569	10
1570	10
1571	10
1572	10
1573	10
1574	10
1575	10
1576	12
1577	12
1578	12
1579	12
1580	12
1581	12
1582	12
1583	12
1584	12
1585	12
1586	12
1587	12
1588	12
1589	12
1590	12
1591	12
1592	12
1593	5
1594	5
1595	5
1596	5
1597	5
1598	5
1599	5
1600	5
1601	5
1602	2
1603	10
1604	2
1605	2
1606	2
1607	10
1608	2
1609	2
1610	2
1611	2
1612	2
1613	10
1614	10
1615	2
1616	2
1617	2
1618	1
1619	1
1620	1
1621	1
1622	1
1623	1
1624	1
1625	1
1626	1
1627	1
1628	1
1629	3
1630	3
1631	12
1632	12
1633	3
1634	12
1635	12
1636	12
1637	3
1638	12
1639	3
1640	12
1641	3
1642	3
1643	12
1644	1
1645	1
1646	1
1647	1
1648	1
1649	12
1650	3
1651	3
1652	3
1653	3
1654	3
1655	12
1656	12
1658	12
1659	3
1660	12
1661	12
1662	3
1663	12
1664	12
1665	12
1666	3
1667	12
1668	12
1669	3
1670	3
1671	12
1672	12
1673	1
1674	3
1675	12
1676	12
1677	1
1678	11
1679	11
1680	11
1681	9
1682	11
1683	11
1684	11
1685	12
1686	12
1687	12
1688	12
1689	12
1690	12
1691	12
1692	12
1693	12
1694	12
1695	12
1696	12
1697	12
1698	12
1699	12
1700	12
1701	12
1702	12
1703	4
1704	2
1705	12
1706	12
1707	12
1708	12
1709	12
1710	12
1711	12
1712	12
1713	1
1714	1
1715	1
1716	1
1717	1
1718	1
1719	1
1720	1
1721	1
1722	1
1723	1
1724	1
1725	12
1726	12
1727	12
1728	1
1729	12
1730	12
1731	12
1732	12
1733	12
1734	12
1735	12
1736	12
1737	12
1738	12
1739	12
1740	12
1741	12
1742	7
1743	7
1744	4
1745	7
1746	7
1747	7
1748	7
1749	7
1750	7
1751	7
1752	7
1753	7
1754	7
1755	7
1756	7
1757	1
1758	1
1759	1
1760	1
1761	7
1762	7
1763	7
1764	4
1765	7
1766	7
1767	4
1768	7
1769	7
1770	7
1771	7
1772	7
1773	7
1774	1
1775	1
1776	1
1777	1
1778	1
1779	1
1780	1
1781	1
1782	1
1783	1
1784	1
1785	1
1786	1
1787	7
1788	7
1789	7
1790	7
1791	7
1792	7
1793	7
1794	7
1795	1
1796	1
1797	1
1798	1
1799	7
1800	7
1801	7
1802	7
1803	7
1804	4
1805	7
1806	4
1807	7
1808	7
1809	2
1810	2
1811	2
1812	2
1813	2
1814	2
1815	2
1816	2
1817	2
1818	2
1819	2
1820	2
1821	2
1822	2
1823	2
1824	2
1825	2
1826	2
1827	2
1828	2
1829	2
1830	1
1831	1
1832	1
1833	1
1834	1
1835	2
1836	2
1837	1
1838	2
1839	2
1840	8
1841	8
1842	8
1843	8
1844	8
1845	2
1846	2
1847	2
1848	2
1849	2
1850	2
1851	2
1852	2
1853	2
1854	2
1855	2
1856	2
1857	1
1858	1
1859	1
1860	1
1861	1
1862	1
1863	2
1864	2
1865	2
1866	2
1867	2
1868	2
1869	2
1870	2
1871	2
1872	9
1873	9
1874	9
1875	9
1876	11
1877	9
1878	11
1879	9
1880	11
1881	9
1882	9
1883	11
1884	9
1885	9
1886	9
1887	11
1888	11
1889	11
1890	11
1891	9
1892	11
1893	11
1894	9
1895	5
1896	5
1897	5
1898	6
1899	6
1900	6
1901	6
1902	6
1903	6
1904	5
1905	5
1906	5
1907	5
1908	5
1909	5
1910	5
1911	5
1912	5
1913	5
1914	5
1915	5
1916	6
1917	6
1918	6
1919	6
1920	6
1921	6
1922	6
1923	6
1924	5
1925	5
1926	5
1927	5
1928	5
1929	5
1930	5
1931	5
1932	5
1933	5
1934	5
1935	5
1936	5
1937	5
1938	5
1939	5
1940	5
1941	5
1942	5
1943	5
1944	5
1945	5
1946	5
1947	5
1948	5
1949	5
1950	5
1951	5
1952	5
1953	5
1954	5
1955	5
1956	5
1957	5
1958	5
1959	5
1960	5
1961	5
1962	5
1963	5
1964	5
1965	5
1966	5
1967	5
1968	5
1969	5
1970	5
1971	5
1972	5
1973	5
1974	5
1975	5
1976	10
1977	10
1978	10
1979	10
1980	10
1981	10
1982	10
1983	10
1984	10
1985	10
1986	10
1987	10
1988	10
1989	10
1990	10
1991	10
1992	10
1993	10
1994	10
1995	10
1996	10
1997	10
1998	10
1999	10
2000	10
2001	10
2002	10
2003	10
2004	10
2005	10
2006	10
2007	10
2008	10
2009	10
2010	10
2011	10
2012	10
2013	10
2014	10
2015	10
2016	10
2017	9
2018	9
2019	9
2020	9
2021	9
2022	9
2023	9
2024	11
2025	9
2026	9
2027	9
2028	9
2029	9
2030	11
2031	11
2032	11
2033	11
2034	11
2035	11
2036	11
2037	9
2038	1
2039	1
2040	1
2041	1
2042	1
2043	9
2044	9
2045	9
2046	11
2047	11
2048	1
2049	1
2050	9
2051	11
2052	11
2053	9
2054	9
2055	11
2056	9
2057	11
2058	10
2059	10
2060	10
2061	10
2062	10
2063	10
2064	10
2065	10
2066	10
2067	10
2068	9
2069	9
2070	9
2071	9
2072	9
2073	9
2074	9
2075	9
2076	9
2077	9
2078	9
2079	9
2080	9
2081	9
2082	9
2083	9
2084	9
2085	9
2086	9
2087	9
2088	9
2089	12
2090	12
2091	12
2092	12
2093	12
2094	12
2095	12
2096	7
2097	7
2098	7
2099	7
2100	7
2101	7
2102	7
2103	7
2104	7
2105	7
2106	7
2107	7
2108	7
2109	7
2110	7
2111	7
2112	7
2113	4
2114	4
2115	4
2116	4
2117	4
2118	2
2119	2
2120	4
2121	4
2122	4
2123	2
2124	9
2125	4
2126	4
2127	4
2128	4
2129	4
2130	4
2131	4
2132	4
2133	2
2134	4
2135	4
2136	2
2137	2
2138	2
2139	4
2140	2
2141	4
2142	4
2143	4
2144	2
2145	4
2146	2
2147	2
2148	4
2149	2
2150	4
2151	4
2152	4
2153	4
2154	4
2155	4
2156	4
2157	4
2158	4
2159	4
2160	4
2161	4
2162	4
2163	4
2164	4
2165	4
2166	4
2167	4
2168	4
2169	4
2170	4
2171	4
2172	4
2173	4
2174	2
2175	2
2176	2
2177	2
2178	4
2179	4
2180	4
2181	2
2182	4
2183	4
2184	4
2185	4
2186	4
2187	4
2188	2
2189	4
2190	4
2191	4
2192	4
2193	4
2194	2
2195	4
2196	2
2197	2
2198	4
2199	2
2200	4
2201	4
2202	2
2203	4
2204	4
2205	4
2206	4
2207	4
2208	4
2209	4
2210	4
2211	4
2212	4
2213	4
2214	4
2215	2
2216	2
2217	4
2218	4
2219	4
2220	4
2221	4
2222	4
2223	2
2224	4
2225	4
2226	4
2227	4
2228	4
2229	4
2230	4
2231	4
2232	4
2233	2
2234	2
2235	4
2236	2
2237	2
2238	2
2239	4
2240	4
2241	4
2242	2
2243	2
2244	2
2245	2
2246	4
2247	4
2248	4
2249	4
2250	4
2251	4
2252	4
2253	2
2254	2
2255	2
2256	4
2257	4
2258	4
2259	4
2260	4
2261	4
2262	4
2263	4
2264	4
2265	4
2266	4
2267	4
2268	4
2269	2
2270	2
2271	4
2272	4
2273	2
2274	4
2275	4
2276	4
2277	2
2278	4
2279	4
2280	4
2281	4
2282	4
2283	2
2284	9
2285	9
2286	4
2287	4
2288	4
2289	4
2290	4
2291	4
2292	4
2293	4
2294	4
2295	4
2296	4
2297	4
2298	2
2299	2
2300	2
2301	4
2302	2
2303	4
2304	2
2305	4
2306	4
2307	4
2308	4
2309	9
2310	9
2311	9
2312	3
2313	3
2314	3
2315	3
2316	3
2317	3
2318	3
2319	3
2320	3
2321	3
2322	3
2323	3
2324	3
2325	3
2326	3
2327	3
2328	3
2329	3
2330	5
2331	5
2332	5
2333	5
2334	5
2335	5
2336	5
2337	5
2338	5
2339	5
2340	5
2341	5
2342	5
2343	5
2344	5
2345	5
2346	3
2347	3
2348	3
2349	3
2350	3
2351	3
2352	3
2353	3
2354	3
2355	3
2356	3
2357	3
2358	3
2359	3
2360	3
2361	3
2362	3
2363	3
2364	3
2365	3
2366	2
2367	2
2368	2
2369	2
2370	2
2371	2
2372	2
2373	2
2374	2
2375	2
2376	2
2377	2
2378	2
2379	2
2380	2
2381	2
2382	2
2383	2
2384	2
2385	2
2386	2
2387	2
2388	2
2389	2
2390	2
2391	2
2392	2
2393	2
2394	2
2395	2
2396	2
2397	2
2398	2
2399	2
2400	2
2401	2
2402	2
2403	2
2404	2
2405	2
2406	2
2407	2
2408	2
2409	2
2410	2
2411	2
2412	2
2413	2
2414	2
2415	13
2416	13
2417	13
2418	13
2419	6
2420	6
2421	13
2422	13
2423	13
2424	13
2425	13
2426	13
2427	6
2428	6
2429	6
2430	6
2431	6
2432	6
2433	13
2434	6
2435	13
2436	13
2437	6
2438	6
2439	6
2440	6
2441	6
2442	13
2443	13
2444	13
2445	6
2446	6
2447	13
2448	13
2449	6
2450	6
2451	6
2452	6
2453	6
2454	13
2455	13
2456	13
2457	13
2458	13
2459	13
2460	13
2461	13
2462	13
2463	13
2464	13
2465	6
2466	13
2467	13
2468	13
2469	13
2470	13
2471	13
2472	13
2473	13
2474	13
2475	13
2476	13
2477	13
2478	13
2479	13
2480	13
2481	13
2482	13
2483	13
2484	13
2485	6
2486	6
2487	13
2488	13
2489	13
2490	6
2491	6
2492	13
2493	13
2494	13
2495	6
2496	6
2497	6
2498	6
2499	6
2500	13
2501	6
2502	6
2503	13
2504	6
2505	6
2506	13
2507	13
2508	6
2509	6
2510	6
2511	6
2512	6
2513	6
2514	6
2515	13
2516	6
2517	13
2518	6
2519	6
2520	13
2521	6
2522	13
2523	6
2524	6
2525	6
2526	13
2527	13
2528	6
2529	6
2530	6
2531	6
2532	6
2533	6
2534	6
2535	6
2536	6
2537	6
2538	6
2539	6
2540	6
2541	6
2542	6
2543	6
2544	6
2545	6
2546	6
2547	6
2548	6
2549	6
2550	13
2551	6
2552	6
2553	6
2554	6
2555	6
2556	6
2557	6
2558	6
2559	6
2560	6
2561	6
2562	6
2563	6
2564	13
2565	6
2566	6
2567	6
2568	6
2569	6
2570	6
2571	6
2572	6
2573	6
2574	6
2575	6
2576	6
2577	6
2578	6
2579	6
2580	6
2581	6
2582	13
2583	6
2584	6
2585	13
2586	13
2587	6
2588	6
2589	6
2590	6
2591	6
2592	6
2593	6
2594	13
2595	13
2596	13
2597	13
2598	13
2599	13
2600	13
2601	13
2602	13
2603	13
2604	6
2605	6
2606	9
2607	9
2608	9
2609	9
2610	9
2611	9
2612	9
2613	9
2614	9
2615	9
2616	9
2617	9
2618	9
2619	9
2620	9
2621	9
2622	9
2623	9
2624	9
2625	9
2626	9
2627	9
2628	9
2629	9
2630	9
2631	9
2632	9
2633	9
2634	9
2635	9
2636	9
2637	9
2638	9
2639	9
2640	10
2641	10
2642	10
2643	10
2644	10
2645	10
2646	10
2647	10
2648	10
2649	10
2650	10
2651	10
2652	10
2653	10
2654	10
2655	10
2656	10
2657	11
2658	10
2659	10
2660	10
2661	11
2662	11
2663	10
2664	10
2665	10
2666	10
2667	10
2668	10
2669	10
2670	11
2671	10
2672	10
2673	10
2674	10
2675	11
2676	10
2677	10
2678	11
2679	10
2680	10
2681	10
2682	10
2683	10
2684	10
2685	10
2686	10
2687	10
2688	5
2689	5
2690	5
2691	5
315	12
1657	12
