0	6
1	6
2	6
3	6
4	6
5	6
6	6
7	12
8	12
9	12
10	12
11	12
12	12
13	12
14	12
15	12
16	12
17	12
18	13
19	13
20	3
21	9
22	9
23	9
24	9
25	9
26	9
27	9
28	9
29	12
30	12
31	12
32	12
33	12
34	12
35	12
36	12
37	12
38	12
39	12
40	12
41	12
42	12
43	12
44	12
45	12
46	12
47	12
48	12
49	6
50	6
51	6
52	6
53	10
54	10
55	10
56	10
57	10
58	6
59	6
60	6
61	6
62	6
63	6
64	6
65	10
66	10
67	10
68	10
69	10
70	10
71	9
72	9
73	9
74	9
75	6
76	6
77	6
78	6
79	6
80	6
81	6
82	6
83	4
84	4
85	4
86	4
87	4
88	4
89	4
90	4
91	4
92	4
93	4
94	4
95	4
96	12
97	12
98	12
99	12
100	12
101	12
102	12
103	12
104	12
105	12
106	12
107	12
108	12
109	12
110	12
111	12
112	12
113	12
114	12
115	12
116	12
117	12
118	12
119	12
120	12
121	12
122	12
123	12
124	12
125	12
126	12
127	12
128	12
129	2
130	2
131	2
132	2
133	2
134	2
135	2
136	2
137	2
138	2
139	2
140	2
141	7
142	2
143	2
144	2
145	2
146	2
147	2
148	2
149	2
150	2
151	2
152	2
153	2
154	2
155	2
156	2
157	7
158	7
159	7
160	7
161	7
162	2
163	2
164	2
165	7
166	8
167	8
168	8
169	8
170	8
171	8
172	8
173	8
174	8
175	8
176	8
177	8
178	8
179	8
180	8
181	8
182	8
183	6
184	6
185	6
186	6
187	6
188	6
189	6
190	6
191	6
192	6
193	6
194	6
195	6
196	6
197	6
198	6
199	6
200	6
201	6
202	6
203	6
204	6
205	6
206	6
207	6
208	9
209	9
210	9
211	9
212	9
213	9
214	9
215	9
216	9
217	9
218	9
219	9
220	9
221	9
222	9
223	9
224	9
225	9
226	11
227	11
228	11
229	11
230	11
231	11
232	11
233	11
234	11
235	11
236	9
237	9
238	9
239	9
240	9
241	9
242	9
243	9
244	9
245	9
246	9
247	9
248	6
249	6
250	6
251	6
252	6
253	6
254	6
255	6
256	6
257	6
258	6
259	6
260	6
261	11
262	11
263	11
264	11
265	11
266	11
267	11
268	11
269	11
270	11
271	11
272	11
273	11
274	11
275	11
276	11
277	11
278	11
279	11
280	11
281	11
282	11
283	11
284	11
285	11
286	11
287	11
288	11
289	11
290	11
291	11
292	11
293	11
294	11
295	11
296	11
297	11
298	11
299	11
300	11
301	11
302	6
303	6
304	6
305	6
306	10
307	10
308	10
309	10
310	10
311	10
312	10
313	10
314	10
316	12
317	12
318	12
319	12
320	12
321	12
322	12
323	12
324	12
325	12
326	12
327	12
328	12
329	12
330	12
331	10
332	10
333	10
334	10
335	10
336	10
337	12
338	12
339	12
340	10
341	10
342	10
343	10
344	10
345	7
346	10
347	10
348	10
349	10
350	10
351	10
352	10
353	10
354	10
355	7
356	2
357	2
358	2
359	2
360	2
361	2
362	2
363	2
364	2
365	2
366	2
367	2
368	2
369	10
370	7
371	7
372	10
373	10
374	10
375	10
376	10
377	10
378	10
379	10
380	10
381	10
382	10
383	10
384	10
385	10
386	10
387	10
388	10
389	12
390	12
391	12
392	12
393	12
394	10
395	10
396	10
397	10
398	12
399	12
400	12
401	12
402	12
403	9
404	9
405	9
406	9
407	9
408	9
409	13
410	13
411	13
412	13
413	13
414	13
415	13
416	13
417	13
418	13
419	13
420	13
421	13
422	13
423	13
424	13
425	8
426	8
427	8
428	8
429	8
430	8
431	8
432	8
433	13
434	13
435	13
436	13
437	13
438	13
439	13
440	13
441	13
442	13
443	13
444	13
445	3
446	8
447	8
448	8
449	8
450	8
451	13
452	13
453	13
454	8
455	8
456	8
457	13
458	13
459	13
460	13
461	13
462	13
463	8
464	8
465	8
466	8
467	8
468	8
469	8
470	8
471	8
472	8
473	13
474	13
475	11
476	11
477	8
478	8
479	8
480	8
481	8
482	8
483	8
484	9
485	9
486	8
487	8
488	8
489	11
490	11
491	11
492	11
493	11
494	11
495	8
496	8
497	8
498	9
499	8
500	8
501	8
502	9
503	8
504	8
505	8
506	9
507	9
508	9
509	9
510	9
511	9
512	9
513	9
514	9
515	9
516	9
517	9
518	9
519	9
520	9
521	9
522	4
523	4
524	4
525	4
526	6
527	6
528	4
529	4
530	4
531	4
532	4
533	4
534	4
535	4
536	4
537	4
538	6
539	6
540	6
541	6
542	6
543	6
544	6
545	6
546	6
547	6
548	6
549	6
550	6
551	6
552	6
553	6
554	6
555	6
556	6
557	6
558	6
559	9
560	9
561	9
562	9
563	9
564	9
565	6
566	6
567	6
568	6
569	6
570	4
571	4
572	4
573	4
574	4
575	4
576	4
577	4
578	4
579	4
580	4
581	6
582	6
583	6
584	6
585	6
586	6
587	11
588	11
589	11
590	11
591	11
592	9
593	9
594	11
595	9
596	11
597	9
598	11
599	9
600	9
601	9
602	9
603	6
604	6
605	6
606	6
607	6
608	6
609	6
610	6
611	6
612	6
613	6
614	6
615	6
616	6
617	11
618	11
619	9
620	11
621	11
622	11
623	11
624	11
625	11
626	11
627	11
628	9
629	9
630	9
631	9
632	11
633	11
634	11
635	11
636	11
637	11
638	11
639	6
640	6
641	6
642	6
643	6
644	6
645	6
646	6
647	6
648	6
649	6
650	6
651	6
652	6
653	6
654	6
655	6
656	6
657	8
658	8
659	8
660	8
661	13
662	13
663	13
664	3
665	3
666	13
667	13
668	3
669	3
670	8
671	8
672	8
673	8
674	8
675	8
676	8
677	8
678	8
679	8
680	3
681	13
682	3
683	13
684	3
685	13
686	13
687	3
688	13
689	13
690	13
691	13
692	13
693	13
694	13
695	13
696	13
697	8
698	8
699	8
700	8
701	8
702	8
703	8
704	8
705	8
706	8
707	8
708	8
709	8
710	8
711	8
712	8
713	8
714	13
715	13
716	11
717	11
718	8
719	8
720	8
721	11
722	11
723	11
724	11
725	11
726	11
727	11
728	11
729	11
730	11
731	11
732	12
733	12
734	12
735	12
736	12
737	8
738	8
739	8
740	8
741	8
742	8
743	8
744	8
745	12
746	12
747	12
748	12
749	12
750	12
751	12
752	12
753	12
754	12
755	12
756	12
757	12
758	12
759	12
760	12
761	12
762	12
763	12
764	12
765	12
766	8
767	8
768	8
769	8
770	12
771	12
772	8
773	8
774	8
775	8
776	8
777	8
778	8
779	8
780	8
781	8
782	8
783	8
784	8
785	10
786	8
787	8
788	8
789	8
790	8
791	10
792	10
793	10
794	10
795	10
796	10
797	10
798	10
799	10
800	10
801	8
802	8
803	8
804	8
805	10
806	10
807	10
808	8
809	8
810	8
811	1
812	1
813	10
814	1
815	1
816	10
817	1
818	1
819	1
820	1
821	1
822	1
823	1
824	10
825	10
826	10
827	1
828	10
829	1
830	1
831	10
832	10
833	10
834	1
835	1
836	1
837	1
838	10
839	10
840	1
841	10
842	1
843	1
844	1
845	10
846	1
847	1
848	1
849	1
850	1
851	1
852	1
853	1
854	1
855	10
856	1
857	1
858	6
859	6
860	6
861	6
862	6
863	6
864	6
865	6
866	6
867	6
868	6
869	6
870	6
871	1
872	1
873	10
874	10
875	1
876	1
877	1
878	10
879	10
880	1
881	1
882	1
883	1
884	10
885	1
886	10
887	1
888	1
889	10
890	1
891	1
892	1
893	1
894	1
895	1
896	1
897	10
898	1
899	1
900	1
901	1
902	1
903	1
904	1
905	1
906	10
907	1
908	1
909	10
910	1
911	1
912	1
913	1
914	1
915	1
916	10
917	1
918	10
919	10
920	1
921	1
922	1
923	1
924	1
925	1
926	10
927	1
928	1
929	10
930	1
931	1
932	1
933	1
934	10
935	1
936	1
937	10
938	1
939	1
940	1
941	10
942	1
943	1
944	1
945	1
946	10
947	1
948	1
949	1
950	1
951	1
952	1
953	1
954	1
955	1
956	1
957	1
958	1
959	10
960	1
961	1
962	1
963	1
964	1
965	1
966	1
967	1
968	1
969	1
970	10
971	10
972	1
973	1
974	1
975	1
976	1
977	1
978	1
979	1
980	10
981	10
982	1
983	1
984	1
985	8
986	8
987	8
988	8
989	8
990	8
991	8
992	8
993	8
994	8
995	8
996	2
997	8
998	8
999	8
1000	8
1001	8
1002	8
1003	8
1004	8
1005	2
1006	2
1007	1
1008	1
1009	8
1010	1
1011	1
1012	1
1013	1
1014	1
1015	1
1016	1
1017	1
1018	1
1019	1
1020	1
1021	1
1022	1
1023	1
1024	1
1025	1
1026	1
1027	1
1028	1
1029	1
1030	1
1031	1
1032	1
1033	1
1034	1
1035	1
1036	1
1037	1
1038	1
1039	1
1040	1
1041	1
1042	1
1043	1
1044	1
1045	1
1046	1
1047	1
1048	1
1049	1
1050	1
1051	1
1052	1
1053	1
1054	1
1055	1
1056	1
1057	1
1058	1
1059	1
1060	1
1061	1
1062	1
1063	1
1064	1
1065	1
1066	1
1067	1
1068	1
1069	1
1070	1
1071	1
1072	1
1073	1
1074	1
1075	6
1076	6
1077	6
1078	6
1079	6
1080	6
1081	6
1082	6
1083	6
1084	6
1085	6
1086	6
1087	11
1088	11
1089	11
1090	11
1091	11
1092	11
1093	11
1094	9
1095	9
1096	9
1097	9
1098	9
1099	9
1100	9
1101	9
1102	9
1103	9
1104	9
1105	9
1106	9
1107	2
1108	2
1109	2
1110	2
1111	2
1112	2
1113	2
1114	10
1115	2
1116	10
1117	2
1118	10
1119	2
1120	2
1121	2
1122	10
1123	2
1124	10
1125	10
1126	2
1127	2
1128	2
1129	2
1130	2
1131	10
1132	10
1133	10
1134	2
1135	2
1136	10
1137	10
1138	2
1139	10
1140	2
1141	2
1142	2
1143	2
1144	2
1145	2
1146	10
1147	10
1148	2
1149	2
1150	2
1151	2
1152	2
1153	10
1154	10
1155	10
1156	10
1157	10
1158	10
1159	10
1160	10
1161	10
1162	10
1163	10
1164	10
1165	10
1166	10
1167	10
1168	10
1169	1
1170	1
1171	1
1172	1
1173	1
1174	1
1175	1
1176	1
1177	1
1178	1
1179	1
1180	1
1181	1
1182	1
1183	1
1184	1
1185	1
1186	1
1187	1
1188	1
1189	1
1190	1
1191	1
1192	1
1193	1
1194	1
1195	1
1196	1
1197	1
1198	1
1199	1
1200	4
1201	4
1202	4
1203	4
1204	4
1205	4
1206	4
1207	4
1208	4
1209	4
1210	4
1211	4
1212	4
1213	4
1214	4
1215	4
1216	4
1217	4
1218	4
1219	4
1220	4
1221	4
1222	4
1223	4
1224	4
1225	4
1226	4
1227	4
1228	4
1229	4
1230	4
1231	4
1232	4
1233	4
1234	4
1235	4
1236	4
1237	4
1238	4
1239	4
1240	11
1241	11
1242	11
1243	11
1244	11
1245	11
1246	11
1247	11
1248	11
1249	11
1250	11
1251	11
1252	11
1253	13
1254	13
1255	13
1256	13
1257	13
1258	11
1259	11
1260	11
1261	11
1262	11
1263	11
1264	13
1265	13
1266	13
1267	13
1268	13
1269	13
1270	13
1271	13
1272	13
1273	13
1274	13
1275	13
1276	13
1277	13
1278	10
1279	10
1280	10
1281	11
1282	11
1283	11
1284	13
1285	13
1286	13
1287	13
1288	10
1289	10
1290	10
1291	10
1292	10
1293	10
1294	10
1295	9
1296	10
1297	9
1298	10
1299	10
1300	10
1301	10
1302	10
1303	6
1304	6
1305	6
1306	6
1307	6
1308	6
1309	6
1310	6
1311	6
1312	6
1313	6
1314	10
1315	2
1316	10
1317	2
1318	10
1319	2
1320	2
1321	2
1322	10
1323	2
1324	10
1325	2
1326	10
1327	2
1328	2
1329	2
1330	2
1331	2
1332	2
1333	2
1334	2
1335	10
1336	10
1337	2
1338	2
1339	10
1340	10
1341	10
1342	10
1343	10
1344	2
1345	10
1346	6
1347	6
1348	6
1349	6
1350	6
1351	6
1352	6
1353	6
1354	6
1355	6
1356	6
1357	6
1358	6
1359	6
1360	6
1361	6
1362	6
1363	2
1364	2
1365	2
1366	2
1367	2
1368	2
1369	2
1370	2
1371	2
1372	2
1373	2
1374	2
1375	2
1376	2
1377	2
1378	2
1379	2
1380	2
1381	10
1382	10
1383	10
1384	10
1385	10
1386	10
1387	10
1388	10
1389	10
1390	10
1391	10
1392	10
1393	10
1394	10
1395	10
1396	10
1397	13
1398	6
1399	13
1400	13
1401	13
1402	13
1403	13
1404	13
1405	13
1406	13
1407	13
1408	13
1409	13
1410	13
1411	13
1412	13
1413	13
1414	13
1415	13
1416	13
1417	13
1418	13
1419	13
1420	13
1421	13
1422	13
1423	13
1424	13
1425	13
1426	13
1427	13
1428	4
1429	4
1430	4
1431	4
1432	4
1433	4
1434	4
1435	4
1436	4
1437	4
1438	4
1439	4
1440	4
1441	12
1442	12
1443	12
1444	12
1445	12
1446	12
1447	12
1448	12
1449	12
1450	12
1451	12
1452	12
1453	12
1454	12
1455	4
1456	4
1457	4
1458	4
1459	4
1460	4
1461	4
1462	4
1463	4
1464	4
1465	9
1466	9
1467	9
1468	9
1469	9
1470	9
1471	9
1472	9
1473	9
1474	9
1475	9
1476	9
1477	9
1478	9
1479	9
1480	9
1481	9
1482	9
1483	9
1484	9
1485	9
1486	9
1487	9
1488	9
1489	12
1490	12
1491	12
1492	12
1493	12
1494	12
1495	12
1496	12
1497	12
1498	12
1499	12
1500	12
1501	13
1502	13
1503	13
1504	13
1505	13
1506	13
1507	13
1508	13
1509	13
1510	13
1511	13
1512	13
1513	13
1514	13
1515	13
1516	13
1517	13
1518	13
1519	13
1520	13
1521	13
1522	13
1523	13
1524	13
1525	13
1526	13
1527	13
1528	13
1529	8
1530	8
1531	8
1532	8
1533	8
1534	8
1535	8
1536	8
1537	8
1538	8
1539	8
1540	8
1541	8
1542	8
1543	8
1544	8
1545	8
1546	8
1547	8
1548	8
1549	8
1550	8
1551	8
1552	4
1553	4
1554	4
1555	4
1556	4
1557	4
1558	4
1559	4
1560	4
1561	4
1562	4
1563	4
1564	4
1565	4
1566	4
1567	4
1568	4
1569	4
1570	4
1571	4
1572	4
1573	4
1574	4
1575	4
1576	12
1577	12
1578	12
1579	12
1580	12
1581	12
1582	12
1583	12
1584	12
1585	12
1586	12
1587	12
1588	12
1589	12
1590	12
1591	12
1592	12
1593	6
1594	6
1595	6
1596	6
1597	6
1598	6
1599	6
1600	6
1601	6
1602	4
1603	4
1604	4
1605	4
1606	4
1607	4
1608	4
1609	4
1610	4
1611	4
1612	4
1613	4
1614	4
1615	4
1616	4
1617	4
1618	9
1619	9
1620	9
1621	9
1622	9
1623	9
1624	9
1625	9
1626	9
1627	9
1628	9
1629	1
1630	12
1631	12
1632	12
1633	12
1634	12
1635	12
1636	12
1637	12
1638	12
1639	1
1640	12
1641	12
1642	12
1643	12
1644	9
1645	9
1646	9
1647	9
1648	9
1649	12
1650	1
1651	12
1652	12
1653	12
1654	12
1655	12
1656	12
1658	12
1659	12
1660	12
1661	12
1662	12
1663	12
1664	12
1665	12
1666	12
1667	12
1668	12
1669	12
1670	12
1671	12
1672	12
1673	9
1674	12
1675	12
1676	12
1677	9
1678	11
1679	11
1680	11
1681	11
1682	11
1683	11
1684	11
1685	13
1686	13
1687	13
1688	13
1689	13
1690	13
1691	13
1692	13
1693	13
1694	13
1695	13
1696	13
1697	13
1698	13
1699	13
1700	13
1701	3
1702	13
1703	3
1704	3
1705	13
1706	13
1707	13
1708	13
1709	3
1710	13
1711	13
1712	13
1713	9
1714	9
1715	9
1716	9
1717	9
1718	9
1719	9
1720	9
1721	9
1722	9
1723	9
1724	9
1725	13
1726	13
1727	13
1728	9
1729	13
1730	13
1731	13
1732	13
1733	13
1734	13
1735	13
1736	3
1737	3
1738	3
1739	3
1740	3
1741	13
1742	13
1743	13
1744	3
1745	3
1746	13
1747	3
1748	3
1749	3
1750	3
1751	13
1752	13
1753	13
1754	3
1755	13
1756	3
1757	9
1758	9
1759	9
1760	9
1761	13
1762	3
1763	3
1764	3
1765	3
1766	13
1767	3
1768	3
1769	13
1770	13
1771	13
1772	3
1773	13
1774	9
1775	9
1776	9
1777	9
1778	9
1779	9
1780	9
1781	9
1782	9
1783	9
1784	9
1785	9
1786	9
1787	3
1788	3
1789	3
1790	13
1791	3
1792	13
1793	13
1794	3
1795	9
1796	9
1797	9
1798	9
1799	13
1800	13
1801	13
1802	3
1803	3
1804	3
1805	3
1806	3
1807	13
1808	3
1809	3
1810	3
1811	3
1812	3
1813	5
1814	3
1815	3
1816	3
1817	3
1818	3
1819	5
1820	3
1821	5
1822	3
1823	5
1824	5
1825	3
1826	3
1827	3
1828	3
1829	3
1830	9
1831	9
1832	9
1833	9
1834	9
1835	5
1836	5
1837	9
1838	3
1839	3
1840	2
1841	2
1842	2
1843	2
1844	2
1845	3
1846	5
1847	3
1848	3
1849	3
1850	5
1851	3
1852	5
1853	5
1854	3
1855	5
1856	3
1857	9
1858	9
1859	9
1860	9
1861	9
1862	9
1863	5
1864	5
1865	5
1866	5
1867	5
1868	3
1869	5
1870	3
1871	3
1872	11
1873	11
1874	11
1875	11
1876	11
1877	11
1878	11
1879	11
1880	11
1881	11
1882	11
1883	11
1884	11
1885	11
1886	11
1887	11
1888	11
1889	11
1890	11
1891	11
1892	11
1893	11
1894	11
1895	6
1896	6
1897	6
1898	10
1899	10
1900	10
1901	10
1902	10
1903	10
1904	6
1905	6
1906	6
1907	6
1908	6
1909	6
1910	6
1911	6
1912	6
1913	6
1914	6
1915	6
1916	10
1917	10
1918	10
1919	10
1920	10
1921	10
1922	10
1923	10
1924	6
1925	6
1926	6
1927	6
1928	6
1929	6
1930	6
1931	6
1932	6
1933	6
1934	6
1935	6
1936	6
1937	6
1938	6
1939	6
1940	6
1941	6
1942	6
1943	6
1944	6
1945	6
1946	6
1947	6
1948	6
1949	6
1950	6
1951	6
1952	6
1953	6
1954	6
1955	6
1956	6
1957	6
1958	6
1959	6
1960	6
1961	6
1962	6
1963	6
1964	6
1965	6
1966	6
1967	6
1968	6
1969	6
1970	6
1971	6
1972	6
1973	6
1974	6
1975	6
1976	4
1977	4
1978	4
1979	8
1980	4
1981	8
1982	8
1983	4
1984	8
1985	8
1986	8
1987	4
1988	4
1989	4
1990	4
1991	8
1992	4
1993	4
1994	4
1995	8
1996	4
1997	4
1998	4
1999	4
2000	4
2001	4
2002	4
2003	4
2004	4
2005	4
2006	4
2007	8
2008	8
2009	8
2010	8
2011	8
2012	8
2013	4
2014	8
2015	8
2016	4
2017	11
2018	11
2019	11
2020	11
2021	11
2022	11
2023	11
2024	8
2025	11
2026	11
2027	11
2028	11
2029	11
2030	8
2031	8
2032	8
2033	8
2034	8
2035	8
2036	8
2037	8
2038	9
2039	9
2040	9
2041	9
2042	9
2043	11
2044	11
2045	11
2046	8
2047	8
2048	9
2049	9
2050	11
2051	8
2052	8
2053	8
2054	8
2055	8
2056	8
2057	8
2058	4
2059	4
2060	4
2061	4
2062	4
2063	4
2064	4
2065	4
2066	4
2067	4
2068	11
2069	11
2070	11
2071	11
2072	11
2073	11
2074	11
2075	11
2076	11
2077	11
2078	11
2079	11
2080	11
2081	11
2082	11
2083	11
2084	11
2085	11
2086	11
2087	11
2088	11
2089	12
2090	12
2091	12
2092	12
2093	12
2094	12
2095	12
2096	6
2097	6
2098	6
2099	6
2100	6
2101	13
2102	13
2103	13
2104	13
2105	13
2106	13
2107	6
2108	13
2109	6
2110	13
2111	13
2112	13
2113	5
2114	5
2115	3
2116	5
2117	5
2118	5
2119	5
2120	5
2121	5
2122	5
2123	5
2124	11
2125	5
2126	5
2127	5
2128	5
2129	5
2130	5
2131	5
2132	5
2133	5
2134	3
2135	3
2136	5
2137	5
2138	5
2139	5
2140	5
2141	5
2142	5
2143	5
2144	5
2145	5
2146	5
2147	5
2148	5
2149	5
2150	5
2151	3
2152	3
2153	3
2154	5
2155	5
2156	5
2157	5
2158	3
2159	5
2160	3
2161	3
2162	3
2163	3
2164	3
2165	3
2166	3
2167	5
2168	5
2169	3
2170	3
2171	5
2172	3
2173	5
2174	5
2175	5
2176	5
2177	5
2178	5
2179	5
2180	3
2181	3
2182	5
2183	5
2184	5
2185	3
2186	3
2187	3
2188	5
2189	5
2190	5
2191	5
2192	5
2193	3
2194	5
2195	5
2196	5
2197	5
2198	5
2199	5
2200	5
2201	5
2202	5
2203	5
2204	5
2205	5
2206	5
2207	5
2208	5
2209	3
2210	3
2211	5
2212	5
2213	5
2214	5
2215	5
2216	5
2217	5
2218	5
2219	3
2220	3
2221	5
2222	5
2223	5
2224	5
2225	3
2226	3
2227	3
2228	5
2229	5
2230	3
2231	3
2232	3
2233	5
2234	5
2235	3
2236	5
2237	5
2238	5
2239	3
2240	3
2241	5
2242	5
2243	5
2244	5
2245	5
2246	3
2247	3
2248	3
2249	5
2250	5
2251	5
2252	3
2253	5
2254	5
2255	5
2256	3
2257	3
2258	5
2259	5
2260	5
2261	3
2262	3
2263	3
2264	3
2265	3
2266	5
2267	5
2268	5
2269	5
2270	5
2271	3
2272	5
2273	5
2274	3
2275	3
2276	3
2277	5
2278	5
2279	5
2280	3
2281	3
2282	5
2283	5
2284	11
2285	11
2286	5
2287	5
2288	3
2289	3
2290	3
2291	3
2292	3
2293	3
2294	5
2295	5
2296	5
2297	5
2298	5
2299	5
2300	5
2301	3
2302	5
2303	5
2304	5
2305	3
2306	3
2307	3
2308	3
2309	11
2310	11
2311	11
2312	12
2313	12
2314	12
2315	12
2316	12
2317	12
2318	12
2319	12
2320	12
2321	12
2322	12
2323	12
2324	12
2325	12
2326	12
2327	12
2328	12
2329	12
2330	6
2331	6
2332	6
2333	6
2334	6
2335	6
2336	6
2337	6
2338	6
2339	6
2340	6
2341	6
2342	6
2343	6
2344	6
2345	6
2346	12
2347	12
2348	12
2349	12
2350	12
2351	12
2352	12
2353	12
2354	12
2355	12
2356	12
2357	12
2358	12
2359	12
2360	12
2361	12
2362	12
2363	12
2364	12
2365	12
2366	5
2367	5
2368	5
2369	5
2370	5
2371	5
2372	5
2373	5
2374	4
2375	5
2376	5
2377	5
2378	5
2379	5
2380	5
2381	4
2382	5
2383	5
2384	4
2385	5
2386	4
2387	5
2388	4
2389	4
2390	4
2391	5
2392	5
2393	4
2394	4
2395	4
2396	4
2397	4
2398	4
2399	4
2400	5
2401	5
2402	5
2403	5
2404	5
2405	5
2406	5
2407	5
2408	4
2409	5
2410	5
2411	5
2412	5
2413	5
2414	5
2415	7
2416	7
2417	7
2418	7
2419	9
2420	9
2421	7
2422	7
2423	7
2424	7
2425	7
2426	7
2427	9
2428	9
2429	9
2430	9
2431	7
2432	7
2433	7
2434	7
2435	7
2436	7
2437	7
2438	9
2439	9
2440	7
2441	7
2442	7
2443	7
2444	7
2445	7
2446	7
2447	7
2448	7
2449	7
2450	7
2451	7
2452	7
2453	7
2454	7
2455	7
2456	7
2457	7
2458	7
2459	7
2460	7
2461	7
2462	7
2463	7
2464	7
2465	7
2466	7
2467	7
2468	7
2469	7
2470	7
2471	7
2472	7
2473	7
2474	7
2475	7
2476	7
2477	7
2478	7
2479	7
2480	7
2481	7
2482	7
2483	7
2484	7
2485	7
2486	7
2487	7
2488	7
2489	7
2490	7
2491	7
2492	7
2493	7
2494	7
2495	7
2496	9
2497	9
2498	7
2499	7
2500	7
2501	7
2502	7
2503	7
2504	7
2505	7
2506	7
2507	7
2508	9
2509	9
2510	7
2511	7
2512	7
2513	9
2514	7
2515	7
2516	7
2517	7
2518	7
2519	7
2520	7
2521	7
2522	7
2523	9
2524	7
2525	9
2526	7
2527	7
2528	7
2529	9
2530	9
2531	9
2532	9
2533	9
2534	9
2535	9
2536	9
2537	9
2538	9
2539	7
2540	9
2541	7
2542	9
2543	7
2544	7
2545	7
2546	7
2547	7
2548	7
2549	7
2550	7
2551	7
2552	9
2553	9
2554	7
2555	7
2556	7
2557	7
2558	7
2559	7
2560	7
2561	7
2562	9
2563	9
2564	7
2565	7
2566	7
2567	7
2568	9
2569	7
2570	7
2571	7
2572	7
2573	7
2574	9
2575	7
2576	7
2577	7
2578	7
2579	7
2580	7
2581	9
2582	7
2583	7
2584	7
2585	7
2586	7
2587	9
2588	9
2589	9
2590	9
2591	9
2592	9
2593	9
2594	7
2595	7
2596	7
2597	7
2598	7
2599	7
2600	7
2601	7
2602	7
2603	7
2604	9
2605	9
2606	11
2607	11
2608	11
2609	11
2610	11
2611	11
2612	11
2613	11
2614	11
2615	11
2616	11
2617	11
2618	11
2619	11
2620	11
2621	11
2622	11
2623	11
2624	11
2625	11
2626	11
2627	11
2628	11
2629	11
2630	11
2631	11
2632	11
2633	11
2634	11
2635	11
2636	11
2637	11
2638	11
2639	11
2640	2
2641	2
2642	4
2643	4
2644	4
2645	2
2646	2
2647	2
2648	2
2649	2
2650	4
2651	2
2652	2
2653	2
2654	2
2655	2
2656	4
2657	2
2658	4
2659	4
2660	4
2661	2
2662	2
2663	4
2664	2
2665	4
2666	2
2667	2
2668	2
2669	2
2670	2
2671	2
2672	2
2673	2
2674	2
2675	2
2676	2
2677	2
2678	2
2679	2
2680	2
2681	2
2682	2
2683	4
2684	4
2685	2
2686	2
2687	4
2688	6
2689	6
2690	6
2691	6
315	12
1657	12
