0	3
1	3
2	3
3	3
4	3
5	3
6	3
7	7
8	7
9	13
10	13
11	13
12	7
13	7
14	7
15	7
16	13
17	13
18	13
19	13
20	13
21	10
22	10
23	10
24	10
25	10
26	10
27	10
28	10
29	5
30	5
31	5
32	5
33	5
34	5
35	5
36	5
37	5
38	5
39	5
40	5
41	5
42	5
43	5
44	5
45	5
46	5
47	5
48	5
49	5
50	5
51	5
52	5
53	9
54	9
55	9
56	9
57	9
58	5
59	5
60	5
61	5
62	5
63	5
64	5
65	9
66	9
67	9
68	9
69	9
70	9
71	10
72	10
73	10
74	10
75	5
76	5
77	5
78	5
79	5
80	5
81	5
82	5
83	8
84	8
85	8
86	8
87	8
88	8
89	8
90	8
91	8
92	8
93	8
94	8
95	8
96	13
97	7
98	13
99	13
100	7
101	7
102	7
103	13
104	7
105	13
106	7
107	13
108	13
109	7
110	7
111	13
112	13
113	13
114	7
115	7
116	7
117	13
118	7
119	13
120	7
121	13
122	13
123	7
124	13
125	13
126	13
127	7
128	13
129	6
130	6
131	6
132	6
133	6
134	6
135	6
136	6
137	6
138	6
139	6
140	6
141	6
142	6
143	6
144	6
145	6
146	6
147	6
148	6
149	6
150	6
151	6
152	6
153	6
154	6
155	6
156	6
157	6
158	6
159	6
160	6
161	6
162	6
163	6
164	6
165	6
166	8
167	8
168	8
169	8
170	8
171	8
172	8
173	8
174	8
175	8
176	8
177	8
178	8
179	8
180	8
181	8
182	8
183	3
184	3
185	3
186	3
187	3
188	3
189	3
190	3
191	3
192	3
193	3
194	3
195	3
196	3
197	3
198	3
199	3
200	3
201	3
202	3
203	3
204	3
205	3
206	3
207	3
208	10
209	10
210	10
211	10
212	10
213	10
214	10
215	10
216	10
217	10
218	10
219	10
220	10
221	10
222	10
223	10
224	10
225	10
226	10
227	10
228	10
229	10
230	10
231	10
232	10
233	10
234	10
235	10
236	10
237	10
238	10
239	10
240	10
241	10
242	10
243	10
244	10
245	10
246	10
247	10
248	3
249	3
250	3
251	3
252	3
253	3
254	3
255	3
256	3
257	3
258	3
259	3
260	3
261	11
262	11
263	11
264	11
265	11
266	11
267	11
268	11
269	11
270	11
271	11
272	11
273	11
274	11
275	11
276	11
277	11
278	11
279	11
280	11
281	11
282	11
283	11
284	11
285	11
286	11
287	11
288	11
289	11
290	11
291	11
292	11
293	11
294	11
295	11
296	11
297	11
298	11
299	11
300	11
301	11
302	3
303	3
304	3
305	3
306	2
307	2
308	2
309	2
310	2
311	2
312	2
313	2
314	2
316	4
317	4
318	4
319	4
320	4
321	4
322	4
323	4
324	4
325	4
326	4
327	4
328	4
329	4
330	4
331	2
332	6
333	2
334	2
335	2
336	2
337	4
338	4
339	4
340	6
341	6
342	2
343	2
344	2
345	2
346	2
347	2
348	6
349	2
350	2
351	2
352	2
353	2
354	2
355	2
356	12
357	6
358	12
359	12
360	12
361	12
362	6
363	12
364	12
365	12
366	6
367	12
368	6
369	2
370	2
371	2
372	2
373	2
374	2
375	2
376	2
377	2
378	2
379	2
380	2
381	2
382	2
383	2
384	2
385	2
386	2
387	2
388	2
389	4
390	4
391	4
392	4
393	4
394	2
395	2
396	6
397	2
398	4
399	4
400	4
401	4
402	4
403	10
404	10
405	10
406	10
407	10
408	10
409	5
410	5
411	5
412	4
413	5
414	5
415	5
416	4
417	5
418	4
419	4
420	5
421	4
422	5
423	4
424	5
425	8
426	8
427	8
428	8
429	8
430	8
431	8
432	8
433	4
434	5
435	5
436	4
437	4
438	5
439	5
440	5
441	5
442	4
443	5
444	4
445	5
446	8
447	8
448	8
449	8
450	8
451	5
452	5
453	5
454	8
455	8
456	8
457	4
458	5
459	5
460	5
461	4
462	4
463	8
464	8
465	8
466	8
467	8
468	8
469	8
470	8
471	8
472	8
473	4
474	5
475	11
476	11
477	11
478	11
479	11
480	11
481	11
482	11
483	11
484	10
485	10
486	11
487	11
488	11
489	11
490	11
491	11
492	11
493	11
494	11
495	11
496	11
497	11
498	10
499	11
500	11
501	11
502	10
503	11
504	11
505	11
506	10
507	10
508	10
509	10
510	10
511	10
512	10
513	10
514	10
515	10
516	10
517	10
518	10
519	10
520	10
521	10
522	13
523	13
524	13
525	13
526	3
527	3
528	13
529	13
530	13
531	13
532	13
533	13
534	13
535	13
536	13
537	13
538	3
539	3
540	3
541	3
542	3
543	3
544	3
545	3
546	3
547	3
548	3
549	3
550	3
551	3
552	3
553	3
554	3
555	3
556	3
557	3
558	3
559	10
560	10
561	10
562	10
563	10
564	10
565	3
566	3
567	3
568	3
569	3
570	7
571	7
572	7
573	7
574	7
575	7
576	7
577	7
578	7
579	7
580	7
581	3
582	3
583	3
584	3
585	3
586	3
587	11
588	10
589	10
590	10
591	10
592	10
593	10
594	10
595	10
596	11
597	10
598	10
599	10
600	10
601	10
602	10
603	3
604	3
605	3
606	3
607	3
608	3
609	3
610	3
611	3
612	3
613	3
614	3
615	3
616	3
617	11
618	10
619	10
620	11
621	11
622	11
623	11
624	11
625	10
626	11
627	11
628	10
629	10
630	10
631	10
632	11
633	10
634	11
635	10
636	11
637	11
638	11
639	3
640	3
641	3
642	3
643	3
644	3
645	3
646	3
647	3
648	3
649	3
650	3
651	3
652	3
653	3
654	3
655	3
656	3
657	8
658	8
659	8
660	8
661	5
662	5
663	5
664	5
665	5
666	5
667	5
668	5
669	5
670	10
671	10
672	10
673	11
674	10
675	10
676	10
677	10
678	10
679	10
680	5
681	5
682	5
683	5
684	5
685	5
686	5
687	5
688	5
689	5
690	5
691	5
692	5
693	5
694	5
695	5
696	5
697	10
698	11
699	10
700	10
701	10
702	10
703	10
704	10
705	10
706	10
707	10
708	10
709	10
710	10
711	10
712	10
713	10
714	5
715	5
716	11
717	11
718	10
719	10
720	10
721	11
722	11
723	11
724	11
725	11
726	11
727	11
728	11
729	11
730	11
731	11
732	4
733	4
734	4
735	4
736	4
737	8
738	8
739	8
740	8
741	8
742	8
743	8
744	8
745	4
746	4
747	4
748	4
749	4
750	4
751	4
752	4
753	4
754	4
755	4
756	4
757	4
758	4
759	4
760	4
761	4
762	4
763	4
764	4
765	4
766	8
767	8
768	8
769	8
770	4
771	4
772	8
773	8
774	8
775	8
776	8
777	8
778	8
779	8
780	8
781	8
782	8
783	8
784	8
785	10
786	8
787	8
788	8
789	8
790	8
791	10
792	10
793	10
794	10
795	10
796	10
797	10
798	10
799	10
800	10
801	8
802	8
803	8
804	8
805	10
806	10
807	10
808	8
809	8
810	8
811	9
812	13
813	9
814	9
815	9
816	9
817	9
818	13
819	13
820	13
821	9
822	9
823	9
824	9
825	9
826	9
827	13
828	13
829	13
830	9
831	9
832	9
833	9
834	9
835	9
836	9
837	9
838	9
839	9
840	9
841	9
842	9
843	9
844	9
845	9
846	9
847	13
848	13
849	13
850	13
851	13
852	9
853	9
854	9
855	9
856	13
857	13
858	3
859	3
860	3
861	3
862	3
863	3
864	3
865	3
866	3
867	3
868	3
869	3
870	3
871	9
872	9
873	9
874	9
875	9
876	9
877	9
878	9
879	9
880	13
881	9
882	9
883	9
884	9
885	9
886	9
887	9
888	9
889	9
890	9
891	13
892	13
893	9
894	9
895	9
896	9
897	9
898	9
899	13
900	13
901	13
902	9
903	9
904	9
905	9
906	9
907	9
908	9
909	9
910	13
911	13
912	13
913	13
914	9
915	9
916	9
917	9
918	9
919	9
920	9
921	9
922	13
923	13
924	13
925	9
926	9
927	9
928	9
929	9
930	9
931	9
932	9
933	13
934	13
935	9
936	9
937	9
938	9
939	13
940	13
941	9
942	9
943	13
944	13
945	13
946	9
947	9
948	9
949	9
950	9
951	9
952	9
953	13
954	13
955	13
956	13
957	9
958	9
959	9
960	13
961	13
962	9
963	9
964	9
965	9
966	13
967	13
968	13
969	9
970	9
971	9
972	9
973	9
974	13
975	13
976	9
977	9
978	13
979	13
980	13
981	13
982	4
983	4
984	4
985	12
986	12
987	12
988	11
989	12
990	12
991	12
992	11
993	12
994	12
995	12
996	12
997	12
998	12
999	12
1000	11
1001	11
1002	11
1003	11
1004	11
1005	12
1006	12
1007	4
1008	4
1009	12
1010	4
1011	4
1012	4
1013	4
1014	4
1015	4
1016	4
1017	4
1018	4
1019	4
1020	4
1021	4
1022	4
1023	4
1024	4
1025	4
1026	4
1027	4
1028	4
1029	4
1030	4
1031	4
1032	4
1033	4
1034	4
1035	4
1036	4
1037	4
1038	4
1039	4
1040	4
1041	4
1042	4
1043	4
1044	4
1045	4
1046	4
1047	4
1048	4
1049	4
1050	4
1051	4
1052	4
1053	4
1054	4
1055	4
1056	4
1057	4
1058	4
1059	4
1060	4
1061	4
1062	4
1063	4
1064	4
1065	4
1066	4
1067	4
1068	4
1069	4
1070	4
1071	4
1072	4
1073	4
1074	4
1075	5
1076	5
1077	5
1078	5
1079	5
1080	5
1081	5
1082	5
1083	5
1084	5
1085	5
1086	5
1087	11
1088	11
1089	11
1090	11
1091	11
1092	11
1093	11
1094	10
1095	10
1096	10
1097	10
1098	10
1099	10
1100	10
1101	10
1102	10
1103	10
1104	10
1105	10
1106	10
1107	12
1108	12
1109	12
1110	12
1111	12
1112	12
1113	12
1114	9
1115	12
1116	9
1117	12
1118	9
1119	12
1120	12
1121	12
1122	9
1123	12
1124	9
1125	9
1126	12
1127	12
1128	12
1129	12
1130	12
1131	9
1132	9
1133	9
1134	12
1135	12
1136	9
1137	9
1138	9
1139	9
1140	12
1141	12
1142	12
1143	12
1144	12
1145	12
1146	9
1147	9
1148	12
1149	12
1150	12
1151	12
1152	12
1153	9
1154	9
1155	9
1156	9
1157	9
1158	9
1159	9
1160	9
1161	9
1162	6
1163	6
1164	6
1165	6
1166	9
1167	9
1168	9
1169	4
1170	4
1171	4
1172	4
1173	4
1174	4
1175	4
1176	4
1177	4
1178	4
1179	4
1180	4
1181	4
1182	4
1183	4
1184	4
1185	4
1186	4
1187	4
1188	4
1189	4
1190	4
1191	4
1192	4
1193	4
1194	4
1195	4
1196	4
1197	4
1198	4
1199	4
1200	13
1201	13
1202	13
1203	13
1204	13
1205	13
1206	13
1207	13
1208	13
1209	13
1210	13
1211	13
1212	13
1213	13
1214	13
1215	13
1216	13
1217	13
1218	13
1219	13
1220	13
1221	13
1222	13
1223	13
1224	13
1225	13
1226	13
1227	13
1228	13
1229	13
1230	13
1231	13
1232	13
1233	13
1234	13
1235	13
1236	13
1237	13
1238	13
1239	13
1240	11
1241	11
1242	11
1243	10
1244	11
1245	11
1246	11
1247	11
1248	10
1249	10
1250	10
1251	10
1252	10
1253	5
1254	5
1255	5
1256	5
1257	5
1258	10
1259	11
1260	10
1261	10
1262	11
1263	11
1264	5
1265	5
1266	5
1267	5
1268	5
1269	5
1270	5
1271	5
1272	5
1273	5
1274	5
1275	5
1276	5
1277	5
1278	6
1279	6
1280	6
1281	10
1282	11
1283	11
1284	5
1285	5
1286	5
1287	5
1288	6
1289	6
1290	6
1291	6
1292	6
1293	6
1294	6
1295	6
1296	6
1297	6
1298	6
1299	6
1300	6
1301	6
1302	6
1303	5
1304	5
1305	5
1306	5
1307	5
1308	5
1309	5
1310	5
1311	5
1312	5
1313	5
1314	9
1315	9
1316	9
1317	9
1318	9
1319	9
1320	9
1321	9
1322	9
1323	9
1324	9
1325	9
1326	9
1327	13
1328	9
1329	9
1330	9
1331	13
1332	13
1333	9
1334	9
1335	9
1336	9
1337	9
1338	9
1339	9
1340	9
1341	9
1342	9
1343	9
1344	9
1345	9
1346	5
1347	5
1348	5
1349	5
1350	5
1351	5
1352	5
1353	5
1354	5
1355	5
1356	5
1357	5
1358	5
1359	5
1360	5
1361	5
1362	5
1363	12
1364	12
1365	12
1366	12
1367	12
1368	12
1369	12
1370	12
1371	12
1372	12
1373	12
1374	12
1375	12
1376	12
1377	12
1378	12
1379	12
1380	12
1381	9
1382	9
1383	10
1384	9
1385	10
1386	9
1387	10
1388	10
1389	10
1390	9
1391	10
1392	9
1393	10
1394	10
1395	10
1396	9
1397	5
1398	5
1399	5
1400	5
1401	5
1402	5
1403	5
1404	5
1405	5
1406	5
1407	5
1408	5
1409	5
1410	5
1411	5
1412	5
1413	5
1414	5
1415	5
1416	5
1417	5
1418	5
1419	5
1420	5
1421	5
1422	5
1423	5
1424	5
1425	5
1426	5
1427	5
1428	7
1429	7
1430	7
1431	7
1432	7
1433	7
1434	7
1435	7
1436	7
1437	7
1438	7
1439	7
1440	7
1441	13
1442	13
1443	13
1444	13
1445	13
1446	13
1447	13
1448	13
1449	13
1450	13
1451	13
1452	13
1453	13
1454	13
1455	7
1456	7
1457	7
1458	7
1459	7
1460	7
1461	7
1462	7
1463	7
1464	7
1465	10
1466	10
1467	10
1468	10
1469	10
1470	10
1471	10
1472	10
1473	10
1474	10
1475	10
1476	10
1477	10
1478	10
1479	10
1480	10
1481	10
1482	10
1483	10
1484	10
1485	10
1486	10
1487	10
1488	10
1489	4
1490	4
1491	4
1492	4
1493	4
1494	4
1495	4
1496	4
1497	4
1498	4
1499	4
1500	4
1501	5
1502	3
1503	3
1504	3
1505	3
1506	5
1507	3
1508	3
1509	3
1510	3
1511	3
1512	3
1513	3
1514	5
1515	5
1516	3
1517	3
1518	3
1519	3
1520	5
1521	3
1522	3
1523	3
1524	3
1525	3
1526	3
1527	3
1528	5
1529	8
1530	8
1531	8
1532	8
1533	8
1534	8
1535	8
1536	8
1537	8
1538	8
1539	8
1540	8
1541	8
1542	8
1543	8
1544	8
1545	8
1546	8
1547	8
1548	8
1549	8
1550	8
1551	8
1552	8
1553	12
1554	12
1555	12
1556	12
1557	12
1558	12
1559	8
1560	12
1561	12
1562	12
1563	12
1564	12
1565	12
1566	12
1567	8
1568	12
1569	12
1570	12
1571	12
1572	8
1573	12
1574	12
1575	12
1576	4
1577	4
1578	4
1579	4
1580	4
1581	4
1582	4
1583	4
1584	4
1585	4
1586	4
1587	4
1588	4
1589	4
1590	4
1591	4
1592	4
1593	5
1594	5
1595	5
1596	5
1597	5
1598	5
1599	5
1600	5
1601	5
1602	8
1603	8
1604	7
1605	8
1606	8
1607	8
1608	8
1609	8
1610	8
1611	8
1612	8
1613	8
1614	8
1615	8
1616	8
1617	8
1618	10
1619	10
1620	10
1621	10
1622	10
1623	10
1624	10
1625	10
1626	10
1627	10
1628	10
1629	13
1630	13
1631	13
1632	13
1633	13
1634	13
1635	13
1636	13
1637	13
1638	13
1639	13
1640	13
1641	13
1642	13
1643	13
1644	10
1645	10
1646	10
1647	10
1648	10
1649	13
1650	13
1651	13
1652	13
1653	13
1654	13
1655	13
1656	13
1658	13
1659	13
1660	13
1661	13
1662	13
1663	13
1664	13
1665	13
1666	13
1667	13
1668	13
1669	13
1670	13
1671	13
1672	13
1673	10
1674	13
1675	13
1676	13
1677	10
1678	11
1679	11
1680	11
1681	11
1682	11
1683	11
1684	11
1685	4
1686	4
1687	4
1688	4
1689	4
1690	4
1691	4
1692	4
1693	4
1694	4
1695	4
1696	4
1697	4
1698	4
1699	4
1700	4
1701	13
1702	13
1703	1
1704	1
1705	13
1706	13
1707	4
1708	13
1709	13
1710	13
1711	4
1712	13
1713	10
1714	10
1715	10
1716	10
1717	10
1718	10
1719	10
1720	10
1721	10
1722	10
1723	10
1724	10
1725	4
1726	13
1727	13
1728	10
1729	13
1730	13
1731	13
1732	13
1733	13
1734	4
1735	13
1736	13
1737	13
1738	13
1739	13
1740	13
1741	13
1742	5
1743	5
1744	5
1745	5
1746	5
1747	5
1748	5
1749	5
1750	5
1751	5
1752	5
1753	5
1754	5
1755	5
1756	5
1757	10
1758	10
1759	10
1760	10
1761	5
1762	5
1763	5
1764	1
1765	5
1766	5
1767	1
1768	5
1769	5
1770	5
1771	5
1772	5
1773	5
1774	10
1775	10
1776	10
1777	10
1778	10
1779	10
1780	10
1781	10
1782	10
1783	10
1784	10
1785	10
1786	10
1787	5
1788	5
1789	5
1790	5
1791	5
1792	5
1793	5
1794	5
1795	10
1796	10
1797	10
1798	10
1799	5
1800	5
1801	5
1802	5
1803	5
1804	5
1805	5
1806	5
1807	5
1808	5
1809	7
1810	1
1811	1
1812	1
1813	7
1814	1
1815	1
1816	7
1817	1
1818	1
1819	7
1820	7
1821	7
1822	7
1823	7
1824	7
1825	1
1826	1
1827	1
1828	7
1829	1
1830	10
1831	10
1832	10
1833	10
1834	10
1835	1
1836	7
1837	10
1838	7
1839	1
1840	12
1841	12
1842	12
1843	12
1844	12
1845	7
1846	7
1847	1
1848	7
1849	1
1850	7
1851	1
1852	1
1853	7
1854	1
1855	7
1856	1
1857	10
1858	10
1859	10
1860	10
1861	10
1862	10
1863	7
1864	7
1865	7
1866	7
1867	7
1868	7
1869	7
1870	7
1871	1
1872	11
1873	11
1874	11
1875	11
1876	11
1877	11
1878	11
1879	11
1880	11
1881	11
1882	11
1883	11
1884	11
1885	11
1886	11
1887	11
1888	11
1889	11
1890	11
1891	11
1892	11
1893	11
1894	11
1895	3
1896	3
1897	3
1898	9
1899	9
1900	9
1901	9
1902	9
1903	9
1904	3
1905	3
1906	3
1907	3
1908	3
1909	3
1910	3
1911	3
1912	3
1913	3
1914	3
1915	3
1916	9
1917	9
1918	9
1919	9
1920	9
1921	9
1922	9
1923	9
1924	3
1925	3
1926	3
1927	3
1928	3
1929	3
1930	3
1931	3
1932	3
1933	3
1934	3
1935	3
1936	3
1937	3
1938	3
1939	3
1940	3
1941	3
1942	3
1943	3
1944	3
1945	3
1946	3
1947	3
1948	3
1949	3
1950	3
1951	3
1952	3
1953	3
1954	3
1955	3
1956	3
1957	3
1958	3
1959	3
1960	3
1961	3
1962	3
1963	3
1964	3
1965	3
1966	3
1967	3
1968	3
1969	3
1970	3
1971	3
1972	3
1973	3
1974	3
1975	3
1976	8
1977	8
1978	8
1979	8
1980	8
1981	8
1982	8
1983	8
1984	8
1985	8
1986	8
1987	8
1988	8
1989	8
1990	8
1991	8
1992	8
1993	8
1994	8
1995	8
1996	8
1997	8
1998	8
1999	8
2000	8
2001	8
2002	8
2003	8
2004	8
2005	8
2006	8
2007	8
2008	8
2009	8
2010	8
2011	8
2012	8
2013	8
2014	8
2015	8
2016	8
2017	11
2018	11
2019	11
2020	11
2021	11
2022	11
2023	11
2024	8
2025	11
2026	11
2027	11
2028	11
2029	11
2030	8
2031	8
2032	8
2033	8
2034	8
2035	8
2036	8
2037	8
2038	11
2039	11
2040	11
2041	11
2042	11
2043	11
2044	11
2045	11
2046	8
2047	8
2048	11
2049	11
2050	11
2051	8
2052	8
2053	8
2054	8
2055	8
2056	8
2057	8
2058	8
2059	8
2060	8
2061	8
2062	8
2063	8
2064	8
2065	8
2066	8
2067	8
2068	11
2069	11
2070	11
2071	11
2072	11
2073	11
2074	11
2075	11
2076	11
2077	11
2078	11
2079	11
2080	11
2081	11
2082	11
2083	11
2084	11
2085	11
2086	11
2087	11
2088	11
2089	4
2090	4
2091	4
2092	4
2093	4
2094	4
2095	4
2096	3
2097	3
2098	3
2099	3
2100	3
2101	3
2102	3
2103	3
2104	3
2105	3
2106	3
2107	3
2108	3
2109	3
2110	3
2111	3
2112	3
2113	7
2114	1
2115	1
2116	1
2117	1
2118	7
2119	7
2120	1
2121	1
2122	7
2123	7
2124	11
2125	1
2126	1
2127	1
2128	1
2129	1
2130	7
2131	1
2132	1
2133	7
2134	1
2135	1
2136	7
2137	7
2138	7
2139	1
2140	7
2141	7
2142	1
2143	7
2144	7
2145	1
2146	7
2147	7
2148	1
2149	7
2150	1
2151	1
2152	1
2153	1
2154	1
2155	1
2156	7
2157	7
2158	1
2159	7
2160	1
2161	1
2162	1
2163	1
2164	1
2165	1
2166	1
2167	7
2168	1
2169	1
2170	1
2171	7
2172	1
2173	1
2174	7
2175	7
2176	7
2177	7
2178	1
2179	1
2180	1
2181	1
2182	1
2183	1
2184	1
2185	1
2186	1
2187	1
2188	7
2189	1
2190	1
2191	1
2192	1
2193	1
2194	7
2195	1
2196	7
2197	7
2198	1
2199	7
2200	1
2201	7
2202	7
2203	1
2204	1
2205	1
2206	1
2207	1
2208	1
2209	1
2210	1
2211	1
2212	1
2213	1
2214	1
2215	7
2216	7
2217	1
2218	1
2219	1
2220	1
2221	1
2222	7
2223	7
2224	1
2225	1
2226	1
2227	1
2228	7
2229	7
2230	1
2231	1
2232	1
2233	7
2234	7
2235	1
2236	7
2237	7
2238	7
2239	1
2240	1
2241	7
2242	7
2243	7
2244	7
2245	7
2246	1
2247	1
2248	1
2249	1
2250	1
2251	1
2252	1
2253	7
2254	7
2255	7
2256	1
2257	1
2258	7
2259	1
2260	1
2261	1
2262	1
2263	1
2264	1
2265	1
2266	7
2267	1
2268	7
2269	7
2270	7
2271	1
2272	1
2273	1
2274	1
2275	1
2276	1
2277	7
2278	7
2279	7
2280	1
2281	1
2282	7
2283	7
2284	11
2285	11
2286	7
2287	7
2288	1
2289	1
2290	1
2291	1
2292	1
2293	1
2294	1
2295	1
2296	1
2297	7
2298	7
2299	7
2300	7
2301	1
2302	7
2303	7
2304	7
2305	1
2306	1
2307	1
2308	1
2309	11
2310	11
2311	11
2312	9
2313	9
2314	9
2315	9
2316	9
2317	9
2318	9
2319	9
2320	9
2321	9
2322	9
2323	9
2324	9
2325	9
2326	9
2327	9
2328	9
2329	9
2330	3
2331	3
2332	3
2333	3
2334	3
2335	3
2336	3
2337	3
2338	3
2339	3
2340	3
2341	3
2342	3
2343	3
2344	3
2345	3
2346	4
2347	4
2348	4
2349	4
2350	4
2351	4
2352	4
2353	4
2354	4
2355	4
2356	4
2357	4
2358	4
2359	4
2360	4
2361	4
2362	4
2363	4
2364	4
2365	4
2366	7
2367	7
2368	7
2369	7
2370	7
2371	7
2372	7
2373	7
2374	7
2375	7
2376	7
2377	7
2378	7
2379	7
2380	7
2381	7
2382	7
2383	7
2384	7
2385	7
2386	7
2387	7
2388	7
2389	7
2390	7
2391	7
2392	7
2393	7
2394	7
2395	7
2396	7
2397	7
2398	7
2399	7
2400	7
2401	7
2402	7
2403	7
2404	7
2405	7
2406	7
2407	7
2408	7
2409	7
2410	7
2411	7
2412	7
2413	7
2414	7
2415	2
2416	2
2417	2
2418	2
2419	6
2420	6
2421	6
2422	2
2423	2
2424	2
2425	2
2426	2
2427	6
2428	6
2429	6
2430	6
2431	2
2432	2
2433	2
2434	2
2435	2
2436	2
2437	2
2438	2
2439	2
2440	2
2441	2
2442	2
2443	2
2444	2
2445	2
2446	2
2447	2
2448	2
2449	6
2450	6
2451	6
2452	6
2453	6
2454	2
2455	2
2456	2
2457	2
2458	2
2459	2
2460	2
2461	2
2462	2
2463	2
2464	2
2465	2
2466	2
2467	2
2468	2
2469	2
2470	2
2471	2
2472	2
2473	2
2474	2
2475	2
2476	2
2477	2
2478	2
2479	2
2480	2
2481	2
2482	2
2483	2
2484	2
2485	6
2486	6
2487	2
2488	2
2489	6
2490	6
2491	6
2492	2
2493	2
2494	2
2495	6
2496	6
2497	6
2498	2
2499	2
2500	2
2501	6
2502	2
2503	2
2504	2
2505	2
2506	2
2507	2
2508	2
2509	6
2510	2
2511	2
2512	2
2513	2
2514	2
2515	6
2516	6
2517	6
2518	6
2519	6
2520	6
2521	6
2522	6
2523	2
2524	2
2525	6
2526	2
2527	6
2528	2
2529	2
2530	6
2531	6
2532	6
2533	6
2534	6
2535	6
2536	6
2537	6
2538	2
2539	6
2540	6
2541	6
2542	2
2543	2
2544	6
2545	6
2546	6
2547	2
2548	2
2549	2
2550	6
2551	6
2552	6
2553	6
2554	6
2555	6
2556	6
2557	6
2558	2
2559	2
2560	2
2561	2
2562	2
2563	6
2564	2
2565	2
2566	2
2567	2
2568	6
2569	2
2570	2
2571	2
2572	2
2573	2
2574	2
2575	6
2576	6
2577	6
2578	6
2579	6
2580	6
2581	2
2582	2
2583	6
2584	6
2585	2
2586	2
2587	6
2588	6
2589	6
2590	6
2591	6
2592	6
2593	6
2594	2
2595	2
2596	2
2597	2
2598	2
2599	2
2600	6
2601	6
2602	2
2603	2
2604	2
2605	6
2606	11
2607	11
2608	11
2609	11
2610	11
2611	11
2612	11
2613	11
2614	11
2615	11
2616	11
2617	11
2618	11
2619	11
2620	11
2621	11
2622	11
2623	11
2624	11
2625	11
2626	11
2627	11
2628	11
2629	11
2630	11
2631	11
2632	11
2633	11
2634	11
2635	11
2636	11
2637	11
2638	11
2639	11
2640	12
2641	12
2642	12
2643	12
2644	12
2645	12
2646	12
2647	12
2648	12
2649	12
2650	12
2651	12
2652	12
2653	12
2654	12
2655	12
2656	12
2657	12
2658	12
2659	12
2660	12
2661	12
2662	12
2663	12
2664	12
2665	12
2666	12
2667	12
2668	12
2669	12
2670	12
2671	12
2672	12
2673	12
2674	12
2675	12
2676	12
2677	12
2678	12
2679	12
2680	12
2681	12
2682	12
2683	12
2684	12
2685	12
2686	12
2687	12
2688	3
2689	3
2690	3
2691	3
315	4
1657	13
