0	12
1	12
2	12
3	12
4	12
5	12
6	12
7	9
8	9
9	9
10	9
11	9
12	9
13	9
14	9
15	9
16	9
17	9
18	4
19	4
20	9
21	7
22	7
23	7
24	7
25	7
26	7
27	7
28	7
29	4
30	4
31	4
32	4
33	4
34	4
35	4
36	4
37	4
38	4
39	4
40	4
41	4
42	4
43	4
44	4
45	4
46	4
47	4
48	4
49	4
50	4
51	4
52	4
53	2
54	2
55	2
56	2
57	2
58	4
59	4
60	4
61	4
62	4
63	4
64	4
65	2
66	2
67	2
68	2
69	2
70	2
71	7
72	7
73	7
74	7
75	4
76	4
77	4
78	4
79	4
80	4
81	4
82	4
83	1
84	1
85	1
86	1
87	1
88	1
89	1
90	1
91	1
92	1
93	1
94	1
95	1
96	9
97	9
98	9
99	9
100	9
101	9
102	9
103	9
104	9
105	9
106	9
107	9
108	9
109	9
110	9
111	9
112	9
113	9
114	9
115	9
116	9
117	9
118	9
119	9
120	9
121	9
122	9
123	9
124	9
125	9
126	9
127	9
128	9
129	3
130	10
131	10
132	3
133	3
134	10
135	10
136	10
137	3
138	3
139	3
140	10
141	3
142	3
143	3
144	10
145	3
146	10
147	3
148	3
149	3
150	3
151	10
152	3
153	3
154	10
155	10
156	10
157	3
158	3
159	3
160	3
161	3
162	3
163	3
164	3
165	3
166	1
167	1
168	1
169	11
170	1
171	1
172	1
173	1
174	11
175	11
176	11
177	1
178	11
179	1
180	1
181	11
182	11
183	12
184	12
185	12
186	12
187	12
188	12
189	12
190	12
191	12
192	12
193	12
194	12
195	12
196	12
197	12
198	12
199	12
200	12
201	12
202	12
203	12
204	12
205	12
206	12
207	12
208	7
209	7
210	7
211	7
212	7
213	7
214	7
215	7
216	7
217	7
218	7
219	7
220	7
221	7
222	7
223	7
224	7
225	7
226	7
227	7
228	7
229	7
230	7
231	7
232	7
233	7
234	7
235	7
236	7
237	7
238	7
239	7
240	7
241	7
242	7
243	7
244	7
245	7
246	7
247	7
248	12
249	12
250	12
251	12
252	12
253	12
254	12
255	12
256	12
257	12
258	12
259	12
260	12
261	13
262	13
263	13
264	13
265	13
266	13
267	13
268	13
269	13
270	13
271	13
272	13
273	13
274	13
275	13
276	13
277	13
278	13
279	13
280	13
281	13
282	13
283	13
284	13
285	13
286	13
287	13
288	13
289	13
290	13
291	13
292	13
293	13
294	13
295	13
296	13
297	13
298	13
299	13
300	13
301	13
302	12
303	12
304	12
305	12
306	7
307	7
308	7
309	11
310	11
311	11
312	7
313	7
314	7
316	6
317	6
318	6
319	6
320	6
321	6
322	6
323	6
324	6
325	6
326	6
327	6
328	6
329	6
330	6
331	7
332	7
333	7
334	7
335	7
336	11
337	6
338	6
339	6
340	7
341	7
342	7
343	7
344	7
345	7
346	7
347	7
348	7
349	7
350	11
351	7
352	7
353	7
354	7
355	7
356	11
357	11
358	11
359	11
360	11
361	11
362	11
363	11
364	11
365	11
366	11
367	11
368	11
369	11
370	7
371	7
372	11
373	11
374	7
375	7
376	11
377	7
378	7
379	7
380	7
381	7
382	7
383	7
384	7
385	7
386	7
387	7
388	7
389	6
390	6
391	6
392	6
393	6
394	7
395	7
396	7
397	11
398	6
399	6
400	6
401	6
402	6
403	10
404	10
405	10
406	10
407	10
408	10
409	4
410	4
411	4
412	4
413	4
414	4
415	4
416	4
417	4
418	4
419	4
420	4
421	4
422	4
423	4
424	4
425	1
426	1
427	1
428	1
429	1
430	1
431	1
432	1
433	4
434	4
435	4
436	4
437	4
438	4
439	4
440	4
441	4
442	4
443	4
444	4
445	4
446	1
447	1
448	1
449	1
450	1
451	4
452	4
453	4
454	1
455	1
456	1
457	4
458	4
459	4
460	4
461	4
462	4
463	1
464	1
465	1
466	1
467	1
468	1
469	1
470	1
471	1
472	1
473	4
474	4
475	13
476	13
477	11
478	11
479	11
480	11
481	11
482	11
483	11
484	10
485	10
486	11
487	11
488	11
489	13
490	13
491	13
492	13
493	13
494	13
495	11
496	11
497	11
498	10
499	11
500	11
501	11
502	10
503	11
504	11
505	11
506	10
507	10
508	10
509	10
510	10
511	10
512	10
513	10
514	10
515	10
516	10
517	10
518	10
519	10
520	10
521	10
522	9
523	9
524	9
525	9
526	12
527	12
528	9
529	9
530	9
531	9
532	9
533	9
534	9
535	9
536	9
537	9
538	12
539	12
540	12
541	12
542	12
543	12
544	12
545	12
546	12
547	12
548	12
549	12
550	12
551	12
552	12
553	12
554	12
555	12
556	12
557	12
558	12
559	7
560	7
561	13
562	7
563	7
564	7
565	12
566	12
567	12
568	12
569	12
570	9
571	9
572	9
573	9
574	9
575	9
576	9
577	9
578	9
579	9
580	9
581	12
582	12
583	12
584	12
585	12
586	12
587	7
588	7
589	7
590	13
591	7
592	7
593	7
594	7
595	7
596	13
597	7
598	7
599	7
600	7
601	7
602	7
603	12
604	12
605	12
606	12
607	12
608	12
609	12
610	12
611	12
612	12
613	12
614	12
615	12
616	12
617	7
618	7
619	7
620	13
621	7
622	13
623	13
624	13
625	7
626	13
627	13
628	7
629	7
630	7
631	7
632	7
633	7
634	13
635	7
636	7
637	13
638	13
639	12
640	12
641	12
642	12
643	12
644	12
645	12
646	12
647	12
648	12
649	12
650	12
651	12
652	12
653	12
654	12
655	12
656	12
657	1
658	1
659	13
660	13
661	8
662	8
663	8
664	8
665	8
666	8
667	8
668	8
669	8
670	10
671	10
672	10
673	10
674	10
675	10
676	10
677	10
678	10
679	10
680	8
681	8
682	8
683	8
684	8
685	8
686	8
687	8
688	8
689	8
690	8
691	8
692	8
693	8
694	8
695	8
696	8
697	10
698	10
699	10
700	10
701	10
702	10
703	10
704	10
705	10
706	10
707	10
708	10
709	10
710	10
711	10
712	10
713	10
714	8
715	8
716	13
717	13
718	10
719	10
720	10
721	13
722	13
723	13
724	13
725	13
726	13
727	13
728	13
729	13
730	13
731	13
732	6
733	6
734	6
735	4
736	4
737	13
738	1
739	1
740	1
741	1
742	1
743	13
744	13
745	6
746	6
747	6
748	4
749	4
750	4
751	6
752	6
753	6
754	6
755	6
756	4
757	4
758	4
759	6
760	6
761	6
762	4
763	4
764	4
765	4
766	13
767	1
768	1
769	1
770	4
771	4
772	1
773	1
774	1
775	1
776	13
777	1
778	1
779	1
780	1
781	1
782	1
783	1
784	1
785	7
786	1
787	1
788	1
789	1
790	13
791	7
792	7
793	7
794	7
795	7
796	7
797	7
798	7
799	7
800	7
801	1
802	13
803	1
804	1
805	7
806	7
807	7
808	1
809	1
810	1
811	6
812	2
813	2
814	6
815	2
816	2
817	2
818	2
819	2
820	2
821	6
822	2
823	2
824	2
825	2
826	2
827	2
828	2
829	2
830	6
831	2
832	2
833	2
834	6
835	6
836	6
837	6
838	2
839	2
840	6
841	2
842	6
843	2
844	2
845	2
846	2
847	2
848	2
849	2
850	2
851	2
852	2
853	2
854	2
855	2
856	2
857	2
858	12
859	12
860	12
861	12
862	12
863	12
864	12
865	12
866	12
867	12
868	12
869	12
870	12
871	2
872	2
873	2
874	2
875	2
876	2
877	2
878	2
879	2
880	2
881	2
882	2
883	6
884	2
885	6
886	2
887	2
888	2
889	2
890	2
891	2
892	2
893	2
894	2
895	2
896	2
897	2
898	2
899	2
900	2
901	2
902	2
903	2
904	2
905	2
906	2
907	2
908	2
909	2
910	2
911	2
912	2
913	2
914	2
915	2
916	2
917	2
918	2
919	2
920	2
921	2
922	2
923	2
924	2
925	2
926	2
927	2
928	2
929	2
930	6
931	6
932	2
933	2
934	2
935	2
936	2
937	2
938	2
939	2
940	2
941	2
942	6
943	2
944	2
945	2
946	2
947	2
948	2
949	6
950	2
951	2
952	2
953	2
954	2
955	2
956	2
957	2
958	2
959	2
960	2
961	2
962	6
963	2
964	2
965	2
966	2
967	2
968	2
969	2
970	2
971	2
972	2
973	2
974	2
975	2
976	2
977	2
978	2
979	2
980	2
981	2
982	6
983	6
984	6
985	11
986	11
987	11
988	11
989	11
990	11
991	11
992	11
993	11
994	11
995	11
996	11
997	11
998	11
999	11
1000	11
1001	11
1002	11
1003	11
1004	11
1005	11
1006	11
1007	6
1008	6
1009	11
1010	6
1011	6
1012	6
1013	6
1014	6
1015	6
1016	6
1017	6
1018	6
1019	6
1020	6
1021	6
1022	6
1023	6
1024	6
1025	6
1026	6
1027	6
1028	6
1029	6
1030	6
1031	6
1032	6
1033	6
1034	6
1035	6
1036	6
1037	6
1038	6
1039	6
1040	6
1041	6
1042	6
1043	6
1044	6
1045	6
1046	6
1047	6
1048	6
1049	6
1050	6
1051	6
1052	6
1053	6
1054	6
1055	6
1056	6
1057	6
1058	6
1059	6
1060	6
1061	6
1062	6
1063	6
1064	6
1065	6
1066	6
1067	6
1068	6
1069	6
1070	6
1071	6
1072	6
1073	6
1074	6
1075	4
1076	4
1077	4
1078	4
1079	4
1080	4
1081	4
1082	4
1083	4
1084	4
1085	4
1086	4
1087	13
1088	13
1089	13
1090	13
1091	13
1092	13
1093	13
1094	7
1095	7
1096	7
1097	7
1098	7
1099	7
1100	7
1101	7
1102	7
1103	7
1104	7
1105	7
1106	7
1107	2
1108	2
1109	2
1110	2
1111	2
1112	2
1113	2
1114	2
1115	2
1116	2
1117	2
1118	2
1119	2
1120	2
1121	2
1122	2
1123	2
1124	2
1125	2
1126	2
1127	2
1128	2
1129	2
1130	2
1131	2
1132	2
1133	2
1134	2
1135	2
1136	2
1137	2
1138	2
1139	2
1140	2
1141	2
1142	2
1143	2
1144	2
1145	2
1146	2
1147	2
1148	2
1149	2
1150	2
1151	2
1152	2
1153	2
1154	7
1155	7
1156	7
1157	7
1158	7
1159	7
1160	7
1161	7
1162	10
1163	10
1164	10
1165	10
1166	7
1167	7
1168	7
1169	6
1170	6
1171	6
1172	6
1173	6
1174	6
1175	6
1176	6
1177	6
1178	6
1179	6
1180	6
1181	6
1182	6
1183	6
1184	6
1185	6
1186	6
1187	6
1188	6
1189	6
1190	6
1191	6
1192	6
1193	6
1194	6
1195	6
1196	6
1197	6
1198	6
1199	6
1200	11
1201	11
1202	11
1203	9
1204	9
1205	9
1206	9
1207	9
1208	9
1209	11
1210	11
1211	11
1212	9
1213	9
1214	9
1215	9
1216	9
1217	9
1218	9
1219	9
1220	9
1221	9
1222	9
1223	11
1224	9
1225	9
1226	9
1227	9
1228	9
1229	11
1230	9
1231	9
1232	11
1233	11
1234	11
1235	9
1236	11
1237	11
1238	11
1239	9
1240	13
1241	13
1242	13
1243	13
1244	13
1245	13
1246	13
1247	13
1248	13
1249	13
1250	13
1251	13
1252	13
1253	4
1254	4
1255	4
1256	4
1257	4
1258	13
1259	13
1260	13
1261	13
1262	13
1263	13
1264	4
1265	4
1266	4
1267	4
1268	4
1269	4
1270	4
1271	4
1272	4
1273	4
1274	4
1275	4
1276	4
1277	4
1278	10
1279	10
1280	10
1281	13
1282	13
1283	13
1284	4
1285	4
1286	4
1287	4
1288	10
1289	10
1290	10
1291	10
1292	10
1293	10
1294	10
1295	10
1296	10
1297	10
1298	10
1299	10
1300	10
1301	10
1302	10
1303	4
1304	4
1305	4
1306	4
1307	4
1308	4
1309	4
1310	4
1311	4
1312	4
1313	4
1314	2
1315	2
1316	2
1317	2
1318	2
1319	2
1320	2
1321	2
1322	2
1323	2
1324	2
1325	2
1326	2
1327	2
1328	2
1329	2
1330	2
1331	2
1332	2
1333	2
1334	2
1335	2
1336	2
1337	2
1338	2
1339	2
1340	2
1341	2
1342	2
1343	2
1344	2
1345	2
1346	4
1347	12
1348	12
1349	12
1350	4
1351	4
1352	12
1353	4
1354	4
1355	12
1356	4
1357	12
1358	12
1359	12
1360	4
1361	4
1362	4
1363	11
1364	11
1365	11
1366	11
1367	11
1368	11
1369	11
1370	11
1371	11
1372	11
1373	11
1374	11
1375	11
1376	11
1377	11
1378	11
1379	11
1380	11
1381	7
1382	7
1383	7
1384	7
1385	7
1386	7
1387	7
1388	7
1389	7
1390	7
1391	7
1392	7
1393	7
1394	7
1395	7
1396	7
1397	4
1398	4
1399	4
1400	4
1401	4
1402	4
1403	4
1404	4
1405	4
1406	4
1407	4
1408	4
1409	4
1410	4
1411	4
1412	4
1413	4
1414	4
1415	4
1416	4
1417	4
1418	4
1419	4
1420	4
1421	4
1422	4
1423	4
1424	4
1425	4
1426	4
1427	4
1428	9
1429	9
1430	9
1431	9
1432	9
1433	9
1434	9
1435	9
1436	9
1437	9
1438	9
1439	9
1440	9
1441	9
1442	9
1443	9
1444	9
1445	9
1446	9
1447	9
1448	9
1449	9
1450	9
1451	9
1452	9
1453	9
1454	9
1455	9
1456	9
1457	9
1458	9
1459	9
1460	9
1461	9
1462	9
1463	9
1464	9
1465	10
1466	10
1467	10
1468	10
1469	10
1470	10
1471	10
1472	10
1473	10
1474	10
1475	10
1476	10
1477	10
1478	10
1479	10
1480	10
1481	10
1482	10
1483	10
1484	10
1485	10
1486	10
1487	10
1488	10
1489	6
1490	6
1491	6
1492	6
1493	6
1494	6
1495	6
1496	6
1497	6
1498	6
1499	6
1500	6
1501	12
1502	12
1503	12
1504	12
1505	12
1506	12
1507	12
1508	12
1509	12
1510	12
1511	12
1512	12
1513	12
1514	12
1515	12
1516	12
1517	12
1518	12
1519	12
1520	12
1521	12
1522	12
1523	12
1524	12
1525	12
1526	12
1527	12
1528	12
1529	1
1530	1
1531	1
1532	1
1533	1
1534	1
1535	1
1536	1
1537	1
1538	1
1539	1
1540	1
1541	1
1542	1
1543	1
1544	1
1545	1
1546	1
1547	1
1548	1
1549	1
1550	1
1551	1
1552	1
1553	1
1554	11
1555	11
1556	11
1557	11
1558	1
1559	1
1560	1
1561	1
1562	11
1563	1
1564	1
1565	1
1566	11
1567	1
1568	1
1569	1
1570	1
1571	1
1572	1
1573	1
1574	1
1575	1
1576	6
1577	6
1578	6
1579	6
1580	6
1581	6
1582	6
1583	6
1584	6
1585	6
1586	6
1587	6
1588	6
1589	6
1590	6
1591	6
1592	6
1593	4
1594	4
1595	4
1596	4
1597	4
1598	4
1599	4
1600	4
1601	4
1602	9
1603	9
1604	9
1605	9
1606	9
1607	9
1608	9
1609	9
1610	9
1611	9
1612	9
1613	9
1614	9
1615	9
1616	9
1617	9
1618	7
1619	7
1620	7
1621	7
1622	7
1623	7
1624	7
1625	7
1626	7
1627	7
1628	7
1629	9
1630	9
1631	9
1632	9
1633	9
1634	9
1635	9
1636	9
1637	9
1638	9
1639	9
1640	9
1641	9
1642	9
1643	9
1644	7
1645	7
1646	7
1647	7
1648	7
1649	9
1650	9
1651	9
1652	9
1653	9
1654	9
1655	9
1656	9
1658	9
1659	9
1660	9
1661	9
1662	9
1663	9
1664	9
1665	9
1666	9
1667	9
1668	9
1669	9
1670	9
1671	9
1672	9
1673	7
1674	9
1675	9
1676	9
1677	7
1678	13
1679	13
1680	13
1681	13
1682	13
1683	13
1684	13
1685	4
1686	4
1687	4
1688	4
1689	4
1690	4
1691	4
1692	4
1693	4
1694	4
1695	4
1696	4
1697	4
1698	4
1699	4
1700	4
1701	9
1702	4
1703	8
1704	8
1705	4
1706	4
1707	4
1708	4
1709	4
1710	4
1711	4
1712	4
1713	7
1714	7
1715	7
1716	7
1717	7
1718	7
1719	7
1720	7
1721	7
1722	7
1723	7
1724	7
1725	4
1726	4
1727	4
1728	7
1729	4
1730	4
1731	4
1732	4
1733	4
1734	4
1735	4
1736	4
1737	4
1738	4
1739	4
1740	4
1741	4
1742	5
1743	5
1744	5
1745	5
1746	8
1747	5
1748	5
1749	8
1750	5
1751	5
1752	5
1753	5
1754	5
1755	8
1756	5
1757	7
1758	7
1759	7
1760	7
1761	8
1762	5
1763	5
1764	8
1765	5
1766	8
1767	8
1768	5
1769	8
1770	5
1771	5
1772	5
1773	8
1774	7
1775	7
1776	7
1777	7
1778	7
1779	7
1780	7
1781	7
1782	7
1783	7
1784	7
1785	7
1786	7
1787	8
1788	5
1789	5
1790	8
1791	8
1792	8
1793	5
1794	5
1795	7
1796	7
1797	7
1798	7
1799	5
1800	8
1801	8
1802	5
1803	5
1804	5
1805	5
1806	5
1807	5
1808	5
1809	8
1810	8
1811	8
1812	8
1813	8
1814	8
1815	8
1816	8
1817	8
1818	8
1819	8
1820	8
1821	8
1822	8
1823	8
1824	8
1825	8
1826	8
1827	8
1828	8
1829	8
1830	13
1831	13
1832	13
1833	13
1834	13
1835	8
1836	8
1837	13
1838	8
1839	8
1840	11
1841	11
1842	11
1843	11
1844	11
1845	8
1846	8
1847	8
1848	8
1849	8
1850	8
1851	8
1852	8
1853	8
1854	8
1855	8
1856	8
1857	7
1858	7
1859	7
1860	7
1861	7
1862	7
1863	8
1864	8
1865	8
1866	8
1867	8
1868	8
1869	8
1870	8
1871	8
1872	13
1873	13
1874	13
1875	13
1876	13
1877	13
1878	13
1879	13
1880	13
1881	13
1882	13
1883	13
1884	13
1885	13
1886	13
1887	13
1888	13
1889	13
1890	13
1891	13
1892	13
1893	13
1894	13
1895	12
1896	12
1897	12
1898	7
1899	7
1900	7
1901	7
1902	7
1903	7
1904	4
1905	4
1906	12
1907	12
1908	12
1909	12
1910	12
1911	12
1912	12
1913	12
1914	12
1915	4
1916	7
1917	7
1918	7
1919	7
1920	7
1921	7
1922	7
1923	7
1924	12
1925	12
1926	12
1927	12
1928	12
1929	12
1930	12
1931	4
1932	12
1933	12
1934	4
1935	12
1936	4
1937	12
1938	12
1939	4
1940	12
1941	12
1942	12
1943	12
1944	12
1945	12
1946	12
1947	4
1948	12
1949	12
1950	4
1951	12
1952	12
1953	12
1954	4
1955	4
1956	12
1957	12
1958	12
1959	12
1960	12
1961	12
1962	12
1963	12
1964	12
1965	12
1966	12
1967	12
1968	4
1969	4
1970	12
1971	12
1972	12
1973	12
1974	12
1975	12
1976	1
1977	1
1978	1
1979	1
1980	1
1981	1
1982	1
1983	1
1984	1
1985	1
1986	1
1987	1
1988	1
1989	1
1990	1
1991	1
1992	1
1993	1
1994	1
1995	1
1996	1
1997	1
1998	1
1999	1
2000	1
2001	1
2002	1
2003	1
2004	1
2005	1
2006	1
2007	1
2008	1
2009	1
2010	1
2011	1
2012	1
2013	1
2014	1
2015	1
2016	1
2017	13
2018	13
2019	13
2020	13
2021	13
2022	13
2023	13
2024	11
2025	13
2026	13
2027	13
2028	13
2029	13
2030	11
2031	11
2032	11
2033	11
2034	11
2035	11
2036	11
2037	13
2038	13
2039	13
2040	13
2041	13
2042	13
2043	13
2044	13
2045	13
2046	11
2047	11
2048	13
2049	13
2050	13
2051	11
2052	11
2053	13
2054	13
2055	11
2056	13
2057	11
2058	1
2059	1
2060	1
2061	1
2062	1
2063	1
2064	1
2065	1
2066	1
2067	1
2068	13
2069	13
2070	13
2071	13
2072	13
2073	7
2074	13
2075	13
2076	13
2077	7
2078	7
2079	13
2080	7
2081	13
2082	13
2083	13
2084	13
2085	13
2086	13
2087	13
2088	13
2089	6
2090	6
2091	6
2092	6
2093	6
2094	6
2095	6
2096	12
2097	12
2098	12
2099	12
2100	12
2101	12
2102	12
2103	12
2104	12
2105	12
2106	12
2107	12
2108	12
2109	12
2110	12
2111	12
2112	12
2113	5
2114	5
2115	5
2116	5
2117	5
2118	8
2119	8
2120	5
2121	5
2122	8
2123	8
2124	13
2125	5
2126	5
2127	5
2128	5
2129	5
2130	8
2131	5
2132	5
2133	8
2134	5
2135	5
2136	8
2137	8
2138	8
2139	8
2140	8
2141	5
2142	5
2143	5
2144	5
2145	8
2146	8
2147	8
2148	8
2149	8
2150	5
2151	5
2152	5
2153	5
2154	5
2155	5
2156	5
2157	5
2158	5
2159	5
2160	5
2161	5
2162	5
2163	5
2164	8
2165	8
2166	5
2167	8
2168	8
2169	5
2170	5
2171	5
2172	5
2173	5
2174	5
2175	5
2176	8
2177	8
2178	5
2179	5
2180	8
2181	8
2182	5
2183	5
2184	5
2185	5
2186	5
2187	5
2188	8
2189	5
2190	5
2191	5
2192	5
2193	5
2194	5
2195	5
2196	8
2197	8
2198	5
2199	8
2200	5
2201	5
2202	5
2203	5
2204	5
2205	5
2206	5
2207	5
2208	5
2209	5
2210	5
2211	5
2212	5
2213	5
2214	5
2215	8
2216	8
2217	5
2218	5
2219	5
2220	5
2221	5
2222	8
2223	8
2224	5
2225	5
2226	5
2227	5
2228	5
2229	8
2230	8
2231	8
2232	5
2233	8
2234	8
2235	5
2236	8
2237	8
2238	8
2239	5
2240	5
2241	8
2242	8
2243	8
2244	5
2245	8
2246	5
2247	8
2248	8
2249	5
2250	5
2251	5
2252	5
2253	5
2254	5
2255	5
2256	8
2257	5
2258	8
2259	5
2260	5
2261	8
2262	8
2263	5
2264	5
2265	5
2266	5
2267	5
2268	5
2269	5
2270	5
2271	5
2272	5
2273	5
2274	5
2275	5
2276	5
2277	8
2278	5
2279	5
2280	5
2281	5
2282	8
2283	8
2284	13
2285	13
2286	5
2287	5
2288	5
2289	5
2290	5
2291	5
2292	5
2293	5
2294	5
2295	5
2296	5
2297	8
2298	8
2299	8
2300	8
2301	5
2302	8
2303	8
2304	8
2305	5
2306	5
2307	8
2308	5
2309	13
2310	13
2311	13
2312	6
2313	6
2314	6
2315	6
2316	6
2317	6
2318	6
2319	6
2320	6
2321	6
2322	6
2323	6
2324	6
2325	6
2326	6
2327	6
2328	6
2329	6
2330	12
2331	12
2332	12
2333	12
2334	12
2335	12
2336	12
2337	12
2338	12
2339	12
2340	12
2341	12
2342	12
2343	12
2344	12
2345	12
2346	6
2347	6
2348	6
2349	6
2350	6
2351	6
2352	6
2353	6
2354	6
2355	6
2356	6
2357	6
2358	6
2359	6
2360	6
2361	6
2362	6
2363	6
2364	6
2365	6
2366	9
2367	8
2368	9
2369	8
2370	9
2371	8
2372	8
2373	9
2374	9
2375	8
2376	9
2377	9
2378	9
2379	8
2380	8
2381	9
2382	9
2383	9
2384	9
2385	9
2386	9
2387	9
2388	9
2389	9
2390	9
2391	9
2392	9
2393	9
2394	9
2395	9
2396	9
2397	9
2398	9
2399	9
2400	8
2401	8
2402	8
2403	9
2404	8
2405	8
2406	9
2407	8
2408	9
2409	9
2410	9
2411	8
2412	8
2413	8
2414	8
2415	3
2416	10
2417	3
2418	3
2419	3
2420	3
2421	3
2422	3
2423	3
2424	3
2425	3
2426	3
2427	3
2428	3
2429	3
2430	3
2431	10
2432	3
2433	3
2434	3
2435	3
2436	3
2437	10
2438	3
2439	3
2440	3
2441	3
2442	3
2443	3
2444	3
2445	3
2446	3
2447	3
2448	3
2449	3
2450	3
2451	3
2452	3
2453	3
2454	3
2455	3
2456	3
2457	3
2458	3
2459	3
2460	3
2461	3
2462	3
2463	3
2464	3
2465	3
2466	3
2467	3
2468	3
2469	3
2470	3
2471	3
2472	3
2473	3
2474	3
2475	3
2476	3
2477	3
2478	3
2479	3
2480	3
2481	3
2482	3
2483	3
2484	3
2485	3
2486	3
2487	3
2488	3
2489	3
2490	3
2491	3
2492	3
2493	3
2494	3
2495	3
2496	10
2497	10
2498	10
2499	10
2500	3
2501	3
2502	10
2503	10
2504	10
2505	10
2506	10
2507	10
2508	10
2509	10
2510	10
2511	10
2512	10
2513	10
2514	10
2515	3
2516	3
2517	3
2518	3
2519	3
2520	3
2521	3
2522	3
2523	10
2524	10
2525	3
2526	3
2527	3
2528	10
2529	10
2530	3
2531	10
2532	10
2533	10
2534	10
2535	10
2536	10
2537	10
2538	10
2539	3
2540	3
2541	3
2542	10
2543	10
2544	3
2545	3
2546	3
2547	10
2548	10
2549	10
2550	3
2551	3
2552	3
2553	3
2554	3
2555	3
2556	3
2557	3
2558	10
2559	10
2560	10
2561	10
2562	10
2563	3
2564	3
2565	10
2566	3
2567	3
2568	3
2569	10
2570	10
2571	10
2572	10
2573	10
2574	10
2575	3
2576	3
2577	3
2578	3
2579	3
2580	3
2581	3
2582	3
2583	3
2584	3
2585	3
2586	3
2587	10
2588	10
2589	10
2590	10
2591	10
2592	10
2593	10
2594	3
2595	3
2596	3
2597	10
2598	10
2599	3
2600	3
2601	3
2602	3
2603	3
2604	3
2605	3
2606	13
2607	13
2608	13
2609	13
2610	13
2611	13
2612	13
2613	13
2614	13
2615	13
2616	13
2617	13
2618	13
2619	13
2620	13
2621	13
2622	13
2623	13
2624	13
2625	13
2626	13
2627	13
2628	13
2629	13
2630	13
2631	13
2632	13
2633	13
2634	13
2635	13
2636	13
2637	13
2638	13
2639	13
2640	11
2641	11
2642	11
2643	11
2644	1
2645	11
2646	11
2647	11
2648	11
2649	11
2650	11
2651	11
2652	11
2653	11
2654	11
2655	11
2656	1
2657	11
2658	1
2659	1
2660	1
2661	11
2662	11
2663	11
2664	11
2665	1
2666	11
2667	11
2668	11
2669	11
2670	11
2671	11
2672	11
2673	11
2674	11
2675	11
2676	11
2677	11
2678	11
2679	11
2680	11
2681	11
2682	11
2683	1
2684	1
2685	11
2686	11
2687	1
2688	12
2689	12
2690	12
2691	12
315	6
1657	9
