0	3
1	3
2	3
3	3
4	3
5	3
6	3
7	8
8	8
9	8
10	8
11	5
12	8
13	8
14	8
15	8
16	5
17	5
18	5
19	5
20	5
21	7
22	7
23	7
24	7
25	7
26	7
27	7
28	7
29	9
30	9
31	9
32	9
33	9
34	9
35	9
36	9
37	9
38	9
39	9
40	9
41	9
42	9
43	9
44	9
45	9
46	9
47	9
48	9
49	4
50	4
51	4
52	4
53	2
54	2
55	2
56	2
57	2
58	4
59	4
60	4
61	4
62	4
63	4
64	4
65	2
66	2
67	2
68	2
69	2
70	2
71	7
72	7
73	7
74	7
75	4
76	4
77	4
78	4
79	4
80	4
81	4
82	4
83	6
84	6
85	6
86	6
87	6
88	6
89	6
90	6
91	6
92	6
93	6
94	6
95	6
96	5
97	8
98	5
99	5
100	8
101	8
102	8
103	5
104	8
105	5
106	8
107	5
108	5
109	8
110	8
111	8
112	8
113	8
114	8
115	8
116	8
117	8
118	8
119	8
120	8
121	8
122	5
123	8
124	5
125	5
126	8
127	5
128	5
129	13
130	13
131	13
132	13
133	13
134	13
135	13
136	13
137	13
138	13
139	13
140	13
141	13
142	13
143	13
144	13
145	13
146	13
147	13
148	13
149	13
150	13
151	13
152	13
153	13
154	13
155	13
156	13
157	13
158	13
159	13
160	13
161	13
162	13
163	13
164	13
165	13
166	11
167	11
168	11
169	11
170	11
171	11
172	11
173	11
174	11
175	11
176	11
177	11
178	11
179	11
180	11
181	11
182	11
183	3
184	3
185	3
186	3
187	3
188	3
189	3
190	3
191	3
192	3
193	3
194	3
195	3
196	3
197	3
198	3
199	3
200	3
201	3
202	3
203	3
204	3
205	3
206	3
207	3
208	7
209	7
210	1
211	7
212	7
213	7
214	7
215	1
216	7
217	7
218	1
219	7
220	7
221	7
222	7
223	7
224	7
225	7
226	7
227	7
228	7
229	7
230	7
231	7
232	7
233	7
234	7
235	7
236	7
237	7
238	7
239	7
240	7
241	7
242	7
243	7
244	7
245	7
246	7
247	7
248	3
249	3
250	3
251	3
252	3
253	3
254	3
255	3
256	3
257	3
258	3
259	3
260	3
261	7
262	7
263	7
264	7
265	7
266	7
267	7
268	13
269	13
270	13
271	7
272	7
273	7
274	7
275	7
276	7
277	7
278	13
279	13
280	13
281	13
282	13
283	13
284	13
285	13
286	13
287	13
288	13
289	13
290	13
291	13
292	13
293	13
294	13
295	13
296	13
297	13
298	13
299	13
300	13
301	13
302	3
303	3
304	3
305	3
306	2
307	1
308	1
309	2
310	2
311	2
312	2
313	2
314	2
316	9
317	9
318	9
319	9
320	9
321	9
322	9
323	9
324	9
325	9
326	9
327	9
328	9
329	9
330	9
331	1
332	2
333	2
334	1
335	2
336	2
337	9
338	9
339	9
340	2
341	2
342	2
343	2
344	1
345	1
346	2
347	2
348	2
349	2
350	2
351	1
352	1
353	2
354	1
355	1
356	12
357	13
358	12
359	13
360	13
361	12
362	13
363	13
364	12
365	12
366	13
367	12
368	12
369	2
370	1
371	1
372	2
373	2
374	2
375	2
376	2
377	1
378	1
379	1
380	1
381	1
382	1
383	2
384	2
385	2
386	1
387	2
388	2
389	9
390	9
391	9
392	9
393	9
394	1
395	1
396	2
397	2
398	9
399	9
400	9
401	9
402	9
403	1
404	7
405	7
406	1
407	1
408	1
409	4
410	4
411	4
412	4
413	4
414	4
415	4
416	4
417	4
418	4
419	4
420	4
421	4
422	4
423	4
424	4
425	11
426	11
427	11
428	11
429	11
430	11
431	11
432	11
433	4
434	4
435	4
436	4
437	4
438	4
439	4
440	4
441	4
442	4
443	4
444	4
445	4
446	11
447	11
448	11
449	11
450	11
451	4
452	4
453	4
454	11
455	11
456	11
457	4
458	4
459	4
460	4
461	4
462	4
463	11
464	11
465	11
466	11
467	11
468	11
469	11
470	11
471	11
472	11
473	4
474	4
475	13
476	13
477	13
478	13
479	13
480	13
481	13
482	13
483	13
484	1
485	1
486	13
487	13
488	13
489	13
490	13
491	13
492	13
493	13
494	13
495	13
496	13
497	13
498	1
499	13
500	13
501	13
502	1
503	13
504	13
505	13
506	1
507	1
508	1
509	1
510	1
511	7
512	1
513	1
514	7
515	1
516	1
517	1
518	1
519	1
520	7
521	1
522	6
523	6
524	6
525	6
526	3
527	3
528	6
529	6
530	6
531	6
532	6
533	6
534	6
535	6
536	6
537	6
538	3
539	3
540	3
541	3
542	3
543	3
544	3
545	3
546	3
547	3
548	3
549	3
550	3
551	3
552	3
553	3
554	3
555	3
556	3
557	3
558	3
559	7
560	7
561	7
562	7
563	7
564	7
565	3
566	3
567	3
568	3
569	3
570	6
571	6
572	6
573	6
574	6
575	6
576	6
577	6
578	6
579	6
580	6
581	3
582	3
583	3
584	3
585	3
586	3
587	13
588	7
589	7
590	7
591	7
592	7
593	7
594	7
595	7
596	13
597	7
598	7
599	7
600	7
601	7
602	7
603	3
604	3
605	3
606	3
607	3
608	3
609	3
610	3
611	3
612	3
613	3
614	3
615	3
616	3
617	7
618	7
619	7
620	13
621	13
622	13
623	13
624	13
625	7
626	13
627	13
628	7
629	7
630	7
631	7
632	7
633	7
634	13
635	7
636	13
637	13
638	13
639	3
640	3
641	3
642	3
643	3
644	3
645	3
646	3
647	3
648	3
649	3
650	3
651	3
652	3
653	3
654	3
655	3
656	3
657	11
658	11
659	11
660	11
661	4
662	4
663	4
664	8
665	8
666	4
667	4
668	8
669	8
670	7
671	7
672	7
673	7
674	7
675	7
676	7
677	7
678	7
679	7
680	8
681	4
682	8
683	4
684	8
685	4
686	4
687	8
688	4
689	4
690	4
691	4
692	4
693	4
694	4
695	4
696	4
697	7
698	7
699	7
700	7
701	7
702	7
703	7
704	7
705	7
706	13
707	7
708	7
709	7
710	7
711	7
712	7
713	7
714	4
715	4
716	7
717	7
718	7
719	7
720	7
721	7
722	7
723	7
724	7
725	7
726	7
727	7
728	7
729	7
730	7
731	7
732	9
733	9
734	9
735	9
736	9
737	11
738	11
739	11
740	11
741	11
742	11
743	11
744	11
745	9
746	9
747	9
748	9
749	9
750	9
751	9
752	9
753	9
754	9
755	9
756	9
757	9
758	9
759	9
760	9
761	9
762	9
763	9
764	9
765	9
766	11
767	11
768	11
769	11
770	9
771	9
772	11
773	11
774	11
775	11
776	11
777	11
778	11
779	11
780	11
781	11
782	11
783	11
784	11
785	1
786	11
787	11
788	11
789	11
790	11
791	1
792	1
793	1
794	1
795	1
796	1
797	1
798	1
799	1
800	1
801	11
802	11
803	11
804	11
805	1
806	1
807	1
808	11
809	11
810	11
811	9
812	5
813	9
814	9
815	5
816	9
817	5
818	5
819	5
820	5
821	9
822	9
823	5
824	9
825	9
826	9
827	5
828	9
829	5
830	9
831	9
832	9
833	9
834	9
835	9
836	9
837	9
838	9
839	9
840	9
841	9
842	9
843	5
844	5
845	5
846	5
847	5
848	5
849	5
850	5
851	5
852	9
853	9
854	5
855	9
856	5
857	5
858	3
859	3
860	3
861	3
862	3
863	3
864	3
865	3
866	3
867	3
868	3
869	3
870	3
871	9
872	9
873	9
874	9
875	5
876	5
877	5
878	9
879	5
880	5
881	9
882	9
883	5
884	9
885	5
886	9
887	5
888	5
889	5
890	5
891	5
892	5
893	5
894	5
895	5
896	9
897	9
898	5
899	5
900	5
901	5
902	9
903	5
904	9
905	5
906	9
907	5
908	5
909	9
910	5
911	5
912	5
913	5
914	5
915	9
916	9
917	9
918	9
919	9
920	5
921	5
922	5
923	5
924	5
925	5
926	9
927	9
928	5
929	9
930	5
931	5
932	5
933	5
934	9
935	5
936	9
937	9
938	5
939	5
940	5
941	5
942	5
943	5
944	5
945	5
946	9
947	5
948	5
949	5
950	5
951	5
952	5
953	5
954	5
955	5
956	5
957	5
958	5
959	9
960	5
961	5
962	5
963	9
964	5
965	9
966	5
967	5
968	5
969	5
970	9
971	9
972	5
973	5
974	5
975	5
976	5
977	5
978	5
979	5
980	9
981	9
982	9
983	9
984	5
985	13
986	13
987	13
988	13
989	13
990	13
991	13
992	13
993	13
994	13
995	13
996	13
997	13
998	13
999	13
1000	11
1001	13
1002	13
1003	13
1004	13
1005	13
1006	13
1007	9
1008	5
1009	13
1010	5
1011	9
1012	5
1013	5
1014	9
1015	9
1016	9
1017	5
1018	5
1019	9
1020	9
1021	9
1022	9
1023	9
1024	9
1025	9
1026	9
1027	5
1028	9
1029	9
1030	9
1031	9
1032	9
1033	9
1034	9
1035	9
1036	9
1037	5
1038	9
1039	5
1040	9
1041	9
1042	5
1043	9
1044	9
1045	9
1046	9
1047	9
1048	5
1049	9
1050	9
1051	5
1052	5
1053	9
1054	9
1055	9
1056	5
1057	9
1058	9
1059	9
1060	9
1061	9
1062	5
1063	9
1064	9
1065	5
1066	9
1067	5
1068	9
1069	9
1070	5
1071	9
1072	9
1073	9
1074	9
1075	3
1076	3
1077	3
1078	3
1079	3
1080	3
1081	3
1082	3
1083	3
1084	3
1085	3
1086	3
1087	13
1088	13
1089	13
1090	13
1091	13
1092	13
1093	13
1094	7
1095	7
1096	7
1097	7
1098	7
1099	7
1100	7
1101	7
1102	7
1103	7
1104	7
1105	7
1106	7
1107	2
1108	2
1109	2
1110	2
1111	2
1112	2
1113	2
1114	2
1115	2
1116	2
1117	2
1118	2
1119	2
1120	2
1121	2
1122	2
1123	2
1124	2
1125	2
1126	2
1127	2
1128	2
1129	2
1130	2
1131	2
1132	2
1133	2
1134	2
1135	2
1136	2
1137	2
1138	2
1139	2
1140	2
1141	2
1142	2
1143	2
1144	2
1145	2
1146	2
1147	2
1148	2
1149	2
1150	2
1151	2
1152	2
1153	2
1154	2
1155	2
1156	2
1157	2
1158	2
1159	2
1160	2
1161	2
1162	2
1163	2
1164	2
1165	2
1166	2
1167	2
1168	2
1169	9
1170	5
1171	5
1172	5
1173	5
1174	9
1175	5
1176	9
1177	5
1178	9
1179	5
1180	5
1181	9
1182	9
1183	5
1184	5
1185	5
1186	5
1187	9
1188	9
1189	9
1190	5
1191	9
1192	5
1193	9
1194	5
1195	9
1196	5
1197	9
1198	5
1199	9
1200	8
1201	8
1202	8
1203	8
1204	8
1205	8
1206	8
1207	8
1208	8
1209	8
1210	8
1211	8
1212	8
1213	8
1214	8
1215	8
1216	8
1217	8
1218	8
1219	8
1220	8
1221	8
1222	8
1223	8
1224	8
1225	8
1226	8
1227	8
1228	8
1229	8
1230	8
1231	8
1232	8
1233	8
1234	8
1235	8
1236	8
1237	8
1238	8
1239	8
1240	13
1241	13
1242	13
1243	7
1244	7
1245	13
1246	7
1247	7
1248	7
1249	7
1250	7
1251	7
1252	7
1253	4
1254	4
1255	4
1256	4
1257	4
1258	7
1259	7
1260	7
1261	7
1262	13
1263	13
1264	4
1265	4
1266	4
1267	4
1268	4
1269	4
1270	4
1271	4
1272	4
1273	4
1274	4
1275	4
1276	4
1277	4
1278	1
1279	1
1280	1
1281	7
1282	13
1283	13
1284	4
1285	4
1286	4
1287	4
1288	1
1289	1
1290	1
1291	1
1292	1
1293	1
1294	1
1295	1
1296	1
1297	1
1298	1
1299	1
1300	1
1301	1
1302	1
1303	3
1304	3
1305	3
1306	3
1307	3
1308	3
1309	3
1310	3
1311	3
1312	3
1313	3
1314	2
1315	2
1316	2
1317	2
1318	2
1319	2
1320	2
1321	2
1322	2
1323	2
1324	2
1325	2
1326	2
1327	2
1328	2
1329	2
1330	2
1331	2
1332	2
1333	2
1334	2
1335	2
1336	2
1337	2
1338	2
1339	2
1340	2
1341	2
1342	2
1343	2
1344	2
1345	2
1346	3
1347	3
1348	3
1349	3
1350	3
1351	3
1352	3
1353	3
1354	3
1355	3
1356	3
1357	3
1358	3
1359	3
1360	3
1361	3
1362	3
1363	2
1364	2
1365	2
1366	2
1367	2
1368	2
1369	2
1370	12
1371	2
1372	2
1373	2
1374	2
1375	2
1376	2
1377	2
1378	2
1379	12
1380	2
1381	1
1382	1
1383	1
1384	1
1385	1
1386	1
1387	1
1388	1
1389	1
1390	1
1391	1
1392	1
1393	1
1394	1
1395	1
1396	1
1397	4
1398	4
1399	4
1400	4
1401	4
1402	4
1403	4
1404	4
1405	4
1406	4
1407	4
1408	4
1409	4
1410	4
1411	4
1412	4
1413	4
1414	4
1415	4
1416	4
1417	4
1418	4
1419	4
1420	4
1421	4
1422	4
1423	4
1424	4
1425	4
1426	4
1427	4
1428	6
1429	6
1430	6
1431	6
1432	6
1433	6
1434	6
1435	6
1436	6
1437	6
1438	6
1439	6
1440	6
1441	5
1442	5
1443	9
1444	5
1445	9
1446	5
1447	5
1448	9
1449	5
1450	5
1451	5
1452	5
1453	5
1454	9
1455	6
1456	6
1457	6
1458	6
1459	6
1460	6
1461	6
1462	6
1463	6
1464	6
1465	7
1466	7
1467	7
1468	7
1469	7
1470	7
1471	7
1472	7
1473	7
1474	7
1475	7
1476	7
1477	7
1478	7
1479	7
1480	7
1481	7
1482	7
1483	7
1484	7
1485	7
1486	7
1487	7
1488	7
1489	9
1490	9
1491	9
1492	9
1493	9
1494	9
1495	9
1496	9
1497	9
1498	9
1499	9
1500	9
1501	4
1502	4
1503	4
1504	4
1505	4
1506	4
1507	4
1508	4
1509	4
1510	4
1511	4
1512	4
1513	4
1514	4
1515	4
1516	4
1517	4
1518	4
1519	4
1520	4
1521	4
1522	4
1523	4
1524	4
1525	4
1526	4
1527	4
1528	4
1529	11
1530	11
1531	11
1532	11
1533	11
1534	11
1535	11
1536	11
1537	11
1538	11
1539	11
1540	11
1541	11
1542	11
1543	11
1544	11
1545	11
1546	11
1547	11
1548	11
1549	11
1550	11
1551	11
1552	6
1553	6
1554	6
1555	6
1556	6
1557	6
1558	6
1559	6
1560	6
1561	6
1562	6
1563	6
1564	6
1565	6
1566	6
1567	6
1568	6
1569	6
1570	6
1571	6
1572	6
1573	6
1574	6
1575	6
1576	9
1577	9
1578	9
1579	9
1580	9
1581	9
1582	9
1583	9
1584	9
1585	9
1586	9
1587	9
1588	9
1589	9
1590	9
1591	9
1592	9
1593	3
1594	3
1595	3
1596	3
1597	3
1598	3
1599	3
1600	3
1601	3
1602	6
1603	6
1604	6
1605	6
1606	6
1607	6
1608	6
1609	6
1610	6
1611	6
1612	6
1613	6
1614	6
1615	6
1616	6
1617	6
1618	7
1619	7
1620	7
1621	7
1622	7
1623	7
1624	7
1625	7
1626	7
1627	7
1628	7
1629	5
1630	5
1631	8
1632	5
1633	8
1634	8
1635	8
1636	5
1637	8
1638	8
1639	5
1640	8
1641	8
1642	8
1643	8
1644	7
1645	7
1646	7
1647	7
1648	7
1649	8
1650	5
1651	5
1652	5
1653	5
1654	5
1655	8
1656	8
1658	8
1659	5
1660	8
1661	8
1662	5
1663	8
1664	8
1665	8
1666	5
1667	5
1668	5
1669	5
1670	8
1671	8
1672	8
1673	7
1674	8
1675	8
1676	8
1677	7
1678	13
1679	13
1680	13
1681	13
1682	13
1683	13
1684	13
1685	4
1686	4
1687	4
1688	4
1689	4
1690	4
1691	4
1692	4
1693	4
1694	4
1695	4
1696	4
1697	4
1698	4
1699	4
1700	4
1701	5
1702	5
1703	8
1704	8
1705	5
1706	5
1707	5
1708	5
1709	5
1710	5
1711	5
1712	5
1713	7
1714	7
1715	7
1716	7
1717	7
1718	7
1719	7
1720	7
1721	7
1722	7
1723	7
1724	7
1725	5
1726	5
1727	5
1728	7
1729	5
1730	5
1731	5
1732	5
1733	5
1734	5
1735	5
1736	5
1737	5
1738	5
1739	5
1740	5
1741	5
1742	4
1743	4
1744	4
1745	4
1746	4
1747	4
1748	4
1749	8
1750	4
1751	4
1752	4
1753	4
1754	4
1755	4
1756	4
1757	7
1758	7
1759	7
1760	7
1761	4
1762	4
1763	4
1764	8
1765	4
1766	4
1767	8
1768	4
1769	4
1770	4
1771	4
1772	4
1773	4
1774	7
1775	7
1776	7
1777	7
1778	7
1779	7
1780	7
1781	7
1782	7
1783	7
1784	7
1785	7
1786	7
1787	8
1788	4
1789	4
1790	4
1791	8
1792	4
1793	4
1794	4
1795	7
1796	7
1797	7
1798	7
1799	4
1800	4
1801	4
1802	4
1803	4
1804	4
1805	4
1806	4
1807	4
1808	4
1809	8
1810	8
1811	8
1812	8
1813	6
1814	8
1815	6
1816	8
1817	8
1818	8
1819	8
1820	8
1821	6
1822	8
1823	6
1824	6
1825	8
1826	8
1827	8
1828	8
1829	8
1830	7
1831	7
1832	7
1833	7
1834	7
1835	6
1836	6
1837	7
1838	8
1839	6
1840	12
1841	12
1842	12
1843	12
1844	12
1845	8
1846	6
1847	8
1848	6
1849	8
1850	6
1851	6
1852	6
1853	6
1854	8
1855	6
1856	8
1857	7
1858	7
1859	7
1860	7
1861	7
1862	7
1863	6
1864	8
1865	6
1866	6
1867	6
1868	8
1869	6
1870	8
1871	8
1872	11
1873	11
1874	13
1875	11
1876	11
1877	11
1878	11
1879	11
1880	13
1881	11
1882	11
1883	13
1884	13
1885	13
1886	13
1887	11
1888	11
1889	13
1890	11
1891	13
1892	11
1893	11
1894	11
1895	3
1896	3
1897	3
1898	2
1899	2
1900	2
1901	2
1902	2
1903	2
1904	3
1905	3
1906	3
1907	3
1908	3
1909	3
1910	3
1911	3
1912	3
1913	3
1914	3
1915	3
1916	2
1917	2
1918	2
1919	2
1920	2
1921	2
1922	2
1923	2
1924	3
1925	3
1926	3
1927	3
1928	3
1929	3
1930	3
1931	3
1932	3
1933	3
1934	3
1935	3
1936	3
1937	3
1938	3
1939	3
1940	3
1941	3
1942	3
1943	3
1944	3
1945	3
1946	3
1947	3
1948	3
1949	3
1950	3
1951	3
1952	3
1953	3
1954	3
1955	3
1956	3
1957	3
1958	3
1959	3
1960	3
1961	3
1962	3
1963	3
1964	3
1965	3
1966	3
1967	3
1968	3
1969	3
1970	3
1971	3
1972	3
1973	3
1974	3
1975	3
1976	11
1977	11
1978	11
1979	11
1980	11
1981	11
1982	11
1983	11
1984	11
1985	11
1986	11
1987	11
1988	11
1989	11
1990	11
1991	11
1992	11
1993	11
1994	11
1995	11
1996	11
1997	11
1998	11
1999	11
2000	11
2001	11
2002	11
2003	11
2004	11
2005	11
2006	11
2007	11
2008	11
2009	11
2010	11
2011	11
2012	11
2013	11
2014	11
2015	11
2016	11
2017	13
2018	13
2019	13
2020	13
2021	13
2022	13
2023	13
2024	11
2025	13
2026	13
2027	13
2028	13
2029	13
2030	11
2031	11
2032	11
2033	11
2034	11
2035	11
2036	11
2037	11
2038	7
2039	7
2040	7
2041	7
2042	7
2043	13
2044	13
2045	13
2046	11
2047	11
2048	7
2049	7
2050	13
2051	11
2052	11
2053	11
2054	11
2055	11
2056	11
2057	11
2058	6
2059	6
2060	6
2061	6
2062	6
2063	6
2064	6
2065	6
2066	6
2067	6
2068	13
2069	13
2070	13
2071	13
2072	13
2073	7
2074	13
2075	13
2076	13
2077	7
2078	7
2079	13
2080	7
2081	13
2082	13
2083	13
2084	13
2085	13
2086	13
2087	13
2088	13
2089	9
2090	9
2091	9
2092	9
2093	9
2094	9
2095	9
2096	3
2097	3
2098	3
2099	3
2100	3
2101	3
2102	3
2103	3
2104	4
2105	4
2106	4
2107	3
2108	3
2109	3
2110	4
2111	4
2112	3
2113	10
2114	10
2115	10
2116	10
2117	10
2118	10
2119	10
2120	10
2121	10
2122	10
2123	10
2124	13
2125	10
2126	10
2127	10
2128	10
2129	10
2130	10
2131	10
2132	10
2133	10
2134	10
2135	10
2136	10
2137	10
2138	10
2139	10
2140	10
2141	10
2142	10
2143	10
2144	10
2145	10
2146	10
2147	10
2148	10
2149	10
2150	10
2151	8
2152	8
2153	8
2154	10
2155	10
2156	10
2157	10
2158	8
2159	10
2160	8
2161	8
2162	8
2163	8
2164	8
2165	8
2166	10
2167	10
2168	10
2169	10
2170	10
2171	10
2172	10
2173	10
2174	10
2175	10
2176	10
2177	10
2178	10
2179	10
2180	8
2181	8
2182	10
2183	10
2184	10
2185	10
2186	10
2187	10
2188	10
2189	10
2190	10
2191	10
2192	10
2193	8
2194	10
2195	10
2196	10
2197	10
2198	10
2199	10
2200	10
2201	10
2202	10
2203	10
2204	10
2205	10
2206	10
2207	10
2208	10
2209	8
2210	8
2211	10
2212	10
2213	10
2214	10
2215	10
2216	10
2217	10
2218	10
2219	10
2220	10
2221	10
2222	10
2223	10
2224	10
2225	10
2226	10
2227	10
2228	10
2229	10
2230	8
2231	8
2232	8
2233	10
2234	10
2235	10
2236	10
2237	10
2238	10
2239	8
2240	10
2241	10
2242	10
2243	10
2244	10
2245	10
2246	8
2247	8
2248	8
2249	10
2250	10
2251	10
2252	10
2253	10
2254	10
2255	10
2256	8
2257	10
2258	10
2259	10
2260	10
2261	8
2262	8
2263	8
2264	8
2265	8
2266	10
2267	10
2268	10
2269	10
2270	10
2271	10
2272	10
2273	10
2274	10
2275	8
2276	8
2277	10
2278	10
2279	10
2280	10
2281	10
2282	10
2283	10
2284	13
2285	13
2286	10
2287	10
2288	10
2289	10
2290	10
2291	10
2292	10
2293	10
2294	10
2295	10
2296	10
2297	10
2298	10
2299	10
2300	10
2301	8
2302	10
2303	10
2304	10
2305	8
2306	8
2307	8
2308	10
2309	13
2310	13
2311	13
2312	2
2313	2
2314	2
2315	2
2316	2
2317	2
2318	2
2319	2
2320	2
2321	2
2322	2
2323	2
2324	2
2325	2
2326	2
2327	2
2328	2
2329	2
2330	3
2331	3
2332	3
2333	3
2334	3
2335	3
2336	3
2337	3
2338	3
2339	3
2340	3
2341	3
2342	3
2343	3
2344	3
2345	3
2346	9
2347	9
2348	9
2349	9
2350	9
2351	9
2352	9
2353	9
2354	9
2355	9
2356	9
2357	9
2358	9
2359	9
2360	9
2361	9
2362	9
2363	9
2364	9
2365	9
2366	6
2367	10
2368	6
2369	10
2370	6
2371	10
2372	6
2373	6
2374	6
2375	10
2376	6
2377	6
2378	6
2379	10
2380	10
2381	6
2382	6
2383	6
2384	6
2385	6
2386	6
2387	6
2388	6
2389	6
2390	6
2391	6
2392	6
2393	6
2394	6
2395	6
2396	6
2397	6
2398	6
2399	6
2400	6
2401	10
2402	10
2403	6
2404	10
2405	10
2406	6
2407	10
2408	6
2409	6
2410	6
2411	6
2412	10
2413	10
2414	6
2415	12
2416	1
2417	12
2418	12
2419	1
2420	1
2421	12
2422	1
2423	12
2424	12
2425	12
2426	12
2427	1
2428	1
2429	1
2430	1
2431	1
2432	1
2433	12
2434	1
2435	12
2436	12
2437	1
2438	1
2439	1
2440	1
2441	12
2442	1
2443	12
2444	12
2445	12
2446	12
2447	12
2448	12
2449	12
2450	12
2451	12
2452	12
2453	12
2454	12
2455	12
2456	12
2457	12
2458	12
2459	12
2460	12
2461	12
2462	12
2463	12
2464	12
2465	12
2466	12
2467	12
2468	12
2469	12
2470	12
2471	12
2472	12
2473	12
2474	12
2475	12
2476	12
2477	12
2478	12
2479	12
2480	12
2481	12
2482	12
2483	12
2484	12
2485	12
2486	12
2487	12
2488	12
2489	12
2490	12
2491	12
2492	12
2493	12
2494	12
2495	12
2496	1
2497	1
2498	1
2499	1
2500	12
2501	12
2502	1
2503	1
2504	1
2505	1
2506	1
2507	1
2508	1
2509	1
2510	1
2511	1
2512	1
2513	1
2514	1
2515	12
2516	12
2517	12
2518	12
2519	12
2520	12
2521	12
2522	12
2523	1
2524	1
2525	1
2526	12
2527	12
2528	1
2529	1
2530	1
2531	1
2532	1
2533	1
2534	1
2535	1
2536	1
2537	1
2538	1
2539	1
2540	1
2541	1
2542	1
2543	1
2544	1
2545	1
2546	1
2547	1
2548	1
2549	1
2550	12
2551	1
2552	1
2553	1
2554	12
2555	12
2556	12
2557	12
2558	1
2559	1
2560	1
2561	1
2562	1
2563	1
2564	1
2565	1
2566	1
2567	1
2568	1
2569	1
2570	1
2571	1
2572	1
2573	1
2574	1
2575	12
2576	12
2577	12
2578	12
2579	12
2580	12
2581	1
2582	12
2583	12
2584	12
2585	12
2586	12
2587	1
2588	1
2589	1
2590	1
2591	1
2592	1
2593	1
2594	12
2595	12
2596	12
2597	1
2598	1
2599	12
2600	12
2601	12
2602	12
2603	12
2604	1
2605	1
2606	13
2607	13
2608	13
2609	13
2610	13
2611	13
2612	13
2613	13
2614	13
2615	13
2616	13
2617	13
2618	13
2619	13
2620	13
2621	13
2622	13
2623	13
2624	13
2625	13
2626	13
2627	13
2628	13
2629	13
2630	13
2631	13
2632	13
2633	13
2634	13
2635	13
2636	13
2637	13
2638	13
2639	13
2640	6
2641	6
2642	6
2643	6
2644	6
2645	12
2646	12
2647	12
2648	6
2649	6
2650	6
2651	6
2652	6
2653	6
2654	12
2655	6
2656	6
2657	6
2658	6
2659	6
2660	6
2661	6
2662	6
2663	6
2664	12
2665	6
2666	6
2667	12
2668	12
2669	12
2670	12
2671	12
2672	6
2673	12
2674	6
2675	6
2676	12
2677	12
2678	6
2679	12
2680	12
2681	12
2682	12
2683	6
2684	6
2685	12
2686	6
2687	6
2688	3
2689	3
2690	3
2691	3
315	9
1657	8
