0	9
1	9
2	9
3	9
4	9
5	9
6	9
7	4
8	4
9	4
10	4
11	5
12	4
13	4
14	5
15	5
16	5
17	5
18	5
19	4
20	4
21	2
22	2
23	2
24	2
25	2
26	2
27	2
28	2
29	11
30	11
31	11
32	11
33	11
34	11
35	11
36	11
37	11
38	11
39	11
40	11
41	11
42	11
43	11
44	11
45	11
46	11
47	11
48	11
49	11
50	11
51	11
52	11
53	1
54	1
55	1
56	1
57	1
58	11
59	11
60	11
61	11
62	11
63	11
64	11
65	1
66	1
67	1
68	1
69	1
70	1
71	2
72	2
73	2
74	2
75	11
76	11
77	11
78	11
79	11
80	11
81	11
82	11
83	10
84	10
85	10
86	10
87	10
88	10
89	10
90	10
91	10
92	10
93	10
94	10
95	10
96	5
97	5
98	5
99	5
100	5
101	4
102	4
103	5
104	4
105	4
106	5
107	4
108	5
109	5
110	5
111	5
112	5
113	5
114	4
115	4
116	5
117	5
118	5
119	5
120	4
121	5
122	5
123	4
124	5
125	5
126	5
127	5
128	5
129	6
130	6
131	6
132	6
133	6
134	6
135	6
136	6
137	6
138	6
139	6
140	6
141	6
142	6
143	6
144	6
145	6
146	6
147	6
148	6
149	6
150	6
151	6
152	6
153	6
154	6
155	6
156	6
157	6
158	6
159	6
160	6
161	6
162	6
163	6
164	6
165	6
166	13
167	13
168	13
169	13
170	13
171	13
172	13
173	13
174	13
175	13
176	13
177	13
178	13
179	13
180	13
181	13
182	13
183	9
184	9
185	9
186	9
187	9
188	9
189	9
190	9
191	9
192	9
193	9
194	9
195	9
196	9
197	9
198	9
199	9
200	9
201	9
202	9
203	9
204	9
205	9
206	9
207	9
208	2
209	2
210	2
211	2
212	2
213	2
214	2
215	2
216	2
217	2
218	2
219	2
220	2
221	2
222	2
223	2
224	2
225	2
226	2
227	2
228	2
229	2
230	2
231	2
232	2
233	2
234	2
235	2
236	2
237	2
238	2
239	2
240	2
241	2
242	2
243	2
244	2
245	2
246	2
247	2
248	9
249	9
250	9
251	9
252	9
253	9
254	9
255	9
256	9
257	9
258	9
259	9
260	9
261	2
262	2
263	2
264	2
265	2
266	2
267	2
268	7
269	7
270	7
271	2
272	2
273	2
274	2
275	2
276	2
277	2
278	7
279	7
280	7
281	7
282	7
283	7
284	7
285	7
286	7
287	7
288	7
289	7
290	7
291	7
292	7
293	7
294	7
295	7
296	7
297	7
298	7
299	7
300	7
301	7
302	9
303	9
304	9
305	9
306	1
307	1
308	1
309	1
310	1
311	1
312	1
313	1
314	1
316	11
317	11
318	11
319	11
320	11
321	11
322	11
323	11
324	11
325	11
326	11
327	11
328	11
329	11
330	11
331	1
332	1
333	1
334	1
335	1
336	1
337	11
338	11
339	11
340	1
341	1
342	1
343	1
344	1
345	8
346	1
347	1
348	1
349	1
350	1
351	1
352	1
353	1
354	1
355	1
356	6
357	6
358	6
359	6
360	6
361	6
362	6
363	6
364	6
365	6
366	6
367	6
368	6
369	1
370	1
371	1
372	1
373	1
374	1
375	1
376	1
377	1
378	1
379	1
380	1
381	1
382	1
383	1
384	1
385	1
386	1
387	1
388	1
389	11
390	11
391	11
392	11
393	11
394	1
395	1
396	1
397	1
398	11
399	11
400	11
401	11
402	11
403	2
404	2
405	2
406	8
407	8
408	8
409	4
410	4
411	4
412	4
413	4
414	4
415	4
416	4
417	4
418	4
419	4
420	4
421	4
422	4
423	4
424	4
425	13
426	13
427	13
428	13
429	13
430	13
431	13
432	13
433	4
434	4
435	4
436	4
437	4
438	4
439	4
440	4
441	4
442	4
443	4
444	4
445	4
446	13
447	13
448	13
449	13
450	13
451	4
452	4
453	4
454	13
455	13
456	13
457	4
458	4
459	4
460	4
461	4
462	4
463	13
464	13
465	13
466	13
467	13
468	13
469	13
470	13
471	13
472	13
473	4
474	4
475	7
476	7
477	7
478	7
479	7
480	7
481	7
482	7
483	7
484	8
485	8
486	7
487	7
488	7
489	7
490	7
491	7
492	7
493	7
494	7
495	7
496	7
497	7
498	2
499	7
500	7
501	7
502	2
503	7
504	7
505	7
506	8
507	8
508	8
509	8
510	8
511	2
512	8
513	8
514	8
515	2
516	8
517	8
518	8
519	8
520	2
521	8
522	10
523	10
524	10
525	10
526	9
527	9
528	10
529	10
530	10
531	10
532	10
533	10
534	10
535	10
536	10
537	10
538	9
539	9
540	9
541	9
542	9
543	9
544	9
545	9
546	9
547	9
548	9
549	9
550	9
551	9
552	9
553	9
554	9
555	9
556	9
557	9
558	9
559	2
560	2
561	2
562	2
563	2
564	2
565	9
566	9
567	9
568	9
569	9
570	10
571	10
572	10
573	10
574	10
575	10
576	10
577	10
578	10
579	10
580	10
581	9
582	9
583	9
584	9
585	9
586	9
587	2
588	2
589	2
590	2
591	2
592	2
593	2
594	2
595	2
596	2
597	2
598	2
599	2
600	2
601	2
602	2
603	9
604	9
605	9
606	9
607	9
608	9
609	9
610	9
611	9
612	9
613	9
614	9
615	9
616	9
617	2
618	2
619	2
620	2
621	2
622	2
623	2
624	2
625	2
626	2
627	2
628	2
629	2
630	2
631	2
632	2
633	2
634	2
635	2
636	2
637	2
638	2
639	9
640	9
641	9
642	9
643	9
644	9
645	9
646	9
647	9
648	9
649	9
650	9
651	9
652	9
653	9
654	9
655	9
656	9
657	13
658	13
659	13
660	13
661	4
662	4
663	4
664	4
665	4
666	4
667	4
668	4
669	4
670	2
671	2
672	7
673	7
674	7
675	2
676	7
677	7
678	7
679	7
680	4
681	4
682	4
683	4
684	4
685	4
686	4
687	4
688	4
689	4
690	4
691	4
692	4
693	4
694	4
695	4
696	4
697	2
698	7
699	7
700	2
701	2
702	7
703	2
704	7
705	7
706	7
707	2
708	2
709	7
710	2
711	2
712	2
713	2
714	4
715	4
716	2
717	2
718	2
719	2
720	7
721	2
722	2
723	2
724	2
725	2
726	2
727	2
728	2
729	2
730	2
731	2
732	11
733	11
734	11
735	11
736	11
737	13
738	13
739	13
740	13
741	13
742	13
743	13
744	13
745	11
746	11
747	11
748	11
749	11
750	11
751	11
752	11
753	11
754	11
755	11
756	11
757	11
758	11
759	11
760	11
761	11
762	11
763	11
764	11
765	11
766	13
767	13
768	13
769	13
770	11
771	11
772	13
773	13
774	13
775	13
776	13
777	13
778	13
779	13
780	13
781	13
782	13
783	13
784	13
785	2
786	13
787	13
788	13
789	13
790	13
791	2
792	2
793	2
794	2
795	2
796	2
797	2
798	2
799	2
800	2
801	13
802	13
803	13
804	13
805	2
806	2
807	2
808	13
809	13
810	13
811	12
812	12
813	1
814	12
815	12
816	1
817	12
818	12
819	12
820	12
821	12
822	1
823	12
824	1
825	1
826	1
827	12
828	12
829	12
830	12
831	1
832	1
833	1
834	12
835	12
836	12
837	12
838	1
839	1
840	12
841	1
842	12
843	12
844	12
845	1
846	12
847	12
848	12
849	12
850	12
851	12
852	12
853	12
854	12
855	1
856	12
857	12
858	9
859	9
860	9
861	9
862	9
863	9
864	9
865	9
866	9
867	9
868	9
869	9
870	9
871	12
872	12
873	1
874	1
875	12
876	12
877	1
878	1
879	1
880	12
881	12
882	12
883	12
884	1
885	12
886	1
887	12
888	12
889	1
890	12
891	12
892	12
893	12
894	12
895	12
896	12
897	1
898	12
899	12
900	12
901	12
902	12
903	12
904	12
905	12
906	1
907	12
908	12
909	1
910	12
911	12
912	12
913	12
914	12
915	12
916	1
917	12
918	1
919	1
920	12
921	12
922	12
923	12
924	12
925	12
926	1
927	12
928	12
929	1
930	12
931	12
932	12
933	12
934	12
935	12
936	12
937	1
938	1
939	12
940	12
941	1
942	12
943	12
944	12
945	12
946	1
947	12
948	12
949	12
950	12
951	12
952	12
953	1
954	12
955	12
956	12
957	12
958	12
959	1
960	12
961	12
962	12
963	12
964	12
965	12
966	12
967	1
968	12
969	12
970	1
971	1
972	12
973	12
974	12
975	12
976	12
977	12
978	12
979	12
980	12
981	12
982	11
983	5
984	5
985	7
986	7
987	7
988	7
989	7
990	7
991	7
992	7
993	7
994	7
995	7
996	7
997	7
998	7
999	7
1000	13
1001	7
1002	7
1003	7
1004	7
1005	7
1006	7
1007	5
1008	5
1009	7
1010	5
1011	5
1012	5
1013	5
1014	11
1015	11
1016	11
1017	5
1018	5
1019	5
1020	5
1021	5
1022	5
1023	5
1024	11
1025	11
1026	11
1027	5
1028	11
1029	5
1030	11
1031	5
1032	11
1033	5
1034	5
1035	5
1036	5
1037	5
1038	11
1039	5
1040	11
1041	5
1042	5
1043	11
1044	11
1045	11
1046	11
1047	5
1048	5
1049	5
1050	5
1051	5
1052	5
1053	11
1054	5
1055	5
1056	5
1057	5
1058	5
1059	11
1060	5
1061	5
1062	5
1063	5
1064	11
1065	5
1066	5
1067	5
1068	5
1069	11
1070	5
1071	11
1072	11
1073	11
1074	11
1075	11
1076	11
1077	11
1078	11
1079	11
1080	11
1081	11
1082	11
1083	11
1084	11
1085	11
1086	11
1087	7
1088	7
1089	7
1090	7
1091	7
1092	7
1093	7
1094	2
1095	2
1096	2
1097	2
1098	2
1099	2
1100	2
1101	2
1102	2
1103	2
1104	2
1105	2
1106	2
1107	12
1108	12
1109	12
1110	12
1111	12
1112	12
1113	12
1114	1
1115	12
1116	1
1117	12
1118	1
1119	12
1120	1
1121	12
1122	1
1123	12
1124	1
1125	1
1126	12
1127	12
1128	12
1129	12
1130	1
1131	1
1132	1
1133	1
1134	12
1135	12
1136	1
1137	1
1138	12
1139	1
1140	12
1141	12
1142	12
1143	12
1144	12
1145	12
1146	1
1147	1
1148	12
1149	12
1150	12
1151	12
1152	12
1153	1
1154	1
1155	1
1156	1
1157	1
1158	1
1159	1
1160	1
1161	1
1162	8
1163	8
1164	1
1165	8
1166	1
1167	1
1168	1
1169	11
1170	5
1171	5
1172	5
1173	5
1174	5
1175	5
1176	11
1177	5
1178	5
1179	5
1180	5
1181	5
1182	5
1183	5
1184	5
1185	5
1186	5
1187	11
1188	11
1189	11
1190	5
1191	5
1192	5
1193	11
1194	5
1195	11
1196	5
1197	5
1198	5
1199	5
1200	12
1201	12
1202	12
1203	12
1204	12
1205	12
1206	12
1207	12
1208	12
1209	12
1210	12
1211	12
1212	12
1213	12
1214	12
1215	12
1216	12
1217	12
1218	12
1219	12
1220	12
1221	12
1222	12
1223	12
1224	12
1225	12
1226	12
1227	12
1228	12
1229	12
1230	12
1231	12
1232	12
1233	12
1234	12
1235	12
1236	12
1237	12
1238	12
1239	12
1240	7
1241	7
1242	7
1243	2
1244	7
1245	7
1246	7
1247	7
1248	2
1249	2
1250	2
1251	2
1252	2
1253	11
1254	11
1255	11
1256	11
1257	11
1258	2
1259	2
1260	2
1261	2
1262	7
1263	7
1264	11
1265	11
1266	11
1267	11
1268	11
1269	11
1270	11
1271	11
1272	11
1273	11
1274	11
1275	11
1276	11
1277	11
1278	8
1279	8
1280	8
1281	2
1282	7
1283	7
1284	11
1285	11
1286	11
1287	11
1288	8
1289	8
1290	8
1291	8
1292	8
1293	8
1294	8
1295	8
1296	8
1297	8
1298	8
1299	8
1300	8
1301	8
1302	8
1303	11
1304	11
1305	11
1306	11
1307	11
1308	11
1309	11
1310	11
1311	11
1312	11
1313	11
1314	1
1315	1
1316	1
1317	1
1318	1
1319	1
1320	1
1321	1
1322	1
1323	12
1324	1
1325	1
1326	1
1327	12
1328	1
1329	1
1330	1
1331	12
1332	12
1333	1
1334	1
1335	1
1336	1
1337	12
1338	1
1339	1
1340	1
1341	1
1342	1
1343	1
1344	12
1345	1
1346	11
1347	11
1348	11
1349	9
1350	11
1351	11
1352	9
1353	11
1354	11
1355	11
1356	11
1357	11
1358	9
1359	9
1360	11
1361	11
1362	11
1363	12
1364	12
1365	12
1366	12
1367	12
1368	12
1369	12
1370	12
1371	12
1372	12
1373	12
1374	12
1375	12
1376	12
1377	12
1378	12
1379	12
1380	12
1381	1
1382	1
1383	1
1384	1
1385	1
1386	1
1387	1
1388	1
1389	1
1390	1
1391	1
1392	1
1393	1
1394	1
1395	1
1396	1
1397	11
1398	11
1399	11
1400	11
1401	11
1402	11
1403	11
1404	11
1405	11
1406	11
1407	11
1408	11
1409	11
1410	11
1411	11
1412	11
1413	11
1414	11
1415	11
1416	11
1417	11
1418	11
1419	11
1420	11
1421	11
1422	11
1423	11
1424	11
1425	11
1426	11
1427	11
1428	10
1429	10
1430	10
1431	10
1432	10
1433	10
1434	10
1435	10
1436	10
1437	10
1438	10
1439	10
1440	10
1441	5
1442	5
1443	5
1444	5
1445	5
1446	5
1447	5
1448	5
1449	5
1450	5
1451	5
1452	5
1453	5
1454	5
1455	10
1456	10
1457	10
1458	10
1459	10
1460	10
1461	10
1462	10
1463	10
1464	10
1465	2
1466	2
1467	2
1468	2
1469	6
1470	2
1471	2
1472	2
1473	6
1474	2
1475	2
1476	2
1477	2
1478	2
1479	2
1480	2
1481	2
1482	2
1483	2
1484	2
1485	2
1486	2
1487	6
1488	2
1489	11
1490	11
1491	11
1492	11
1493	11
1494	11
1495	11
1496	11
1497	11
1498	11
1499	11
1500	11
1501	9
1502	9
1503	9
1504	9
1505	9
1506	9
1507	9
1508	9
1509	9
1510	9
1511	9
1512	9
1513	9
1514	9
1515	9
1516	9
1517	9
1518	9
1519	9
1520	9
1521	9
1522	9
1523	9
1524	9
1525	9
1526	9
1527	9
1528	9
1529	13
1530	13
1531	13
1532	13
1533	13
1534	13
1535	13
1536	13
1537	13
1538	13
1539	13
1540	13
1541	13
1542	13
1543	13
1544	13
1545	13
1546	13
1547	13
1548	13
1549	13
1550	13
1551	13
1552	10
1553	10
1554	10
1555	10
1556	10
1557	10
1558	10
1559	10
1560	10
1561	10
1562	10
1563	10
1564	10
1565	10
1566	10
1567	10
1568	10
1569	10
1570	10
1571	10
1572	10
1573	10
1574	10
1575	10
1576	11
1577	11
1578	11
1579	11
1580	11
1581	11
1582	11
1583	11
1584	11
1585	11
1586	11
1587	11
1588	11
1589	11
1590	11
1591	11
1592	11
1593	11
1594	11
1595	11
1596	11
1597	11
1598	11
1599	11
1600	11
1601	11
1602	10
1603	10
1604	10
1605	10
1606	10
1607	10
1608	10
1609	10
1610	10
1611	10
1612	10
1613	10
1614	10
1615	10
1616	10
1617	10
1618	2
1619	2
1620	2
1621	2
1622	2
1623	2
1624	2
1625	2
1626	2
1627	2
1628	2
1629	5
1630	5
1631	5
1632	5
1633	5
1634	5
1635	5
1636	5
1637	5
1638	5
1639	5
1640	5
1641	5
1642	5
1643	5
1644	2
1645	2
1646	2
1647	2
1648	2
1649	5
1650	5
1651	5
1652	5
1653	5
1654	5
1655	5
1656	5
1658	5
1659	5
1660	5
1661	5
1662	5
1663	5
1664	5
1665	5
1666	5
1667	5
1668	5
1669	5
1670	5
1671	5
1672	5
1673	2
1674	5
1675	5
1676	5
1677	2
1678	7
1679	7
1680	7
1681	7
1682	7
1683	7
1684	7
1685	5
1686	5
1687	5
1688	5
1689	5
1690	5
1691	5
1692	5
1693	5
1694	5
1695	5
1696	5
1697	5
1698	5
1699	5
1700	5
1701	4
1702	4
1703	3
1704	3
1705	5
1706	5
1707	5
1708	5
1709	4
1710	5
1711	5
1712	5
1713	2
1714	2
1715	2
1716	2
1717	2
1718	2
1719	2
1720	2
1721	2
1722	2
1723	2
1724	2
1725	5
1726	5
1727	5
1728	2
1729	5
1730	5
1731	5
1732	5
1733	5
1734	5
1735	5
1736	4
1737	4
1738	4
1739	4
1740	4
1741	5
1742	4
1743	4
1744	4
1745	4
1746	4
1747	4
1748	4
1749	4
1750	4
1751	4
1752	4
1753	4
1754	4
1755	4
1756	4
1757	2
1758	2
1759	2
1760	2
1761	4
1762	4
1763	4
1764	3
1765	4
1766	4
1767	3
1768	4
1769	4
1770	4
1771	4
1772	4
1773	4
1774	2
1775	2
1776	2
1777	2
1778	2
1779	2
1780	2
1781	2
1782	2
1783	2
1784	2
1785	2
1786	2
1787	4
1788	4
1789	4
1790	4
1791	4
1792	4
1793	4
1794	4
1795	2
1796	2
1797	2
1798	2
1799	4
1800	4
1801	4
1802	4
1803	4
1804	3
1805	4
1806	4
1807	4
1808	4
1809	4
1810	4
1811	4
1812	4
1813	4
1814	4
1815	4
1816	4
1817	4
1818	4
1819	4
1820	4
1821	4
1822	4
1823	4
1824	4
1825	4
1826	4
1827	4
1828	4
1829	4
1830	2
1831	2
1832	2
1833	2
1834	2
1835	4
1836	4
1837	2
1838	4
1839	4
1840	12
1841	12
1842	12
1843	12
1844	12
1845	4
1846	4
1847	4
1848	4
1849	4
1850	4
1851	4
1852	4
1853	4
1854	4
1855	4
1856	4
1857	2
1858	2
1859	2
1860	2
1861	2
1862	2
1863	4
1864	4
1865	4
1866	4
1867	4
1868	4
1869	4
1870	4
1871	4
1872	13
1873	13
1874	7
1875	13
1876	13
1877	13
1878	13
1879	13
1880	7
1881	13
1882	13
1883	7
1884	7
1885	7
1886	13
1887	13
1888	13
1889	7
1890	13
1891	13
1892	7
1893	13
1894	13
1895	9
1896	9
1897	9
1898	1
1899	1
1900	1
1901	1
1902	1
1903	1
1904	11
1905	9
1906	9
1907	9
1908	9
1909	9
1910	9
1911	9
1912	9
1913	9
1914	9
1915	11
1916	1
1917	1
1918	1
1919	1
1920	1
1921	1
1922	1
1923	1
1924	9
1925	9
1926	9
1927	9
1928	9
1929	9
1930	9
1931	11
1932	9
1933	9
1934	9
1935	9
1936	11
1937	9
1938	9
1939	11
1940	9
1941	9
1942	9
1943	9
1944	9
1945	9
1946	9
1947	9
1948	9
1949	9
1950	11
1951	9
1952	9
1953	9
1954	9
1955	11
1956	9
1957	9
1958	9
1959	9
1960	9
1961	9
1962	9
1963	9
1964	9
1965	9
1966	9
1967	9
1968	11
1969	9
1970	9
1971	9
1972	9
1973	9
1974	9
1975	9
1976	13
1977	13
1978	13
1979	13
1980	13
1981	13
1982	13
1983	13
1984	13
1985	13
1986	13
1987	13
1988	13
1989	13
1990	13
1991	13
1992	13
1993	13
1994	13
1995	13
1996	13
1997	13
1998	13
1999	13
2000	13
2001	13
2002	13
2003	13
2004	13
2005	13
2006	13
2007	13
2008	13
2009	13
2010	13
2011	13
2012	13
2013	13
2014	13
2015	13
2016	13
2017	7
2018	7
2019	7
2020	7
2021	7
2022	7
2023	7
2024	13
2025	7
2026	7
2027	7
2028	7
2029	7
2030	13
2031	13
2032	13
2033	13
2034	13
2035	13
2036	13
2037	13
2038	2
2039	2
2040	2
2041	2
2042	2
2043	7
2044	7
2045	7
2046	13
2047	13
2048	2
2049	2
2050	7
2051	13
2052	13
2053	13
2054	13
2055	13
2056	13
2057	13
2058	10
2059	10
2060	10
2061	10
2062	10
2063	10
2064	10
2065	10
2066	10
2067	10
2068	7
2069	7
2070	7
2071	7
2072	7
2073	2
2074	7
2075	7
2076	7
2077	2
2078	2
2079	7
2080	2
2081	7
2082	7
2083	7
2084	7
2085	7
2086	7
2087	7
2088	7
2089	11
2090	11
2091	11
2092	11
2093	11
2094	11
2095	11
2096	9
2097	9
2098	9
2099	9
2100	9
2101	9
2102	9
2103	9
2104	9
2105	9
2106	9
2107	9
2108	9
2109	9
2110	9
2111	9
2112	9
2113	3
2114	3
2115	3
2116	3
2117	3
2118	10
2119	3
2120	10
2121	3
2122	10
2123	3
2124	7
2125	3
2126	3
2127	3
2128	3
2129	3
2130	10
2131	3
2132	3
2133	10
2134	3
2135	3
2136	3
2137	10
2138	10
2139	10
2140	10
2141	3
2142	3
2143	3
2144	3
2145	10
2146	10
2147	3
2148	10
2149	10
2150	3
2151	3
2152	3
2153	3
2154	3
2155	3
2156	3
2157	3
2158	3
2159	10
2160	3
2161	3
2162	3
2163	3
2164	3
2165	3
2166	3
2167	10
2168	10
2169	3
2170	3
2171	3
2172	3
2173	3
2174	3
2175	3
2176	10
2177	10
2178	3
2179	3
2180	3
2181	3
2182	3
2183	3
2184	3
2185	3
2186	3
2187	3
2188	3
2189	10
2190	3
2191	10
2192	10
2193	3
2194	3
2195	3
2196	10
2197	3
2198	3
2199	10
2200	3
2201	3
2202	3
2203	3
2204	3
2205	3
2206	3
2207	3
2208	10
2209	3
2210	3
2211	3
2212	3
2213	10
2214	10
2215	3
2216	3
2217	10
2218	3
2219	3
2220	3
2221	10
2222	10
2223	10
2224	3
2225	3
2226	3
2227	3
2228	3
2229	3
2230	3
2231	3
2232	3
2233	10
2234	10
2235	3
2236	10
2237	10
2238	3
2239	3
2240	3
2241	10
2242	3
2243	3
2244	3
2245	3
2246	3
2247	3
2248	3
2249	3
2250	3
2251	3
2252	3
2253	3
2254	3
2255	3
2256	3
2257	3
2258	10
2259	3
2260	3
2261	3
2262	3
2263	3
2264	3
2265	3
2266	3
2267	3
2268	3
2269	3
2270	3
2271	3
2272	3
2273	3
2274	3
2275	3
2276	3
2277	10
2278	3
2279	3
2280	3
2281	3
2282	10
2283	10
2284	7
2285	7
2286	3
2287	3
2288	3
2289	3
2290	3
2291	3
2292	3
2293	3
2294	10
2295	3
2296	3
2297	10
2298	3
2299	3
2300	3
2301	3
2302	10
2303	10
2304	10
2305	3
2306	3
2307	3
2308	3
2309	2
2310	2
2311	2
2312	1
2313	5
2314	1
2315	5
2316	5
2317	1
2318	5
2319	5
2320	5
2321	5
2322	5
2323	5
2324	5
2325	1
2326	5
2327	5
2328	5
2329	5
2330	9
2331	9
2332	9
2333	9
2334	9
2335	9
2336	9
2337	9
2338	9
2339	9
2340	9
2341	9
2342	9
2343	9
2344	9
2345	9
2346	11
2347	11
2348	11
2349	11
2350	11
2351	11
2352	11
2353	11
2354	11
2355	11
2356	11
2357	11
2358	11
2359	11
2360	11
2361	11
2362	11
2363	11
2364	11
2365	5
2366	10
2367	10
2368	10
2369	10
2370	10
2371	10
2372	10
2373	10
2374	10
2375	10
2376	10
2377	10
2378	10
2379	10
2380	10
2381	10
2382	10
2383	10
2384	10
2385	10
2386	10
2387	10
2388	10
2389	10
2390	10
2391	10
2392	10
2393	10
2394	10
2395	10
2396	10
2397	10
2398	10
2399	10
2400	10
2401	10
2402	10
2403	10
2404	10
2405	10
2406	10
2407	10
2408	10
2409	10
2410	10
2411	10
2412	10
2413	10
2414	10
2415	8
2416	8
2417	8
2418	8
2419	6
2420	6
2421	6
2422	8
2423	8
2424	8
2425	8
2426	8
2427	6
2428	6
2429	6
2430	6
2431	8
2432	8
2433	8
2434	8
2435	8
2436	8
2437	8
2438	8
2439	8
2440	8
2441	8
2442	8
2443	8
2444	8
2445	8
2446	8
2447	8
2448	8
2449	6
2450	6
2451	6
2452	6
2453	8
2454	8
2455	8
2456	8
2457	8
2458	8
2459	8
2460	8
2461	8
2462	8
2463	8
2464	8
2465	8
2466	8
2467	8
2468	8
2469	8
2470	8
2471	8
2472	8
2473	8
2474	8
2475	8
2476	8
2477	8
2478	8
2479	8
2480	8
2481	8
2482	8
2483	6
2484	8
2485	8
2486	8
2487	8
2488	8
2489	8
2490	8
2491	8
2492	8
2493	8
2494	8
2495	8
2496	8
2497	8
2498	8
2499	8
2500	8
2501	8
2502	8
2503	8
2504	8
2505	8
2506	8
2507	8
2508	8
2509	8
2510	8
2511	8
2512	8
2513	8
2514	8
2515	6
2516	6
2517	6
2518	6
2519	6
2520	6
2521	6
2522	6
2523	8
2524	8
2525	6
2526	6
2527	6
2528	8
2529	8
2530	6
2531	6
2532	6
2533	6
2534	8
2535	8
2536	8
2537	6
2538	8
2539	6
2540	6
2541	6
2542	8
2543	8
2544	6
2545	6
2546	6
2547	8
2548	8
2549	8
2550	6
2551	6
2552	6
2553	6
2554	6
2555	6
2556	6
2557	6
2558	8
2559	8
2560	8
2561	8
2562	8
2563	6
2564	8
2565	8
2566	8
2567	8
2568	6
2569	8
2570	8
2571	8
2572	8
2573	8
2574	8
2575	6
2576	6
2577	6
2578	6
2579	6
2580	6
2581	8
2582	8
2583	6
2584	6
2585	8
2586	8
2587	6
2588	6
2589	6
2590	6
2591	8
2592	6
2593	8
2594	8
2595	8
2596	8
2597	8
2598	8
2599	8
2600	6
2601	6
2602	8
2603	8
2604	8
2605	6
2606	7
2607	7
2608	7
2609	7
2610	7
2611	7
2612	7
2613	7
2614	7
2615	7
2616	7
2617	7
2618	7
2619	7
2620	7
2621	7
2622	7
2623	7
2624	7
2625	7
2626	7
2627	7
2628	7
2629	7
2630	7
2631	7
2632	7
2633	7
2634	7
2635	7
2636	7
2637	7
2638	7
2639	7
2640	7
2641	7
2642	6
2643	7
2644	7
2645	7
2646	7
2647	7
2648	7
2649	7
2650	7
2651	7
2652	7
2653	7
2654	7
2655	7
2656	7
2657	7
2658	7
2659	6
2660	7
2661	7
2662	7
2663	6
2664	7
2665	6
2666	7
2667	7
2668	6
2669	6
2670	7
2671	6
2672	7
2673	6
2674	7
2675	7
2676	7
2677	7
2678	7
2679	6
2680	7
2681	6
2682	6
2683	6
2684	6
2685	7
2686	6
2687	6
2688	9
2689	9
2690	9
2691	9
315	11
1657	5
