0	9
1	9
2	9
3	9
4	9
5	9
6	9
7	3
8	3
9	3
10	3
11	3
12	3
13	3
14	3
15	3
16	3
17	3
18	7
19	7
20	3
21	11
22	11
23	11
24	11
25	11
26	11
27	11
28	11
29	9
30	9
31	9
32	9
33	9
34	9
35	9
36	9
37	9
38	9
39	9
40	9
41	9
42	9
43	9
44	9
45	9
46	9
47	9
48	9
49	9
50	9
51	9
52	9
53	10
54	10
55	10
56	10
57	10
58	9
59	9
60	9
61	9
62	9
63	9
64	9
65	10
66	10
67	10
68	10
69	10
70	10
71	11
72	11
73	11
74	11
75	9
76	9
77	9
78	9
79	9
80	9
81	9
82	9
83	5
84	5
85	5
86	5
87	5
88	5
89	5
90	5
91	5
92	5
93	5
94	5
95	5
96	3
97	3
98	3
99	3
100	3
101	3
102	3
103	3
104	3
105	3
106	3
107	3
108	3
109	3
110	3
111	3
112	3
113	3
114	3
115	3
116	3
117	3
118	3
119	3
120	3
121	3
122	3
123	3
124	3
125	3
126	3
127	3
128	3
129	13
130	11
131	11
132	11
133	13
134	13
135	11
136	11
137	11
138	13
139	11
140	11
141	13
142	13
143	11
144	11
145	13
146	11
147	13
148	13
149	13
150	13
151	13
152	13
153	13
154	11
155	11
156	11
157	13
158	13
159	13
160	13
161	13
162	13
163	13
164	13
165	13
166	5
167	5
168	5
169	13
170	5
171	5
172	5
173	5
174	13
175	13
176	13
177	5
178	13
179	5
180	5
181	13
182	13
183	1
184	1
185	1
186	1
187	1
188	1
189	1
190	1
191	1
192	1
193	1
194	1
195	1
196	1
197	1
198	1
199	1
200	1
201	1
202	1
203	1
204	1
205	1
206	1
207	1
208	11
209	11
210	11
211	11
212	11
213	11
214	11
215	11
216	11
217	11
218	11
219	11
220	11
221	11
222	11
223	11
224	11
225	11
226	11
227	11
228	11
229	11
230	11
231	11
232	11
233	11
234	11
235	11
236	11
237	11
238	11
239	11
240	11
241	11
242	11
243	11
244	11
245	11
246	11
247	11
248	1
249	1
250	1
251	1
252	1
253	1
254	1
255	1
256	1
257	1
258	1
259	1
260	1
261	6
262	6
263	6
264	6
265	6
266	6
267	6
268	6
269	6
270	6
271	6
272	6
273	6
274	6
275	6
276	6
277	6
278	6
279	6
280	6
281	6
282	6
283	6
284	6
285	6
286	6
287	6
288	6
289	6
290	6
291	6
292	6
293	6
294	6
295	6
296	6
297	6
298	6
299	6
300	6
301	6
302	1
303	1
304	1
305	1
306	10
307	10
308	10
309	10
310	10
311	10
312	10
313	10
314	10
316	7
317	7
318	7
319	7
320	7
321	7
322	7
323	7
324	7
325	7
326	7
327	7
328	7
329	7
330	7
331	10
332	10
333	10
334	10
335	10
336	10
337	7
338	7
339	7
340	10
341	10
342	10
343	10
344	12
345	12
346	12
347	10
348	10
349	10
350	10
351	10
352	10
353	10
354	10
355	10
356	13
357	13
358	8
359	13
360	13
361	8
362	13
363	13
364	13
365	8
366	13
367	8
368	8
369	10
370	12
371	10
372	10
373	10
374	10
375	10
376	10
377	10
378	10
379	10
380	10
381	10
382	10
383	10
384	10
385	10
386	10
387	10
388	10
389	7
390	7
391	7
392	7
393	7
394	10
395	10
396	10
397	10
398	7
399	7
400	7
401	7
402	7
403	11
404	11
405	11
406	11
407	11
408	11
409	7
410	9
411	7
412	7
413	9
414	9
415	9
416	7
417	9
418	7
419	7
420	9
421	9
422	9
423	7
424	9
425	5
426	5
427	5
428	5
429	5
430	5
431	5
432	5
433	9
434	9
435	9
436	9
437	9
438	9
439	7
440	9
441	9
442	7
443	9
444	9
445	7
446	5
447	5
448	5
449	5
450	5
451	9
452	7
453	9
454	5
455	5
456	5
457	9
458	7
459	9
460	9
461	9
462	9
463	5
464	5
465	5
466	5
467	5
468	5
469	5
470	5
471	5
472	5
473	9
474	7
475	6
476	6
477	6
478	6
479	6
480	6
481	6
482	6
483	6
484	11
485	11
486	6
487	6
488	6
489	6
490	6
491	6
492	6
493	6
494	6
495	6
496	6
497	6
498	11
499	6
500	6
501	6
502	11
503	6
504	6
505	6
506	11
507	11
508	11
509	11
510	11
511	11
512	11
513	11
514	11
515	11
516	11
517	11
518	11
519	11
520	11
521	11
522	5
523	5
524	5
525	5
526	1
527	1
528	5
529	5
530	5
531	5
532	5
533	5
534	5
535	5
536	5
537	5
538	1
539	1
540	1
541	1
542	1
543	1
544	1
545	1
546	1
547	1
548	1
549	1
550	1
551	1
552	1
553	1
554	1
555	1
556	1
557	1
558	1
559	11
560	11
561	11
562	11
563	11
564	11
565	1
566	1
567	1
568	1
569	1
570	5
571	5
572	5
573	5
574	5
575	5
576	5
577	5
578	5
579	5
580	5
581	1
582	1
583	1
584	1
585	1
586	1
587	11
588	11
589	11
590	11
591	11
592	11
593	11
594	11
595	11
596	11
597	11
598	11
599	11
600	11
601	11
602	11
603	1
604	1
605	1
606	1
607	1
608	1
609	1
610	1
611	1
612	1
613	1
614	1
615	1
616	1
617	11
618	11
619	11
620	11
621	11
622	11
623	11
624	11
625	11
626	11
627	11
628	11
629	11
630	11
631	11
632	11
633	11
634	11
635	11
636	11
637	11
638	11
639	1
640	1
641	1
642	1
643	1
644	1
645	1
646	1
647	1
648	1
649	1
650	1
651	1
652	1
653	1
654	1
655	1
656	1
657	13
658	13
659	13
660	13
661	9
662	9
663	9
664	9
665	9
666	9
667	9
668	9
669	9
670	6
671	6
672	6
673	6
674	6
675	6
676	6
677	6
678	6
679	6
680	9
681	9
682	9
683	9
684	9
685	9
686	9
687	9
688	9
689	9
690	9
691	9
692	9
693	9
694	9
695	9
696	9
697	6
698	6
699	6
700	6
701	6
702	6
703	6
704	6
705	6
706	13
707	6
708	6
709	6
710	6
711	6
712	6
713	6
714	9
715	9
716	6
717	6
718	6
719	6
720	6
721	6
722	6
723	6
724	6
725	6
726	6
727	6
728	6
729	6
730	6
731	6
732	7
733	7
734	7
735	7
736	7
737	13
738	5
739	5
740	13
741	13
742	5
743	13
744	13
745	7
746	7
747	7
748	7
749	7
750	7
751	7
752	7
753	7
754	7
755	7
756	7
757	7
758	7
759	7
760	7
761	7
762	7
763	7
764	7
765	7
766	13
767	5
768	13
769	5
770	7
771	7
772	13
773	13
774	13
775	5
776	13
777	13
778	13
779	13
780	13
781	13
782	13
783	13
784	13
785	10
786	13
787	13
788	13
789	13
790	13
791	10
792	10
793	10
794	10
795	10
796	10
797	10
798	10
799	10
800	10
801	13
802	13
803	13
804	13
805	10
806	10
807	10
808	13
809	13
810	13
811	4
812	4
813	4
814	4
815	4
816	8
817	4
818	4
819	4
820	4
821	4
822	4
823	4
824	4
825	8
826	4
827	8
828	8
829	4
830	4
831	4
832	4
833	4
834	4
835	4
836	4
837	4
838	4
839	4
840	4
841	4
842	4
843	4
844	4
845	4
846	4
847	4
848	8
849	8
850	4
851	4
852	4
853	4
854	4
855	8
856	4
857	4
858	1
859	1
860	1
861	1
862	1
863	1
864	1
865	1
866	1
867	1
868	1
869	1
870	1
871	4
872	4
873	4
874	4
875	4
876	4
877	4
878	4
879	4
880	8
881	4
882	4
883	4
884	4
885	4
886	4
887	4
888	4
889	4
890	4
891	8
892	4
893	4
894	4
895	4
896	4
897	8
898	4
899	4
900	4
901	4
902	4
903	4
904	4
905	4
906	8
907	4
908	4
909	8
910	4
911	4
912	4
913	8
914	4
915	4
916	8
917	4
918	4
919	8
920	4
921	4
922	4
923	4
924	8
925	4
926	4
927	4
928	4
929	4
930	4
931	4
932	4
933	4
934	8
935	4
936	4
937	4
938	4
939	8
940	8
941	8
942	4
943	8
944	4
945	4
946	4
947	4
948	4
949	4
950	8
951	4
952	4
953	8
954	4
955	8
956	4
957	4
958	4
959	4
960	8
961	8
962	4
963	4
964	4
965	4
966	8
967	8
968	8
969	4
970	8
971	4
972	4
973	4
974	4
975	4
976	4
977	4
978	8
979	8
980	8
981	8
982	4
983	4
984	7
985	13
986	13
987	13
988	13
989	13
990	13
991	13
992	13
993	13
994	13
995	13
996	13
997	13
998	13
999	13
1000	13
1001	13
1002	13
1003	13
1004	13
1005	13
1006	13
1007	7
1008	4
1009	13
1010	7
1011	4
1012	4
1013	4
1014	4
1015	4
1016	4
1017	7
1018	4
1019	4
1020	7
1021	7
1022	7
1023	7
1024	4
1025	4
1026	7
1027	7
1028	4
1029	4
1030	4
1031	4
1032	4
1033	4
1034	7
1035	7
1036	7
1037	7
1038	4
1039	4
1040	4
1041	7
1042	7
1043	4
1044	4
1045	4
1046	4
1047	7
1048	4
1049	4
1050	7
1051	4
1052	4
1053	4
1054	7
1055	7
1056	7
1057	7
1058	7
1059	4
1060	7
1061	7
1062	4
1063	7
1064	7
1065	7
1066	7
1067	7
1068	7
1069	4
1070	7
1071	4
1072	4
1073	4
1074	4
1075	1
1076	1
1077	1
1078	1
1079	1
1080	1
1081	1
1082	1
1083	1
1084	1
1085	1
1086	1
1087	6
1088	6
1089	6
1090	6
1091	6
1092	6
1093	6
1094	11
1095	11
1096	11
1097	11
1098	11
1099	11
1100	11
1101	11
1102	11
1103	11
1104	11
1105	11
1106	11
1107	8
1108	10
1109	8
1110	8
1111	10
1112	8
1113	8
1114	10
1115	8
1116	8
1117	8
1118	8
1119	8
1120	10
1121	8
1122	10
1123	8
1124	8
1125	10
1126	10
1127	8
1128	10
1129	8
1130	8
1131	10
1132	8
1133	8
1134	10
1135	10
1136	8
1137	8
1138	8
1139	8
1140	8
1141	8
1142	8
1143	8
1144	10
1145	10
1146	10
1147	10
1148	8
1149	8
1150	8
1151	8
1152	8
1153	8
1154	10
1155	10
1156	10
1157	10
1158	10
1159	10
1160	10
1161	10
1162	10
1163	12
1164	12
1165	10
1166	10
1167	10
1168	10
1169	4
1170	7
1171	4
1172	4
1173	4
1174	7
1175	7
1176	4
1177	4
1178	4
1179	4
1180	4
1181	4
1182	4
1183	4
1184	7
1185	4
1186	4
1187	4
1188	4
1189	4
1190	7
1191	7
1192	4
1193	4
1194	7
1195	4
1196	7
1197	4
1198	7
1199	4
1200	8
1201	8
1202	8
1203	8
1204	8
1205	8
1206	8
1207	8
1208	8
1209	8
1210	8
1211	8
1212	8
1213	8
1214	8
1215	8
1216	8
1217	8
1218	8
1219	8
1220	8
1221	8
1222	8
1223	8
1224	8
1225	8
1226	8
1227	8
1228	8
1229	8
1230	8
1231	8
1232	8
1233	8
1234	8
1235	8
1236	8
1237	8
1238	8
1239	8
1240	6
1241	6
1242	6
1243	11
1244	11
1245	6
1246	6
1247	6
1248	11
1249	11
1250	11
1251	11
1252	11
1253	9
1254	9
1255	9
1256	9
1257	9
1258	11
1259	11
1260	11
1261	11
1262	6
1263	6
1264	9
1265	9
1266	9
1267	9
1268	9
1269	9
1270	9
1271	9
1272	9
1273	9
1274	9
1275	9
1276	9
1277	9
1278	10
1279	10
1280	10
1281	11
1282	6
1283	6
1284	9
1285	9
1286	9
1287	9
1288	10
1289	10
1290	10
1291	10
1292	10
1293	10
1294	10
1295	10
1296	10
1297	10
1298	10
1299	10
1300	10
1301	10
1302	10
1303	1
1304	1
1305	1
1306	1
1307	1
1308	1
1309	1
1310	1
1311	1
1312	1
1313	1
1314	8
1315	8
1316	8
1317	8
1318	8
1319	8
1320	8
1321	8
1322	8
1323	8
1324	8
1325	8
1326	8
1327	8
1328	8
1329	8
1330	8
1331	8
1332	8
1333	8
1334	8
1335	8
1336	8
1337	8
1338	8
1339	8
1340	8
1341	8
1342	8
1343	8
1344	8
1345	8
1346	1
1347	1
1348	1
1349	1
1350	1
1351	1
1352	1
1353	1
1354	1
1355	1
1356	1
1357	1
1358	1
1359	1
1360	1
1361	1
1362	1
1363	8
1364	8
1365	8
1366	8
1367	8
1368	8
1369	8
1370	8
1371	8
1372	8
1373	8
1374	8
1375	8
1376	8
1377	8
1378	8
1379	8
1380	8
1381	10
1382	10
1383	10
1384	10
1385	10
1386	10
1387	10
1388	10
1389	10
1390	10
1391	10
1392	10
1393	10
1394	10
1395	10
1396	10
1397	9
1398	1
1399	1
1400	1
1401	1
1402	1
1403	1
1404	9
1405	1
1406	1
1407	1
1408	1
1409	1
1410	9
1411	1
1412	1
1413	1
1414	1
1415	1
1416	1
1417	9
1418	9
1419	1
1420	9
1421	1
1422	9
1423	1
1424	1
1425	9
1426	9
1427	1
1428	5
1429	5
1430	5
1431	5
1432	5
1433	5
1434	5
1435	5
1436	5
1437	5
1438	5
1439	5
1440	5
1441	7
1442	7
1443	7
1444	7
1445	7
1446	7
1447	7
1448	7
1449	7
1450	7
1451	7
1452	7
1453	7
1454	7
1455	5
1456	5
1457	5
1458	5
1459	5
1460	5
1461	5
1462	5
1463	5
1464	5
1465	11
1466	11
1467	11
1468	11
1469	11
1470	11
1471	11
1472	11
1473	11
1474	11
1475	11
1476	11
1477	11
1478	11
1479	11
1480	11
1481	11
1482	11
1483	11
1484	11
1485	11
1486	11
1487	11
1488	11
1489	7
1490	7
1491	7
1492	7
1493	7
1494	7
1495	7
1496	7
1497	7
1498	7
1499	7
1500	7
1501	9
1502	9
1503	9
1504	9
1505	9
1506	9
1507	9
1508	9
1509	9
1510	9
1511	9
1512	9
1513	9
1514	9
1515	9
1516	9
1517	9
1518	9
1519	9
1520	9
1521	9
1522	9
1523	9
1524	9
1525	9
1526	9
1527	9
1528	9
1529	5
1530	5
1531	5
1532	5
1533	5
1534	5
1535	5
1536	5
1537	5
1538	5
1539	5
1540	5
1541	5
1542	5
1543	5
1544	5
1545	5
1546	5
1547	5
1548	5
1549	5
1550	5
1551	5
1552	5
1553	5
1554	8
1555	8
1556	8
1557	8
1558	5
1559	5
1560	5
1561	5
1562	5
1563	5
1564	5
1565	5
1566	8
1567	5
1568	5
1569	5
1570	5
1571	5
1572	5
1573	5
1574	5
1575	5
1576	7
1577	7
1578	7
1579	7
1580	7
1581	7
1582	7
1583	7
1584	7
1585	7
1586	7
1587	7
1588	7
1589	7
1590	7
1591	7
1592	7
1593	1
1594	1
1595	1
1596	1
1597	1
1598	1
1599	1
1600	1
1601	1
1602	5
1603	5
1604	5
1605	5
1606	5
1607	5
1608	5
1609	5
1610	5
1611	5
1612	5
1613	5
1614	5
1615	5
1616	5
1617	5
1618	11
1619	11
1620	11
1621	11
1622	11
1623	11
1624	11
1625	11
1626	11
1627	11
1628	11
1629	7
1630	7
1631	5
1632	7
1633	7
1634	5
1635	5
1636	7
1637	7
1638	5
1639	7
1640	5
1641	7
1642	7
1643	5
1644	11
1645	11
1646	11
1647	11
1648	11
1649	7
1650	7
1651	7
1652	7
1653	7
1654	7
1655	5
1656	5
1658	5
1659	7
1660	5
1661	5
1662	7
1663	5
1664	5
1665	5
1666	7
1667	7
1668	7
1669	7
1670	7
1671	7
1672	5
1673	11
1674	5
1675	5
1676	5
1677	11
1678	6
1679	6
1680	6
1681	6
1682	6
1683	6
1684	6
1685	7
1686	7
1687	7
1688	7
1689	7
1690	7
1691	7
1692	7
1693	7
1694	7
1695	7
1696	7
1697	7
1698	7
1699	7
1700	7
1701	3
1702	7
1703	3
1704	3
1705	7
1706	7
1707	7
1708	7
1709	7
1710	7
1711	7
1712	7
1713	11
1714	11
1715	11
1716	11
1717	11
1718	11
1719	11
1720	11
1721	11
1722	11
1723	11
1724	11
1725	7
1726	7
1727	7
1728	11
1729	7
1730	7
1731	7
1732	7
1733	7
1734	7
1735	7
1736	7
1737	7
1738	7
1739	7
1740	7
1741	7
1742	9
1743	9
1744	9
1745	9
1746	9
1747	9
1748	9
1749	9
1750	9
1751	9
1752	9
1753	9
1754	9
1755	9
1756	9
1757	11
1758	11
1759	11
1760	11
1761	9
1762	9
1763	9
1764	3
1765	9
1766	9
1767	3
1768	9
1769	9
1770	9
1771	9
1772	9
1773	9
1774	11
1775	11
1776	11
1777	11
1778	11
1779	11
1780	11
1781	11
1782	11
1783	11
1784	11
1785	11
1786	11
1787	9
1788	9
1789	9
1790	9
1791	9
1792	9
1793	9
1794	9
1795	11
1796	11
1797	11
1798	11
1799	9
1800	9
1801	9
1802	9
1803	9
1804	3
1805	9
1806	9
1807	9
1808	9
1809	3
1810	3
1811	3
1812	3
1813	3
1814	3
1815	3
1816	3
1817	3
1818	3
1819	3
1820	3
1821	3
1822	3
1823	3
1824	3
1825	3
1826	3
1827	3
1828	3
1829	3
1830	11
1831	11
1832	11
1833	11
1834	11
1835	3
1836	3
1837	11
1838	3
1839	3
1840	8
1841	8
1842	8
1843	8
1844	8
1845	3
1846	3
1847	3
1848	3
1849	3
1850	3
1851	3
1852	3
1853	3
1854	3
1855	3
1856	3
1857	11
1858	11
1859	11
1860	11
1861	11
1862	11
1863	3
1864	3
1865	3
1866	3
1867	3
1868	3
1869	3
1870	3
1871	3
1872	6
1873	6
1874	6
1875	6
1876	6
1877	6
1878	6
1879	6
1880	6
1881	6
1882	6
1883	6
1884	6
1885	6
1886	6
1887	6
1888	6
1889	6
1890	6
1891	6
1892	6
1893	6
1894	6
1895	1
1896	1
1897	1
1898	10
1899	10
1900	10
1901	10
1902	10
1903	10
1904	1
1905	1
1906	1
1907	1
1908	1
1909	1
1910	1
1911	1
1912	1
1913	1
1914	1
1915	1
1916	10
1917	10
1918	10
1919	10
1920	10
1921	10
1922	10
1923	10
1924	1
1925	1
1926	1
1927	1
1928	1
1929	1
1930	1
1931	1
1932	1
1933	1
1934	1
1935	1
1936	1
1937	1
1938	1
1939	1
1940	1
1941	1
1942	1
1943	1
1944	1
1945	1
1946	1
1947	1
1948	1
1949	1
1950	1
1951	1
1952	1
1953	1
1954	1
1955	1
1956	1
1957	1
1958	1
1959	1
1960	1
1961	1
1962	1
1963	1
1964	1
1965	1
1966	1
1967	1
1968	1
1969	1
1970	1
1971	1
1972	1
1973	1
1974	1
1975	1
1976	5
1977	5
1978	5
1979	5
1980	5
1981	5
1982	5
1983	5
1984	5
1985	5
1986	5
1987	5
1988	5
1989	5
1990	5
1991	5
1992	5
1993	5
1994	5
1995	5
1996	5
1997	5
1998	5
1999	5
2000	5
2001	5
2002	5
2003	5
2004	5
2005	5
2006	5
2007	5
2008	5
2009	5
2010	5
2011	5
2012	5
2013	5
2014	5
2015	5
2016	5
2017	6
2018	6
2019	6
2020	6
2021	6
2022	6
2023	6
2024	13
2025	6
2026	6
2027	6
2028	6
2029	6
2030	13
2031	13
2032	13
2033	13
2034	13
2035	13
2036	13
2037	13
2038	11
2039	11
2040	11
2041	11
2042	11
2043	6
2044	6
2045	6
2046	13
2047	13
2048	11
2049	11
2050	6
2051	13
2052	13
2053	13
2054	13
2055	13
2056	13
2057	13
2058	5
2059	5
2060	5
2061	5
2062	5
2063	5
2064	5
2065	5
2066	5
2067	5
2068	6
2069	6
2070	6
2071	6
2072	6
2073	11
2074	6
2075	6
2076	6
2077	11
2078	11
2079	6
2080	11
2081	6
2082	6
2083	6
2084	6
2085	6
2086	6
2087	6
2088	6
2089	7
2090	7
2091	7
2092	7
2093	7
2094	7
2095	7
2096	9
2097	9
2098	9
2099	9
2100	9
2101	9
2102	9
2103	9
2104	9
2105	9
2106	9
2107	9
2108	9
2109	9
2110	9
2111	9
2112	9
2113	2
2114	2
2115	2
2116	2
2117	2
2118	2
2119	2
2120	2
2121	2
2122	2
2123	2
2124	6
2125	2
2126	2
2127	2
2128	2
2129	2
2130	2
2131	2
2132	2
2133	2
2134	3
2135	3
2136	2
2137	2
2138	2
2139	2
2140	2
2141	2
2142	2
2143	2
2144	2
2145	2
2146	2
2147	2
2148	2
2149	2
2150	2
2151	3
2152	3
2153	3
2154	2
2155	2
2156	2
2157	2
2158	2
2159	2
2160	3
2161	3
2162	3
2163	3
2164	3
2165	3
2166	3
2167	2
2168	2
2169	3
2170	3
2171	2
2172	3
2173	2
2174	2
2175	2
2176	2
2177	2
2178	2
2179	2
2180	3
2181	3
2182	2
2183	2
2184	2
2185	3
2186	3
2187	3
2188	2
2189	2
2190	2
2191	2
2192	2
2193	3
2194	2
2195	2
2196	2
2197	2
2198	2
2199	2
2200	2
2201	2
2202	2
2203	2
2204	2
2205	2
2206	2
2207	2
2208	2
2209	3
2210	3
2211	2
2212	2
2213	2
2214	2
2215	2
2216	2
2217	2
2218	3
2219	3
2220	3
2221	2
2222	2
2223	2
2224	2
2225	3
2226	3
2227	3
2228	2
2229	2
2230	3
2231	3
2232	3
2233	2
2234	2
2235	3
2236	2
2237	2
2238	2
2239	3
2240	2
2241	2
2242	2
2243	2
2244	2
2245	2
2246	3
2247	3
2248	3
2249	2
2250	2
2251	2
2252	3
2253	2
2254	2
2255	2
2256	3
2257	3
2258	2
2259	2
2260	2
2261	3
2262	3
2263	3
2264	3
2265	3
2266	2
2267	2
2268	2
2269	2
2270	2
2271	3
2272	2
2273	2
2274	3
2275	3
2276	3
2277	2
2278	2
2279	2
2280	3
2281	3
2282	2
2283	2
2284	6
2285	6
2286	2
2287	2
2288	3
2289	3
2290	3
2291	3
2292	3
2293	2
2294	2
2295	2
2296	2
2297	2
2298	2
2299	2
2300	2
2301	3
2302	2
2303	2
2304	2
2305	3
2306	3
2307	3
2308	3
2309	6
2310	6
2311	6
2312	4
2313	4
2314	4
2315	4
2316	4
2317	4
2318	4
2319	4
2320	4
2321	4
2322	4
2323	4
2324	4
2325	4
2326	4
2327	4
2328	4
2329	4
2330	1
2331	1
2332	1
2333	1
2334	1
2335	1
2336	1
2337	1
2338	1
2339	1
2340	1
2341	1
2342	1
2343	1
2344	1
2345	1
2346	4
2347	4
2348	4
2349	4
2350	4
2351	4
2352	4
2353	4
2354	4
2355	4
2356	4
2357	4
2358	4
2359	4
2360	4
2361	4
2362	4
2363	4
2364	4
2365	4
2366	2
2367	2
2368	2
2369	2
2370	2
2371	2
2372	2
2373	2
2374	2
2375	2
2376	2
2377	2
2378	2
2379	2
2380	2
2381	2
2382	2
2383	2
2384	2
2385	2
2386	2
2387	2
2388	2
2389	2
2390	2
2391	2
2392	2
2393	2
2394	2
2395	2
2396	2
2397	2
2398	2
2399	2
2400	2
2401	2
2402	2
2403	2
2404	2
2405	2
2406	2
2407	2
2408	2
2409	2
2410	2
2411	2
2412	2
2413	2
2414	2
2415	12
2416	12
2417	12
2418	12
2419	10
2420	10
2421	12
2422	12
2423	12
2424	12
2425	12
2426	12
2427	10
2428	12
2429	10
2430	10
2431	12
2432	12
2433	12
2434	12
2435	12
2436	12
2437	12
2438	10
2439	10
2440	12
2441	12
2442	12
2443	12
2444	12
2445	12
2446	12
2447	12
2448	12
2449	12
2450	12
2451	12
2452	12
2453	12
2454	12
2455	12
2456	12
2457	12
2458	12
2459	12
2460	12
2461	12
2462	12
2463	12
2464	12
2465	12
2466	12
2467	12
2468	12
2469	12
2470	12
2471	12
2472	12
2473	12
2474	12
2475	12
2476	12
2477	12
2478	12
2479	12
2480	12
2481	12
2482	12
2483	12
2484	12
2485	12
2486	12
2487	12
2488	12
2489	12
2490	12
2491	12
2492	12
2493	12
2494	12
2495	12
2496	10
2497	10
2498	12
2499	12
2500	12
2501	12
2502	12
2503	12
2504	12
2505	12
2506	12
2507	12
2508	12
2509	10
2510	12
2511	12
2512	12
2513	12
2514	12
2515	12
2516	12
2517	12
2518	12
2519	12
2520	12
2521	12
2522	12
2523	10
2524	12
2525	10
2526	12
2527	12
2528	12
2529	10
2530	10
2531	10
2532	10
2533	10
2534	10
2535	10
2536	10
2537	10
2538	10
2539	12
2540	10
2541	12
2542	10
2543	12
2544	12
2545	12
2546	12
2547	12
2548	12
2549	12
2550	12
2551	12
2552	10
2553	10
2554	12
2555	12
2556	12
2557	12
2558	12
2559	12
2560	12
2561	12
2562	12
2563	10
2564	12
2565	10
2566	12
2567	12
2568	10
2569	12
2570	12
2571	12
2572	12
2573	12
2574	10
2575	12
2576	12
2577	12
2578	12
2579	12
2580	12
2581	10
2582	12
2583	12
2584	12
2585	12
2586	12
2587	10
2588	10
2589	10
2590	10
2591	10
2592	10
2593	10
2594	12
2595	12
2596	12
2597	12
2598	12
2599	12
2600	12
2601	12
2602	12
2603	12
2604	10
2605	10
2606	6
2607	6
2608	6
2609	6
2610	6
2611	6
2612	6
2613	6
2614	6
2615	6
2616	6
2617	6
2618	6
2619	6
2620	6
2621	6
2622	6
2623	6
2624	6
2625	6
2626	6
2627	6
2628	6
2629	6
2630	6
2631	6
2632	6
2633	6
2634	6
2635	6
2636	6
2637	6
2638	6
2639	6
2640	13
2641	13
2642	13
2643	13
2644	13
2645	13
2646	13
2647	13
2648	13
2649	13
2650	13
2651	13
2652	13
2653	13
2654	13
2655	13
2656	13
2657	13
2658	13
2659	13
2660	13
2661	13
2662	13
2663	13
2664	13
2665	8
2666	13
2667	13
2668	13
2669	8
2670	13
2671	13
2672	13
2673	8
2674	13
2675	13
2676	13
2677	13
2678	13
2679	13
2680	13
2681	13
2682	13
2683	13
2684	13
2685	13
2686	13
2687	13
2688	1
2689	1
2690	1
2691	1
315	7
1657	5
