0	8
1	8
2	8
3	8
4	8
5	8
6	8
7	3
8	3
9	3
10	3
11	3
12	3
13	3
14	3
15	3
16	3
17	3
18	7
19	7
20	7
21	9
22	9
23	9
24	9
25	9
26	9
27	9
28	9
29	3
30	3
31	3
32	3
33	3
34	3
35	3
36	3
37	3
38	3
39	3
40	3
41	3
42	3
43	3
44	3
45	3
46	3
47	3
48	3
49	3
50	3
51	3
52	3
53	4
54	4
55	4
56	4
57	4
58	3
59	3
60	3
61	3
62	3
63	3
64	3
65	4
66	4
67	4
68	4
69	4
70	4
71	9
72	9
73	9
74	9
75	3
76	3
77	3
78	3
79	3
80	3
81	3
82	3
83	2
84	13
85	13
86	2
87	2
88	2
89	13
90	13
91	2
92	2
93	2
94	2
95	2
96	3
97	3
98	3
99	3
100	3
101	3
102	3
103	3
104	3
105	3
106	3
107	3
108	3
109	3
110	3
111	3
112	3
113	3
114	3
115	3
116	3
117	3
118	3
119	3
120	3
121	3
122	3
123	3
124	3
125	3
126	3
127	3
128	3
129	12
130	12
131	12
132	12
133	12
134	12
135	12
136	12
137	12
138	12
139	12
140	12
141	12
142	12
143	12
144	12
145	12
146	12
147	12
148	12
149	12
150	12
151	12
152	12
153	12
154	12
155	12
156	12
157	12
158	12
159	12
160	12
161	12
162	12
163	12
164	12
165	12
166	13
167	13
168	13
169	13
170	13
171	13
172	13
173	13
174	13
175	13
176	13
177	13
178	13
179	13
180	13
181	13
182	13
183	8
184	8
185	8
186	8
187	8
188	8
189	8
190	8
191	8
192	8
193	8
194	8
195	8
196	8
197	8
198	8
199	8
200	8
201	8
202	8
203	8
204	8
205	8
206	8
207	8
208	9
209	9
210	9
211	9
212	9
213	9
214	9
215	9
216	9
217	9
218	9
219	9
220	9
221	9
222	9
223	9
224	9
225	9
226	11
227	11
228	11
229	11
230	11
231	11
232	11
233	11
234	11
235	11
236	9
237	9
238	9
239	9
240	9
241	9
242	9
243	9
244	9
245	9
246	9
247	9
248	8
249	8
250	8
251	8
252	8
253	8
254	8
255	8
256	8
257	8
258	8
259	8
260	8
261	11
262	11
263	11
264	11
265	11
266	11
267	11
268	11
269	11
270	11
271	11
272	11
273	11
274	11
275	11
276	11
277	11
278	11
279	11
280	11
281	11
282	11
283	11
284	11
285	11
286	11
287	11
288	11
289	11
290	11
291	11
292	11
293	11
294	11
295	11
296	11
297	11
298	11
299	11
300	11
301	11
302	8
303	8
304	8
305	8
306	6
307	6
308	6
309	2
310	2
311	2
312	6
313	6
314	2
316	3
317	3
318	3
319	3
320	3
321	3
322	3
323	3
324	3
325	3
326	3
327	3
328	3
329	3
330	3
331	6
332	6
333	6
334	6
335	6
336	2
337	3
338	3
339	3
340	6
341	6
342	6
343	2
344	6
345	6
346	6
347	6
348	6
349	6
350	2
351	6
352	6
353	2
354	6
355	6
356	12
357	12
358	2
359	12
360	12
361	12
362	12
363	12
364	12
365	2
366	12
367	2
368	2
369	2
370	6
371	6
372	2
373	2
374	2
375	2
376	2
377	2
378	2
379	2
380	2
381	6
382	6
383	6
384	6
385	6
386	2
387	6
388	6
389	3
390	3
391	3
392	3
393	3
394	2
395	2
396	6
397	2
398	3
399	3
400	3
401	3
402	3
403	9
404	9
405	9
406	9
407	9
408	9
409	7
410	7
411	7
412	7
413	7
414	7
415	7
416	7
417	7
418	7
419	7
420	7
421	7
422	7
423	7
424	7
425	13
426	13
427	13
428	13
429	13
430	13
431	13
432	13
433	7
434	7
435	7
436	7
437	7
438	7
439	7
440	7
441	7
442	7
443	7
444	7
445	7
446	13
447	13
448	13
449	13
450	13
451	7
452	7
453	7
454	13
455	13
456	13
457	7
458	7
459	7
460	7
461	7
462	7
463	13
464	13
465	13
466	13
467	13
468	13
469	13
470	13
471	13
472	13
473	7
474	7
475	11
476	11
477	12
478	12
479	12
480	12
481	12
482	12
483	12
484	9
485	9
486	12
487	12
488	12
489	11
490	11
491	11
492	11
493	11
494	11
495	12
496	12
497	12
498	9
499	12
500	12
501	12
502	9
503	12
504	12
505	12
506	9
507	9
508	9
509	9
510	9
511	9
512	9
513	9
514	9
515	9
516	9
517	9
518	9
519	9
520	9
521	9
522	4
523	4
524	4
525	4
526	8
527	8
528	4
529	4
530	4
531	4
532	4
533	4
534	4
535	4
536	4
537	4
538	8
539	8
540	8
541	8
542	8
543	8
544	8
545	8
546	8
547	8
548	8
549	8
550	8
551	8
552	8
553	8
554	8
555	8
556	8
557	8
558	8
559	11
560	11
561	11
562	11
563	11
564	11
565	8
566	8
567	8
568	8
569	8
570	4
571	4
572	4
573	4
574	2
575	4
576	4
577	4
578	2
579	4
580	4
581	8
582	8
583	8
584	8
585	8
586	8
587	11
588	11
589	11
590	11
591	11
592	9
593	9
594	11
595	9
596	11
597	9
598	11
599	9
600	9
601	9
602	9
603	8
604	8
605	8
606	8
607	8
608	8
609	8
610	8
611	8
612	8
613	8
614	8
615	8
616	8
617	11
618	11
619	9
620	11
621	11
622	11
623	11
624	11
625	11
626	11
627	11
628	9
629	9
630	9
631	9
632	11
633	11
634	11
635	9
636	11
637	11
638	11
639	8
640	8
641	8
642	8
643	8
644	8
645	8
646	8
647	8
648	8
649	8
650	8
651	8
652	8
653	8
654	8
655	8
656	8
657	13
658	13
659	13
660	13
661	7
662	7
663	7
664	7
665	7
666	7
667	7
668	7
669	7
670	11
671	11
672	11
673	11
674	11
675	11
676	11
677	11
678	11
679	11
680	7
681	7
682	7
683	7
684	7
685	7
686	7
687	7
688	7
689	7
690	7
691	7
692	7
693	7
694	7
695	7
696	7
697	11
698	11
699	11
700	11
701	11
702	11
703	11
704	11
705	11
706	12
707	11
708	11
709	11
710	11
711	11
712	11
713	11
714	7
715	7
716	11
717	11
718	11
719	11
720	11
721	11
722	11
723	11
724	11
725	11
726	11
727	11
728	11
729	11
730	11
731	11
732	3
733	3
734	3
735	3
736	7
737	13
738	13
739	13
740	13
741	13
742	13
743	13
744	13
745	3
746	3
747	3
748	7
749	7
750	7
751	3
752	3
753	3
754	3
755	3
756	3
757	3
758	3
759	3
760	3
761	3
762	7
763	7
764	7
765	7
766	13
767	13
768	13
769	13
770	7
771	3
772	13
773	13
774	13
775	13
776	13
777	13
778	13
779	13
780	13
781	13
782	13
783	13
784	13
785	9
786	13
787	13
788	13
789	13
790	13
791	9
792	9
793	9
794	9
795	9
796	9
797	9
798	9
799	9
800	9
801	13
802	13
803	13
804	13
805	9
806	9
807	9
808	13
809	13
810	13
811	10
812	10
813	10
814	10
815	10
816	4
817	10
818	10
819	10
820	10
821	10
822	10
823	10
824	10
825	4
826	10
827	10
828	4
829	10
830	10
831	10
832	4
833	4
834	10
835	10
836	10
837	10
838	10
839	4
840	10
841	4
842	10
843	10
844	10
845	10
846	10
847	10
848	10
849	10
850	10
851	10
852	10
853	10
854	10
855	10
856	10
857	10
858	8
859	8
860	8
861	8
862	8
863	8
864	8
865	8
866	8
867	8
868	8
869	8
870	8
871	10
872	10
873	4
874	10
875	10
876	10
877	10
878	10
879	10
880	4
881	10
882	10
883	10
884	10
885	10
886	10
887	10
888	10
889	10
890	10
891	10
892	10
893	10
894	10
895	10
896	10
897	10
898	10
899	10
900	10
901	10
902	10
903	10
904	10
905	10
906	4
907	10
908	10
909	4
910	10
911	10
912	10
913	10
914	10
915	10
916	4
917	10
918	10
919	4
920	10
921	10
922	10
923	10
924	4
925	10
926	10
927	10
928	10
929	10
930	10
931	10
932	10
933	10
934	4
935	10
936	10
937	10
938	10
939	10
940	10
941	4
942	10
943	10
944	10
945	10
946	10
947	10
948	10
949	10
950	10
951	10
952	10
953	10
954	10
955	10
956	10
957	10
958	10
959	10
960	10
961	10
962	10
963	10
964	10
965	10
966	10
967	4
968	10
969	10
970	4
971	10
972	10
973	10
974	10
975	10
976	10
977	10
978	4
979	10
980	4
981	4
982	10
983	10
984	10
985	12
986	12
987	12
988	12
989	12
990	12
991	12
992	12
993	12
994	12
995	12
996	12
997	12
998	12
999	12
1000	13
1001	12
1002	12
1003	12
1004	12
1005	12
1006	12
1007	10
1008	10
1009	12
1010	3
1011	10
1012	10
1013	10
1014	10
1015	10
1016	10
1017	3
1018	10
1019	10
1020	10
1021	10
1022	10
1023	10
1024	10
1025	10
1026	10
1027	3
1028	10
1029	10
1030	10
1031	10
1032	10
1033	10
1034	10
1035	10
1036	3
1037	3
1038	10
1039	10
1040	10
1041	10
1042	3
1043	10
1044	10
1045	10
1046	10
1047	3
1048	10
1049	10
1050	10
1051	10
1052	10
1053	10
1054	10
1055	3
1056	3
1057	3
1058	10
1059	10
1060	10
1061	10
1062	10
1063	3
1064	10
1065	3
1066	3
1067	3
1068	10
1069	10
1070	3
1071	10
1072	10
1073	10
1074	10
1075	8
1076	8
1077	8
1078	8
1079	8
1080	8
1081	8
1082	8
1083	8
1084	8
1085	8
1086	8
1087	11
1088	11
1089	11
1090	11
1091	11
1092	11
1093	11
1094	9
1095	9
1096	9
1097	9
1098	9
1099	9
1100	9
1101	9
1102	9
1103	9
1104	9
1105	9
1106	9
1107	4
1108	9
1109	4
1110	4
1111	9
1112	4
1113	4
1114	9
1115	4
1116	4
1117	4
1118	9
1119	4
1120	9
1121	4
1122	9
1123	4
1124	9
1125	9
1126	9
1127	4
1128	9
1129	4
1130	9
1131	9
1132	4
1133	9
1134	4
1135	4
1136	4
1137	4
1138	4
1139	4
1140	4
1141	4
1142	4
1143	4
1144	9
1145	9
1146	4
1147	4
1148	4
1149	4
1150	4
1151	4
1152	4
1153	9
1154	9
1155	9
1156	9
1157	9
1158	9
1159	9
1160	9
1161	9
1162	9
1163	9
1164	9
1165	9
1166	9
1167	9
1168	9
1169	10
1170	3
1171	10
1172	10
1173	10
1174	10
1175	3
1176	10
1177	10
1178	10
1179	10
1180	10
1181	10
1182	10
1183	10
1184	3
1185	10
1186	10
1187	10
1188	10
1189	10
1190	3
1191	10
1192	10
1193	10
1194	3
1195	10
1196	3
1197	10
1198	3
1199	10
1200	4
1201	4
1202	4
1203	4
1204	4
1205	4
1206	4
1207	4
1208	4
1209	4
1210	4
1211	4
1212	4
1213	4
1214	4
1215	4
1216	4
1217	4
1218	4
1219	4
1220	4
1221	4
1222	4
1223	4
1224	4
1225	4
1226	4
1227	4
1228	4
1229	4
1230	4
1231	4
1232	4
1233	4
1234	4
1235	4
1236	4
1237	4
1238	4
1239	4
1240	11
1241	11
1242	11
1243	11
1244	11
1245	11
1246	11
1247	11
1248	11
1249	11
1250	11
1251	11
1252	11
1253	3
1254	3
1255	3
1256	3
1257	3
1258	11
1259	11
1260	11
1261	11
1262	11
1263	11
1264	3
1265	3
1266	7
1267	3
1268	3
1269	7
1270	3
1271	7
1272	3
1273	7
1274	7
1275	7
1276	3
1277	7
1278	9
1279	9
1280	9
1281	11
1282	11
1283	11
1284	7
1285	3
1286	3
1287	7
1288	9
1289	9
1290	9
1291	9
1292	9
1293	9
1294	9
1295	9
1296	9
1297	9
1298	9
1299	9
1300	9
1301	9
1302	9
1303	8
1304	8
1305	8
1306	8
1307	8
1308	8
1309	8
1310	8
1311	8
1312	8
1313	8
1314	4
1315	4
1316	4
1317	4
1318	4
1319	4
1320	4
1321	4
1322	4
1323	4
1324	4
1325	4
1326	4
1327	4
1328	4
1329	4
1330	4
1331	4
1332	4
1333	4
1334	4
1335	4
1336	4
1337	4
1338	4
1339	4
1340	4
1341	4
1342	4
1343	4
1344	4
1345	4
1346	8
1347	8
1348	8
1349	8
1350	8
1351	8
1352	8
1353	8
1354	8
1355	8
1356	8
1357	8
1358	8
1359	8
1360	8
1361	8
1362	8
1363	4
1364	4
1365	4
1366	2
1367	2
1368	4
1369	4
1370	2
1371	2
1372	4
1373	4
1374	4
1375	4
1376	4
1377	4
1378	4
1379	2
1380	2
1381	9
1382	9
1383	9
1384	9
1385	9
1386	9
1387	9
1388	9
1389	9
1390	9
1391	9
1392	9
1393	9
1394	9
1395	9
1396	9
1397	7
1398	7
1399	7
1400	7
1401	7
1402	7
1403	7
1404	7
1405	7
1406	7
1407	7
1408	7
1409	7
1410	7
1411	7
1412	7
1413	7
1414	7
1415	7
1416	7
1417	7
1418	7
1419	7
1420	7
1421	7
1422	7
1423	7
1424	7
1425	7
1426	7
1427	7
1428	4
1429	4
1430	4
1431	4
1432	4
1433	4
1434	4
1435	4
1436	4
1437	4
1438	4
1439	4
1440	4
1441	3
1442	3
1443	3
1444	3
1445	3
1446	3
1447	3
1448	3
1449	3
1450	3
1451	3
1452	3
1453	3
1454	3
1455	4
1456	4
1457	4
1458	4
1459	4
1460	4
1461	4
1462	4
1463	4
1464	4
1465	9
1466	9
1467	9
1468	9
1469	9
1470	9
1471	9
1472	9
1473	9
1474	9
1475	9
1476	9
1477	9
1478	9
1479	9
1480	9
1481	9
1482	9
1483	9
1484	9
1485	9
1486	9
1487	9
1488	9
1489	3
1490	3
1491	3
1492	3
1493	3
1494	3
1495	3
1496	3
1497	3
1498	3
1499	3
1500	3
1501	7
1502	7
1503	7
1504	7
1505	7
1506	7
1507	7
1508	7
1509	7
1510	7
1511	7
1512	7
1513	7
1514	7
1515	7
1516	7
1517	7
1518	7
1519	7
1520	7
1521	7
1522	7
1523	7
1524	7
1525	7
1526	7
1527	7
1528	7
1529	13
1530	13
1531	13
1532	13
1533	13
1534	13
1535	13
1536	13
1537	13
1538	13
1539	13
1540	13
1541	13
1542	13
1543	13
1544	13
1545	13
1546	13
1547	13
1548	13
1549	13
1550	13
1551	13
1552	2
1553	2
1554	4
1555	4
1556	4
1557	2
1558	2
1559	2
1560	2
1561	2
1562	4
1563	2
1564	2
1565	2
1566	2
1567	2
1568	2
1569	2
1570	2
1571	2
1572	2
1573	2
1574	2
1575	2
1576	3
1577	3
1578	3
1579	3
1580	3
1581	3
1582	3
1583	3
1584	3
1585	3
1586	3
1587	3
1588	3
1589	3
1590	3
1591	3
1592	3
1593	8
1594	8
1595	8
1596	8
1597	8
1598	8
1599	8
1600	8
1601	8
1602	2
1603	2
1604	2
1605	2
1606	2
1607	2
1608	2
1609	2
1610	2
1611	2
1612	2
1613	2
1614	2
1615	2
1616	2
1617	2
1618	9
1619	9
1620	9
1621	9
1622	9
1623	9
1624	9
1625	9
1626	9
1627	9
1628	9
1629	3
1630	3
1631	3
1632	3
1633	3
1634	3
1635	3
1636	3
1637	3
1638	3
1639	3
1640	3
1641	3
1642	3
1643	3
1644	9
1645	9
1646	9
1647	9
1648	9
1649	3
1650	3
1651	3
1652	3
1653	3
1654	3
1655	3
1656	3
1658	3
1659	3
1660	3
1661	3
1662	3
1663	3
1664	3
1665	3
1666	3
1667	3
1668	3
1669	3
1670	3
1671	3
1672	3
1673	9
1674	3
1675	3
1676	3
1677	9
1678	11
1679	11
1680	11
1681	11
1682	11
1683	11
1684	11
1685	7
1686	7
1687	7
1688	7
1689	7
1690	7
1691	7
1692	7
1693	7
1694	7
1695	7
1696	7
1697	7
1698	7
1699	7
1700	7
1701	7
1702	7
1703	5
1704	5
1705	7
1706	7
1707	7
1708	7
1709	7
1710	7
1711	7
1712	7
1713	9
1714	9
1715	9
1716	9
1717	9
1718	9
1719	9
1720	9
1721	9
1722	9
1723	9
1724	9
1725	7
1726	7
1727	7
1728	9
1729	7
1730	7
1731	7
1732	7
1733	7
1734	7
1735	7
1736	7
1737	7
1738	7
1739	7
1740	7
1741	7
1742	1
1743	1
1744	1
1745	1
1746	7
1747	1
1748	1
1749	1
1750	1
1751	1
1752	1
1753	1
1754	1
1755	7
1756	1
1757	9
1758	9
1759	9
1760	9
1761	7
1762	1
1763	1
1764	1
1765	1
1766	1
1767	1
1768	1
1769	1
1770	1
1771	1
1772	1
1773	7
1774	9
1775	9
1776	9
1777	9
1778	9
1779	9
1780	9
1781	9
1782	9
1783	9
1784	9
1785	9
1786	9
1787	1
1788	1
1789	1
1790	1
1791	1
1792	1
1793	1
1794	1
1795	9
1796	9
1797	9
1798	9
1799	1
1800	7
1801	7
1802	1
1803	1
1804	1
1805	1
1806	1
1807	1
1808	1
1809	5
1810	5
1811	5
1812	5
1813	5
1814	5
1815	5
1816	5
1817	5
1818	5
1819	5
1820	5
1821	5
1822	5
1823	5
1824	5
1825	5
1826	5
1827	5
1828	5
1829	5
1830	11
1831	11
1832	11
1833	11
1834	11
1835	5
1836	5
1837	11
1838	5
1839	5
1840	2
1841	2
1842	2
1843	2
1844	2
1845	5
1846	5
1847	5
1848	5
1849	5
1850	5
1851	5
1852	5
1853	5
1854	5
1855	5
1856	5
1857	9
1858	9
1859	9
1860	9
1861	9
1862	9
1863	5
1864	5
1865	5
1866	5
1867	5
1868	5
1869	5
1870	5
1871	5
1872	12
1873	12
1874	11
1875	12
1876	12
1877	12
1878	12
1879	12
1880	12
1881	12
1882	12
1883	12
1884	11
1885	11
1886	11
1887	12
1888	12
1889	12
1890	12
1891	11
1892	12
1893	12
1894	12
1895	8
1896	8
1897	8
1898	9
1899	9
1900	9
1901	9
1902	9
1903	9
1904	8
1905	8
1906	8
1907	8
1908	8
1909	8
1910	8
1911	8
1912	8
1913	8
1914	8
1915	8
1916	9
1917	9
1918	9
1919	9
1920	9
1921	9
1922	9
1923	9
1924	8
1925	8
1926	8
1927	8
1928	8
1929	8
1930	8
1931	8
1932	8
1933	8
1934	8
1935	8
1936	8
1937	8
1938	8
1939	8
1940	8
1941	8
1942	8
1943	8
1944	8
1945	8
1946	8
1947	8
1948	8
1949	8
1950	8
1951	8
1952	8
1953	8
1954	8
1955	8
1956	8
1957	8
1958	8
1959	8
1960	8
1961	8
1962	8
1963	8
1964	8
1965	8
1966	8
1967	8
1968	8
1969	8
1970	8
1971	8
1972	8
1973	8
1974	8
1975	8
1976	13
1977	13
1978	13
1979	13
1980	13
1981	13
1982	13
1983	13
1984	13
1985	13
1986	13
1987	13
1988	13
1989	13
1990	13
1991	13
1992	13
1993	13
1994	13
1995	13
1996	13
1997	13
1998	13
1999	13
2000	13
2001	13
2002	13
2003	13
2004	13
2005	13
2006	13
2007	13
2008	13
2009	13
2010	13
2011	13
2012	13
2013	13
2014	13
2015	13
2016	13
2017	11
2018	11
2019	11
2020	11
2021	11
2022	11
2023	11
2024	13
2025	11
2026	11
2027	11
2028	11
2029	11
2030	13
2031	13
2032	13
2033	13
2034	13
2035	13
2036	13
2037	13
2038	11
2039	11
2040	11
2041	11
2042	11
2043	11
2044	11
2045	11
2046	13
2047	13
2048	11
2049	11
2050	11
2051	13
2052	13
2053	13
2054	13
2055	13
2056	13
2057	13
2058	2
2059	13
2060	13
2061	2
2062	2
2063	13
2064	13
2065	13
2066	13
2067	13
2068	11
2069	11
2070	11
2071	11
2072	11
2073	11
2074	11
2075	11
2076	11
2077	11
2078	11
2079	11
2080	11
2081	11
2082	11
2083	11
2084	11
2085	11
2086	11
2087	11
2088	11
2089	3
2090	3
2091	3
2092	3
2093	3
2094	3
2095	3
2096	8
2097	8
2098	8
2099	8
2100	8
2101	8
2102	8
2103	7
2104	7
2105	7
2106	7
2107	8
2108	8
2109	8
2110	7
2111	7
2112	7
2113	1
2114	5
2115	5
2116	5
2117	5
2118	1
2119	1
2120	5
2121	5
2122	1
2123	1
2124	11
2125	5
2126	5
2127	5
2128	5
2129	5
2130	1
2131	1
2132	1
2133	1
2134	1
2135	1
2136	1
2137	1
2138	1
2139	5
2140	1
2141	1
2142	1
2143	1
2144	1
2145	5
2146	1
2147	1
2148	5
2149	1
2150	5
2151	5
2152	5
2153	5
2154	1
2155	1
2156	1
2157	1
2158	5
2159	1
2160	5
2161	5
2162	5
2163	5
2164	5
2165	5
2166	1
2167	1
2168	5
2169	5
2170	5
2171	1
2172	5
2173	5
2174	1
2175	1
2176	1
2177	1
2178	5
2179	5
2180	5
2181	5
2182	5
2183	5
2184	5
2185	5
2186	5
2187	5
2188	1
2189	5
2190	5
2191	5
2192	5
2193	5
2194	1
2195	1
2196	1
2197	1
2198	1
2199	1
2200	5
2201	1
2202	1
2203	1
2204	5
2205	5
2206	5
2207	5
2208	5
2209	5
2210	5
2211	1
2212	1
2213	5
2214	5
2215	1
2216	1
2217	5
2218	5
2219	5
2220	5
2221	5
2222	1
2223	1
2224	5
2225	5
2226	5
2227	5
2228	1
2229	1
2230	5
2231	5
2232	5
2233	1
2234	1
2235	1
2236	1
2237	1
2238	1
2239	5
2240	5
2241	1
2242	1
2243	1
2244	1
2245	1
2246	5
2247	5
2248	5
2249	5
2250	5
2251	5
2252	5
2253	1
2254	1
2255	1
2256	5
2257	1
2258	5
2259	5
2260	5
2261	5
2262	5
2263	5
2264	5
2265	5
2266	1
2267	5
2268	5
2269	1
2270	1
2271	1
2272	1
2273	1
2274	1
2275	5
2276	5
2277	1
2278	1
2279	1
2280	1
2281	1
2282	1
2283	1
2284	11
2285	11
2286	1
2287	1
2288	5
2289	5
2290	5
2291	5
2292	5
2293	5
2294	5
2295	5
2296	5
2297	1
2298	1
2299	1
2300	1
2301	5
2302	1
2303	5
2304	1
2305	5
2306	5
2307	5
2308	5
2309	11
2310	11
2311	11
2312	4
2313	4
2314	4
2315	4
2316	4
2317	4
2318	4
2319	4
2320	4
2321	4
2322	4
2323	4
2324	4
2325	4
2326	4
2327	4
2328	4
2329	4
2330	8
2331	8
2332	8
2333	8
2334	8
2335	8
2336	8
2337	8
2338	8
2339	8
2340	8
2341	8
2342	8
2343	8
2344	8
2345	8
2346	10
2347	10
2348	10
2349	10
2350	10
2351	10
2352	10
2353	10
2354	10
2355	10
2356	10
2357	10
2358	10
2359	10
2360	10
2361	10
2362	10
2363	10
2364	10
2365	10
2366	1
2367	1
2368	1
2369	1
2370	1
2371	1
2372	1
2373	1
2374	1
2375	1
2376	1
2377	1
2378	1
2379	1
2380	1
2381	1
2382	1
2383	1
2384	1
2385	1
2386	1
2387	1
2388	4
2389	4
2390	1
2391	1
2392	1
2393	1
2394	1
2395	1
2396	1
2397	1
2398	4
2399	4
2400	1
2401	1
2402	1
2403	1
2404	1
2405	1
2406	1
2407	1
2408	4
2409	1
2410	1
2411	1
2412	1
2413	1
2414	1
2415	6
2416	6
2417	6
2418	6
2419	6
2420	6
2421	6
2422	6
2423	6
2424	6
2425	6
2426	6
2427	6
2428	6
2429	6
2430	6
2431	6
2432	6
2433	6
2434	6
2435	6
2436	6
2437	6
2438	6
2439	6
2440	6
2441	6
2442	6
2443	6
2444	6
2445	6
2446	6
2447	6
2448	6
2449	2
2450	2
2451	2
2452	2
2453	2
2454	2
2455	6
2456	2
2457	2
2458	2
2459	2
2460	6
2461	6
2462	2
2463	2
2464	2
2465	6
2466	6
2467	2
2468	2
2469	2
2470	2
2471	2
2472	2
2473	6
2474	6
2475	2
2476	2
2477	2
2478	2
2479	2
2480	2
2481	6
2482	2
2483	2
2484	2
2485	2
2486	2
2487	2
2488	2
2489	2
2490	2
2491	2
2492	2
2493	2
2494	2
2495	2
2496	6
2497	6
2498	6
2499	6
2500	2
2501	2
2502	6
2503	6
2504	6
2505	6
2506	6
2507	6
2508	6
2509	6
2510	6
2511	6
2512	6
2513	6
2514	6
2515	2
2516	2
2517	6
2518	2
2519	2
2520	2
2521	2
2522	6
2523	6
2524	6
2525	6
2526	6
2527	6
2528	6
2529	6
2530	6
2531	6
2532	6
2533	6
2534	6
2535	6
2536	6
2537	6
2538	6
2539	2
2540	6
2541	2
2542	6
2543	6
2544	2
2545	2
2546	2
2547	6
2548	6
2549	6
2550	6
2551	2
2552	6
2553	6
2554	2
2555	2
2556	2
2557	2
2558	6
2559	6
2560	6
2561	6
2562	6
2563	6
2564	6
2565	6
2566	6
2567	6
2568	6
2569	6
2570	6
2571	6
2572	6
2573	6
2574	6
2575	2
2576	2
2577	2
2578	2
2579	2
2580	2
2581	6
2582	6
2583	2
2584	2
2585	6
2586	6
2587	6
2588	6
2589	6
2590	6
2591	6
2592	6
2593	6
2594	6
2595	6
2596	6
2597	6
2598	6
2599	6
2600	6
2601	6
2602	6
2603	6
2604	6
2605	6
2606	11
2607	11
2608	11
2609	11
2610	11
2611	11
2612	11
2613	11
2614	11
2615	11
2616	11
2617	11
2618	11
2619	11
2620	11
2621	11
2622	11
2623	11
2624	11
2625	11
2626	11
2627	11
2628	11
2629	11
2630	11
2631	11
2632	11
2633	11
2634	11
2635	11
2636	11
2637	11
2638	11
2639	11
2640	12
2641	12
2642	13
2643	13
2644	13
2645	12
2646	12
2647	12
2648	12
2649	13
2650	13
2651	12
2652	12
2653	12
2654	12
2655	12
2656	13
2657	12
2658	13
2659	13
2660	13
2661	12
2662	12
2663	13
2664	12
2665	12
2666	12
2667	12
2668	12
2669	12
2670	12
2671	12
2672	13
2673	12
2674	13
2675	12
2676	12
2677	12
2678	12
2679	12
2680	12
2681	12
2682	12
2683	12
2684	12
2685	12
2686	12
2687	12
2688	8
2689	8
2690	8
2691	8
315	3
1657	3
