0	9
1	9
2	9
3	9
4	9
5	9
6	9
7	3
8	10
9	3
10	3
11	10
12	10
13	10
14	10
15	10
16	10
17	10
18	7
19	7
20	3
21	11
22	11
23	11
24	11
25	11
26	11
27	11
28	11
29	7
30	7
31	7
32	7
33	7
34	7
35	7
36	7
37	7
38	7
39	7
40	7
41	7
42	7
43	7
44	7
45	7
46	7
47	7
48	7
49	7
50	7
51	7
52	7
53	5
54	5
55	5
56	5
57	5
58	7
59	7
60	7
61	7
62	7
63	7
64	7
65	5
66	5
67	5
68	5
69	5
70	5
71	11
72	11
73	11
74	11
75	7
76	7
77	7
78	7
79	7
80	7
81	7
82	7
83	6
84	6
85	6
86	6
87	6
88	6
89	6
90	6
91	6
92	6
93	6
94	6
95	6
96	10
97	10
98	10
99	10
100	10
101	10
102	3
103	10
104	3
105	10
106	10
107	10
108	10
109	10
110	10
111	10
112	10
113	10
114	10
115	10
116	10
117	10
118	10
119	10
120	10
121	10
122	10
123	10
124	10
125	10
126	10
127	10
128	10
129	1
130	1
131	1
132	1
133	1
134	1
135	1
136	1
137	1
138	1
139	1
140	1
141	1
142	1
143	1
144	1
145	1
146	1
147	1
148	1
149	1
150	1
151	1
152	1
153	1
154	1
155	1
156	1
157	1
158	1
159	1
160	1
161	1
162	1
163	1
164	1
165	1
166	6
167	6
168	6
169	6
170	6
171	6
172	6
173	6
174	6
175	6
176	6
177	6
178	6
179	6
180	6
181	6
182	6
183	2
184	2
185	2
186	2
187	2
188	2
189	2
190	2
191	2
192	2
193	2
194	2
195	2
196	2
197	2
198	2
199	2
200	2
201	2
202	2
203	2
204	2
205	2
206	2
207	2
208	11
209	11
210	11
211	11
212	11
213	11
214	11
215	11
216	11
217	11
218	11
219	11
220	11
221	11
222	11
223	11
224	11
225	11
226	1
227	1
228	1
229	1
230	1
231	1
232	1
233	1
234	1
235	1
236	11
237	11
238	11
239	11
240	11
241	11
242	11
243	11
244	11
245	11
246	11
247	11
248	2
249	2
250	2
251	2
252	2
253	2
254	2
255	2
256	2
257	2
258	2
259	2
260	2
261	11
262	8
263	11
264	8
265	8
266	8
267	8
268	11
269	8
270	8
271	8
272	8
273	8
274	8
275	8
276	8
277	8
278	11
279	11
280	11
281	11
282	11
283	11
284	11
285	8
286	8
287	8
288	11
289	8
290	8
291	11
292	8
293	11
294	8
295	11
296	8
297	8
298	8
299	8
300	8
301	8
302	2
303	2
304	2
305	2
306	5
307	5
308	5
309	5
310	5
311	5
312	5
313	5
314	5
316	7
317	7
318	7
319	7
320	7
321	7
322	7
323	7
324	7
325	7
326	7
327	7
328	7
329	7
330	7
331	5
332	5
333	5
334	5
335	5
336	5
337	7
338	7
339	7
340	5
341	5
342	5
343	5
344	5
345	12
346	5
347	5
348	5
349	5
350	5
351	5
352	5
353	5
354	5
355	5
356	1
357	1
358	1
359	1
360	1
361	1
362	1
363	1
364	1
365	1
366	1
367	1
368	1
369	5
370	5
371	5
372	5
373	5
374	5
375	5
376	5
377	5
378	5
379	5
380	5
381	5
382	5
383	5
384	5
385	5
386	5
387	5
388	5
389	7
390	7
391	7
392	7
393	7
394	5
395	5
396	5
397	5
398	7
399	7
400	7
401	7
402	7
403	11
404	11
405	11
406	11
407	11
408	1
409	9
410	9
411	9
412	9
413	9
414	9
415	9
416	9
417	9
418	9
419	9
420	9
421	9
422	9
423	9
424	9
425	6
426	6
427	6
428	6
429	6
430	6
431	6
432	6
433	9
434	9
435	9
436	9
437	9
438	9
439	9
440	9
441	9
442	9
443	9
444	9
445	9
446	6
447	6
448	6
449	6
450	6
451	9
452	9
453	9
454	6
455	6
456	6
457	9
458	9
459	9
460	9
461	9
462	9
463	6
464	6
465	6
466	6
467	6
468	6
469	6
470	6
471	6
472	6
473	9
474	9
475	8
476	8
477	8
478	8
479	8
480	8
481	8
482	8
483	8
484	11
485	11
486	8
487	8
488	8
489	8
490	8
491	8
492	8
493	8
494	8
495	8
496	8
497	8
498	11
499	8
500	8
501	8
502	11
503	8
504	8
505	8
506	1
507	11
508	11
509	11
510	11
511	11
512	11
513	11
514	11
515	11
516	11
517	11
518	11
519	11
520	11
521	11
522	13
523	13
524	13
525	13
526	2
527	2
528	13
529	13
530	13
531	13
532	13
533	13
534	13
535	13
536	13
537	13
538	2
539	2
540	2
541	2
542	2
543	2
544	2
545	2
546	2
547	2
548	2
549	2
550	2
551	2
552	2
553	2
554	2
555	2
556	2
557	2
558	2
559	11
560	11
561	11
562	11
563	11
564	11
565	2
566	2
567	2
568	2
569	2
570	4
571	4
572	4
573	4
574	13
575	4
576	4
577	4
578	13
579	4
580	4
581	2
582	2
583	2
584	2
585	2
586	2
587	1
588	1
589	1
590	1
591	1
592	11
593	11
594	1
595	11
596	1
597	11
598	1
599	11
600	11
601	11
602	11
603	2
604	2
605	2
606	2
607	2
608	2
609	2
610	2
611	2
612	2
613	2
614	2
615	2
616	2
617	1
618	1
619	11
620	1
621	1
622	1
623	1
624	1
625	1
626	1
627	11
628	11
629	11
630	11
631	11
632	11
633	1
634	11
635	11
636	1
637	1
638	1
639	2
640	2
641	2
642	2
643	2
644	2
645	2
646	2
647	2
648	2
649	2
650	2
651	2
652	2
653	2
654	2
655	2
656	2
657	8
658	8
659	8
660	8
661	9
662	9
663	9
664	9
665	9
666	9
667	9
668	9
669	9
670	1
671	1
672	1
673	1
674	1
675	1
676	1
677	1
678	1
679	1
680	9
681	9
682	9
683	9
684	9
685	9
686	9
687	9
688	9
689	9
690	9
691	9
692	9
693	9
694	9
695	9
696	9
697	1
698	1
699	1
700	1
701	1
702	1
703	1
704	1
705	1
706	1
707	1
708	1
709	1
710	1
711	1
712	1
713	1
714	9
715	9
716	11
717	11
718	1
719	1
720	1
721	11
722	11
723	11
724	11
725	11
726	11
727	11
728	11
729	11
730	11
731	11
732	7
733	7
734	7
735	7
736	7
737	8
738	8
739	8
740	8
741	8
742	8
743	8
744	8
745	7
746	7
747	7
748	7
749	7
750	7
751	7
752	7
753	7
754	7
755	7
756	7
757	7
758	7
759	7
760	7
761	7
762	7
763	7
764	7
765	7
766	8
767	8
768	8
769	8
770	7
771	7
772	8
773	8
774	8
775	8
776	8
777	8
778	8
779	8
780	8
781	8
782	8
783	8
784	8
785	11
786	8
787	8
788	8
789	8
790	8
791	11
792	11
793	11
794	11
795	11
796	11
797	11
798	11
799	11
800	11
801	8
802	8
803	8
804	8
805	11
806	11
807	11
808	8
809	8
810	8
811	10
812	10
813	10
814	10
815	13
816	13
817	13
818	10
819	13
820	10
821	10
822	13
823	10
824	13
825	13
826	13
827	13
828	13
829	10
830	10
831	10
832	13
833	13
834	10
835	10
836	10
837	10
838	10
839	13
840	10
841	13
842	10
843	10
844	13
845	13
846	13
847	10
848	13
849	13
850	10
851	13
852	10
853	10
854	13
855	13
856	10
857	13
858	2
859	2
860	2
861	2
862	2
863	2
864	2
865	2
866	2
867	2
868	2
869	2
870	2
871	10
872	10
873	13
874	13
875	10
876	13
877	13
878	13
879	13
880	13
881	10
882	10
883	10
884	10
885	10
886	10
887	13
888	10
889	13
890	13
891	13
892	10
893	10
894	10
895	10
896	10
897	13
898	13
899	13
900	13
901	10
902	10
903	10
904	10
905	10
906	13
907	13
908	10
909	13
910	13
911	13
912	10
913	13
914	10
915	10
916	13
917	10
918	13
919	13
920	13
921	13
922	13
923	10
924	13
925	10
926	13
927	10
928	10
929	10
930	10
931	10
932	13
933	13
934	13
935	10
936	10
937	13
938	13
939	13
940	13
941	13
942	10
943	13
944	13
945	10
946	13
947	10
948	10
949	10
950	13
951	13
952	13
953	13
954	13
955	13
956	13
957	10
958	10
959	13
960	13
961	13
962	10
963	10
964	10
965	10
966	13
967	13
968	13
969	10
970	13
971	13
972	10
973	10
974	13
975	10
976	10
977	10
978	13
979	13
980	13
981	13
982	7
983	10
984	10
985	6
986	6
987	6
988	6
989	6
990	6
991	6
992	6
993	6
994	6
995	6
996	6
997	6
998	6
999	6
1000	6
1001	6
1002	6
1003	6
1004	6
1005	6
1006	6
1007	7
1008	10
1009	6
1010	10
1011	10
1012	10
1013	10
1014	7
1015	7
1016	7
1017	10
1018	10
1019	10
1020	7
1021	7
1022	7
1023	7
1024	7
1025	7
1026	7
1027	10
1028	7
1029	7
1030	7
1031	10
1032	7
1033	7
1034	7
1035	7
1036	7
1037	10
1038	7
1039	10
1040	7
1041	7
1042	10
1043	7
1044	7
1045	7
1046	7
1047	7
1048	10
1049	10
1050	7
1051	10
1052	7
1053	7
1054	7
1055	7
1056	10
1057	10
1058	7
1059	7
1060	7
1061	7
1062	10
1063	7
1064	7
1065	10
1066	10
1067	10
1068	7
1069	7
1070	10
1071	7
1072	7
1073	7
1074	7
1075	2
1076	2
1077	2
1078	2
1079	2
1080	2
1081	2
1082	2
1083	2
1084	2
1085	2
1086	2
1087	8
1088	8
1089	8
1090	8
1091	8
1092	8
1093	8
1094	11
1095	11
1096	11
1097	11
1098	11
1099	11
1100	11
1101	11
1102	11
1103	11
1104	11
1105	11
1106	11
1107	5
1108	5
1109	5
1110	5
1111	5
1112	5
1113	5
1114	5
1115	5
1116	5
1117	5
1118	5
1119	5
1120	5
1121	5
1122	5
1123	5
1124	5
1125	5
1126	5
1127	5
1128	5
1129	5
1130	5
1131	5
1132	5
1133	5
1134	5
1135	5
1136	13
1137	13
1138	13
1139	13
1140	5
1141	5
1142	5
1143	5
1144	5
1145	5
1146	5
1147	5
1148	5
1149	5
1150	5
1151	5
1152	5
1153	5
1154	5
1155	5
1156	5
1157	5
1158	5
1159	5
1160	5
1161	5
1162	12
1163	12
1164	5
1165	12
1166	5
1167	5
1168	5
1169	7
1170	10
1171	10
1172	10
1173	10
1174	7
1175	10
1176	7
1177	10
1178	10
1179	10
1180	10
1181	10
1182	10
1183	10
1184	10
1185	7
1186	10
1187	7
1188	7
1189	7
1190	10
1191	10
1192	10
1193	7
1194	10
1195	7
1196	10
1197	10
1198	10
1199	7
1200	13
1201	13
1202	13
1203	13
1204	13
1205	13
1206	13
1207	13
1208	13
1209	13
1210	13
1211	13
1212	13
1213	13
1214	13
1215	13
1216	13
1217	13
1218	13
1219	13
1220	13
1221	13
1222	13
1223	13
1224	13
1225	13
1226	13
1227	13
1228	13
1229	13
1230	13
1231	13
1232	13
1233	13
1234	13
1235	13
1236	13
1237	13
1238	13
1239	13
1240	11
1241	1
1242	1
1243	11
1244	1
1245	1
1246	1
1247	1
1248	11
1249	1
1250	11
1251	11
1252	1
1253	7
1254	7
1255	7
1256	7
1257	7
1258	11
1259	1
1260	1
1261	1
1262	1
1263	1
1264	7
1265	7
1266	9
1267	7
1268	7
1269	9
1270	7
1271	9
1272	9
1273	9
1274	9
1275	9
1276	7
1277	9
1278	11
1279	11
1280	11
1281	11
1282	1
1283	1
1284	9
1285	7
1286	7
1287	9
1288	12
1289	11
1290	11
1291	11
1292	11
1293	11
1294	11
1295	11
1296	11
1297	11
1298	11
1299	12
1300	11
1301	11
1302	11
1303	2
1304	2
1305	2
1306	2
1307	2
1308	2
1309	2
1310	2
1311	2
1312	2
1313	2
1314	13
1315	13
1316	13
1317	13
1318	13
1319	13
1320	13
1321	13
1322	13
1323	13
1324	13
1325	13
1326	13
1327	13
1328	13
1329	13
1330	13
1331	13
1332	13
1333	13
1334	13
1335	13
1336	13
1337	13
1338	13
1339	13
1340	13
1341	13
1342	13
1343	13
1344	13
1345	13
1346	2
1347	2
1348	2
1349	2
1350	2
1351	2
1352	2
1353	2
1354	2
1355	2
1356	2
1357	2
1358	2
1359	2
1360	2
1361	2
1362	2
1363	13
1364	5
1365	13
1366	5
1367	5
1368	13
1369	13
1370	13
1371	5
1372	5
1373	13
1374	13
1375	13
1376	13
1377	13
1378	13
1379	5
1380	5
1381	11
1382	11
1383	11
1384	11
1385	11
1386	11
1387	11
1388	11
1389	11
1390	11
1391	11
1392	11
1393	11
1394	11
1395	11
1396	11
1397	9
1398	2
1399	2
1400	2
1401	2
1402	2
1403	2
1404	9
1405	2
1406	2
1407	2
1408	2
1409	2
1410	9
1411	2
1412	2
1413	2
1414	2
1415	2
1416	2
1417	9
1418	9
1419	2
1420	9
1421	2
1422	9
1423	2
1424	2
1425	9
1426	9
1427	2
1428	4
1429	4
1430	4
1431	4
1432	4
1433	4
1434	4
1435	4
1436	4
1437	4
1438	4
1439	4
1440	4
1441	10
1442	10
1443	10
1444	10
1445	10
1446	10
1447	10
1448	10
1449	10
1450	10
1451	10
1452	10
1453	10
1454	10
1455	4
1456	4
1457	4
1458	4
1459	4
1460	4
1461	4
1462	4
1463	4
1464	4
1465	11
1466	11
1467	11
1468	11
1469	1
1470	11
1471	11
1472	1
1473	1
1474	11
1475	11
1476	11
1477	11
1478	11
1479	11
1480	11
1481	11
1482	11
1483	11
1484	11
1485	11
1486	11
1487	1
1488	1
1489	7
1490	7
1491	7
1492	7
1493	7
1494	7
1495	7
1496	7
1497	7
1498	7
1499	7
1500	7
1501	9
1502	9
1503	9
1504	9
1505	9
1506	9
1507	9
1508	9
1509	9
1510	9
1511	9
1512	9
1513	9
1514	9
1515	9
1516	9
1517	9
1518	9
1519	9
1520	9
1521	9
1522	9
1523	9
1524	9
1525	9
1526	9
1527	9
1528	9
1529	6
1530	6
1531	6
1532	6
1533	6
1534	6
1535	6
1536	6
1537	6
1538	6
1539	6
1540	6
1541	6
1542	6
1543	6
1544	6
1545	6
1546	6
1547	6
1548	6
1549	6
1550	6
1551	6
1552	6
1553	13
1554	13
1555	13
1556	13
1557	13
1558	13
1559	13
1560	13
1561	13
1562	13
1563	13
1564	13
1565	13
1566	13
1567	13
1568	13
1569	13
1570	13
1571	13
1572	13
1573	13
1574	13
1575	13
1576	7
1577	7
1578	7
1579	7
1580	7
1581	7
1582	7
1583	7
1584	7
1585	7
1586	7
1587	7
1588	7
1589	7
1590	7
1591	7
1592	7
1593	2
1594	2
1595	2
1596	2
1597	2
1598	2
1599	2
1600	2
1601	2
1602	13
1603	6
1604	13
1605	13
1606	13
1607	6
1608	13
1609	13
1610	13
1611	13
1612	13
1613	13
1614	13
1615	13
1616	13
1617	13
1618	11
1619	11
1620	11
1621	11
1622	11
1623	11
1624	11
1625	11
1626	11
1627	11
1628	11
1629	10
1630	10
1631	10
1632	10
1633	10
1634	10
1635	10
1636	10
1637	10
1638	10
1639	10
1640	10
1641	10
1642	10
1643	10
1644	11
1645	11
1646	11
1647	11
1648	11
1649	10
1650	10
1651	10
1652	10
1653	10
1654	10
1655	10
1656	10
1658	10
1659	10
1660	10
1661	10
1662	10
1663	10
1664	10
1665	10
1666	10
1667	10
1668	10
1669	10
1670	10
1671	10
1672	10
1673	11
1674	10
1675	10
1676	10
1677	11
1678	8
1679	8
1680	8
1681	8
1682	8
1683	8
1684	8
1685	9
1686	9
1687	9
1688	9
1689	9
1690	9
1691	9
1692	9
1693	9
1694	9
1695	9
1696	9
1697	9
1698	9
1699	9
1700	9
1701	3
1702	7
1703	3
1704	3
1705	7
1706	7
1707	7
1708	7
1709	3
1710	7
1711	7
1712	7
1713	11
1714	11
1715	11
1716	11
1717	11
1718	11
1719	11
1720	11
1721	11
1722	11
1723	11
1724	11
1725	7
1726	7
1727	7
1728	11
1729	7
1730	7
1731	7
1732	7
1733	7
1734	7
1735	7
1736	3
1737	3
1738	3
1739	3
1740	3
1741	7
1742	9
1743	9
1744	9
1745	9
1746	9
1747	9
1748	9
1749	9
1750	9
1751	9
1752	9
1753	9
1754	9
1755	9
1756	9
1757	11
1758	11
1759	11
1760	11
1761	9
1762	9
1763	9
1764	9
1765	9
1766	9
1767	9
1768	9
1769	9
1770	9
1771	9
1772	9
1773	9
1774	11
1775	11
1776	11
1777	11
1778	11
1779	11
1780	11
1781	11
1782	11
1783	11
1784	11
1785	11
1786	11
1787	9
1788	9
1789	9
1790	9
1791	9
1792	9
1793	9
1794	9
1795	11
1796	11
1797	11
1798	11
1799	9
1800	9
1801	9
1802	9
1803	9
1804	9
1805	9
1806	9
1807	9
1808	9
1809	3
1810	3
1811	3
1812	3
1813	4
1814	3
1815	3
1816	3
1817	3
1818	3
1819	4
1820	3
1821	4
1822	3
1823	4
1824	4
1825	3
1826	3
1827	3
1828	3
1829	3
1830	11
1831	11
1832	11
1833	11
1834	11
1835	3
1836	4
1837	11
1838	3
1839	3
1840	1
1841	1
1842	1
1843	1
1844	1
1845	3
1846	4
1847	3
1848	3
1849	3
1850	4
1851	3
1852	3
1853	4
1854	3
1855	4
1856	3
1857	11
1858	11
1859	11
1860	11
1861	11
1862	11
1863	4
1864	4
1865	4
1866	4
1867	4
1868	3
1869	4
1870	3
1871	3
1872	8
1873	8
1874	8
1875	8
1876	8
1877	8
1878	8
1879	8
1880	8
1881	8
1882	8
1883	8
1884	8
1885	8
1886	8
1887	8
1888	8
1889	8
1890	8
1891	8
1892	8
1893	8
1894	8
1895	2
1896	2
1897	2
1898	5
1899	5
1900	5
1901	5
1902	5
1903	5
1904	2
1905	2
1906	2
1907	2
1908	2
1909	2
1910	2
1911	2
1912	2
1913	2
1914	2
1915	2
1916	5
1917	5
1918	5
1919	5
1920	5
1921	5
1922	5
1923	5
1924	2
1925	2
1926	2
1927	2
1928	2
1929	2
1930	2
1931	2
1932	2
1933	2
1934	2
1935	2
1936	2
1937	2
1938	2
1939	2
1940	2
1941	2
1942	2
1943	2
1944	2
1945	2
1946	2
1947	2
1948	2
1949	2
1950	2
1951	2
1952	2
1953	2
1954	2
1955	2
1956	2
1957	2
1958	2
1959	2
1960	2
1961	2
1962	2
1963	2
1964	2
1965	2
1966	2
1967	2
1968	2
1969	2
1970	2
1971	2
1972	2
1973	2
1974	2
1975	2
1976	6
1977	6
1978	6
1979	6
1980	6
1981	6
1982	6
1983	6
1984	6
1985	6
1986	6
1987	6
1988	6
1989	6
1990	6
1991	6
1992	6
1993	6
1994	6
1995	6
1996	6
1997	6
1998	6
1999	6
2000	6
2001	6
2002	6
2003	6
2004	6
2005	6
2006	6
2007	6
2008	6
2009	6
2010	6
2011	6
2012	6
2013	6
2014	6
2015	6
2016	6
2017	8
2018	8
2019	8
2020	8
2021	8
2022	8
2023	8
2024	8
2025	8
2026	8
2027	8
2028	8
2029	8
2030	8
2031	8
2032	8
2033	8
2034	8
2035	8
2036	8
2037	8
2038	11
2039	11
2040	11
2041	11
2042	11
2043	8
2044	8
2045	8
2046	8
2047	8
2048	11
2049	11
2050	8
2051	8
2052	8
2053	8
2054	8
2055	8
2056	8
2057	8
2058	6
2059	6
2060	6
2061	6
2062	6
2063	6
2064	6
2065	6
2066	6
2067	6
2068	11
2069	8
2070	8
2071	11
2072	11
2073	11
2074	11
2075	8
2076	11
2077	11
2078	11
2079	11
2080	11
2081	8
2082	11
2083	11
2084	8
2085	8
2086	8
2087	11
2088	11
2089	7
2090	7
2091	7
2092	7
2093	7
2094	7
2095	7
2096	9
2097	9
2098	9
2099	9
2100	9
2101	9
2102	9
2103	9
2104	9
2105	9
2106	9
2107	9
2108	9
2109	9
2110	9
2111	9
2112	9
2113	4
2114	4
2115	3
2116	3
2117	3
2118	4
2119	4
2120	3
2121	3
2122	4
2123	4
2124	8
2125	3
2126	3
2127	3
2128	3
2129	3
2130	4
2131	4
2132	4
2133	4
2134	4
2135	4
2136	4
2137	4
2138	4
2139	4
2140	4
2141	3
2142	4
2143	4
2144	4
2145	4
2146	4
2147	4
2148	3
2149	4
2150	3
2151	3
2152	3
2153	3
2154	4
2155	4
2156	4
2157	4
2158	3
2159	4
2160	3
2161	3
2162	3
2163	3
2164	3
2165	3
2166	4
2167	4
2168	4
2169	3
2170	3
2171	4
2172	3
2173	3
2174	4
2175	4
2176	4
2177	4
2178	3
2179	3
2180	3
2181	3
2182	3
2183	3
2184	3
2185	3
2186	3
2187	3
2188	4
2189	3
2190	3
2191	3
2192	3
2193	3
2194	4
2195	4
2196	4
2197	4
2198	4
2199	4
2200	3
2201	4
2202	4
2203	4
2204	3
2205	3
2206	3
2207	3
2208	3
2209	3
2210	3
2211	4
2212	4
2213	3
2214	3
2215	4
2216	4
2217	3
2218	3
2219	3
2220	3
2221	3
2222	4
2223	4
2224	3
2225	3
2226	3
2227	3
2228	4
2229	4
2230	3
2231	3
2232	3
2233	4
2234	4
2235	4
2236	4
2237	4
2238	4
2239	3
2240	3
2241	4
2242	4
2243	4
2244	4
2245	4
2246	3
2247	3
2248	3
2249	3
2250	3
2251	3
2252	3
2253	4
2254	4
2255	4
2256	3
2257	3
2258	4
2259	3
2260	3
2261	3
2262	3
2263	3
2264	3
2265	3
2266	4
2267	3
2268	3
2269	4
2270	4
2271	4
2272	4
2273	4
2274	4
2275	3
2276	3
2277	4
2278	4
2279	4
2280	4
2281	4
2282	4
2283	4
2284	8
2285	8
2286	4
2287	4
2288	3
2289	3
2290	3
2291	3
2292	3
2293	3
2294	3
2295	3
2296	3
2297	4
2298	4
2299	4
2300	4
2301	3
2302	4
2303	4
2304	4
2305	3
2306	3
2307	3
2308	3
2309	8
2310	8
2311	8
2312	7
2313	7
2314	7
2315	7
2316	7
2317	7
2318	7
2319	7
2320	7
2321	7
2322	7
2323	7
2324	7
2325	7
2326	7
2327	7
2328	7
2329	7
2330	2
2331	2
2332	2
2333	2
2334	2
2335	2
2336	2
2337	2
2338	2
2339	2
2340	2
2341	2
2342	2
2343	2
2344	2
2345	2
2346	7
2347	7
2348	7
2349	7
2350	7
2351	7
2352	7
2353	7
2354	7
2355	7
2356	7
2357	7
2358	7
2359	7
2360	7
2361	7
2362	7
2363	7
2364	7
2365	7
2366	4
2367	4
2368	4
2369	4
2370	4
2371	4
2372	4
2373	4
2374	4
2375	4
2376	4
2377	4
2378	4
2379	4
2380	4
2381	4
2382	4
2383	4
2384	4
2385	4
2386	4
2387	4
2388	4
2389	4
2390	4
2391	4
2392	4
2393	4
2394	4
2395	4
2396	4
2397	4
2398	4
2399	4
2400	4
2401	4
2402	4
2403	4
2404	4
2405	4
2406	4
2407	4
2408	4
2409	4
2410	4
2411	4
2412	4
2413	4
2414	4
2415	12
2416	12
2417	12
2418	12
2419	12
2420	12
2421	12
2422	12
2423	12
2424	12
2425	12
2426	12
2427	12
2428	12
2429	12
2430	12
2431	12
2432	12
2433	12
2434	12
2435	12
2436	12
2437	12
2438	12
2439	12
2440	12
2441	12
2442	12
2443	12
2444	12
2445	12
2446	12
2447	12
2448	12
2449	5
2450	5
2451	5
2452	5
2453	5
2454	5
2455	12
2456	5
2457	5
2458	5
2459	12
2460	12
2461	12
2462	5
2463	5
2464	5
2465	12
2466	12
2467	5
2468	5
2469	5
2470	5
2471	5
2472	12
2473	12
2474	12
2475	12
2476	5
2477	5
2478	5
2479	5
2480	12
2481	12
2482	12
2483	12
2484	12
2485	5
2486	5
2487	5
2488	5
2489	5
2490	5
2491	5
2492	5
2493	5
2494	5
2495	5
2496	12
2497	12
2498	12
2499	12
2500	12
2501	5
2502	12
2503	12
2504	12
2505	12
2506	12
2507	12
2508	12
2509	12
2510	12
2511	12
2512	12
2513	12
2514	12
2515	12
2516	12
2517	12
2518	12
2519	12
2520	12
2521	12
2522	12
2523	12
2524	12
2525	12
2526	12
2527	12
2528	12
2529	12
2530	12
2531	12
2532	12
2533	12
2534	12
2535	12
2536	12
2537	12
2538	12
2539	12
2540	12
2541	12
2542	12
2543	12
2544	12
2545	12
2546	12
2547	12
2548	12
2549	12
2550	12
2551	12
2552	12
2553	12
2554	12
2555	12
2556	12
2557	12
2558	12
2559	12
2560	12
2561	12
2562	12
2563	12
2564	12
2565	12
2566	12
2567	12
2568	12
2569	12
2570	12
2571	12
2572	12
2573	12
2574	12
2575	5
2576	5
2577	12
2578	5
2579	12
2580	12
2581	12
2582	12
2583	5
2584	12
2585	12
2586	12
2587	12
2588	12
2589	12
2590	12
2591	12
2592	12
2593	12
2594	12
2595	12
2596	12
2597	12
2598	12
2599	12
2600	12
2601	12
2602	12
2603	12
2604	12
2605	12
2606	8
2607	8
2608	8
2609	8
2610	8
2611	8
2612	8
2613	8
2614	8
2615	8
2616	8
2617	8
2618	8
2619	8
2620	8
2621	8
2622	8
2623	8
2624	8
2625	8
2626	8
2627	8
2628	8
2629	8
2630	8
2631	8
2632	8
2633	8
2634	8
2635	8
2636	8
2637	8
2638	8
2639	8
2640	6
2641	6
2642	6
2643	6
2644	6
2645	6
2646	6
2647	6
2648	6
2649	6
2650	6
2651	6
2652	6
2653	6
2654	6
2655	6
2656	6
2657	6
2658	6
2659	6
2660	6
2661	6
2662	6
2663	6
2664	6
2665	1
2666	6
2667	6
2668	1
2669	1
2670	6
2671	1
2672	6
2673	1
2674	6
2675	6
2676	6
2677	6
2678	6
2679	1
2680	1
2681	1
2682	1
2683	1
2684	1
2685	1
2686	6
2687	6
2688	2
2689	2
2690	2
2691	2
315	7
1657	10
