0	5
1	5
2	5
3	5
4	5
5	5
6	5
7	4
8	4
9	4
10	4
11	4
12	4
13	4
14	2
15	2
16	4
17	4
18	4
19	4
20	4
21	7
22	7
23	7
24	7
25	7
26	7
27	7
28	7
29	5
30	5
31	5
32	5
33	4
34	5
35	5
36	5
37	5
38	5
39	5
40	5
41	4
42	5
43	5
44	4
45	5
46	5
47	4
48	5
49	5
50	6
51	5
52	5
53	1
54	1
55	1
56	1
57	1
58	5
59	5
60	6
61	6
62	6
63	5
64	6
65	1
66	1
67	1
68	1
69	1
70	1
71	7
72	7
73	7
74	7
75	5
76	5
77	5
78	5
79	5
80	5
81	6
82	5
83	8
84	8
85	8
86	8
87	8
88	8
89	8
90	8
91	8
92	8
93	8
94	8
95	8
96	4
97	2
98	4
99	4
100	4
101	4
102	4
103	4
104	4
105	4
106	4
107	4
108	4
109	4
110	4
111	2
112	2
113	2
114	4
115	4
116	4
117	2
118	2
119	2
120	2
121	2
122	4
123	4
124	4
125	4
126	2
127	4
128	4
129	11
130	11
131	7
132	11
133	11
134	11
135	11
136	11
137	11
138	11
139	11
140	11
141	11
142	11
143	11
144	11
145	11
146	11
147	11
148	11
149	11
150	11
151	11
152	11
153	11
154	11
155	11
156	11
157	11
158	11
159	11
160	11
161	11
162	11
163	11
164	11
165	11
166	8
167	8
168	8
169	8
170	8
171	8
172	8
173	8
174	8
175	8
176	8
177	8
178	8
179	8
180	8
181	8
182	8
183	6
184	6
185	6
186	6
187	6
188	6
189	6
190	6
191	6
192	6
193	6
194	6
195	6
196	6
197	6
198	6
199	6
200	6
201	6
202	6
203	6
204	6
205	6
206	6
207	6
208	7
209	7
210	7
211	7
212	7
213	7
214	7
215	7
216	7
217	7
218	7
219	7
220	7
221	7
222	7
223	7
224	7
225	7
226	7
227	7
228	7
229	7
230	7
231	7
232	7
233	7
234	7
235	7
236	7
237	7
238	7
239	7
240	7
241	7
242	7
243	7
244	7
245	7
246	7
247	7
248	6
249	6
250	6
251	6
252	6
253	6
254	6
255	6
256	6
257	6
258	6
259	6
260	6
261	7
262	9
263	7
264	9
265	9
266	9
267	9
268	9
269	9
270	9
271	9
272	9
273	9
274	9
275	9
276	9
277	9
278	9
279	9
280	9
281	9
282	9
283	9
284	9
285	9
286	9
287	9
288	9
289	9
290	9
291	9
292	9
293	9
294	9
295	9
296	9
297	9
298	9
299	9
300	9
301	9
302	6
303	6
304	6
305	6
306	10
307	10
308	10
309	10
310	10
311	10
312	10
313	10
314	10
316	4
317	4
318	4
319	4
320	4
321	4
322	4
323	4
324	4
325	4
326	4
327	4
328	4
329	4
330	4
331	10
332	10
333	10
334	10
335	10
336	10
337	4
338	4
339	4
340	10
341	10
342	10
343	10
344	10
345	10
346	10
347	10
348	10
349	10
350	10
351	10
352	10
353	10
354	10
355	10
356	11
357	11
358	11
359	11
360	11
361	11
362	11
363	11
364	11
365	11
366	11
367	11
368	11
369	10
370	10
371	10
372	10
373	10
374	10
375	10
376	10
377	10
378	10
379	10
380	10
381	10
382	10
383	10
384	10
385	10
386	10
387	10
388	10
389	4
390	4
391	4
392	4
393	4
394	10
395	10
396	10
397	10
398	4
399	4
400	4
401	4
402	4
403	7
404	7
405	7
406	7
407	7
408	7
409	4
410	5
411	4
412	4
413	5
414	5
415	5
416	4
417	5
418	4
419	4
420	5
421	5
422	5
423	4
424	5
425	8
426	8
427	8
428	8
429	8
430	8
431	8
432	8
433	5
434	5
435	5
436	4
437	5
438	5
439	5
440	5
441	5
442	4
443	5
444	4
445	4
446	8
447	8
448	8
449	8
450	8
451	5
452	4
453	4
454	8
455	8
456	8
457	5
458	4
459	5
460	5
461	5
462	5
463	8
464	8
465	8
466	8
467	8
468	8
469	8
470	8
471	8
472	8
473	5
474	4
475	9
476	9
477	9
478	9
479	9
480	9
481	9
482	9
483	9
484	7
485	7
486	9
487	9
488	9
489	9
490	9
491	9
492	9
493	9
494	9
495	9
496	9
497	9
498	7
499	9
500	9
501	9
502	7
503	9
504	9
505	9
506	7
507	7
508	7
509	7
510	7
511	7
512	7
513	7
514	7
515	7
516	7
517	7
518	7
519	7
520	7
521	7
522	3
523	3
524	3
525	3
526	6
527	6
528	3
529	3
530	3
531	3
532	3
533	3
534	3
535	3
536	3
537	3
538	6
539	6
540	6
541	6
542	6
543	6
544	6
545	6
546	6
547	6
548	6
549	6
550	6
551	6
552	6
553	6
554	6
555	6
556	6
557	6
558	6
559	7
560	7
561	7
562	7
563	7
564	7
565	6
566	6
567	6
568	6
569	6
570	3
571	3
572	3
573	3
574	3
575	3
576	3
577	3
578	3
579	3
580	3
581	6
582	6
583	6
584	6
585	6
586	6
587	7
588	7
589	7
590	7
591	7
592	7
593	7
594	7
595	7
596	9
597	7
598	9
599	7
600	7
601	7
602	7
603	6
604	6
605	6
606	6
607	6
608	6
609	6
610	6
611	6
612	6
613	6
614	6
615	6
616	6
617	7
618	7
619	7
620	9
621	9
622	9
623	9
624	9
625	7
626	9
627	9
628	7
629	7
630	7
631	7
632	7
633	7
634	9
635	7
636	7
637	7
638	9
639	6
640	6
641	6
642	6
643	6
644	6
645	6
646	6
647	6
648	6
649	6
650	6
651	6
652	6
653	6
654	6
655	6
656	6
657	8
658	8
659	9
660	9
661	5
662	5
663	5
664	5
665	5
666	5
667	5
668	5
669	5
670	11
671	11
672	11
673	11
674	11
675	11
676	11
677	11
678	11
679	11
680	5
681	5
682	5
683	5
684	5
685	5
686	5
687	5
688	5
689	5
690	5
691	5
692	5
693	5
694	5
695	5
696	5
697	11
698	11
699	11
700	11
701	11
702	11
703	11
704	11
705	11
706	11
707	11
708	11
709	11
710	11
711	11
712	11
713	11
714	5
715	5
716	7
717	7
718	11
719	11
720	11
721	7
722	7
723	7
724	7
725	7
726	7
727	7
728	7
729	7
730	7
731	7
732	4
733	4
734	4
735	4
736	4
737	9
738	8
739	8
740	8
741	8
742	8
743	9
744	8
745	4
746	4
747	4
748	4
749	4
750	4
751	4
752	4
753	4
754	4
755	4
756	4
757	4
758	4
759	4
760	4
761	4
762	4
763	4
764	4
765	4
766	8
767	8
768	8
769	8
770	4
771	4
772	8
773	8
774	8
775	8
776	9
777	8
778	8
779	8
780	9
781	8
782	9
783	8
784	8
785	7
786	8
787	8
788	8
789	9
790	8
791	7
792	7
793	7
794	7
795	7
796	7
797	7
798	7
799	7
800	7
801	8
802	8
803	8
804	8
805	7
806	7
807	7
808	8
809	8
810	8
811	1
812	2
813	1
814	1
815	1
816	1
817	1
818	2
819	2
820	2
821	1
822	1
823	1
824	1
825	1
826	1
827	2
828	2
829	2
830	1
831	1
832	1
833	2
834	1
835	1
836	1
837	1
838	1
839	2
840	1
841	1
842	1
843	1
844	1
845	1
846	1
847	2
848	2
849	2
850	2
851	1
852	1
853	1
854	1
855	1
856	2
857	2
858	6
859	6
860	6
861	6
862	6
863	6
864	6
865	6
866	6
867	6
868	6
869	6
870	6
871	1
872	1
873	1
874	1
875	1
876	1
877	1
878	1
879	1
880	2
881	1
882	1
883	1
884	1
885	1
886	1
887	1
888	1
889	1
890	1
891	2
892	2
893	1
894	1
895	1
896	1
897	1
898	1
899	2
900	2
901	2
902	1
903	1
904	1
905	1
906	2
907	1
908	1
909	2
910	2
911	2
912	2
913	2
914	1
915	1
916	2
917	1
918	1
919	2
920	1
921	1
922	2
923	2
924	2
925	1
926	1
927	1
928	1
929	1
930	1
931	1
932	1
933	2
934	2
935	1
936	1
937	1
938	1
939	2
940	2
941	2
942	1
943	2
944	2
945	2
946	1
947	1
948	1
949	1
950	2
951	1
952	1
953	2
954	2
955	2
956	2
957	1
958	1
959	1
960	2
961	2
962	1
963	1
964	1
965	1
966	2
967	2
968	2
969	1
970	2
971	1
972	1
973	1
974	1
975	2
976	1
977	1
978	2
979	2
980	2
981	2
982	1
983	1
984	1
985	9
986	11
987	11
988	9
989	11
990	11
991	11
992	9
993	9
994	11
995	9
996	11
997	9
998	11
999	11
1000	9
1001	9
1002	9
1003	11
1004	11
1005	11
1006	11
1007	4
1008	1
1009	11
1010	1
1011	1
1012	1
1013	1
1014	1
1015	1
1016	1
1017	1
1018	1
1019	1
1020	1
1021	1
1022	4
1023	1
1024	1
1025	1
1026	1
1027	4
1028	1
1029	1
1030	1
1031	1
1032	1
1033	1
1034	4
1035	4
1036	4
1037	4
1038	1
1039	1
1040	1
1041	4
1042	4
1043	1
1044	1
1045	1
1046	1
1047	4
1048	1
1049	1
1050	4
1051	1
1052	1
1053	1
1054	4
1055	4
1056	4
1057	4
1058	4
1059	1
1060	4
1061	4
1062	1
1063	4
1064	4
1065	4
1066	4
1067	4
1068	4
1069	1
1070	4
1071	1
1072	1
1073	1
1074	1
1075	6
1076	6
1077	6
1078	6
1079	6
1080	6
1081	6
1082	6
1083	6
1084	6
1085	6
1086	6
1087	9
1088	9
1089	9
1090	9
1091	9
1092	9
1093	9
1094	7
1095	7
1096	7
1097	7
1098	7
1099	7
1100	7
1101	7
1102	7
1103	7
1104	7
1105	7
1106	7
1107	10
1108	10
1109	10
1110	10
1111	10
1112	10
1113	10
1114	10
1115	10
1116	10
1117	10
1118	10
1119	10
1120	10
1121	10
1122	10
1123	10
1124	10
1125	10
1126	10
1127	10
1128	10
1129	10
1130	10
1131	10
1132	10
1133	10
1134	10
1135	10
1136	2
1137	2
1138	2
1139	2
1140	10
1141	10
1142	10
1143	10
1144	10
1145	10
1146	10
1147	10
1148	10
1149	10
1150	10
1151	10
1152	10
1153	10
1154	10
1155	10
1156	10
1157	10
1158	10
1159	10
1160	10
1161	10
1162	10
1163	10
1164	10
1165	10
1166	10
1167	10
1168	10
1169	1
1170	4
1171	1
1172	1
1173	1
1174	4
1175	4
1176	1
1177	1
1178	1
1179	1
1180	1
1181	1
1182	1
1183	1
1184	1
1185	1
1186	1
1187	1
1188	1
1189	1
1190	1
1191	4
1192	1
1193	1
1194	1
1195	1
1196	4
1197	1
1198	1
1199	1
1200	2
1201	2
1202	2
1203	2
1204	2
1205	2
1206	2
1207	2
1208	2
1209	2
1210	2
1211	2
1212	2
1213	2
1214	2
1215	2
1216	2
1217	2
1218	2
1219	2
1220	2
1221	2
1222	2
1223	2
1224	2
1225	2
1226	2
1227	2
1228	2
1229	2
1230	2
1231	2
1232	2
1233	2
1234	2
1235	2
1236	2
1237	2
1238	2
1239	2
1240	9
1241	9
1242	9
1243	7
1244	9
1245	9
1246	9
1247	9
1248	7
1249	7
1250	7
1251	7
1252	7
1253	5
1254	5
1255	5
1256	5
1257	5
1258	7
1259	7
1260	7
1261	7
1262	9
1263	9
1264	5
1265	5
1266	5
1267	5
1268	5
1269	5
1270	5
1271	5
1272	5
1273	5
1274	5
1275	5
1276	5
1277	5
1278	10
1279	10
1280	10
1281	7
1282	9
1283	9
1284	5
1285	5
1286	5
1287	5
1288	10
1289	10
1290	10
1291	10
1292	10
1293	10
1294	10
1295	10
1296	10
1297	10
1298	7
1299	10
1300	10
1301	10
1302	10
1303	6
1304	6
1305	6
1306	6
1307	6
1308	6
1309	6
1310	6
1311	6
1312	6
1313	6
1314	2
1315	2
1316	2
1317	2
1318	2
1319	2
1320	2
1321	2
1322	2
1323	2
1324	2
1325	2
1326	2
1327	2
1328	2
1329	2
1330	2
1331	2
1332	2
1333	2
1334	2
1335	2
1336	2
1337	2
1338	2
1339	2
1340	2
1341	2
1342	2
1343	2
1344	2
1345	2
1346	6
1347	6
1348	6
1349	6
1350	6
1351	6
1352	6
1353	6
1354	6
1355	6
1356	6
1357	6
1358	6
1359	6
1360	6
1361	6
1362	6
1363	11
1364	11
1365	11
1366	11
1367	11
1368	11
1369	11
1370	11
1371	11
1372	11
1373	11
1374	11
1375	11
1376	11
1377	11
1378	11
1379	11
1380	11
1381	10
1382	7
1383	7
1384	7
1385	7
1386	7
1387	7
1388	7
1389	7
1390	7
1391	7
1392	7
1393	7
1394	7
1395	7
1396	10
1397	5
1398	6
1399	6
1400	6
1401	5
1402	6
1403	6
1404	5
1405	6
1406	6
1407	6
1408	6
1409	6
1410	5
1411	6
1412	6
1413	5
1414	6
1415	6
1416	6
1417	5
1418	5
1419	6
1420	5
1421	6
1422	5
1423	6
1424	5
1425	5
1426	5
1427	6
1428	3
1429	3
1430	3
1431	3
1432	3
1433	3
1434	3
1435	3
1436	3
1437	3
1438	3
1439	3
1440	3
1441	4
1442	4
1443	4
1444	4
1445	4
1446	4
1447	4
1448	4
1449	4
1450	4
1451	4
1452	4
1453	4
1454	4
1455	3
1456	3
1457	3
1458	3
1459	3
1460	3
1461	3
1462	3
1463	3
1464	3
1465	7
1466	7
1467	7
1468	7
1469	7
1470	7
1471	7
1472	7
1473	7
1474	7
1475	7
1476	7
1477	7
1478	7
1479	7
1480	7
1481	7
1482	7
1483	7
1484	7
1485	7
1486	7
1487	7
1488	7
1489	4
1490	4
1491	4
1492	4
1493	4
1494	4
1495	4
1496	4
1497	4
1498	4
1499	4
1500	4
1501	5
1502	5
1503	5
1504	5
1505	5
1506	5
1507	5
1508	5
1509	5
1510	5
1511	5
1512	5
1513	5
1514	5
1515	5
1516	5
1517	5
1518	5
1519	5
1520	5
1521	5
1522	5
1523	5
1524	5
1525	5
1526	5
1527	5
1528	5
1529	8
1530	8
1531	8
1532	8
1533	8
1534	8
1535	8
1536	8
1537	8
1538	8
1539	8
1540	8
1541	8
1542	8
1543	8
1544	8
1545	8
1546	8
1547	8
1548	8
1549	8
1550	8
1551	8
1552	8
1553	2
1554	2
1555	2
1556	2
1557	2
1558	2
1559	2
1560	2
1561	2
1562	2
1563	2
1564	2
1565	2
1566	2
1567	2
1568	2
1569	2
1570	2
1571	2
1572	2
1573	2
1574	2
1575	2
1576	4
1577	4
1578	4
1579	4
1580	4
1581	4
1582	4
1583	4
1584	4
1585	4
1586	4
1587	4
1588	4
1589	4
1590	4
1591	4
1592	4
1593	6
1594	6
1595	6
1596	6
1597	6
1598	6
1599	6
1600	6
1601	6
1602	3
1603	3
1604	3
1605	3
1606	3
1607	3
1608	3
1609	3
1610	3
1611	3
1612	3
1613	3
1614	3
1615	3
1616	3
1617	3
1618	7
1619	7
1620	7
1621	7
1622	7
1623	7
1624	7
1625	7
1626	7
1627	7
1628	7
1629	2
1630	2
1631	2
1632	2
1633	2
1634	2
1635	2
1636	2
1637	2
1638	2
1639	2
1640	2
1641	2
1642	2
1643	2
1644	7
1645	7
1646	7
1647	7
1648	7
1649	2
1650	2
1651	2
1652	2
1653	2
1654	2
1655	2
1656	2
1658	2
1659	2
1660	2
1661	2
1662	2
1663	2
1664	2
1665	2
1666	2
1667	2
1668	2
1669	2
1670	2
1671	2
1672	2
1673	7
1674	2
1675	2
1676	2
1677	7
1678	9
1679	9
1680	9
1681	9
1682	9
1683	9
1684	9
1685	4
1686	4
1687	4
1688	4
1689	4
1690	4
1691	4
1692	4
1693	4
1694	4
1695	4
1696	4
1697	4
1698	4
1699	4
1700	4
1701	4
1702	4
1703	3
1704	3
1705	4
1706	4
1707	4
1708	4
1709	4
1710	4
1711	4
1712	4
1713	7
1714	7
1715	7
1716	7
1717	7
1718	7
1719	7
1720	7
1721	7
1722	7
1723	7
1724	7
1725	4
1726	4
1727	4
1728	7
1729	4
1730	4
1731	4
1732	4
1733	4
1734	4
1735	4
1736	4
1737	4
1738	4
1739	4
1740	4
1741	4
1742	5
1743	5
1744	5
1745	5
1746	5
1747	5
1748	5
1749	5
1750	5
1751	5
1752	5
1753	5
1754	5
1755	5
1756	5
1757	7
1758	7
1759	7
1760	7
1761	5
1762	5
1763	5
1764	5
1765	5
1766	5
1767	5
1768	5
1769	5
1770	5
1771	5
1772	5
1773	5
1774	7
1775	7
1776	7
1777	7
1778	7
1779	7
1780	7
1781	7
1782	7
1783	7
1784	7
1785	7
1786	7
1787	5
1788	5
1789	5
1790	5
1791	5
1792	5
1793	5
1794	5
1795	7
1796	7
1797	7
1798	7
1799	5
1800	5
1801	5
1802	5
1803	5
1804	5
1805	5
1806	5
1807	5
1808	5
1809	3
1810	3
1811	3
1812	3
1813	3
1814	3
1815	3
1816	3
1817	3
1818	3
1819	3
1820	3
1821	3
1822	3
1823	3
1824	3
1825	3
1826	3
1827	3
1828	3
1829	3
1830	7
1831	7
1832	7
1833	7
1834	7
1835	3
1836	3
1837	7
1838	3
1839	3
1840	11
1841	11
1842	11
1843	11
1844	11
1845	3
1846	3
1847	3
1848	3
1849	3
1850	3
1851	3
1852	3
1853	3
1854	3
1855	3
1856	3
1857	7
1858	7
1859	7
1860	7
1861	7
1862	7
1863	3
1864	3
1865	3
1866	3
1867	3
1868	3
1869	3
1870	3
1871	3
1872	9
1873	9
1874	9
1875	9
1876	9
1877	9
1878	9
1879	9
1880	9
1881	9
1882	9
1883	9
1884	9
1885	9
1886	9
1887	9
1888	9
1889	9
1890	9
1891	9
1892	9
1893	9
1894	9
1895	6
1896	6
1897	6
1898	10
1899	10
1900	10
1901	10
1902	10
1903	10
1904	6
1905	6
1906	6
1907	6
1908	6
1909	6
1910	6
1911	6
1912	6
1913	6
1914	6
1915	6
1916	10
1917	10
1918	10
1919	10
1920	10
1921	10
1922	10
1923	10
1924	6
1925	6
1926	6
1927	6
1928	6
1929	6
1930	6
1931	6
1932	6
1933	6
1934	6
1935	6
1936	6
1937	6
1938	6
1939	6
1940	6
1941	6
1942	6
1943	6
1944	6
1945	6
1946	6
1947	6
1948	6
1949	6
1950	6
1951	6
1952	6
1953	6
1954	6
1955	6
1956	6
1957	6
1958	6
1959	6
1960	6
1961	6
1962	6
1963	6
1964	6
1965	6
1966	6
1967	6
1968	6
1969	6
1970	6
1971	6
1972	6
1973	6
1974	6
1975	6
1976	8
1977	8
1978	8
1979	8
1980	8
1981	8
1982	8
1983	8
1984	8
1985	8
1986	8
1987	8
1988	8
1989	8
1990	8
1991	8
1992	8
1993	8
1994	8
1995	8
1996	8
1997	8
1998	8
1999	8
2000	8
2001	8
2002	8
2003	8
2004	8
2005	8
2006	8
2007	8
2008	8
2009	8
2010	8
2011	8
2012	8
2013	8
2014	8
2015	8
2016	8
2017	9
2018	9
2019	9
2020	9
2021	9
2022	9
2023	9
2024	9
2025	9
2026	9
2027	9
2028	9
2029	9
2030	9
2031	9
2032	8
2033	9
2034	9
2035	9
2036	9
2037	9
2038	7
2039	7
2040	7
2041	7
2042	7
2043	9
2044	9
2045	9
2046	9
2047	9
2048	7
2049	7
2050	9
2051	9
2052	9
2053	9
2054	9
2055	9
2056	9
2057	9
2058	8
2059	8
2060	8
2061	8
2062	8
2063	8
2064	8
2065	8
2066	8
2067	8
2068	9
2069	9
2070	9
2071	7
2072	9
2073	7
2074	9
2075	9
2076	9
2077	7
2078	7
2079	9
2080	7
2081	9
2082	9
2083	9
2084	9
2085	9
2086	9
2087	9
2088	9
2089	4
2090	4
2091	4
2092	4
2093	4
2094	4
2095	4
2096	5
2097	5
2098	5
2099	5
2100	5
2101	5
2102	5
2103	5
2104	5
2105	5
2106	5
2107	5
2108	5
2109	5
2110	5
2111	5
2112	5
2113	12
2114	12
2115	12
2116	12
2117	12
2118	3
2119	12
2120	12
2121	12
2122	12
2123	12
2124	9
2125	12
2126	12
2127	12
2128	12
2129	12
2130	12
2131	12
2132	12
2133	3
2134	12
2135	12
2136	12
2137	3
2138	3
2139	12
2140	3
2141	12
2142	12
2143	12
2144	12
2145	12
2146	12
2147	12
2148	12
2149	12
2150	12
2151	12
2152	12
2153	12
2154	12
2155	12
2156	12
2157	12
2158	12
2159	12
2160	12
2161	12
2162	12
2163	12
2164	3
2165	3
2166	12
2167	12
2168	12
2169	12
2170	12
2171	12
2172	12
2173	12
2174	12
2175	12
2176	3
2177	3
2178	12
2179	12
2180	3
2181	3
2182	12
2183	12
2184	12
2185	12
2186	12
2187	12
2188	12
2189	12
2190	12
2191	12
2192	12
2193	12
2194	12
2195	12
2196	3
2197	12
2198	12
2199	3
2200	12
2201	12
2202	12
2203	12
2204	12
2205	12
2206	12
2207	12
2208	12
2209	12
2210	12
2211	12
2212	12
2213	12
2214	12
2215	12
2216	12
2217	12
2218	12
2219	12
2220	12
2221	12
2222	12
2223	12
2224	12
2225	12
2226	12
2227	12
2228	12
2229	12
2230	3
2231	3
2232	12
2233	3
2234	3
2235	12
2236	3
2237	3
2238	3
2239	12
2240	12
2241	12
2242	12
2243	12
2244	12
2245	3
2246	12
2247	3
2248	3
2249	12
2250	12
2251	12
2252	12
2253	12
2254	12
2255	12
2256	3
2257	12
2258	12
2259	12
2260	12
2261	3
2262	3
2263	12
2264	12
2265	12
2266	12
2267	12
2268	12
2269	12
2270	12
2271	12
2272	12
2273	12
2274	12
2275	12
2276	12
2277	3
2278	12
2279	12
2280	12
2281	12
2282	12
2283	3
2284	9
2285	9
2286	12
2287	12
2288	12
2289	12
2290	12
2291	12
2292	12
2293	12
2294	12
2295	12
2296	12
2297	12
2298	12
2299	12
2300	12
2301	12
2302	3
2303	12
2304	3
2305	12
2306	12
2307	12
2308	12
2309	9
2310	9
2311	9
2312	1
2313	1
2314	1
2315	1
2316	1
2317	1
2318	1
2319	1
2320	1
2321	1
2322	1
2323	1
2324	1
2325	1
2326	1
2327	1
2328	1
2329	1
2330	6
2331	6
2332	6
2333	6
2334	6
2335	6
2336	6
2337	6
2338	6
2339	6
2340	6
2341	6
2342	6
2343	6
2344	6
2345	6
2346	1
2347	1
2348	1
2349	1
2350	1
2351	1
2352	1
2353	1
2354	1
2355	1
2356	1
2357	1
2358	1
2359	1
2360	1
2361	1
2362	1
2363	1
2364	1
2365	1
2366	3
2367	3
2368	3
2369	3
2370	3
2371	3
2372	3
2373	3
2374	3
2375	3
2376	3
2377	3
2378	3
2379	3
2380	3
2381	3
2382	3
2383	3
2384	3
2385	3
2386	3
2387	3
2388	3
2389	3
2390	3
2391	3
2392	3
2393	3
2394	3
2395	3
2396	3
2397	3
2398	3
2399	3
2400	3
2401	3
2402	3
2403	3
2404	3
2405	3
2406	3
2407	3
2408	3
2409	3
2410	3
2411	3
2412	3
2413	3
2414	3
2415	13
2416	10
2417	10
2418	13
2419	13
2420	13
2421	13
2422	10
2423	13
2424	13
2425	13
2426	13
2427	13
2428	13
2429	13
2430	13
2431	13
2432	13
2433	13
2434	13
2435	13
2436	13
2437	13
2438	13
2439	13
2440	13
2441	13
2442	13
2443	13
2444	13
2445	13
2446	13
2447	13
2448	13
2449	13
2450	13
2451	13
2452	13
2453	13
2454	13
2455	13
2456	13
2457	13
2458	13
2459	13
2460	13
2461	13
2462	13
2463	13
2464	13
2465	13
2466	13
2467	13
2468	13
2469	13
2470	13
2471	13
2472	13
2473	13
2474	13
2475	13
2476	13
2477	13
2478	13
2479	13
2480	13
2481	13
2482	13
2483	13
2484	13
2485	13
2486	13
2487	13
2488	13
2489	13
2490	13
2491	13
2492	13
2493	13
2494	13
2495	13
2496	10
2497	10
2498	10
2499	10
2500	13
2501	13
2502	10
2503	10
2504	10
2505	10
2506	10
2507	10
2508	10
2509	10
2510	10
2511	10
2512	10
2513	10
2514	10
2515	13
2516	13
2517	13
2518	13
2519	13
2520	13
2521	13
2522	13
2523	13
2524	13
2525	13
2526	13
2527	13
2528	10
2529	13
2530	13
2531	13
2532	13
2533	13
2534	13
2535	13
2536	13
2537	13
2538	13
2539	13
2540	13
2541	13
2542	13
2543	13
2544	13
2545	13
2546	13
2547	13
2548	13
2549	13
2550	13
2551	13
2552	13
2553	13
2554	13
2555	13
2556	13
2557	13
2558	10
2559	10
2560	10
2561	10
2562	10
2563	13
2564	13
2565	13
2566	13
2567	13
2568	13
2569	13
2570	13
2571	10
2572	13
2573	10
2574	13
2575	13
2576	13
2577	13
2578	13
2579	13
2580	13
2581	13
2582	13
2583	13
2584	13
2585	13
2586	13
2587	13
2588	10
2589	10
2590	13
2591	10
2592	10
2593	10
2594	13
2595	13
2596	13
2597	10
2598	10
2599	13
2600	13
2601	13
2602	13
2603	13
2604	13
2605	13
2606	9
2607	9
2608	9
2609	9
2610	9
2611	9
2612	9
2613	9
2614	9
2615	9
2616	9
2617	9
2618	9
2619	9
2620	9
2621	9
2622	9
2623	9
2624	9
2625	9
2626	9
2627	9
2628	9
2629	9
2630	9
2631	9
2632	9
2633	9
2634	9
2635	9
2636	9
2637	9
2638	9
2639	9
2640	11
2641	11
2642	8
2643	8
2644	8
2645	11
2646	11
2647	11
2648	11
2649	11
2650	8
2651	11
2652	11
2653	11
2654	11
2655	11
2656	8
2657	11
2658	8
2659	8
2660	8
2661	11
2662	11
2663	8
2664	11
2665	11
2666	11
2667	11
2668	8
2669	11
2670	11
2671	8
2672	8
2673	11
2674	8
2675	11
2676	11
2677	11
2678	11
2679	8
2680	11
2681	11
2682	11
2683	8
2684	8
2685	11
2686	8
2687	8
2688	6
2689	6
2690	6
2691	6
315	4
1657	2
