0	6
1	6
2	6
3	6
4	6
5	6
6	6
7	13
8	13
9	13
10	13
11	5
12	13
13	13
14	13
15	13
16	5
17	5
18	6
19	6
20	13
21	3
22	3
23	3
24	3
25	3
26	3
27	3
28	3
29	5
30	5
31	5
32	5
33	5
34	5
35	5
36	5
37	5
38	5
39	5
40	5
41	5
42	5
43	5
44	5
45	5
46	5
47	5
48	5
49	5
50	9
51	5
52	5
53	7
54	7
55	7
56	7
57	7
58	5
59	9
60	9
61	9
62	9
63	5
64	9
65	7
66	7
67	7
68	7
69	7
70	7
71	3
72	3
73	3
74	3
75	5
76	5
77	5
78	5
79	5
80	5
81	9
82	5
83	1
84	1
85	1
86	1
87	1
88	1
89	1
90	1
91	1
92	1
93	1
94	1
95	1
96	5
97	13
98	5
99	5
100	13
101	13
102	13
103	5
104	13
105	5
106	13
107	13
108	5
109	13
110	13
111	5
112	13
113	13
114	13
115	13
116	13
117	5
118	13
119	13
120	13
121	13
122	5
123	13
124	5
125	5
126	5
127	5
128	5
129	1
130	1
131	1
132	1
133	1
134	1
135	1
136	1
137	1
138	1
139	1
140	1
141	1
142	1
143	1
144	1
145	1
146	1
147	1
148	1
149	1
150	1
151	1
152	1
153	1
154	1
155	1
156	1
157	1
158	1
159	1
160	1
161	1
162	1
163	1
164	1
165	1
166	8
167	8
168	8
169	8
170	8
171	8
172	8
173	8
174	8
175	8
176	8
177	8
178	8
179	8
180	8
181	8
182	8
183	9
184	9
185	9
186	9
187	9
188	9
189	9
190	9
191	9
192	9
193	9
194	9
195	9
196	9
197	9
198	9
199	9
200	9
201	9
202	9
203	9
204	9
205	9
206	9
207	9
208	3
209	3
210	3
211	3
212	3
213	3
214	3
215	3
216	3
217	3
218	3
219	3
220	3
221	3
222	3
223	3
224	3
225	3
226	3
227	3
228	3
229	3
230	3
231	3
232	3
233	3
234	3
235	3
236	3
237	3
238	3
239	3
240	3
241	3
242	3
243	3
244	3
245	3
246	3
247	3
248	9
249	9
250	9
251	9
252	9
253	9
254	9
255	9
256	9
257	9
258	9
259	9
260	9
261	4
262	4
263	4
264	4
265	4
266	4
267	4
268	3
269	4
270	4
271	4
272	4
273	4
274	4
275	4
276	4
277	4
278	3
279	3
280	4
281	3
282	4
283	3
284	4
285	4
286	4
287	4
288	4
289	4
290	4
291	3
292	4
293	4
294	4
295	4
296	4
297	4
298	4
299	4
300	4
301	4
302	9
303	9
304	9
305	9
306	11
307	11
308	11
309	11
310	11
311	11
312	11
313	11
314	11
316	5
317	5
318	5
319	5
320	5
321	5
322	5
323	5
324	5
325	5
326	5
327	5
328	5
329	5
330	5
331	11
332	11
333	11
334	11
335	11
336	11
337	5
338	5
339	5
340	11
341	11
342	11
343	11
344	11
345	11
346	11
347	11
348	11
349	11
350	11
351	11
352	11
353	11
354	11
355	11
356	1
357	1
358	1
359	1
360	1
361	1
362	1
363	1
364	1
365	1
366	1
367	1
368	1
369	11
370	11
371	11
372	11
373	11
374	11
375	11
376	11
377	11
378	11
379	11
380	11
381	11
382	11
383	11
384	11
385	11
386	11
387	11
388	11
389	5
390	5
391	5
392	5
393	5
394	11
395	11
396	11
397	11
398	5
399	5
400	5
401	5
402	5
403	3
404	3
405	3
406	11
407	11
408	11
409	6
410	6
411	6
412	6
413	6
414	6
415	6
416	6
417	6
418	6
419	6
420	6
421	6
422	6
423	6
424	6
425	8
426	8
427	8
428	8
429	8
430	8
431	8
432	8
433	5
434	6
435	6
436	5
437	6
438	6
439	6
440	6
441	6
442	6
443	6
444	6
445	6
446	8
447	8
448	8
449	8
450	8
451	6
452	6
453	6
454	8
455	8
456	8
457	6
458	6
459	6
460	6
461	6
462	6
463	8
464	8
465	8
466	8
467	8
468	8
469	8
470	8
471	8
472	8
473	6
474	6
475	4
476	4
477	4
478	4
479	4
480	4
481	4
482	4
483	4
484	3
485	3
486	4
487	4
488	4
489	4
490	4
491	4
492	4
493	4
494	4
495	4
496	4
497	4
498	3
499	4
500	4
501	4
502	3
503	4
504	4
505	4
506	11
507	11
508	3
509	3
510	11
511	3
512	3
513	11
514	3
515	3
516	11
517	11
518	11
519	11
520	3
521	11
522	10
523	10
524	10
525	1
526	9
527	9
528	1
529	1
530	1
531	1
532	1
533	10
534	1
535	1
536	1
537	1
538	9
539	9
540	9
541	9
542	9
543	9
544	9
545	9
546	9
547	9
548	9
549	9
550	9
551	9
552	9
553	9
554	9
555	9
556	9
557	9
558	9
559	4
560	4
561	4
562	4
563	4
564	4
565	9
566	9
567	9
568	9
569	9
570	1
571	1
572	1
573	1
574	1
575	1
576	1
577	1
578	1
579	1
580	1
581	9
582	9
583	9
584	9
585	9
586	9
587	3
588	3
589	3
590	3
591	3
592	3
593	3
594	3
595	3
596	3
597	3
598	3
599	3
600	3
601	3
602	3
603	9
604	9
605	9
606	9
607	9
608	9
609	9
610	9
611	9
612	9
613	9
614	9
615	9
616	9
617	3
618	3
619	3
620	3
621	3
622	3
623	3
624	3
625	3
626	3
627	3
628	3
629	3
630	3
631	3
632	3
633	3
634	3
635	3
636	3
637	3
638	3
639	9
640	9
641	9
642	9
643	9
644	9
645	9
646	9
647	9
648	9
649	9
650	9
651	9
652	9
653	9
654	9
655	9
656	9
657	8
658	8
659	8
660	8
661	6
662	6
663	6
664	6
665	6
666	6
667	6
668	6
669	6
670	3
671	3
672	3
673	3
674	3
675	3
676	3
677	3
678	3
679	3
680	6
681	6
682	6
683	6
684	6
685	6
686	6
687	6
688	6
689	6
690	6
691	6
692	6
693	6
694	6
695	6
696	6
697	3
698	3
699	3
700	3
701	3
702	3
703	3
704	3
705	3
706	1
707	3
708	3
709	3
710	3
711	3
712	3
713	3
714	6
715	6
716	4
717	4
718	3
719	3
720	3
721	4
722	4
723	4
724	4
725	4
726	4
727	4
728	4
729	4
730	4
731	4
732	5
733	5
734	5
735	5
736	5
737	8
738	8
739	8
740	8
741	8
742	8
743	8
744	8
745	5
746	5
747	5
748	5
749	5
750	5
751	5
752	5
753	5
754	5
755	5
756	5
757	5
758	5
759	5
760	5
761	5
762	5
763	5
764	5
765	5
766	8
767	8
768	8
769	8
770	5
771	5
772	8
773	8
774	8
775	8
776	8
777	8
778	8
779	8
780	8
781	8
782	8
783	8
784	8
785	11
786	8
787	8
788	8
789	8
790	8
791	11
792	11
793	11
794	11
795	11
796	11
797	11
798	11
799	11
800	11
801	8
802	8
803	8
804	8
805	11
806	11
807	11
808	8
809	8
810	8
811	7
812	10
813	7
814	7
815	7
816	7
817	7
818	10
819	10
820	10
821	7
822	7
823	7
824	7
825	7
826	7
827	10
828	10
829	10
830	7
831	7
832	7
833	7
834	7
835	7
836	7
837	7
838	7
839	7
840	7
841	7
842	7
843	7
844	7
845	7
846	7
847	10
848	10
849	10
850	10
851	10
852	7
853	7
854	7
855	7
856	10
857	10
858	9
859	9
860	9
861	9
862	9
863	9
864	9
865	9
866	9
867	9
868	9
869	9
870	9
871	7
872	7
873	7
874	7
875	7
876	7
877	7
878	7
879	7
880	10
881	7
882	7
883	7
884	7
885	7
886	7
887	7
888	10
889	7
890	7
891	10
892	10
893	7
894	7
895	7
896	7
897	7
898	7
899	10
900	10
901	10
902	7
903	7
904	7
905	7
906	7
907	7
908	10
909	7
910	10
911	10
912	10
913	10
914	7
915	7
916	7
917	7
918	7
919	7
920	10
921	10
922	10
923	10
924	10
925	7
926	7
927	7
928	7
929	7
930	10
931	10
932	10
933	10
934	10
935	7
936	7
937	7
938	7
939	10
940	10
941	7
942	10
943	10
944	10
945	10
946	7
947	7
948	7
949	10
950	10
951	10
952	10
953	10
954	10
955	10
956	10
957	7
958	7
959	7
960	10
961	10
962	10
963	7
964	7
965	7
966	10
967	10
968	10
969	7
970	7
971	7
972	7
973	7
974	10
975	10
976	7
977	7
978	10
979	10
980	10
981	10
982	5
983	10
984	10
985	4
986	4
987	4
988	4
989	4
990	4
991	4
992	8
993	4
994	4
995	4
996	4
997	4
998	4
999	4
1000	8
1001	4
1002	4
1003	4
1004	4
1005	4
1006	4
1007	5
1008	10
1009	4
1010	10
1011	10
1012	10
1013	10
1014	5
1015	10
1016	10
1017	5
1018	10
1019	10
1020	5
1021	5
1022	5
1023	5
1024	5
1025	5
1026	5
1027	5
1028	10
1029	10
1030	5
1031	10
1032	5
1033	10
1034	5
1035	5
1036	5
1037	5
1038	5
1039	10
1040	5
1041	5
1042	5
1043	5
1044	10
1045	10
1046	5
1047	5
1048	10
1049	10
1050	5
1051	10
1052	10
1053	5
1054	5
1055	5
1056	5
1057	5
1058	5
1059	5
1060	5
1061	5
1062	10
1063	5
1064	5
1065	5
1066	5
1067	5
1068	5
1069	5
1070	5
1071	10
1072	5
1073	5
1074	5
1075	9
1076	9
1077	9
1078	9
1079	9
1080	9
1081	9
1082	9
1083	9
1084	9
1085	9
1086	9
1087	4
1088	4
1089	4
1090	4
1091	4
1092	4
1093	4
1094	3
1095	3
1096	3
1097	3
1098	3
1099	3
1100	3
1101	3
1102	3
1103	3
1104	3
1105	3
1106	3
1107	7
1108	7
1109	7
1110	7
1111	7
1112	7
1113	7
1114	7
1115	7
1116	7
1117	7
1118	7
1119	7
1120	7
1121	7
1122	7
1123	7
1124	7
1125	7
1126	7
1127	7
1128	7
1129	7
1130	7
1131	7
1132	7
1133	7
1134	7
1135	7
1136	7
1137	7
1138	7
1139	7
1140	7
1141	7
1142	7
1143	7
1144	7
1145	7
1146	7
1147	7
1148	7
1149	7
1150	7
1151	7
1152	7
1153	7
1154	11
1155	11
1156	11
1157	11
1158	11
1159	11
1160	11
1161	11
1162	11
1163	11
1164	11
1165	11
1166	11
1167	11
1168	11
1169	10
1170	5
1171	10
1172	10
1173	10
1174	5
1175	5
1176	10
1177	10
1178	10
1179	10
1180	10
1181	10
1182	10
1183	10
1184	10
1185	10
1186	10
1187	10
1188	10
1189	10
1190	10
1191	5
1192	10
1193	10
1194	10
1195	10
1196	5
1197	10
1198	5
1199	10
1200	10
1201	10
1202	10
1203	10
1204	10
1205	10
1206	10
1207	10
1208	10
1209	10
1210	10
1211	10
1212	10
1213	10
1214	10
1215	10
1216	10
1217	10
1218	10
1219	10
1220	10
1221	10
1222	10
1223	10
1224	10
1225	10
1226	10
1227	10
1228	10
1229	10
1230	10
1231	10
1232	10
1233	10
1234	10
1235	10
1236	10
1237	10
1238	10
1239	10
1240	3
1241	4
1242	3
1243	3
1244	3
1245	4
1246	3
1247	3
1248	3
1249	3
1250	3
1251	3
1252	3
1253	5
1254	5
1255	5
1256	5
1257	5
1258	3
1259	3
1260	3
1261	3
1262	3
1263	4
1264	5
1265	5
1266	5
1267	5
1268	5
1269	5
1270	5
1271	5
1272	5
1273	5
1274	5
1275	5
1276	5
1277	5
1278	11
1279	11
1280	11
1281	3
1282	4
1283	4
1284	5
1285	5
1286	5
1287	5
1288	11
1289	11
1290	11
1291	11
1292	11
1293	11
1294	11
1295	11
1296	11
1297	11
1298	11
1299	11
1300	11
1301	11
1302	11
1303	9
1304	9
1305	9
1306	9
1307	9
1308	9
1309	9
1310	9
1311	9
1312	9
1313	9
1314	7
1315	7
1316	7
1317	7
1318	7
1319	7
1320	7
1321	7
1322	7
1323	7
1324	7
1325	7
1326	7
1327	7
1328	7
1329	7
1330	7
1331	7
1332	7
1333	7
1334	7
1335	7
1336	7
1337	7
1338	7
1339	7
1340	7
1341	7
1342	7
1343	7
1344	7
1345	7
1346	9
1347	9
1348	9
1349	9
1350	9
1351	9
1352	9
1353	9
1354	9
1355	9
1356	9
1357	9
1358	9
1359	9
1360	9
1361	9
1362	9
1363	2
1364	2
1365	2
1366	2
1367	2
1368	2
1369	2
1370	2
1371	2
1372	2
1373	2
1374	2
1375	2
1376	2
1377	2
1378	2
1379	2
1380	2
1381	11
1382	11
1383	11
1384	11
1385	11
1386	11
1387	11
1388	11
1389	11
1390	11
1391	11
1392	11
1393	11
1394	11
1395	11
1396	11
1397	9
1398	9
1399	5
1400	9
1401	5
1402	9
1403	9
1404	5
1405	9
1406	9
1407	9
1408	5
1409	9
1410	5
1411	9
1412	9
1413	9
1414	9
1415	9
1416	9
1417	5
1418	5
1419	9
1420	5
1421	9
1422	9
1423	9
1424	5
1425	5
1426	5
1427	9
1428	10
1429	10
1430	10
1431	13
1432	10
1433	13
1434	10
1435	10
1436	13
1437	10
1438	13
1439	13
1440	13
1441	5
1442	5
1443	5
1444	5
1445	5
1446	5
1447	5
1448	5
1449	5
1450	5
1451	5
1452	5
1453	5
1454	5
1455	10
1456	10
1457	13
1458	10
1459	10
1460	13
1461	10
1462	10
1463	10
1464	13
1465	3
1466	3
1467	3
1468	3
1469	3
1470	3
1471	3
1472	3
1473	3
1474	3
1475	3
1476	3
1477	3
1478	3
1479	3
1480	3
1481	3
1482	3
1483	3
1484	3
1485	3
1486	3
1487	3
1488	3
1489	5
1490	5
1491	5
1492	5
1493	5
1494	5
1495	5
1496	5
1497	5
1498	5
1499	5
1500	5
1501	6
1502	6
1503	6
1504	6
1505	6
1506	6
1507	6
1508	6
1509	6
1510	6
1511	6
1512	6
1513	6
1514	6
1515	6
1516	6
1517	6
1518	6
1519	6
1520	6
1521	6
1522	6
1523	6
1524	6
1525	6
1526	6
1527	6
1528	6
1529	8
1530	8
1531	8
1532	8
1533	8
1534	8
1535	8
1536	8
1537	8
1538	8
1539	8
1540	8
1541	8
1542	8
1543	8
1544	8
1545	8
1546	8
1547	8
1548	8
1549	8
1550	8
1551	8
1552	1
1553	1
1554	1
1555	1
1556	1
1557	1
1558	1
1559	1
1560	1
1561	1
1562	1
1563	1
1564	1
1565	1
1566	1
1567	1
1568	1
1569	1
1570	1
1571	1
1572	1
1573	1
1574	1
1575	1
1576	5
1577	5
1578	5
1579	5
1580	5
1581	5
1582	5
1583	5
1584	5
1585	5
1586	5
1587	5
1588	5
1589	5
1590	5
1591	5
1592	5
1593	9
1594	9
1595	9
1596	9
1597	9
1598	9
1599	9
1600	9
1601	9
1602	1
1603	1
1604	1
1605	1
1606	1
1607	1
1608	1
1609	1
1610	1
1611	1
1612	1
1613	1
1614	1
1615	1
1616	1
1617	1
1618	3
1619	3
1620	3
1621	3
1622	3
1623	3
1624	3
1625	3
1626	3
1627	3
1628	3
1629	10
1630	5
1631	10
1632	5
1633	10
1634	10
1635	10
1636	10
1637	10
1638	10
1639	10
1640	10
1641	10
1642	10
1643	10
1644	3
1645	3
1646	3
1647	3
1648	3
1649	10
1650	10
1651	10
1652	10
1653	10
1654	10
1655	10
1656	10
1658	10
1659	10
1660	10
1661	10
1662	10
1663	10
1664	10
1665	10
1666	5
1667	5
1668	5
1669	10
1670	10
1671	10
1672	10
1673	3
1674	10
1675	10
1676	10
1677	3
1678	4
1679	4
1680	4
1681	4
1682	4
1683	4
1684	4
1685	5
1686	5
1687	5
1688	5
1689	5
1690	5
1691	5
1692	5
1693	5
1694	5
1695	5
1696	5
1697	5
1698	5
1699	5
1700	5
1701	13
1702	6
1703	12
1704	13
1705	6
1706	6
1707	6
1708	6
1709	13
1710	6
1711	6
1712	6
1713	3
1714	3
1715	3
1716	3
1717	3
1718	3
1719	3
1720	3
1721	3
1722	3
1723	3
1724	3
1725	6
1726	6
1727	6
1728	3
1729	6
1730	6
1731	6
1732	6
1733	6
1734	6
1735	6
1736	13
1737	6
1738	13
1739	13
1740	6
1741	6
1742	6
1743	6
1744	6
1745	6
1746	6
1747	6
1748	6
1749	6
1750	6
1751	6
1752	6
1753	6
1754	6
1755	6
1756	6
1757	3
1758	3
1759	3
1760	3
1761	6
1762	6
1763	6
1764	6
1765	6
1766	6
1767	6
1768	6
1769	6
1770	6
1771	6
1772	6
1773	6
1774	3
1775	3
1776	3
1777	3
1778	3
1779	3
1780	3
1781	3
1782	3
1783	3
1784	3
1785	3
1786	3
1787	6
1788	6
1789	6
1790	6
1791	6
1792	6
1793	6
1794	6
1795	3
1796	3
1797	3
1798	3
1799	6
1800	6
1801	6
1802	6
1803	6
1804	6
1805	6
1806	6
1807	6
1808	6
1809	13
1810	13
1811	13
1812	13
1813	13
1814	13
1815	13
1816	13
1817	13
1818	13
1819	13
1820	13
1821	13
1822	13
1823	13
1824	13
1825	13
1826	13
1827	13
1828	13
1829	13
1830	4
1831	4
1832	4
1833	4
1834	4
1835	13
1836	13
1837	4
1838	13
1839	13
1840	1
1841	1
1842	1
1843	1
1844	1
1845	13
1846	13
1847	13
1848	13
1849	13
1850	13
1851	13
1852	13
1853	13
1854	13
1855	13
1856	13
1857	4
1858	4
1859	4
1860	4
1861	4
1862	4
1863	13
1864	13
1865	13
1866	13
1867	13
1868	13
1869	13
1870	13
1871	13
1872	8
1873	8
1874	4
1875	4
1876	8
1877	4
1878	4
1879	4
1880	4
1881	4
1882	8
1883	4
1884	4
1885	4
1886	4
1887	8
1888	8
1889	4
1890	8
1891	4
1892	4
1893	8
1894	8
1895	9
1896	9
1897	9
1898	7
1899	7
1900	7
1901	7
1902	7
1903	7
1904	9
1905	9
1906	9
1907	9
1908	9
1909	9
1910	9
1911	9
1912	9
1913	9
1914	9
1915	9
1916	7
1917	7
1918	7
1919	7
1920	7
1921	7
1922	7
1923	7
1924	9
1925	9
1926	9
1927	9
1928	9
1929	9
1930	9
1931	9
1932	9
1933	9
1934	9
1935	9
1936	9
1937	9
1938	9
1939	9
1940	9
1941	9
1942	9
1943	9
1944	9
1945	9
1946	9
1947	9
1948	9
1949	9
1950	9
1951	9
1952	9
1953	9
1954	9
1955	9
1956	9
1957	9
1958	9
1959	9
1960	9
1961	9
1962	9
1963	9
1964	9
1965	9
1966	9
1967	9
1968	9
1969	9
1970	9
1971	9
1972	9
1973	9
1974	9
1975	9
1976	1
1977	1
1978	1
1979	1
1980	1
1981	1
1982	8
1983	1
1984	1
1985	8
1986	1
1987	1
1988	1
1989	1
1990	1
1991	8
1992	1
1993	1
1994	1
1995	8
1996	1
1997	1
1998	1
1999	1
2000	1
2001	1
2002	1
2003	1
2004	1
2005	1
2006	1
2007	1
2008	1
2009	1
2010	1
2011	1
2012	8
2013	1
2014	1
2015	1
2016	1
2017	4
2018	4
2019	4
2020	4
2021	4
2022	4
2023	4
2024	8
2025	4
2026	4
2027	4
2028	4
2029	4
2030	8
2031	8
2032	8
2033	8
2034	8
2035	8
2036	8
2037	8
2038	4
2039	4
2040	4
2041	4
2042	4
2043	4
2044	4
2045	4
2046	8
2047	8
2048	4
2049	4
2050	4
2051	8
2052	8
2053	8
2054	8
2055	8
2056	8
2057	8
2058	1
2059	1
2060	1
2061	1
2062	1
2063	1
2064	1
2065	1
2066	1
2067	1
2068	3
2069	4
2070	4
2071	3
2072	4
2073	3
2074	4
2075	4
2076	3
2077	3
2078	3
2079	3
2080	3
2081	4
2082	3
2083	4
2084	4
2085	4
2086	4
2087	4
2088	3
2089	5
2090	5
2091	5
2092	5
2093	5
2094	5
2095	5
2096	6
2097	6
2098	6
2099	6
2100	6
2101	6
2102	6
2103	6
2104	6
2105	6
2106	6
2107	6
2108	6
2109	6
2110	6
2111	6
2112	6
2113	12
2114	12
2115	12
2116	12
2117	12
2118	13
2119	12
2120	13
2121	12
2122	13
2123	12
2124	4
2125	12
2126	12
2127	12
2128	12
2129	12
2130	13
2131	12
2132	12
2133	13
2134	12
2135	12
2136	12
2137	13
2138	13
2139	13
2140	13
2141	12
2142	12
2143	12
2144	12
2145	13
2146	13
2147	12
2148	13
2149	13
2150	12
2151	12
2152	12
2153	12
2154	12
2155	12
2156	12
2157	12
2158	12
2159	12
2160	12
2161	12
2162	12
2163	12
2164	12
2165	12
2166	12
2167	13
2168	13
2169	12
2170	12
2171	12
2172	12
2173	12
2174	12
2175	12
2176	13
2177	13
2178	12
2179	12
2180	12
2181	13
2182	12
2183	12
2184	12
2185	12
2186	12
2187	12
2188	12
2189	13
2190	12
2191	13
2192	12
2193	12
2194	12
2195	12
2196	13
2197	12
2198	12
2199	13
2200	12
2201	12
2202	12
2203	12
2204	12
2205	12
2206	12
2207	12
2208	13
2209	12
2210	12
2211	12
2212	12
2213	12
2214	12
2215	12
2216	12
2217	12
2218	12
2219	12
2220	12
2221	12
2222	12
2223	13
2224	12
2225	12
2226	12
2227	12
2228	12
2229	12
2230	12
2231	12
2232	12
2233	13
2234	13
2235	12
2236	13
2237	13
2238	12
2239	12
2240	12
2241	12
2242	12
2243	12
2244	12
2245	12
2246	12
2247	12
2248	12
2249	12
2250	12
2251	12
2252	12
2253	12
2254	12
2255	12
2256	12
2257	12
2258	13
2259	12
2260	12
2261	12
2262	12
2263	12
2264	12
2265	12
2266	12
2267	12
2268	12
2269	12
2270	12
2271	12
2272	12
2273	12
2274	12
2275	12
2276	12
2277	13
2278	12
2279	12
2280	12
2281	12
2282	13
2283	13
2284	4
2285	4
2286	12
2287	12
2288	12
2289	12
2290	12
2291	12
2292	12
2293	12
2294	13
2295	12
2296	12
2297	13
2298	12
2299	12
2300	12
2301	12
2302	13
2303	13
2304	13
2305	12
2306	12
2307	12
2308	12
2309	4
2310	4
2311	4
2312	7
2313	7
2314	7
2315	7
2316	7
2317	7
2318	7
2319	7
2320	7
2321	7
2322	7
2323	7
2324	7
2325	7
2326	7
2327	7
2328	7
2329	7
2330	9
2331	9
2332	9
2333	9
2334	9
2335	9
2336	9
2337	9
2338	9
2339	9
2340	9
2341	9
2342	9
2343	9
2344	9
2345	9
2346	10
2347	10
2348	10
2349	10
2350	10
2351	10
2352	10
2353	10
2354	10
2355	10
2356	10
2357	10
2358	10
2359	10
2360	10
2361	10
2362	10
2363	10
2364	10
2365	10
2366	13
2367	13
2368	13
2369	13
2370	13
2371	13
2372	13
2373	13
2374	13
2375	13
2376	13
2377	13
2378	13
2379	13
2380	13
2381	13
2382	13
2383	13
2384	13
2385	13
2386	13
2387	13
2388	13
2389	13
2390	13
2391	13
2392	13
2393	13
2394	13
2395	13
2396	13
2397	13
2398	13
2399	13
2400	13
2401	13
2402	13
2403	13
2404	13
2405	13
2406	13
2407	13
2408	13
2409	13
2410	13
2411	13
2412	13
2413	13
2414	13
2415	2
2416	2
2417	2
2418	2
2419	2
2420	2
2421	2
2422	2
2423	2
2424	2
2425	2
2426	2
2427	2
2428	2
2429	11
2430	11
2431	2
2432	2
2433	2
2434	2
2435	2
2436	2
2437	2
2438	11
2439	11
2440	2
2441	2
2442	2
2443	2
2444	2
2445	2
2446	2
2447	2
2448	2
2449	2
2450	2
2451	2
2452	2
2453	2
2454	2
2455	2
2456	2
2457	2
2458	2
2459	2
2460	2
2461	2
2462	2
2463	2
2464	2
2465	2
2466	2
2467	2
2468	2
2469	2
2470	2
2471	2
2472	2
2473	2
2474	2
2475	2
2476	2
2477	2
2478	2
2479	2
2480	2
2481	2
2482	2
2483	2
2484	2
2485	2
2486	2
2487	2
2488	2
2489	2
2490	2
2491	2
2492	2
2493	2
2494	2
2495	2
2496	11
2497	11
2498	11
2499	2
2500	2
2501	2
2502	2
2503	2
2504	2
2505	2
2506	2
2507	2
2508	11
2509	11
2510	11
2511	2
2512	2
2513	11
2514	11
2515	2
2516	2
2517	2
2518	2
2519	2
2520	2
2521	2
2522	2
2523	11
2524	2
2525	2
2526	2
2527	2
2528	2
2529	11
2530	11
2531	11
2532	11
2533	11
2534	11
2535	11
2536	11
2537	11
2538	11
2539	2
2540	11
2541	2
2542	11
2543	2
2544	2
2545	2
2546	2
2547	2
2548	2
2549	2
2550	2
2551	2
2552	2
2553	11
2554	2
2555	2
2556	2
2557	2
2558	2
2559	11
2560	2
2561	2
2562	11
2563	11
2564	2
2565	11
2566	2
2567	2
2568	2
2569	11
2570	11
2571	2
2572	11
2573	2
2574	11
2575	2
2576	2
2577	2
2578	2
2579	2
2580	2
2581	11
2582	2
2583	2
2584	2
2585	2
2586	2
2587	11
2588	11
2589	11
2590	11
2591	11
2592	11
2593	11
2594	2
2595	2
2596	2
2597	2
2598	2
2599	2
2600	2
2601	2
2602	2
2603	2
2604	11
2605	2
2606	4
2607	4
2608	4
2609	4
2610	4
2611	4
2612	4
2613	4
2614	4
2615	4
2616	4
2617	4
2618	4
2619	4
2620	4
2621	4
2622	4
2623	4
2624	4
2625	4
2626	4
2627	4
2628	4
2629	4
2630	4
2631	4
2632	4
2633	4
2634	4
2635	4
2636	4
2637	4
2638	4
2639	4
2640	8
2641	8
2642	8
2643	8
2644	8
2645	4
2646	4
2647	4
2648	8
2649	8
2650	8
2651	8
2652	8
2653	4
2654	4
2655	4
2656	8
2657	4
2658	8
2659	8
2660	8
2661	4
2662	4
2663	8
2664	4
2665	8
2666	8
2667	4
2668	8
2669	4
2670	4
2671	8
2672	8
2673	8
2674	8
2675	4
2676	4
2677	4
2678	4
2679	8
2680	4
2681	8
2682	8
2683	8
2684	8
2685	8
2686	8
2687	8
2688	9
2689	9
2690	9
2691	9
315	5
1657	10
