0	1
1	1
2	1
3	1
4	1
5	1
6	1
7	7
8	7
9	7
10	7
11	7
12	7
13	7
14	7
15	7
16	7
17	7
18	7
19	7
20	7
21	6
22	6
23	6
24	6
25	6
26	6
27	6
28	6
29	11
30	11
31	11
32	1
33	11
34	11
35	11
36	11
37	1
38	1
39	11
40	1
41	11
42	1
43	11
44	11
45	1
46	1
47	11
48	11
49	1
50	1
51	1
52	1
53	2
54	2
55	2
56	2
57	2
58	1
59	1
60	1
61	1
62	1
63	1
64	1
65	2
66	2
67	2
68	2
69	2
70	2
71	6
72	6
73	6
74	6
75	1
76	1
77	1
78	1
79	1
80	1
81	1
82	1
83	3
84	3
85	3
86	3
87	9
88	9
89	3
90	9
91	3
92	3
93	3
94	3
95	9
96	7
97	7
98	7
99	7
100	7
101	7
102	7
103	7
104	7
105	7
106	7
107	7
108	7
109	7
110	7
111	7
112	7
113	7
114	7
115	7
116	7
117	7
118	7
119	7
120	7
121	7
122	7
123	7
124	7
125	7
126	7
127	7
128	7
129	5
130	5
131	5
132	5
133	5
134	5
135	5
136	5
137	5
138	5
139	5
140	5
141	5
142	5
143	5
144	5
145	5
146	5
147	5
148	5
149	5
150	5
151	5
152	5
153	5
154	5
155	5
156	5
157	5
158	5
159	5
160	5
161	5
162	5
163	5
164	5
165	5
166	3
167	3
168	3
169	3
170	3
171	3
172	3
173	3
174	3
175	3
176	3
177	3
178	3
179	3
180	3
181	3
182	3
183	1
184	1
185	1
186	1
187	1
188	1
189	1
190	1
191	1
192	1
193	1
194	1
195	1
196	1
197	1
198	1
199	1
200	1
201	1
202	1
203	1
204	1
205	1
206	1
207	1
208	8
209	8
210	6
211	6
212	6
213	8
214	8
215	6
216	8
217	8
218	6
219	6
220	8
221	8
222	8
223	8
224	8
225	8
226	6
227	6
228	6
229	6
230	6
231	6
232	6
233	6
234	6
235	6
236	8
237	8
238	8
239	8
240	8
241	8
242	8
243	8
244	8
245	8
246	6
247	6
248	1
249	1
250	1
251	1
252	1
253	1
254	1
255	1
256	1
257	1
258	1
259	1
260	1
261	6
262	6
263	6
264	6
265	6
266	6
267	6
268	5
269	6
270	5
271	6
272	6
273	6
274	6
275	6
276	6
277	6
278	5
279	6
280	6
281	6
282	5
283	5
284	5
285	5
286	6
287	5
288	5
289	5
290	5
291	5
292	5
293	5
294	5
295	5
296	5
297	5
298	6
299	5
300	5
301	5
302	1
303	1
304	1
305	1
306	8
307	8
308	8
309	9
310	9
311	9
312	8
313	8
314	8
316	7
317	7
318	7
319	7
320	7
321	7
322	7
323	7
324	7
325	7
326	7
327	7
328	7
329	7
330	7
331	8
332	8
333	8
334	8
335	8
336	9
337	7
338	7
339	7
340	8
341	8
342	8
343	8
344	8
345	8
346	8
347	8
348	8
349	8
350	8
351	8
352	8
353	8
354	8
355	8
356	9
357	9
358	9
359	9
360	9
361	9
362	9
363	9
364	9
365	9
366	9
367	9
368	9
369	8
370	8
371	8
372	8
373	9
374	8
375	8
376	8
377	8
378	8
379	8
380	8
381	8
382	8
383	8
384	8
385	8
386	8
387	8
388	8
389	7
390	7
391	7
392	7
393	7
394	8
395	8
396	8
397	9
398	7
399	7
400	7
401	7
402	7
403	6
404	6
405	6
406	6
407	6
408	6
409	11
410	11
411	11
412	11
413	11
414	11
415	11
416	11
417	11
418	11
419	11
420	11
421	11
422	11
423	11
424	11
425	3
426	3
427	3
428	3
429	3
430	3
431	3
432	3
433	11
434	11
435	11
436	11
437	11
438	11
439	11
440	11
441	11
442	11
443	11
444	11
445	11
446	3
447	3
448	3
449	3
450	3
451	11
452	11
453	11
454	3
455	3
456	3
457	11
458	11
459	11
460	11
461	11
462	11
463	3
464	3
465	3
466	3
467	3
468	3
469	3
470	3
471	3
472	3
473	11
474	11
475	6
476	6
477	5
478	5
479	5
480	5
481	5
482	5
483	5
484	6
485	6
486	5
487	5
488	5
489	6
490	6
491	6
492	6
493	6
494	6
495	5
496	5
497	5
498	6
499	5
500	5
501	5
502	6
503	5
504	5
505	5
506	6
507	6
508	6
509	6
510	6
511	6
512	6
513	6
514	6
515	6
516	6
517	6
518	6
519	6
520	6
521	6
522	12
523	12
524	12
525	12
526	1
527	1
528	12
529	12
530	12
531	12
532	12
533	12
534	12
535	12
536	12
537	12
538	1
539	1
540	1
541	1
542	1
543	1
544	1
545	1
546	1
547	1
548	1
549	1
550	1
551	1
552	1
553	1
554	1
555	1
556	1
557	1
558	1
559	6
560	6
561	6
562	6
563	6
564	6
565	1
566	1
567	1
568	1
569	1
570	13
571	3
572	13
573	13
574	3
575	3
576	13
577	13
578	3
579	13
580	13
581	1
582	1
583	1
584	1
585	1
586	1
587	6
588	6
589	6
590	6
591	6
592	6
593	6
594	6
595	6
596	6
597	6
598	6
599	6
600	6
601	6
602	6
603	1
604	1
605	1
606	1
607	1
608	1
609	1
610	1
611	1
612	1
613	1
614	1
615	1
616	1
617	6
618	6
619	6
620	6
621	6
622	6
623	6
624	6
625	6
626	6
627	6
628	6
629	6
630	6
631	6
632	6
633	6
634	6
635	6
636	6
637	6
638	6
639	1
640	1
641	1
642	1
643	1
644	1
645	1
646	1
647	1
648	1
649	1
650	1
651	1
652	1
653	1
654	1
655	1
656	1
657	3
658	3
659	3
660	3
661	11
662	11
663	11
664	11
665	11
666	11
667	11
668	11
669	11
670	5
671	5
672	5
673	5
674	5
675	5
676	5
677	5
678	5
679	5
680	11
681	11
682	11
683	11
684	11
685	11
686	11
687	11
688	11
689	11
690	11
691	11
692	11
693	11
694	11
695	11
696	11
697	5
698	5
699	5
700	5
701	5
702	5
703	5
704	5
705	5
706	5
707	5
708	5
709	5
710	5
711	5
712	5
713	5
714	11
715	11
716	6
717	6
718	5
719	5
720	5
721	6
722	6
723	6
724	6
725	6
726	6
727	6
728	6
729	6
730	6
731	6
732	11
733	11
734	11
735	11
736	11
737	3
738	3
739	3
740	3
741	3
742	3
743	3
744	3
745	11
746	11
747	11
748	11
749	11
750	11
751	11
752	11
753	11
754	11
755	11
756	11
757	11
758	11
759	11
760	11
761	11
762	11
763	11
764	11
765	11
766	3
767	3
768	3
769	3
770	11
771	11
772	3
773	3
774	3
775	3
776	3
777	3
778	3
779	3
780	3
781	3
782	3
783	3
784	3
785	8
786	3
787	3
788	3
789	3
790	3
791	8
792	8
793	8
794	8
795	8
796	8
797	8
798	8
799	8
800	8
801	3
802	3
803	3
804	3
805	8
806	8
807	8
808	3
809	3
810	3
811	2
812	12
813	2
814	2
815	2
816	2
817	2
818	12
819	12
820	12
821	2
822	2
823	2
824	2
825	2
826	2
827	12
828	2
829	12
830	2
831	2
832	2
833	2
834	2
835	2
836	2
837	2
838	2
839	2
840	2
841	2
842	2
843	2
844	2
845	2
846	2
847	12
848	12
849	12
850	12
851	12
852	2
853	2
854	12
855	2
856	12
857	12
858	1
859	1
860	1
861	1
862	1
863	1
864	1
865	1
866	1
867	1
868	1
869	1
870	1
871	2
872	2
873	2
874	2
875	12
876	2
877	2
878	2
879	2
880	12
881	2
882	2
883	12
884	2
885	2
886	2
887	12
888	12
889	2
890	2
891	12
892	12
893	2
894	2
895	2
896	2
897	2
898	12
899	12
900	12
901	12
902	2
903	2
904	2
905	2
906	2
907	12
908	12
909	2
910	12
911	12
912	12
913	12
914	2
915	2
916	2
917	2
918	2
919	2
920	12
921	12
922	12
923	12
924	12
925	2
926	2
927	2
928	2
929	2
930	12
931	12
932	12
933	12
934	2
935	2
936	2
937	2
938	2
939	12
940	12
941	2
942	12
943	12
944	12
945	12
946	2
947	12
948	2
949	12
950	12
951	12
952	12
953	12
954	12
955	12
956	12
957	2
958	2
959	2
960	12
961	12
962	12
963	2
964	2
965	2
966	12
967	2
968	12
969	2
970	2
971	2
972	2
973	2
974	12
975	12
976	2
977	2
978	2
979	12
980	2
981	2
982	12
983	12
984	12
985	3
986	9
987	9
988	3
989	9
990	9
991	9
992	3
993	3
994	9
995	3
996	9
997	3
998	9
999	9
1000	3
1001	3
1002	3
1003	9
1004	9
1005	9
1006	9
1007	12
1008	12
1009	9
1010	12
1011	12
1012	12
1013	12
1014	12
1015	12
1016	12
1017	12
1018	12
1019	12
1020	12
1021	12
1022	12
1023	12
1024	12
1025	12
1026	12
1027	12
1028	12
1029	12
1030	12
1031	12
1032	12
1033	12
1034	12
1035	12
1036	12
1037	12
1038	12
1039	12
1040	12
1041	12
1042	12
1043	12
1044	12
1045	12
1046	12
1047	12
1048	12
1049	12
1050	12
1051	12
1052	12
1053	12
1054	12
1055	12
1056	12
1057	12
1058	12
1059	12
1060	12
1061	12
1062	12
1063	12
1064	12
1065	12
1066	12
1067	12
1068	12
1069	12
1070	12
1071	12
1072	12
1073	12
1074	12
1075	1
1076	1
1077	1
1078	1
1079	1
1080	1
1081	1
1082	1
1083	1
1084	1
1085	1
1086	1
1087	6
1088	6
1089	6
1090	6
1091	6
1092	6
1093	6
1094	6
1095	6
1096	6
1097	6
1098	6
1099	6
1100	6
1101	6
1102	6
1103	6
1104	6
1105	6
1106	6
1107	2
1108	2
1109	2
1110	2
1111	2
1112	2
1113	2
1114	2
1115	2
1116	2
1117	2
1118	2
1119	2
1120	2
1121	2
1122	2
1123	2
1124	2
1125	2
1126	2
1127	2
1128	2
1129	2
1130	2
1131	2
1132	2
1133	2
1134	2
1135	2
1136	2
1137	2
1138	2
1139	2
1140	2
1141	2
1142	2
1143	2
1144	2
1145	2
1146	2
1147	2
1148	2
1149	2
1150	2
1151	2
1152	2
1153	2
1154	8
1155	8
1156	8
1157	8
1158	8
1159	8
1160	8
1161	8
1162	8
1163	8
1164	8
1165	8
1166	8
1167	8
1168	8
1169	12
1170	12
1171	12
1172	12
1173	12
1174	12
1175	12
1176	12
1177	12
1178	12
1179	12
1180	12
1181	12
1182	12
1183	12
1184	12
1185	12
1186	12
1187	12
1188	12
1189	12
1190	12
1191	12
1192	12
1193	12
1194	12
1195	12
1196	12
1197	12
1198	12
1199	12
1200	12
1201	12
1202	12
1203	12
1204	12
1205	12
1206	12
1207	12
1208	12
1209	12
1210	12
1211	12
1212	12
1213	12
1214	12
1215	12
1216	12
1217	12
1218	12
1219	12
1220	12
1221	12
1222	12
1223	12
1224	12
1225	12
1226	12
1227	12
1228	12
1229	12
1230	12
1231	12
1232	12
1233	12
1234	12
1235	12
1236	12
1237	12
1238	12
1239	12
1240	5
1241	5
1242	5
1243	6
1244	5
1245	5
1246	5
1247	5
1248	6
1249	6
1250	6
1251	6
1252	6
1253	11
1254	11
1255	11
1256	11
1257	11
1258	6
1259	6
1260	6
1261	6
1262	5
1263	5
1264	11
1265	11
1266	11
1267	11
1268	11
1269	11
1270	11
1271	11
1272	11
1273	11
1274	11
1275	11
1276	11
1277	11
1278	8
1279	8
1280	8
1281	6
1282	5
1283	5
1284	11
1285	11
1286	11
1287	11
1288	8
1289	8
1290	8
1291	8
1292	8
1293	8
1294	8
1295	8
1296	8
1297	8
1298	8
1299	8
1300	8
1301	8
1302	8
1303	1
1304	1
1305	1
1306	1
1307	1
1308	1
1309	1
1310	1
1311	1
1312	1
1313	1
1314	2
1315	2
1316	2
1317	2
1318	2
1319	2
1320	2
1321	2
1322	2
1323	2
1324	2
1325	2
1326	2
1327	2
1328	2
1329	2
1330	2
1331	2
1332	2
1333	2
1334	2
1335	2
1336	2
1337	2
1338	2
1339	2
1340	2
1341	2
1342	2
1343	2
1344	2
1345	2
1346	11
1347	11
1348	11
1349	11
1350	11
1351	11
1352	11
1353	11
1354	11
1355	11
1356	11
1357	11
1358	11
1359	11
1360	11
1361	11
1362	11
1363	9
1364	9
1365	9
1366	9
1367	9
1368	9
1369	9
1370	9
1371	9
1372	9
1373	9
1374	9
1375	9
1376	9
1377	9
1378	9
1379	9
1380	9
1381	8
1382	8
1383	8
1384	8
1385	8
1386	8
1387	8
1388	8
1389	8
1390	8
1391	8
1392	8
1393	8
1394	8
1395	8
1396	8
1397	11
1398	11
1399	11
1400	11
1401	11
1402	11
1403	11
1404	11
1405	11
1406	11
1407	11
1408	11
1409	11
1410	11
1411	11
1412	11
1413	11
1414	11
1415	11
1416	11
1417	11
1418	11
1419	11
1420	11
1421	11
1422	11
1423	11
1424	11
1425	11
1426	11
1427	11
1428	13
1429	13
1430	13
1431	13
1432	13
1433	13
1434	13
1435	13
1436	13
1437	13
1438	13
1439	13
1440	13
1441	7
1442	7
1443	7
1444	7
1445	7
1446	7
1447	7
1448	7
1449	7
1450	7
1451	7
1452	7
1453	7
1454	7
1455	13
1456	13
1457	13
1458	13
1459	13
1460	13
1461	13
1462	13
1463	13
1464	13
1465	6
1466	6
1467	6
1468	6
1469	5
1470	6
1471	6
1472	5
1473	5
1474	6
1475	6
1476	6
1477	6
1478	6
1479	6
1480	6
1481	6
1482	6
1483	6
1484	6
1485	6
1486	6
1487	5
1488	6
1489	7
1490	7
1491	7
1492	7
1493	7
1494	7
1495	7
1496	7
1497	7
1498	7
1499	7
1500	7
1501	4
1502	11
1503	11
1504	4
1505	11
1506	4
1507	11
1508	11
1509	11
1510	4
1511	4
1512	4
1513	4
1514	4
1515	4
1516	11
1517	11
1518	11
1519	4
1520	4
1521	4
1522	4
1523	11
1524	11
1525	11
1526	4
1527	4
1528	4
1529	3
1530	3
1531	3
1532	3
1533	3
1534	3
1535	3
1536	3
1537	3
1538	3
1539	3
1540	3
1541	3
1542	3
1543	3
1544	3
1545	3
1546	3
1547	3
1548	3
1549	3
1550	3
1551	3
1552	9
1553	9
1554	12
1555	9
1556	12
1557	9
1558	9
1559	9
1560	9
1561	9
1562	12
1563	9
1564	9
1565	9
1566	9
1567	9
1568	9
1569	9
1570	9
1571	9
1572	9
1573	9
1574	9
1575	9
1576	11
1577	11
1578	11
1579	11
1580	11
1581	11
1582	11
1583	11
1584	11
1585	11
1586	11
1587	11
1588	11
1589	11
1590	11
1591	11
1592	11
1593	1
1594	1
1595	1
1596	1
1597	1
1598	1
1599	1
1600	1
1601	1
1602	3
1603	3
1604	3
1605	3
1606	3
1607	3
1608	3
1609	3
1610	3
1611	3
1612	3
1613	3
1614	3
1615	3
1616	3
1617	3
1618	8
1619	8
1620	8
1621	8
1622	8
1623	8
1624	8
1625	8
1626	8
1627	8
1628	8
1629	7
1630	7
1631	7
1632	7
1633	7
1634	7
1635	7
1636	7
1637	7
1638	7
1639	7
1640	7
1641	7
1642	7
1643	7
1644	8
1645	8
1646	8
1647	8
1648	8
1649	7
1650	7
1651	7
1652	7
1653	7
1654	7
1655	7
1656	7
1658	7
1659	7
1660	7
1661	7
1662	7
1663	7
1664	7
1665	7
1666	7
1667	7
1668	7
1669	7
1670	7
1671	7
1672	7
1673	8
1674	7
1675	7
1676	7
1677	8
1678	5
1679	5
1680	5
1681	5
1682	5
1683	5
1684	5
1685	11
1686	11
1687	11
1688	11
1689	11
1690	11
1691	11
1692	11
1693	11
1694	11
1695	11
1696	11
1697	11
1698	11
1699	11
1700	11
1701	7
1702	11
1703	4
1704	4
1705	7
1706	7
1707	11
1708	7
1709	7
1710	7
1711	11
1712	7
1713	8
1714	8
1715	8
1716	8
1717	8
1718	8
1719	8
1720	8
1721	8
1722	8
1723	8
1724	8
1725	11
1726	7
1727	11
1728	8
1729	11
1730	11
1731	7
1732	7
1733	11
1734	11
1735	7
1736	7
1737	11
1738	7
1739	7
1740	7
1741	7
1742	4
1743	4
1744	4
1745	4
1746	4
1747	4
1748	4
1749	4
1750	4
1751	4
1752	4
1753	4
1754	4
1755	4
1756	4
1757	6
1758	6
1759	6
1760	6
1761	4
1762	4
1763	4
1764	4
1765	4
1766	4
1767	4
1768	4
1769	4
1770	4
1771	4
1772	4
1773	4
1774	6
1775	6
1776	6
1777	6
1778	6
1779	6
1780	6
1781	6
1782	6
1783	6
1784	6
1785	6
1786	6
1787	4
1788	4
1789	4
1790	4
1791	4
1792	4
1793	4
1794	4
1795	6
1796	6
1797	6
1798	6
1799	4
1800	4
1801	4
1802	4
1803	4
1804	4
1805	4
1806	4
1807	4
1808	4
1809	7
1810	7
1811	7
1812	7
1813	7
1814	7
1815	7
1816	7
1817	7
1818	7
1819	7
1820	7
1821	7
1822	7
1823	7
1824	7
1825	7
1826	7
1827	7
1828	7
1829	7
1830	6
1831	6
1832	6
1833	6
1834	6
1835	7
1836	7
1837	6
1838	7
1839	7
1840	9
1841	9
1842	9
1843	9
1844	9
1845	7
1846	7
1847	7
1848	7
1849	7
1850	7
1851	7
1852	7
1853	7
1854	7
1855	7
1856	7
1857	8
1858	8
1859	8
1860	8
1861	8
1862	8
1863	7
1864	7
1865	7
1866	7
1867	7
1868	7
1869	7
1870	7
1871	7
1872	5
1873	5
1874	5
1875	5
1876	5
1877	5
1878	5
1879	5
1880	5
1881	5
1882	5
1883	5
1884	5
1885	5
1886	5
1887	5
1888	5
1889	5
1890	5
1891	5
1892	5
1893	5
1894	5
1895	1
1896	1
1897	1
1898	8
1899	8
1900	8
1901	8
1902	8
1903	8
1904	1
1905	1
1906	1
1907	1
1908	1
1909	1
1910	1
1911	1
1912	1
1913	1
1914	1
1915	1
1916	8
1917	8
1918	8
1919	8
1920	8
1921	8
1922	8
1923	8
1924	1
1925	1
1926	1
1927	1
1928	1
1929	1
1930	1
1931	1
1932	1
1933	1
1934	1
1935	1
1936	1
1937	1
1938	1
1939	1
1940	1
1941	1
1942	1
1943	1
1944	1
1945	1
1946	1
1947	1
1948	1
1949	1
1950	1
1951	1
1952	1
1953	1
1954	1
1955	1
1956	1
1957	1
1958	1
1959	1
1960	1
1961	1
1962	1
1963	1
1964	1
1965	1
1966	1
1967	1
1968	1
1969	1
1970	1
1971	1
1972	1
1973	1
1974	1
1975	1
1976	3
1977	3
1978	3
1979	3
1980	3
1981	3
1982	3
1983	3
1984	3
1985	3
1986	3
1987	3
1988	3
1989	3
1990	3
1991	3
1992	3
1993	3
1994	3
1995	3
1996	3
1997	3
1998	3
1999	3
2000	3
2001	3
2002	3
2003	3
2004	3
2005	3
2006	3
2007	3
2008	3
2009	3
2010	3
2011	3
2012	3
2013	3
2014	3
2015	3
2016	3
2017	6
2018	6
2019	6
2020	6
2021	6
2022	6
2023	6
2024	3
2025	6
2026	6
2027	6
2028	6
2029	6
2030	3
2031	3
2032	3
2033	3
2034	3
2035	3
2036	3
2037	3
2038	6
2039	6
2040	6
2041	6
2042	6
2043	6
2044	6
2045	6
2046	3
2047	3
2048	6
2049	6
2050	6
2051	3
2052	3
2053	3
2054	3
2055	3
2056	3
2057	3
2058	3
2059	3
2060	3
2061	3
2062	3
2063	3
2064	3
2065	3
2066	3
2067	3
2068	6
2069	6
2070	6
2071	6
2072	6
2073	6
2074	6
2075	6
2076	6
2077	6
2078	6
2079	6
2080	6
2081	6
2082	6
2083	6
2084	6
2085	6
2086	6
2087	6
2088	6
2089	11
2090	11
2091	11
2092	11
2093	11
2094	11
2095	11
2096	1
2097	1
2098	1
2099	1
2100	1
2101	1
2102	1
2103	1
2104	11
2105	11
2106	1
2107	1
2108	1
2109	1
2110	1
2111	11
2112	1
2113	13
2114	13
2115	4
2116	13
2117	13
2118	13
2119	13
2120	13
2121	13
2122	13
2123	13
2124	6
2125	13
2126	13
2127	13
2128	13
2129	13
2130	13
2131	4
2132	4
2133	13
2134	4
2135	4
2136	13
2137	13
2138	13
2139	13
2140	13
2141	13
2142	13
2143	13
2144	13
2145	13
2146	13
2147	13
2148	13
2149	13
2150	13
2151	4
2152	4
2153	4
2154	13
2155	4
2156	13
2157	4
2158	4
2159	13
2160	4
2161	4
2162	4
2163	4
2164	4
2165	4
2166	4
2167	13
2168	13
2169	4
2170	4
2171	4
2172	4
2173	13
2174	13
2175	13
2176	13
2177	13
2178	13
2179	13
2180	4
2181	4
2182	13
2183	13
2184	13
2185	4
2186	4
2187	4
2188	13
2189	13
2190	13
2191	13
2192	13
2193	4
2194	13
2195	4
2196	13
2197	13
2198	4
2199	13
2200	13
2201	13
2202	13
2203	4
2204	13
2205	13
2206	13
2207	13
2208	13
2209	4
2210	4
2211	13
2212	4
2213	13
2214	13
2215	13
2216	13
2217	13
2218	4
2219	4
2220	4
2221	13
2222	13
2223	13
2224	4
2225	4
2226	4
2227	4
2228	13
2229	13
2230	4
2231	4
2232	4
2233	13
2234	13
2235	4
2236	13
2237	13
2238	13
2239	4
2240	4
2241	13
2242	13
2243	13
2244	13
2245	13
2246	4
2247	4
2248	4
2249	13
2250	13
2251	4
2252	4
2253	13
2254	13
2255	13
2256	4
2257	4
2258	13
2259	13
2260	13
2261	4
2262	4
2263	4
2264	4
2265	4
2266	13
2267	13
2268	13
2269	13
2270	13
2271	4
2272	4
2273	4
2274	4
2275	4
2276	4
2277	13
2278	13
2279	13
2280	4
2281	4
2282	13
2283	13
2284	6
2285	6
2286	4
2287	4
2288	4
2289	4
2290	4
2291	4
2292	4
2293	4
2294	13
2295	13
2296	13
2297	13
2298	13
2299	13
2300	13
2301	4
2302	13
2303	13
2304	13
2305	4
2306	4
2307	4
2308	4
2309	6
2310	6
2311	6
2312	2
2313	2
2314	2
2315	2
2316	2
2317	2
2318	2
2319	2
2320	2
2321	2
2322	2
2323	2
2324	2
2325	2
2326	2
2327	2
2328	2
2329	2
2330	1
2331	1
2332	1
2333	1
2334	1
2335	1
2336	1
2337	1
2338	1
2339	1
2340	1
2341	1
2342	1
2343	1
2344	1
2345	1
2346	2
2347	2
2348	2
2349	2
2350	2
2351	2
2352	2
2353	2
2354	2
2355	2
2356	2
2357	2
2358	2
2359	2
2360	2
2361	2
2362	2
2363	2
2364	2
2365	2
2366	13
2367	13
2368	13
2369	13
2370	13
2371	13
2372	13
2373	13
2374	13
2375	13
2376	13
2377	13
2378	13
2379	13
2380	13
2381	13
2382	13
2383	13
2384	13
2385	13
2386	13
2387	13
2388	13
2389	13
2390	13
2391	13
2392	13
2393	13
2394	13
2395	13
2396	13
2397	13
2398	13
2399	13
2400	13
2401	13
2402	13
2403	13
2404	13
2405	13
2406	13
2407	13
2408	13
2409	13
2410	13
2411	13
2412	13
2413	13
2414	13
2415	10
2416	10
2417	10
2418	10
2419	8
2420	8
2421	10
2422	10
2423	10
2424	10
2425	10
2426	10
2427	8
2428	8
2429	8
2430	8
2431	10
2432	10
2433	10
2434	10
2435	10
2436	10
2437	10
2438	10
2439	8
2440	10
2441	10
2442	10
2443	10
2444	10
2445	10
2446	10
2447	10
2448	10
2449	10
2450	10
2451	10
2452	10
2453	10
2454	10
2455	10
2456	10
2457	10
2458	10
2459	10
2460	10
2461	10
2462	10
2463	10
2464	10
2465	10
2466	10
2467	10
2468	10
2469	10
2470	10
2471	10
2472	10
2473	10
2474	10
2475	10
2476	10
2477	10
2478	10
2479	10
2480	10
2481	10
2482	10
2483	10
2484	10
2485	10
2486	10
2487	10
2488	10
2489	10
2490	10
2491	10
2492	10
2493	10
2494	10
2495	10
2496	10
2497	10
2498	10
2499	10
2500	10
2501	10
2502	10
2503	10
2504	10
2505	10
2506	10
2507	10
2508	10
2509	10
2510	10
2511	10
2512	10
2513	10
2514	10
2515	10
2516	10
2517	10
2518	10
2519	10
2520	10
2521	10
2522	10
2523	10
2524	10
2525	8
2526	10
2527	10
2528	10
2529	10
2530	8
2531	8
2532	8
2533	8
2534	8
2535	8
2536	8
2537	8
2538	8
2539	10
2540	8
2541	10
2542	10
2543	10
2544	10
2545	10
2546	10
2547	10
2548	10
2549	10
2550	10
2551	10
2552	8
2553	8
2554	10
2555	10
2556	10
2557	10
2558	10
2559	8
2560	10
2561	10
2562	10
2563	8
2564	10
2565	10
2566	10
2567	10
2568	8
2569	10
2570	10
2571	10
2572	10
2573	10
2574	10
2575	10
2576	10
2577	10
2578	10
2579	10
2580	10
2581	8
2582	10
2583	10
2584	10
2585	10
2586	10
2587	8
2588	8
2589	8
2590	8
2591	8
2592	8
2593	8
2594	10
2595	10
2596	10
2597	10
2598	10
2599	10
2600	10
2601	10
2602	10
2603	10
2604	8
2605	8
2606	5
2607	5
2608	5
2609	5
2610	5
2611	5
2612	5
2613	5
2614	5
2615	5
2616	5
2617	5
2618	5
2619	5
2620	5
2621	5
2622	5
2623	5
2624	5
2625	5
2626	6
2627	6
2628	6
2629	5
2630	5
2631	5
2632	5
2633	5
2634	6
2635	5
2636	5
2637	5
2638	6
2639	5
2640	9
2641	9
2642	9
2643	9
2644	9
2645	9
2646	9
2647	9
2648	9
2649	9
2650	9
2651	9
2652	9
2653	9
2654	9
2655	9
2656	9
2657	9
2658	9
2659	9
2660	9
2661	9
2662	9
2663	9
2664	9
2665	9
2666	9
2667	9
2668	9
2669	9
2670	9
2671	9
2672	9
2673	9
2674	9
2675	9
2676	9
2677	9
2678	9
2679	9
2680	9
2681	9
2682	9
2683	9
2684	9
2685	9
2686	9
2687	9
2688	1
2689	1
2690	1
2691	1
315	7
1657	7
