0	4
1	4
2	4
3	4
4	4
5	4
6	4
7	10
8	10
9	10
10	10
11	10
12	10
13	10
14	10
15	10
16	10
17	10
18	7
19	4
20	4
21	1
22	1
23	1
24	1
25	1
26	1
27	1
28	1
29	7
30	7
31	7
32	7
33	7
34	7
35	7
36	7
37	7
38	7
39	7
40	7
41	7
42	7
43	7
44	7
45	7
46	7
47	7
48	7
49	7
50	7
51	7
52	7
53	3
54	3
55	3
56	3
57	3
58	7
59	7
60	7
61	7
62	7
63	7
64	7
65	3
66	3
67	3
68	3
69	3
70	3
71	1
72	1
73	1
74	1
75	7
76	7
77	7
78	7
79	7
80	7
81	7
82	7
83	12
84	12
85	12
86	12
87	12
88	12
89	12
90	12
91	12
92	12
93	12
94	12
95	12
96	10
97	10
98	10
99	10
100	10
101	10
102	10
103	10
104	10
105	10
106	10
107	10
108	10
109	10
110	10
111	10
112	10
113	10
114	10
115	10
116	10
117	10
118	10
119	10
120	10
121	10
122	10
123	10
124	10
125	10
126	10
127	10
128	10
129	8
130	8
131	8
132	8
133	8
134	8
135	8
136	8
137	8
138	8
139	8
140	8
141	8
142	8
143	8
144	8
145	8
146	8
147	8
148	8
149	8
150	8
151	8
152	8
153	8
154	8
155	8
156	8
157	8
158	8
159	8
160	8
161	8
162	8
163	8
164	8
165	8
166	12
167	12
168	12
169	8
170	12
171	12
172	12
173	12
174	8
175	8
176	8
177	12
178	8
179	12
180	12
181	8
182	8
183	6
184	6
185	6
186	6
187	6
188	6
189	6
190	6
191	6
192	6
193	6
194	6
195	6
196	6
197	6
198	6
199	6
200	6
201	6
202	6
203	6
204	6
205	6
206	6
207	6
208	1
209	1
210	1
211	1
212	1
213	1
214	1
215	1
216	1
217	1
218	1
219	1
220	1
221	1
222	1
223	1
224	1
225	1
226	1
227	1
228	1
229	1
230	1
231	1
232	1
233	1
234	1
235	1
236	1
237	1
238	1
239	1
240	1
241	1
242	1
243	1
244	1
245	1
246	1
247	1
248	6
249	6
250	6
251	6
252	6
253	6
254	6
255	6
256	6
257	6
258	6
259	6
260	6
261	11
262	11
263	11
264	11
265	11
266	11
267	11
268	11
269	11
270	11
271	11
272	11
273	11
274	11
275	11
276	11
277	11
278	11
279	11
280	11
281	11
282	11
283	11
284	11
285	11
286	11
287	11
288	11
289	11
290	11
291	11
292	11
293	11
294	11
295	11
296	11
297	11
298	11
299	11
300	11
301	11
302	6
303	6
304	6
305	6
306	9
307	9
308	9
309	13
310	9
311	13
312	9
313	9
314	9
316	7
317	7
318	7
319	7
320	7
321	7
322	7
323	7
324	7
325	7
326	7
327	7
328	7
329	7
330	7
331	9
332	9
333	9
334	9
335	9
336	13
337	7
338	7
339	7
340	9
341	9
342	9
343	9
344	9
345	9
346	9
347	9
348	9
349	9
350	9
351	9
352	9
353	9
354	9
355	9
356	8
357	8
358	8
359	8
360	8
361	8
362	8
363	8
364	8
365	8
366	8
367	8
368	8
369	9
370	9
371	9
372	9
373	13
374	9
375	9
376	9
377	9
378	9
379	9
380	9
381	9
382	9
383	9
384	9
385	9
386	9
387	9
388	9
389	7
390	7
391	7
392	7
393	7
394	9
395	9
396	9
397	9
398	7
399	7
400	7
401	7
402	7
403	1
404	1
405	1
406	1
407	1
408	1
409	4
410	4
411	4
412	4
413	6
414	6
415	6
416	6
417	6
418	6
419	6
420	6
421	6
422	4
423	6
424	6
425	12
426	12
427	12
428	12
429	12
430	12
431	12
432	12
433	6
434	6
435	6
436	6
437	6
438	6
439	6
440	6
441	6
442	6
443	6
444	6
445	4
446	12
447	12
448	12
449	12
450	12
451	6
452	4
453	4
454	12
455	12
456	12
457	6
458	4
459	6
460	4
461	6
462	6
463	12
464	12
465	12
466	12
467	12
468	12
469	12
470	12
471	12
472	12
473	6
474	4
475	11
476	11
477	8
478	8
479	8
480	8
481	8
482	8
483	8
484	1
485	1
486	8
487	8
488	8
489	11
490	11
491	11
492	11
493	11
494	11
495	8
496	8
497	8
498	1
499	8
500	8
501	8
502	1
503	8
504	8
505	8
506	1
507	1
508	1
509	1
510	1
511	1
512	1
513	1
514	1
515	1
516	1
517	1
518	1
519	1
520	1
521	1
522	10
523	10
524	10
525	10
526	4
527	4
528	10
529	10
530	10
531	10
532	10
533	10
534	10
535	10
536	10
537	10
538	4
539	4
540	4
541	4
542	4
543	4
544	4
545	4
546	4
547	4
548	4
549	4
550	4
551	4
552	4
553	4
554	4
555	4
556	4
557	4
558	4
559	11
560	11
561	11
562	11
563	11
564	11
565	4
566	4
567	4
568	4
569	4
570	5
571	5
572	5
573	5
574	5
575	5
576	5
577	5
578	5
579	5
580	5
581	4
582	4
583	4
584	4
585	4
586	4
587	11
588	11
589	11
590	11
591	11
592	1
593	1
594	11
595	1
596	11
597	1
598	11
599	1
600	1
601	1
602	1
603	6
604	6
605	6
606	6
607	6
608	6
609	6
610	6
611	6
612	6
613	6
614	6
615	6
616	6
617	11
618	11
619	1
620	11
621	11
622	11
623	11
624	11
625	11
626	11
627	11
628	1
629	1
630	1
631	1
632	11
633	11
634	11
635	11
636	11
637	11
638	11
639	4
640	4
641	4
642	4
643	4
644	4
645	4
646	4
647	4
648	4
649	4
650	4
651	4
652	4
653	4
654	4
655	4
656	4
657	12
658	12
659	8
660	8
661	4
662	4
663	4
664	4
665	4
666	4
667	4
668	4
669	4
670	1
671	1
672	8
673	8
674	8
675	1
676	8
677	8
678	8
679	8
680	4
681	4
682	4
683	4
684	4
685	4
686	4
687	4
688	4
689	4
690	4
691	4
692	4
693	4
694	4
695	4
696	4
697	1
698	8
699	8
700	1
701	1
702	8
703	1
704	8
705	8
706	8
707	1
708	1
709	8
710	1
711	1
712	1
713	1
714	4
715	4
716	11
717	11
718	1
719	1
720	8
721	11
722	11
723	11
724	11
725	11
726	11
727	11
728	11
729	11
730	11
731	11
732	7
733	7
734	7
735	7
736	7
737	8
738	12
739	12
740	12
741	12
742	12
743	12
744	12
745	7
746	7
747	7
748	7
749	7
750	7
751	7
752	7
753	7
754	7
755	7
756	7
757	7
758	7
759	7
760	7
761	7
762	7
763	7
764	7
765	7
766	12
767	12
768	12
769	12
770	7
771	7
772	12
773	12
774	12
775	12
776	12
777	12
778	12
779	12
780	12
781	12
782	12
783	12
784	12
785	1
786	12
787	12
788	12
789	12
790	12
791	1
792	1
793	1
794	1
795	1
796	1
797	1
798	1
799	1
800	1
801	12
802	12
803	12
804	12
805	1
806	1
807	1
808	12
809	12
810	12
811	3
812	10
813	3
814	10
815	3
816	3
817	3
818	10
819	10
820	10
821	3
822	3
823	3
824	3
825	3
826	3
827	3
828	3
829	10
830	3
831	3
832	3
833	3
834	10
835	10
836	3
837	10
838	3
839	3
840	10
841	3
842	10
843	3
844	3
845	3
846	3
847	10
848	3
849	3
850	10
851	10
852	3
853	3
854	3
855	3
856	10
857	10
858	6
859	6
860	6
861	6
862	6
863	6
864	6
865	6
866	6
867	6
868	6
869	6
870	6
871	3
872	3
873	3
874	3
875	3
876	3
877	3
878	3
879	3
880	3
881	3
882	3
883	10
884	3
885	10
886	3
887	3
888	10
889	3
890	3
891	3
892	10
893	10
894	10
895	10
896	3
897	3
898	3
899	10
900	10
901	10
902	3
903	3
904	3
905	10
906	3
907	3
908	10
909	3
910	10
911	10
912	10
913	3
914	3
915	3
916	3
917	3
918	3
919	3
920	10
921	10
922	10
923	10
924	3
925	10
926	3
927	3
928	3
929	3
930	10
931	10
932	3
933	10
934	3
935	3
936	3
937	3
938	3
939	3
940	3
941	3
942	10
943	3
944	10
945	10
946	3
947	10
948	3
949	10
950	3
951	10
952	10
953	3
954	10
955	10
956	10
957	3
958	10
959	3
960	3
961	3
962	10
963	3
964	10
965	3
966	3
967	3
968	3
969	3
970	3
971	3
972	3
973	10
974	10
975	10
976	3
977	10
978	3
979	3
980	3
981	3
982	7
983	10
984	10
985	8
986	8
987	8
988	8
989	8
990	8
991	8
992	8
993	8
994	8
995	8
996	8
997	8
998	8
999	8
1000	8
1001	8
1002	8
1003	8
1004	8
1005	8
1006	8
1007	7
1008	10
1009	8
1010	10
1011	10
1012	10
1013	10
1014	7
1015	7
1016	7
1017	10
1018	10
1019	10
1020	7
1021	7
1022	7
1023	7
1024	7
1025	7
1026	7
1027	10
1028	7
1029	7
1030	7
1031	10
1032	7
1033	7
1034	7
1035	7
1036	7
1037	7
1038	7
1039	10
1040	7
1041	7
1042	10
1043	7
1044	7
1045	7
1046	7
1047	7
1048	10
1049	10
1050	7
1051	10
1052	7
1053	7
1054	7
1055	7
1056	7
1057	7
1058	7
1059	7
1060	7
1061	7
1062	10
1063	7
1064	7
1065	7
1066	7
1067	7
1068	7
1069	7
1070	7
1071	7
1072	7
1073	7
1074	7
1075	6
1076	6
1077	6
1078	6
1079	6
1080	6
1081	6
1082	6
1083	6
1084	6
1085	6
1086	6
1087	11
1088	11
1089	11
1090	11
1091	11
1092	11
1093	11
1094	1
1095	1
1096	1
1097	1
1098	1
1099	1
1100	1
1101	1
1102	1
1103	1
1104	1
1105	1
1106	1
1107	13
1108	13
1109	13
1110	13
1111	13
1112	13
1113	13
1114	3
1115	13
1116	3
1117	13
1118	3
1119	13
1120	13
1121	13
1122	3
1123	13
1124	3
1125	3
1126	13
1127	13
1128	13
1129	13
1130	13
1131	3
1132	3
1133	3
1134	13
1135	13
1136	3
1137	3
1138	13
1139	3
1140	13
1141	13
1142	13
1143	13
1144	13
1145	13
1146	3
1147	3
1148	13
1149	13
1150	13
1151	13
1152	13
1153	13
1154	1
1155	1
1156	1
1157	1
1158	1
1159	1
1160	1
1161	1
1162	9
1163	9
1164	9
1165	9
1166	1
1167	1
1168	1
1169	7
1170	7
1171	10
1172	10
1173	7
1174	7
1175	7
1176	7
1177	10
1178	10
1179	10
1180	10
1181	10
1182	10
1183	10
1184	10
1185	7
1186	7
1187	7
1188	7
1189	7
1190	10
1191	7
1192	10
1193	7
1194	10
1195	7
1196	7
1197	10
1198	10
1199	7
1200	3
1201	3
1202	3
1203	3
1204	10
1205	3
1206	3
1207	3
1208	10
1209	3
1210	3
1211	3
1212	10
1213	10
1214	3
1215	10
1216	3
1217	10
1218	3
1219	3
1220	3
1221	3
1222	3
1223	3
1224	10
1225	3
1226	3
1227	10
1228	10
1229	3
1230	3
1231	10
1232	3
1233	3
1234	3
1235	10
1236	3
1237	3
1238	3
1239	10
1240	11
1241	11
1242	11
1243	1
1244	11
1245	11
1246	11
1247	11
1248	11
1249	1
1250	1
1251	1
1252	1
1253	7
1254	7
1255	7
1256	7
1257	7
1258	11
1259	1
1260	1
1261	11
1262	11
1263	11
1264	7
1265	7
1266	7
1267	7
1268	7
1269	7
1270	7
1271	7
1272	7
1273	7
1274	7
1275	7
1276	7
1277	7
1278	1
1279	1
1280	1
1281	1
1282	11
1283	11
1284	7
1285	7
1286	7
1287	7
1288	1
1289	1
1290	1
1291	1
1292	1
1293	1
1294	1
1295	1
1296	1
1297	1
1298	1
1299	1
1300	1
1301	1
1302	1
1303	6
1304	6
1305	6
1306	6
1307	6
1308	6
1309	6
1310	6
1311	6
1312	6
1313	6
1314	3
1315	3
1316	3
1317	3
1318	3
1319	3
1320	3
1321	3
1322	3
1323	3
1324	3
1325	3
1326	3
1327	13
1328	3
1329	3
1330	3
1331	13
1332	13
1333	3
1334	3
1335	3
1336	3
1337	13
1338	3
1339	3
1340	3
1341	3
1342	3
1343	3
1344	13
1345	3
1346	6
1347	6
1348	6
1349	6
1350	6
1351	6
1352	6
1353	6
1354	6
1355	6
1356	6
1357	6
1358	6
1359	6
1360	6
1361	6
1362	6
1363	13
1364	13
1365	13
1366	13
1367	13
1368	13
1369	13
1370	13
1371	13
1372	13
1373	13
1374	13
1375	13
1376	13
1377	13
1378	13
1379	13
1380	13
1381	1
1382	1
1383	1
1384	1
1385	1
1386	1
1387	1
1388	1
1389	1
1390	1
1391	1
1392	1
1393	1
1394	1
1395	1
1396	1
1397	6
1398	6
1399	6
1400	6
1401	6
1402	6
1403	6
1404	6
1405	6
1406	6
1407	6
1408	6
1409	6
1410	6
1411	6
1412	6
1413	6
1414	6
1415	6
1416	6
1417	6
1418	6
1419	6
1420	6
1421	6
1422	6
1423	6
1424	6
1425	6
1426	6
1427	6
1428	2
1429	2
1430	10
1431	2
1432	10
1433	10
1434	10
1435	10
1436	10
1437	2
1438	10
1439	2
1440	2
1441	7
1442	7
1443	7
1444	10
1445	7
1446	10
1447	10
1448	7
1449	7
1450	7
1451	7
1452	7
1453	7
1454	7
1455	10
1456	2
1457	2
1458	10
1459	10
1460	2
1461	10
1462	10
1463	10
1464	2
1465	1
1466	1
1467	1
1468	1
1469	1
1470	1
1471	1
1472	1
1473	1
1474	1
1475	1
1476	1
1477	1
1478	1
1479	1
1480	1
1481	1
1482	1
1483	1
1484	1
1485	1
1486	1
1487	1
1488	1
1489	7
1490	7
1491	7
1492	7
1493	7
1494	7
1495	7
1496	7
1497	7
1498	7
1499	7
1500	7
1501	4
1502	4
1503	4
1504	4
1505	4
1506	4
1507	4
1508	4
1509	4
1510	4
1511	4
1512	4
1513	4
1514	4
1515	4
1516	4
1517	4
1518	4
1519	4
1520	4
1521	4
1522	4
1523	4
1524	4
1525	4
1526	4
1527	4
1528	4
1529	12
1530	12
1531	12
1532	12
1533	12
1534	12
1535	12
1536	12
1537	12
1538	12
1539	12
1540	12
1541	12
1542	12
1543	12
1544	12
1545	12
1546	12
1547	12
1548	12
1549	12
1550	12
1551	12
1552	5
1553	5
1554	13
1555	13
1556	13
1557	13
1558	5
1559	5
1560	5
1561	5
1562	13
1563	5
1564	5
1565	5
1566	13
1567	5
1568	5
1569	5
1570	5
1571	5
1572	5
1573	5
1574	5
1575	5
1576	7
1577	7
1578	7
1579	7
1580	7
1581	7
1582	7
1583	7
1584	7
1585	7
1586	7
1587	7
1588	7
1589	7
1590	7
1591	7
1592	7
1593	6
1594	6
1595	6
1596	6
1597	6
1598	6
1599	6
1600	6
1601	6
1602	5
1603	5
1604	5
1605	5
1606	5
1607	5
1608	5
1609	5
1610	5
1611	5
1612	5
1613	5
1614	5
1615	5
1616	5
1617	5
1618	1
1619	1
1620	1
1621	1
1622	1
1623	1
1624	1
1625	1
1626	1
1627	1
1628	1
1629	10
1630	10
1631	10
1632	10
1633	10
1634	10
1635	10
1636	10
1637	10
1638	10
1639	10
1640	10
1641	10
1642	10
1643	10
1644	1
1645	1
1646	1
1647	1
1648	1
1649	10
1650	10
1651	10
1652	10
1653	10
1654	10
1655	10
1656	10
1658	10
1659	10
1660	10
1661	10
1662	10
1663	10
1664	10
1665	10
1666	10
1667	10
1668	10
1669	10
1670	10
1671	10
1672	10
1673	1
1674	10
1675	10
1676	10
1677	1
1678	11
1679	11
1680	11
1681	11
1682	11
1683	11
1684	11
1685	7
1686	7
1687	7
1688	7
1689	7
1690	7
1691	7
1692	7
1693	7
1694	7
1695	7
1696	7
1697	7
1698	7
1699	7
1700	7
1701	4
1702	4
1703	2
1704	2
1705	7
1706	7
1707	7
1708	7
1709	4
1710	7
1711	7
1712	7
1713	1
1714	1
1715	1
1716	1
1717	1
1718	1
1719	1
1720	1
1721	1
1722	1
1723	1
1724	1
1725	7
1726	7
1727	7
1728	1
1729	7
1730	7
1731	7
1732	7
1733	7
1734	7
1735	7
1736	4
1737	4
1738	4
1739	4
1740	4
1741	7
1742	4
1743	4
1744	4
1745	4
1746	4
1747	4
1748	4
1749	4
1750	4
1751	4
1752	4
1753	4
1754	4
1755	4
1756	4
1757	1
1758	1
1759	1
1760	1
1761	4
1762	4
1763	4
1764	4
1765	4
1766	4
1767	4
1768	4
1769	4
1770	4
1771	4
1772	4
1773	4
1774	1
1775	1
1776	1
1777	1
1778	1
1779	1
1780	1
1781	1
1782	1
1783	1
1784	1
1785	1
1786	1
1787	4
1788	4
1789	4
1790	4
1791	4
1792	4
1793	4
1794	4
1795	1
1796	1
1797	1
1798	1
1799	4
1800	4
1801	4
1802	4
1803	4
1804	4
1805	4
1806	4
1807	4
1808	4
1809	2
1810	2
1811	2
1812	2
1813	2
1814	2
1815	2
1816	2
1817	2
1818	2
1819	2
1820	2
1821	2
1822	2
1823	2
1824	2
1825	2
1826	2
1827	2
1828	2
1829	2
1830	11
1831	11
1832	11
1833	11
1834	11
1835	2
1836	2
1837	11
1838	2
1839	2
1840	13
1841	13
1842	13
1843	13
1844	13
1845	2
1846	2
1847	2
1848	2
1849	2
1850	2
1851	2
1852	2
1853	2
1854	2
1855	2
1856	2
1857	1
1858	1
1859	1
1860	1
1861	1
1862	1
1863	2
1864	2
1865	10
1866	2
1867	2
1868	2
1869	2
1870	2
1871	2
1872	11
1873	11
1874	11
1875	11
1876	11
1877	11
1878	11
1879	11
1880	11
1881	11
1882	11
1883	11
1884	11
1885	11
1886	11
1887	11
1888	11
1889	11
1890	11
1891	11
1892	11
1893	11
1894	11
1895	6
1896	6
1897	6
1898	1
1899	1
1900	1
1901	1
1902	1
1903	1
1904	6
1905	6
1906	6
1907	6
1908	6
1909	6
1910	6
1911	6
1912	6
1913	6
1914	6
1915	6
1916	1
1917	1
1918	1
1919	1
1920	3
1921	1
1922	3
1923	3
1924	6
1925	6
1926	6
1927	6
1928	6
1929	6
1930	6
1931	6
1932	6
1933	6
1934	6
1935	6
1936	6
1937	6
1938	6
1939	6
1940	6
1941	6
1942	6
1943	6
1944	6
1945	6
1946	6
1947	6
1948	6
1949	6
1950	6
1951	6
1952	6
1953	6
1954	6
1955	6
1956	6
1957	6
1958	6
1959	6
1960	6
1961	6
1962	6
1963	6
1964	6
1965	6
1966	6
1967	6
1968	6
1969	6
1970	6
1971	6
1972	6
1973	6
1974	6
1975	6
1976	12
1977	12
1978	12
1979	12
1980	12
1981	12
1982	12
1983	12
1984	12
1985	12
1986	12
1987	12
1988	12
1989	12
1990	12
1991	12
1992	12
1993	12
1994	12
1995	12
1996	12
1997	12
1998	12
1999	12
2000	12
2001	12
2002	12
2003	12
2004	12
2005	12
2006	12
2007	12
2008	12
2009	12
2010	12
2011	12
2012	12
2013	12
2014	12
2015	12
2016	12
2017	11
2018	11
2019	11
2020	11
2021	11
2022	11
2023	11
2024	8
2025	11
2026	11
2027	11
2028	11
2029	11
2030	8
2031	8
2032	8
2033	8
2034	8
2035	8
2036	8
2037	8
2038	11
2039	11
2040	11
2041	11
2042	11
2043	11
2044	11
2045	11
2046	8
2047	8
2048	11
2049	11
2050	11
2051	8
2052	8
2053	8
2054	8
2055	8
2056	8
2057	8
2058	12
2059	12
2060	12
2061	12
2062	12
2063	12
2064	12
2065	12
2066	12
2067	12
2068	11
2069	11
2070	11
2071	11
2072	11
2073	11
2074	11
2075	11
2076	11
2077	11
2078	11
2079	11
2080	11
2081	11
2082	11
2083	11
2084	11
2085	11
2086	11
2087	11
2088	11
2089	7
2090	7
2091	7
2092	7
2093	7
2094	7
2095	7
2096	4
2097	4
2098	4
2099	4
2100	4
2101	4
2102	4
2103	4
2104	4
2105	4
2106	4
2107	4
2108	4
2109	4
2110	4
2111	4
2112	4
2113	5
2114	2
2115	2
2116	2
2117	2
2118	5
2119	5
2120	5
2121	2
2122	5
2123	5
2124	11
2125	2
2126	2
2127	2
2128	2
2129	2
2130	5
2131	5
2132	5
2133	5
2134	5
2135	2
2136	5
2137	5
2138	5
2139	5
2140	5
2141	5
2142	5
2143	5
2144	5
2145	5
2146	5
2147	5
2148	5
2149	5
2150	2
2151	2
2152	2
2153	2
2154	5
2155	5
2156	5
2157	5
2158	2
2159	5
2160	2
2161	2
2162	2
2163	2
2164	2
2165	2
2166	5
2167	5
2168	5
2169	2
2170	2
2171	5
2172	2
2173	2
2174	5
2175	5
2176	5
2177	5
2178	2
2179	2
2180	2
2181	2
2182	2
2183	2
2184	2
2185	2
2186	2
2187	2
2188	5
2189	5
2190	2
2191	5
2192	2
2193	2
2194	5
2195	5
2196	5
2197	5
2198	5
2199	5
2200	2
2201	5
2202	5
2203	5
2204	2
2205	2
2206	2
2207	2
2208	5
2209	2
2210	2
2211	5
2212	5
2213	2
2214	5
2215	5
2216	5
2217	5
2218	2
2219	2
2220	2
2221	5
2222	5
2223	5
2224	2
2225	2
2226	2
2227	2
2228	5
2229	5
2230	2
2231	2
2232	2
2233	5
2234	5
2235	2
2236	5
2237	5
2238	5
2239	2
2240	2
2241	5
2242	5
2243	5
2244	5
2245	5
2246	2
2247	2
2248	2
2249	2
2250	2
2251	2
2252	2
2253	5
2254	5
2255	5
2256	2
2257	2
2258	2
2259	2
2260	2
2261	2
2262	2
2263	2
2264	2
2265	2
2266	5
2267	2
2268	5
2269	5
2270	5
2271	5
2272	5
2273	5
2274	5
2275	2
2276	2
2277	5
2278	5
2279	5
2280	2
2281	2
2282	5
2283	5
2284	11
2285	11
2286	5
2287	5
2288	2
2289	2
2290	2
2291	2
2292	2
2293	2
2294	5
2295	2
2296	2
2297	5
2298	5
2299	5
2300	5
2301	2
2302	5
2303	5
2304	5
2305	2
2306	2
2307	2
2308	2
2309	11
2310	11
2311	11
2312	3
2313	3
2314	3
2315	3
2316	3
2317	3
2318	3
2319	3
2320	3
2321	3
2322	3
2323	3
2324	3
2325	3
2326	3
2327	3
2328	3
2329	3
2330	6
2331	6
2332	6
2333	6
2334	6
2335	6
2336	6
2337	6
2338	6
2339	6
2340	6
2341	6
2342	6
2343	6
2344	6
2345	6
2346	3
2347	3
2348	3
2349	3
2350	3
2351	3
2352	3
2353	3
2354	3
2355	3
2356	3
2357	3
2358	3
2359	3
2360	3
2361	3
2362	3
2363	3
2364	3
2365	3
2366	5
2367	5
2368	5
2369	5
2370	5
2371	5
2372	5
2373	5
2374	5
2375	5
2376	5
2377	5
2378	5
2379	5
2380	5
2381	5
2382	5
2383	5
2384	5
2385	5
2386	5
2387	5
2388	5
2389	5
2390	5
2391	5
2392	5
2393	5
2394	5
2395	5
2396	5
2397	5
2398	5
2399	5
2400	5
2401	5
2402	5
2403	5
2404	5
2405	5
2406	5
2407	5
2408	5
2409	5
2410	5
2411	5
2412	5
2413	5
2414	5
2415	9
2416	9
2417	9
2418	9
2419	13
2420	13
2421	13
2422	9
2423	9
2424	9
2425	9
2426	9
2427	13
2428	13
2429	13
2430	13
2431	9
2432	9
2433	9
2434	9
2435	9
2436	9
2437	9
2438	13
2439	13
2440	13
2441	9
2442	9
2443	9
2444	9
2445	13
2446	13
2447	13
2448	9
2449	13
2450	13
2451	13
2452	13
2453	13
2454	9
2455	9
2456	9
2457	9
2458	9
2459	9
2460	13
2461	13
2462	9
2463	9
2464	9
2465	9
2466	13
2467	9
2468	9
2469	9
2470	9
2471	9
2472	9
2473	13
2474	13
2475	9
2476	9
2477	9
2478	9
2479	9
2480	9
2481	9
2482	9
2483	9
2484	9
2485	13
2486	13
2487	9
2488	13
2489	13
2490	13
2491	13
2492	9
2493	13
2494	9
2495	13
2496	9
2497	9
2498	9
2499	9
2500	9
2501	13
2502	9
2503	9
2504	9
2505	9
2506	9
2507	9
2508	9
2509	9
2510	9
2511	9
2512	9
2513	9
2514	9
2515	13
2516	13
2517	13
2518	13
2519	13
2520	13
2521	13
2522	13
2523	9
2524	9
2525	13
2526	9
2527	13
2528	9
2529	9
2530	13
2531	13
2532	13
2533	13
2534	13
2535	13
2536	13
2537	13
2538	13
2539	13
2540	13
2541	13
2542	9
2543	9
2544	13
2545	13
2546	13
2547	9
2548	9
2549	9
2550	13
2551	13
2552	13
2553	13
2554	13
2555	13
2556	13
2557	13
2558	9
2559	9
2560	9
2561	9
2562	9
2563	13
2564	9
2565	9
2566	9
2567	9
2568	13
2569	9
2570	9
2571	9
2572	9
2573	9
2574	9
2575	13
2576	13
2577	13
2578	13
2579	13
2580	13
2581	13
2582	9
2583	13
2584	13
2585	9
2586	9
2587	13
2588	13
2589	13
2590	13
2591	13
2592	13
2593	13
2594	9
2595	9
2596	9
2597	9
2598	9
2599	9
2600	13
2601	13
2602	9
2603	9
2604	13
2605	13
2606	11
2607	11
2608	11
2609	11
2610	11
2611	11
2612	11
2613	11
2614	11
2615	11
2616	11
2617	11
2618	11
2619	11
2620	11
2621	11
2622	11
2623	11
2624	11
2625	11
2626	11
2627	11
2628	11
2629	11
2630	11
2631	11
2632	11
2633	11
2634	11
2635	11
2636	11
2637	11
2638	11
2639	11
2640	8
2641	8
2642	12
2643	12
2644	12
2645	8
2646	8
2647	8
2648	8
2649	12
2650	12
2651	8
2652	8
2653	8
2654	8
2655	8
2656	12
2657	8
2658	12
2659	12
2660	12
2661	8
2662	8
2663	12
2664	8
2665	8
2666	8
2667	8
2668	8
2669	8
2670	8
2671	8
2672	12
2673	8
2674	12
2675	8
2676	8
2677	8
2678	8
2679	8
2680	8
2681	8
2682	8
2683	8
2684	8
2685	8
2686	12
2687	12
2688	6
2689	6
2690	6
2691	6
315	7
1657	10
