0	7
1	7
2	7
3	7
4	7
5	7
6	7
7	2
8	2
9	2
10	2
11	2
12	2
13	2
14	2
15	2
16	2
17	2
18	2
19	2
20	2
21	8
22	8
23	8
24	8
25	8
26	8
27	8
28	8
29	2
30	2
31	2
32	2
33	2
34	2
35	2
36	2
37	2
38	2
39	2
40	2
41	2
42	2
43	2
44	2
45	2
46	2
47	2
48	2
49	9
50	9
51	9
52	9
53	6
54	6
55	6
56	6
57	6
58	9
59	9
60	9
61	9
62	9
63	9
64	9
65	6
66	6
67	6
68	6
69	6
70	6
71	8
72	8
73	8
74	8
75	9
76	9
77	9
78	9
79	9
80	9
81	9
82	9
83	10
84	10
85	10
86	10
87	10
88	10
89	10
90	10
91	10
92	10
93	10
94	10
95	10
96	2
97	2
98	2
99	2
100	2
101	2
102	2
103	2
104	2
105	2
106	2
107	2
108	2
109	2
110	2
111	2
112	2
113	2
114	2
115	2
116	2
117	2
118	2
119	2
120	2
121	2
122	2
123	2
124	2
125	2
126	2
127	2
128	2
129	10
130	10
131	10
132	10
133	10
134	10
135	10
136	10
137	10
138	10
139	10
140	10
141	10
142	10
143	10
144	10
145	10
146	10
147	10
148	10
149	10
150	10
151	10
152	10
153	10
154	10
155	10
156	10
157	10
158	10
159	10
160	10
161	10
162	10
163	10
164	10
165	10
166	3
167	3
168	3
169	3
170	3
171	3
172	3
173	3
174	3
175	3
176	3
177	3
178	3
179	3
180	3
181	3
182	3
183	9
184	9
185	9
186	9
187	9
188	9
189	9
190	9
191	9
192	9
193	9
194	9
195	9
196	9
197	9
198	9
199	9
200	9
201	9
202	9
203	9
204	9
205	9
206	9
207	9
208	8
209	8
210	8
211	8
212	8
213	8
214	8
215	8
216	8
217	8
218	8
219	8
220	8
221	8
222	8
223	8
224	8
225	8
226	8
227	8
228	8
229	8
230	8
231	8
232	8
233	8
234	8
235	8
236	8
237	8
238	8
239	8
240	8
241	8
242	8
243	8
244	8
245	8
246	8
247	8
248	9
249	9
250	9
251	9
252	9
253	9
254	9
255	9
256	9
257	9
258	9
259	9
260	9
261	8
262	8
263	8
264	8
265	8
266	8
267	8
268	12
269	12
270	12
271	8
272	8
273	8
274	8
275	8
276	8
277	8
278	12
279	12
280	12
281	12
282	12
283	12
284	12
285	12
286	12
287	12
288	12
289	12
290	12
291	12
292	12
293	12
294	12
295	12
296	12
297	12
298	12
299	12
300	12
301	12
302	9
303	9
304	9
305	9
306	4
307	4
308	4
309	4
310	4
311	4
312	4
313	4
314	4
316	2
317	2
318	2
319	2
320	2
321	2
322	2
323	2
324	2
325	2
326	2
327	2
328	2
329	2
330	2
331	4
332	4
333	4
334	4
335	4
336	4
337	2
338	2
339	2
340	4
341	4
342	4
343	4
344	4
345	1
346	4
347	4
348	4
349	4
350	4
351	4
352	4
353	4
354	4
355	4
356	10
357	10
358	10
359	10
360	10
361	10
362	10
363	10
364	10
365	1
366	10
367	10
368	10
369	4
370	4
371	4
372	4
373	4
374	4
375	4
376	4
377	4
378	4
379	4
380	4
381	4
382	4
383	4
384	4
385	4
386	4
387	4
388	4
389	2
390	2
391	2
392	2
393	2
394	4
395	4
396	4
397	4
398	2
399	2
400	2
401	2
402	2
403	8
404	8
405	8
406	4
407	4
408	4
409	2
410	7
411	7
412	7
413	7
414	7
415	7
416	7
417	7
418	7
419	7
420	7
421	7
422	7
423	7
424	7
425	3
426	3
427	3
428	3
429	3
430	3
431	3
432	3
433	7
434	7
435	7
436	7
437	7
438	7
439	7
440	7
441	7
442	7
443	7
444	7
445	2
446	3
447	3
448	3
449	3
450	3
451	7
452	2
453	7
454	3
455	3
456	3
457	7
458	2
459	7
460	7
461	7
462	7
463	3
464	3
465	3
466	3
467	3
468	3
469	3
470	3
471	3
472	3
473	7
474	2
475	12
476	12
477	12
478	12
479	12
480	12
481	12
482	12
483	12
484	4
485	4
486	12
487	12
488	12
489	12
490	12
491	12
492	12
493	12
494	12
495	12
496	12
497	12
498	8
499	12
500	12
501	12
502	8
503	12
504	12
505	12
506	4
507	4
508	4
509	4
510	4
511	8
512	4
513	4
514	4
515	8
516	4
517	4
518	4
519	4
520	8
521	4
522	13
523	13
524	13
525	13
526	9
527	9
528	13
529	13
530	13
531	13
532	13
533	13
534	13
535	13
536	13
537	13
538	9
539	9
540	9
541	9
542	9
543	9
544	9
545	9
546	9
547	9
548	9
549	9
550	9
551	9
552	9
553	9
554	9
555	9
556	9
557	9
558	9
559	8
560	8
561	8
562	8
563	8
564	8
565	9
566	9
567	9
568	9
569	9
570	5
571	5
572	5
573	5
574	5
575	5
576	5
577	5
578	5
579	5
580	5
581	9
582	9
583	9
584	9
585	9
586	9
587	8
588	8
589	8
590	8
591	8
592	8
593	8
594	12
595	8
596	12
597	8
598	12
599	8
600	8
601	8
602	8
603	9
604	9
605	9
606	9
607	9
608	9
609	9
610	9
611	9
612	9
613	9
614	9
615	9
616	9
617	8
618	8
619	8
620	12
621	12
622	12
623	12
624	12
625	12
626	8
627	12
628	8
629	8
630	8
631	8
632	8
633	8
634	12
635	8
636	8
637	8
638	12
639	9
640	9
641	9
642	9
643	9
644	9
645	9
646	9
647	9
648	9
649	9
650	9
651	9
652	9
653	9
654	9
655	9
656	9
657	12
658	3
659	12
660	12
661	7
662	7
663	7
664	7
665	7
666	7
667	7
668	7
669	7
670	8
671	8
672	8
673	8
674	8
675	8
676	8
677	8
678	8
679	8
680	7
681	7
682	7
683	7
684	7
685	7
686	7
687	7
688	7
689	7
690	7
691	7
692	7
693	7
694	7
695	7
696	7
697	8
698	8
699	8
700	8
701	8
702	8
703	8
704	8
705	8
706	8
707	8
708	8
709	8
710	8
711	8
712	8
713	8
714	7
715	7
716	8
717	8
718	8
719	8
720	8
721	8
722	8
723	8
724	8
725	8
726	8
727	8
728	8
729	8
730	8
731	8
732	2
733	2
734	2
735	2
736	2
737	12
738	3
739	3
740	3
741	3
742	3
743	12
744	12
745	2
746	2
747	2
748	2
749	2
750	2
751	2
752	2
753	2
754	2
755	2
756	2
757	2
758	2
759	2
760	2
761	2
762	2
763	2
764	2
765	2
766	12
767	3
768	3
769	3
770	2
771	2
772	12
773	12
774	3
775	3
776	12
777	12
778	12
779	3
780	12
781	3
782	12
783	3
784	3
785	4
786	12
787	12
788	12
789	12
790	12
791	4
792	4
793	4
794	4
795	4
796	4
797	4
798	4
799	4
800	4
801	12
802	12
803	12
804	12
805	4
806	4
807	4
808	12
809	12
810	3
811	13
812	13
813	13
814	6
815	13
816	13
817	13
818	13
819	13
820	13
821	6
822	13
823	13
824	13
825	13
826	13
827	13
828	13
829	13
830	6
831	6
832	6
833	6
834	6
835	6
836	6
837	6
838	13
839	6
840	13
841	13
842	13
843	13
844	13
845	13
846	13
847	13
848	13
849	13
850	13
851	13
852	13
853	13
854	13
855	13
856	13
857	13
858	9
859	9
860	9
861	9
862	9
863	9
864	9
865	9
866	9
867	9
868	9
869	9
870	9
871	13
872	13
873	13
874	13
875	13
876	13
877	13
878	13
879	13
880	13
881	13
882	13
883	13
884	13
885	13
886	13
887	13
888	13
889	13
890	13
891	13
892	13
893	13
894	13
895	13
896	13
897	13
898	13
899	13
900	13
901	13
902	13
903	13
904	13
905	13
906	13
907	13
908	13
909	13
910	13
911	13
912	13
913	13
914	13
915	13
916	13
917	13
918	13
919	13
920	13
921	13
922	13
923	13
924	13
925	13
926	13
927	13
928	13
929	13
930	13
931	13
932	13
933	13
934	13
935	13
936	13
937	13
938	13
939	13
940	13
941	13
942	13
943	13
944	13
945	13
946	13
947	13
948	13
949	13
950	13
951	13
952	13
953	13
954	13
955	13
956	13
957	13
958	13
959	13
960	13
961	13
962	13
963	13
964	13
965	13
966	13
967	13
968	13
969	13
970	13
971	13
972	13
973	13
974	13
975	13
976	13
977	13
978	13
979	13
980	13
981	13
982	6
983	6
984	6
985	3
986	3
987	3
988	3
989	3
990	3
991	3
992	3
993	3
994	3
995	3
996	3
997	3
998	3
999	3
1000	3
1001	3
1002	3
1003	3
1004	3
1005	3
1006	3
1007	6
1008	6
1009	3
1010	6
1011	6
1012	6
1013	6
1014	6
1015	6
1016	6
1017	6
1018	6
1019	6
1020	6
1021	6
1022	6
1023	6
1024	6
1025	6
1026	6
1027	6
1028	6
1029	6
1030	6
1031	6
1032	6
1033	6
1034	6
1035	2
1036	2
1037	2
1038	2
1039	6
1040	2
1041	2
1042	6
1043	6
1044	6
1045	6
1046	2
1047	2
1048	6
1049	6
1050	2
1051	6
1052	6
1053	2
1054	6
1055	2
1056	2
1057	6
1058	6
1059	6
1060	6
1061	6
1062	6
1063	2
1064	2
1065	2
1066	2
1067	2
1068	6
1069	6
1070	6
1071	6
1072	6
1073	2
1074	2
1075	9
1076	9
1077	9
1078	9
1079	9
1080	9
1081	9
1082	9
1083	9
1084	9
1085	9
1086	9
1087	12
1088	12
1089	12
1090	12
1091	12
1092	12
1093	12
1094	8
1095	8
1096	8
1097	8
1098	8
1099	8
1100	8
1101	8
1102	8
1103	8
1104	8
1105	8
1106	8
1107	4
1108	4
1109	4
1110	4
1111	4
1112	4
1113	4
1114	4
1115	4
1116	4
1117	4
1118	4
1119	4
1120	4
1121	4
1122	4
1123	4
1124	4
1125	4
1126	4
1127	4
1128	4
1129	4
1130	4
1131	4
1132	4
1133	4
1134	4
1135	4
1136	6
1137	6
1138	13
1139	6
1140	4
1141	4
1142	4
1143	4
1144	4
1145	4
1146	4
1147	4
1148	4
1149	4
1150	4
1151	4
1152	4
1153	4
1154	4
1155	4
1156	4
1157	4
1158	4
1159	4
1160	4
1161	4
1162	4
1163	4
1164	4
1165	4
1166	4
1167	4
1168	4
1169	6
1170	6
1171	6
1172	6
1173	6
1174	6
1175	6
1176	6
1177	6
1178	6
1179	6
1180	6
1181	6
1182	6
1183	6
1184	6
1185	6
1186	6
1187	6
1188	6
1189	6
1190	6
1191	6
1192	6
1193	6
1194	6
1195	6
1196	6
1197	6
1198	6
1199	6
1200	13
1201	13
1202	13
1203	13
1204	13
1205	13
1206	13
1207	13
1208	13
1209	13
1210	13
1211	13
1212	13
1213	13
1214	13
1215	13
1216	13
1217	13
1218	13
1219	13
1220	13
1221	13
1222	13
1223	13
1224	13
1225	13
1226	13
1227	13
1228	13
1229	13
1230	13
1231	13
1232	13
1233	13
1234	13
1235	13
1236	13
1237	13
1238	13
1239	13
1240	12
1241	12
1242	8
1243	8
1244	8
1245	12
1246	8
1247	8
1248	8
1249	8
1250	8
1251	8
1252	8
1253	9
1254	9
1255	9
1256	9
1257	9
1258	8
1259	8
1260	8
1261	8
1262	8
1263	12
1264	9
1265	9
1266	9
1267	9
1268	9
1269	9
1270	9
1271	9
1272	9
1273	9
1274	9
1275	9
1276	9
1277	9
1278	4
1279	4
1280	4
1281	8
1282	12
1283	12
1284	9
1285	9
1286	9
1287	9
1288	4
1289	4
1290	4
1291	4
1292	4
1293	4
1294	4
1295	4
1296	4
1297	4
1298	4
1299	4
1300	4
1301	4
1302	4
1303	9
1304	9
1305	9
1306	9
1307	9
1308	9
1309	9
1310	9
1311	9
1312	9
1313	9
1314	6
1315	6
1316	6
1317	6
1318	6
1319	6
1320	6
1321	6
1322	6
1323	13
1324	6
1325	13
1326	6
1327	13
1328	6
1329	13
1330	13
1331	13
1332	13
1333	13
1334	6
1335	6
1336	6
1337	13
1338	6
1339	6
1340	6
1341	6
1342	6
1343	6
1344	13
1345	6
1346	9
1347	7
1348	7
1349	7
1350	7
1351	7
1352	7
1353	7
1354	7
1355	7
1356	7
1357	7
1358	7
1359	7
1360	7
1361	7
1362	7
1363	1
1364	1
1365	1
1366	1
1367	1
1368	1
1369	1
1370	1
1371	1
1372	1
1373	1
1374	1
1375	1
1376	1
1377	1
1378	1
1379	1
1380	1
1381	4
1382	4
1383	4
1384	4
1385	4
1386	4
1387	4
1388	4
1389	4
1390	4
1391	4
1392	4
1393	4
1394	4
1395	4
1396	4
1397	7
1398	9
1399	7
1400	7
1401	7
1402	7
1403	9
1404	7
1405	7
1406	7
1407	7
1408	9
1409	7
1410	7
1411	7
1412	7
1413	7
1414	7
1415	7
1416	7
1417	7
1418	7
1419	7
1420	7
1421	7
1422	7
1423	7
1424	7
1425	7
1426	7
1427	7
1428	5
1429	5
1430	5
1431	5
1432	5
1433	5
1434	5
1435	5
1436	5
1437	5
1438	5
1439	5
1440	5
1441	2
1442	2
1443	2
1444	2
1445	2
1446	2
1447	2
1448	2
1449	2
1450	2
1451	2
1452	2
1453	2
1454	2
1455	5
1456	5
1457	5
1458	5
1459	5
1460	5
1461	5
1462	5
1463	5
1464	5
1465	8
1466	8
1467	4
1468	4
1469	4
1470	8
1471	8
1472	8
1473	4
1474	8
1475	8
1476	4
1477	8
1478	8
1479	8
1480	4
1481	4
1482	8
1483	8
1484	4
1485	8
1486	8
1487	4
1488	8
1489	2
1490	2
1491	2
1492	2
1493	2
1494	2
1495	2
1496	2
1497	2
1498	2
1499	2
1500	2
1501	7
1502	7
1503	7
1504	7
1505	7
1506	7
1507	7
1508	7
1509	7
1510	7
1511	7
1512	7
1513	7
1514	7
1515	7
1516	7
1517	7
1518	7
1519	7
1520	7
1521	7
1522	7
1523	7
1524	7
1525	7
1526	7
1527	7
1528	7
1529	3
1530	3
1531	3
1532	3
1533	3
1534	3
1535	3
1536	3
1537	3
1538	3
1539	3
1540	3
1541	3
1542	3
1543	3
1544	3
1545	3
1546	3
1547	3
1548	3
1549	3
1550	3
1551	3
1552	1
1553	13
1554	13
1555	1
1556	13
1557	1
1558	13
1559	13
1560	1
1561	13
1562	13
1563	13
1564	13
1565	13
1566	1
1567	13
1568	13
1569	13
1570	1
1571	1
1572	13
1573	1
1574	1
1575	1
1576	2
1577	2
1578	2
1579	2
1580	2
1581	2
1582	2
1583	2
1584	2
1585	2
1586	2
1587	2
1588	2
1589	2
1590	2
1591	2
1592	2
1593	9
1594	9
1595	9
1596	9
1597	9
1598	9
1599	9
1600	9
1601	9
1602	5
1603	5
1604	5
1605	5
1606	5
1607	5
1608	5
1609	5
1610	5
1611	5
1612	5
1613	5
1614	5
1615	5
1616	5
1617	5
1618	8
1619	8
1620	8
1621	8
1622	8
1623	8
1624	8
1625	8
1626	8
1627	8
1628	8
1629	6
1630	6
1631	6
1632	6
1633	6
1634	6
1635	6
1636	6
1637	6
1638	6
1639	6
1640	6
1641	6
1642	6
1643	6
1644	8
1645	8
1646	8
1647	8
1648	8
1649	6
1650	6
1651	6
1652	6
1653	6
1654	6
1655	6
1656	6
1658	13
1659	6
1660	6
1661	6
1662	6
1663	13
1664	6
1665	13
1666	6
1667	6
1668	6
1669	6
1670	6
1671	6
1672	13
1673	8
1674	6
1675	6
1676	13
1677	8
1678	12
1679	12
1680	12
1681	12
1682	12
1683	12
1684	12
1685	2
1686	2
1687	2
1688	2
1689	2
1690	2
1691	2
1692	2
1693	2
1694	2
1695	2
1696	2
1697	2
1698	2
1699	2
1700	2
1701	2
1702	2
1703	11
1704	11
1705	2
1706	2
1707	2
1708	2
1709	2
1710	2
1711	2
1712	2
1713	8
1714	8
1715	8
1716	8
1717	8
1718	8
1719	8
1720	8
1721	8
1722	8
1723	8
1724	8
1725	2
1726	2
1727	2
1728	8
1729	2
1730	2
1731	2
1732	2
1733	2
1734	2
1735	2
1736	2
1737	2
1738	2
1739	2
1740	2
1741	2
1742	7
1743	7
1744	7
1745	7
1746	7
1747	7
1748	7
1749	7
1750	7
1751	7
1752	7
1753	7
1754	7
1755	7
1756	7
1757	8
1758	8
1759	8
1760	8
1761	7
1762	7
1763	7
1764	7
1765	7
1766	7
1767	7
1768	7
1769	7
1770	7
1771	7
1772	7
1773	7
1774	8
1775	8
1776	8
1777	8
1778	8
1779	8
1780	8
1781	8
1782	8
1783	8
1784	8
1785	8
1786	8
1787	7
1788	7
1789	7
1790	7
1791	7
1792	7
1793	7
1794	7
1795	8
1796	8
1797	8
1798	8
1799	7
1800	7
1801	7
1802	7
1803	7
1804	7
1805	7
1806	7
1807	7
1808	7
1809	11
1810	11
1811	11
1812	11
1813	5
1814	11
1815	11
1816	11
1817	11
1818	11
1819	5
1820	11
1821	5
1822	11
1823	5
1824	5
1825	11
1826	11
1827	11
1828	11
1829	11
1830	8
1831	8
1832	8
1833	8
1834	8
1835	11
1836	11
1837	8
1838	11
1839	11
1840	1
1841	1
1842	1
1843	1
1844	1
1845	11
1846	5
1847	11
1848	11
1849	11
1850	5
1851	11
1852	11
1853	5
1854	11
1855	5
1856	11
1857	8
1858	8
1859	8
1860	8
1861	8
1862	8
1863	5
1864	5
1865	5
1866	5
1867	5
1868	11
1869	5
1870	11
1871	11
1872	12
1873	12
1874	12
1875	12
1876	12
1877	12
1878	12
1879	12
1880	12
1881	12
1882	12
1883	12
1884	12
1885	12
1886	12
1887	12
1888	12
1889	12
1890	12
1891	12
1892	12
1893	12
1894	12
1895	9
1896	9
1897	9
1898	4
1899	4
1900	4
1901	4
1902	4
1903	4
1904	9
1905	9
1906	9
1907	9
1908	9
1909	9
1910	9
1911	9
1912	9
1913	9
1914	9
1915	9
1916	4
1917	4
1918	4
1919	4
1920	4
1921	4
1922	4
1923	4
1924	9
1925	9
1926	9
1927	9
1928	9
1929	9
1930	9
1931	9
1932	9
1933	9
1934	9
1935	9
1936	9
1937	9
1938	9
1939	9
1940	9
1941	9
1942	9
1943	9
1944	9
1945	9
1946	9
1947	9
1948	9
1949	9
1950	9
1951	9
1952	9
1953	9
1954	9
1955	9
1956	9
1957	9
1958	9
1959	9
1960	9
1961	9
1962	9
1963	9
1964	9
1965	9
1966	9
1967	9
1968	9
1969	9
1970	9
1971	9
1972	9
1973	9
1974	9
1975	9
1976	3
1977	3
1978	3
1979	3
1980	3
1981	3
1982	3
1983	3
1984	3
1985	3
1986	3
1987	3
1988	3
1989	3
1990	3
1991	3
1992	3
1993	3
1994	3
1995	3
1996	3
1997	3
1998	3
1999	3
2000	3
2001	3
2002	3
2003	3
2004	3
2005	3
2006	3
2007	3
2008	3
2009	3
2010	3
2011	3
2012	3
2013	3
2014	3
2015	3
2016	3
2017	12
2018	12
2019	12
2020	12
2021	12
2022	12
2023	12
2024	12
2025	12
2026	12
2027	12
2028	12
2029	12
2030	3
2031	3
2032	3
2033	3
2034	3
2035	12
2036	12
2037	12
2038	8
2039	8
2040	8
2041	8
2042	8
2043	12
2044	12
2045	12
2046	12
2047	12
2048	8
2049	8
2050	12
2051	12
2052	12
2053	12
2054	12
2055	12
2056	12
2057	12
2058	5
2059	5
2060	5
2061	5
2062	5
2063	5
2064	5
2065	5
2066	5
2067	5
2068	12
2069	12
2070	12
2071	12
2072	12
2073	8
2074	12
2075	12
2076	12
2077	8
2078	8
2079	12
2080	8
2081	12
2082	8
2083	12
2084	12
2085	12
2086	12
2087	12
2088	12
2089	2
2090	2
2091	2
2092	2
2093	2
2094	2
2095	2
2096	7
2097	7
2098	7
2099	7
2100	7
2101	7
2102	7
2103	7
2104	7
2105	7
2106	7
2107	7
2108	7
2109	7
2110	7
2111	7
2112	7
2113	5
2114	11
2115	11
2116	11
2117	11
2118	5
2119	5
2120	11
2121	11
2122	5
2123	5
2124	12
2125	11
2126	11
2127	11
2128	11
2129	11
2130	5
2131	5
2132	11
2133	5
2134	5
2135	11
2136	5
2137	5
2138	5
2139	11
2140	5
2141	5
2142	5
2143	5
2144	5
2145	11
2146	5
2147	5
2148	11
2149	5
2150	11
2151	11
2152	11
2153	11
2154	5
2155	5
2156	5
2157	5
2158	11
2159	5
2160	11
2161	11
2162	11
2163	11
2164	11
2165	11
2166	5
2167	11
2168	11
2169	11
2170	11
2171	5
2172	11
2173	11
2174	5
2175	5
2176	5
2177	5
2178	11
2179	11
2180	11
2181	11
2182	11
2183	11
2184	11
2185	11
2186	11
2187	11
2188	5
2189	11
2190	11
2191	11
2192	11
2193	11
2194	5
2195	5
2196	5
2197	5
2198	5
2199	5
2200	11
2201	5
2202	5
2203	5
2204	11
2205	11
2206	11
2207	11
2208	11
2209	11
2210	11
2211	5
2212	5
2213	11
2214	11
2215	5
2216	5
2217	11
2218	11
2219	11
2220	11
2221	11
2222	5
2223	5
2224	11
2225	11
2226	11
2227	11
2228	5
2229	5
2230	11
2231	11
2232	11
2233	5
2234	5
2235	11
2236	5
2237	5
2238	5
2239	11
2240	11
2241	5
2242	5
2243	5
2244	5
2245	5
2246	11
2247	11
2248	11
2249	11
2250	11
2251	11
2252	11
2253	5
2254	5
2255	5
2256	11
2257	11
2258	11
2259	11
2260	11
2261	11
2262	11
2263	11
2264	11
2265	11
2266	5
2267	11
2268	11
2269	5
2270	5
2271	5
2272	11
2273	5
2274	11
2275	11
2276	11
2277	5
2278	5
2279	5
2280	11
2281	11
2282	11
2283	5
2284	12
2285	12
2286	5
2287	5
2288	11
2289	11
2290	11
2291	11
2292	11
2293	11
2294	11
2295	11
2296	11
2297	5
2298	5
2299	5
2300	5
2301	11
2302	5
2303	11
2304	5
2305	11
2306	11
2307	11
2308	11
2309	8
2310	8
2311	8
2312	6
2313	6
2314	6
2315	6
2316	6
2317	6
2318	6
2319	6
2320	6
2321	6
2322	6
2323	6
2324	6
2325	6
2326	6
2327	6
2328	6
2329	6
2330	9
2331	9
2332	9
2333	9
2334	9
2335	9
2336	9
2337	9
2338	9
2339	9
2340	9
2341	9
2342	9
2343	9
2344	9
2345	9
2346	6
2347	6
2348	6
2349	6
2350	6
2351	6
2352	6
2353	6
2354	6
2355	6
2356	6
2357	6
2358	6
2359	6
2360	6
2361	6
2362	6
2363	6
2364	6
2365	6
2366	5
2367	5
2368	5
2369	5
2370	5
2371	5
2372	5
2373	5
2374	5
2375	5
2376	5
2377	5
2378	5
2379	5
2380	5
2381	5
2382	5
2383	5
2384	5
2385	5
2386	5
2387	5
2388	5
2389	5
2390	5
2391	5
2392	5
2393	5
2394	5
2395	5
2396	5
2397	5
2398	5
2399	5
2400	5
2401	5
2402	5
2403	5
2404	5
2405	5
2406	5
2407	5
2408	5
2409	5
2410	5
2411	5
2412	5
2413	5
2414	5
2415	1
2416	1
2417	1
2418	1
2419	1
2420	1
2421	1
2422	1
2423	1
2424	1
2425	1
2426	1
2427	10
2428	1
2429	10
2430	10
2431	10
2432	1
2433	1
2434	1
2435	1
2436	1
2437	1
2438	10
2439	10
2440	1
2441	1
2442	1
2443	1
2444	1
2445	1
2446	1
2447	1
2448	1
2449	1
2450	1
2451	1
2452	1
2453	1
2454	1
2455	1
2456	1
2457	1
2458	1
2459	1
2460	1
2461	1
2462	1
2463	1
2464	1
2465	1
2466	1
2467	1
2468	1
2469	1
2470	1
2471	1
2472	1
2473	1
2474	1
2475	1
2476	1
2477	1
2478	1
2479	1
2480	1
2481	1
2482	1
2483	1
2484	1
2485	1
2486	1
2487	1
2488	1
2489	1
2490	1
2491	1
2492	1
2493	1
2494	1
2495	1
2496	10
2497	10
2498	10
2499	10
2500	1
2501	1
2502	1
2503	1
2504	1
2505	1
2506	1
2507	1
2508	10
2509	10
2510	10
2511	10
2512	1
2513	10
2514	10
2515	1
2516	1
2517	1
2518	1
2519	1
2520	1
2521	1
2522	1
2523	10
2524	1
2525	10
2526	1
2527	1
2528	1
2529	10
2530	10
2531	10
2532	10
2533	10
2534	10
2535	10
2536	10
2537	10
2538	10
2539	10
2540	10
2541	10
2542	10
2543	1
2544	10
2545	10
2546	10
2547	1
2548	1
2549	1
2550	1
2551	10
2552	10
2553	10
2554	10
2555	10
2556	10
2557	10
2558	1
2559	1
2560	1
2561	1
2562	10
2563	10
2564	1
2565	10
2566	1
2567	1
2568	1
2569	10
2570	10
2571	1
2572	1
2573	1
2574	10
2575	1
2576	10
2577	10
2578	10
2579	1
2580	10
2581	10
2582	1
2583	10
2584	10
2585	1
2586	1
2587	10
2588	10
2589	10
2590	10
2591	10
2592	10
2593	10
2594	1
2595	1
2596	1
2597	1
2598	1
2599	1
2600	1
2601	1
2602	1
2603	1
2604	10
2605	1
2606	12
2607	12
2608	12
2609	12
2610	12
2611	12
2612	12
2613	12
2614	12
2615	12
2616	12
2617	12
2618	12
2619	12
2620	12
2621	12
2622	12
2623	12
2624	12
2625	12
2626	12
2627	12
2628	12
2629	12
2630	12
2631	12
2632	12
2633	12
2634	12
2635	12
2636	12
2637	12
2638	12
2639	12
2640	3
2641	3
2642	3
2643	3
2644	3
2645	3
2646	3
2647	3
2648	3
2649	3
2650	3
2651	3
2652	3
2653	3
2654	3
2655	3
2656	3
2657	3
2658	3
2659	3
2660	3
2661	3
2662	3
2663	3
2664	10
2665	3
2666	3
2667	3
2668	3
2669	10
2670	10
2671	3
2672	3
2673	3
2674	3
2675	3
2676	3
2677	3
2678	3
2679	3
2680	3
2681	3
2682	3
2683	3
2684	3
2685	3
2686	3
2687	3
2688	9
2689	9
2690	9
2691	9
315	2
1657	13
