0	10
1	10
2	10
3	10
4	10
5	10
6	10
7	6
8	6
9	6
10	6
11	6
12	6
13	6
14	6
15	6
16	6
17	6
18	6
19	6
20	6
21	1
22	1
23	1
24	1
25	1
26	1
27	1
28	1
29	3
30	3
31	3
32	3
33	3
34	3
35	3
36	3
37	3
38	3
39	3
40	3
41	3
42	3
43	3
44	3
45	3
46	3
47	3
48	3
49	3
50	3
51	3
52	3
53	11
54	11
55	11
56	11
57	11
58	3
59	3
60	3
61	3
62	3
63	3
64	3
65	11
66	11
67	11
68	11
69	11
70	11
71	1
72	1
73	1
74	1
75	3
76	3
77	3
78	3
79	3
80	3
81	3
82	3
83	13
84	13
85	13
86	13
87	13
88	9
89	13
90	13
91	13
92	13
93	13
94	13
95	9
96	6
97	6
98	6
99	6
100	6
101	6
102	6
103	6
104	6
105	6
106	6
107	6
108	6
109	6
110	6
111	6
112	6
113	6
114	6
115	6
116	6
117	6
118	6
119	6
120	6
121	6
122	6
123	6
124	6
125	6
126	6
127	6
128	6
129	8
130	8
131	8
132	8
133	8
134	8
135	8
136	8
137	8
138	8
139	8
140	8
141	8
142	8
143	8
144	8
145	8
146	8
147	8
148	8
149	8
150	8
151	8
152	8
153	8
154	8
155	8
156	8
157	8
158	8
159	8
160	8
161	8
162	8
163	8
164	8
165	8
166	13
167	13
168	13
169	13
170	13
171	13
172	13
173	13
174	13
175	13
176	13
177	13
178	13
179	13
180	13
181	13
182	13
183	10
184	10
185	10
186	10
187	10
188	10
189	10
190	10
191	10
192	10
193	10
194	10
195	10
196	10
197	10
198	10
199	10
200	10
201	10
202	10
203	10
204	10
205	10
206	10
207	10
208	1
209	1
210	1
211	1
212	1
213	1
214	1
215	1
216	1
217	1
218	1
219	1
220	1
221	1
222	1
223	1
224	1
225	1
226	1
227	1
228	1
229	1
230	1
231	1
232	1
233	1
234	1
235	1
236	1
237	1
238	1
239	1
240	1
241	1
242	1
243	1
244	1
245	1
246	1
247	1
248	10
249	10
250	10
251	10
252	10
253	10
254	10
255	10
256	10
257	10
258	10
259	10
260	10
261	1
262	1
263	1
264	1
265	1
266	1
267	1
268	12
269	12
270	12
271	1
272	1
273	1
274	1
275	1
276	1
277	1
278	12
279	12
280	12
281	12
282	12
283	12
284	12
285	12
286	12
287	12
288	12
289	12
290	12
291	12
292	12
293	12
294	12
295	12
296	12
297	12
298	12
299	12
300	12
301	12
302	10
303	10
304	10
305	10
306	9
307	11
308	11
309	9
310	9
311	9
312	11
313	11
314	9
316	6
317	6
318	6
319	6
320	6
321	6
322	6
323	6
324	6
325	6
326	6
327	6
328	6
329	6
330	6
331	11
332	11
333	11
334	11
335	11
336	9
337	6
338	6
339	6
340	11
341	11
342	9
343	11
344	11
345	11
346	11
347	9
348	11
349	9
350	11
351	11
352	11
353	11
354	11
355	11
356	7
357	7
358	7
359	7
360	7
361	7
362	7
363	7
364	7
365	7
366	7
367	7
368	7
369	11
370	11
371	11
372	11
373	9
374	9
375	11
376	11
377	11
378	11
379	11
380	11
381	11
382	11
383	11
384	11
385	11
386	11
387	9
388	9
389	6
390	6
391	6
392	6
393	6
394	9
395	11
396	11
397	9
398	6
399	6
400	6
401	6
402	6
403	1
404	1
405	1
406	1
407	1
408	1
409	6
410	6
411	6
412	6
413	3
414	3
415	3
416	3
417	3
418	3
419	3
420	3
421	3
422	6
423	6
424	3
425	13
426	13
427	13
428	13
429	13
430	13
431	13
432	13
433	3
434	3
435	3
436	3
437	3
438	3
439	6
440	3
441	3
442	6
443	3
444	3
445	6
446	13
447	13
448	13
449	13
450	13
451	3
452	6
453	3
454	13
455	13
456	13
457	3
458	6
459	3
460	6
461	3
462	3
463	13
464	13
465	13
466	13
467	13
468	13
469	13
470	13
471	13
472	13
473	3
474	6
475	12
476	12
477	12
478	12
479	12
480	12
481	12
482	12
483	12
484	1
485	1
486	12
487	12
488	12
489	12
490	12
491	12
492	12
493	12
494	12
495	12
496	12
497	12
498	1
499	12
500	12
501	12
502	1
503	12
504	12
505	12
506	1
507	1
508	1
509	1
510	1
511	1
512	1
513	1
514	1
515	1
516	1
517	1
518	1
519	1
520	1
521	1
522	9
523	9
524	9
525	9
526	10
527	10
528	9
529	9
530	9
531	9
532	9
533	9
534	9
535	9
536	9
537	9
538	10
539	10
540	10
541	10
542	10
543	10
544	10
545	10
546	10
547	10
548	10
549	10
550	10
551	10
552	10
553	10
554	10
555	10
556	10
557	10
558	10
559	1
560	1
561	1
562	1
563	1
564	1
565	10
566	10
567	10
568	10
569	10
570	9
571	9
572	9
573	9
574	9
575	9
576	9
577	9
578	9
579	9
580	9
581	10
582	10
583	10
584	10
585	10
586	10
587	1
588	1
589	1
590	1
591	1
592	1
593	1
594	1
595	1
596	12
597	1
598	12
599	1
600	1
601	1
602	1
603	10
604	10
605	10
606	10
607	10
608	10
609	10
610	10
611	10
612	10
613	10
614	10
615	10
616	10
617	1
618	1
619	1
620	12
621	12
622	12
623	12
624	12
625	12
626	1
627	12
628	1
629	1
630	1
631	1
632	1
633	1
634	12
635	1
636	1
637	1
638	12
639	10
640	10
641	10
642	10
643	10
644	10
645	10
646	10
647	10
648	10
649	10
650	10
651	10
652	10
653	10
654	10
655	10
656	10
657	12
658	12
659	13
660	13
661	2
662	2
663	2
664	2
665	2
666	2
667	2
668	2
669	2
670	12
671	12
672	12
673	12
674	12
675	12
676	12
677	8
678	8
679	8
680	2
681	2
682	2
683	10
684	2
685	2
686	2
687	2
688	10
689	2
690	2
691	2
692	2
693	2
694	2
695	2
696	2
697	8
698	12
699	8
700	8
701	12
702	8
703	12
704	12
705	8
706	8
707	12
708	12
709	12
710	12
711	12
712	12
713	12
714	2
715	2
716	1
717	1
718	12
719	12
720	12
721	1
722	1
723	1
724	1
725	1
726	1
727	1
728	1
729	1
730	1
731	1
732	3
733	3
734	3
735	3
736	3
737	12
738	13
739	13
740	13
741	13
742	13
743	12
744	13
745	3
746	3
747	3
748	3
749	3
750	3
751	3
752	3
753	3
754	3
755	3
756	3
757	3
758	3
759	3
760	3
761	3
762	3
763	3
764	3
765	3
766	13
767	13
768	12
769	13
770	3
771	3
772	12
773	12
774	13
775	13
776	12
777	12
778	13
779	13
780	12
781	13
782	12
783	13
784	13
785	11
786	12
787	12
788	12
789	12
790	12
791	11
792	11
793	11
794	11
795	11
796	11
797	11
798	11
799	11
800	11
801	12
802	12
803	12
804	12
805	11
806	11
807	11
808	12
809	12
810	12
811	5
812	5
813	11
814	5
815	5
816	11
817	5
818	5
819	5
820	5
821	5
822	5
823	5
824	11
825	11
826	11
827	5
828	11
829	5
830	5
831	5
832	11
833	11
834	5
835	5
836	5
837	5
838	5
839	11
840	5
841	11
842	5
843	5
844	5
845	11
846	5
847	5
848	5
849	5
850	5
851	5
852	5
853	5
854	5
855	11
856	5
857	5
858	10
859	10
860	10
861	10
862	10
863	10
864	10
865	10
866	10
867	10
868	10
869	10
870	10
871	5
872	5
873	11
874	11
875	5
876	5
877	11
878	11
879	11
880	11
881	5
882	5
883	5
884	11
885	5
886	11
887	5
888	5
889	11
890	11
891	5
892	5
893	5
894	5
895	5
896	5
897	11
898	5
899	5
900	5
901	5
902	5
903	5
904	5
905	5
906	11
907	5
908	5
909	11
910	5
911	5
912	5
913	5
914	5
915	5
916	11
917	5
918	11
919	11
920	5
921	5
922	5
923	5
924	11
925	5
926	11
927	5
928	5
929	11
930	5
931	5
932	5
933	5
934	11
935	5
936	5
937	11
938	11
939	5
940	5
941	11
942	5
943	5
944	5
945	5
946	11
947	5
948	5
949	5
950	5
951	5
952	5
953	11
954	5
955	5
956	5
957	5
958	5
959	11
960	11
961	5
962	5
963	5
964	5
965	5
966	5
967	11
968	5
969	5
970	11
971	11
972	5
973	5
974	5
975	5
976	5
977	5
978	11
979	5
980	11
981	11
982	6
983	6
984	5
985	13
986	13
987	13
988	13
989	13
990	13
991	13
992	13
993	13
994	13
995	13
996	13
997	13
998	13
999	13
1000	13
1001	13
1002	13
1003	13
1004	13
1005	13
1006	13
1007	6
1008	5
1009	13
1010	5
1011	6
1012	5
1013	5
1014	6
1015	6
1016	6
1017	5
1018	5
1019	6
1020	6
1021	6
1022	6
1023	6
1024	6
1025	6
1026	6
1027	5
1028	6
1029	6
1030	6
1031	6
1032	6
1033	6
1034	6
1035	6
1036	6
1037	5
1038	6
1039	5
1040	6
1041	6
1042	5
1043	6
1044	6
1045	6
1046	6
1047	6
1048	5
1049	6
1050	6
1051	5
1052	6
1053	6
1054	6
1055	6
1056	5
1057	5
1058	6
1059	6
1060	6
1061	6
1062	5
1063	6
1064	6
1065	5
1066	5
1067	5
1068	5
1069	6
1070	5
1071	6
1072	6
1073	6
1074	6
1075	3
1076	3
1077	3
1078	3
1079	3
1080	3
1081	3
1082	3
1083	3
1084	3
1085	3
1086	3
1087	12
1088	12
1089	12
1090	12
1091	12
1092	12
1093	12
1094	1
1095	1
1096	1
1097	1
1098	1
1099	1
1100	1
1101	1
1102	1
1103	1
1104	1
1105	1
1106	1
1107	9
1108	9
1109	9
1110	9
1111	9
1112	9
1113	9
1114	9
1115	9
1116	9
1117	9
1118	9
1119	9
1120	9
1121	9
1122	11
1123	9
1124	9
1125	9
1126	9
1127	9
1128	9
1129	9
1130	9
1131	11
1132	9
1133	9
1134	9
1135	9
1136	11
1137	11
1138	9
1139	11
1140	9
1141	9
1142	9
1143	9
1144	9
1145	9
1146	11
1147	11
1148	9
1149	9
1150	9
1151	9
1152	9
1153	9
1154	11
1155	11
1156	11
1157	11
1158	11
1159	11
1160	11
1161	11
1162	11
1163	11
1164	11
1165	11
1166	11
1167	11
1168	11
1169	6
1170	5
1171	5
1172	5
1173	5
1174	6
1175	5
1176	6
1177	5
1178	6
1179	5
1180	5
1181	6
1182	6
1183	5
1184	5
1185	6
1186	6
1187	6
1188	6
1189	6
1190	5
1191	5
1192	5
1193	6
1194	5
1195	6
1196	5
1197	6
1198	5
1199	6
1200	9
1201	9
1202	9
1203	9
1204	9
1205	9
1206	9
1207	9
1208	9
1209	9
1210	9
1211	9
1212	9
1213	9
1214	9
1215	9
1216	9
1217	9
1218	9
1219	9
1220	9
1221	9
1222	9
1223	9
1224	9
1225	9
1226	9
1227	9
1228	9
1229	9
1230	9
1231	9
1232	9
1233	9
1234	9
1235	9
1236	9
1237	9
1238	9
1239	9
1240	12
1241	12
1242	12
1243	1
1244	12
1245	12
1246	12
1247	12
1248	1
1249	1
1250	1
1251	1
1252	1
1253	3
1254	3
1255	3
1256	3
1257	3
1258	1
1259	1
1260	1
1261	1
1262	12
1263	12
1264	3
1265	3
1266	3
1267	3
1268	3
1269	3
1270	3
1271	3
1272	3
1273	3
1274	3
1275	3
1276	3
1277	3
1278	11
1279	11
1280	11
1281	1
1282	12
1283	12
1284	3
1285	3
1286	3
1287	3
1288	11
1289	11
1290	11
1291	11
1292	11
1293	11
1294	11
1295	11
1296	11
1297	11
1298	11
1299	11
1300	11
1301	11
1302	11
1303	3
1304	3
1305	3
1306	3
1307	3
1308	3
1309	3
1310	3
1311	3
1312	3
1313	3
1314	11
1315	11
1316	11
1317	11
1318	11
1319	11
1320	11
1321	11
1322	11
1323	11
1324	11
1325	11
1326	11
1327	9
1328	11
1329	11
1330	11
1331	9
1332	9
1333	11
1334	11
1335	11
1336	11
1337	9
1338	11
1339	11
1340	11
1341	11
1342	11
1343	11
1344	9
1345	11
1346	3
1347	3
1348	3
1349	3
1350	3
1351	3
1352	3
1353	3
1354	3
1355	3
1356	3
1357	3
1358	3
1359	3
1360	3
1361	3
1362	3
1363	9
1364	9
1365	9
1366	9
1367	9
1368	9
1369	9
1370	7
1371	7
1372	9
1373	9
1374	9
1375	9
1376	9
1377	9
1378	9
1379	7
1380	9
1381	11
1382	11
1383	11
1384	11
1385	11
1386	11
1387	11
1388	11
1389	11
1390	11
1391	11
1392	11
1393	11
1394	11
1395	11
1396	11
1397	3
1398	3
1399	3
1400	3
1401	3
1402	3
1403	3
1404	3
1405	3
1406	3
1407	3
1408	3
1409	3
1410	3
1411	3
1412	3
1413	3
1414	3
1415	3
1416	3
1417	3
1418	3
1419	3
1420	3
1421	3
1422	3
1423	3
1424	3
1425	3
1426	3
1427	3
1428	9
1429	9
1430	9
1431	4
1432	9
1433	9
1434	9
1435	9
1436	9
1437	9
1438	9
1439	9
1440	4
1441	6
1442	6
1443	6
1444	5
1445	5
1446	5
1447	5
1448	5
1449	5
1450	5
1451	5
1452	5
1453	5
1454	5
1455	9
1456	9
1457	9
1458	9
1459	9
1460	4
1461	9
1462	9
1463	9
1464	4
1465	1
1466	1
1467	1
1468	1
1469	1
1470	1
1471	1
1472	1
1473	1
1474	1
1475	1
1476	1
1477	1
1478	1
1479	1
1480	1
1481	1
1482	1
1483	1
1484	1
1485	1
1486	1
1487	1
1488	1
1489	6
1490	6
1491	6
1492	6
1493	6
1494	6
1495	6
1496	6
1497	6
1498	6
1499	6
1500	6
1501	10
1502	10
1503	10
1504	10
1505	10
1506	10
1507	10
1508	10
1509	10
1510	10
1511	10
1512	10
1513	10
1514	10
1515	10
1516	10
1517	10
1518	10
1519	10
1520	10
1521	10
1522	10
1523	10
1524	10
1525	10
1526	10
1527	10
1528	10
1529	13
1530	13
1531	13
1532	13
1533	13
1534	13
1535	13
1536	13
1537	13
1538	13
1539	13
1540	13
1541	13
1542	13
1543	13
1544	13
1545	13
1546	13
1547	13
1548	13
1549	13
1550	13
1551	13
1552	9
1553	9
1554	9
1555	9
1556	9
1557	9
1558	9
1559	9
1560	9
1561	9
1562	9
1563	9
1564	9
1565	9
1566	9
1567	9
1568	9
1569	9
1570	9
1571	9
1572	9
1573	9
1574	9
1575	9
1576	3
1577	3
1578	3
1579	3
1580	3
1581	3
1582	3
1583	3
1584	3
1585	3
1586	3
1587	3
1588	3
1589	3
1590	3
1591	3
1592	3
1593	3
1594	3
1595	3
1596	3
1597	3
1598	3
1599	3
1600	3
1601	3
1602	9
1603	9
1604	9
1605	9
1606	9
1607	9
1608	9
1609	9
1610	9
1611	9
1612	9
1613	9
1614	9
1615	9
1616	9
1617	9
1618	1
1619	1
1620	1
1621	1
1622	1
1623	1
1624	1
1625	1
1626	1
1627	1
1628	1
1629	5
1630	5
1631	5
1632	5
1633	9
1634	5
1635	5
1636	5
1637	5
1638	9
1639	5
1640	9
1641	5
1642	5
1643	5
1644	1
1645	1
1646	1
1647	1
1648	1
1649	5
1650	5
1651	5
1652	5
1653	5
1654	5
1655	5
1656	9
1658	9
1659	5
1660	5
1661	5
1662	5
1663	9
1664	5
1665	9
1666	5
1667	5
1668	5
1669	5
1670	9
1671	5
1672	9
1673	1
1674	9
1675	5
1676	9
1677	1
1678	12
1679	12
1680	12
1681	12
1682	12
1683	12
1684	12
1685	3
1686	3
1687	3
1688	3
1689	3
1690	3
1691	3
1692	3
1693	3
1694	3
1695	3
1696	3
1697	3
1698	3
1699	3
1700	3
1701	6
1702	6
1703	2
1704	2
1705	6
1706	6
1707	6
1708	6
1709	6
1710	6
1711	6
1712	6
1713	1
1714	1
1715	1
1716	1
1717	1
1718	1
1719	1
1720	1
1721	1
1722	1
1723	1
1724	1
1725	6
1726	6
1727	6
1728	1
1729	6
1730	6
1731	6
1732	6
1733	6
1734	6
1735	6
1736	6
1737	6
1738	6
1739	6
1740	6
1741	6
1742	10
1743	10
1744	2
1745	10
1746	10
1747	2
1748	10
1749	2
1750	2
1751	10
1752	10
1753	10
1754	10
1755	10
1756	2
1757	1
1758	1
1759	1
1760	1
1761	2
1762	10
1763	10
1764	2
1765	10
1766	2
1767	2
1768	10
1769	2
1770	10
1771	10
1772	2
1773	10
1774	1
1775	1
1776	1
1777	1
1778	1
1779	1
1780	1
1781	1
1782	1
1783	1
1784	1
1785	1
1786	1
1787	2
1788	10
1789	10
1790	10
1791	2
1792	2
1793	10
1794	2
1795	1
1796	1
1797	1
1798	1
1799	10
1800	10
1801	10
1802	10
1803	2
1804	2
1805	10
1806	2
1807	10
1808	2
1809	4
1810	4
1811	4
1812	4
1813	4
1814	4
1815	4
1816	4
1817	4
1818	2
1819	4
1820	4
1821	4
1822	4
1823	4
1824	4
1825	4
1826	4
1827	4
1828	4
1829	4
1830	1
1831	1
1832	1
1833	1
1834	1
1835	4
1836	4
1837	1
1838	4
1839	4
1840	7
1841	7
1842	7
1843	7
1844	7
1845	4
1846	4
1847	4
1848	4
1849	2
1850	4
1851	4
1852	4
1853	4
1854	2
1855	4
1856	4
1857	1
1858	1
1859	1
1860	1
1861	1
1862	1
1863	4
1864	4
1865	4
1866	4
1867	4
1868	4
1869	4
1870	4
1871	4
1872	13
1873	13
1874	12
1875	12
1876	12
1877	12
1878	12
1879	12
1880	12
1881	12
1882	13
1883	12
1884	12
1885	12
1886	12
1887	12
1888	12
1889	12
1890	12
1891	12
1892	12
1893	12
1894	13
1895	3
1896	10
1897	10
1898	11
1899	11
1900	11
1901	11
1902	11
1903	11
1904	3
1905	3
1906	3
1907	3
1908	10
1909	10
1910	3
1911	3
1912	3
1913	3
1914	3
1915	3
1916	11
1917	11
1918	11
1919	11
1920	11
1921	11
1922	11
1923	11
1924	10
1925	10
1926	3
1927	3
1928	10
1929	3
1930	10
1931	3
1932	3
1933	3
1934	3
1935	3
1936	3
1937	10
1938	3
1939	3
1940	10
1941	10
1942	3
1943	3
1944	3
1945	3
1946	3
1947	3
1948	3
1949	3
1950	3
1951	10
1952	10
1953	3
1954	3
1955	3
1956	3
1957	10
1958	3
1959	10
1960	3
1961	3
1962	10
1963	3
1964	10
1965	10
1966	3
1967	3
1968	3
1969	3
1970	3
1971	3
1972	10
1973	3
1974	10
1975	3
1976	13
1977	13
1978	13
1979	13
1980	13
1981	13
1982	13
1983	13
1984	13
1985	13
1986	13
1987	13
1988	13
1989	13
1990	13
1991	13
1992	13
1993	13
1994	13
1995	13
1996	13
1997	13
1998	13
1999	13
2000	13
2001	13
2002	13
2003	13
2004	13
2005	13
2006	13
2007	13
2008	13
2009	13
2010	13
2011	13
2012	13
2013	13
2014	13
2015	13
2016	13
2017	1
2018	1
2019	1
2020	1
2021	1
2022	1
2023	1
2024	12
2025	1
2026	1
2027	1
2028	1
2029	1
2030	13
2031	13
2032	13
2033	13
2034	12
2035	12
2036	12
2037	13
2038	1
2039	1
2040	1
2041	1
2042	1
2043	1
2044	1
2045	1
2046	12
2047	12
2048	1
2049	1
2050	1
2051	12
2052	12
2053	13
2054	13
2055	12
2056	13
2057	12
2058	9
2059	9
2060	9
2061	9
2062	9
2063	9
2064	9
2065	9
2066	9
2067	9
2068	12
2069	12
2070	12
2071	12
2072	12
2073	1
2074	12
2075	12
2076	12
2077	1
2078	1
2079	12
2080	1
2081	12
2082	12
2083	12
2084	12
2085	12
2086	12
2087	12
2088	12
2089	3
2090	3
2091	3
2092	3
2093	3
2094	3
2095	3
2096	10
2097	10
2098	10
2099	10
2100	10
2101	10
2102	10
2103	10
2104	10
2105	10
2106	10
2107	10
2108	10
2109	10
2110	10
2111	10
2112	10
2113	2
2114	2
2115	2
2116	2
2117	2
2118	4
2119	4
2120	4
2121	2
2122	4
2123	4
2124	1
2125	2
2126	2
2127	2
2128	2
2129	2
2130	4
2131	4
2132	4
2133	4
2134	4
2135	4
2136	4
2137	4
2138	4
2139	4
2140	4
2141	2
2142	2
2143	2
2144	2
2145	4
2146	4
2147	4
2148	4
2149	4
2150	2
2151	2
2152	2
2153	2
2154	2
2155	2
2156	2
2157	2
2158	2
2159	4
2160	2
2161	2
2162	2
2163	2
2164	2
2165	2
2166	4
2167	4
2168	4
2169	2
2170	2
2171	2
2172	2
2173	2
2174	4
2175	4
2176	4
2177	4
2178	2
2179	2
2180	2
2181	2
2182	2
2183	2
2184	2
2185	2
2186	2
2187	2
2188	4
2189	4
2190	2
2191	4
2192	2
2193	2
2194	4
2195	4
2196	4
2197	4
2198	4
2199	4
2200	2
2201	2
2202	2
2203	4
2204	2
2205	2
2206	2
2207	2
2208	4
2209	2
2210	2
2211	2
2212	2
2213	2
2214	4
2215	4
2216	4
2217	2
2218	2
2219	2
2220	2
2221	4
2222	4
2223	4
2224	2
2225	2
2226	2
2227	2
2228	2
2229	4
2230	2
2231	2
2232	2
2233	4
2234	4
2235	4
2236	4
2237	4
2238	4
2239	2
2240	2
2241	4
2242	4
2243	4
2244	4
2245	4
2246	2
2247	2
2248	2
2249	2
2250	2
2251	2
2252	2
2253	4
2254	4
2255	2
2256	2
2257	2
2258	4
2259	2
2260	2
2261	2
2262	2
2263	2
2264	2
2265	2
2266	2
2267	2
2268	2
2269	4
2270	4
2271	4
2272	4
2273	4
2274	4
2275	2
2276	2
2277	4
2278	2
2279	2
2280	4
2281	4
2282	4
2283	4
2284	1
2285	1
2286	2
2287	2
2288	2
2289	2
2290	2
2291	2
2292	2
2293	2
2294	4
2295	2
2296	2
2297	4
2298	4
2299	4
2300	4
2301	2
2302	4
2303	4
2304	4
2305	2
2306	2
2307	2
2308	2
2309	1
2310	1
2311	1
2312	5
2313	5
2314	5
2315	5
2316	5
2317	5
2318	5
2319	5
2320	5
2321	5
2322	5
2323	5
2324	5
2325	5
2326	5
2327	5
2328	5
2329	5
2330	10
2331	10
2332	10
2333	10
2334	10
2335	10
2336	10
2337	10
2338	10
2339	10
2340	10
2341	10
2342	10
2343	10
2344	10
2345	10
2346	6
2347	6
2348	6
2349	6
2350	6
2351	6
2352	6
2353	6
2354	6
2355	6
2356	6
2357	6
2358	6
2359	6
2360	6
2361	6
2362	6
2363	6
2364	6
2365	6
2366	4
2367	4
2368	4
2369	4
2370	4
2371	4
2372	4
2373	4
2374	4
2375	4
2376	4
2377	4
2378	4
2379	4
2380	4
2381	4
2382	4
2383	4
2384	4
2385	4
2386	4
2387	4
2388	4
2389	4
2390	4
2391	4
2392	4
2393	4
2394	4
2395	4
2396	4
2397	4
2398	4
2399	4
2400	4
2401	4
2402	4
2403	4
2404	4
2405	4
2406	4
2407	4
2408	4
2409	4
2410	4
2411	4
2412	4
2413	4
2414	4
2415	7
2416	7
2417	7
2418	7
2419	8
2420	8
2421	8
2422	7
2423	7
2424	7
2425	7
2426	7
2427	8
2428	8
2429	8
2430	8
2431	8
2432	7
2433	8
2434	8
2435	7
2436	7
2437	8
2438	8
2439	8
2440	8
2441	8
2442	7
2443	7
2444	7
2445	8
2446	8
2447	8
2448	7
2449	7
2450	7
2451	7
2452	7
2453	7
2454	7
2455	7
2456	7
2457	7
2458	7
2459	7
2460	8
2461	8
2462	7
2463	7
2464	7
2465	8
2466	8
2467	7
2468	7
2469	7
2470	7
2471	7
2472	7
2473	8
2474	8
2475	7
2476	7
2477	7
2478	7
2479	7
2480	7
2481	7
2482	7
2483	7
2484	7
2485	7
2486	7
2487	7
2488	7
2489	7
2490	7
2491	7
2492	7
2493	7
2494	7
2495	7
2496	8
2497	8
2498	8
2499	8
2500	7
2501	7
2502	8
2503	8
2504	8
2505	8
2506	8
2507	8
2508	8
2509	8
2510	8
2511	8
2512	8
2513	8
2514	8
2515	7
2516	8
2517	8
2518	7
2519	8
2520	7
2521	8
2522	8
2523	8
2524	8
2525	8
2526	7
2527	8
2528	8
2529	8
2530	8
2531	8
2532	8
2533	8
2534	8
2535	8
2536	8
2537	8
2538	8
2539	8
2540	8
2541	8
2542	8
2543	8
2544	8
2545	8
2546	8
2547	8
2548	8
2549	8
2550	8
2551	8
2552	8
2553	8
2554	8
2555	8
2556	8
2557	8
2558	8
2559	8
2560	8
2561	8
2562	8
2563	8
2564	7
2565	8
2566	8
2567	8
2568	8
2569	8
2570	8
2571	8
2572	8
2573	8
2574	8
2575	7
2576	7
2577	8
2578	7
2579	8
2580	7
2581	8
2582	8
2583	7
2584	7
2585	7
2586	7
2587	8
2588	8
2589	8
2590	8
2591	8
2592	8
2593	8
2594	7
2595	7
2596	7
2597	7
2598	7
2599	7
2600	7
2601	8
2602	7
2603	8
2604	8
2605	8
2606	12
2607	12
2608	12
2609	12
2610	12
2611	12
2612	12
2613	12
2614	12
2615	12
2616	12
2617	12
2618	12
2619	12
2620	12
2621	12
2622	12
2623	12
2624	12
2625	12
2626	12
2627	12
2628	12
2629	12
2630	12
2631	12
2632	12
2633	12
2634	12
2635	12
2636	12
2637	12
2638	12
2639	12
2640	7
2641	7
2642	13
2643	13
2644	13
2645	7
2646	7
2647	7
2648	7
2649	7
2650	7
2651	7
2652	7
2653	7
2654	7
2655	7
2656	13
2657	13
2658	13
2659	13
2660	13
2661	13
2662	13
2663	7
2664	7
2665	7
2666	7
2667	7
2668	7
2669	7
2670	7
2671	7
2672	13
2673	7
2674	13
2675	13
2676	7
2677	7
2678	13
2679	7
2680	7
2681	7
2682	7
2683	7
2684	7
2685	7
2686	7
2687	13
2688	10
2689	10
2690	10
2691	10
315	6
1657	9
