0	7
1	7
2	7
3	7
4	7
5	7
6	7
7	2
8	2
9	2
10	2
11	9
12	9
13	9
14	9
15	9
16	9
17	9
18	9
19	9
20	2
21	11
22	11
23	11
24	11
25	11
26	11
27	11
28	11
29	1
30	1
31	1
32	1
33	13
34	1
35	1
36	13
37	1
38	1
39	13
40	1
41	13
42	1
43	13
44	13
45	1
46	1
47	13
48	1
49	1
50	1
51	1
52	1
53	3
54	3
55	3
56	3
57	3
58	1
59	1
60	1
61	1
62	1
63	1
64	1
65	3
66	3
67	3
68	3
69	3
70	3
71	11
72	11
73	11
74	11
75	1
76	1
77	1
78	1
79	1
80	1
81	1
82	1
83	6
84	6
85	6
86	6
87	6
88	6
89	6
90	6
91	6
92	6
93	6
94	6
95	6
96	9
97	9
98	9
99	9
100	9
101	2
102	2
103	9
104	2
105	9
106	9
107	2
108	9
109	9
110	9
111	9
112	9
113	9
114	2
115	2
116	9
117	9
118	9
119	9
120	9
121	9
122	9
123	2
124	9
125	9
126	9
127	9
128	9
129	10
130	10
131	10
132	10
133	10
134	10
135	10
136	10
137	10
138	10
139	10
140	10
141	10
142	10
143	10
144	10
145	10
146	10
147	10
148	10
149	10
150	10
151	10
152	10
153	10
154	10
155	10
156	10
157	10
158	10
159	10
160	10
161	10
162	10
163	10
164	10
165	10
166	6
167	6
168	6
169	6
170	6
171	6
172	6
173	6
174	6
175	6
176	6
177	6
178	6
179	6
180	6
181	6
182	6
183	1
184	1
185	1
186	1
187	1
188	1
189	1
190	1
191	1
192	1
193	1
194	1
195	1
196	1
197	1
198	1
199	1
200	1
201	1
202	1
203	1
204	1
205	1
206	1
207	1
208	11
209	11
210	11
211	11
212	11
213	11
214	11
215	11
216	11
217	11
218	11
219	11
220	11
221	11
222	11
223	11
224	11
225	11
226	11
227	11
228	11
229	11
230	11
231	11
232	11
233	11
234	11
235	11
236	11
237	11
238	11
239	11
240	11
241	11
242	11
243	11
244	11
245	11
246	11
247	11
248	1
249	1
250	1
251	1
252	1
253	1
254	1
255	1
256	1
257	1
258	1
259	1
260	1
261	11
262	11
263	11
264	11
265	11
266	11
267	11
268	4
269	4
270	4
271	11
272	11
273	11
274	11
275	11
276	11
277	11
278	4
279	4
280	4
281	4
282	4
283	4
284	4
285	4
286	4
287	4
288	4
289	4
290	4
291	4
292	4
293	4
294	4
295	4
296	4
297	4
298	4
299	4
300	4
301	4
302	1
303	1
304	1
305	1
306	8
307	5
308	5
309	8
310	8
311	8
312	5
313	5
314	5
316	13
317	13
318	13
319	13
320	13
321	13
322	13
323	13
324	13
325	13
326	13
327	13
328	13
329	13
330	13
331	5
332	8
333	5
334	5
335	8
336	8
337	13
338	13
339	13
340	8
341	8
342	5
343	5
344	5
345	5
346	5
347	5
348	8
349	5
350	8
351	5
352	5
353	8
354	5
355	8
356	10
357	10
358	10
359	10
360	10
361	10
362	10
363	10
364	10
365	10
366	10
367	10
368	10
369	8
370	5
371	5
372	8
373	8
374	5
375	5
376	8
377	5
378	5
379	5
380	5
381	5
382	5
383	5
384	5
385	5
386	5
387	5
388	5
389	13
390	13
391	13
392	13
393	13
394	5
395	5
396	8
397	8
398	13
399	13
400	13
401	13
402	13
403	11
404	11
405	11
406	11
407	11
408	11
409	7
410	7
411	7
412	7
413	7
414	7
415	7
416	7
417	7
418	7
419	7
420	7
421	7
422	7
423	7
424	7
425	6
426	6
427	6
428	6
429	6
430	6
431	6
432	6
433	7
434	7
435	7
436	7
437	7
438	7
439	7
440	7
441	7
442	7
443	7
444	7
445	7
446	6
447	6
448	6
449	6
450	6
451	7
452	7
453	7
454	6
455	6
456	6
457	7
458	7
459	7
460	7
461	7
462	7
463	6
464	6
465	6
466	6
467	6
468	6
469	6
470	6
471	6
472	6
473	7
474	7
475	4
476	4
477	4
478	4
479	4
480	4
481	4
482	4
483	4
484	11
485	11
486	10
487	4
488	4
489	4
490	4
491	4
492	4
493	4
494	4
495	4
496	4
497	4
498	11
499	4
500	10
501	4
502	11
503	4
504	4
505	10
506	11
507	11
508	11
509	11
510	11
511	11
512	11
513	11
514	11
515	11
516	11
517	11
518	11
519	11
520	11
521	11
522	6
523	6
524	6
525	6
526	7
527	7
528	6
529	6
530	6
531	6
532	6
533	6
534	6
535	6
536	6
537	6
538	7
539	7
540	7
541	7
542	7
543	7
544	7
545	7
546	7
547	7
548	7
549	7
550	7
551	7
552	7
553	7
554	7
555	7
556	7
557	7
558	7
559	11
560	11
561	11
562	11
563	11
564	11
565	7
566	7
567	7
568	7
569	7
570	6
571	6
572	6
573	6
574	6
575	6
576	6
577	6
578	6
579	6
580	6
581	7
582	7
583	7
584	7
585	7
586	7
587	11
588	11
589	11
590	11
591	11
592	11
593	11
594	11
595	11
596	11
597	11
598	11
599	11
600	11
601	11
602	11
603	1
604	1
605	1
606	1
607	1
608	1
609	1
610	1
611	1
612	1
613	1
614	1
615	1
616	1
617	11
618	11
619	11
620	11
621	11
622	11
623	11
624	11
625	11
626	11
627	11
628	11
629	11
630	11
631	11
632	11
633	11
634	11
635	11
636	11
637	11
638	11
639	1
640	1
641	1
642	1
643	1
644	1
645	1
646	1
647	1
648	1
649	1
650	1
651	1
652	1
653	1
654	1
655	1
656	1
657	4
658	4
659	4
660	4
661	7
662	7
663	7
664	7
665	7
666	7
667	7
668	7
669	7
670	10
671	10
672	10
673	10
674	10
675	10
676	10
677	10
678	10
679	10
680	7
681	7
682	7
683	7
684	7
685	7
686	7
687	7
688	7
689	7
690	7
691	7
692	7
693	7
694	7
695	7
696	7
697	10
698	10
699	10
700	10
701	10
702	10
703	10
704	10
705	10
706	10
707	10
708	10
709	10
710	10
711	10
712	10
713	10
714	7
715	7
716	11
717	11
718	10
719	10
720	10
721	11
722	11
723	11
724	11
725	11
726	11
727	11
728	11
729	11
730	11
731	11
732	13
733	13
734	13
735	13
736	13
737	4
738	6
739	6
740	6
741	6
742	6
743	4
744	4
745	13
746	13
747	13
748	13
749	13
750	13
751	13
752	13
753	13
754	13
755	13
756	13
757	13
758	13
759	13
760	13
761	13
762	13
763	13
764	13
765	13
766	4
767	6
768	4
769	6
770	13
771	13
772	4
773	4
774	4
775	6
776	4
777	4
778	6
779	4
780	4
781	4
782	4
783	6
784	4
785	5
786	4
787	4
788	4
789	4
790	4
791	5
792	5
793	5
794	5
795	5
796	5
797	5
798	5
799	5
800	5
801	4
802	4
803	4
804	4
805	5
806	5
807	5
808	4
809	4
810	4
811	3
812	9
813	3
814	3
815	3
816	3
817	3
818	9
819	3
820	9
821	3
822	3
823	3
824	3
825	3
826	3
827	3
828	3
829	9
830	3
831	3
832	3
833	3
834	3
835	3
836	3
837	3
838	3
839	3
840	3
841	3
842	3
843	3
844	3
845	3
846	3
847	9
848	3
849	3
850	9
851	9
852	3
853	3
854	3
855	3
856	9
857	9
858	1
859	1
860	1
861	1
862	1
863	1
864	1
865	1
866	1
867	1
868	1
869	1
870	1
871	3
872	3
873	3
874	3
875	3
876	3
877	3
878	3
879	3
880	3
881	3
882	3
883	3
884	3
885	3
886	3
887	3
888	3
889	3
890	3
891	3
892	9
893	3
894	3
895	3
896	3
897	3
898	3
899	9
900	9
901	9
902	3
903	3
904	3
905	3
906	3
907	3
908	3
909	3
910	9
911	9
912	9
913	9
914	3
915	3
916	3
917	3
918	3
919	3
920	3
921	3
922	9
923	9
924	3
925	3
926	3
927	3
928	3
929	3
930	9
931	3
932	3
933	9
934	3
935	3
936	3
937	3
938	3
939	3
940	3
941	3
942	9
943	3
944	9
945	9
946	3
947	3
948	3
949	3
950	3
951	3
952	3
953	3
954	9
955	9
956	9
957	3
958	3
959	3
960	3
961	3
962	9
963	3
964	3
965	3
966	3
967	3
968	3
969	3
970	3
971	3
972	3
973	3
974	3
975	9
976	3
977	3
978	3
979	3
980	3
981	3
982	13
983	13
984	13
985	10
986	10
987	10
988	10
989	10
990	10
991	10
992	6
993	10
994	10
995	10
996	10
997	10
998	10
999	10
1000	6
1001	6
1002	10
1003	10
1004	10
1005	10
1006	10
1007	13
1008	13
1009	10
1010	13
1011	13
1012	13
1013	13
1014	13
1015	13
1016	13
1017	13
1018	13
1019	13
1020	13
1021	13
1022	13
1023	13
1024	13
1025	13
1026	13
1027	13
1028	13
1029	13
1030	13
1031	13
1032	13
1033	13
1034	13
1035	13
1036	13
1037	13
1038	13
1039	13
1040	13
1041	13
1042	13
1043	13
1044	13
1045	13
1046	13
1047	13
1048	13
1049	13
1050	13
1051	13
1052	13
1053	13
1054	13
1055	13
1056	13
1057	13
1058	13
1059	13
1060	13
1061	13
1062	13
1063	13
1064	13
1065	13
1066	13
1067	13
1068	13
1069	13
1070	13
1071	13
1072	13
1073	13
1074	13
1075	1
1076	1
1077	1
1078	1
1079	1
1080	1
1081	1
1082	1
1083	1
1084	1
1085	1
1086	1
1087	4
1088	4
1089	4
1090	4
1091	4
1092	4
1093	4
1094	11
1095	11
1096	11
1097	11
1098	11
1099	11
1100	11
1101	11
1102	11
1103	11
1104	11
1105	11
1106	11
1107	8
1108	8
1109	8
1110	8
1111	8
1112	3
1113	8
1114	8
1115	8
1116	3
1117	8
1118	8
1119	8
1120	8
1121	8
1122	8
1123	8
1124	8
1125	8
1126	8
1127	8
1128	8
1129	8
1130	8
1131	8
1132	3
1133	8
1134	8
1135	8
1136	3
1137	3
1138	3
1139	3
1140	8
1141	8
1142	8
1143	3
1144	8
1145	8
1146	3
1147	3
1148	8
1149	8
1150	8
1151	8
1152	8
1153	8
1154	5
1155	5
1156	5
1157	5
1158	5
1159	5
1160	5
1161	5
1162	5
1163	5
1164	5
1165	5
1166	5
1167	5
1168	5
1169	13
1170	13
1171	13
1172	13
1173	13
1174	13
1175	13
1176	13
1177	13
1178	13
1179	13
1180	13
1181	13
1182	13
1183	13
1184	13
1185	13
1186	13
1187	13
1188	13
1189	13
1190	13
1191	13
1192	13
1193	13
1194	13
1195	13
1196	13
1197	13
1198	13
1199	13
1200	9
1201	9
1202	9
1203	9
1204	9
1205	9
1206	9
1207	9
1208	9
1209	9
1210	9
1211	9
1212	9
1213	9
1214	9
1215	9
1216	9
1217	9
1218	9
1219	9
1220	9
1221	9
1222	9
1223	9
1224	9
1225	9
1226	9
1227	9
1228	9
1229	9
1230	9
1231	9
1232	9
1233	9
1234	9
1235	9
1236	9
1237	9
1238	9
1239	9
1240	4
1241	4
1242	4
1243	11
1244	4
1245	4
1246	4
1247	4
1248	11
1249	11
1250	11
1251	11
1252	11
1253	1
1254	1
1255	1
1256	1
1257	1
1258	11
1259	11
1260	11
1261	11
1262	4
1263	4
1264	1
1265	1
1266	1
1267	1
1268	1
1269	1
1270	1
1271	1
1272	1
1273	1
1274	1
1275	1
1276	1
1277	1
1278	5
1279	5
1280	5
1281	11
1282	4
1283	4
1284	1
1285	1
1286	1
1287	1
1288	5
1289	5
1290	5
1291	5
1292	5
1293	5
1294	5
1295	5
1296	5
1297	5
1298	5
1299	5
1300	5
1301	5
1302	5
1303	1
1304	1
1305	1
1306	1
1307	1
1308	1
1309	1
1310	1
1311	1
1312	1
1313	1
1314	3
1315	3
1316	3
1317	3
1318	3
1319	3
1320	3
1321	3
1322	3
1323	3
1324	3
1325	3
1326	3
1327	3
1328	3
1329	3
1330	3
1331	3
1332	3
1333	3
1334	3
1335	3
1336	3
1337	3
1338	3
1339	3
1340	3
1341	3
1342	3
1343	3
1344	3
1345	3
1346	1
1347	1
1348	1
1349	1
1350	1
1351	1
1352	1
1353	1
1354	1
1355	1
1356	1
1357	1
1358	1
1359	1
1360	1
1361	1
1362	1
1363	9
1364	9
1365	9
1366	9
1367	9
1368	9
1369	9
1370	9
1371	9
1372	9
1373	9
1374	9
1375	9
1376	9
1377	9
1378	9
1379	9
1380	9
1381	5
1382	5
1383	5
1384	5
1385	5
1386	5
1387	5
1388	5
1389	5
1390	5
1391	5
1392	5
1393	5
1394	5
1395	5
1396	5
1397	1
1398	1
1399	1
1400	1
1401	1
1402	1
1403	1
1404	1
1405	1
1406	1
1407	1
1408	1
1409	1
1410	1
1411	1
1412	1
1413	1
1414	1
1415	1
1416	1
1417	1
1418	1
1419	1
1420	1
1421	1
1422	1
1423	1
1424	1
1425	1
1426	1
1427	1
1428	6
1429	6
1430	6
1431	6
1432	6
1433	6
1434	6
1435	6
1436	6
1437	6
1438	6
1439	6
1440	6
1441	9
1442	9
1443	9
1444	9
1445	9
1446	9
1447	9
1448	9
1449	9
1450	9
1451	9
1452	9
1453	9
1454	9
1455	6
1456	6
1457	6
1458	6
1459	6
1460	6
1461	6
1462	6
1463	6
1464	2
1465	11
1466	11
1467	11
1468	11
1469	11
1470	11
1471	11
1472	11
1473	11
1474	11
1475	11
1476	11
1477	11
1478	11
1479	11
1480	11
1481	11
1482	11
1483	11
1484	11
1485	11
1486	11
1487	11
1488	11
1489	13
1490	13
1491	13
1492	13
1493	13
1494	13
1495	13
1496	13
1497	13
1498	13
1499	13
1500	13
1501	7
1502	7
1503	7
1504	7
1505	7
1506	7
1507	7
1508	7
1509	7
1510	7
1511	7
1512	7
1513	7
1514	7
1515	7
1516	7
1517	7
1518	7
1519	7
1520	7
1521	7
1522	7
1523	7
1524	7
1525	7
1526	7
1527	7
1528	7
1529	6
1530	6
1531	6
1532	6
1533	6
1534	6
1535	6
1536	6
1537	6
1538	6
1539	6
1540	6
1541	6
1542	6
1543	6
1544	6
1545	6
1546	6
1547	6
1548	6
1549	6
1550	6
1551	6
1552	6
1553	6
1554	9
1555	9
1556	9
1557	9
1558	9
1559	6
1560	9
1561	6
1562	9
1563	6
1564	9
1565	9
1566	9
1567	6
1568	6
1569	9
1570	9
1571	9
1572	6
1573	9
1574	9
1575	6
1576	13
1577	13
1578	13
1579	13
1580	13
1581	13
1582	13
1583	13
1584	13
1585	13
1586	13
1587	13
1588	13
1589	13
1590	13
1591	13
1592	13
1593	1
1594	1
1595	1
1596	1
1597	1
1598	1
1599	1
1600	1
1601	1
1602	6
1603	6
1604	6
1605	6
1606	6
1607	6
1608	6
1609	6
1610	6
1611	6
1612	6
1613	6
1614	6
1615	6
1616	6
1617	6
1618	11
1619	11
1620	11
1621	11
1622	11
1623	11
1624	11
1625	11
1626	11
1627	11
1628	11
1629	13
1630	13
1631	9
1632	9
1633	13
1634	9
1635	9
1636	9
1637	13
1638	13
1639	13
1640	13
1641	13
1642	13
1643	13
1644	11
1645	11
1646	11
1647	11
1648	11
1649	13
1650	13
1651	13
1652	13
1653	13
1654	13
1655	9
1656	13
1658	9
1659	13
1660	9
1661	9
1662	13
1663	9
1664	9
1665	9
1666	13
1667	9
1668	9
1669	13
1670	13
1671	9
1672	9
1673	11
1674	13
1675	13
1676	9
1677	11
1678	4
1679	4
1680	4
1681	4
1682	4
1683	4
1684	4
1685	9
1686	9
1687	9
1688	9
1689	9
1690	9
1691	9
1692	9
1693	9
1694	9
1695	9
1696	9
1697	9
1698	9
1699	9
1700	9
1701	2
1702	9
1703	12
1704	12
1705	9
1706	9
1707	9
1708	9
1709	2
1710	9
1711	9
1712	9
1713	11
1714	11
1715	11
1716	11
1717	11
1718	11
1719	11
1720	11
1721	11
1722	11
1723	11
1724	11
1725	9
1726	9
1727	9
1728	11
1729	9
1730	9
1731	9
1732	9
1733	9
1734	9
1735	9
1736	2
1737	2
1738	2
1739	2
1740	2
1741	9
1742	7
1743	7
1744	12
1745	7
1746	7
1747	12
1748	7
1749	12
1750	12
1751	7
1752	7
1753	7
1754	7
1755	7
1756	12
1757	11
1758	11
1759	11
1760	11
1761	7
1762	7
1763	7
1764	12
1765	7
1766	7
1767	12
1768	7
1769	7
1770	7
1771	7
1772	7
1773	7
1774	11
1775	11
1776	11
1777	11
1778	11
1779	11
1780	11
1781	11
1782	11
1783	11
1784	11
1785	11
1786	11
1787	12
1788	7
1789	7
1790	7
1791	12
1792	7
1793	7
1794	7
1795	11
1796	11
1797	11
1798	11
1799	7
1800	7
1801	7
1802	7
1803	12
1804	12
1805	7
1806	12
1807	7
1808	12
1809	2
1810	2
1811	2
1812	2
1813	2
1814	2
1815	2
1816	2
1817	2
1818	2
1819	2
1820	2
1821	2
1822	2
1823	2
1824	2
1825	2
1826	2
1827	2
1828	2
1829	2
1830	11
1831	11
1832	11
1833	11
1834	11
1835	2
1836	2
1837	11
1838	2
1839	2
1840	9
1841	9
1842	9
1843	9
1844	9
1845	2
1846	2
1847	2
1848	2
1849	2
1850	2
1851	2
1852	2
1853	2
1854	2
1855	2
1856	2
1857	11
1858	11
1859	11
1860	11
1861	11
1862	11
1863	2
1864	2
1865	2
1866	2
1867	2
1868	2
1869	2
1870	2
1871	2
1872	4
1873	4
1874	4
1875	4
1876	4
1877	4
1878	4
1879	4
1880	4
1881	4
1882	4
1883	4
1884	4
1885	4
1886	4
1887	4
1888	4
1889	4
1890	4
1891	4
1892	4
1893	4
1894	4
1895	1
1896	1
1897	7
1898	3
1899	3
1900	3
1901	3
1902	3
1903	3
1904	1
1905	1
1906	1
1907	1
1908	7
1909	1
1910	1
1911	1
1912	1
1913	1
1914	1
1915	1
1916	3
1917	3
1918	3
1919	3
1920	3
1921	3
1922	3
1923	3
1924	7
1925	7
1926	7
1927	1
1928	7
1929	1
1930	7
1931	1
1932	1
1933	1
1934	1
1935	1
1936	1
1937	7
1938	1
1939	1
1940	7
1941	1
1942	1
1943	1
1944	1
1945	1
1946	1
1947	1
1948	1
1949	1
1950	1
1951	7
1952	7
1953	1
1954	1
1955	1
1956	1
1957	7
1958	1
1959	7
1960	1
1961	1
1962	1
1963	1
1964	1
1965	7
1966	1
1967	1
1968	1
1969	1
1970	1
1971	1
1972	7
1973	1
1974	1
1975	1
1976	6
1977	6
1978	6
1979	6
1980	6
1981	6
1982	6
1983	6
1984	6
1985	6
1986	6
1987	6
1988	6
1989	6
1990	6
1991	6
1992	6
1993	6
1994	6
1995	6
1996	6
1997	6
1998	6
1999	6
2000	6
2001	6
2002	6
2003	6
2004	6
2005	6
2006	6
2007	6
2008	6
2009	6
2010	6
2011	6
2012	6
2013	6
2014	6
2015	6
2016	6
2017	4
2018	4
2019	4
2020	4
2021	4
2022	4
2023	4
2024	4
2025	4
2026	4
2027	4
2028	4
2029	4
2030	6
2031	6
2032	6
2033	6
2034	6
2035	4
2036	4
2037	4
2038	11
2039	11
2040	11
2041	11
2042	11
2043	4
2044	4
2045	4
2046	4
2047	4
2048	11
2049	11
2050	4
2051	4
2052	4
2053	4
2054	4
2055	4
2056	4
2057	4
2058	6
2059	6
2060	6
2061	6
2062	6
2063	6
2064	6
2065	6
2066	6
2067	6
2068	4
2069	4
2070	4
2071	4
2072	4
2073	11
2074	4
2075	4
2076	4
2077	11
2078	4
2079	4
2080	4
2081	4
2082	4
2083	4
2084	4
2085	4
2086	4
2087	4
2088	4
2089	13
2090	13
2091	13
2092	13
2093	13
2094	13
2095	13
2096	7
2097	7
2098	7
2099	7
2100	7
2101	7
2102	7
2103	7
2104	7
2105	7
2106	7
2107	7
2108	7
2109	7
2110	7
2111	7
2112	7
2113	12
2114	12
2115	12
2116	12
2117	12
2118	2
2119	12
2120	2
2121	2
2122	2
2123	12
2124	4
2125	12
2126	2
2127	12
2128	12
2129	12
2130	2
2131	12
2132	12
2133	2
2134	12
2135	12
2136	12
2137	2
2138	2
2139	2
2140	2
2141	12
2142	12
2143	12
2144	12
2145	2
2146	2
2147	12
2148	2
2149	2
2150	2
2151	12
2152	12
2153	12
2154	12
2155	12
2156	12
2157	12
2158	12
2159	2
2160	12
2161	12
2162	12
2163	12
2164	12
2165	12
2166	12
2167	2
2168	2
2169	12
2170	12
2171	12
2172	12
2173	12
2174	12
2175	12
2176	2
2177	2
2178	12
2179	12
2180	12
2181	12
2182	12
2183	12
2184	12
2185	12
2186	12
2187	12
2188	12
2189	2
2190	2
2191	2
2192	2
2193	12
2194	12
2195	12
2196	2
2197	12
2198	12
2199	2
2200	12
2201	12
2202	12
2203	12
2204	12
2205	12
2206	2
2207	2
2208	2
2209	12
2210	12
2211	12
2212	12
2213	2
2214	2
2215	12
2216	12
2217	2
2218	12
2219	12
2220	12
2221	2
2222	2
2223	2
2224	12
2225	12
2226	12
2227	12
2228	12
2229	12
2230	12
2231	12
2232	12
2233	2
2234	2
2235	12
2236	2
2237	2
2238	12
2239	12
2240	12
2241	2
2242	12
2243	12
2244	12
2245	12
2246	12
2247	12
2248	12
2249	12
2250	12
2251	12
2252	12
2253	12
2254	12
2255	12
2256	12
2257	12
2258	2
2259	2
2260	2
2261	12
2262	12
2263	12
2264	12
2265	12
2266	12
2267	12
2268	12
2269	12
2270	12
2271	12
2272	12
2273	12
2274	12
2275	12
2276	12
2277	2
2278	12
2279	12
2280	12
2281	12
2282	2
2283	2
2284	4
2285	4
2286	12
2287	12
2288	12
2289	12
2290	12
2291	12
2292	12
2293	12
2294	2
2295	2
2296	2
2297	2
2298	12
2299	12
2300	12
2301	12
2302	2
2303	2
2304	2
2305	12
2306	12
2307	12
2308	12
2309	4
2310	4
2311	4
2312	3
2313	3
2314	3
2315	3
2316	3
2317	3
2318	3
2319	3
2320	3
2321	3
2322	3
2323	3
2324	3
2325	3
2326	3
2327	3
2328	3
2329	3
2330	1
2331	1
2332	1
2333	1
2334	1
2335	1
2336	1
2337	1
2338	1
2339	1
2340	1
2341	1
2342	1
2343	1
2344	1
2345	1
2346	13
2347	13
2348	13
2349	13
2350	13
2351	13
2352	13
2353	13
2354	13
2355	13
2356	13
2357	13
2358	13
2359	13
2360	13
2361	13
2362	13
2363	13
2364	13
2365	13
2366	2
2367	2
2368	2
2369	2
2370	2
2371	2
2372	2
2373	2
2374	2
2375	2
2376	2
2377	2
2378	2
2379	2
2380	2
2381	2
2382	2
2383	2
2384	2
2385	2
2386	2
2387	2
2388	2
2389	2
2390	2
2391	2
2392	2
2393	2
2394	2
2395	2
2396	2
2397	2
2398	2
2399	2
2400	2
2401	2
2402	2
2403	2
2404	2
2405	2
2406	2
2407	2
2408	2
2409	2
2410	2
2411	2
2412	2
2413	2
2414	2
2415	8
2416	5
2417	8
2418	8
2419	5
2420	5
2421	8
2422	8
2423	8
2424	8
2425	8
2426	8
2427	5
2428	5
2429	5
2430	5
2431	5
2432	8
2433	8
2434	8
2435	8
2436	8
2437	5
2438	5
2439	5
2440	8
2441	8
2442	8
2443	8
2444	8
2445	8
2446	8
2447	5
2448	8
2449	8
2450	8
2451	8
2452	8
2453	8
2454	8
2455	8
2456	8
2457	8
2458	8
2459	8
2460	5
2461	5
2462	8
2463	8
2464	8
2465	8
2466	8
2467	8
2468	8
2469	8
2470	8
2471	8
2472	8
2473	8
2474	8
2475	8
2476	8
2477	8
2478	8
2479	8
2480	8
2481	8
2482	8
2483	8
2484	8
2485	8
2486	8
2487	8
2488	8
2489	8
2490	8
2491	8
2492	8
2493	8
2494	8
2495	8
2496	5
2497	5
2498	5
2499	5
2500	8
2501	8
2502	5
2503	5
2504	5
2505	5
2506	5
2507	5
2508	5
2509	5
2510	5
2511	5
2512	5
2513	5
2514	5
2515	8
2516	8
2517	8
2518	8
2519	8
2520	8
2521	8
2522	8
2523	5
2524	5
2525	5
2526	8
2527	8
2528	5
2529	5
2530	5
2531	5
2532	5
2533	5
2534	5
2535	5
2536	5
2537	5
2538	5
2539	8
2540	5
2541	8
2542	5
2543	5
2544	8
2545	8
2546	8
2547	5
2548	5
2549	5
2550	8
2551	8
2552	5
2553	5
2554	8
2555	8
2556	8
2557	8
2558	5
2559	5
2560	5
2561	5
2562	5
2563	5
2564	8
2565	5
2566	8
2567	8
2568	5
2569	5
2570	5
2571	5
2572	5
2573	5
2574	5
2575	8
2576	8
2577	8
2578	8
2579	8
2580	8
2581	5
2582	8
2583	8
2584	8
2585	8
2586	8
2587	5
2588	5
2589	5
2590	5
2591	5
2592	5
2593	5
2594	8
2595	8
2596	8
2597	5
2598	5
2599	8
2600	8
2601	8
2602	8
2603	8
2604	5
2605	5
2606	4
2607	4
2608	4
2609	4
2610	4
2611	4
2612	4
2613	4
2614	4
2615	4
2616	4
2617	4
2618	4
2619	4
2620	4
2621	4
2622	4
2623	4
2624	4
2625	4
2626	4
2627	4
2628	4
2629	4
2630	4
2631	4
2632	4
2633	4
2634	4
2635	4
2636	4
2637	4
2638	4
2639	4
2640	10
2641	10
2642	6
2643	10
2644	6
2645	10
2646	10
2647	10
2648	10
2649	10
2650	10
2651	10
2652	10
2653	10
2654	10
2655	10
2656	6
2657	10
2658	6
2659	10
2660	6
2661	10
2662	10
2663	10
2664	10
2665	10
2666	10
2667	10
2668	10
2669	10
2670	10
2671	10
2672	10
2673	10
2674	10
2675	10
2676	10
2677	10
2678	10
2679	10
2680	10
2681	10
2682	10
2683	10
2684	10
2685	10
2686	10
2687	10
2688	1
2689	1
2690	1
2691	1
315	13
1657	9
