0	3
1	3
2	3
3	3
4	3
5	3
6	3
7	10
8	10
9	10
10	10
11	11
12	10
13	10
14	10
15	10
16	11
17	11
18	8
19	11
20	11
21	13
22	13
23	13
24	13
25	13
26	13
27	13
28	13
29	7
30	8
31	7
32	7
33	8
34	7
35	7
36	8
37	7
38	7
39	8
40	7
41	8
42	7
43	8
44	8
45	7
46	7
47	8
48	7
49	7
50	7
51	7
52	7
53	6
54	6
55	6
56	6
57	6
58	7
59	7
60	7
61	7
62	7
63	7
64	7
65	6
66	6
67	6
68	6
69	6
70	6
71	13
72	13
73	13
74	13
75	7
76	7
77	7
78	7
79	7
80	7
81	7
82	7
83	5
84	5
85	5
86	5
87	5
88	5
89	5
90	5
91	5
92	5
93	5
94	5
95	5
96	11
97	10
98	11
99	11
100	10
101	10
102	10
103	11
104	10
105	11
106	10
107	11
108	11
109	10
110	10
111	11
112	11
113	10
114	10
115	10
116	10
117	11
118	10
119	10
120	10
121	11
122	11
123	10
124	11
125	11
126	11
127	11
128	11
129	9
130	9
131	9
132	9
133	9
134	9
135	9
136	9
137	9
138	9
139	9
140	9
141	9
142	9
143	9
144	9
145	9
146	9
147	9
148	9
149	9
150	9
151	9
152	9
153	9
154	9
155	9
156	9
157	9
158	9
159	9
160	9
161	9
162	9
163	9
164	9
165	9
166	5
167	5
168	5
169	4
170	5
171	5
172	5
173	5
174	4
175	4
176	4
177	5
178	4
179	5
180	5
181	4
182	4
183	7
184	7
185	7
186	7
187	7
188	7
189	7
190	7
191	7
192	7
193	7
194	7
195	7
196	7
197	7
198	7
199	7
200	7
201	7
202	7
203	7
204	7
205	7
206	7
207	7
208	13
209	13
210	13
211	13
212	13
213	13
214	13
215	13
216	13
217	13
218	13
219	13
220	13
221	13
222	13
223	13
224	13
225	13
226	1
227	1
228	1
229	1
230	1
231	1
232	1
233	1
234	1
235	1
236	13
237	13
238	13
239	13
240	13
241	13
242	13
243	13
244	13
245	13
246	13
247	13
248	7
249	7
250	7
251	7
252	7
253	7
254	7
255	7
256	7
257	7
258	7
259	7
260	7
261	1
262	1
263	1
264	1
265	1
266	1
267	1
268	1
269	1
270	1
271	1
272	1
273	1
274	1
275	1
276	1
277	1
278	1
279	1
280	1
281	1
282	1
283	1
284	1
285	1
286	1
287	1
288	1
289	1
290	1
291	1
292	1
293	1
294	1
295	1
296	1
297	1
298	1
299	1
300	1
301	1
302	7
303	7
304	7
305	7
306	2
307	2
308	13
309	2
310	2
311	2
312	2
313	2
314	2
316	8
317	8
318	8
319	8
320	8
321	8
322	8
323	8
324	8
325	8
326	8
327	8
328	8
329	8
330	8
331	13
332	13
333	13
334	2
335	13
336	2
337	8
338	8
339	8
340	13
341	13
342	2
343	2
344	13
345	2
346	13
347	2
348	13
349	2
350	2
351	13
352	13
353	2
354	2
355	2
356	4
357	4
358	4
359	4
360	4
361	4
362	4
363	4
364	4
365	4
366	4
367	4
368	4
369	2
370	13
371	2
372	2
373	2
374	2
375	2
376	2
377	2
378	2
379	2
380	2
381	13
382	13
383	2
384	2
385	2
386	2
387	2
388	2
389	8
390	8
391	8
392	8
393	8
394	2
395	2
396	13
397	2
398	8
399	8
400	8
401	8
402	8
403	13
404	13
405	13
406	13
407	13
408	9
409	3
410	3
411	3
412	3
413	3
414	3
415	3
416	3
417	3
418	8
419	8
420	3
421	8
422	3
423	8
424	3
425	5
426	5
427	5
428	5
429	5
430	5
431	5
432	5
433	8
434	3
435	3
436	8
437	8
438	3
439	3
440	3
441	3
442	3
443	3
444	8
445	3
446	5
447	5
448	5
449	5
450	5
451	3
452	3
453	3
454	5
455	5
456	5
457	8
458	3
459	3
460	3
461	8
462	8
463	5
464	5
465	5
466	5
467	5
468	5
469	5
470	5
471	5
472	5
473	8
474	3
475	1
476	1
477	4
478	4
479	4
480	4
481	4
482	4
483	4
484	13
485	13
486	4
487	4
488	4
489	1
490	1
491	1
492	1
493	1
494	1
495	4
496	4
497	4
498	13
499	4
500	4
501	4
502	13
503	4
504	4
505	4
506	9
507	13
508	13
509	13
510	13
511	13
512	13
513	13
514	13
515	13
516	13
517	13
518	13
519	13
520	13
521	13
522	11
523	11
524	11
525	11
526	3
527	3
528	11
529	11
530	11
531	11
532	11
533	11
534	11
535	11
536	11
537	11
538	3
539	3
540	3
541	3
542	3
543	3
544	3
545	3
546	3
547	3
548	3
549	3
550	3
551	3
552	3
553	3
554	3
555	3
556	7
557	3
558	7
559	13
560	13
561	1
562	13
563	13
564	13
565	7
566	3
567	3
568	3
569	3
570	12
571	12
572	12
573	12
574	12
575	12
576	12
577	12
578	12
579	12
580	12
581	3
582	3
583	3
584	3
585	7
586	3
587	13
588	1
589	1
590	1
591	1
592	13
593	13
594	1
595	13
596	1
597	13
598	1
599	13
600	13
601	13
602	13
603	7
604	7
605	7
606	7
607	7
608	7
609	7
610	7
611	7
612	7
613	7
614	7
615	7
616	7
617	13
618	13
619	13
620	1
621	1
622	1
623	1
624	1
625	1
626	1
627	1
628	13
629	13
630	13
631	13
632	1
633	13
634	1
635	13
636	13
637	13
638	1
639	7
640	7
641	7
642	7
643	7
644	7
645	7
646	7
647	7
648	7
649	7
650	7
651	7
652	7
653	7
654	7
655	7
656	7
657	5
658	5
659	4
660	4
661	3
662	3
663	3
664	3
665	3
666	3
667	3
668	3
669	3
670	9
671	9
672	9
673	9
674	9
675	9
676	9
677	9
678	9
679	9
680	3
681	3
682	3
683	3
684	3
685	3
686	3
687	3
688	3
689	3
690	3
691	3
692	3
693	3
694	3
695	3
696	3
697	9
698	9
699	9
700	9
701	9
702	9
703	9
704	9
705	9
706	9
707	9
708	9
709	9
710	9
711	9
712	9
713	9
714	3
715	3
716	1
717	1
718	9
719	9
720	9
721	1
722	1
723	1
724	1
725	1
726	1
727	1
728	1
729	1
730	1
731	1
732	8
733	8
734	8
735	8
736	8
737	4
738	5
739	5
740	5
741	5
742	5
743	4
744	5
745	8
746	8
747	8
748	8
749	8
750	8
751	8
752	8
753	8
754	8
755	8
756	8
757	8
758	8
759	8
760	8
761	8
762	8
763	8
764	8
765	8
766	5
767	5
768	5
769	5
770	8
771	8
772	5
773	5
774	5
775	5
776	4
777	5
778	5
779	5
780	5
781	5
782	5
783	5
784	5
785	13
786	5
787	5
788	5
789	5
790	5
791	13
792	13
793	13
794	13
795	13
796	13
797	13
798	13
799	13
800	13
801	5
802	5
803	5
804	5
805	13
806	13
807	13
808	5
809	5
810	5
811	6
812	11
813	6
814	6
815	6
816	6
817	6
818	11
819	6
820	11
821	6
822	6
823	6
824	6
825	6
826	6
827	6
828	6
829	11
830	6
831	6
832	6
833	6
834	6
835	6
836	6
837	6
838	6
839	6
840	6
841	6
842	6
843	6
844	6
845	6
846	6
847	11
848	6
849	6
850	11
851	6
852	6
853	6
854	6
855	6
856	11
857	11
858	7
859	7
860	7
861	7
862	7
863	7
864	7
865	7
866	7
867	7
868	7
869	7
870	7
871	6
872	6
873	6
874	6
875	6
876	6
877	6
878	6
879	6
880	6
881	6
882	6
883	6
884	6
885	6
886	6
887	6
888	6
889	6
890	6
891	6
892	11
893	6
894	6
895	6
896	6
897	6
898	6
899	11
900	11
901	11
902	6
903	6
904	6
905	6
906	6
907	6
908	6
909	6
910	11
911	11
912	11
913	11
914	6
915	6
916	6
917	6
918	6
919	6
920	6
921	6
922	11
923	11
924	6
925	6
926	6
927	6
928	6
929	6
930	6
931	6
932	6
933	11
934	6
935	6
936	6
937	6
938	6
939	6
940	6
941	6
942	6
943	6
944	11
945	11
946	6
947	6
948	6
949	6
950	6
951	6
952	6
953	6
954	11
955	11
956	11
957	6
958	6
959	6
960	6
961	6
962	6
963	6
964	6
965	6
966	6
967	6
968	6
969	6
970	6
971	6
972	6
973	6
974	6
975	11
976	6
977	6
978	6
979	6
980	6
981	6
982	8
983	8
984	8
985	4
986	4
987	4
988	4
989	4
990	4
991	4
992	4
993	4
994	4
995	4
996	4
997	4
998	4
999	4
1000	4
1001	4
1002	4
1003	4
1004	4
1005	4
1006	4
1007	8
1008	8
1009	4
1010	8
1011	8
1012	8
1013	8
1014	8
1015	8
1016	8
1017	8
1018	8
1019	8
1020	8
1021	8
1022	8
1023	8
1024	8
1025	8
1026	8
1027	8
1028	8
1029	8
1030	8
1031	8
1032	8
1033	8
1034	8
1035	8
1036	8
1037	8
1038	8
1039	8
1040	8
1041	8
1042	8
1043	8
1044	8
1045	8
1046	8
1047	8
1048	8
1049	8
1050	8
1051	8
1052	8
1053	8
1054	8
1055	8
1056	8
1057	8
1058	8
1059	8
1060	8
1061	8
1062	8
1063	8
1064	8
1065	8
1066	8
1067	8
1068	8
1069	8
1070	8
1071	8
1072	8
1073	8
1074	8
1075	7
1076	7
1077	7
1078	7
1079	7
1080	7
1081	7
1082	7
1083	7
1084	7
1085	7
1086	7
1087	1
1088	1
1089	1
1090	1
1091	1
1092	1
1093	1
1094	13
1095	13
1096	13
1097	13
1098	13
1099	13
1100	13
1101	13
1102	13
1103	13
1104	13
1105	13
1106	13
1107	4
1108	4
1109	4
1110	4
1111	4
1112	4
1113	4
1114	13
1115	4
1116	4
1117	4
1118	13
1119	4
1120	4
1121	4
1122	13
1123	4
1124	13
1125	13
1126	4
1127	4
1128	4
1129	4
1130	4
1131	13
1132	4
1133	4
1134	4
1135	4
1136	6
1137	6
1138	6
1139	6
1140	4
1141	4
1142	4
1143	4
1144	4
1145	4
1146	13
1147	13
1148	4
1149	4
1150	4
1151	4
1152	4
1153	4
1154	13
1155	13
1156	13
1157	13
1158	13
1159	13
1160	13
1161	13
1162	2
1163	2
1164	13
1165	2
1166	13
1167	13
1168	13
1169	8
1170	8
1171	8
1172	8
1173	8
1174	8
1175	8
1176	8
1177	8
1178	8
1179	8
1180	8
1181	8
1182	8
1183	8
1184	8
1185	8
1186	8
1187	8
1188	8
1189	8
1190	8
1191	8
1192	8
1193	8
1194	8
1195	8
1196	8
1197	8
1198	8
1199	8
1200	11
1201	11
1202	11
1203	11
1204	11
1205	11
1206	11
1207	11
1208	11
1209	11
1210	11
1211	11
1212	11
1213	11
1214	11
1215	11
1216	11
1217	11
1218	11
1219	11
1220	11
1221	11
1222	11
1223	11
1224	11
1225	11
1226	11
1227	11
1228	11
1229	11
1230	11
1231	11
1232	11
1233	11
1234	11
1235	11
1236	11
1237	11
1238	11
1239	11
1240	1
1241	1
1242	1
1243	1
1244	1
1245	1
1246	1
1247	1
1248	1
1249	1
1250	1
1251	1
1252	1
1253	7
1254	7
1255	7
1256	7
1257	7
1258	1
1259	1
1260	1
1261	1
1262	1
1263	1
1264	7
1265	7
1266	7
1267	7
1268	7
1269	7
1270	7
1271	7
1272	7
1273	7
1274	7
1275	7
1276	7
1277	7
1278	13
1279	13
1280	13
1281	1
1282	1
1283	1
1284	7
1285	7
1286	7
1287	7
1288	2
1289	2
1290	2
1291	2
1292	2
1293	2
1294	2
1295	2
1296	2
1297	2
1298	13
1299	2
1300	2
1301	2
1302	2
1303	7
1304	7
1305	7
1306	7
1307	7
1308	7
1309	7
1310	7
1311	7
1312	7
1313	7
1314	6
1315	6
1316	6
1317	6
1318	6
1319	6
1320	6
1321	6
1322	6
1323	6
1324	6
1325	6
1326	6
1327	6
1328	6
1329	6
1330	6
1331	6
1332	6
1333	6
1334	6
1335	6
1336	6
1337	6
1338	6
1339	6
1340	6
1341	6
1342	6
1343	6
1344	6
1345	6
1346	7
1347	7
1348	7
1349	7
1350	7
1351	7
1352	7
1353	7
1354	7
1355	7
1356	7
1357	7
1358	7
1359	7
1360	7
1361	7
1362	7
1363	4
1364	4
1365	4
1366	4
1367	4
1368	4
1369	4
1370	4
1371	4
1372	4
1373	4
1374	4
1375	4
1376	4
1377	4
1378	4
1379	4
1380	4
1381	13
1382	13
1383	13
1384	13
1385	13
1386	13
1387	13
1388	13
1389	13
1390	13
1391	13
1392	13
1393	13
1394	13
1395	13
1396	13
1397	3
1398	7
1399	3
1400	7
1401	3
1402	3
1403	7
1404	3
1405	7
1406	7
1407	7
1408	7
1409	3
1410	3
1411	7
1412	7
1413	3
1414	3
1415	3
1416	3
1417	3
1418	3
1419	3
1420	3
1421	3
1422	3
1423	3
1424	3
1425	3
1426	3
1427	3
1428	10
1429	10
1430	10
1431	10
1432	10
1433	10
1434	10
1435	10
1436	10
1437	10
1438	10
1439	10
1440	10
1441	11
1442	11
1443	11
1444	11
1445	11
1446	11
1447	11
1448	11
1449	11
1450	11
1451	11
1452	11
1453	11
1454	11
1455	10
1456	10
1457	10
1458	10
1459	10
1460	10
1461	10
1462	10
1463	10
1464	10
1465	13
1466	13
1467	13
1468	13
1469	9
1470	13
1471	13
1472	9
1473	9
1474	13
1475	13
1476	13
1477	13
1478	13
1479	13
1480	13
1481	13
1482	13
1483	13
1484	13
1485	13
1486	13
1487	9
1488	13
1489	8
1490	8
1491	8
1492	8
1493	8
1494	8
1495	8
1496	8
1497	8
1498	8
1499	8
1500	8
1501	3
1502	3
1503	3
1504	3
1505	3
1506	3
1507	3
1508	3
1509	3
1510	3
1511	3
1512	3
1513	3
1514	3
1515	3
1516	3
1517	3
1518	3
1519	3
1520	3
1521	3
1522	3
1523	3
1524	3
1525	3
1526	3
1527	3
1528	3
1529	5
1530	5
1531	5
1532	5
1533	5
1534	5
1535	5
1536	5
1537	5
1538	5
1539	5
1540	5
1541	5
1542	5
1543	5
1544	5
1545	5
1546	5
1547	5
1548	5
1549	5
1550	5
1551	5
1552	5
1553	11
1554	11
1555	11
1556	11
1557	11
1558	11
1559	11
1560	11
1561	11
1562	11
1563	11
1564	11
1565	11
1566	11
1567	11
1568	11
1569	11
1570	11
1571	11
1572	11
1573	11
1574	11
1575	11
1576	8
1577	8
1578	8
1579	8
1580	8
1581	8
1582	8
1583	8
1584	8
1585	8
1586	8
1587	8
1588	8
1589	8
1590	8
1591	8
1592	8
1593	7
1594	7
1595	7
1596	7
1597	7
1598	7
1599	7
1600	7
1601	7
1602	11
1603	11
1604	11
1605	11
1606	11
1607	11
1608	11
1609	11
1610	11
1611	11
1612	11
1613	11
1614	11
1615	11
1616	11
1617	11
1618	13
1619	13
1620	13
1621	13
1622	13
1623	13
1624	13
1625	13
1626	13
1627	13
1628	13
1629	11
1630	11
1631	11
1632	11
1633	11
1634	11
1635	11
1636	11
1637	11
1638	11
1639	11
1640	11
1641	11
1642	11
1643	11
1644	13
1645	13
1646	13
1647	13
1648	13
1649	11
1650	11
1651	11
1652	11
1653	11
1654	11
1655	11
1656	11
1658	11
1659	11
1660	11
1661	11
1662	11
1663	11
1664	11
1665	11
1666	11
1667	11
1668	11
1669	11
1670	11
1671	11
1672	11
1673	13
1674	11
1675	11
1676	11
1677	13
1678	1
1679	1
1680	1
1681	1
1682	1
1683	1
1684	1
1685	8
1686	8
1687	8
1688	8
1689	8
1690	8
1691	8
1692	8
1693	8
1694	8
1695	8
1696	8
1697	8
1698	8
1699	8
1700	8
1701	11
1702	11
1703	10
1704	10
1705	8
1706	8
1707	8
1708	8
1709	11
1710	8
1711	8
1712	8
1713	13
1714	13
1715	13
1716	13
1717	13
1718	13
1719	13
1720	13
1721	13
1722	13
1723	13
1724	13
1725	8
1726	11
1727	8
1728	13
1729	8
1730	8
1731	11
1732	11
1733	8
1734	8
1735	8
1736	11
1737	11
1738	11
1739	11
1740	11
1741	11
1742	3
1743	3
1744	3
1745	3
1746	3
1747	3
1748	3
1749	3
1750	3
1751	3
1752	3
1753	3
1754	3
1755	3
1756	3
1757	13
1758	13
1759	13
1760	13
1761	3
1762	3
1763	3
1764	3
1765	3
1766	3
1767	3
1768	3
1769	3
1770	3
1771	3
1772	3
1773	3
1774	13
1775	13
1776	13
1777	13
1778	13
1779	13
1780	13
1781	13
1782	13
1783	13
1784	13
1785	13
1786	13
1787	3
1788	3
1789	3
1790	3
1791	3
1792	3
1793	3
1794	3
1795	13
1796	13
1797	13
1798	13
1799	3
1800	3
1801	3
1802	3
1803	3
1804	3
1805	3
1806	3
1807	3
1808	3
1809	10
1810	10
1811	10
1812	10
1813	10
1814	10
1815	10
1816	10
1817	10
1818	10
1819	10
1820	10
1821	10
1822	10
1823	10
1824	10
1825	10
1826	10
1827	10
1828	10
1829	10
1830	1
1831	1
1832	1
1833	1
1834	1
1835	10
1836	10
1837	1
1838	10
1839	10
1840	4
1841	4
1842	4
1843	4
1844	4
1845	10
1846	10
1847	10
1848	10
1849	10
1850	10
1851	10
1852	10
1853	10
1854	10
1855	10
1856	10
1857	13
1858	13
1859	13
1860	13
1861	13
1862	13
1863	10
1864	10
1865	10
1866	10
1867	10
1868	10
1869	10
1870	10
1871	10
1872	1
1873	1
1874	1
1875	1
1876	1
1877	1
1878	1
1879	1
1880	1
1881	1
1882	1
1883	1
1884	1
1885	1
1886	1
1887	1
1888	1
1889	1
1890	1
1891	1
1892	1
1893	1
1894	1
1895	7
1896	7
1897	7
1898	13
1899	13
1900	13
1901	13
1902	13
1903	13
1904	7
1905	7
1906	7
1907	7
1908	7
1909	7
1910	7
1911	7
1912	7
1913	7
1914	7
1915	7
1916	13
1917	13
1918	13
1919	13
1920	13
1921	13
1922	13
1923	13
1924	7
1925	7
1926	7
1927	7
1928	7
1929	7
1930	7
1931	7
1932	7
1933	7
1934	7
1935	7
1936	7
1937	7
1938	7
1939	7
1940	7
1941	7
1942	7
1943	7
1944	7
1945	7
1946	7
1947	7
1948	7
1949	7
1950	7
1951	7
1952	7
1953	7
1954	7
1955	7
1956	7
1957	7
1958	7
1959	7
1960	7
1961	7
1962	7
1963	7
1964	7
1965	7
1966	7
1967	7
1968	7
1969	7
1970	7
1971	7
1972	7
1973	7
1974	7
1975	7
1976	5
1977	5
1978	5
1979	5
1980	5
1981	5
1982	5
1983	5
1984	5
1985	5
1986	5
1987	5
1988	5
1989	5
1990	5
1991	5
1992	5
1993	5
1994	5
1995	5
1996	5
1997	5
1998	5
1999	5
2000	5
2001	5
2002	5
2003	5
2004	5
2005	5
2006	5
2007	5
2008	5
2009	5
2010	5
2011	5
2012	5
2013	5
2014	5
2015	5
2016	5
2017	1
2018	1
2019	1
2020	1
2021	1
2022	1
2023	1
2024	4
2025	1
2026	1
2027	1
2028	1
2029	1
2030	4
2031	4
2032	4
2033	4
2034	4
2035	4
2036	4
2037	4
2038	1
2039	1
2040	1
2041	1
2042	1
2043	1
2044	1
2045	1
2046	4
2047	4
2048	1
2049	1
2050	1
2051	4
2052	4
2053	4
2054	4
2055	4
2056	4
2057	4
2058	5
2059	5
2060	5
2061	5
2062	5
2063	5
2064	5
2065	5
2066	5
2067	5
2068	1
2069	1
2070	1
2071	1
2072	1
2073	1
2074	1
2075	1
2076	1
2077	1
2078	1
2079	1
2080	1
2081	1
2082	1
2083	1
2084	1
2085	1
2086	1
2087	1
2088	1
2089	8
2090	8
2091	8
2092	8
2093	8
2094	8
2095	8
2096	3
2097	3
2098	3
2099	3
2100	3
2101	3
2102	3
2103	3
2104	3
2105	3
2106	3
2107	3
2108	3
2109	3
2110	3
2111	3
2112	3
2113	10
2114	10
2115	12
2116	12
2117	12
2118	10
2119	10
2120	10
2121	12
2122	10
2123	10
2124	1
2125	12
2126	12
2127	12
2128	12
2129	12
2130	10
2131	12
2132	12
2133	10
2134	12
2135	12
2136	12
2137	10
2138	10
2139	10
2140	10
2141	12
2142	10
2143	10
2144	10
2145	10
2146	10
2147	10
2148	10
2149	10
2150	12
2151	12
2152	12
2153	12
2154	10
2155	10
2156	10
2157	10
2158	12
2159	10
2160	12
2161	12
2162	12
2163	10
2164	10
2165	10
2166	12
2167	10
2168	10
2169	12
2170	12
2171	10
2172	12
2173	12
2174	10
2175	10
2176	10
2177	10
2178	12
2179	12
2180	10
2181	10
2182	12
2183	12
2184	12
2185	12
2186	12
2187	12
2188	10
2189	10
2190	12
2191	12
2192	12
2193	12
2194	10
2195	10
2196	10
2197	10
2198	10
2199	10
2200	12
2201	10
2202	10
2203	10
2204	12
2205	12
2206	12
2207	12
2208	10
2209	12
2210	12
2211	10
2212	10
2213	12
2214	12
2215	10
2216	10
2217	12
2218	12
2219	12
2220	12
2221	12
2222	10
2223	10
2224	12
2225	12
2226	12
2227	12
2228	10
2229	10
2230	10
2231	10
2232	12
2233	10
2234	10
2235	12
2236	12
2237	10
2238	10
2239	12
2240	12
2241	10
2242	10
2243	10
2244	10
2245	10
2246	12
2247	10
2248	10
2249	12
2250	12
2251	12
2252	12
2253	10
2254	10
2255	10
2256	10
2257	12
2258	10
2259	12
2260	12
2261	10
2262	10
2263	12
2264	12
2265	12
2266	10
2267	12
2268	12
2269	10
2270	10
2271	12
2272	12
2273	12
2274	12
2275	12
2276	12
2277	10
2278	10
2279	10
2280	12
2281	12
2282	10
2283	10
2284	1
2285	1
2286	10
2287	10
2288	12
2289	12
2290	12
2291	12
2292	12
2293	12
2294	10
2295	12
2296	12
2297	10
2298	10
2299	10
2300	10
2301	12
2302	10
2303	10
2304	10
2305	12
2306	12
2307	12
2308	12
2309	1
2310	1
2311	1
2312	6
2313	6
2314	6
2315	6
2316	6
2317	6
2318	6
2319	6
2320	6
2321	6
2322	6
2323	6
2324	6
2325	6
2326	6
2327	6
2328	6
2329	6
2330	7
2331	7
2332	7
2333	7
2334	7
2335	7
2336	7
2337	7
2338	7
2339	7
2340	7
2341	7
2342	7
2343	7
2344	7
2345	7
2346	6
2347	6
2348	6
2349	6
2350	6
2351	6
2352	6
2353	6
2354	6
2355	6
2356	6
2357	6
2358	6
2359	6
2360	6
2361	6
2362	6
2363	6
2364	6
2365	6
2366	12
2367	12
2368	12
2369	12
2370	12
2371	12
2372	12
2373	12
2374	12
2375	12
2376	12
2377	12
2378	12
2379	12
2380	12
2381	12
2382	12
2383	12
2384	12
2385	12
2386	12
2387	12
2388	12
2389	12
2390	12
2391	12
2392	12
2393	12
2394	12
2395	12
2396	12
2397	12
2398	12
2399	12
2400	12
2401	12
2402	12
2403	12
2404	12
2405	12
2406	12
2407	12
2408	12
2409	12
2410	12
2411	12
2412	12
2413	12
2414	12
2415	2
2416	2
2417	2
2418	2
2419	9
2420	9
2421	2
2422	2
2423	2
2424	2
2425	2
2426	2
2427	9
2428	9
2429	9
2430	9
2431	2
2432	2
2433	2
2434	2
2435	2
2436	2
2437	2
2438	9
2439	9
2440	2
2441	2
2442	2
2443	2
2444	2
2445	2
2446	2
2447	2
2448	2
2449	9
2450	9
2451	9
2452	9
2453	9
2454	2
2455	2
2456	2
2457	2
2458	2
2459	2
2460	2
2461	2
2462	2
2463	2
2464	2
2465	2
2466	2
2467	2
2468	2
2469	2
2470	2
2471	2
2472	9
2473	2
2474	2
2475	2
2476	2
2477	2
2478	2
2479	9
2480	9
2481	2
2482	2
2483	2
2484	2
2485	9
2486	9
2487	2
2488	9
2489	9
2490	9
2491	9
2492	2
2493	9
2494	2
2495	9
2496	2
2497	2
2498	2
2499	2
2500	2
2501	9
2502	2
2503	2
2504	2
2505	2
2506	2
2507	2
2508	2
2509	2
2510	2
2511	2
2512	2
2513	2
2514	2
2515	9
2516	9
2517	9
2518	9
2519	9
2520	9
2521	9
2522	9
2523	9
2524	2
2525	9
2526	2
2527	9
2528	2
2529	9
2530	9
2531	9
2532	9
2533	9
2534	9
2535	9
2536	9
2537	9
2538	9
2539	9
2540	9
2541	9
2542	2
2543	2
2544	9
2545	9
2546	9
2547	2
2548	2
2549	2
2550	9
2551	9
2552	9
2553	9
2554	9
2555	9
2556	9
2557	9
2558	2
2559	2
2560	2
2561	2
2562	2
2563	9
2564	2
2565	2
2566	2
2567	2
2568	9
2569	2
2570	2
2571	2
2572	2
2573	2
2574	2
2575	9
2576	9
2577	9
2578	9
2579	9
2580	9
2581	9
2582	2
2583	9
2584	9
2585	2
2586	2
2587	9
2588	9
2589	9
2590	9
2591	2
2592	9
2593	2
2594	2
2595	2
2596	2
2597	2
2598	2
2599	2
2600	9
2601	2
2602	2
2603	2
2604	9
2605	9
2606	1
2607	1
2608	1
2609	1
2610	1
2611	1
2612	1
2613	1
2614	1
2615	1
2616	1
2617	1
2618	1
2619	1
2620	1
2621	1
2622	1
2623	1
2624	1
2625	1
2626	1
2627	1
2628	1
2629	1
2630	1
2631	1
2632	1
2633	1
2634	1
2635	1
2636	1
2637	1
2638	1
2639	1
2640	4
2641	4
2642	5
2643	5
2644	5
2645	4
2646	4
2647	4
2648	4
2649	5
2650	5
2651	4
2652	4
2653	4
2654	4
2655	4
2656	5
2657	4
2658	5
2659	5
2660	5
2661	4
2662	4
2663	5
2664	4
2665	5
2666	4
2667	4
2668	4
2669	4
2670	4
2671	4
2672	5
2673	4
2674	5
2675	4
2676	4
2677	4
2678	4
2679	4
2680	4
2681	4
2682	4
2683	5
2684	5
2685	4
2686	5
2687	5
2688	7
2689	7
2690	7
2691	7
315	8
1657	11
