0	11
1	11
2	11
3	11
4	11
5	11
6	11
7	5
8	5
9	5
10	5
11	5
12	5
13	5
14	5
15	5
16	5
17	5
18	5
19	5
20	5
21	4
22	4
23	4
24	4
25	4
26	4
27	4
28	4
29	3
30	3
31	3
32	3
33	3
34	3
35	3
36	3
37	3
38	3
39	3
40	3
41	3
42	3
43	3
44	3
45	3
46	3
47	3
48	3
49	3
50	3
51	3
52	3
53	8
54	8
55	8
56	8
57	8
58	3
59	3
60	3
61	3
62	3
63	3
64	3
65	8
66	8
67	8
68	8
69	8
70	8
71	4
72	4
73	4
74	4
75	3
76	3
77	3
78	3
79	3
80	3
81	3
82	3
83	12
84	12
85	12
86	12
87	12
88	12
89	12
90	12
91	12
92	12
93	12
94	12
95	12
96	5
97	5
98	5
99	5
100	5
101	5
102	5
103	5
104	5
105	5
106	5
107	5
108	5
109	5
110	5
111	5
112	5
113	5
114	5
115	5
116	5
117	5
118	5
119	5
120	5
121	5
122	5
123	5
124	5
125	5
126	5
127	5
128	5
129	1
130	1
131	1
132	7
133	1
134	1
135	1
136	1
137	1
138	1
139	7
140	1
141	7
142	1
143	1
144	1
145	1
146	1
147	1
148	1
149	1
150	1
151	1
152	1
153	1
154	7
155	7
156	7
157	7
158	7
159	7
160	1
161	1
162	1
163	1
164	1
165	7
166	12
167	12
168	12
169	12
170	1
171	1
172	1
173	12
174	12
175	12
176	12
177	12
178	12
179	12
180	12
181	1
182	1
183	11
184	11
185	11
186	11
187	11
188	11
189	11
190	11
191	11
192	11
193	11
194	11
195	11
196	11
197	11
198	11
199	11
200	11
201	11
202	11
203	11
204	11
205	11
206	11
207	11
208	4
209	4
210	4
211	4
212	4
213	4
214	4
215	4
216	4
217	4
218	4
219	4
220	4
221	4
222	4
223	4
224	4
225	4
226	6
227	6
228	6
229	6
230	6
231	6
232	6
233	6
234	6
235	6
236	4
237	4
238	4
239	4
240	4
241	4
242	4
243	4
244	4
245	4
246	4
247	4
248	11
249	11
250	11
251	11
252	11
253	11
254	11
255	11
256	11
257	11
258	11
259	11
260	11
261	4
262	4
263	4
264	4
265	4
266	4
267	4
268	6
269	6
270	6
271	4
272	4
273	4
274	4
275	4
276	4
277	4
278	6
279	6
280	6
281	6
282	6
283	6
284	6
285	6
286	6
287	6
288	6
289	6
290	6
291	6
292	6
293	6
294	6
295	6
296	6
297	6
298	6
299	6
300	6
301	6
302	11
303	11
304	11
305	11
306	8
307	8
308	8
309	8
310	8
311	8
312	8
313	8
314	8
316	5
317	5
318	5
319	5
320	5
321	5
322	5
323	5
324	5
325	5
326	5
327	5
328	5
329	5
330	5
331	8
332	8
333	8
334	8
335	8
336	8
337	5
338	5
339	5
340	8
341	8
342	8
343	8
344	8
345	8
346	8
347	8
348	8
349	8
350	8
351	8
352	8
353	8
354	8
355	8
356	1
357	1
358	1
359	1
360	1
361	1
362	1
363	1
364	1
365	1
366	1
367	1
368	1
369	8
370	8
371	8
372	8
373	8
374	8
375	8
376	8
377	8
378	8
379	8
380	8
381	8
382	8
383	8
384	8
385	8
386	8
387	8
388	8
389	5
390	5
391	5
392	5
393	5
394	8
395	8
396	8
397	8
398	5
399	5
400	5
401	5
402	5
403	4
404	4
405	4
406	4
407	4
408	4
409	5
410	3
411	5
412	5
413	3
414	3
415	3
416	5
417	3
418	5
419	3
420	3
421	3
422	3
423	5
424	3
425	1
426	1
427	1
428	1
429	1
430	1
431	1
432	1
433	3
434	3
435	3
436	3
437	3
438	3
439	5
440	3
441	3
442	5
443	3
444	3
445	5
446	1
447	1
448	1
449	1
450	1
451	3
452	5
453	5
454	1
455	1
456	1
457	3
458	5
459	3
460	3
461	3
462	3
463	1
464	1
465	1
466	1
467	1
468	1
469	1
470	1
471	1
472	1
473	3
474	5
475	6
476	6
477	1
478	1
479	1
480	1
481	1
482	1
483	1
484	4
485	4
486	1
487	1
488	1
489	6
490	6
491	6
492	6
493	6
494	6
495	1
496	1
497	1
498	4
499	1
500	1
501	1
502	4
503	1
504	1
505	1
506	4
507	4
508	4
509	4
510	4
511	4
512	4
513	4
514	4
515	4
516	4
517	4
518	4
519	4
520	4
521	4
522	2
523	2
524	2
525	2
526	11
527	11
528	2
529	2
530	2
531	2
532	2
533	2
534	2
535	2
536	2
537	2
538	11
539	11
540	11
541	11
542	11
543	11
544	11
545	11
546	11
547	11
548	11
549	11
550	11
551	11
552	11
553	11
554	11
555	11
556	11
557	11
558	11
559	4
560	4
561	4
562	4
563	4
564	4
565	11
566	11
567	11
568	11
569	11
570	2
571	2
572	2
573	2
574	2
575	2
576	2
577	2
578	2
579	2
580	2
581	11
582	11
583	11
584	11
585	11
586	11
587	6
588	6
589	6
590	6
591	6
592	4
593	4
594	6
595	4
596	6
597	4
598	6
599	4
600	4
601	4
602	4
603	11
604	11
605	11
606	11
607	11
608	11
609	11
610	11
611	11
612	11
613	11
614	11
615	11
616	11
617	4
618	4
619	4
620	6
621	6
622	6
623	6
624	6
625	6
626	6
627	6
628	4
629	4
630	4
631	4
632	6
633	4
634	6
635	4
636	4
637	6
638	6
639	11
640	11
641	11
642	11
643	11
644	11
645	11
646	11
647	11
648	11
649	11
650	11
651	11
652	11
653	11
654	11
655	11
656	11
657	6
658	1
659	6
660	6
661	3
662	3
663	3
664	3
665	3
666	3
667	3
668	3
669	3
670	1
671	1
672	1
673	1
674	1
675	1
676	1
677	1
678	1
679	1
680	3
681	3
682	3
683	3
684	3
685	3
686	3
687	3
688	3
689	3
690	3
691	3
692	3
693	3
694	3
695	3
696	3
697	1
698	1
699	1
700	1
701	1
702	1
703	1
704	1
705	1
706	1
707	1
708	1
709	1
710	1
711	1
712	1
713	1
714	3
715	3
716	4
717	4
718	1
719	1
720	1
721	4
722	4
723	4
724	4
725	4
726	4
727	4
728	4
729	4
730	4
731	4
732	5
733	3
734	5
735	5
736	5
737	1
738	1
739	1
740	1
741	1
742	1
743	6
744	6
745	5
746	5
747	5
748	5
749	5
750	5
751	5
752	5
753	5
754	5
755	5
756	3
757	3
758	5
759	5
760	5
761	5
762	5
763	5
764	5
765	5
766	6
767	1
768	1
769	1
770	5
771	3
772	1
773	1
774	1
775	1
776	1
777	6
778	1
779	1
780	1
781	1
782	1
783	1
784	1
785	4
786	1
787	1
788	6
789	6
790	6
791	4
792	4
793	4
794	4
795	4
796	4
797	4
798	4
799	4
800	4
801	6
802	6
803	6
804	6
805	4
806	4
807	4
808	6
809	6
810	1
811	9
812	13
813	9
814	13
815	9
816	9
817	9
818	13
819	13
820	13
821	9
822	9
823	9
824	9
825	9
826	9
827	13
828	9
829	13
830	9
831	9
832	9
833	9
834	13
835	9
836	9
837	13
838	9
839	9
840	9
841	9
842	9
843	9
844	9
845	9
846	9
847	13
848	13
849	9
850	13
851	13
852	9
853	9
854	9
855	9
856	13
857	13
858	11
859	11
860	11
861	11
862	11
863	11
864	11
865	11
866	11
867	11
868	11
869	11
870	11
871	9
872	9
873	9
874	9
875	9
876	9
877	9
878	9
879	9
880	9
881	9
882	9
883	13
884	9
885	9
886	9
887	9
888	13
889	9
890	9
891	13
892	13
893	9
894	9
895	9
896	9
897	9
898	9
899	13
900	13
901	13
902	9
903	9
904	9
905	9
906	9
907	9
908	13
909	9
910	13
911	13
912	13
913	13
914	9
915	9
916	9
917	9
918	9
919	9
920	13
921	13
922	13
923	13
924	9
925	9
926	9
927	9
928	9
929	9
930	13
931	13
932	13
933	13
934	9
935	9
936	9
937	9
938	9
939	13
940	13
941	9
942	13
943	13
944	13
945	13
946	9
947	13
948	9
949	13
950	13
951	13
952	13
953	9
954	13
955	13
956	13
957	9
958	9
959	9
960	13
961	13
962	13
963	9
964	9
965	9
966	13
967	9
968	13
969	9
970	9
971	9
972	9
973	9
974	13
975	13
976	9
977	13
978	9
979	13
980	9
981	9
982	13
983	13
984	13
985	12
986	12
987	12
988	12
989	12
990	12
991	12
992	12
993	12
994	12
995	12
996	12
997	12
998	12
999	12
1000	1
1001	12
1002	12
1003	12
1004	12
1005	12
1006	12
1007	13
1008	13
1009	12
1010	13
1011	13
1012	13
1013	13
1014	13
1015	13
1016	13
1017	13
1018	13
1019	13
1020	13
1021	13
1022	13
1023	13
1024	13
1025	13
1026	13
1027	13
1028	13
1029	13
1030	13
1031	13
1032	13
1033	13
1034	13
1035	5
1036	5
1037	5
1038	13
1039	13
1040	13
1041	13
1042	13
1043	13
1044	13
1045	13
1046	5
1047	5
1048	13
1049	13
1050	5
1051	13
1052	13
1053	5
1054	13
1055	5
1056	13
1057	13
1058	13
1059	13
1060	13
1061	13
1062	13
1063	5
1064	5
1065	13
1066	5
1067	5
1068	13
1069	13
1070	13
1071	13
1072	13
1073	5
1074	5
1075	3
1076	3
1077	3
1078	3
1079	3
1080	3
1081	3
1082	3
1083	3
1084	3
1085	3
1086	3
1087	6
1088	6
1089	6
1090	6
1091	6
1092	6
1093	6
1094	4
1095	4
1096	4
1097	4
1098	4
1099	4
1100	4
1101	4
1102	4
1103	4
1104	4
1105	4
1106	4
1107	8
1108	8
1109	8
1110	8
1111	8
1112	8
1113	8
1114	8
1115	8
1116	8
1117	8
1118	8
1119	8
1120	8
1121	8
1122	8
1123	8
1124	8
1125	8
1126	8
1127	8
1128	8
1129	8
1130	8
1131	8
1132	8
1133	8
1134	8
1135	8
1136	9
1137	9
1138	9
1139	9
1140	8
1141	8
1142	8
1143	8
1144	8
1145	8
1146	8
1147	8
1148	8
1149	8
1150	8
1151	8
1152	8
1153	8
1154	4
1155	4
1156	4
1157	4
1158	8
1159	4
1160	4
1161	4
1162	8
1163	8
1164	8
1165	8
1166	8
1167	8
1168	4
1169	13
1170	13
1171	13
1172	13
1173	13
1174	13
1175	13
1176	13
1177	13
1178	13
1179	13
1180	13
1181	13
1182	13
1183	13
1184	13
1185	13
1186	13
1187	13
1188	13
1189	13
1190	13
1191	13
1192	13
1193	13
1194	13
1195	13
1196	13
1197	13
1198	13
1199	13
1200	9
1201	9
1202	9
1203	13
1204	13
1205	13
1206	13
1207	13
1208	13
1209	9
1210	13
1211	9
1212	13
1213	13
1214	13
1215	13
1216	13
1217	13
1218	13
1219	13
1220	13
1221	13
1222	13
1223	9
1224	13
1225	13
1226	13
1227	13
1228	13
1229	9
1230	13
1231	13
1232	9
1233	9
1234	9
1235	13
1236	9
1237	9
1238	9
1239	13
1240	6
1241	6
1242	6
1243	6
1244	6
1245	6
1246	6
1247	6
1248	6
1249	6
1250	6
1251	6
1252	6
1253	3
1254	3
1255	3
1256	3
1257	3
1258	6
1259	6
1260	6
1261	6
1262	6
1263	6
1264	3
1265	3
1266	3
1267	3
1268	3
1269	3
1270	3
1271	3
1272	3
1273	3
1274	3
1275	3
1276	3
1277	3
1278	4
1279	4
1280	4
1281	6
1282	6
1283	6
1284	3
1285	3
1286	3
1287	3
1288	4
1289	4
1290	4
1291	4
1292	4
1293	4
1294	4
1295	4
1296	4
1297	4
1298	4
1299	4
1300	4
1301	4
1302	4
1303	3
1304	3
1305	3
1306	3
1307	3
1308	3
1309	3
1310	3
1311	3
1312	3
1313	3
1314	9
1315	9
1316	9
1317	9
1318	9
1319	9
1320	9
1321	9
1322	9
1323	9
1324	9
1325	9
1326	9
1327	9
1328	9
1329	9
1330	9
1331	9
1332	9
1333	9
1334	9
1335	9
1336	9
1337	9
1338	9
1339	9
1340	9
1341	9
1342	9
1343	9
1344	9
1345	9
1346	3
1347	3
1348	3
1349	3
1350	3
1351	3
1352	3
1353	3
1354	3
1355	3
1356	3
1357	3
1358	3
1359	3
1360	3
1361	3
1362	3
1363	9
1364	9
1365	9
1366	9
1367	9
1368	9
1369	9
1370	9
1371	9
1372	9
1373	9
1374	9
1375	9
1376	9
1377	9
1378	9
1379	9
1380	9
1381	4
1382	4
1383	4
1384	4
1385	4
1386	4
1387	4
1388	4
1389	4
1390	4
1391	4
1392	4
1393	4
1394	4
1395	4
1396	4
1397	3
1398	3
1399	3
1400	3
1401	3
1402	3
1403	3
1404	3
1405	3
1406	3
1407	3
1408	3
1409	3
1410	3
1411	3
1412	3
1413	3
1414	3
1415	3
1416	3
1417	3
1418	3
1419	3
1420	3
1421	3
1422	3
1423	3
1424	3
1425	3
1426	3
1427	3
1428	2
1429	2
1430	2
1431	2
1432	2
1433	2
1434	2
1435	2
1436	2
1437	2
1438	2
1439	2
1440	2
1441	5
1442	5
1443	5
1444	5
1445	5
1446	5
1447	5
1448	5
1449	5
1450	5
1451	5
1452	5
1453	5
1454	5
1455	2
1456	2
1457	2
1458	2
1459	2
1460	2
1461	2
1462	2
1463	2
1464	2
1465	4
1466	4
1467	4
1468	4
1469	4
1470	4
1471	4
1472	4
1473	4
1474	4
1475	4
1476	4
1477	4
1478	4
1479	4
1480	4
1481	4
1482	4
1483	4
1484	4
1485	4
1486	4
1487	4
1488	4
1489	5
1490	5
1491	5
1492	5
1493	5
1494	5
1495	5
1496	5
1497	5
1498	5
1499	5
1500	5
1501	11
1502	11
1503	11
1504	11
1505	11
1506	11
1507	11
1508	11
1509	11
1510	11
1511	11
1512	11
1513	11
1514	11
1515	11
1516	11
1517	11
1518	11
1519	11
1520	11
1521	11
1522	11
1523	11
1524	11
1525	11
1526	11
1527	11
1528	11
1529	1
1530	1
1531	1
1532	1
1533	1
1534	1
1535	1
1536	1
1537	1
1538	1
1539	1
1540	1
1541	1
1542	1
1543	1
1544	1
1545	1
1546	1
1547	1
1548	1
1549	1
1550	1
1551	1
1552	12
1553	12
1554	9
1555	9
1556	9
1557	9
1558	12
1559	12
1560	12
1561	12
1562	9
1563	12
1564	12
1565	12
1566	9
1567	12
1568	12
1569	12
1570	12
1571	12
1572	12
1573	12
1574	12
1575	12
1576	3
1577	3
1578	3
1579	3
1580	3
1581	3
1582	3
1583	3
1584	3
1585	3
1586	3
1587	3
1588	3
1589	3
1590	3
1591	3
1592	3
1593	3
1594	3
1595	3
1596	3
1597	3
1598	3
1599	3
1600	3
1601	3
1602	12
1603	12
1604	2
1605	12
1606	12
1607	12
1608	2
1609	12
1610	2
1611	2
1612	2
1613	12
1614	12
1615	12
1616	12
1617	12
1618	4
1619	4
1620	4
1621	4
1622	4
1623	4
1624	4
1625	4
1626	4
1627	4
1628	4
1629	13
1630	13
1631	13
1632	5
1633	13
1634	13
1635	13
1636	13
1637	13
1638	13
1639	13
1640	13
1641	13
1642	13
1643	13
1644	4
1645	4
1646	4
1647	4
1648	4
1649	13
1650	13
1651	13
1652	13
1653	13
1654	13
1655	13
1656	13
1658	13
1659	13
1660	13
1661	13
1662	13
1663	13
1664	13
1665	13
1666	13
1667	5
1668	5
1669	13
1670	13
1671	13
1672	13
1673	4
1674	13
1675	13
1676	13
1677	4
1678	6
1679	6
1680	6
1681	6
1682	6
1683	6
1684	6
1685	5
1686	5
1687	5
1688	5
1689	5
1690	5
1691	5
1692	5
1693	5
1694	5
1695	5
1696	5
1697	5
1698	5
1699	5
1700	5
1701	5
1702	5
1703	10
1704	10
1705	5
1706	5
1707	5
1708	5
1709	5
1710	5
1711	5
1712	5
1713	4
1714	4
1715	4
1716	4
1717	4
1718	4
1719	4
1720	4
1721	4
1722	4
1723	4
1724	4
1725	5
1726	5
1727	5
1728	4
1729	5
1730	5
1731	5
1732	5
1733	5
1734	5
1735	5
1736	5
1737	5
1738	5
1739	5
1740	5
1741	5
1742	11
1743	11
1744	2
1745	2
1746	11
1747	11
1748	11
1749	11
1750	11
1751	11
1752	11
1753	11
1754	11
1755	11
1756	11
1757	4
1758	4
1759	4
1760	4
1761	11
1762	11
1763	2
1764	11
1765	11
1766	11
1767	11
1768	2
1769	11
1770	11
1771	11
1772	11
1773	11
1774	4
1775	4
1776	4
1777	4
1778	4
1779	4
1780	4
1781	4
1782	4
1783	4
1784	4
1785	4
1786	4
1787	11
1788	2
1789	11
1790	11
1791	11
1792	11
1793	11
1794	11
1795	4
1796	4
1797	4
1798	4
1799	11
1800	11
1801	11
1802	11
1803	2
1804	2
1805	11
1806	2
1807	11
1808	2
1809	10
1810	10
1811	10
1812	10
1813	2
1814	10
1815	10
1816	10
1817	10
1818	10
1819	2
1820	10
1821	2
1822	10
1823	2
1824	10
1825	10
1826	10
1827	10
1828	10
1829	10
1830	4
1831	4
1832	4
1833	4
1834	4
1835	10
1836	10
1837	4
1838	10
1839	10
1840	9
1841	9
1842	9
1843	9
1844	9
1845	10
1846	2
1847	10
1848	10
1849	10
1850	2
1851	10
1852	10
1853	2
1854	10
1855	10
1856	10
1857	4
1858	4
1859	4
1860	4
1861	4
1862	4
1863	10
1864	2
1865	2
1866	2
1867	2
1868	10
1869	2
1870	10
1871	10
1872	6
1873	6
1874	6
1875	6
1876	6
1877	6
1878	6
1879	6
1880	6
1881	6
1882	6
1883	6
1884	6
1885	6
1886	6
1887	6
1888	6
1889	6
1890	6
1891	6
1892	6
1893	6
1894	6
1895	3
1896	3
1897	11
1898	8
1899	8
1900	8
1901	8
1902	8
1903	8
1904	3
1905	3
1906	3
1907	3
1908	3
1909	3
1910	3
1911	3
1912	3
1913	3
1914	3
1915	3
1916	8
1917	8
1918	8
1919	8
1920	8
1921	8
1922	8
1923	8
1924	11
1925	11
1926	3
1927	3
1928	11
1929	3
1930	11
1931	3
1932	3
1933	3
1934	3
1935	3
1936	3
1937	11
1938	3
1939	3
1940	11
1941	3
1942	3
1943	3
1944	3
1945	3
1946	3
1947	3
1948	3
1949	3
1950	3
1951	11
1952	3
1953	3
1954	3
1955	3
1956	3
1957	11
1958	3
1959	11
1960	3
1961	3
1962	11
1963	3
1964	3
1965	11
1966	3
1967	3
1968	3
1969	3
1970	3
1971	3
1972	11
1973	3
1974	3
1975	3
1976	12
1977	12
1978	12
1979	12
1980	12
1981	12
1982	12
1983	12
1984	12
1985	12
1986	12
1987	12
1988	12
1989	12
1990	12
1991	12
1992	12
1993	12
1994	12
1995	12
1996	12
1997	12
1998	12
1999	12
2000	12
2001	12
2002	12
2003	12
2004	12
2005	12
2006	12
2007	12
2008	12
2009	12
2010	12
2011	12
2012	12
2013	12
2014	12
2015	12
2016	12
2017	6
2018	6
2019	6
2020	6
2021	6
2022	6
2023	6
2024	1
2025	6
2026	6
2027	6
2028	6
2029	6
2030	1
2031	1
2032	1
2033	1
2034	1
2035	1
2036	1
2037	6
2038	4
2039	4
2040	4
2041	4
2042	4
2043	6
2044	6
2045	6
2046	1
2047	1
2048	4
2049	4
2050	6
2051	1
2052	1
2053	6
2054	6
2055	1
2056	6
2057	1
2058	12
2059	12
2060	12
2061	12
2062	12
2063	12
2064	12
2065	12
2066	12
2067	12
2068	6
2069	6
2070	6
2071	6
2072	6
2073	6
2074	6
2075	6
2076	6
2077	6
2078	6
2079	6
2080	6
2081	6
2082	6
2083	6
2084	6
2085	6
2086	6
2087	6
2088	6
2089	5
2090	5
2091	5
2092	5
2093	5
2094	5
2095	5
2096	11
2097	11
2098	11
2099	11
2100	11
2101	11
2102	11
2103	11
2104	11
2105	11
2106	11
2107	11
2108	11
2109	11
2110	11
2111	11
2112	11
2113	2
2114	10
2115	10
2116	10
2117	10
2118	2
2119	2
2120	10
2121	10
2122	2
2123	2
2124	4
2125	10
2126	10
2127	10
2128	10
2129	10
2130	2
2131	2
2132	10
2133	2
2134	2
2135	10
2136	2
2137	2
2138	2
2139	10
2140	2
2141	10
2142	2
2143	2
2144	2
2145	2
2146	2
2147	2
2148	10
2149	2
2150	10
2151	10
2152	10
2153	10
2154	2
2155	2
2156	2
2157	2
2158	10
2159	2
2160	10
2161	10
2162	10
2163	10
2164	10
2165	10
2166	2
2167	2
2168	10
2169	10
2170	10
2171	2
2172	10
2173	10
2174	2
2175	2
2176	2
2177	2
2178	10
2179	10
2180	10
2181	10
2182	10
2183	10
2184	10
2185	10
2186	10
2187	10
2188	2
2189	10
2190	10
2191	10
2192	10
2193	10
2194	2
2195	2
2196	2
2197	2
2198	2
2199	2
2200	10
2201	2
2202	2
2203	2
2204	10
2205	10
2206	10
2207	10
2208	10
2209	10
2210	10
2211	2
2212	2
2213	10
2214	10
2215	2
2216	2
2217	10
2218	10
2219	10
2220	10
2221	10
2222	2
2223	2
2224	10
2225	10
2226	10
2227	10
2228	2
2229	2
2230	10
2231	10
2232	10
2233	2
2234	2
2235	10
2236	2
2237	2
2238	2
2239	10
2240	10
2241	2
2242	2
2243	2
2244	2
2245	2
2246	10
2247	10
2248	10
2249	10
2250	10
2251	10
2252	10
2253	2
2254	2
2255	2
2256	10
2257	10
2258	10
2259	10
2260	10
2261	10
2262	10
2263	10
2264	10
2265	10
2266	2
2267	10
2268	10
2269	2
2270	2
2271	2
2272	10
2273	2
2274	10
2275	10
2276	10
2277	2
2278	2
2279	2
2280	10
2281	10
2282	2
2283	2
2284	6
2285	6
2286	2
2287	2
2288	10
2289	10
2290	10
2291	10
2292	10
2293	10
2294	10
2295	10
2296	10
2297	2
2298	2
2299	2
2300	2
2301	10
2302	2
2303	10
2304	2
2305	10
2306	10
2307	10
2308	10
2309	4
2310	4
2311	4
2312	9
2313	9
2314	9
2315	9
2316	9
2317	9
2318	9
2319	9
2320	9
2321	9
2322	9
2323	9
2324	9
2325	9
2326	9
2327	9
2328	9
2329	9
2330	11
2331	11
2332	11
2333	11
2334	11
2335	11
2336	11
2337	11
2338	11
2339	11
2340	11
2341	11
2342	11
2343	11
2344	11
2345	11
2346	5
2347	5
2348	5
2349	5
2350	5
2351	5
2352	5
2353	5
2354	5
2355	5
2356	5
2357	5
2358	5
2359	5
2360	5
2361	5
2362	5
2363	5
2364	5
2365	5
2366	2
2367	2
2368	2
2369	2
2370	2
2371	2
2372	2
2373	2
2374	2
2375	2
2376	2
2377	2
2378	2
2379	2
2380	2
2381	2
2382	2
2383	2
2384	2
2385	2
2386	2
2387	2
2388	2
2389	2
2390	2
2391	2
2392	2
2393	2
2394	2
2395	2
2396	2
2397	2
2398	2
2399	2
2400	2
2401	2
2402	2
2403	2
2404	2
2405	2
2406	2
2407	2
2408	2
2409	2
2410	2
2411	2
2412	2
2413	2
2414	2
2415	8
2416	8
2417	8
2418	8
2419	7
2420	7
2421	7
2422	8
2423	7
2424	8
2425	8
2426	7
2427	7
2428	7
2429	7
2430	7
2431	7
2432	7
2433	7
2434	7
2435	8
2436	8
2437	8
2438	7
2439	7
2440	7
2441	7
2442	8
2443	8
2444	8
2445	7
2446	7
2447	7
2448	7
2449	7
2450	7
2451	7
2452	7
2453	7
2454	8
2455	8
2456	8
2457	8
2458	8
2459	7
2460	7
2461	7
2462	7
2463	7
2464	7
2465	7
2466	7
2467	7
2468	7
2469	7
2470	7
2471	8
2472	7
2473	7
2474	7
2475	7
2476	7
2477	7
2478	7
2479	7
2480	7
2481	7
2482	7
2483	7
2484	7
2485	7
2486	7
2487	8
2488	7
2489	7
2490	7
2491	7
2492	8
2493	7
2494	8
2495	7
2496	7
2497	7
2498	7
2499	8
2500	7
2501	7
2502	8
2503	8
2504	8
2505	8
2506	8
2507	8
2508	7
2509	7
2510	7
2511	8
2512	8
2513	7
2514	8
2515	7
2516	7
2517	7
2518	7
2519	7
2520	7
2521	7
2522	7
2523	7
2524	7
2525	7
2526	7
2527	7
2528	8
2529	7
2530	7
2531	7
2532	7
2533	7
2534	7
2535	7
2536	7
2537	7
2538	7
2539	7
2540	7
2541	7
2542	7
2543	8
2544	7
2545	7
2546	7
2547	7
2548	7
2549	7
2550	7
2551	7
2552	7
2553	7
2554	7
2555	7
2556	7
2557	7
2558	8
2559	8
2560	8
2561	8
2562	7
2563	7
2564	7
2565	7
2566	7
2567	7
2568	7
2569	7
2570	7
2571	8
2572	7
2573	8
2574	7
2575	7
2576	7
2577	7
2578	7
2579	7
2580	7
2581	7
2582	7
2583	7
2584	7
2585	7
2586	7
2587	7
2588	7
2589	7
2590	7
2591	7
2592	7
2593	7
2594	8
2595	8
2596	8
2597	8
2598	8
2599	8
2600	7
2601	7
2602	7
2603	7
2604	7
2605	7
2606	6
2607	6
2608	6
2609	6
2610	6
2611	6
2612	6
2613	6
2614	6
2615	6
2616	6
2617	6
2618	6
2619	6
2620	6
2621	6
2622	6
2623	6
2624	6
2625	6
2626	6
2627	6
2628	6
2629	6
2630	6
2631	6
2632	6
2633	6
2634	6
2635	6
2636	6
2637	6
2638	6
2639	6
2640	12
2641	12
2642	12
2643	12
2644	12
2645	12
2646	12
2647	12
2648	12
2649	12
2650	12
2651	12
2652	12
2653	12
2654	12
2655	12
2656	12
2657	12
2658	12
2659	12
2660	12
2661	12
2662	12
2663	12
2664	12
2665	12
2666	12
2667	12
2668	12
2669	12
2670	12
2671	12
2672	12
2673	12
2674	12
2675	12
2676	12
2677	12
2678	12
2679	12
2680	12
2681	12
2682	12
2683	12
2684	12
2685	12
2686	12
2687	12
2688	11
2689	11
2690	11
2691	11
315	5
1657	13
