0	11
1	11
2	11
3	11
4	11
5	11
6	11
7	2
8	2
9	2
10	2
11	2
12	2
13	2
14	2
15	2
16	2
17	2
18	2
19	9
20	9
21	12
22	12
23	12
24	12
25	12
26	12
27	12
28	12
29	2
30	2
31	2
32	2
33	2
34	2
35	2
36	2
37	2
38	2
39	2
40	2
41	2
42	2
43	2
44	2
45	2
46	2
47	2
48	2
49	2
50	2
51	2
52	2
53	3
54	3
55	3
56	3
57	3
58	2
59	2
60	2
61	2
62	2
63	2
64	2
65	3
66	3
67	3
68	3
69	3
70	3
71	12
72	12
73	12
74	12
75	2
76	2
77	2
78	2
79	2
80	2
81	2
82	2
83	4
84	4
85	4
86	4
87	4
88	4
89	4
90	4
91	4
92	4
93	4
94	4
95	4
96	2
97	2
98	2
99	2
100	2
101	2
102	2
103	2
104	2
105	2
106	2
107	2
108	2
109	2
110	2
111	2
112	2
113	2
114	2
115	2
116	2
117	2
118	2
119	2
120	2
121	2
122	2
123	2
124	2
125	2
126	2
127	2
128	2
129	5
130	5
131	5
132	5
133	5
134	5
135	5
136	5
137	5
138	5
139	5
140	5
141	5
142	5
143	5
144	5
145	5
146	5
147	5
148	5
149	5
150	5
151	5
152	5
153	5
154	5
155	5
156	5
157	5
158	5
159	5
160	5
161	5
162	5
163	5
164	5
165	5
166	4
167	4
168	4
169	4
170	4
171	4
172	4
173	4
174	4
175	4
176	4
177	4
178	4
179	4
180	4
181	4
182	4
183	11
184	11
185	11
186	11
187	11
188	11
189	11
190	11
191	11
192	11
193	11
194	11
195	11
196	11
197	11
198	11
199	11
200	11
201	11
202	11
203	11
204	11
205	11
206	11
207	11
208	12
209	12
210	12
211	12
212	12
213	12
214	12
215	12
216	12
217	12
218	12
219	12
220	12
221	12
222	12
223	12
224	12
225	12
226	12
227	12
228	12
229	12
230	12
231	12
232	12
233	12
234	12
235	12
236	12
237	12
238	12
239	12
240	12
241	12
242	12
243	12
244	12
245	12
246	12
247	12
248	11
249	11
250	11
251	11
252	11
253	11
254	11
255	11
256	11
257	11
258	11
259	11
260	11
261	1
262	1
263	1
264	1
265	1
266	1
267	1
268	1
269	1
270	1
271	1
272	1
273	1
274	1
275	1
276	1
277	1
278	1
279	1
280	1
281	1
282	1
283	1
284	1
285	1
286	1
287	1
288	1
289	1
290	1
291	1
292	1
293	1
294	1
295	1
296	1
297	1
298	1
299	1
300	1
301	1
302	11
303	11
304	11
305	11
306	13
307	13
308	13
309	13
310	13
311	13
312	13
313	13
314	13
316	2
317	2
318	2
319	2
320	2
321	2
322	2
323	2
324	2
325	2
326	2
327	2
328	2
329	2
330	2
331	13
332	13
333	13
334	13
335	13
336	13
337	2
338	2
339	2
340	13
341	13
342	13
343	13
344	13
345	13
346	13
347	13
348	13
349	13
350	13
351	13
352	13
353	13
354	13
355	13
356	13
357	13
358	13
359	13
360	13
361	13
362	13
363	13
364	13
365	4
366	13
367	4
368	13
369	13
370	13
371	13
372	13
373	13
374	13
375	13
376	13
377	13
378	13
379	13
380	13
381	13
382	13
383	13
384	13
385	13
386	13
387	13
388	13
389	2
390	2
391	2
392	2
393	2
394	13
395	13
396	13
397	13
398	2
399	2
400	2
401	2
402	2
403	12
404	12
405	12
406	12
407	12
408	12
409	9
410	9
411	9
412	9
413	9
414	9
415	9
416	9
417	9
418	9
419	9
420	9
421	9
422	9
423	9
424	9
425	4
426	4
427	4
428	4
429	4
430	4
431	4
432	4
433	9
434	9
435	9
436	9
437	9
438	9
439	9
440	9
441	9
442	9
443	9
444	9
445	9
446	4
447	4
448	4
449	4
450	4
451	9
452	9
453	9
454	4
455	4
456	4
457	9
458	9
459	9
460	9
461	9
462	9
463	4
464	4
465	4
466	4
467	4
468	4
469	4
470	4
471	4
472	4
473	9
474	9
475	1
476	1
477	5
478	5
479	5
480	5
481	5
482	5
483	5
484	12
485	12
486	5
487	5
488	5
489	1
490	1
491	1
492	1
493	1
494	1
495	5
496	5
497	5
498	12
499	5
500	5
501	5
502	12
503	5
504	5
505	5
506	12
507	12
508	12
509	12
510	12
511	12
512	12
513	12
514	12
515	12
516	12
517	12
518	12
519	12
520	12
521	12
522	7
523	7
524	7
525	7
526	11
527	11
528	7
529	7
530	7
531	7
532	7
533	7
534	7
535	7
536	7
537	7
538	11
539	11
540	11
541	11
542	11
543	11
544	11
545	11
546	11
547	11
548	11
549	11
550	11
551	11
552	11
553	11
554	11
555	11
556	11
557	11
558	11
559	12
560	12
561	12
562	12
563	12
564	12
565	11
566	11
567	11
568	11
569	11
570	7
571	7
572	7
573	7
574	7
575	7
576	7
577	7
578	7
579	7
580	7
581	11
582	11
583	11
584	11
585	11
586	11
587	12
588	12
589	12
590	12
591	12
592	12
593	12
594	1
595	12
596	1
597	12
598	1
599	12
600	12
601	12
602	12
603	11
604	11
605	11
606	11
607	11
608	11
609	11
610	11
611	11
612	11
613	11
614	11
615	11
616	11
617	12
618	12
619	12
620	1
621	1
622	1
623	1
624	1
625	1
626	1
627	1
628	12
629	12
630	12
631	12
632	12
633	12
634	1
635	12
636	12
637	12
638	1
639	11
640	11
641	11
642	11
643	11
644	11
645	11
646	11
647	11
648	11
649	11
650	11
651	11
652	11
653	11
654	11
655	11
656	11
657	1
658	4
659	1
660	1
661	9
662	9
663	9
664	9
665	9
666	9
667	9
668	9
669	9
670	5
671	5
672	5
673	5
674	5
675	5
676	5
677	5
678	5
679	5
680	9
681	9
682	9
683	9
684	9
685	9
686	9
687	9
688	9
689	9
690	9
691	9
692	9
693	9
694	9
695	9
696	9
697	5
698	5
699	5
700	5
701	5
702	5
703	5
704	5
705	5
706	5
707	5
708	5
709	5
710	5
711	5
712	5
713	5
714	9
715	9
716	12
717	12
718	5
719	5
720	5
721	12
722	12
723	12
724	12
725	12
726	12
727	12
728	12
729	12
730	12
731	12
732	2
733	2
734	2
735	2
736	2
737	1
738	4
739	4
740	1
741	4
742	4
743	1
744	1
745	2
746	2
747	2
748	2
749	2
750	2
751	2
752	2
753	2
754	2
755	2
756	2
757	2
758	2
759	2
760	2
761	2
762	2
763	2
764	2
765	2
766	1
767	4
768	4
769	4
770	2
771	2
772	4
773	4
774	4
775	4
776	1
777	1
778	1
779	4
780	4
781	4
782	4
783	4
784	4
785	12
786	4
787	1
788	1
789	4
790	1
791	12
792	12
793	12
794	12
795	12
796	12
797	12
798	12
799	12
800	12
801	4
802	1
803	4
804	1
805	12
806	12
807	12
808	1
809	4
810	4
811	3
812	8
813	3
814	3
815	3
816	8
817	3
818	8
819	8
820	8
821	3
822	3
823	3
824	3
825	8
826	3
827	8
828	8
829	8
830	3
831	3
832	3
833	8
834	3
835	3
836	3
837	3
838	3
839	8
840	3
841	3
842	3
843	3
844	3
845	3
846	3
847	8
848	8
849	8
850	8
851	8
852	3
853	3
854	3
855	8
856	8
857	8
858	11
859	11
860	11
861	11
862	11
863	11
864	11
865	11
866	11
867	11
868	11
869	11
870	11
871	3
872	3
873	3
874	3
875	3
876	3
877	3
878	8
879	8
880	8
881	3
882	3
883	3
884	3
885	3
886	3
887	3
888	3
889	8
890	8
891	8
892	8
893	3
894	3
895	3
896	3
897	8
898	8
899	8
900	8
901	8
902	3
903	3
904	3
905	3
906	8
907	8
908	3
909	8
910	8
911	8
912	8
913	8
914	3
915	3
916	8
917	3
918	8
919	8
920	8
921	8
922	8
923	8
924	8
925	3
926	3
927	3
928	3
929	3
930	3
931	3
932	8
933	8
934	8
935	3
936	3
937	3
938	8
939	8
940	8
941	8
942	3
943	8
944	8
945	8
946	3
947	3
948	3
949	3
950	8
951	8
952	8
953	8
954	8
955	8
956	8
957	3
958	3
959	3
960	8
961	8
962	3
963	3
964	3
965	3
966	8
967	8
968	8
969	3
970	8
971	3
972	3
973	3
974	8
975	3
976	3
977	3
978	8
979	8
980	8
981	8
982	3
983	3
984	3
985	5
986	5
987	5
988	5
989	5
990	5
991	5
992	5
993	5
994	5
995	5
996	5
997	5
998	5
999	5
1000	5
1001	5
1002	5
1003	5
1004	5
1005	5
1006	5
1007	3
1008	3
1009	5
1010	3
1011	3
1012	3
1013	3
1014	3
1015	3
1016	3
1017	3
1018	3
1019	3
1020	3
1021	3
1022	3
1023	3
1024	3
1025	3
1026	3
1027	3
1028	3
1029	3
1030	3
1031	3
1032	3
1033	3
1034	3
1035	3
1036	2
1037	2
1038	3
1039	3
1040	3
1041	3
1042	3
1043	3
1044	3
1045	3
1046	3
1047	2
1048	3
1049	3
1050	2
1051	3
1052	3
1053	3
1054	3
1055	2
1056	2
1057	3
1058	3
1059	3
1060	3
1061	3
1062	3
1063	2
1064	2
1065	2
1066	2
1067	2
1068	3
1069	3
1070	3
1071	3
1072	3
1073	3
1074	3
1075	11
1076	11
1077	11
1078	11
1079	11
1080	11
1081	11
1082	11
1083	11
1084	11
1085	11
1086	11
1087	1
1088	1
1089	1
1090	1
1091	1
1092	1
1093	1
1094	12
1095	12
1096	12
1097	12
1098	12
1099	12
1100	12
1101	12
1102	12
1103	12
1104	12
1105	12
1106	12
1107	13
1108	13
1109	13
1110	8
1111	13
1112	8
1113	8
1114	13
1115	13
1116	8
1117	13
1118	13
1119	13
1120	13
1121	8
1122	13
1123	13
1124	13
1125	13
1126	13
1127	8
1128	13
1129	13
1130	13
1131	13
1132	8
1133	13
1134	13
1135	13
1136	8
1137	8
1138	8
1139	8
1140	8
1141	13
1142	13
1143	8
1144	13
1145	13
1146	8
1147	13
1148	13
1149	13
1150	13
1151	13
1152	8
1153	13
1154	12
1155	12
1156	12
1157	12
1158	13
1159	12
1160	13
1161	13
1162	13
1163	13
1164	13
1165	13
1166	13
1167	13
1168	12
1169	3
1170	3
1171	3
1172	3
1173	3
1174	3
1175	3
1176	3
1177	3
1178	3
1179	3
1180	3
1181	3
1182	3
1183	3
1184	3
1185	3
1186	3
1187	3
1188	3
1189	3
1190	3
1191	3
1192	3
1193	3
1194	3
1195	3
1196	3
1197	3
1198	3
1199	3
1200	8
1201	8
1202	8
1203	8
1204	8
1205	8
1206	8
1207	8
1208	8
1209	8
1210	8
1211	8
1212	8
1213	8
1214	8
1215	8
1216	8
1217	8
1218	8
1219	8
1220	8
1221	8
1222	8
1223	8
1224	8
1225	8
1226	8
1227	8
1228	8
1229	8
1230	8
1231	8
1232	8
1233	8
1234	8
1235	8
1236	8
1237	8
1238	8
1239	8
1240	1
1241	1
1242	1
1243	1
1244	1
1245	1
1246	1
1247	1
1248	1
1249	1
1250	1
1251	12
1252	1
1253	2
1254	2
1255	2
1256	2
1257	2
1258	1
1259	1
1260	12
1261	12
1262	1
1263	1
1264	2
1265	2
1266	2
1267	2
1268	2
1269	2
1270	2
1271	2
1272	2
1273	2
1274	2
1275	2
1276	2
1277	2
1278	12
1279	12
1280	12
1281	12
1282	1
1283	1
1284	2
1285	2
1286	2
1287	2
1288	10
1289	12
1290	12
1291	12
1292	10
1293	12
1294	10
1295	10
1296	12
1297	10
1298	12
1299	10
1300	12
1301	10
1302	10
1303	11
1304	11
1305	11
1306	11
1307	11
1308	11
1309	11
1310	11
1311	11
1312	11
1313	11
1314	8
1315	8
1316	8
1317	8
1318	8
1319	8
1320	8
1321	8
1322	8
1323	8
1324	8
1325	8
1326	8
1327	8
1328	8
1329	8
1330	8
1331	8
1332	8
1333	8
1334	8
1335	8
1336	8
1337	8
1338	8
1339	8
1340	8
1341	8
1342	8
1343	8
1344	8
1345	8
1346	11
1347	11
1348	11
1349	11
1350	11
1351	11
1352	11
1353	11
1354	11
1355	11
1356	11
1357	11
1358	11
1359	11
1360	11
1361	11
1362	11
1363	8
1364	8
1365	8
1366	4
1367	4
1368	8
1369	4
1370	4
1371	4
1372	8
1373	8
1374	8
1375	8
1376	8
1377	8
1378	8
1379	4
1380	4
1381	12
1382	12
1383	12
1384	12
1385	12
1386	12
1387	12
1388	12
1389	12
1390	12
1391	12
1392	12
1393	12
1394	12
1395	12
1396	12
1397	9
1398	11
1399	9
1400	9
1401	9
1402	9
1403	11
1404	9
1405	11
1406	11
1407	9
1408	9
1409	9
1410	9
1411	9
1412	9
1413	9
1414	9
1415	9
1416	9
1417	9
1418	9
1419	9
1420	9
1421	9
1422	9
1423	9
1424	9
1425	9
1426	9
1427	9
1428	7
1429	7
1430	7
1431	7
1432	7
1433	7
1434	7
1435	7
1436	7
1437	7
1438	7
1439	7
1440	7
1441	2
1442	2
1443	2
1444	2
1445	2
1446	2
1447	2
1448	2
1449	2
1450	2
1451	2
1452	2
1453	2
1454	2
1455	7
1456	7
1457	7
1458	7
1459	7
1460	7
1461	7
1462	7
1463	7
1464	7
1465	12
1466	12
1467	12
1468	12
1469	12
1470	12
1471	12
1472	12
1473	12
1474	12
1475	12
1476	12
1477	12
1478	12
1479	12
1480	12
1481	12
1482	12
1483	12
1484	12
1485	12
1486	12
1487	12
1488	12
1489	2
1490	2
1491	2
1492	2
1493	2
1494	2
1495	2
1496	2
1497	2
1498	2
1499	2
1500	2
1501	9
1502	9
1503	9
1504	9
1505	9
1506	9
1507	9
1508	9
1509	9
1510	9
1511	9
1512	9
1513	9
1514	9
1515	9
1516	9
1517	9
1518	9
1519	9
1520	9
1521	9
1522	9
1523	9
1524	9
1525	9
1526	9
1527	9
1528	9
1529	4
1530	4
1531	4
1532	4
1533	4
1534	4
1535	4
1536	4
1537	4
1538	4
1539	4
1540	4
1541	4
1542	4
1543	4
1544	4
1545	4
1546	4
1547	4
1548	4
1549	4
1550	4
1551	4
1552	4
1553	4
1554	4
1555	4
1556	4
1557	4
1558	4
1559	4
1560	4
1561	4
1562	4
1563	4
1564	4
1565	4
1566	4
1567	4
1568	4
1569	4
1570	4
1571	4
1572	4
1573	4
1574	4
1575	4
1576	2
1577	2
1578	2
1579	2
1580	2
1581	2
1582	2
1583	2
1584	2
1585	2
1586	2
1587	2
1588	2
1589	2
1590	2
1591	2
1592	2
1593	11
1594	11
1595	11
1596	11
1597	11
1598	11
1599	11
1600	11
1601	11
1602	7
1603	7
1604	7
1605	7
1606	7
1607	7
1608	7
1609	7
1610	7
1611	7
1612	7
1613	7
1614	7
1615	7
1616	7
1617	7
1618	12
1619	12
1620	12
1621	12
1622	12
1623	12
1624	12
1625	12
1626	12
1627	12
1628	12
1629	8
1630	2
1631	8
1632	2
1633	8
1634	8
1635	8
1636	8
1637	8
1638	8
1639	8
1640	8
1641	8
1642	8
1643	8
1644	12
1645	12
1646	12
1647	12
1648	12
1649	8
1650	8
1651	8
1652	8
1653	8
1654	8
1655	8
1656	8
1658	8
1659	8
1660	8
1661	8
1662	8
1663	8
1664	8
1665	8
1666	2
1667	2
1668	2
1669	8
1670	8
1671	8
1672	8
1673	12
1674	8
1675	8
1676	8
1677	12
1678	1
1679	1
1680	1
1681	1
1682	1
1683	1
1684	1
1685	2
1686	2
1687	2
1688	2
1689	2
1690	2
1691	2
1692	2
1693	2
1694	2
1695	2
1696	2
1697	2
1698	2
1699	2
1700	2
1701	9
1702	9
1703	7
1704	7
1705	2
1706	2
1707	2
1708	2
1709	9
1710	2
1711	2
1712	2
1713	12
1714	12
1715	12
1716	12
1717	12
1718	12
1719	12
1720	12
1721	12
1722	12
1723	12
1724	12
1725	2
1726	2
1727	2
1728	12
1729	2
1730	2
1731	2
1732	2
1733	2
1734	2
1735	2
1736	9
1737	9
1738	9
1739	9
1740	9
1741	2
1742	9
1743	9
1744	9
1745	9
1746	9
1747	9
1748	9
1749	9
1750	9
1751	9
1752	9
1753	9
1754	9
1755	9
1756	9
1757	12
1758	12
1759	12
1760	12
1761	9
1762	9
1763	9
1764	9
1765	9
1766	9
1767	9
1768	9
1769	9
1770	9
1771	9
1772	9
1773	9
1774	12
1775	12
1776	12
1777	12
1778	12
1779	12
1780	12
1781	12
1782	12
1783	12
1784	12
1785	12
1786	12
1787	9
1788	9
1789	9
1790	9
1791	9
1792	9
1793	9
1794	9
1795	12
1796	12
1797	12
1798	12
1799	9
1800	9
1801	9
1802	9
1803	9
1804	9
1805	9
1806	9
1807	9
1808	9
1809	7
1810	7
1811	7
1812	7
1813	7
1814	7
1815	7
1816	7
1817	7
1818	7
1819	7
1820	7
1821	7
1822	7
1823	7
1824	7
1825	7
1826	7
1827	7
1828	7
1829	7
1830	12
1831	12
1832	12
1833	12
1834	12
1835	7
1836	7
1837	12
1838	7
1839	7
1840	4
1841	4
1842	4
1843	4
1844	4
1845	7
1846	7
1847	7
1848	7
1849	7
1850	7
1851	7
1852	7
1853	7
1854	7
1855	7
1856	7
1857	12
1858	12
1859	12
1860	12
1861	12
1862	12
1863	7
1864	7
1865	7
1866	7
1867	7
1868	7
1869	7
1870	7
1871	7
1872	1
1873	1
1874	1
1875	1
1876	1
1877	1
1878	1
1879	1
1880	1
1881	1
1882	1
1883	1
1884	1
1885	1
1886	1
1887	1
1888	1
1889	1
1890	1
1891	1
1892	1
1893	1
1894	1
1895	11
1896	11
1897	11
1898	13
1899	13
1900	13
1901	13
1902	13
1903	13
1904	11
1905	11
1906	11
1907	11
1908	11
1909	11
1910	11
1911	11
1912	11
1913	11
1914	11
1915	11
1916	13
1917	13
1918	13
1919	13
1920	13
1921	13
1922	13
1923	13
1924	11
1925	11
1926	11
1927	11
1928	11
1929	11
1930	11
1931	11
1932	11
1933	11
1934	11
1935	11
1936	11
1937	11
1938	11
1939	11
1940	11
1941	11
1942	11
1943	11
1944	11
1945	11
1946	11
1947	11
1948	11
1949	11
1950	11
1951	11
1952	11
1953	11
1954	11
1955	11
1956	11
1957	11
1958	11
1959	11
1960	11
1961	11
1962	11
1963	11
1964	11
1965	11
1966	11
1967	11
1968	11
1969	11
1970	11
1971	11
1972	11
1973	11
1974	11
1975	11
1976	4
1977	4
1978	4
1979	4
1980	4
1981	4
1982	4
1983	4
1984	4
1985	4
1986	4
1987	4
1988	4
1989	4
1990	4
1991	4
1992	4
1993	4
1994	4
1995	4
1996	4
1997	4
1998	4
1999	4
2000	4
2001	4
2002	4
2003	4
2004	4
2005	4
2006	4
2007	4
2008	4
2009	4
2010	4
2011	4
2012	4
2013	4
2014	4
2015	4
2016	4
2017	1
2018	1
2019	1
2020	1
2021	1
2022	1
2023	1
2024	1
2025	1
2026	1
2027	1
2028	1
2029	1
2030	1
2031	4
2032	4
2033	1
2034	1
2035	1
2036	1
2037	1
2038	12
2039	12
2040	12
2041	12
2042	12
2043	1
2044	1
2045	1
2046	1
2047	1
2048	12
2049	12
2050	1
2051	1
2052	1
2053	1
2054	1
2055	1
2056	1
2057	1
2058	4
2059	4
2060	4
2061	4
2062	4
2063	4
2064	4
2065	4
2066	4
2067	4
2068	1
2069	1
2070	1
2071	1
2072	1
2073	12
2074	1
2075	1
2076	1
2077	12
2078	1
2079	1
2080	1
2081	1
2082	1
2083	1
2084	1
2085	1
2086	1
2087	1
2088	1
2089	2
2090	2
2091	2
2092	2
2093	2
2094	2
2095	2
2096	11
2097	11
2098	11
2099	11
2100	11
2101	11
2102	11
2103	9
2104	9
2105	9
2106	9
2107	11
2108	11
2109	11
2110	9
2111	9
2112	9
2113	6
2114	6
2115	6
2116	6
2117	6
2118	7
2119	6
2120	6
2121	6
2122	6
2123	6
2124	1
2125	6
2126	6
2127	6
2128	6
2129	6
2130	6
2131	6
2132	6
2133	7
2134	6
2135	6
2136	6
2137	7
2138	7
2139	6
2140	7
2141	6
2142	6
2143	6
2144	6
2145	6
2146	7
2147	6
2148	6
2149	6
2150	6
2151	6
2152	6
2153	6
2154	6
2155	6
2156	6
2157	6
2158	6
2159	6
2160	6
2161	6
2162	6
2163	6
2164	7
2165	7
2166	6
2167	6
2168	6
2169	6
2170	6
2171	6
2172	6
2173	6
2174	6
2175	6
2176	7
2177	7
2178	6
2179	6
2180	7
2181	7
2182	6
2183	6
2184	6
2185	6
2186	6
2187	6
2188	6
2189	6
2190	6
2191	6
2192	6
2193	6
2194	6
2195	6
2196	7
2197	6
2198	6
2199	7
2200	6
2201	6
2202	6
2203	6
2204	6
2205	6
2206	6
2207	6
2208	6
2209	6
2210	6
2211	6
2212	6
2213	6
2214	6
2215	6
2216	6
2217	6
2218	6
2219	6
2220	6
2221	6
2222	6
2223	7
2224	6
2225	6
2226	6
2227	6
2228	6
2229	6
2230	7
2231	7
2232	6
2233	7
2234	7
2235	6
2236	7
2237	7
2238	6
2239	6
2240	6
2241	6
2242	6
2243	6
2244	6
2245	7
2246	6
2247	7
2248	7
2249	6
2250	6
2251	6
2252	6
2253	6
2254	6
2255	6
2256	7
2257	6
2258	6
2259	6
2260	6
2261	7
2262	7
2263	6
2264	6
2265	6
2266	6
2267	6
2268	6
2269	6
2270	6
2271	6
2272	6
2273	6
2274	6
2275	6
2276	6
2277	7
2278	6
2279	6
2280	6
2281	6
2282	6
2283	7
2284	1
2285	1
2286	6
2287	6
2288	6
2289	6
2290	6
2291	6
2292	6
2293	6
2294	6
2295	6
2296	6
2297	6
2298	6
2299	6
2300	6
2301	6
2302	7
2303	6
2304	7
2305	6
2306	6
2307	6
2308	6
2309	1
2310	1
2311	1
2312	3
2313	3
2314	3
2315	3
2316	3
2317	3
2318	3
2319	3
2320	3
2321	3
2322	3
2323	3
2324	3
2325	3
2326	3
2327	3
2328	3
2329	3
2330	11
2331	11
2332	11
2333	11
2334	11
2335	11
2336	11
2337	11
2338	11
2339	11
2340	11
2341	11
2342	11
2343	11
2344	11
2345	11
2346	3
2347	3
2348	3
2349	3
2350	3
2351	3
2352	3
2353	3
2354	3
2355	3
2356	3
2357	3
2358	3
2359	3
2360	3
2361	3
2362	3
2363	3
2364	3
2365	3
2366	7
2367	7
2368	7
2369	7
2370	7
2371	7
2372	7
2373	7
2374	7
2375	7
2376	7
2377	7
2378	7
2379	7
2380	7
2381	7
2382	7
2383	7
2384	7
2385	7
2386	7
2387	7
2388	7
2389	7
2390	7
2391	7
2392	7
2393	7
2394	7
2395	7
2396	7
2397	7
2398	7
2399	7
2400	7
2401	7
2402	7
2403	7
2404	7
2405	7
2406	7
2407	7
2408	7
2409	7
2410	7
2411	7
2412	7
2413	7
2414	7
2415	10
2416	13
2417	13
2418	10
2419	10
2420	10
2421	10
2422	10
2423	10
2424	10
2425	10
2426	10
2427	10
2428	10
2429	10
2430	10
2431	10
2432	10
2433	10
2434	10
2435	10
2436	10
2437	10
2438	10
2439	10
2440	10
2441	10
2442	10
2443	10
2444	10
2445	10
2446	10
2447	10
2448	10
2449	10
2450	10
2451	10
2452	10
2453	13
2454	13
2455	13
2456	13
2457	13
2458	13
2459	10
2460	10
2461	10
2462	13
2463	10
2464	13
2465	10
2466	10
2467	13
2468	10
2469	10
2470	10
2471	13
2472	10
2473	10
2474	10
2475	10
2476	10
2477	13
2478	13
2479	10
2480	10
2481	10
2482	10
2483	10
2484	10
2485	13
2486	13
2487	13
2488	10
2489	13
2490	13
2491	10
2492	13
2493	10
2494	13
2495	10
2496	10
2497	10
2498	10
2499	10
2500	10
2501	13
2502	13
2503	13
2504	13
2505	13
2506	13
2507	13
2508	10
2509	10
2510	10
2511	10
2512	10
2513	10
2514	10
2515	10
2516	10
2517	10
2518	10
2519	10
2520	10
2521	10
2522	10
2523	10
2524	10
2525	10
2526	10
2527	10
2528	10
2529	10
2530	10
2531	10
2532	10
2533	10
2534	10
2535	10
2536	10
2537	10
2538	10
2539	10
2540	10
2541	10
2542	10
2543	10
2544	10
2545	10
2546	10
2547	10
2548	10
2549	10
2550	10
2551	10
2552	10
2553	10
2554	10
2555	10
2556	10
2557	10
2558	13
2559	13
2560	10
2561	10
2562	10
2563	10
2564	10
2565	10
2566	10
2567	10
2568	10
2569	10
2570	10
2571	10
2572	10
2573	10
2574	10
2575	10
2576	13
2577	10
2578	13
2579	10
2580	10
2581	10
2582	10
2583	13
2584	10
2585	10
2586	10
2587	10
2588	10
2589	10
2590	10
2591	10
2592	10
2593	10
2594	10
2595	10
2596	10
2597	13
2598	13
2599	10
2600	10
2601	10
2602	10
2603	10
2604	10
2605	10
2606	1
2607	1
2608	1
2609	1
2610	1
2611	1
2612	1
2613	1
2614	1
2615	1
2616	1
2617	1
2618	1
2619	1
2620	1
2621	1
2622	1
2623	1
2624	1
2625	1
2626	1
2627	1
2628	1
2629	1
2630	1
2631	1
2632	1
2633	1
2634	1
2635	1
2636	1
2637	1
2638	1
2639	1
2640	5
2641	5
2642	5
2643	5
2644	5
2645	5
2646	5
2647	5
2648	5
2649	5
2650	5
2651	5
2652	5
2653	5
2654	5
2655	5
2656	5
2657	5
2658	5
2659	5
2660	5
2661	5
2662	5
2663	5
2664	5
2665	5
2666	5
2667	5
2668	5
2669	5
2670	5
2671	5
2672	5
2673	5
2674	5
2675	5
2676	5
2677	5
2678	5
2679	5
2680	5
2681	5
2682	5
2683	5
2684	5
2685	5
2686	5
2687	5
2688	11
2689	11
2690	11
2691	11
315	2
1657	8
