0	7
1	7
2	7
3	7
4	7
5	7
6	7
7	5
8	5
9	5
10	5
11	5
12	5
13	5
14	5
15	5
16	5
17	5
18	5
19	5
20	5
21	13
22	13
23	13
24	13
25	13
26	13
27	13
28	13
29	2
30	2
31	2
32	2
33	2
34	2
35	2
36	2
37	2
38	2
39	2
40	2
41	2
42	2
43	2
44	2
45	2
46	2
47	2
48	2
49	2
50	2
51	2
52	2
53	10
54	10
55	10
56	10
57	10
58	2
59	2
60	2
61	2
62	2
63	2
64	2
65	10
66	10
67	10
68	10
69	10
70	10
71	13
72	13
73	13
74	13
75	2
76	2
77	2
78	2
79	2
80	2
81	2
82	2
83	4
84	4
85	4
86	4
87	4
88	4
89	4
90	4
91	4
92	4
93	4
94	4
95	4
96	5
97	5
98	5
99	5
100	5
101	5
102	5
103	5
104	5
105	5
106	5
107	5
108	5
109	5
110	5
111	6
112	6
113	6
114	5
115	5
116	5
117	6
118	5
119	6
120	5
121	6
122	5
123	5
124	5
125	5
126	6
127	5
128	5
129	13
130	13
131	13
132	8
133	13
134	13
135	13
136	13
137	13
138	13
139	8
140	13
141	8
142	8
143	13
144	13
145	13
146	13
147	8
148	13
149	13
150	13
151	13
152	13
153	13
154	8
155	8
156	8
157	8
158	8
159	8
160	8
161	8
162	8
163	8
164	13
165	8
166	4
167	4
168	4
169	4
170	4
171	4
172	4
173	4
174	4
175	4
176	4
177	4
178	4
179	4
180	4
181	4
182	4
183	7
184	7
185	7
186	7
187	7
188	7
189	7
190	7
191	7
192	7
193	7
194	7
195	7
196	7
197	7
198	7
199	7
200	7
201	7
202	7
203	7
204	7
205	7
206	7
207	7
208	13
209	13
210	13
211	13
212	13
213	13
214	13
215	13
216	13
217	13
218	13
219	13
220	13
221	13
222	13
223	13
224	13
225	13
226	13
227	13
228	13
229	13
230	13
231	13
232	13
233	13
234	13
235	13
236	13
237	13
238	13
239	13
240	13
241	13
242	13
243	13
244	13
245	13
246	13
247	13
248	7
249	7
250	7
251	7
252	7
253	7
254	7
255	7
256	7
257	7
258	7
259	7
260	7
261	11
262	11
263	11
264	11
265	11
266	11
267	11
268	11
269	11
270	11
271	11
272	11
273	11
274	11
275	11
276	11
277	11
278	11
279	11
280	11
281	11
282	11
283	11
284	11
285	11
286	11
287	11
288	11
289	11
290	11
291	11
292	11
293	11
294	11
295	11
296	11
297	11
298	11
299	11
300	11
301	11
302	7
303	7
304	7
305	7
306	12
307	12
308	12
309	12
310	12
311	12
312	12
313	12
314	12
316	5
317	5
318	5
319	5
320	5
321	5
322	5
323	5
324	5
325	5
326	5
327	5
328	5
329	5
330	5
331	12
332	12
333	12
334	12
335	12
336	12
337	5
338	5
339	5
340	12
341	12
342	12
343	12
344	12
345	12
346	12
347	12
348	12
349	12
350	12
351	12
352	12
353	12
354	12
355	12
356	3
357	3
358	3
359	3
360	3
361	3
362	3
363	3
364	3
365	3
366	3
367	3
368	3
369	12
370	12
371	12
372	12
373	12
374	12
375	12
376	12
377	12
378	12
379	12
380	12
381	12
382	12
383	12
384	12
385	12
386	12
387	12
388	12
389	5
390	5
391	5
392	5
393	5
394	12
395	12
396	12
397	12
398	5
399	5
400	5
401	5
402	5
403	13
404	13
405	13
406	13
407	13
408	13
409	2
410	2
411	2
412	2
413	2
414	2
415	2
416	2
417	2
418	2
419	2
420	2
421	2
422	2
423	2
424	2
425	4
426	4
427	4
428	4
429	4
430	4
431	4
432	4
433	2
434	2
435	2
436	2
437	2
438	2
439	2
440	2
441	2
442	2
443	2
444	2
445	2
446	4
447	4
448	4
449	4
450	4
451	2
452	2
453	2
454	4
455	4
456	4
457	2
458	2
459	2
460	2
461	2
462	2
463	4
464	4
465	4
466	4
467	4
468	4
469	4
470	4
471	4
472	4
473	2
474	2
475	11
476	11
477	4
478	4
479	4
480	4
481	4
482	4
483	4
484	13
485	13
486	3
487	4
488	4
489	11
490	11
491	11
492	11
493	11
494	11
495	4
496	4
497	4
498	13
499	4
500	3
501	4
502	13
503	4
504	4
505	3
506	13
507	13
508	13
509	13
510	13
511	13
512	13
513	13
514	13
515	13
516	13
517	13
518	13
519	13
520	13
521	13
522	1
523	1
524	1
525	1
526	7
527	7
528	1
529	1
530	1
531	1
532	1
533	1
534	1
535	1
536	1
537	1
538	7
539	7
540	7
541	7
542	7
543	7
544	7
545	7
546	7
547	7
548	7
549	7
550	7
551	7
552	7
553	7
554	7
555	7
556	7
557	7
558	7
559	11
560	11
561	11
562	11
563	11
564	11
565	7
566	7
567	7
568	7
569	7
570	1
571	1
572	1
573	1
574	1
575	1
576	1
577	1
578	1
579	1
580	1
581	7
582	7
583	7
584	7
585	7
586	7
587	11
588	11
589	11
590	11
591	11
592	13
593	13
594	11
595	13
596	11
597	13
598	11
599	13
600	13
601	13
602	13
603	7
604	7
605	7
606	7
607	7
608	7
609	7
610	7
611	7
612	7
613	7
614	7
615	7
616	7
617	11
618	13
619	13
620	11
621	11
622	11
623	11
624	11
625	11
626	11
627	11
628	13
629	13
630	13
631	13
632	11
633	11
634	11
635	11
636	11
637	11
638	11
639	7
640	7
641	7
642	7
643	7
644	7
645	7
646	7
647	7
648	7
649	7
650	7
651	7
652	7
653	7
654	7
655	7
656	7
657	4
658	4
659	4
660	4
661	2
662	2
663	2
664	2
665	2
666	2
667	2
668	2
669	2
670	3
671	3
672	3
673	3
674	3
675	13
676	3
677	3
678	3
679	3
680	2
681	2
682	2
683	2
684	2
685	2
686	2
687	2
688	2
689	2
690	2
691	2
692	2
693	2
694	2
695	2
696	2
697	3
698	3
699	3
700	13
701	3
702	13
703	13
704	3
705	3
706	3
707	13
708	13
709	3
710	13
711	13
712	13
713	13
714	2
715	2
716	11
717	11
718	13
719	13
720	3
721	11
722	11
723	11
724	11
725	11
726	11
727	11
728	11
729	11
730	11
731	11
732	5
733	2
734	5
735	5
736	5
737	4
738	4
739	4
740	4
741	4
742	4
743	4
744	4
745	5
746	5
747	5
748	5
749	5
750	5
751	5
752	5
753	5
754	5
755	5
756	2
757	2
758	5
759	5
760	5
761	5
762	2
763	5
764	5
765	5
766	4
767	4
768	4
769	4
770	5
771	2
772	4
773	4
774	4
775	4
776	4
777	4
778	4
779	4
780	4
781	4
782	4
783	4
784	4
785	13
786	4
787	4
788	4
789	4
790	4
791	13
792	13
793	13
794	13
795	13
796	13
797	13
798	13
799	13
800	13
801	4
802	4
803	4
804	4
805	13
806	13
807	13
808	4
809	4
810	4
811	10
812	6
813	10
814	6
815	10
816	10
817	10
818	6
819	6
820	6
821	10
822	10
823	10
824	10
825	10
826	10
827	10
828	10
829	6
830	10
831	10
832	10
833	10
834	6
835	6
836	10
837	6
838	10
839	10
840	6
841	10
842	6
843	6
844	10
845	10
846	10
847	6
848	10
849	10
850	6
851	6
852	10
853	10
854	10
855	10
856	6
857	6
858	7
859	7
860	7
861	7
862	7
863	7
864	7
865	7
866	7
867	7
868	7
869	7
870	7
871	10
872	10
873	10
874	10
875	10
876	10
877	10
878	10
879	10
880	10
881	10
882	10
883	6
884	10
885	6
886	10
887	10
888	6
889	10
890	10
891	10
892	6
893	6
894	6
895	6
896	10
897	10
898	10
899	6
900	10
901	6
902	10
903	6
904	10
905	6
906	10
907	10
908	6
909	10
910	10
911	6
912	6
913	10
914	6
915	10
916	10
917	10
918	10
919	10
920	10
921	6
922	6
923	6
924	10
925	6
926	10
927	10
928	6
929	10
930	6
931	6
932	10
933	6
934	10
935	10
936	10
937	10
938	10
939	10
940	10
941	10
942	6
943	10
944	6
945	6
946	10
947	6
948	6
949	6
950	10
951	6
952	6
953	10
954	6
955	10
956	6
957	6
958	6
959	10
960	10
961	10
962	6
963	10
964	6
965	10
966	10
967	10
968	10
969	10
970	10
971	10
972	6
973	6
974	6
975	6
976	6
977	6
978	10
979	10
980	10
981	10
982	6
983	6
984	6
985	3
986	3
987	3
988	3
989	3
990	3
991	3
992	4
993	3
994	3
995	3
996	3
997	3
998	3
999	3
1000	4
1001	4
1002	4
1003	3
1004	3
1005	3
1006	3
1007	6
1008	6
1009	3
1010	6
1011	6
1012	6
1013	6
1014	6
1015	6
1016	6
1017	6
1018	6
1019	6
1020	6
1021	6
1022	6
1023	6
1024	6
1025	6
1026	6
1027	6
1028	6
1029	6
1030	6
1031	6
1032	6
1033	6
1034	6
1035	6
1036	6
1037	6
1038	6
1039	6
1040	6
1041	6
1042	6
1043	6
1044	6
1045	6
1046	6
1047	6
1048	6
1049	6
1050	6
1051	6
1052	6
1053	6
1054	6
1055	6
1056	6
1057	6
1058	6
1059	6
1060	6
1061	6
1062	6
1063	6
1064	6
1065	6
1066	6
1067	6
1068	6
1069	6
1070	6
1071	6
1072	6
1073	6
1074	6
1075	7
1076	7
1077	7
1078	7
1079	7
1080	7
1081	7
1082	7
1083	7
1084	7
1085	7
1086	7
1087	11
1088	11
1089	11
1090	11
1091	11
1092	11
1093	11
1094	13
1095	13
1096	13
1097	13
1098	13
1099	13
1100	13
1101	13
1102	13
1103	13
1104	13
1105	13
1106	13
1107	12
1108	12
1109	12
1110	12
1111	12
1112	10
1113	12
1114	12
1115	12
1116	10
1117	12
1118	12
1119	12
1120	12
1121	12
1122	12
1123	12
1124	12
1125	12
1126	12
1127	12
1128	12
1129	12
1130	12
1131	12
1132	10
1133	12
1134	12
1135	12
1136	10
1137	10
1138	10
1139	10
1140	12
1141	12
1142	12
1143	10
1144	12
1145	12
1146	10
1147	10
1148	12
1149	12
1150	12
1151	12
1152	12
1153	10
1154	12
1155	12
1156	12
1157	12
1158	12
1159	12
1160	12
1161	12
1162	12
1163	12
1164	12
1165	12
1166	12
1167	12
1168	12
1169	6
1170	6
1171	6
1172	6
1173	6
1174	6
1175	6
1176	6
1177	6
1178	6
1179	6
1180	6
1181	6
1182	6
1183	6
1184	6
1185	6
1186	6
1187	6
1188	6
1189	6
1190	6
1191	6
1192	6
1193	6
1194	6
1195	6
1196	6
1197	6
1198	6
1199	6
1200	10
1201	10
1202	10
1203	10
1204	10
1205	10
1206	10
1207	10
1208	10
1209	10
1210	10
1211	10
1212	10
1213	10
1214	10
1215	10
1216	10
1217	10
1218	10
1219	10
1220	10
1221	10
1222	10
1223	10
1224	10
1225	10
1226	10
1227	10
1228	10
1229	10
1230	10
1231	10
1232	10
1233	10
1234	10
1235	10
1236	10
1237	10
1238	10
1239	10
1240	11
1241	11
1242	11
1243	13
1244	11
1245	11
1246	11
1247	11
1248	13
1249	13
1250	13
1251	13
1252	13
1253	2
1254	2
1255	2
1256	2
1257	2
1258	13
1259	13
1260	13
1261	13
1262	11
1263	11
1264	2
1265	2
1266	2
1267	2
1268	2
1269	2
1270	2
1271	2
1272	2
1273	2
1274	2
1275	2
1276	2
1277	2
1278	13
1279	13
1280	13
1281	13
1282	11
1283	11
1284	2
1285	2
1286	2
1287	2
1288	13
1289	13
1290	13
1291	13
1292	13
1293	13
1294	13
1295	13
1296	13
1297	13
1298	13
1299	13
1300	13
1301	13
1302	13
1303	7
1304	7
1305	7
1306	7
1307	7
1308	7
1309	7
1310	7
1311	7
1312	7
1313	7
1314	10
1315	10
1316	10
1317	10
1318	10
1319	10
1320	10
1321	10
1322	10
1323	10
1324	10
1325	10
1326	10
1327	10
1328	10
1329	10
1330	10
1331	10
1332	10
1333	10
1334	10
1335	10
1336	10
1337	10
1338	10
1339	10
1340	10
1341	10
1342	10
1343	10
1344	10
1345	10
1346	7
1347	7
1348	7
1349	7
1350	7
1351	7
1352	7
1353	7
1354	7
1355	7
1356	7
1357	7
1358	7
1359	7
1360	7
1361	7
1362	7
1363	3
1364	3
1365	3
1366	3
1367	3
1368	3
1369	3
1370	3
1371	3
1372	3
1373	3
1374	3
1375	3
1376	3
1377	3
1378	3
1379	3
1380	3
1381	13
1382	13
1383	13
1384	13
1385	13
1386	13
1387	13
1388	13
1389	13
1390	13
1391	13
1392	13
1393	13
1394	13
1395	13
1396	13
1397	2
1398	2
1399	2
1400	2
1401	2
1402	2
1403	2
1404	2
1405	2
1406	2
1407	2
1408	2
1409	2
1410	2
1411	2
1412	2
1413	2
1414	2
1415	2
1416	2
1417	2
1418	2
1419	2
1420	2
1421	2
1422	2
1423	2
1424	2
1425	2
1426	2
1427	2
1428	1
1429	1
1430	1
1431	1
1432	1
1433	1
1434	1
1435	1
1436	1
1437	1
1438	1
1439	1
1440	1
1441	5
1442	5
1443	5
1444	5
1445	5
1446	6
1447	5
1448	5
1449	5
1450	6
1451	6
1452	5
1453	6
1454	5
1455	1
1456	1
1457	1
1458	1
1459	1
1460	1
1461	1
1462	1
1463	1
1464	1
1465	13
1466	13
1467	13
1468	13
1469	13
1470	13
1471	13
1472	13
1473	13
1474	13
1475	13
1476	13
1477	13
1478	13
1479	13
1480	13
1481	13
1482	13
1483	13
1484	13
1485	13
1486	13
1487	13
1488	13
1489	5
1490	5
1491	5
1492	5
1493	5
1494	5
1495	5
1496	5
1497	5
1498	5
1499	5
1500	5
1501	2
1502	2
1503	2
1504	2
1505	2
1506	2
1507	2
1508	2
1509	2
1510	2
1511	2
1512	2
1513	2
1514	2
1515	2
1516	2
1517	2
1518	2
1519	2
1520	2
1521	2
1522	2
1523	2
1524	2
1525	2
1526	2
1527	2
1528	2
1529	4
1530	4
1531	4
1532	4
1533	4
1534	4
1535	4
1536	4
1537	4
1538	4
1539	4
1540	4
1541	4
1542	4
1543	4
1544	4
1545	4
1546	4
1547	4
1548	4
1549	4
1550	4
1551	4
1552	3
1553	1
1554	1
1555	3
1556	1
1557	3
1558	1
1559	1
1560	3
1561	1
1562	1
1563	1
1564	1
1565	1
1566	3
1567	1
1568	1
1569	1
1570	3
1571	3
1572	1
1573	3
1574	3
1575	3
1576	2
1577	2
1578	2
1579	2
1580	2
1581	2
1582	2
1583	2
1584	2
1585	2
1586	2
1587	2
1588	2
1589	2
1590	2
1591	2
1592	2
1593	7
1594	7
1595	7
1596	7
1597	7
1598	7
1599	7
1600	7
1601	7
1602	1
1603	1
1604	1
1605	1
1606	1
1607	1
1608	1
1609	1
1610	1
1611	1
1612	1
1613	1
1614	1
1615	1
1616	1
1617	1
1618	13
1619	13
1620	13
1621	13
1622	13
1623	13
1624	13
1625	13
1626	13
1627	13
1628	13
1629	6
1630	6
1631	6
1632	6
1633	6
1634	6
1635	6
1636	6
1637	6
1638	6
1639	6
1640	6
1641	6
1642	6
1643	6
1644	13
1645	13
1646	13
1647	13
1648	13
1649	6
1650	6
1651	6
1652	6
1653	6
1654	6
1655	6
1656	6
1658	6
1659	6
1660	6
1661	6
1662	6
1663	6
1664	6
1665	6
1666	6
1667	6
1668	6
1669	6
1670	6
1671	6
1672	6
1673	13
1674	6
1675	6
1676	6
1677	13
1678	11
1679	11
1680	11
1681	11
1682	11
1683	11
1684	11
1685	2
1686	2
1687	2
1688	5
1689	5
1690	2
1691	5
1692	5
1693	5
1694	5
1695	2
1696	5
1697	5
1698	2
1699	2
1700	2
1701	5
1702	5
1703	9
1704	9
1705	5
1706	5
1707	5
1708	5
1709	5
1710	5
1711	5
1712	5
1713	13
1714	13
1715	13
1716	13
1717	13
1718	13
1719	13
1720	13
1721	13
1722	13
1723	13
1724	13
1725	5
1726	5
1727	5
1728	13
1729	5
1730	5
1731	5
1732	5
1733	5
1734	5
1735	5
1736	5
1737	5
1738	5
1739	5
1740	5
1741	5
1742	9
1743	9
1744	9
1745	2
1746	2
1747	9
1748	2
1749	9
1750	9
1751	9
1752	9
1753	2
1754	9
1755	2
1756	9
1757	13
1758	13
1759	13
1760	13
1761	2
1762	9
1763	9
1764	9
1765	9
1766	9
1767	9
1768	2
1769	9
1770	2
1771	2
1772	9
1773	2
1774	13
1775	13
1776	13
1777	13
1778	13
1779	13
1780	13
1781	13
1782	13
1783	13
1784	13
1785	13
1786	13
1787	9
1788	2
1789	2
1790	9
1791	9
1792	9
1793	9
1794	9
1795	13
1796	13
1797	13
1798	13
1799	9
1800	2
1801	2
1802	2
1803	9
1804	9
1805	9
1806	9
1807	9
1808	9
1809	5
1810	5
1811	5
1812	5
1813	5
1814	5
1815	5
1816	5
1817	5
1818	5
1819	5
1820	5
1821	5
1822	5
1823	5
1824	5
1825	5
1826	5
1827	5
1828	5
1829	5
1830	11
1831	11
1832	11
1833	11
1834	11
1835	5
1836	5
1837	11
1838	5
1839	5
1840	3
1841	3
1842	3
1843	3
1844	3
1845	5
1846	5
1847	5
1848	5
1849	5
1850	5
1851	5
1852	5
1853	5
1854	5
1855	5
1856	5
1857	11
1858	11
1859	11
1860	11
1861	11
1862	11
1863	5
1864	5
1865	5
1866	5
1867	5
1868	5
1869	5
1870	5
1871	5
1872	11
1873	11
1874	11
1875	11
1876	11
1877	11
1878	11
1879	11
1880	11
1881	11
1882	11
1883	11
1884	11
1885	11
1886	11
1887	11
1888	11
1889	11
1890	11
1891	11
1892	11
1893	11
1894	11
1895	7
1896	7
1897	7
1898	12
1899	12
1900	12
1901	12
1902	12
1903	12
1904	7
1905	7
1906	7
1907	7
1908	7
1909	7
1910	7
1911	7
1912	7
1913	7
1914	7
1915	7
1916	12
1917	12
1918	12
1919	12
1920	12
1921	12
1922	12
1923	12
1924	7
1925	7
1926	7
1927	7
1928	7
1929	7
1930	7
1931	7
1932	7
1933	7
1934	7
1935	7
1936	7
1937	7
1938	7
1939	7
1940	7
1941	7
1942	7
1943	7
1944	7
1945	7
1946	7
1947	7
1948	7
1949	7
1950	7
1951	7
1952	7
1953	7
1954	7
1955	7
1956	7
1957	7
1958	7
1959	7
1960	7
1961	7
1962	7
1963	7
1964	7
1965	7
1966	7
1967	7
1968	7
1969	7
1970	7
1971	7
1972	7
1973	7
1974	7
1975	7
1976	4
1977	4
1978	4
1979	4
1980	4
1981	4
1982	4
1983	4
1984	4
1985	4
1986	4
1987	4
1988	4
1989	4
1990	4
1991	4
1992	4
1993	4
1994	4
1995	4
1996	4
1997	4
1998	4
1999	4
2000	4
2001	4
2002	4
2003	4
2004	4
2005	4
2006	4
2007	4
2008	4
2009	4
2010	4
2011	4
2012	4
2013	4
2014	4
2015	4
2016	4
2017	11
2018	11
2019	11
2020	11
2021	11
2022	11
2023	11
2024	4
2025	11
2026	11
2027	11
2028	11
2029	11
2030	4
2031	4
2032	4
2033	4
2034	4
2035	4
2036	4
2037	4
2038	11
2039	11
2040	11
2041	11
2042	11
2043	11
2044	11
2045	11
2046	4
2047	4
2048	11
2049	11
2050	11
2051	4
2052	4
2053	4
2054	4
2055	4
2056	4
2057	4
2058	4
2059	4
2060	4
2061	4
2062	4
2063	4
2064	4
2065	4
2066	4
2067	4
2068	11
2069	11
2070	11
2071	11
2072	11
2073	11
2074	11
2075	11
2076	11
2077	11
2078	11
2079	11
2080	11
2081	11
2082	11
2083	11
2084	11
2085	11
2086	11
2087	11
2088	11
2089	5
2090	5
2091	5
2092	5
2093	5
2094	5
2095	5
2096	7
2097	7
2098	7
2099	7
2100	7
2101	7
2102	7
2103	2
2104	2
2105	2
2106	2
2107	7
2108	7
2109	7
2110	2
2111	2
2112	2
2113	1
2114	9
2115	9
2116	9
2117	9
2118	1
2119	1
2120	9
2121	9
2122	1
2123	1
2124	11
2125	9
2126	9
2127	9
2128	9
2129	9
2130	1
2131	9
2132	9
2133	1
2134	1
2135	9
2136	1
2137	1
2138	1
2139	1
2140	1
2141	1
2142	1
2143	1
2144	1
2145	9
2146	1
2147	1
2148	9
2149	1
2150	9
2151	9
2152	9
2153	9
2154	9
2155	1
2156	1
2157	1
2158	9
2159	1
2160	9
2161	9
2162	9
2163	9
2164	9
2165	9
2166	1
2167	1
2168	1
2169	9
2170	9
2171	1
2172	9
2173	9
2174	1
2175	1
2176	1
2177	1
2178	9
2179	9
2180	9
2181	9
2182	9
2183	9
2184	9
2185	9
2186	9
2187	9
2188	1
2189	9
2190	9
2191	9
2192	9
2193	9
2194	1
2195	1
2196	1
2197	1
2198	9
2199	1
2200	9
2201	1
2202	1
2203	1
2204	9
2205	9
2206	9
2207	9
2208	9
2209	9
2210	9
2211	1
2212	1
2213	9
2214	9
2215	1
2216	1
2217	9
2218	9
2219	9
2220	9
2221	9
2222	1
2223	1
2224	9
2225	9
2226	9
2227	9
2228	1
2229	1
2230	9
2231	9
2232	9
2233	1
2234	1
2235	9
2236	1
2237	1
2238	1
2239	9
2240	9
2241	1
2242	1
2243	1
2244	1
2245	1
2246	9
2247	9
2248	9
2249	9
2250	9
2251	9
2252	9
2253	1
2254	1
2255	1
2256	9
2257	9
2258	9
2259	9
2260	9
2261	9
2262	9
2263	9
2264	9
2265	9
2266	1
2267	9
2268	9
2269	1
2270	1
2271	1
2272	9
2273	1
2274	9
2275	9
2276	9
2277	1
2278	1
2279	1
2280	9
2281	9
2282	1
2283	1
2284	11
2285	11
2286	1
2287	1
2288	9
2289	9
2290	9
2291	9
2292	9
2293	9
2294	9
2295	9
2296	9
2297	1
2298	1
2299	1
2300	1
2301	9
2302	1
2303	1
2304	1
2305	9
2306	9
2307	9
2308	9
2309	11
2310	11
2311	11
2312	10
2313	10
2314	10
2315	10
2316	10
2317	10
2318	10
2319	10
2320	10
2321	10
2322	10
2323	10
2324	10
2325	10
2326	10
2327	10
2328	10
2329	10
2330	7
2331	7
2332	7
2333	7
2334	7
2335	7
2336	7
2337	7
2338	7
2339	7
2340	7
2341	7
2342	7
2343	7
2344	7
2345	7
2346	5
2347	5
2348	5
2349	5
2350	5
2351	5
2352	5
2353	5
2354	5
2355	5
2356	5
2357	5
2358	5
2359	5
2360	5
2361	5
2362	5
2363	5
2364	5
2365	5
2366	1
2367	1
2368	1
2369	1
2370	1
2371	1
2372	1
2373	1
2374	1
2375	1
2376	1
2377	1
2378	1
2379	1
2380	1
2381	1
2382	1
2383	1
2384	1
2385	1
2386	1
2387	1
2388	1
2389	1
2390	1
2391	1
2392	1
2393	1
2394	1
2395	1
2396	1
2397	1
2398	1
2399	1
2400	1
2401	1
2402	1
2403	1
2404	1
2405	1
2406	1
2407	1
2408	1
2409	1
2410	1
2411	1
2412	1
2413	1
2414	1
2415	12
2416	12
2417	12
2418	12
2419	8
2420	8
2421	8
2422	12
2423	12
2424	12
2425	12
2426	12
2427	8
2428	8
2429	8
2430	8
2431	12
2432	12
2433	8
2434	12
2435	12
2436	12
2437	12
2438	8
2439	8
2440	8
2441	8
2442	12
2443	12
2444	12
2445	8
2446	8
2447	8
2448	8
2449	8
2450	8
2451	8
2452	8
2453	8
2454	8
2455	12
2456	8
2457	8
2458	8
2459	8
2460	8
2461	8
2462	8
2463	8
2464	8
2465	8
2466	8
2467	8
2468	8
2469	8
2470	8
2471	8
2472	8
2473	8
2474	8
2475	8
2476	8
2477	8
2478	8
2479	8
2480	8
2481	8
2482	8
2483	8
2484	8
2485	8
2486	8
2487	8
2488	8
2489	8
2490	8
2491	8
2492	8
2493	8
2494	8
2495	8
2496	8
2497	8
2498	12
2499	12
2500	8
2501	8
2502	12
2503	12
2504	12
2505	12
2506	12
2507	12
2508	12
2509	8
2510	12
2511	12
2512	12
2513	12
2514	12
2515	8
2516	8
2517	8
2518	8
2519	8
2520	8
2521	8
2522	8
2523	8
2524	12
2525	8
2526	8
2527	8
2528	12
2529	8
2530	8
2531	8
2532	8
2533	8
2534	8
2535	8
2536	8
2537	8
2538	8
2539	8
2540	8
2541	8
2542	12
2543	12
2544	8
2545	8
2546	8
2547	12
2548	12
2549	12
2550	8
2551	8
2552	8
2553	8
2554	8
2555	8
2556	8
2557	8
2558	12
2559	12
2560	12
2561	12
2562	12
2563	8
2564	12
2565	12
2566	12
2567	12
2568	8
2569	12
2570	12
2571	12
2572	12
2573	12
2574	8
2575	8
2576	8
2577	8
2578	8
2579	8
2580	8
2581	8
2582	8
2583	8
2584	8
2585	8
2586	8
2587	8
2588	8
2589	8
2590	8
2591	8
2592	8
2593	8
2594	12
2595	12
2596	12
2597	12
2598	12
2599	12
2600	8
2601	8
2602	12
2603	8
2604	8
2605	8
2606	11
2607	11
2608	11
2609	11
2610	11
2611	11
2612	11
2613	11
2614	11
2615	11
2616	11
2617	11
2618	11
2619	11
2620	11
2621	11
2622	11
2623	11
2624	11
2625	11
2626	11
2627	11
2628	11
2629	11
2630	11
2631	11
2632	11
2633	11
2634	11
2635	11
2636	11
2637	11
2638	11
2639	11
2640	3
2641	3
2642	3
2643	3
2644	3
2645	3
2646	3
2647	3
2648	3
2649	3
2650	3
2651	3
2652	3
2653	3
2654	3
2655	3
2656	3
2657	3
2658	3
2659	3
2660	3
2661	3
2662	3
2663	3
2664	3
2665	3
2666	3
2667	3
2668	3
2669	3
2670	3
2671	3
2672	3
2673	3
2674	3
2675	3
2676	3
2677	3
2678	3
2679	3
2680	3
2681	3
2682	3
2683	3
2684	3
2685	3
2686	3
2687	3
2688	7
2689	7
2690	7
2691	7
315	5
1657	6
