0	3
1	3
2	3
3	3
4	3
5	3
6	3
7	1
8	1
9	1
10	1
11	1
12	1
13	1
14	1
15	1
16	1
17	1
18	1
19	1
20	1
21	4
22	4
23	4
24	4
25	4
26	4
27	4
28	4
29	5
30	5
31	5
32	5
33	1
34	5
35	5
36	5
37	5
38	5
39	5
40	5
41	1
42	5
43	5
44	1
45	5
46	5
47	1
48	5
49	5
50	5
51	5
52	5
53	13
54	13
55	13
56	13
57	13
58	5
59	5
60	5
61	5
62	5
63	5
64	5
65	13
66	13
67	13
68	13
69	13
70	13
71	4
72	4
73	4
74	4
75	5
76	5
77	5
78	5
79	5
80	5
81	5
82	5
83	9
84	9
85	9
86	9
87	9
88	9
89	9
90	9
91	9
92	9
93	9
94	9
95	9
96	1
97	1
98	1
99	1
100	1
101	1
102	1
103	1
104	1
105	1
106	1
107	1
108	1
109	1
110	1
111	1
112	1
113	1
114	1
115	1
116	1
117	1
118	1
119	1
120	1
121	1
122	1
123	1
124	1
125	1
126	1
127	1
128	1
129	9
130	9
131	9
132	9
133	9
134	9
135	9
136	9
137	9
138	9
139	9
140	9
141	9
142	9
143	9
144	9
145	9
146	9
147	9
148	9
149	9
150	9
151	9
152	9
153	9
154	9
155	9
156	9
157	9
158	9
159	9
160	9
161	9
162	9
163	9
164	9
165	9
166	7
167	7
168	7
169	7
170	7
171	7
172	7
173	7
174	7
175	7
176	7
177	7
178	7
179	7
180	7
181	7
182	7
183	5
184	5
185	5
186	5
187	5
188	5
189	5
190	5
191	5
192	5
193	5
194	5
195	5
196	5
197	5
198	5
199	5
200	5
201	5
202	5
203	5
204	5
205	5
206	5
207	5
208	4
209	4
210	4
211	4
212	4
213	4
214	4
215	4
216	4
217	4
218	4
219	4
220	4
221	4
222	4
223	4
224	4
225	4
226	4
227	4
228	4
229	4
230	4
231	4
232	4
233	4
234	4
235	4
236	4
237	4
238	4
239	4
240	4
241	4
242	4
243	4
244	4
245	4
246	4
247	4
248	5
249	5
250	5
251	5
252	5
253	5
254	5
255	5
256	5
257	5
258	5
259	5
260	5
261	4
262	11
263	11
264	11
265	11
266	11
267	11
268	11
269	11
270	11
271	11
272	11
273	11
274	11
275	11
276	11
277	11
278	11
279	11
280	11
281	11
282	11
283	11
284	11
285	11
286	11
287	11
288	11
289	11
290	11
291	11
292	11
293	11
294	11
295	11
296	11
297	11
298	11
299	11
300	11
301	11
302	5
303	5
304	5
305	5
306	2
307	2
308	2
309	2
310	2
311	2
312	2
313	2
314	2
316	1
317	1
318	1
319	1
320	1
321	1
322	1
323	1
324	1
325	1
326	1
327	1
328	1
329	1
330	1
331	2
332	2
333	2
334	2
335	2
336	2
337	1
338	1
339	1
340	2
341	2
342	2
343	2
344	2
345	6
346	2
347	2
348	2
349	2
350	2
351	2
352	2
353	2
354	2
355	6
356	9
357	9
358	9
359	9
360	9
361	9
362	9
363	9
364	9
365	9
366	9
367	9
368	9
369	2
370	6
371	6
372	2
373	2
374	2
375	2
376	2
377	2
378	2
379	2
380	2
381	2
382	2
383	2
384	2
385	2
386	2
387	2
388	2
389	1
390	1
391	1
392	1
393	1
394	2
395	2
396	2
397	2
398	1
399	1
400	1
401	1
402	1
403	4
404	4
405	4
406	4
407	4
408	4
409	1
410	3
411	1
412	1
413	3
414	3
415	3
416	1
417	3
418	1
419	1
420	3
421	3
422	3
423	1
424	3
425	7
426	7
427	7
428	7
429	7
430	7
431	7
432	7
433	3
434	3
435	3
436	3
437	3
438	3
439	1
440	3
441	3
442	1
443	3
444	3
445	1
446	7
447	7
448	7
449	7
450	7
451	3
452	1
453	1
454	7
455	7
456	7
457	3
458	1
459	3
460	3
461	3
462	3
463	7
464	7
465	7
466	7
467	7
468	7
469	7
470	7
471	7
472	7
473	3
474	1
475	11
476	11
477	7
478	7
479	7
480	7
481	7
482	7
483	7
484	4
485	4
486	7
487	7
488	7
489	11
490	11
491	11
492	11
493	11
494	11
495	7
496	7
497	7
498	4
499	7
500	7
501	7
502	4
503	7
504	7
505	7
506	4
507	4
508	4
509	4
510	4
511	4
512	4
513	4
514	4
515	4
516	4
517	4
518	4
519	4
520	4
521	4
522	12
523	12
524	12
525	12
526	3
527	3
528	12
529	12
530	12
531	12
532	12
533	12
534	12
535	12
536	12
537	12
538	3
539	3
540	3
541	3
542	3
543	3
544	3
545	3
546	3
547	3
548	3
549	3
550	3
551	3
552	3
553	3
554	3
555	3
556	3
557	3
558	3
559	4
560	4
561	4
562	4
563	4
564	4
565	3
566	3
567	3
568	3
569	3
570	12
571	12
572	12
573	12
574	12
575	12
576	12
577	12
578	12
579	12
580	12
581	3
582	3
583	3
584	3
585	3
586	3
587	4
588	4
589	4
590	4
591	4
592	4
593	4
594	4
595	4
596	4
597	4
598	4
599	4
600	4
601	4
602	4
603	5
604	5
605	5
606	5
607	5
608	5
609	5
610	5
611	5
612	5
613	5
614	5
615	5
616	5
617	4
618	4
619	4
620	4
621	4
622	4
623	4
624	4
625	4
626	4
627	4
628	4
629	4
630	4
631	4
632	4
633	4
634	4
635	4
636	4
637	4
638	4
639	5
640	5
641	5
642	5
643	5
644	5
645	5
646	5
647	5
648	5
649	5
650	5
651	5
652	5
653	5
654	5
655	5
656	5
657	11
658	11
659	11
660	11
661	3
662	3
663	3
664	3
665	3
666	3
667	3
668	3
669	3
670	7
671	7
672	7
673	7
674	7
675	7
676	7
677	7
678	7
679	7
680	3
681	3
682	3
683	3
684	3
685	3
686	3
687	3
688	3
689	3
690	3
691	3
692	3
693	3
694	3
695	3
696	3
697	7
698	7
699	7
700	7
701	7
702	7
703	7
704	7
705	7
706	7
707	7
708	7
709	7
710	7
711	7
712	7
713	7
714	3
715	3
716	4
717	4
718	7
719	7
720	7
721	4
722	4
723	4
724	4
725	4
726	4
727	4
728	4
729	4
730	4
731	4
732	1
733	1
734	1
735	1
736	1
737	11
738	11
739	11
740	11
741	11
742	11
743	11
744	11
745	1
746	1
747	1
748	1
749	1
750	1
751	1
752	1
753	1
754	1
755	1
756	1
757	1
758	1
759	1
760	1
761	1
762	1
763	1
764	1
765	1
766	11
767	11
768	11
769	11
770	1
771	1
772	11
773	11
774	11
775	11
776	11
777	11
778	11
779	11
780	11
781	11
782	11
783	11
784	11
785	2
786	11
787	11
788	11
789	11
790	11
791	2
792	2
793	2
794	2
795	2
796	2
797	2
798	2
799	2
800	2
801	11
802	11
803	11
804	11
805	2
806	2
807	2
808	11
809	11
810	11
811	13
812	10
813	13
814	13
815	13
816	10
817	13
818	10
819	10
820	10
821	13
822	13
823	13
824	13
825	10
826	13
827	10
828	10
829	10
830	13
831	13
832	10
833	10
834	13
835	13
836	13
837	13
838	13
839	10
840	13
841	10
842	13
843	13
844	13
845	13
846	13
847	10
848	10
849	10
850	10
851	10
852	13
853	13
854	13
855	10
856	10
857	10
858	5
859	5
860	5
861	5
862	5
863	5
864	5
865	5
866	5
867	5
868	5
869	5
870	5
871	13
872	13
873	10
874	10
875	13
876	13
877	13
878	10
879	10
880	10
881	13
882	13
883	13
884	13
885	13
886	13
887	13
888	13
889	10
890	10
891	10
892	10
893	13
894	13
895	13
896	13
897	10
898	10
899	10
900	10
901	10
902	13
903	13
904	13
905	13
906	10
907	13
908	13
909	10
910	10
911	10
912	10
913	10
914	13
915	13
916	10
917	13
918	10
919	10
920	13
921	13
922	10
923	10
924	10
925	13
926	10
927	13
928	13
929	13
930	13
931	13
932	13
933	10
934	10
935	13
936	13
937	13
938	10
939	10
940	10
941	10
942	13
943	10
944	10
945	10
946	10
947	13
948	13
949	13
950	10
951	13
952	13
953	10
954	10
955	10
956	10
957	13
958	13
959	13
960	10
961	10
962	13
963	13
964	13
965	13
966	10
967	10
968	10
969	13
970	10
971	10
972	13
973	13
974	13
975	10
976	13
977	13
978	10
979	10
980	10
981	10
982	13
983	13
984	13
985	7
986	7
987	7
988	7
989	7
990	7
991	7
992	7
993	7
994	7
995	7
996	7
997	7
998	7
999	7
1000	7
1001	7
1002	7
1003	7
1004	7
1005	7
1006	7
1007	13
1008	13
1009	7
1010	13
1011	13
1012	13
1013	13
1014	13
1015	13
1016	13
1017	13
1018	13
1019	13
1020	13
1021	13
1022	13
1023	13
1024	13
1025	13
1026	13
1027	13
1028	13
1029	13
1030	13
1031	13
1032	13
1033	13
1034	13
1035	1
1036	1
1037	1
1038	13
1039	13
1040	13
1041	1
1042	13
1043	13
1044	13
1045	13
1046	13
1047	1
1048	13
1049	13
1050	1
1051	13
1052	13
1053	13
1054	1
1055	1
1056	1
1057	13
1058	13
1059	13
1060	13
1061	13
1062	13
1063	1
1064	13
1065	1
1066	1
1067	1
1068	13
1069	13
1070	13
1071	13
1072	13
1073	13
1074	13
1075	5
1076	5
1077	5
1078	5
1079	5
1080	5
1081	5
1082	5
1083	5
1084	5
1085	5
1086	5
1087	11
1088	11
1089	11
1090	11
1091	11
1092	11
1093	11
1094	4
1095	4
1096	4
1097	4
1098	4
1099	4
1100	4
1101	4
1102	4
1103	4
1104	4
1105	4
1106	4
1107	10
1108	2
1109	2
1110	10
1111	2
1112	10
1113	10
1114	2
1115	10
1116	10
1117	10
1118	2
1119	2
1120	2
1121	10
1122	2
1123	10
1124	2
1125	2
1126	2
1127	10
1128	2
1129	10
1130	2
1131	2
1132	10
1133	2
1134	2
1135	2
1136	10
1137	10
1138	10
1139	10
1140	10
1141	10
1142	2
1143	10
1144	2
1145	2
1146	2
1147	2
1148	10
1149	10
1150	10
1151	2
1152	10
1153	2
1154	2
1155	2
1156	2
1157	2
1158	2
1159	2
1160	2
1161	2
1162	2
1163	2
1164	2
1165	2
1166	2
1167	2
1168	2
1169	13
1170	13
1171	13
1172	13
1173	13
1174	13
1175	13
1176	13
1177	13
1178	13
1179	13
1180	13
1181	13
1182	13
1183	13
1184	13
1185	13
1186	13
1187	13
1188	13
1189	13
1190	13
1191	13
1192	13
1193	13
1194	13
1195	13
1196	13
1197	13
1198	13
1199	13
1200	10
1201	10
1202	10
1203	10
1204	10
1205	10
1206	10
1207	10
1208	10
1209	10
1210	10
1211	10
1212	10
1213	10
1214	10
1215	10
1216	10
1217	10
1218	10
1219	10
1220	10
1221	10
1222	10
1223	10
1224	10
1225	10
1226	10
1227	10
1228	10
1229	10
1230	10
1231	10
1232	10
1233	10
1234	10
1235	10
1236	10
1237	10
1238	10
1239	10
1240	11
1241	11
1242	4
1243	4
1244	4
1245	11
1246	4
1247	4
1248	4
1249	4
1250	4
1251	4
1252	4
1253	5
1254	5
1255	5
1256	5
1257	5
1258	4
1259	4
1260	4
1261	4
1262	4
1263	11
1264	5
1265	5
1266	5
1267	5
1268	5
1269	5
1270	5
1271	5
1272	5
1273	5
1274	5
1275	5
1276	5
1277	5
1278	2
1279	2
1280	2
1281	4
1282	11
1283	11
1284	5
1285	5
1286	5
1287	5
1288	2
1289	2
1290	2
1291	2
1292	2
1293	2
1294	2
1295	2
1296	2
1297	2
1298	2
1299	2
1300	2
1301	2
1302	2
1303	5
1304	5
1305	5
1306	5
1307	5
1308	5
1309	5
1310	5
1311	5
1312	5
1313	5
1314	10
1315	10
1316	10
1317	10
1318	10
1319	10
1320	10
1321	10
1322	10
1323	10
1324	10
1325	10
1326	10
1327	10
1328	10
1329	10
1330	10
1331	10
1332	10
1333	10
1334	10
1335	10
1336	10
1337	10
1338	10
1339	10
1340	10
1341	10
1342	10
1343	10
1344	10
1345	10
1346	5
1347	5
1348	5
1349	5
1350	5
1351	5
1352	5
1353	5
1354	5
1355	5
1356	5
1357	5
1358	5
1359	5
1360	5
1361	5
1362	5
1363	9
1364	9
1365	9
1366	10
1367	9
1368	9
1369	9
1370	9
1371	9
1372	10
1373	10
1374	9
1375	9
1376	10
1377	9
1378	9
1379	9
1380	9
1381	2
1382	2
1383	2
1384	2
1385	2
1386	2
1387	2
1388	2
1389	2
1390	2
1391	2
1392	2
1393	2
1394	2
1395	2
1396	2
1397	3
1398	5
1399	5
1400	5
1401	5
1402	5
1403	5
1404	3
1405	5
1406	5
1407	5
1408	5
1409	5
1410	5
1411	5
1412	5
1413	5
1414	5
1415	5
1416	5
1417	5
1418	3
1419	5
1420	5
1421	5
1422	3
1423	5
1424	5
1425	5
1426	3
1427	5
1428	12
1429	12
1430	12
1431	12
1432	12
1433	12
1434	12
1435	12
1436	12
1437	12
1438	12
1439	12
1440	12
1441	1
1442	1
1443	1
1444	1
1445	1
1446	1
1447	1
1448	1
1449	1
1450	1
1451	1
1452	1
1453	1
1454	1
1455	12
1456	12
1457	12
1458	12
1459	12
1460	12
1461	12
1462	12
1463	12
1464	12
1465	4
1466	4
1467	4
1468	4
1469	4
1470	4
1471	4
1472	4
1473	4
1474	4
1475	4
1476	4
1477	4
1478	4
1479	4
1480	4
1481	4
1482	4
1483	4
1484	4
1485	4
1486	4
1487	4
1488	4
1489	1
1490	1
1491	1
1492	1
1493	1
1494	1
1495	1
1496	1
1497	1
1498	1
1499	1
1500	1
1501	3
1502	3
1503	3
1504	3
1505	3
1506	3
1507	3
1508	3
1509	3
1510	3
1511	3
1512	3
1513	3
1514	3
1515	3
1516	3
1517	3
1518	3
1519	3
1520	3
1521	3
1522	3
1523	3
1524	3
1525	3
1526	3
1527	3
1528	3
1529	7
1530	7
1531	7
1532	7
1533	7
1534	7
1535	7
1536	7
1537	7
1538	7
1539	7
1540	7
1541	7
1542	7
1543	7
1544	7
1545	7
1546	7
1547	7
1548	7
1549	7
1550	7
1551	7
1552	9
1553	9
1554	9
1555	9
1556	9
1557	9
1558	9
1559	9
1560	9
1561	9
1562	9
1563	9
1564	9
1565	9
1566	9
1567	9
1568	9
1569	9
1570	9
1571	9
1572	9
1573	9
1574	9
1575	9
1576	1
1577	1
1578	1
1579	1
1580	1
1581	1
1582	1
1583	1
1584	1
1585	1
1586	1
1587	1
1588	1
1589	1
1590	1
1591	1
1592	1
1593	5
1594	5
1595	5
1596	5
1597	5
1598	5
1599	5
1600	5
1601	5
1602	12
1603	12
1604	12
1605	12
1606	12
1607	12
1608	12
1609	12
1610	12
1611	12
1612	12
1613	12
1614	9
1615	12
1616	12
1617	12
1618	4
1619	4
1620	4
1621	4
1622	4
1623	4
1624	4
1625	4
1626	4
1627	4
1628	4
1629	10
1630	1
1631	10
1632	1
1633	10
1634	10
1635	10
1636	10
1637	10
1638	10
1639	10
1640	10
1641	10
1642	10
1643	10
1644	4
1645	4
1646	4
1647	4
1648	4
1649	10
1650	10
1651	10
1652	10
1653	10
1654	10
1655	10
1656	10
1658	10
1659	10
1660	10
1661	10
1662	10
1663	10
1664	10
1665	10
1666	1
1667	1
1668	1
1669	10
1670	10
1671	10
1672	10
1673	4
1674	10
1675	10
1676	10
1677	4
1678	11
1679	11
1680	11
1681	11
1682	11
1683	11
1684	11
1685	1
1686	1
1687	1
1688	1
1689	1
1690	1
1691	1
1692	1
1693	1
1694	1
1695	1
1696	1
1697	1
1698	1
1699	1
1700	1
1701	1
1702	1
1703	8
1704	8
1705	1
1706	1
1707	1
1708	1
1709	1
1710	1
1711	1
1712	1
1713	4
1714	4
1715	4
1716	4
1717	4
1718	4
1719	4
1720	4
1721	4
1722	4
1723	4
1724	4
1725	1
1726	1
1727	1
1728	4
1729	1
1730	1
1731	1
1732	1
1733	1
1734	1
1735	1
1736	1
1737	1
1738	1
1739	1
1740	1
1741	1
1742	3
1743	3
1744	3
1745	3
1746	3
1747	3
1748	3
1749	3
1750	3
1751	3
1752	3
1753	3
1754	3
1755	3
1756	3
1757	4
1758	4
1759	4
1760	4
1761	3
1762	3
1763	3
1764	8
1765	3
1766	3
1767	8
1768	3
1769	3
1770	3
1771	3
1772	3
1773	3
1774	4
1775	4
1776	4
1777	4
1778	4
1779	4
1780	4
1781	4
1782	4
1783	4
1784	4
1785	4
1786	4
1787	3
1788	3
1789	3
1790	3
1791	3
1792	3
1793	3
1794	3
1795	4
1796	4
1797	4
1798	4
1799	3
1800	3
1801	3
1802	3
1803	3
1804	3
1805	3
1806	3
1807	3
1808	3
1809	12
1810	12
1811	12
1812	12
1813	12
1814	12
1815	12
1816	12
1817	12
1818	8
1819	12
1820	12
1821	12
1822	12
1823	12
1824	12
1825	12
1826	12
1827	12
1828	12
1829	12
1830	4
1831	4
1832	4
1833	4
1834	4
1835	12
1836	12
1837	4
1838	12
1839	12
1840	9
1841	9
1842	9
1843	9
1844	9
1845	12
1846	12
1847	12
1848	12
1849	8
1850	12
1851	12
1852	12
1853	12
1854	8
1855	12
1856	12
1857	4
1858	4
1859	4
1860	4
1861	4
1862	4
1863	12
1864	12
1865	12
1866	12
1867	12
1868	12
1869	12
1870	12
1871	12
1872	11
1873	11
1874	11
1875	11
1876	11
1877	11
1878	11
1879	11
1880	11
1881	11
1882	11
1883	11
1884	11
1885	11
1886	11
1887	11
1888	11
1889	11
1890	11
1891	11
1892	11
1893	11
1894	11
1895	5
1896	5
1897	3
1898	2
1899	2
1900	2
1901	2
1902	2
1903	2
1904	5
1905	5
1906	5
1907	5
1908	5
1909	5
1910	5
1911	5
1912	5
1913	5
1914	5
1915	5
1916	2
1917	2
1918	2
1919	2
1920	2
1921	2
1922	2
1923	2
1924	3
1925	3
1926	5
1927	5
1928	3
1929	5
1930	3
1931	5
1932	5
1933	5
1934	5
1935	5
1936	5
1937	3
1938	5
1939	5
1940	3
1941	5
1942	5
1943	5
1944	5
1945	5
1946	5
1947	5
1948	5
1949	5
1950	5
1951	3
1952	3
1953	5
1954	5
1955	5
1956	5
1957	3
1958	5
1959	3
1960	5
1961	5
1962	5
1963	5
1964	5
1965	3
1966	5
1967	5
1968	5
1969	5
1970	5
1971	5
1972	3
1973	5
1974	5
1975	5
1976	9
1977	9
1978	9
1979	9
1980	9
1981	7
1982	7
1983	7
1984	7
1985	7
1986	7
1987	7
1988	9
1989	9
1990	9
1991	7
1992	9
1993	7
1994	7
1995	7
1996	9
1997	7
1998	9
1999	7
2000	9
2001	9
2002	9
2003	9
2004	9
2005	9
2006	9
2007	7
2008	7
2009	7
2010	7
2011	7
2012	7
2013	9
2014	7
2015	7
2016	9
2017	11
2018	11
2019	11
2020	11
2021	11
2022	11
2023	11
2024	11
2025	11
2026	11
2027	11
2028	11
2029	11
2030	7
2031	7
2032	7
2033	7
2034	11
2035	11
2036	11
2037	11
2038	4
2039	4
2040	4
2041	4
2042	4
2043	11
2044	11
2045	11
2046	11
2047	7
2048	4
2049	4
2050	11
2051	11
2052	11
2053	11
2054	11
2055	11
2056	11
2057	7
2058	9
2059	9
2060	9
2061	9
2062	9
2063	9
2064	9
2065	9
2066	9
2067	9
2068	11
2069	11
2070	11
2071	11
2072	11
2073	4
2074	11
2075	11
2076	11
2077	4
2078	4
2079	11
2080	4
2081	11
2082	4
2083	11
2084	11
2085	11
2086	11
2087	11
2088	11
2089	1
2090	1
2091	1
2092	1
2093	1
2094	1
2095	1
2096	3
2097	3
2098	3
2099	3
2100	3
2101	3
2102	3
2103	3
2104	3
2105	3
2106	3
2107	3
2108	3
2109	3
2110	3
2111	3
2112	3
2113	8
2114	8
2115	8
2116	8
2117	8
2118	12
2119	12
2120	8
2121	8
2122	12
2123	12
2124	11
2125	8
2126	8
2127	8
2128	8
2129	8
2130	12
2131	8
2132	8
2133	12
2134	12
2135	8
2136	12
2137	12
2138	12
2139	8
2140	12
2141	8
2142	8
2143	8
2144	8
2145	12
2146	12
2147	12
2148	8
2149	12
2150	8
2151	8
2152	8
2153	8
2154	8
2155	8
2156	8
2157	8
2158	8
2159	8
2160	8
2161	8
2162	8
2163	8
2164	8
2165	8
2166	12
2167	8
2168	8
2169	8
2170	8
2171	8
2172	8
2173	8
2174	8
2175	8
2176	12
2177	12
2178	8
2179	8
2180	8
2181	8
2182	8
2183	8
2184	8
2185	8
2186	8
2187	8
2188	8
2189	8
2190	8
2191	8
2192	8
2193	8
2194	8
2195	8
2196	12
2197	8
2198	8
2199	12
2200	8
2201	8
2202	8
2203	8
2204	8
2205	8
2206	8
2207	8
2208	8
2209	8
2210	8
2211	8
2212	8
2213	8
2214	8
2215	12
2216	12
2217	8
2218	8
2219	8
2220	8
2221	8
2222	8
2223	12
2224	8
2225	8
2226	8
2227	8
2228	8
2229	8
2230	8
2231	8
2232	8
2233	12
2234	12
2235	8
2236	12
2237	12
2238	12
2239	8
2240	8
2241	8
2242	12
2243	8
2244	8
2245	12
2246	8
2247	8
2248	8
2249	8
2250	8
2251	8
2252	8
2253	8
2254	8
2255	8
2256	8
2257	8
2258	12
2259	8
2260	8
2261	8
2262	8
2263	8
2264	8
2265	8
2266	8
2267	8
2268	8
2269	8
2270	8
2271	12
2272	8
2273	12
2274	8
2275	8
2276	8
2277	12
2278	8
2279	8
2280	8
2281	8
2282	8
2283	12
2284	11
2285	11
2286	8
2287	8
2288	8
2289	8
2290	8
2291	8
2292	8
2293	8
2294	8
2295	8
2296	8
2297	12
2298	12
2299	8
2300	12
2301	8
2302	12
2303	12
2304	12
2305	8
2306	8
2307	8
2308	8
2309	11
2310	11
2311	11
2312	13
2313	13
2314	13
2315	13
2316	13
2317	13
2318	13
2319	13
2320	13
2321	13
2322	13
2323	13
2324	13
2325	13
2326	13
2327	13
2328	13
2329	13
2330	5
2331	5
2332	5
2333	5
2334	5
2335	5
2336	5
2337	5
2338	5
2339	5
2340	5
2341	5
2342	5
2343	5
2344	5
2345	5
2346	13
2347	13
2348	13
2349	13
2350	13
2351	13
2352	13
2353	13
2354	13
2355	13
2356	13
2357	13
2358	13
2359	13
2360	13
2361	13
2362	13
2363	13
2364	13
2365	13
2366	12
2367	12
2368	12
2369	12
2370	12
2371	12
2372	12
2373	12
2374	12
2375	12
2376	12
2377	12
2378	12
2379	12
2380	12
2381	12
2382	12
2383	12
2384	12
2385	12
2386	12
2387	12
2388	12
2389	12
2390	12
2391	12
2392	12
2393	12
2394	12
2395	12
2396	12
2397	12
2398	12
2399	12
2400	12
2401	12
2402	12
2403	12
2404	12
2405	12
2406	12
2407	12
2408	12
2409	12
2410	12
2411	12
2412	12
2413	12
2414	12
2415	6
2416	6
2417	6
2418	6
2419	2
2420	6
2421	6
2422	6
2423	6
2424	6
2425	6
2426	6
2427	2
2428	6
2429	2
2430	2
2431	6
2432	6
2433	6
2434	6
2435	6
2436	6
2437	6
2438	6
2439	6
2440	6
2441	6
2442	6
2443	6
2444	6
2445	6
2446	6
2447	6
2448	6
2449	6
2450	6
2451	6
2452	6
2453	6
2454	6
2455	6
2456	6
2457	6
2458	6
2459	6
2460	6
2461	6
2462	6
2463	6
2464	6
2465	6
2466	6
2467	6
2468	6
2469	6
2470	6
2471	6
2472	6
2473	6
2474	6
2475	6
2476	6
2477	6
2478	6
2479	6
2480	6
2481	6
2482	6
2483	6
2484	6
2485	6
2486	6
2487	6
2488	6
2489	6
2490	6
2491	6
2492	6
2493	6
2494	6
2495	6
2496	2
2497	2
2498	6
2499	6
2500	6
2501	6
2502	6
2503	6
2504	6
2505	6
2506	6
2507	6
2508	6
2509	2
2510	6
2511	6
2512	6
2513	6
2514	6
2515	6
2516	6
2517	6
2518	6
2519	6
2520	6
2521	6
2522	6
2523	2
2524	6
2525	2
2526	6
2527	6
2528	6
2529	2
2530	2
2531	2
2532	2
2533	2
2534	2
2535	2
2536	2
2537	2
2538	2
2539	6
2540	2
2541	6
2542	6
2543	6
2544	6
2545	6
2546	6
2547	6
2548	6
2549	6
2550	6
2551	6
2552	2
2553	2
2554	6
2555	6
2556	6
2557	6
2558	6
2559	6
2560	6
2561	6
2562	6
2563	2
2564	6
2565	6
2566	6
2567	6
2568	2
2569	6
2570	6
2571	6
2572	6
2573	6
2574	2
2575	6
2576	6
2577	6
2578	6
2579	6
2580	6
2581	2
2582	6
2583	6
2584	6
2585	6
2586	6
2587	2
2588	2
2589	2
2590	2
2591	2
2592	2
2593	2
2594	6
2595	6
2596	6
2597	6
2598	6
2599	6
2600	6
2601	6
2602	6
2603	6
2604	2
2605	6
2606	11
2607	11
2608	11
2609	11
2610	11
2611	11
2612	11
2613	11
2614	11
2615	11
2616	11
2617	11
2618	11
2619	11
2620	11
2621	11
2622	11
2623	11
2624	11
2625	11
2626	11
2627	11
2628	11
2629	11
2630	11
2631	11
2632	11
2633	11
2634	11
2635	11
2636	11
2637	11
2638	11
2639	11
2640	7
2641	7
2642	7
2643	7
2644	7
2645	9
2646	9
2647	9
2648	7
2649	7
2650	7
2651	7
2652	7
2653	7
2654	9
2655	7
2656	7
2657	7
2658	7
2659	7
2660	7
2661	7
2662	7
2663	7
2664	9
2665	9
2666	7
2667	9
2668	7
2669	9
2670	9
2671	7
2672	7
2673	7
2674	7
2675	7
2676	9
2677	9
2678	7
2679	7
2680	9
2681	7
2682	7
2683	7
2684	7
2685	7
2686	7
2687	7
2688	5
2689	5
2690	5
2691	5
315	1
1657	10
