0	11
1	11
2	11
3	11
4	11
5	11
6	11
7	6
8	6
9	6
10	6
11	12
12	12
13	12
14	12
15	12
16	6
17	12
18	6
19	6
20	6
21	13
22	13
23	13
24	13
25	13
26	13
27	13
28	13
29	6
30	6
31	6
32	6
33	6
34	6
35	6
36	6
37	6
38	6
39	6
40	6
41	6
42	6
43	6
44	6
45	6
46	6
47	6
48	6
49	6
50	6
51	6
52	6
53	4
54	4
55	4
56	4
57	4
58	6
59	6
60	6
61	6
62	6
63	6
64	6
65	4
66	4
67	4
68	4
69	4
70	4
71	13
72	13
73	13
74	13
75	6
76	6
77	6
78	6
79	6
80	6
81	6
82	6
83	3
84	3
85	3
86	3
87	3
88	3
89	3
90	3
91	3
92	3
93	3
94	3
95	3
96	6
97	12
98	6
99	12
100	12
101	12
102	6
103	12
104	6
105	6
106	12
107	6
108	6
109	12
110	12
111	12
112	12
113	12
114	6
115	12
116	12
117	12
118	12
119	12
120	12
121	12
122	12
123	12
124	12
125	12
126	12
127	12
128	12
129	10
130	10
131	10
132	10
133	10
134	10
135	10
136	10
137	10
138	10
139	10
140	10
141	10
142	10
143	10
144	10
145	10
146	10
147	10
148	10
149	10
150	10
151	10
152	10
153	10
154	10
155	10
156	10
157	10
158	10
159	10
160	10
161	10
162	10
163	10
164	10
165	10
166	5
167	5
168	5
169	5
170	5
171	5
172	5
173	5
174	5
175	5
176	5
177	5
178	5
179	5
180	5
181	5
182	5
183	11
184	11
185	11
186	11
187	11
188	11
189	11
190	11
191	11
192	11
193	11
194	11
195	11
196	11
197	11
198	11
199	11
200	11
201	11
202	11
203	11
204	11
205	11
206	11
207	11
208	13
209	13
210	13
211	13
212	13
213	13
214	13
215	13
216	13
217	13
218	13
219	13
220	13
221	13
222	13
223	13
224	13
225	13
226	13
227	13
228	13
229	13
230	13
231	13
232	13
233	13
234	13
235	13
236	13
237	13
238	13
239	13
240	13
241	13
242	13
243	13
244	13
245	13
246	13
247	13
248	11
249	11
250	11
251	11
252	11
253	11
254	11
255	11
256	11
257	11
258	11
259	11
260	11
261	7
262	7
263	7
264	7
265	7
266	7
267	7
268	7
269	7
270	7
271	7
272	7
273	7
274	7
275	7
276	7
277	7
278	7
279	7
280	7
281	7
282	7
283	7
284	7
285	7
286	7
287	7
288	7
289	7
290	7
291	7
292	7
293	7
294	7
295	7
296	7
297	7
298	7
299	7
300	7
301	7
302	11
303	11
304	11
305	11
306	4
307	4
308	4
309	2
310	2
311	2
312	4
313	4
314	4
316	8
317	8
318	8
319	8
320	8
321	8
322	8
323	8
324	8
325	8
326	8
327	8
328	8
329	8
330	8
331	4
332	4
333	4
334	4
335	4
336	2
337	8
338	8
339	8
340	4
341	4
342	4
343	4
344	4
345	4
346	4
347	4
348	4
349	4
350	2
351	4
352	4
353	2
354	4
355	4
356	5
357	5
358	5
359	5
360	5
361	5
362	5
363	5
364	5
365	3
366	5
367	3
368	5
369	2
370	4
371	4
372	2
373	2
374	4
375	2
376	2
377	4
378	4
379	4
380	4
381	4
382	4
383	4
384	4
385	4
386	4
387	4
388	4
389	8
390	8
391	8
392	8
393	8
394	4
395	2
396	4
397	2
398	8
399	8
400	8
401	8
402	8
403	13
404	13
405	13
406	13
407	13
408	13
409	6
410	6
411	6
412	6
413	6
414	6
415	6
416	6
417	6
418	6
419	6
420	6
421	6
422	6
423	6
424	6
425	3
426	3
427	3
428	3
429	3
430	3
431	3
432	3
433	6
434	6
435	6
436	6
437	6
438	6
439	6
440	6
441	6
442	6
443	6
444	6
445	6
446	3
447	3
448	3
449	3
450	3
451	6
452	6
453	6
454	3
455	3
456	3
457	6
458	6
459	6
460	6
461	6
462	6
463	3
464	3
465	3
466	3
467	3
468	3
469	3
470	3
471	3
472	3
473	6
474	6
475	7
476	7
477	7
478	7
479	7
480	7
481	7
482	5
483	7
484	13
485	13
486	7
487	5
488	5
489	7
490	7
491	7
492	7
493	7
494	7
495	7
496	5
497	7
498	13
499	7
500	7
501	5
502	13
503	7
504	7
505	7
506	13
507	13
508	13
509	13
510	13
511	13
512	13
513	13
514	13
515	13
516	13
517	13
518	13
519	13
520	13
521	13
522	12
523	3
524	3
525	3
526	11
527	11
528	3
529	3
530	3
531	3
532	3
533	3
534	3
535	3
536	3
537	3
538	11
539	11
540	11
541	11
542	11
543	11
544	11
545	11
546	11
547	11
548	11
549	11
550	11
551	11
552	11
553	11
554	11
555	11
556	11
557	11
558	11
559	7
560	7
561	7
562	7
563	7
564	7
565	11
566	11
567	11
568	11
569	11
570	12
571	12
572	12
573	12
574	3
575	12
576	12
577	12
578	3
579	12
580	12
581	11
582	11
583	11
584	11
585	11
586	11
587	13
588	13
589	13
590	13
591	13
592	13
593	13
594	13
595	13
596	7
597	13
598	7
599	13
600	13
601	13
602	13
603	11
604	11
605	11
606	11
607	11
608	11
609	11
610	11
611	11
612	11
613	11
614	11
615	11
616	11
617	13
618	13
619	13
620	7
621	7
622	7
623	7
624	7
625	7
626	13
627	7
628	13
629	13
630	13
631	13
632	13
633	13
634	7
635	13
636	13
637	13
638	7
639	11
640	11
641	11
642	11
643	11
644	11
645	11
646	11
647	11
648	11
649	11
650	11
651	11
652	11
653	11
654	11
655	11
656	11
657	5
658	5
659	5
660	5
661	1
662	1
663	1
664	1
665	1
666	1
667	1
668	1
669	1
670	7
671	7
672	7
673	7
674	7
675	7
676	7
677	7
678	7
679	7
680	1
681	1
682	1
683	1
684	1
685	1
686	1
687	1
688	1
689	1
690	1
691	1
692	1
693	1
694	1
695	1
696	1
697	7
698	7
699	7
700	7
701	7
702	7
703	7
704	7
705	7
706	7
707	7
708	7
709	7
710	7
711	7
712	7
713	7
714	1
715	1
716	7
717	7
718	7
719	7
720	7
721	7
722	7
723	7
724	7
725	7
726	7
727	7
728	7
729	7
730	7
731	7
732	8
733	6
734	8
735	6
736	6
737	5
738	3
739	3
740	5
741	3
742	3
743	5
744	5
745	8
746	8
747	8
748	6
749	6
750	6
751	8
752	8
753	8
754	6
755	6
756	6
757	6
758	6
759	8
760	6
761	8
762	6
763	6
764	6
765	6
766	5
767	3
768	5
769	3
770	6
771	6
772	5
773	5
774	5
775	3
776	5
777	5
778	5
779	5
780	5
781	5
782	5
783	5
784	5
785	13
786	5
787	5
788	5
789	5
790	5
791	13
792	13
793	13
794	13
795	13
796	13
797	13
798	13
799	13
800	13
801	5
802	5
803	5
804	5
805	13
806	13
807	13
808	5
809	5
810	5
811	2
812	12
813	2
814	12
815	2
816	2
817	12
818	12
819	12
820	12
821	12
822	2
823	12
824	2
825	2
826	2
827	12
828	2
829	12
830	2
831	2
832	2
833	2
834	12
835	12
836	2
837	12
838	2
839	2
840	12
841	2
842	12
843	12
844	12
845	2
846	12
847	12
848	12
849	12
850	12
851	12
852	2
853	2
854	12
855	2
856	12
857	12
858	11
859	11
860	11
861	11
862	11
863	11
864	11
865	11
866	11
867	11
868	11
869	11
870	11
871	2
872	2
873	2
874	2
875	12
876	2
877	2
878	2
879	2
880	2
881	2
882	2
883	12
884	2
885	12
886	2
887	12
888	12
889	2
890	2
891	12
892	12
893	12
894	12
895	12
896	2
897	2
898	12
899	12
900	12
901	12
902	2
903	12
904	2
905	12
906	2
907	12
908	12
909	2
910	12
911	12
912	12
913	12
914	2
915	2
916	2
917	2
918	2
919	2
920	12
921	12
922	12
923	12
924	2
925	12
926	2
927	2
928	12
929	2
930	12
931	12
932	12
933	12
934	2
935	12
936	2
937	2
938	2
939	12
940	12
941	2
942	12
943	12
944	12
945	12
946	2
947	12
948	12
949	12
950	12
951	12
952	12
953	2
954	12
955	12
956	12
957	12
958	12
959	2
960	12
961	12
962	12
963	2
964	12
965	2
966	12
967	2
968	12
969	12
970	2
971	2
972	12
973	12
974	12
975	12
976	12
977	12
978	2
979	12
980	2
981	2
982	8
983	8
984	8
985	5
986	5
987	5
988	5
989	5
990	5
991	5
992	5
993	5
994	5
995	5
996	5
997	5
998	5
999	5
1000	5
1001	5
1002	5
1003	5
1004	5
1005	5
1006	5
1007	8
1008	8
1009	5
1010	8
1011	8
1012	8
1013	8
1014	8
1015	8
1016	8
1017	8
1018	8
1019	8
1020	8
1021	8
1022	8
1023	8
1024	8
1025	8
1026	8
1027	8
1028	8
1029	8
1030	8
1031	8
1032	8
1033	8
1034	8
1035	8
1036	8
1037	8
1038	8
1039	8
1040	8
1041	8
1042	8
1043	8
1044	8
1045	8
1046	8
1047	8
1048	8
1049	8
1050	8
1051	8
1052	8
1053	8
1054	8
1055	8
1056	8
1057	8
1058	8
1059	8
1060	8
1061	8
1062	8
1063	8
1064	8
1065	8
1066	8
1067	8
1068	8
1069	8
1070	8
1071	8
1072	8
1073	8
1074	8
1075	11
1076	11
1077	11
1078	11
1079	11
1080	11
1081	11
1082	11
1083	11
1084	11
1085	11
1086	11
1087	7
1088	7
1089	7
1090	7
1091	7
1092	7
1093	7
1094	13
1095	13
1096	13
1097	13
1098	13
1099	13
1100	13
1101	13
1102	13
1103	13
1104	13
1105	13
1106	13
1107	2
1108	2
1109	2
1110	2
1111	2
1112	2
1113	2
1114	2
1115	2
1116	2
1117	2
1118	2
1119	2
1120	2
1121	2
1122	2
1123	2
1124	2
1125	2
1126	2
1127	2
1128	2
1129	2
1130	2
1131	2
1132	2
1133	2
1134	2
1135	2
1136	2
1137	2
1138	2
1139	2
1140	2
1141	2
1142	2
1143	2
1144	2
1145	2
1146	2
1147	2
1148	2
1149	2
1150	2
1151	2
1152	2
1153	2
1154	13
1155	13
1156	13
1157	13
1158	4
1159	13
1160	13
1161	13
1162	4
1163	4
1164	4
1165	4
1166	4
1167	4
1168	13
1169	8
1170	8
1171	8
1172	8
1173	8
1174	8
1175	8
1176	8
1177	8
1178	8
1179	8
1180	8
1181	8
1182	8
1183	8
1184	8
1185	8
1186	8
1187	8
1188	8
1189	8
1190	8
1191	8
1192	8
1193	8
1194	8
1195	8
1196	8
1197	8
1198	8
1199	8
1200	2
1201	2
1202	2
1203	12
1204	12
1205	2
1206	2
1207	2
1208	12
1209	2
1210	2
1211	2
1212	2
1213	12
1214	2
1215	2
1216	2
1217	12
1218	2
1219	2
1220	2
1221	2
1222	12
1223	2
1224	12
1225	12
1226	2
1227	12
1228	12
1229	2
1230	12
1231	2
1232	2
1233	2
1234	2
1235	12
1236	2
1237	2
1238	2
1239	12
1240	7
1241	7
1242	7
1243	13
1244	13
1245	7
1246	13
1247	13
1248	13
1249	13
1250	13
1251	13
1252	13
1253	6
1254	6
1255	6
1256	6
1257	6
1258	13
1259	13
1260	13
1261	13
1262	7
1263	7
1264	6
1265	6
1266	6
1267	6
1268	6
1269	6
1270	6
1271	6
1272	6
1273	6
1274	6
1275	6
1276	6
1277	6
1278	13
1279	13
1280	13
1281	13
1282	7
1283	7
1284	6
1285	6
1286	6
1287	6
1288	4
1289	13
1290	13
1291	13
1292	13
1293	13
1294	4
1295	13
1296	13
1297	13
1298	13
1299	4
1300	13
1301	13
1302	13
1303	6
1304	11
1305	11
1306	11
1307	11
1308	6
1309	11
1310	6
1311	6
1312	6
1313	6
1314	2
1315	2
1316	2
1317	2
1318	2
1319	2
1320	2
1321	2
1322	2
1323	2
1324	2
1325	2
1326	2
1327	2
1328	2
1329	2
1330	2
1331	2
1332	2
1333	2
1334	2
1335	2
1336	2
1337	2
1338	2
1339	2
1340	2
1341	2
1342	2
1343	2
1344	2
1345	2
1346	6
1347	11
1348	11
1349	11
1350	11
1351	11
1352	11
1353	11
1354	11
1355	11
1356	11
1357	11
1358	11
1359	11
1360	11
1361	11
1362	11
1363	2
1364	2
1365	2
1366	2
1367	2
1368	2
1369	2
1370	2
1371	2
1372	2
1373	2
1374	2
1375	2
1376	2
1377	2
1378	2
1379	2
1380	2
1381	13
1382	13
1383	13
1384	13
1385	13
1386	13
1387	13
1388	13
1389	13
1390	13
1391	13
1392	13
1393	13
1394	13
1395	13
1396	13
1397	6
1398	6
1399	6
1400	6
1401	6
1402	6
1403	6
1404	6
1405	6
1406	6
1407	6
1408	6
1409	6
1410	6
1411	6
1412	6
1413	6
1414	6
1415	6
1416	6
1417	6
1418	6
1419	6
1420	6
1421	6
1422	6
1423	6
1424	6
1425	6
1426	6
1427	6
1428	12
1429	12
1430	12
1431	12
1432	12
1433	12
1434	12
1435	12
1436	12
1437	12
1438	12
1439	12
1440	12
1441	8
1442	8
1443	8
1444	8
1445	8
1446	8
1447	8
1448	8
1449	8
1450	8
1451	8
1452	8
1453	8
1454	8
1455	12
1456	12
1457	12
1458	12
1459	12
1460	12
1461	12
1462	12
1463	12
1464	12
1465	13
1466	13
1467	13
1468	13
1469	13
1470	13
1471	13
1472	13
1473	13
1474	13
1475	13
1476	13
1477	13
1478	13
1479	13
1480	13
1481	13
1482	13
1483	13
1484	13
1485	13
1486	13
1487	13
1488	13
1489	8
1490	8
1491	8
1492	8
1493	8
1494	8
1495	8
1496	8
1497	8
1498	8
1499	8
1500	8
1501	1
1502	1
1503	1
1504	1
1505	1
1506	1
1507	1
1508	1
1509	1
1510	1
1511	1
1512	1
1513	1
1514	1
1515	1
1516	1
1517	1
1518	1
1519	1
1520	1
1521	1
1522	1
1523	1
1524	1
1525	1
1526	1
1527	1
1528	1
1529	3
1530	3
1531	3
1532	3
1533	3
1534	3
1535	3
1536	3
1537	3
1538	3
1539	3
1540	3
1541	3
1542	3
1543	3
1544	3
1545	3
1546	3
1547	3
1548	3
1549	3
1550	3
1551	3
1552	3
1553	3
1554	3
1555	3
1556	3
1557	3
1558	3
1559	3
1560	3
1561	3
1562	3
1563	3
1564	3
1565	3
1566	3
1567	3
1568	3
1569	3
1570	3
1571	3
1572	3
1573	3
1574	3
1575	3
1576	6
1577	6
1578	6
1579	6
1580	6
1581	6
1582	6
1583	6
1584	6
1585	6
1586	6
1587	6
1588	6
1589	6
1590	6
1591	6
1592	6
1593	6
1594	6
1595	6
1596	6
1597	6
1598	6
1599	6
1600	6
1601	6
1602	3
1603	3
1604	3
1605	3
1606	3
1607	3
1608	3
1609	3
1610	3
1611	3
1612	3
1613	3
1614	3
1615	3
1616	3
1617	3
1618	13
1619	13
1620	13
1621	13
1622	13
1623	13
1624	13
1625	13
1626	13
1627	13
1628	13
1629	8
1630	8
1631	8
1632	8
1633	8
1634	8
1635	8
1636	8
1637	8
1638	8
1639	8
1640	8
1641	8
1642	8
1643	8
1644	13
1645	13
1646	13
1647	13
1648	13
1649	8
1650	8
1651	8
1652	8
1653	8
1654	8
1655	8
1656	8
1658	12
1659	8
1660	8
1661	8
1662	8
1663	8
1664	8
1665	12
1666	8
1667	8
1668	8
1669	8
1670	8
1671	8
1672	12
1673	13
1674	8
1675	8
1676	12
1677	13
1678	7
1679	7
1680	7
1681	7
1682	7
1683	7
1684	7
1685	6
1686	6
1687	6
1688	6
1689	6
1690	6
1691	6
1692	6
1693	6
1694	6
1695	6
1696	6
1697	6
1698	6
1699	6
1700	6
1701	6
1702	6
1703	1
1704	1
1705	6
1706	6
1707	6
1708	6
1709	6
1710	6
1711	6
1712	6
1713	13
1714	13
1715	13
1716	13
1717	13
1718	13
1719	13
1720	13
1721	13
1722	13
1723	13
1724	13
1725	6
1726	6
1727	6
1728	13
1729	6
1730	6
1731	6
1732	6
1733	6
1734	6
1735	6
1736	6
1737	6
1738	6
1739	6
1740	6
1741	6
1742	1
1743	1
1744	1
1745	1
1746	1
1747	1
1748	1
1749	1
1750	1
1751	1
1752	1
1753	1
1754	1
1755	1
1756	1
1757	13
1758	13
1759	13
1760	13
1761	1
1762	1
1763	1
1764	1
1765	1
1766	1
1767	1
1768	1
1769	1
1770	1
1771	1
1772	1
1773	1
1774	13
1775	13
1776	13
1777	13
1778	13
1779	13
1780	13
1781	13
1782	13
1783	13
1784	13
1785	13
1786	13
1787	1
1788	1
1789	1
1790	1
1791	1
1792	1
1793	1
1794	1
1795	13
1796	13
1797	13
1798	13
1799	1
1800	1
1801	1
1802	1
1803	1
1804	1
1805	1
1806	1
1807	1
1808	1
1809	9
1810	9
1811	9
1812	9
1813	9
1814	9
1815	9
1816	9
1817	9
1818	9
1819	12
1820	9
1821	9
1822	9
1823	9
1824	9
1825	9
1826	9
1827	9
1828	9
1829	9
1830	7
1831	7
1832	7
1833	7
1834	7
1835	9
1836	9
1837	7
1838	9
1839	9
1840	3
1841	3
1842	3
1843	3
1844	3
1845	9
1846	9
1847	9
1848	9
1849	9
1850	9
1851	9
1852	9
1853	9
1854	9
1855	9
1856	9
1857	13
1858	13
1859	13
1860	13
1861	13
1862	13
1863	9
1864	12
1865	12
1866	12
1867	9
1868	9
1869	9
1870	9
1871	9
1872	5
1873	5
1874	7
1875	7
1876	7
1877	7
1878	7
1879	7
1880	7
1881	7
1882	5
1883	7
1884	7
1885	7
1886	7
1887	7
1888	5
1889	7
1890	7
1891	7
1892	7
1893	5
1894	5
1895	11
1896	11
1897	11
1898	4
1899	4
1900	4
1901	4
1902	4
1903	4
1904	11
1905	11
1906	11
1907	11
1908	11
1909	11
1910	11
1911	11
1912	11
1913	11
1914	11
1915	11
1916	4
1917	4
1918	4
1919	4
1920	4
1921	4
1922	4
1923	4
1924	11
1925	11
1926	11
1927	11
1928	11
1929	11
1930	11
1931	11
1932	11
1933	11
1934	11
1935	11
1936	11
1937	11
1938	11
1939	11
1940	11
1941	11
1942	11
1943	11
1944	11
1945	11
1946	11
1947	11
1948	11
1949	11
1950	11
1951	11
1952	11
1953	11
1954	11
1955	11
1956	11
1957	11
1958	11
1959	11
1960	11
1961	11
1962	11
1963	11
1964	11
1965	11
1966	11
1967	11
1968	11
1969	11
1970	11
1971	11
1972	11
1973	11
1974	11
1975	11
1976	3
1977	3
1978	3
1979	3
1980	3
1981	3
1982	3
1983	3
1984	3
1985	3
1986	3
1987	3
1988	3
1989	3
1990	3
1991	3
1992	3
1993	3
1994	3
1995	3
1996	3
1997	3
1998	3
1999	3
2000	3
2001	3
2002	3
2003	3
2004	3
2005	3
2006	3
2007	3
2008	3
2009	3
2010	3
2011	3
2012	3
2013	3
2014	3
2015	3
2016	3
2017	7
2018	7
2019	7
2020	7
2021	7
2022	7
2023	7
2024	5
2025	7
2026	7
2027	7
2028	7
2029	7
2030	5
2031	5
2032	5
2033	5
2034	5
2035	5
2036	5
2037	5
2038	7
2039	7
2040	7
2041	7
2042	7
2043	7
2044	7
2045	7
2046	5
2047	5
2048	7
2049	7
2050	7
2051	5
2052	5
2053	5
2054	5
2055	5
2056	5
2057	5
2058	3
2059	3
2060	3
2061	3
2062	3
2063	3
2064	3
2065	3
2066	3
2067	3
2068	7
2069	7
2070	7
2071	13
2072	7
2073	13
2074	7
2075	7
2076	7
2077	13
2078	13
2079	7
2080	13
2081	7
2082	13
2083	7
2084	7
2085	7
2086	7
2087	7
2088	7
2089	8
2090	8
2091	8
2092	8
2093	8
2094	8
2095	8
2096	11
2097	11
2098	11
2099	11
2100	11
2101	11
2102	11
2103	11
2104	11
2105	11
2106	11
2107	11
2108	11
2109	11
2110	11
2111	11
2112	11
2113	9
2114	9
2115	9
2116	9
2117	9
2118	1
2119	1
2120	9
2121	9
2122	1
2123	1
2124	7
2125	9
2126	9
2127	9
2128	9
2129	9
2130	1
2131	9
2132	9
2133	1
2134	1
2135	9
2136	1
2137	1
2138	1
2139	9
2140	9
2141	1
2142	9
2143	1
2144	1
2145	1
2146	1
2147	1
2148	9
2149	1
2150	9
2151	9
2152	9
2153	9
2154	9
2155	9
2156	1
2157	9
2158	9
2159	1
2160	9
2161	9
2162	9
2163	9
2164	1
2165	1
2166	1
2167	9
2168	9
2169	9
2170	9
2171	9
2172	9
2173	9
2174	1
2175	1
2176	1
2177	1
2178	9
2179	9
2180	1
2181	1
2182	9
2183	9
2184	9
2185	9
2186	9
2187	9
2188	1
2189	9
2190	9
2191	9
2192	9
2193	9
2194	1
2195	9
2196	1
2197	1
2198	9
2199	1
2200	9
2201	1
2202	1
2203	9
2204	9
2205	9
2206	9
2207	9
2208	9
2209	9
2210	9
2211	9
2212	9
2213	9
2214	9
2215	1
2216	1
2217	9
2218	9
2219	9
2220	9
2221	9
2222	1
2223	1
2224	9
2225	9
2226	9
2227	9
2228	1
2229	1
2230	1
2231	1
2232	9
2233	1
2234	1
2235	9
2236	1
2237	1
2238	1
2239	9
2240	9
2241	1
2242	1
2243	1
2244	1
2245	1
2246	9
2247	1
2248	1
2249	9
2250	9
2251	9
2252	9
2253	1
2254	1
2255	1
2256	1
2257	9
2258	9
2259	9
2260	9
2261	1
2262	1
2263	9
2264	9
2265	9
2266	1
2267	9
2268	9
2269	1
2270	1
2271	1
2272	9
2273	1
2274	9
2275	9
2276	9
2277	1
2278	1
2279	1
2280	9
2281	9
2282	9
2283	9
2284	7
2285	7
2286	9
2287	9
2288	9
2289	9
2290	9
2291	9
2292	9
2293	9
2294	9
2295	9
2296	9
2297	1
2298	1
2299	1
2300	1
2301	9
2302	1
2303	9
2304	9
2305	9
2306	9
2307	1
2308	9
2309	7
2310	7
2311	7
2312	4
2313	4
2314	4
2315	4
2316	4
2317	4
2318	4
2319	4
2320	4
2321	4
2322	4
2323	4
2324	4
2325	4
2326	4
2327	4
2328	4
2329	4
2330	11
2331	11
2332	11
2333	11
2334	11
2335	11
2336	11
2337	11
2338	11
2339	11
2340	11
2341	11
2342	11
2343	11
2344	11
2345	11
2346	8
2347	8
2348	8
2349	8
2350	8
2351	8
2352	8
2353	8
2354	8
2355	8
2356	8
2357	8
2358	8
2359	8
2360	8
2361	8
2362	8
2363	8
2364	8
2365	8
2366	12
2367	12
2368	12
2369	12
2370	12
2371	12
2372	12
2373	12
2374	12
2375	12
2376	12
2377	12
2378	12
2379	12
2380	12
2381	12
2382	12
2383	12
2384	12
2385	12
2386	12
2387	12
2388	12
2389	12
2390	12
2391	12
2392	12
2393	12
2394	12
2395	12
2396	12
2397	12
2398	12
2399	12
2400	12
2401	12
2402	12
2403	12
2404	12
2405	12
2406	12
2407	12
2408	12
2409	12
2410	12
2411	12
2412	12
2413	12
2414	12
2415	4
2416	4
2417	4
2418	4
2419	10
2420	10
2421	10
2422	4
2423	4
2424	4
2425	4
2426	4
2427	10
2428	10
2429	10
2430	10
2431	4
2432	4
2433	4
2434	4
2435	4
2436	4
2437	4
2438	10
2439	10
2440	10
2441	4
2442	4
2443	4
2444	4
2445	10
2446	10
2447	10
2448	4
2449	10
2450	10
2451	10
2452	10
2453	10
2454	10
2455	4
2456	4
2457	4
2458	4
2459	4
2460	10
2461	10
2462	10
2463	10
2464	4
2465	10
2466	10
2467	4
2468	10
2469	10
2470	10
2471	10
2472	10
2473	10
2474	10
2475	10
2476	10
2477	4
2478	4
2479	10
2480	10
2481	4
2482	10
2483	10
2484	10
2485	10
2486	10
2487	10
2488	10
2489	10
2490	10
2491	10
2492	10
2493	10
2494	10
2495	10
2496	10
2497	10
2498	4
2499	4
2500	10
2501	10
2502	4
2503	4
2504	4
2505	4
2506	4
2507	4
2508	4
2509	10
2510	4
2511	4
2512	4
2513	4
2514	4
2515	10
2516	10
2517	10
2518	10
2519	10
2520	10
2521	10
2522	10
2523	10
2524	4
2525	10
2526	10
2527	10
2528	4
2529	10
2530	10
2531	10
2532	10
2533	10
2534	10
2535	10
2536	10
2537	10
2538	10
2539	10
2540	10
2541	10
2542	4
2543	4
2544	10
2545	10
2546	10
2547	4
2548	4
2549	4
2550	10
2551	10
2552	10
2553	10
2554	10
2555	10
2556	10
2557	10
2558	4
2559	4
2560	4
2561	4
2562	4
2563	10
2564	4
2565	10
2566	4
2567	4
2568	10
2569	4
2570	4
2571	4
2572	4
2573	4
2574	4
2575	10
2576	10
2577	10
2578	10
2579	10
2580	10
2581	10
2582	4
2583	10
2584	10
2585	4
2586	4
2587	10
2588	10
2589	10
2590	10
2591	10
2592	10
2593	10
2594	4
2595	4
2596	4
2597	4
2598	4
2599	4
2600	10
2601	10
2602	4
2603	4
2604	10
2605	10
2606	7
2607	7
2608	7
2609	7
2610	7
2611	7
2612	7
2613	7
2614	7
2615	7
2616	7
2617	7
2618	7
2619	7
2620	7
2621	7
2622	7
2623	7
2624	7
2625	7
2626	7
2627	7
2628	7
2629	7
2630	7
2631	7
2632	7
2633	7
2634	7
2635	7
2636	7
2637	7
2638	7
2639	7
2640	5
2641	5
2642	5
2643	5
2644	5
2645	5
2646	5
2647	5
2648	5
2649	5
2650	5
2651	5
2652	5
2653	5
2654	5
2655	5
2656	5
2657	5
2658	5
2659	5
2660	5
2661	5
2662	5
2663	5
2664	5
2665	3
2666	5
2667	5
2668	5
2669	3
2670	5
2671	5
2672	5
2673	3
2674	5
2675	5
2676	5
2677	5
2678	5
2679	5
2680	5
2681	3
2682	3
2683	3
2684	3
2685	5
2686	5
2687	5
2688	11
2689	11
2690	11
2691	11
315	8
1657	12
