0	12
1	12
2	12
3	12
4	12
5	12
6	12
7	9
8	9
9	9
10	9
11	9
12	9
13	9
14	9
15	9
16	9
17	9
18	4
19	4
20	4
21	5
22	5
23	5
24	5
25	5
26	5
27	5
28	5
29	3
30	3
31	3
32	3
33	3
34	3
35	3
36	3
37	3
38	3
39	3
40	3
41	3
42	3
43	3
44	3
45	3
46	3
47	3
48	3
49	3
50	3
51	3
52	3
53	10
54	10
55	10
56	10
57	10
58	3
59	3
60	3
61	3
62	3
63	3
64	3
65	10
66	10
67	10
68	10
69	10
70	10
71	5
72	5
73	5
74	5
75	3
76	3
77	3
78	3
79	3
80	3
81	3
82	3
83	7
84	7
85	7
86	7
87	7
88	7
89	7
90	7
91	7
92	7
93	7
94	7
95	7
96	9
97	9
98	9
99	9
100	9
101	9
102	9
103	9
104	9
105	9
106	9
107	9
108	9
109	9
110	9
111	9
112	9
113	9
114	9
115	9
116	9
117	9
118	9
119	9
120	9
121	9
122	9
123	9
124	9
125	9
126	9
127	9
128	9
129	6
130	1
131	1
132	6
133	6
134	1
135	1
136	1
137	6
138	6
139	6
140	1
141	6
142	6
143	6
144	1
145	1
146	1
147	6
148	6
149	6
150	6
151	1
152	1
153	6
154	1
155	1
156	1
157	6
158	6
159	6
160	6
161	6
162	6
163	6
164	6
165	6
166	7
167	7
168	7
169	7
170	7
171	7
172	7
173	7
174	7
175	7
176	7
177	7
178	7
179	7
180	7
181	7
182	7
183	3
184	3
185	3
186	3
187	3
188	3
189	3
190	3
191	3
192	3
193	3
194	3
195	3
196	3
197	3
198	3
199	3
200	3
201	3
202	3
203	3
204	3
205	3
206	3
207	3
208	5
209	5
210	5
211	5
212	5
213	5
214	5
215	5
216	5
217	5
218	5
219	5
220	5
221	5
222	5
223	5
224	5
225	5
226	5
227	5
228	5
229	5
230	5
231	5
232	5
233	5
234	5
235	5
236	5
237	5
238	5
239	5
240	5
241	5
242	5
243	5
244	5
245	5
246	5
247	5
248	3
249	3
250	3
251	3
252	3
253	3
254	3
255	3
256	3
257	3
258	3
259	3
260	3
261	5
262	5
263	5
264	5
265	5
266	5
267	5
268	1
269	1
270	1
271	5
272	5
273	5
274	5
275	5
276	5
277	5
278	1
279	1
280	1
281	1
282	1
283	1
284	1
285	1
286	1
287	1
288	1
289	1
290	1
291	1
292	1
293	1
294	1
295	1
296	1
297	1
298	1
299	1
300	1
301	1
302	3
303	3
304	3
305	3
306	13
307	13
308	13
309	13
310	13
311	13
312	13
313	13
314	13
316	2
317	2
318	2
319	2
320	2
321	2
322	2
323	2
324	2
325	2
326	2
327	2
328	2
329	2
330	2
331	13
332	13
333	13
334	13
335	13
336	13
337	2
338	2
339	2
340	13
341	13
342	13
343	13
344	13
345	13
346	13
347	13
348	13
349	13
350	13
351	13
352	13
353	13
354	13
355	13
356	8
357	8
358	8
359	8
360	8
361	8
362	8
363	8
364	8
365	8
366	8
367	8
368	8
369	13
370	13
371	13
372	13
373	13
374	13
375	13
376	13
377	13
378	13
379	13
380	13
381	13
382	13
383	13
384	13
385	13
386	13
387	13
388	13
389	2
390	2
391	2
392	2
393	2
394	13
395	13
396	13
397	13
398	2
399	2
400	2
401	2
402	2
403	5
404	5
405	5
406	5
407	5
408	5
409	4
410	3
411	4
412	4
413	3
414	3
415	3
416	3
417	3
418	3
419	3
420	3
421	3
422	3
423	4
424	3
425	7
426	7
427	7
428	7
429	7
430	7
431	7
432	7
433	3
434	3
435	3
436	3
437	3
438	3
439	3
440	3
441	3
442	3
443	3
444	3
445	4
446	7
447	7
448	7
449	7
450	7
451	3
452	4
453	3
454	7
455	7
456	7
457	3
458	4
459	3
460	4
461	3
462	3
463	7
464	7
465	7
466	7
467	7
468	7
469	7
470	7
471	7
472	7
473	3
474	4
475	1
476	1
477	1
478	1
479	1
480	1
481	1
482	1
483	1
484	5
485	5
486	1
487	1
488	1
489	1
490	1
491	1
492	1
493	1
494	1
495	1
496	1
497	1
498	5
499	1
500	1
501	1
502	5
503	1
504	1
505	1
506	5
507	5
508	5
509	5
510	5
511	5
512	5
513	5
514	5
515	5
516	5
517	5
518	5
519	5
520	5
521	5
522	9
523	9
524	9
525	9
526	12
527	12
528	9
529	9
530	9
531	9
532	9
533	9
534	9
535	9
536	9
537	9
538	12
539	12
540	12
541	12
542	12
543	12
544	12
545	12
546	12
547	12
548	12
549	12
550	12
551	12
552	12
553	12
554	12
555	12
556	12
557	12
558	12
559	5
560	5
561	5
562	5
563	5
564	5
565	12
566	12
567	12
568	12
569	12
570	9
571	9
572	9
573	9
574	9
575	9
576	9
577	9
578	9
579	9
580	9
581	12
582	12
583	12
584	12
585	12
586	12
587	5
588	5
589	5
590	5
591	5
592	5
593	5
594	5
595	5
596	5
597	5
598	5
599	5
600	5
601	5
602	5
603	3
604	3
605	3
606	3
607	3
608	3
609	3
610	3
611	3
612	3
613	3
614	3
615	3
616	3
617	5
618	5
619	5
620	5
621	5
622	5
623	5
624	5
625	5
626	5
627	5
628	5
629	5
630	5
631	5
632	5
633	5
634	5
635	5
636	5
637	5
638	5
639	12
640	12
641	12
642	12
643	12
644	12
645	12
646	12
647	12
648	12
649	12
650	12
651	12
652	12
653	12
654	12
655	12
656	12
657	7
658	7
659	7
660	7
661	12
662	12
663	4
664	4
665	4
666	12
667	12
668	4
669	4
670	1
671	1
672	1
673	1
674	1
675	1
676	1
677	1
678	1
679	1
680	4
681	12
682	4
683	12
684	4
685	12
686	12
687	4
688	12
689	12
690	12
691	12
692	12
693	12
694	12
695	12
696	12
697	1
698	1
699	1
700	1
701	1
702	1
703	1
704	1
705	1
706	1
707	1
708	1
709	1
710	1
711	1
712	1
713	1
714	12
715	12
716	5
717	5
718	1
719	1
720	1
721	5
722	5
723	5
724	5
725	5
726	5
727	5
728	5
729	5
730	5
731	5
732	2
733	2
734	2
735	4
736	4
737	7
738	7
739	7
740	7
741	7
742	7
743	7
744	7
745	2
746	4
747	4
748	4
749	4
750	4
751	2
752	4
753	4
754	4
755	2
756	4
757	4
758	4
759	4
760	4
761	4
762	4
763	4
764	4
765	4
766	7
767	7
768	7
769	7
770	4
771	4
772	7
773	7
774	7
775	7
776	7
777	7
778	7
779	7
780	7
781	7
782	7
783	7
784	7
785	13
786	7
787	7
788	7
789	7
790	7
791	13
792	13
793	13
794	13
795	13
796	13
797	13
798	13
799	13
800	13
801	7
802	7
803	7
804	7
805	13
806	13
807	13
808	7
809	7
810	7
811	10
812	2
813	10
814	2
815	10
816	10
817	10
818	2
819	2
820	2
821	10
822	10
823	2
824	10
825	10
826	10
827	10
828	10
829	2
830	10
831	10
832	10
833	10
834	2
835	2
836	10
837	2
838	10
839	10
840	2
841	10
842	2
843	2
844	2
845	10
846	10
847	2
848	2
849	10
850	2
851	2
852	10
853	10
854	2
855	10
856	2
857	2
858	3
859	3
860	3
861	3
862	3
863	3
864	3
865	3
866	3
867	3
868	3
869	3
870	3
871	10
872	10
873	10
874	10
875	2
876	10
877	10
878	10
879	10
880	10
881	10
882	10
883	2
884	10
885	2
886	10
887	2
888	2
889	10
890	10
891	10
892	2
893	2
894	2
895	2
896	10
897	10
898	10
899	2
900	2
901	2
902	10
903	2
904	10
905	2
906	10
907	2
908	2
909	10
910	2
911	2
912	2
913	2
914	2
915	10
916	10
917	10
918	10
919	10
920	2
921	2
922	2
923	2
924	10
925	2
926	10
927	10
928	2
929	10
930	2
931	2
932	2
933	2
934	10
935	2
936	10
937	10
938	10
939	2
940	2
941	10
942	2
943	10
944	2
945	2
946	10
947	2
948	2
949	2
950	10
951	2
952	2
953	10
954	2
955	2
956	2
957	2
958	2
959	10
960	10
961	2
962	2
963	10
964	2
965	10
966	10
967	10
968	10
969	2
970	10
971	10
972	2
973	2
974	2
975	2
976	2
977	2
978	10
979	10
980	10
981	10
982	2
983	2
984	9
985	1
986	8
987	8
988	1
989	8
990	1
991	8
992	1
993	1
994	1
995	1
996	8
997	1
998	1
999	1
1000	1
1001	1
1002	1
1003	1
1004	1
1005	8
1006	8
1007	2
1008	9
1009	8
1010	9
1011	2
1012	9
1013	2
1014	2
1015	2
1016	2
1017	9
1018	2
1019	2
1020	2
1021	2
1022	2
1023	2
1024	2
1025	2
1026	2
1027	9
1028	2
1029	2
1030	2
1031	2
1032	2
1033	2
1034	2
1035	2
1036	2
1037	2
1038	2
1039	2
1040	2
1041	2
1042	9
1043	2
1044	2
1045	2
1046	2
1047	2
1048	2
1049	2
1050	2
1051	2
1052	2
1053	2
1054	2
1055	2
1056	2
1057	2
1058	2
1059	2
1060	2
1061	2
1062	2
1063	2
1064	2
1065	2
1066	2
1067	2
1068	2
1069	2
1070	2
1071	2
1072	2
1073	2
1074	2
1075	3
1076	3
1077	3
1078	3
1079	3
1080	3
1081	3
1082	3
1083	3
1084	3
1085	3
1086	3
1087	1
1088	1
1089	1
1090	1
1091	1
1092	1
1093	1
1094	5
1095	5
1096	5
1097	5
1098	5
1099	5
1100	5
1101	5
1102	5
1103	5
1104	5
1105	5
1106	5
1107	10
1108	10
1109	10
1110	10
1111	10
1112	10
1113	10
1114	10
1115	10
1116	10
1117	10
1118	10
1119	10
1120	10
1121	10
1122	10
1123	10
1124	10
1125	10
1126	10
1127	10
1128	10
1129	10
1130	10
1131	10
1132	10
1133	10
1134	10
1135	10
1136	10
1137	10
1138	10
1139	10
1140	10
1141	10
1142	10
1143	10
1144	10
1145	10
1146	10
1147	10
1148	10
1149	10
1150	10
1151	10
1152	10
1153	10
1154	13
1155	13
1156	13
1157	13
1158	13
1159	13
1160	13
1161	13
1162	13
1163	13
1164	13
1165	13
1166	13
1167	13
1168	13
1169	2
1170	9
1171	2
1172	2
1173	2
1174	2
1175	2
1176	2
1177	2
1178	2
1179	2
1180	2
1181	2
1182	2
1183	2
1184	9
1185	2
1186	2
1187	2
1188	2
1189	2
1190	9
1191	2
1192	2
1193	2
1194	9
1195	2
1196	2
1197	2
1198	9
1199	2
1200	8
1201	8
1202	8
1203	8
1204	9
1205	9
1206	8
1207	8
1208	9
1209	8
1210	8
1211	8
1212	9
1213	9
1214	8
1215	9
1216	8
1217	9
1218	8
1219	8
1220	9
1221	9
1222	9
1223	8
1224	9
1225	9
1226	9
1227	9
1228	9
1229	8
1230	9
1231	9
1232	8
1233	8
1234	8
1235	9
1236	8
1237	8
1238	8
1239	9
1240	1
1241	1
1242	1
1243	5
1244	1
1245	1
1246	1
1247	1
1248	5
1249	5
1250	5
1251	5
1252	1
1253	3
1254	3
1255	3
1256	3
1257	3
1258	5
1259	1
1260	5
1261	5
1262	1
1263	1
1264	3
1265	3
1266	3
1267	3
1268	3
1269	3
1270	3
1271	3
1272	3
1273	3
1274	3
1275	3
1276	3
1277	3
1278	13
1279	13
1280	13
1281	5
1282	1
1283	1
1284	3
1285	3
1286	3
1287	3
1288	13
1289	13
1290	13
1291	13
1292	13
1293	13
1294	13
1295	13
1296	13
1297	13
1298	13
1299	13
1300	13
1301	13
1302	13
1303	3
1304	3
1305	3
1306	3
1307	3
1308	3
1309	3
1310	3
1311	3
1312	3
1313	3
1314	10
1315	10
1316	10
1317	10
1318	10
1319	10
1320	10
1321	10
1322	10
1323	10
1324	10
1325	10
1326	10
1327	10
1328	10
1329	10
1330	10
1331	10
1332	10
1333	10
1334	10
1335	10
1336	10
1337	10
1338	10
1339	10
1340	10
1341	10
1342	10
1343	10
1344	10
1345	10
1346	3
1347	12
1348	12
1349	12
1350	3
1351	3
1352	12
1353	3
1354	12
1355	12
1356	3
1357	12
1358	12
1359	12
1360	12
1361	3
1362	3
1363	8
1364	8
1365	8
1366	8
1367	8
1368	8
1369	8
1370	8
1371	8
1372	8
1373	8
1374	8
1375	8
1376	8
1377	8
1378	8
1379	8
1380	8
1381	13
1382	13
1383	13
1384	13
1385	13
1386	13
1387	13
1388	13
1389	13
1390	13
1391	13
1392	13
1393	13
1394	13
1395	13
1396	13
1397	3
1398	3
1399	3
1400	3
1401	3
1402	3
1403	3
1404	3
1405	3
1406	3
1407	3
1408	3
1409	3
1410	3
1411	3
1412	3
1413	3
1414	3
1415	3
1416	3
1417	3
1418	3
1419	3
1420	3
1421	3
1422	3
1423	3
1424	3
1425	3
1426	3
1427	3
1428	9
1429	9
1430	9
1431	9
1432	9
1433	9
1434	9
1435	9
1436	9
1437	9
1438	9
1439	9
1440	9
1441	2
1442	9
1443	2
1444	9
1445	2
1446	9
1447	9
1448	2
1449	9
1450	2
1451	2
1452	2
1453	2
1454	2
1455	9
1456	9
1457	9
1458	9
1459	9
1460	9
1461	9
1462	9
1463	9
1464	9
1465	5
1466	5
1467	5
1468	5
1469	5
1470	5
1471	5
1472	5
1473	5
1474	5
1475	5
1476	5
1477	5
1478	5
1479	5
1480	5
1481	5
1482	5
1483	5
1484	5
1485	5
1486	5
1487	5
1488	5
1489	2
1490	2
1491	2
1492	2
1493	2
1494	2
1495	2
1496	2
1497	2
1498	2
1499	2
1500	2
1501	12
1502	12
1503	12
1504	12
1505	12
1506	12
1507	12
1508	12
1509	12
1510	12
1511	12
1512	12
1513	12
1514	12
1515	12
1516	12
1517	12
1518	12
1519	12
1520	12
1521	12
1522	12
1523	12
1524	12
1525	12
1526	12
1527	12
1528	12
1529	7
1530	7
1531	7
1532	7
1533	7
1534	7
1535	7
1536	7
1537	7
1538	7
1539	7
1540	7
1541	7
1542	7
1543	7
1544	7
1545	7
1546	7
1547	7
1548	7
1549	7
1550	7
1551	7
1552	7
1553	8
1554	8
1555	8
1556	8
1557	8
1558	8
1559	8
1560	8
1561	8
1562	8
1563	8
1564	8
1565	8
1566	8
1567	7
1568	8
1569	8
1570	8
1571	8
1572	8
1573	8
1574	8
1575	8
1576	2
1577	2
1578	2
1579	2
1580	2
1581	2
1582	2
1583	2
1584	2
1585	2
1586	2
1587	2
1588	2
1589	2
1590	2
1591	2
1592	2
1593	3
1594	3
1595	3
1596	3
1597	3
1598	3
1599	3
1600	3
1601	3
1602	9
1603	7
1604	9
1605	9
1606	9
1607	7
1608	9
1609	9
1610	9
1611	9
1612	9
1613	7
1614	7
1615	9
1616	9
1617	9
1618	5
1619	5
1620	5
1621	5
1622	5
1623	5
1624	5
1625	5
1626	5
1627	5
1628	5
1629	9
1630	9
1631	9
1632	9
1633	9
1634	9
1635	9
1636	9
1637	9
1638	9
1639	9
1640	9
1641	9
1642	9
1643	9
1644	5
1645	5
1646	5
1647	5
1648	5
1649	9
1650	9
1651	9
1652	9
1653	9
1654	9
1655	9
1656	9
1658	9
1659	9
1660	9
1661	9
1662	9
1663	9
1664	9
1665	9
1666	9
1667	9
1668	9
1669	9
1670	9
1671	9
1672	9
1673	5
1674	9
1675	9
1676	9
1677	5
1678	1
1679	1
1680	1
1681	1
1682	1
1683	1
1684	1
1685	4
1686	4
1687	4
1688	4
1689	4
1690	4
1691	4
1692	4
1693	4
1694	4
1695	4
1696	4
1697	4
1698	4
1699	4
1700	4
1701	4
1702	4
1703	4
1704	4
1705	4
1706	4
1707	4
1708	4
1709	4
1710	4
1711	4
1712	4
1713	5
1714	5
1715	5
1716	5
1717	5
1718	5
1719	5
1720	5
1721	5
1722	5
1723	5
1724	5
1725	4
1726	4
1727	4
1728	5
1729	4
1730	4
1731	4
1732	4
1733	4
1734	4
1735	4
1736	4
1737	4
1738	4
1739	4
1740	4
1741	4
1742	12
1743	12
1744	12
1745	12
1746	12
1747	12
1748	12
1749	12
1750	12
1751	12
1752	12
1753	12
1754	12
1755	12
1756	12
1757	5
1758	5
1759	5
1760	5
1761	12
1762	12
1763	12
1764	4
1765	12
1766	12
1767	4
1768	12
1769	12
1770	12
1771	12
1772	12
1773	12
1774	5
1775	5
1776	5
1777	5
1778	5
1779	5
1780	5
1781	5
1782	5
1783	5
1784	5
1785	5
1786	5
1787	12
1788	12
1789	12
1790	12
1791	12
1792	12
1793	12
1794	12
1795	5
1796	5
1797	5
1798	5
1799	12
1800	12
1801	12
1802	12
1803	12
1804	12
1805	12
1806	12
1807	12
1808	12
1809	9
1810	9
1811	9
1812	9
1813	9
1814	9
1815	9
1816	9
1817	9
1818	4
1819	9
1820	9
1821	9
1822	9
1823	9
1824	9
1825	9
1826	9
1827	9
1828	9
1829	9
1830	5
1831	5
1832	5
1833	5
1834	5
1835	9
1836	9
1837	5
1838	9
1839	9
1840	8
1841	8
1842	8
1843	8
1844	8
1845	9
1846	9
1847	9
1848	9
1849	4
1850	9
1851	9
1852	9
1853	9
1854	4
1855	9
1856	9
1857	5
1858	5
1859	5
1860	5
1861	5
1862	5
1863	9
1864	9
1865	9
1866	9
1867	9
1868	9
1869	9
1870	9
1871	9
1872	7
1873	7
1874	1
1875	1
1876	1
1877	1
1878	1
1879	1
1880	1
1881	1
1882	7
1883	1
1884	1
1885	1
1886	1
1887	1
1888	1
1889	1
1890	1
1891	1
1892	1
1893	1
1894	7
1895	12
1896	3
1897	12
1898	10
1899	10
1900	10
1901	10
1902	10
1903	10
1904	3
1905	12
1906	12
1907	12
1908	12
1909	3
1910	3
1911	3
1912	12
1913	12
1914	12
1915	3
1916	10
1917	10
1918	10
1919	10
1920	10
1921	10
1922	10
1923	10
1924	12
1925	12
1926	12
1927	12
1928	12
1929	12
1930	12
1931	3
1932	12
1933	12
1934	3
1935	12
1936	3
1937	12
1938	12
1939	3
1940	12
1941	3
1942	12
1943	12
1944	3
1945	12
1946	12
1947	12
1948	12
1949	12
1950	3
1951	12
1952	12
1953	3
1954	12
1955	3
1956	3
1957	12
1958	3
1959	12
1960	3
1961	12
1962	3
1963	3
1964	3
1965	12
1966	12
1967	12
1968	3
1969	12
1970	3
1971	3
1972	12
1973	3
1974	3
1975	12
1976	7
1977	7
1978	7
1979	7
1980	7
1981	7
1982	7
1983	7
1984	7
1985	7
1986	7
1987	7
1988	7
1989	7
1990	7
1991	7
1992	7
1993	7
1994	7
1995	7
1996	7
1997	7
1998	7
1999	7
2000	7
2001	7
2002	7
2003	7
2004	7
2005	7
2006	7
2007	7
2008	7
2009	7
2010	7
2011	7
2012	7
2013	7
2014	7
2015	7
2016	7
2017	1
2018	1
2019	1
2020	1
2021	1
2022	1
2023	1
2024	7
2025	1
2026	1
2027	1
2028	1
2029	1
2030	7
2031	7
2032	7
2033	7
2034	7
2035	1
2036	1
2037	7
2038	5
2039	5
2040	5
2041	5
2042	5
2043	1
2044	1
2045	1
2046	1
2047	1
2048	5
2049	5
2050	1
2051	7
2052	7
2053	7
2054	7
2055	1
2056	7
2057	1
2058	7
2059	7
2060	7
2061	7
2062	7
2063	7
2064	7
2065	7
2066	7
2067	7
2068	1
2069	1
2070	1
2071	1
2072	1
2073	5
2074	1
2075	1
2076	1
2077	5
2078	5
2079	1
2080	5
2081	1
2082	1
2083	1
2084	1
2085	1
2086	1
2087	1
2088	1
2089	2
2090	2
2091	2
2092	2
2093	2
2094	2
2095	2
2096	12
2097	12
2098	12
2099	12
2100	12
2101	12
2102	12
2103	12
2104	12
2105	12
2106	12
2107	12
2108	12
2109	12
2110	12
2111	12
2112	12
2113	11
2114	11
2115	11
2116	11
2117	11
2118	11
2119	11
2120	11
2121	11
2122	11
2123	11
2124	1
2125	11
2126	11
2127	11
2128	11
2129	11
2130	11
2131	11
2132	11
2133	11
2134	4
2135	4
2136	11
2137	11
2138	11
2139	11
2140	11
2141	11
2142	11
2143	11
2144	11
2145	11
2146	11
2147	11
2148	11
2149	11
2150	11
2151	4
2152	4
2153	4
2154	11
2155	11
2156	11
2157	11
2158	11
2159	11
2160	4
2161	4
2162	4
2163	4
2164	4
2165	4
2166	4
2167	11
2168	11
2169	4
2170	4
2171	11
2172	4
2173	11
2174	11
2175	11
2176	11
2177	11
2178	11
2179	11
2180	4
2181	4
2182	11
2183	11
2184	11
2185	4
2186	4
2187	4
2188	11
2189	11
2190	11
2191	11
2192	11
2193	4
2194	11
2195	11
2196	11
2197	11
2198	11
2199	11
2200	11
2201	11
2202	11
2203	11
2204	11
2205	11
2206	11
2207	11
2208	11
2209	4
2210	4
2211	11
2212	11
2213	11
2214	11
2215	11
2216	11
2217	11
2218	4
2219	4
2220	4
2221	11
2222	11
2223	11
2224	11
2225	4
2226	4
2227	4
2228	11
2229	11
2230	4
2231	4
2232	4
2233	11
2234	11
2235	4
2236	11
2237	11
2238	11
2239	4
2240	11
2241	11
2242	11
2243	11
2244	11
2245	11
2246	4
2247	4
2248	4
2249	11
2250	11
2251	11
2252	4
2253	11
2254	11
2255	11
2256	4
2257	4
2258	11
2259	11
2260	11
2261	4
2262	4
2263	4
2264	4
2265	4
2266	11
2267	11
2268	11
2269	11
2270	11
2271	4
2272	11
2273	11
2274	4
2275	4
2276	4
2277	11
2278	11
2279	11
2280	4
2281	4
2282	11
2283	11
2284	1
2285	1
2286	11
2287	11
2288	4
2289	4
2290	4
2291	4
2292	4
2293	11
2294	11
2295	11
2296	11
2297	11
2298	11
2299	11
2300	11
2301	4
2302	11
2303	11
2304	11
2305	4
2306	4
2307	4
2308	4
2309	1
2310	1
2311	1
2312	10
2313	10
2314	10
2315	10
2316	10
2317	10
2318	10
2319	10
2320	10
2321	10
2322	10
2323	10
2324	10
2325	10
2326	10
2327	10
2328	10
2329	10
2330	3
2331	3
2332	3
2333	3
2334	3
2335	3
2336	3
2337	3
2338	3
2339	3
2340	3
2341	3
2342	3
2343	3
2344	3
2345	3
2346	10
2347	10
2348	10
2349	10
2350	10
2351	10
2352	10
2353	10
2354	10
2355	10
2356	10
2357	10
2358	10
2359	10
2360	10
2361	10
2362	10
2363	10
2364	10
2365	10
2366	11
2367	11
2368	11
2369	11
2370	11
2371	11
2372	11
2373	11
2374	11
2375	11
2376	11
2377	11
2378	11
2379	11
2380	11
2381	11
2382	11
2383	11
2384	11
2385	11
2386	11
2387	11
2388	11
2389	11
2390	11
2391	11
2392	11
2393	11
2394	11
2395	11
2396	11
2397	11
2398	11
2399	11
2400	11
2401	11
2402	11
2403	11
2404	11
2405	11
2406	11
2407	11
2408	11
2409	11
2410	11
2411	11
2412	11
2413	11
2414	11
2415	6
2416	6
2417	6
2418	6
2419	13
2420	13
2421	6
2422	6
2423	6
2424	6
2425	6
2426	6
2427	13
2428	6
2429	13
2430	13
2431	6
2432	6
2433	6
2434	6
2435	6
2436	6
2437	6
2438	6
2439	13
2440	6
2441	6
2442	6
2443	6
2444	6
2445	6
2446	6
2447	6
2448	6
2449	6
2450	6
2451	6
2452	6
2453	6
2454	6
2455	6
2456	6
2457	6
2458	6
2459	6
2460	6
2461	6
2462	6
2463	6
2464	6
2465	6
2466	6
2467	6
2468	6
2469	6
2470	6
2471	6
2472	6
2473	6
2474	6
2475	6
2476	6
2477	6
2478	6
2479	6
2480	6
2481	6
2482	6
2483	6
2484	6
2485	6
2486	6
2487	6
2488	6
2489	6
2490	6
2491	6
2492	6
2493	6
2494	6
2495	6
2496	13
2497	13
2498	13
2499	13
2500	6
2501	6
2502	6
2503	6
2504	13
2505	13
2506	13
2507	6
2508	13
2509	13
2510	13
2511	13
2512	13
2513	13
2514	13
2515	6
2516	6
2517	6
2518	6
2519	6
2520	6
2521	6
2522	6
2523	13
2524	6
2525	13
2526	6
2527	6
2528	6
2529	13
2530	13
2531	13
2532	13
2533	13
2534	13
2535	13
2536	13
2537	13
2538	13
2539	6
2540	13
2541	6
2542	6
2543	6
2544	6
2545	6
2546	6
2547	6
2548	6
2549	6
2550	6
2551	6
2552	6
2553	6
2554	6
2555	6
2556	6
2557	6
2558	13
2559	13
2560	13
2561	13
2562	13
2563	13
2564	6
2565	6
2566	6
2567	6
2568	13
2569	13
2570	13
2571	6
2572	6
2573	6
2574	13
2575	6
2576	6
2577	6
2578	6
2579	6
2580	6
2581	13
2582	6
2583	6
2584	6
2585	6
2586	6
2587	13
2588	13
2589	13
2590	13
2591	13
2592	13
2593	13
2594	6
2595	6
2596	6
2597	6
2598	6
2599	6
2600	6
2601	6
2602	6
2603	6
2604	13
2605	6
2606	1
2607	1
2608	1
2609	1
2610	1
2611	1
2612	1
2613	1
2614	1
2615	1
2616	1
2617	1
2618	1
2619	1
2620	1
2621	1
2622	1
2623	1
2624	1
2625	1
2626	1
2627	1
2628	1
2629	1
2630	1
2631	1
2632	1
2633	1
2634	1
2635	1
2636	1
2637	1
2638	1
2639	1
2640	8
2641	8
2642	8
2643	8
2644	8
2645	8
2646	8
2647	8
2648	8
2649	8
2650	8
2651	8
2652	8
2653	8
2654	8
2655	8
2656	8
2657	8
2658	8
2659	8
2660	8
2661	8
2662	8
2663	8
2664	8
2665	8
2666	8
2667	8
2668	8
2669	8
2670	8
2671	8
2672	8
2673	8
2674	8
2675	8
2676	8
2677	8
2678	8
2679	8
2680	8
2681	8
2682	8
2683	8
2684	8
2685	8
2686	8
2687	8
2688	3
2689	3
2690	3
2691	3
315	2
1657	9
