0	5
1	5
2	5
3	5
4	5
5	5
6	5
7	13
8	13
9	13
10	13
11	13
12	13
13	13
14	13
15	13
16	13
17	13
18	5
19	5
20	5
21	2
22	2
23	2
24	2
25	2
26	2
27	2
28	2
29	3
30	3
31	3
32	3
33	3
34	3
35	3
36	3
37	3
38	3
39	3
40	3
41	3
42	3
43	3
44	3
45	3
46	3
47	3
48	3
49	3
50	3
51	3
52	3
53	10
54	10
55	10
56	10
57	10
58	3
59	3
60	3
61	3
62	3
63	3
64	3
65	10
66	10
67	10
68	10
69	10
70	10
71	2
72	2
73	2
74	2
75	3
76	3
77	3
78	3
79	3
80	3
81	3
82	3
83	11
84	11
85	11
86	11
87	11
88	11
89	11
90	11
91	11
92	11
93	11
94	11
95	11
96	13
97	13
98	13
99	13
100	13
101	13
102	13
103	13
104	13
105	13
106	13
107	13
108	13
109	13
110	13
111	13
112	13
113	13
114	13
115	13
116	13
117	13
118	13
119	13
120	13
121	13
122	13
123	13
124	13
125	13
126	13
127	13
128	13
129	4
130	4
131	4
132	4
133	4
134	4
135	4
136	4
137	4
138	4
139	4
140	4
141	4
142	4
143	4
144	4
145	4
146	4
147	4
148	4
149	4
150	4
151	4
152	4
153	4
154	4
155	4
156	4
157	4
158	4
159	4
160	4
161	4
162	4
163	4
164	4
165	4
166	1
167	1
168	1
169	1
170	1
171	1
172	1
173	1
174	1
175	1
176	1
177	1
178	1
179	1
180	1
181	1
182	1
183	3
184	3
185	3
186	3
187	3
188	3
189	3
190	3
191	3
192	3
193	3
194	3
195	3
196	3
197	3
198	3
199	3
200	3
201	3
202	3
203	3
204	3
205	3
206	3
207	3
208	2
209	2
210	2
211	2
212	2
213	2
214	2
215	2
216	2
217	2
218	2
219	2
220	2
221	2
222	2
223	2
224	2
225	2
226	7
227	7
228	7
229	7
230	7
231	7
232	7
233	7
234	7
235	7
236	2
237	2
238	2
239	2
240	2
241	2
242	2
243	2
244	2
245	2
246	2
247	2
248	3
249	3
250	3
251	3
252	3
253	3
254	3
255	3
256	3
257	3
258	3
259	3
260	3
261	7
262	7
263	7
264	7
265	7
266	7
267	7
268	7
269	7
270	7
271	7
272	7
273	7
274	7
275	7
276	7
277	7
278	7
279	7
280	7
281	7
282	7
283	7
284	7
285	7
286	7
287	7
288	7
289	7
290	7
291	7
292	7
293	7
294	7
295	7
296	7
297	7
298	7
299	7
300	7
301	7
302	3
303	3
304	3
305	3
306	6
307	6
308	6
309	6
310	6
311	6
312	6
313	6
314	6
316	12
317	12
318	12
319	12
320	12
321	12
322	12
323	12
324	12
325	12
326	12
327	12
328	12
329	12
330	12
331	6
332	6
333	6
334	6
335	6
336	6
337	12
338	12
339	12
340	6
341	6
342	6
343	6
344	6
345	6
346	6
347	6
348	6
349	6
350	6
351	6
352	6
353	6
354	6
355	6
356	11
357	11
358	11
359	11
360	11
361	11
362	11
363	11
364	11
365	11
366	11
367	11
368	11
369	6
370	6
371	6
372	6
373	6
374	6
375	6
376	6
377	6
378	6
379	6
380	6
381	6
382	6
383	6
384	6
385	6
386	6
387	6
388	6
389	12
390	12
391	12
392	12
393	12
394	6
395	6
396	6
397	6
398	12
399	12
400	12
401	12
402	12
403	2
404	2
405	2
406	2
407	2
408	2
409	5
410	5
411	5
412	5
413	5
414	5
415	5
416	5
417	5
418	5
419	5
420	5
421	5
422	5
423	5
424	5
425	1
426	1
427	1
428	1
429	1
430	1
431	1
432	1
433	5
434	5
435	5
436	5
437	5
438	5
439	5
440	5
441	5
442	5
443	5
444	5
445	5
446	1
447	1
448	1
449	1
450	1
451	5
452	5
453	5
454	1
455	1
456	1
457	5
458	5
459	5
460	5
461	5
462	5
463	1
464	1
465	1
466	1
467	1
468	1
469	1
470	1
471	1
472	1
473	5
474	5
475	7
476	7
477	1
478	1
479	1
480	1
481	1
482	1
483	1
484	2
485	2
486	1
487	1
488	1
489	7
490	7
491	7
492	7
493	7
494	7
495	1
496	1
497	1
498	2
499	1
500	1
501	1
502	2
503	1
504	1
505	1
506	2
507	2
508	2
509	2
510	2
511	2
512	2
513	2
514	2
515	2
516	2
517	2
518	2
519	2
520	2
521	2
522	13
523	13
524	13
525	13
526	3
527	3
528	13
529	13
530	13
531	13
532	13
533	13
534	13
535	13
536	13
537	13
538	3
539	3
540	3
541	3
542	3
543	3
544	3
545	3
546	3
547	3
548	3
549	3
550	3
551	3
552	3
553	3
554	3
555	3
556	3
557	3
558	3
559	2
560	2
561	2
562	2
563	2
564	2
565	3
566	3
567	3
568	3
569	3
570	13
571	13
572	13
573	13
574	13
575	13
576	13
577	13
578	13
579	13
580	13
581	3
582	3
583	3
584	3
585	3
586	3
587	7
588	7
589	7
590	7
591	7
592	2
593	2
594	7
595	2
596	7
597	2
598	7
599	2
600	2
601	2
602	2
603	3
604	3
605	3
606	3
607	3
608	3
609	3
610	3
611	3
612	3
613	3
614	3
615	3
616	3
617	7
618	2
619	2
620	7
621	7
622	7
623	7
624	7
625	7
626	7
627	7
628	2
629	2
630	2
631	2
632	7
633	7
634	7
635	2
636	7
637	7
638	7
639	3
640	3
641	3
642	3
643	3
644	3
645	3
646	3
647	3
648	3
649	3
650	3
651	3
652	3
653	3
654	3
655	3
656	3
657	1
658	1
659	1
660	1
661	8
662	8
663	8
664	8
665	8
666	8
667	8
668	8
669	8
670	7
671	2
672	7
673	7
674	2
675	2
676	7
677	7
678	7
679	7
680	8
681	8
682	8
683	8
684	8
685	8
686	8
687	8
688	8
689	8
690	8
691	8
692	8
693	8
694	8
695	8
696	8
697	2
698	7
699	7
700	2
701	2
702	7
703	7
704	7
705	7
706	7
707	2
708	2
709	7
710	2
711	2
712	2
713	2
714	8
715	8
716	7
717	7
718	7
719	2
720	7
721	7
722	7
723	7
724	7
725	7
726	7
727	7
728	7
729	7
730	7
731	7
732	12
733	5
734	12
735	5
736	5
737	1
738	1
739	1
740	1
741	1
742	1
743	1
744	1
745	12
746	12
747	12
748	5
749	5
750	5
751	12
752	12
753	12
754	12
755	5
756	5
757	5
758	5
759	12
760	5
761	12
762	5
763	5
764	5
765	5
766	1
767	1
768	1
769	1
770	5
771	5
772	1
773	1
774	1
775	1
776	1
777	1
778	1
779	1
780	1
781	1
782	1
783	1
784	1
785	2
786	1
787	1
788	1
789	1
790	1
791	2
792	2
793	2
794	2
795	2
796	2
797	2
798	2
799	2
800	2
801	1
802	1
803	1
804	1
805	2
806	2
807	2
808	1
809	1
810	1
811	10
812	12
813	10
814	10
815	10
816	10
817	10
818	12
819	10
820	12
821	10
822	10
823	10
824	10
825	10
826	10
827	10
828	10
829	12
830	10
831	10
832	10
833	10
834	10
835	10
836	10
837	10
838	10
839	10
840	10
841	10
842	10
843	10
844	10
845	10
846	10
847	12
848	10
849	10
850	12
851	12
852	10
853	10
854	10
855	10
856	12
857	12
858	3
859	3
860	3
861	3
862	3
863	3
864	3
865	3
866	3
867	3
868	3
869	3
870	3
871	10
872	10
873	10
874	10
875	10
876	10
877	10
878	10
879	10
880	10
881	10
882	10
883	10
884	10
885	10
886	10
887	10
888	12
889	10
890	10
891	10
892	12
893	10
894	10
895	10
896	10
897	10
898	10
899	12
900	10
901	12
902	10
903	10
904	10
905	10
906	10
907	10
908	10
909	10
910	12
911	12
912	12
913	10
914	10
915	10
916	10
917	10
918	10
919	10
920	10
921	10
922	12
923	12
924	10
925	10
926	10
927	10
928	10
929	10
930	12
931	12
932	10
933	12
934	10
935	10
936	10
937	10
938	10
939	10
940	10
941	10
942	12
943	10
944	12
945	12
946	10
947	10
948	10
949	12
950	10
951	10
952	10
953	10
954	12
955	12
956	12
957	10
958	10
959	10
960	10
961	10
962	12
963	10
964	10
965	10
966	10
967	10
968	10
969	10
970	10
971	10
972	10
973	10
974	10
975	12
976	10
977	10
978	10
979	10
980	10
981	10
982	12
983	12
984	12
985	1
986	1
987	1
988	1
989	1
990	1
991	1
992	1
993	1
994	1
995	1
996	1
997	1
998	1
999	1
1000	1
1001	1
1002	1
1003	1
1004	1
1005	1
1006	1
1007	12
1008	12
1009	1
1010	12
1011	12
1012	12
1013	12
1014	12
1015	12
1016	12
1017	12
1018	12
1019	12
1020	12
1021	12
1022	12
1023	12
1024	12
1025	12
1026	12
1027	12
1028	12
1029	12
1030	12
1031	12
1032	12
1033	12
1034	12
1035	12
1036	12
1037	12
1038	12
1039	12
1040	12
1041	12
1042	12
1043	12
1044	12
1045	12
1046	12
1047	12
1048	12
1049	12
1050	12
1051	12
1052	12
1053	12
1054	12
1055	12
1056	12
1057	12
1058	12
1059	12
1060	12
1061	12
1062	12
1063	12
1064	12
1065	12
1066	12
1067	12
1068	12
1069	12
1070	12
1071	12
1072	12
1073	12
1074	12
1075	3
1076	3
1077	3
1078	3
1079	3
1080	3
1081	3
1082	3
1083	3
1084	3
1085	3
1086	3
1087	7
1088	7
1089	7
1090	7
1091	7
1092	7
1093	7
1094	2
1095	2
1096	2
1097	2
1098	2
1099	2
1100	2
1101	2
1102	2
1103	2
1104	2
1105	2
1106	2
1107	6
1108	6
1109	6
1110	6
1111	6
1112	6
1113	6
1114	6
1115	6
1116	6
1117	6
1118	6
1119	6
1120	6
1121	6
1122	6
1123	6
1124	6
1125	6
1126	6
1127	6
1128	6
1129	6
1130	6
1131	6
1132	6
1133	6
1134	6
1135	6
1136	10
1137	10
1138	10
1139	10
1140	6
1141	6
1142	6
1143	6
1144	6
1145	6
1146	6
1147	6
1148	6
1149	6
1150	6
1151	6
1152	6
1153	6
1154	2
1155	2
1156	2
1157	2
1158	2
1159	2
1160	2
1161	2
1162	2
1163	2
1164	2
1165	2
1166	2
1167	2
1168	2
1169	12
1170	12
1171	12
1172	12
1173	12
1174	12
1175	12
1176	12
1177	12
1178	12
1179	12
1180	12
1181	12
1182	12
1183	12
1184	12
1185	12
1186	12
1187	12
1188	12
1189	12
1190	12
1191	12
1192	12
1193	12
1194	12
1195	12
1196	12
1197	12
1198	12
1199	12
1200	13
1201	13
1202	13
1203	13
1204	13
1205	13
1206	13
1207	13
1208	13
1209	13
1210	13
1211	13
1212	13
1213	13
1214	13
1215	13
1216	13
1217	13
1218	13
1219	13
1220	13
1221	13
1222	13
1223	13
1224	13
1225	13
1226	13
1227	13
1228	13
1229	13
1230	13
1231	13
1232	13
1233	13
1234	13
1235	13
1236	13
1237	13
1238	13
1239	13
1240	7
1241	7
1242	7
1243	7
1244	7
1245	7
1246	7
1247	7
1248	7
1249	7
1250	7
1251	7
1252	7
1253	5
1254	5
1255	5
1256	5
1257	5
1258	7
1259	7
1260	7
1261	7
1262	7
1263	7
1264	5
1265	5
1266	5
1267	5
1268	5
1269	5
1270	5
1271	5
1272	5
1273	5
1274	5
1275	5
1276	5
1277	5
1278	2
1279	2
1280	2
1281	7
1282	7
1283	7
1284	5
1285	5
1286	5
1287	5
1288	2
1289	2
1290	2
1291	2
1292	2
1293	2
1294	2
1295	2
1296	2
1297	2
1298	2
1299	2
1300	2
1301	2
1302	2
1303	3
1304	3
1305	3
1306	3
1307	3
1308	3
1309	3
1310	3
1311	3
1312	3
1313	3
1314	10
1315	10
1316	10
1317	10
1318	10
1319	10
1320	10
1321	10
1322	10
1323	10
1324	10
1325	10
1326	10
1327	10
1328	10
1329	10
1330	10
1331	10
1332	10
1333	10
1334	10
1335	10
1336	10
1337	10
1338	10
1339	10
1340	10
1341	10
1342	10
1343	10
1344	10
1345	10
1346	3
1347	5
1348	5
1349	5
1350	5
1351	3
1352	3
1353	5
1354	5
1355	5
1356	5
1357	5
1358	3
1359	3
1360	5
1361	5
1362	3
1363	13
1364	13
1365	13
1366	13
1367	13
1368	13
1369	13
1370	13
1371	13
1372	13
1373	13
1374	13
1375	13
1376	13
1377	13
1378	13
1379	13
1380	13
1381	2
1382	2
1383	2
1384	2
1385	2
1386	2
1387	2
1388	2
1389	2
1390	2
1391	2
1392	2
1393	2
1394	2
1395	2
1396	2
1397	5
1398	3
1399	5
1400	5
1401	5
1402	5
1403	5
1404	5
1405	5
1406	5
1407	5
1408	5
1409	5
1410	5
1411	5
1412	5
1413	5
1414	5
1415	5
1416	5
1417	5
1418	5
1419	5
1420	5
1421	5
1422	5
1423	5
1424	5
1425	5
1426	5
1427	5
1428	13
1429	13
1430	13
1431	13
1432	13
1433	13
1434	13
1435	13
1436	13
1437	13
1438	13
1439	13
1440	13
1441	12
1442	12
1443	12
1444	12
1445	12
1446	12
1447	12
1448	12
1449	12
1450	12
1451	12
1452	12
1453	12
1454	12
1455	13
1456	13
1457	13
1458	13
1459	13
1460	13
1461	13
1462	13
1463	13
1464	13
1465	2
1466	2
1467	2
1468	2
1469	2
1470	2
1471	2
1472	2
1473	2
1474	2
1475	2
1476	2
1477	2
1478	2
1479	2
1480	2
1481	2
1482	2
1483	2
1484	2
1485	2
1486	2
1487	2
1488	2
1489	12
1490	12
1491	12
1492	12
1493	12
1494	12
1495	12
1496	12
1497	12
1498	12
1499	12
1500	12
1501	8
1502	5
1503	5
1504	8
1505	5
1506	8
1507	5
1508	5
1509	5
1510	8
1511	5
1512	8
1513	8
1514	8
1515	8
1516	5
1517	5
1518	5
1519	8
1520	8
1521	8
1522	8
1523	5
1524	5
1525	5
1526	8
1527	8
1528	8
1529	1
1530	1
1531	1
1532	1
1533	1
1534	1
1535	1
1536	1
1537	1
1538	1
1539	1
1540	1
1541	1
1542	1
1543	1
1544	1
1545	1
1546	1
1547	1
1548	1
1549	1
1550	1
1551	1
1552	11
1553	11
1554	13
1555	13
1556	13
1557	11
1558	11
1559	11
1560	11
1561	11
1562	13
1563	11
1564	11
1565	11
1566	11
1567	11
1568	11
1569	11
1570	11
1571	11
1572	11
1573	11
1574	11
1575	11
1576	3
1577	3
1578	3
1579	3
1580	3
1581	3
1582	3
1583	3
1584	3
1585	3
1586	3
1587	3
1588	3
1589	3
1590	3
1591	3
1592	3
1593	3
1594	3
1595	3
1596	3
1597	3
1598	3
1599	3
1600	3
1601	3
1602	13
1603	11
1604	13
1605	13
1606	13
1607	11
1608	13
1609	13
1610	13
1611	13
1612	13
1613	11
1614	11
1615	13
1616	13
1617	13
1618	2
1619	2
1620	2
1621	2
1622	2
1623	2
1624	2
1625	2
1626	2
1627	2
1628	2
1629	12
1630	12
1631	13
1632	12
1633	12
1634	13
1635	13
1636	12
1637	12
1638	13
1639	12
1640	13
1641	12
1642	12
1643	13
1644	2
1645	2
1646	2
1647	2
1648	2
1649	12
1650	12
1651	12
1652	12
1653	12
1654	12
1655	12
1656	13
1658	13
1659	12
1660	13
1661	13
1662	12
1663	13
1664	13
1665	13
1666	12
1667	12
1668	12
1669	12
1670	13
1671	12
1672	13
1673	2
1674	12
1675	12
1676	13
1677	2
1678	7
1679	7
1680	7
1681	7
1682	7
1683	7
1684	7
1685	5
1686	5
1687	5
1688	5
1689	5
1690	5
1691	5
1692	5
1693	5
1694	5
1695	5
1696	5
1697	5
1698	5
1699	5
1700	5
1701	5
1702	5
1703	8
1704	8
1705	5
1706	5
1707	5
1708	5
1709	5
1710	5
1711	5
1712	5
1713	2
1714	2
1715	2
1716	2
1717	2
1718	2
1719	2
1720	2
1721	2
1722	2
1723	2
1724	2
1725	5
1726	5
1727	5
1728	2
1729	5
1730	5
1731	5
1732	5
1733	5
1734	5
1735	5
1736	5
1737	5
1738	5
1739	5
1740	5
1741	5
1742	8
1743	8
1744	8
1745	8
1746	8
1747	8
1748	8
1749	8
1750	8
1751	8
1752	8
1753	8
1754	8
1755	8
1756	8
1757	2
1758	2
1759	2
1760	2
1761	8
1762	8
1763	8
1764	8
1765	8
1766	8
1767	8
1768	8
1769	8
1770	8
1771	8
1772	8
1773	8
1774	2
1775	2
1776	2
1777	2
1778	2
1779	2
1780	2
1781	2
1782	2
1783	2
1784	2
1785	2
1786	2
1787	8
1788	8
1789	8
1790	8
1791	8
1792	8
1793	8
1794	8
1795	2
1796	2
1797	2
1798	2
1799	8
1800	8
1801	8
1802	8
1803	8
1804	8
1805	8
1806	8
1807	8
1808	8
1809	9
1810	9
1811	9
1812	9
1813	9
1814	9
1815	9
1816	9
1817	9
1818	9
1819	9
1820	9
1821	9
1822	9
1823	9
1824	9
1825	9
1826	9
1827	9
1828	9
1829	9
1830	2
1831	2
1832	2
1833	2
1834	2
1835	9
1836	9
1837	2
1838	9
1839	9
1840	11
1841	11
1842	11
1843	11
1844	11
1845	9
1846	9
1847	9
1848	9
1849	9
1850	9
1851	9
1852	9
1853	9
1854	9
1855	9
1856	9
1857	2
1858	2
1859	2
1860	2
1861	2
1862	2
1863	9
1864	9
1865	13
1866	9
1867	9
1868	9
1869	9
1870	9
1871	9
1872	1
1873	1
1874	7
1875	7
1876	1
1877	1
1878	1
1879	7
1880	7
1881	7
1882	1
1883	7
1884	7
1885	7
1886	7
1887	1
1888	1
1889	1
1890	1
1891	7
1892	7
1893	1
1894	1
1895	3
1896	3
1897	3
1898	2
1899	2
1900	2
1901	10
1902	10
1903	10
1904	3
1905	3
1906	3
1907	3
1908	3
1909	3
1910	3
1911	3
1912	3
1913	3
1914	3
1915	3
1916	2
1917	10
1918	10
1919	2
1920	10
1921	2
1922	10
1923	10
1924	3
1925	3
1926	3
1927	3
1928	3
1929	3
1930	3
1931	3
1932	3
1933	3
1934	3
1935	3
1936	3
1937	3
1938	3
1939	3
1940	3
1941	3
1942	3
1943	3
1944	3
1945	3
1946	3
1947	3
1948	3
1949	3
1950	3
1951	3
1952	3
1953	3
1954	3
1955	3
1956	3
1957	3
1958	3
1959	3
1960	3
1961	3
1962	3
1963	3
1964	3
1965	3
1966	3
1967	3
1968	3
1969	3
1970	3
1971	3
1972	3
1973	3
1974	3
1975	3
1976	11
1977	11
1978	11
1979	11
1980	11
1981	11
1982	11
1983	11
1984	11
1985	11
1986	11
1987	11
1988	11
1989	11
1990	11
1991	11
1992	11
1993	11
1994	11
1995	11
1996	11
1997	11
1998	11
1999	11
2000	11
2001	11
2002	11
2003	11
2004	11
2005	11
2006	11
2007	11
2008	11
2009	11
2010	11
2011	11
2012	11
2013	11
2014	11
2015	11
2016	11
2017	7
2018	7
2019	7
2020	7
2021	7
2022	7
2023	7
2024	1
2025	7
2026	7
2027	7
2028	7
2029	7
2030	1
2031	1
2032	1
2033	1
2034	1
2035	1
2036	1
2037	1
2038	7
2039	7
2040	7
2041	7
2042	7
2043	7
2044	7
2045	7
2046	1
2047	1
2048	7
2049	7
2050	7
2051	1
2052	1
2053	1
2054	1
2055	1
2056	1
2057	1
2058	11
2059	11
2060	11
2061	11
2062	11
2063	11
2064	11
2065	11
2066	11
2067	11
2068	7
2069	7
2070	7
2071	7
2072	7
2073	7
2074	7
2075	7
2076	7
2077	7
2078	7
2079	7
2080	7
2081	7
2082	7
2083	7
2084	7
2085	7
2086	7
2087	7
2088	7
2089	3
2090	3
2091	12
2092	12
2093	12
2094	3
2095	12
2096	5
2097	5
2098	5
2099	5
2100	5
2101	5
2102	5
2103	5
2104	5
2105	5
2106	5
2107	5
2108	5
2109	5
2110	5
2111	5
2112	5
2113	8
2114	9
2115	9
2116	9
2117	9
2118	8
2119	8
2120	9
2121	9
2122	8
2123	8
2124	7
2125	9
2126	9
2127	9
2128	9
2129	9
2130	8
2131	8
2132	9
2133	8
2134	8
2135	9
2136	8
2137	8
2138	8
2139	9
2140	9
2141	9
2142	8
2143	8
2144	8
2145	9
2146	8
2147	8
2148	9
2149	8
2150	9
2151	9
2152	9
2153	9
2154	9
2155	9
2156	8
2157	8
2158	9
2159	8
2160	9
2161	9
2162	9
2163	9
2164	8
2165	8
2166	8
2167	9
2168	9
2169	9
2170	9
2171	9
2172	9
2173	9
2174	8
2175	8
2176	8
2177	8
2178	9
2179	9
2180	8
2181	8
2182	9
2183	9
2184	9
2185	9
2186	9
2187	9
2188	8
2189	9
2190	9
2191	9
2192	9
2193	9
2194	8
2195	8
2196	8
2197	8
2198	8
2199	8
2200	9
2201	8
2202	8
2203	8
2204	9
2205	9
2206	9
2207	9
2208	9
2209	9
2210	9
2211	9
2212	9
2213	9
2214	9
2215	8
2216	8
2217	9
2218	9
2219	9
2220	9
2221	9
2222	8
2223	8
2224	9
2225	9
2226	9
2227	9
2228	8
2229	8
2230	8
2231	8
2232	9
2233	8
2234	8
2235	9
2236	8
2237	8
2238	8
2239	9
2240	9
2241	8
2242	8
2243	8
2244	8
2245	8
2246	9
2247	8
2248	8
2249	9
2250	9
2251	9
2252	9
2253	8
2254	8
2255	8
2256	8
2257	9
2258	9
2259	9
2260	9
2261	8
2262	8
2263	9
2264	9
2265	9
2266	8
2267	9
2268	9
2269	8
2270	8
2271	8
2272	9
2273	8
2274	9
2275	9
2276	9
2277	8
2278	9
2279	8
2280	9
2281	9
2282	9
2283	9
2284	7
2285	7
2286	8
2287	9
2288	9
2289	9
2290	9
2291	9
2292	9
2293	9
2294	9
2295	9
2296	9
2297	8
2298	8
2299	8
2300	8
2301	9
2302	8
2303	9
2304	9
2305	9
2306	9
2307	8
2308	9
2309	7
2310	7
2311	7
2312	10
2313	10
2314	10
2315	10
2316	10
2317	10
2318	10
2319	10
2320	10
2321	10
2322	10
2323	10
2324	10
2325	10
2326	10
2327	10
2328	10
2329	10
2330	3
2331	3
2332	3
2333	3
2334	3
2335	3
2336	3
2337	3
2338	3
2339	3
2340	3
2341	3
2342	3
2343	3
2344	3
2345	3
2346	10
2347	10
2348	10
2349	10
2350	10
2351	10
2352	10
2353	10
2354	10
2355	10
2356	10
2357	10
2358	10
2359	10
2360	10
2361	10
2362	10
2363	10
2364	10
2365	10
2366	13
2367	8
2368	13
2369	8
2370	13
2371	13
2372	13
2373	13
2374	13
2375	13
2376	13
2377	13
2378	13
2379	13
2380	8
2381	13
2382	13
2383	13
2384	13
2385	13
2386	13
2387	13
2388	13
2389	13
2390	13
2391	13
2392	13
2393	13
2394	13
2395	13
2396	13
2397	13
2398	13
2399	13
2400	13
2401	13
2402	13
2403	13
2404	13
2405	13
2406	13
2407	13
2408	13
2409	13
2410	13
2411	13
2412	13
2413	13
2414	13
2415	6
2416	6
2417	6
2418	6
2419	4
2420	4
2421	4
2422	6
2423	6
2424	6
2425	6
2426	6
2427	4
2428	4
2429	4
2430	4
2431	6
2432	6
2433	6
2434	6
2435	6
2436	6
2437	6
2438	6
2439	6
2440	6
2441	6
2442	6
2443	6
2444	6
2445	6
2446	6
2447	6
2448	6
2449	4
2450	4
2451	4
2452	4
2453	4
2454	4
2455	6
2456	4
2457	4
2458	4
2459	4
2460	6
2461	6
2462	4
2463	4
2464	4
2465	6
2466	6
2467	4
2468	4
2469	4
2470	4
2471	4
2472	4
2473	6
2474	6
2475	4
2476	4
2477	4
2478	4
2479	4
2480	4
2481	6
2482	4
2483	4
2484	4
2485	4
2486	4
2487	4
2488	4
2489	4
2490	4
2491	4
2492	4
2493	4
2494	4
2495	4
2496	4
2497	4
2498	6
2499	6
2500	4
2501	4
2502	6
2503	6
2504	6
2505	6
2506	6
2507	6
2508	6
2509	4
2510	6
2511	6
2512	6
2513	6
2514	6
2515	4
2516	4
2517	4
2518	4
2519	4
2520	4
2521	4
2522	4
2523	4
2524	6
2525	4
2526	4
2527	4
2528	6
2529	6
2530	4
2531	4
2532	4
2533	4
2534	4
2535	4
2536	4
2537	4
2538	4
2539	4
2540	4
2541	4
2542	6
2543	6
2544	4
2545	4
2546	4
2547	6
2548	6
2549	6
2550	4
2551	4
2552	4
2553	4
2554	4
2555	4
2556	4
2557	4
2558	6
2559	6
2560	6
2561	6
2562	6
2563	4
2564	6
2565	6
2566	6
2567	6
2568	4
2569	6
2570	6
2571	6
2572	6
2573	6
2574	6
2575	4
2576	4
2577	4
2578	4
2579	4
2580	4
2581	6
2582	6
2583	4
2584	4
2585	6
2586	6
2587	4
2588	4
2589	4
2590	4
2591	4
2592	4
2593	4
2594	6
2595	6
2596	6
2597	6
2598	6
2599	6
2600	4
2601	4
2602	6
2603	6
2604	6
2605	4
2606	7
2607	7
2608	7
2609	7
2610	7
2611	7
2612	7
2613	7
2614	7
2615	7
2616	7
2617	7
2618	7
2619	7
2620	7
2621	7
2622	7
2623	7
2624	7
2625	7
2626	7
2627	7
2628	7
2629	7
2630	7
2631	7
2632	7
2633	7
2634	7
2635	7
2636	7
2637	7
2638	7
2639	7
2640	1
2641	1
2642	11
2643	11
2644	11
2645	1
2646	11
2647	11
2648	1
2649	11
2650	11
2651	1
2652	1
2653	1
2654	11
2655	1
2656	11
2657	1
2658	1
2659	11
2660	11
2661	1
2662	1
2663	11
2664	11
2665	11
2666	1
2667	11
2668	11
2669	11
2670	11
2671	11
2672	11
2673	11
2674	1
2675	1
2676	1
2677	1
2678	1
2679	11
2680	11
2681	11
2682	11
2683	11
2684	11
2685	11
2686	1
2687	11
2688	3
2689	3
2690	3
2691	3
315	12
1657	13
