0	13
1	13
2	13
3	13
4	13
5	13
6	13
7	2
8	2
9	2
10	2
11	2
12	12
13	12
14	12
15	12
16	2
17	2
18	2
19	2
20	2
21	5
22	5
23	5
24	5
25	5
26	5
27	5
28	5
29	9
30	9
31	9
32	9
33	9
34	9
35	9
36	9
37	9
38	9
39	9
40	9
41	9
42	9
43	9
44	9
45	9
46	9
47	9
48	9
49	9
50	9
51	9
52	9
53	6
54	6
55	6
56	6
57	6
58	9
59	9
60	9
61	9
62	9
63	9
64	9
65	6
66	6
67	6
68	6
69	6
70	6
71	5
72	5
73	5
74	5
75	9
76	9
77	9
78	9
79	9
80	9
81	9
82	9
83	1
84	1
85	1
86	1
87	1
88	1
89	1
90	1
91	1
92	1
93	1
94	1
95	1
96	2
97	12
98	2
99	2
100	12
101	12
102	2
103	2
104	2
105	2
106	12
107	2
108	2
109	12
110	2
111	12
112	12
113	12
114	2
115	2
116	12
117	12
118	12
119	12
120	12
121	12
122	2
123	2
124	2
125	2
126	2
127	2
128	2
129	7
130	7
131	7
132	7
133	7
134	7
135	7
136	7
137	7
138	7
139	7
140	7
141	1
142	1
143	7
144	7
145	7
146	7
147	1
148	7
149	7
150	7
151	7
152	7
153	7
154	7
155	7
156	7
157	1
158	1
159	1
160	1
161	1
162	1
163	7
164	7
165	1
166	8
167	8
168	8
169	8
170	8
171	8
172	8
173	8
174	8
175	8
176	8
177	8
178	8
179	8
180	8
181	8
182	8
183	9
184	9
185	9
186	9
187	9
188	9
189	9
190	9
191	9
192	9
193	9
194	9
195	9
196	9
197	9
198	9
199	9
200	9
201	9
202	9
203	9
204	9
205	9
206	9
207	9
208	5
209	5
210	5
211	5
212	5
213	5
214	5
215	5
216	5
217	5
218	5
219	5
220	5
221	5
222	5
223	5
224	5
225	5
226	11
227	11
228	11
229	11
230	11
231	11
232	11
233	11
234	11
235	11
236	5
237	5
238	5
239	5
240	5
241	5
242	5
243	5
244	5
245	5
246	5
247	5
248	9
249	9
250	9
251	9
252	9
253	9
254	9
255	9
256	9
257	9
258	9
259	9
260	9
261	11
262	11
263	11
264	11
265	11
266	11
267	11
268	11
269	11
270	11
271	11
272	11
273	11
274	11
275	11
276	11
277	11
278	11
279	11
280	11
281	11
282	11
283	11
284	11
285	11
286	11
287	11
288	11
289	11
290	11
291	11
292	11
293	11
294	11
295	11
296	11
297	11
298	11
299	11
300	11
301	11
302	9
303	9
304	9
305	9
306	5
307	5
308	5
309	5
310	5
311	5
312	5
313	5
314	5
316	2
317	2
318	2
319	2
320	2
321	2
322	2
323	2
324	2
325	2
326	2
327	2
328	2
329	2
330	2
331	5
332	5
333	5
334	5
335	5
336	5
337	2
338	2
339	2
340	5
341	5
342	5
343	5
344	5
345	10
346	5
347	5
348	5
349	5
350	5
351	5
352	5
353	5
354	5
355	5
356	8
357	8
358	1
359	8
360	8
361	8
362	1
363	8
364	8
365	1
366	8
367	1
368	1
369	5
370	5
371	5
372	5
373	5
374	5
375	5
376	5
377	5
378	5
379	5
380	5
381	5
382	5
383	5
384	5
385	5
386	5
387	5
388	5
389	2
390	2
391	2
392	2
393	2
394	5
395	5
396	5
397	5
398	2
399	2
400	2
401	2
402	2
403	5
404	5
405	5
406	5
407	11
408	11
409	2
410	13
411	2
412	2
413	13
414	13
415	13
416	2
417	13
418	2
419	2
420	13
421	13
422	13
423	2
424	13
425	8
426	8
427	8
428	8
429	8
430	8
431	8
432	8
433	2
434	13
435	13
436	2
437	13
438	13
439	2
440	13
441	13
442	2
443	13
444	13
445	2
446	8
447	8
448	8
449	8
450	8
451	13
452	2
453	13
454	8
455	8
456	8
457	13
458	2
459	13
460	13
461	13
462	13
463	8
464	8
465	8
466	8
467	8
468	8
469	8
470	8
471	8
472	8
473	13
474	2
475	11
476	11
477	7
478	7
479	7
480	7
481	7
482	7
483	7
484	5
485	5
486	7
487	7
488	7
489	11
490	11
491	11
492	11
493	11
494	11
495	7
496	7
497	7
498	5
499	7
500	7
501	7
502	5
503	7
504	7
505	7
506	11
507	5
508	5
509	5
510	5
511	5
512	5
513	5
514	5
515	5
516	5
517	5
518	5
519	11
520	5
521	5
522	4
523	4
524	4
525	4
526	13
527	13
528	4
529	4
530	4
531	4
532	4
533	4
534	4
535	4
536	4
537	4
538	13
539	13
540	13
541	13
542	13
543	13
544	13
545	13
546	13
547	13
548	13
549	13
550	13
551	13
552	13
553	13
554	13
555	13
556	13
557	13
558	13
559	11
560	11
561	11
562	11
563	11
564	11
565	13
566	13
567	13
568	13
569	13
570	4
571	4
572	4
573	4
574	4
575	4
576	4
577	4
578	4
579	4
580	4
581	13
582	13
583	13
584	13
585	13
586	13
587	11
588	11
589	11
590	11
591	11
592	11
593	11
594	11
595	11
596	11
597	11
598	11
599	11
600	11
601	11
602	11
603	9
604	9
605	9
606	9
607	9
608	9
609	9
610	9
611	9
612	9
613	9
614	9
615	9
616	9
617	11
618	11
619	11
620	11
621	11
622	11
623	11
624	11
625	11
626	11
627	11
628	11
629	11
630	11
631	11
632	11
633	11
634	11
635	11
636	11
637	11
638	11
639	9
640	13
641	9
642	13
643	9
644	13
645	13
646	13
647	13
648	13
649	13
650	13
651	13
652	13
653	9
654	9
655	9
656	13
657	7
658	7
659	7
660	7
661	13
662	13
663	13
664	13
665	13
666	13
667	13
668	13
669	13
670	7
671	7
672	7
673	7
674	7
675	7
676	7
677	7
678	7
679	7
680	13
681	13
682	13
683	13
684	13
685	13
686	13
687	13
688	13
689	13
690	13
691	13
692	13
693	13
694	13
695	13
696	13
697	7
698	7
699	7
700	7
701	7
702	7
703	7
704	7
705	7
706	7
707	7
708	7
709	7
710	7
711	7
712	7
713	7
714	13
715	13
716	11
717	11
718	7
719	7
720	7
721	11
722	11
723	11
724	11
725	11
726	11
727	11
728	11
729	11
730	11
731	11
732	2
733	2
734	2
735	2
736	2
737	8
738	7
739	7
740	8
741	7
742	7
743	8
744	7
745	2
746	2
747	2
748	2
749	2
750	2
751	2
752	2
753	2
754	2
755	2
756	2
757	2
758	2
759	2
760	2
761	2
762	2
763	2
764	2
765	2
766	7
767	7
768	7
769	7
770	2
771	2
772	7
773	7
774	7
775	7
776	8
777	8
778	8
779	7
780	8
781	8
782	8
783	7
784	7
785	5
786	7
787	8
788	8
789	8
790	7
791	5
792	5
793	5
794	5
795	5
796	5
797	5
798	5
799	5
800	5
801	8
802	7
803	8
804	8
805	5
806	5
807	5
808	8
809	7
810	7
811	6
812	12
813	6
814	6
815	6
816	12
817	6
818	6
819	12
820	12
821	6
822	6
823	6
824	6
825	12
826	6
827	12
828	12
829	6
830	6
831	6
832	6
833	12
834	6
835	6
836	6
837	6
838	6
839	12
840	6
841	6
842	6
843	6
844	6
845	6
846	6
847	6
848	12
849	12
850	12
851	12
852	6
853	6
854	6
855	12
856	12
857	12
858	9
859	9
860	9
861	9
862	9
863	9
864	9
865	9
866	9
867	9
868	9
869	9
870	9
871	6
872	6
873	6
874	6
875	6
876	6
877	6
878	12
879	6
880	12
881	6
882	6
883	6
884	6
885	6
886	6
887	6
888	6
889	6
890	6
891	12
892	12
893	6
894	6
895	6
896	6
897	12
898	6
899	12
900	12
901	12
902	6
903	6
904	6
905	6
906	12
907	6
908	6
909	12
910	12
911	12
912	12
913	12
914	6
915	6
916	12
917	6
918	12
919	12
920	6
921	6
922	12
923	12
924	12
925	6
926	6
927	6
928	6
929	6
930	6
931	6
932	6
933	12
934	12
935	6
936	6
937	6
938	12
939	6
940	6
941	12
942	6
943	12
944	12
945	12
946	6
947	6
948	6
949	6
950	6
951	6
952	6
953	12
954	12
955	12
956	12
957	6
958	6
959	6
960	12
961	6
962	6
963	6
964	6
965	6
966	6
967	12
968	12
969	6
970	12
971	6
972	6
973	6
974	6
975	6
976	6
977	6
978	12
979	12
980	12
981	12
982	6
983	6
984	6
985	8
986	8
987	8
988	8
989	8
990	8
991	8
992	8
993	8
994	8
995	8
996	8
997	8
998	8
999	8
1000	8
1001	8
1002	8
1003	8
1004	8
1005	8
1006	8
1007	2
1008	6
1009	8
1010	6
1011	6
1012	6
1013	6
1014	6
1015	6
1016	6
1017	6
1018	6
1019	6
1020	2
1021	6
1022	2
1023	2
1024	6
1025	6
1026	6
1027	2
1028	6
1029	6
1030	6
1031	6
1032	6
1033	6
1034	6
1035	2
1036	2
1037	2
1038	6
1039	6
1040	6
1041	2
1042	2
1043	6
1044	6
1045	6
1046	6
1047	2
1048	6
1049	6
1050	2
1051	6
1052	6
1053	6
1054	2
1055	2
1056	2
1057	2
1058	2
1059	6
1060	2
1061	2
1062	6
1063	2
1064	2
1065	2
1066	2
1067	2
1068	2
1069	6
1070	2
1071	6
1072	6
1073	6
1074	6
1075	9
1076	9
1077	9
1078	9
1079	9
1080	9
1081	9
1082	9
1083	9
1084	9
1085	9
1086	9
1087	11
1088	11
1089	11
1090	11
1091	11
1092	11
1093	11
1094	5
1095	5
1096	5
1097	5
1098	5
1099	5
1100	5
1101	5
1102	5
1103	5
1104	5
1105	5
1106	5
1107	12
1108	12
1109	12
1110	12
1111	12
1112	12
1113	12
1114	12
1115	12
1116	12
1117	12
1118	12
1119	12
1120	12
1121	12
1122	12
1123	12
1124	12
1125	12
1126	12
1127	12
1128	12
1129	12
1130	12
1131	12
1132	12
1133	12
1134	12
1135	12
1136	12
1137	12
1138	12
1139	12
1140	12
1141	12
1142	12
1143	12
1144	12
1145	12
1146	12
1147	12
1148	12
1149	12
1150	12
1151	12
1152	12
1153	12
1154	5
1155	5
1156	5
1157	5
1158	5
1159	5
1160	5
1161	5
1162	10
1163	5
1164	5
1165	10
1166	5
1167	5
1168	5
1169	6
1170	2
1171	6
1172	6
1173	6
1174	2
1175	2
1176	6
1177	6
1178	6
1179	6
1180	6
1181	6
1182	6
1183	6
1184	6
1185	6
1186	6
1187	6
1188	6
1189	6
1190	6
1191	2
1192	6
1193	6
1194	6
1195	6
1196	2
1197	6
1198	6
1199	6
1200	1
1201	1
1202	1
1203	12
1204	12
1205	1
1206	1
1207	1
1208	12
1209	1
1210	1
1211	1
1212	12
1213	12
1214	12
1215	12
1216	1
1217	12
1218	12
1219	12
1220	12
1221	1
1222	12
1223	1
1224	12
1225	12
1226	12
1227	12
1228	12
1229	1
1230	12
1231	12
1232	1
1233	1
1234	1
1235	12
1236	12
1237	12
1238	12
1239	12
1240	11
1241	7
1242	7
1243	11
1244	11
1245	7
1246	11
1247	11
1248	11
1249	11
1250	11
1251	11
1252	11
1253	9
1254	9
1255	9
1256	9
1257	9
1258	11
1259	11
1260	11
1261	11
1262	7
1263	7
1264	9
1265	9
1266	9
1267	9
1268	9
1269	9
1270	9
1271	9
1272	9
1273	9
1274	9
1275	9
1276	9
1277	9
1278	5
1279	5
1280	5
1281	11
1282	7
1283	7
1284	9
1285	9
1286	9
1287	9
1288	10
1289	5
1290	5
1291	5
1292	10
1293	5
1294	10
1295	10
1296	5
1297	10
1298	5
1299	10
1300	5
1301	10
1302	10
1303	9
1304	9
1305	9
1306	9
1307	9
1308	9
1309	9
1310	9
1311	9
1312	9
1313	9
1314	12
1315	12
1316	12
1317	12
1318	12
1319	12
1320	12
1321	12
1322	12
1323	12
1324	12
1325	12
1326	12
1327	12
1328	12
1329	12
1330	12
1331	12
1332	12
1333	12
1334	12
1335	12
1336	12
1337	12
1338	12
1339	12
1340	12
1341	12
1342	12
1343	12
1344	12
1345	12
1346	9
1347	9
1348	9
1349	9
1350	9
1351	9
1352	9
1353	9
1354	9
1355	9
1356	9
1357	9
1358	9
1359	9
1360	9
1361	9
1362	9
1363	1
1364	1
1365	1
1366	1
1367	1
1368	1
1369	1
1370	1
1371	1
1372	1
1373	1
1374	1
1375	1
1376	1
1377	1
1378	1
1379	1
1380	1
1381	5
1382	5
1383	5
1384	5
1385	5
1386	5
1387	5
1388	5
1389	5
1390	5
1391	5
1392	5
1393	5
1394	5
1395	5
1396	5
1397	13
1398	9
1399	13
1400	9
1401	13
1402	9
1403	9
1404	13
1405	9
1406	9
1407	9
1408	9
1409	9
1410	13
1411	9
1412	9
1413	13
1414	13
1415	9
1416	9
1417	13
1418	13
1419	13
1420	13
1421	9
1422	13
1423	9
1424	13
1425	13
1426	13
1427	9
1428	4
1429	4
1430	4
1431	4
1432	4
1433	4
1434	4
1435	4
1436	4
1437	4
1438	4
1439	4
1440	4
1441	2
1442	2
1443	2
1444	2
1445	2
1446	2
1447	2
1448	2
1449	2
1450	2
1451	2
1452	2
1453	2
1454	2
1455	4
1456	4
1457	4
1458	4
1459	4
1460	4
1461	4
1462	4
1463	4
1464	4
1465	11
1466	11
1467	11
1468	11
1469	11
1470	11
1471	11
1472	11
1473	11
1474	11
1475	11
1476	11
1477	11
1478	11
1479	11
1480	11
1481	11
1482	11
1483	11
1484	11
1485	11
1486	11
1487	11
1488	11
1489	2
1490	2
1491	2
1492	2
1493	2
1494	2
1495	2
1496	2
1497	2
1498	2
1499	2
1500	2
1501	13
1502	13
1503	13
1504	13
1505	13
1506	13
1507	13
1508	13
1509	13
1510	13
1511	13
1512	13
1513	13
1514	13
1515	13
1516	13
1517	13
1518	13
1519	13
1520	13
1521	13
1522	13
1523	13
1524	13
1525	13
1526	13
1527	13
1528	13
1529	7
1530	7
1531	7
1532	8
1533	8
1534	7
1535	7
1536	7
1537	7
1538	7
1539	7
1540	7
1541	7
1542	8
1543	7
1544	7
1545	7
1546	7
1547	8
1548	8
1549	7
1550	7
1551	7
1552	1
1553	1
1554	1
1555	1
1556	1
1557	1
1558	1
1559	1
1560	1
1561	1
1562	1
1563	1
1564	1
1565	1
1566	1
1567	1
1568	1
1569	1
1570	1
1571	1
1572	1
1573	1
1574	1
1575	1
1576	2
1577	2
1578	2
1579	2
1580	2
1581	2
1582	2
1583	2
1584	2
1585	2
1586	2
1587	2
1588	2
1589	2
1590	2
1591	2
1592	2
1593	9
1594	9
1595	9
1596	9
1597	9
1598	9
1599	9
1600	9
1601	9
1602	4
1603	4
1604	4
1605	4
1606	4
1607	4
1608	4
1609	4
1610	4
1611	4
1612	4
1613	4
1614	4
1615	4
1616	4
1617	4
1618	5
1619	5
1620	5
1621	5
1622	5
1623	5
1624	5
1625	5
1626	5
1627	5
1628	5
1629	12
1630	2
1631	12
1632	2
1633	12
1634	12
1635	12
1636	12
1637	12
1638	12
1639	12
1640	12
1641	12
1642	12
1643	12
1644	5
1645	5
1646	5
1647	5
1648	5
1649	12
1650	12
1651	12
1652	12
1653	12
1654	12
1655	12
1656	12
1658	12
1659	12
1660	12
1661	12
1662	12
1663	12
1664	12
1665	12
1666	2
1667	2
1668	2
1669	12
1670	12
1671	12
1672	12
1673	5
1674	12
1675	12
1676	12
1677	5
1678	7
1679	7
1680	7
1681	7
1682	7
1683	7
1684	7
1685	2
1686	2
1687	2
1688	2
1689	2
1690	2
1691	2
1692	2
1693	2
1694	2
1695	2
1696	2
1697	2
1698	2
1699	2
1700	2
1701	2
1702	2
1703	4
1704	4
1705	2
1706	2
1707	2
1708	2
1709	2
1710	2
1711	2
1712	2
1713	5
1714	5
1715	5
1716	5
1717	5
1718	5
1719	5
1720	5
1721	5
1722	5
1723	5
1724	5
1725	2
1726	2
1727	2
1728	5
1729	2
1730	2
1731	2
1732	2
1733	2
1734	2
1735	2
1736	2
1737	2
1738	2
1739	2
1740	2
1741	2
1742	13
1743	13
1744	13
1745	13
1746	13
1747	13
1748	13
1749	13
1750	13
1751	13
1752	13
1753	13
1754	13
1755	13
1756	13
1757	5
1758	5
1759	5
1760	5
1761	13
1762	13
1763	13
1764	13
1765	13
1766	13
1767	13
1768	13
1769	13
1770	13
1771	13
1772	13
1773	13
1774	5
1775	5
1776	5
1777	5
1778	5
1779	5
1780	5
1781	5
1782	5
1783	5
1784	5
1785	5
1786	5
1787	13
1788	13
1789	13
1790	13
1791	13
1792	13
1793	13
1794	13
1795	5
1796	5
1797	5
1798	5
1799	13
1800	13
1801	13
1802	13
1803	13
1804	3
1805	13
1806	13
1807	13
1808	13
1809	4
1810	3
1811	3
1812	3
1813	4
1814	3
1815	3
1816	4
1817	3
1818	4
1819	4
1820	4
1821	4
1822	4
1823	4
1824	3
1825	4
1826	4
1827	3
1828	4
1829	3
1830	11
1831	11
1832	11
1833	11
1834	11
1835	3
1836	3
1837	11
1838	4
1839	4
1840	1
1841	1
1842	1
1843	1
1844	1
1845	4
1846	4
1847	4
1848	4
1849	4
1850	4
1851	4
1852	4
1853	4
1854	3
1855	3
1856	3
1857	11
1858	11
1859	11
1860	11
1861	11
1862	11
1863	3
1864	4
1865	4
1866	4
1867	4
1868	4
1869	4
1870	4
1871	4
1872	7
1873	7
1874	7
1875	7
1876	7
1877	7
1878	7
1879	7
1880	7
1881	7
1882	7
1883	7
1884	7
1885	7
1886	7
1887	7
1888	7
1889	7
1890	7
1891	7
1892	7
1893	7
1894	7
1895	9
1896	9
1897	9
1898	5
1899	5
1900	5
1901	5
1902	5
1903	5
1904	9
1905	9
1906	9
1907	9
1908	9
1909	9
1910	9
1911	9
1912	9
1913	9
1914	9
1915	9
1916	5
1917	5
1918	5
1919	5
1920	5
1921	5
1922	5
1923	5
1924	9
1925	9
1926	9
1927	9
1928	9
1929	9
1930	9
1931	9
1932	9
1933	9
1934	9
1935	9
1936	9
1937	9
1938	9
1939	9
1940	9
1941	9
1942	9
1943	9
1944	9
1945	9
1946	9
1947	9
1948	9
1949	9
1950	9
1951	9
1952	9
1953	9
1954	9
1955	9
1956	9
1957	9
1958	9
1959	9
1960	9
1961	9
1962	9
1963	9
1964	9
1965	9
1966	9
1967	9
1968	9
1969	9
1970	9
1971	9
1972	9
1973	9
1974	9
1975	9
1976	8
1977	8
1978	8
1979	8
1980	8
1981	8
1982	8
1983	8
1984	8
1985	8
1986	8
1987	8
1988	8
1989	8
1990	8
1991	8
1992	8
1993	8
1994	8
1995	8
1996	8
1997	8
1998	8
1999	8
2000	8
2001	8
2002	8
2003	8
2004	8
2005	8
2006	8
2007	8
2008	8
2009	8
2010	8
2011	8
2012	8
2013	8
2014	8
2015	8
2016	8
2017	11
2018	11
2019	11
2020	11
2021	11
2022	11
2023	11
2024	8
2025	11
2026	11
2027	11
2028	11
2029	11
2030	8
2031	8
2032	8
2033	8
2034	8
2035	7
2036	7
2037	7
2038	11
2039	11
2040	11
2041	11
2042	11
2043	11
2044	11
2045	11
2046	7
2047	7
2048	11
2049	11
2050	11
2051	7
2052	7
2053	7
2054	7
2055	7
2056	7
2057	7
2058	8
2059	8
2060	8
2061	8
2062	8
2063	8
2064	8
2065	8
2066	8
2067	8
2068	11
2069	11
2070	11
2071	11
2072	11
2073	11
2074	11
2075	11
2076	11
2077	11
2078	11
2079	11
2080	11
2081	11
2082	11
2083	11
2084	11
2085	11
2086	11
2087	11
2088	11
2089	2
2090	2
2091	2
2092	2
2093	2
2094	2
2095	2
2096	13
2097	13
2098	13
2099	13
2100	13
2101	13
2102	13
2103	13
2104	13
2105	13
2106	13
2107	13
2108	13
2109	13
2110	13
2111	13
2112	13
2113	3
2114	3
2115	3
2116	3
2117	3
2118	4
2119	3
2120	3
2121	3
2122	4
2123	4
2124	11
2125	3
2126	3
2127	3
2128	3
2129	3
2130	4
2131	3
2132	3
2133	4
2134	3
2135	3
2136	4
2137	4
2138	4
2139	3
2140	4
2141	3
2142	3
2143	3
2144	3
2145	3
2146	4
2147	4
2148	3
2149	4
2150	3
2151	3
2152	3
2153	3
2154	3
2155	3
2156	3
2157	3
2158	3
2159	3
2160	3
2161	3
2162	3
2163	3
2164	4
2165	4
2166	3
2167	3
2168	3
2169	3
2170	3
2171	3
2172	3
2173	3
2174	3
2175	3
2176	4
2177	4
2178	3
2179	3
2180	4
2181	4
2182	3
2183	3
2184	3
2185	3
2186	3
2187	3
2188	3
2189	3
2190	3
2191	3
2192	3
2193	3
2194	3
2195	3
2196	4
2197	4
2198	3
2199	4
2200	3
2201	3
2202	3
2203	3
2204	3
2205	3
2206	3
2207	3
2208	3
2209	3
2210	3
2211	3
2212	3
2213	3
2214	3
2215	3
2216	4
2217	3
2218	3
2219	3
2220	3
2221	3
2222	4
2223	4
2224	3
2225	3
2226	3
2227	3
2228	3
2229	4
2230	4
2231	4
2232	3
2233	4
2234	4
2235	3
2236	4
2237	4
2238	4
2239	3
2240	3
2241	4
2242	4
2243	4
2244	3
2245	4
2246	3
2247	4
2248	4
2249	3
2250	3
2251	3
2252	3
2253	3
2254	3
2255	3
2256	4
2257	3
2258	3
2259	3
2260	3
2261	4
2262	4
2263	3
2264	3
2265	3
2266	3
2267	3
2268	3
2269	3
2270	3
2271	3
2272	3
2273	3
2274	3
2275	3
2276	3
2277	4
2278	3
2279	3
2280	3
2281	3
2282	3
2283	4
2284	11
2285	11
2286	3
2287	3
2288	3
2289	3
2290	3
2291	3
2292	3
2293	3
2294	3
2295	3
2296	3
2297	4
2298	4
2299	4
2300	4
2301	3
2302	4
2303	3
2304	4
2305	3
2306	3
2307	3
2308	3
2309	11
2310	11
2311	11
2312	6
2313	6
2314	6
2315	6
2316	6
2317	6
2318	6
2319	6
2320	6
2321	6
2322	6
2323	6
2324	6
2325	6
2326	6
2327	6
2328	6
2329	6
2330	9
2331	9
2332	9
2333	9
2334	9
2335	9
2336	9
2337	9
2338	9
2339	9
2340	9
2341	9
2342	9
2343	9
2344	9
2345	9
2346	6
2347	6
2348	6
2349	6
2350	6
2351	6
2352	6
2353	6
2354	6
2355	6
2356	6
2357	6
2358	6
2359	6
2360	6
2361	6
2362	6
2363	6
2364	6
2365	6
2366	4
2367	4
2368	4
2369	4
2370	4
2371	4
2372	4
2373	4
2374	4
2375	4
2376	4
2377	4
2378	4
2379	4
2380	4
2381	4
2382	4
2383	4
2384	4
2385	4
2386	4
2387	4
2388	4
2389	4
2390	4
2391	4
2392	4
2393	4
2394	4
2395	4
2396	4
2397	4
2398	4
2399	4
2400	4
2401	4
2402	4
2403	4
2404	4
2405	4
2406	4
2407	4
2408	4
2409	4
2410	4
2411	4
2412	4
2413	4
2414	4
2415	10
2416	10
2417	10
2418	10
2419	10
2420	10
2421	10
2422	10
2423	10
2424	10
2425	10
2426	10
2427	10
2428	10
2429	10
2430	10
2431	10
2432	10
2433	10
2434	10
2435	10
2436	10
2437	10
2438	10
2439	10
2440	10
2441	10
2442	10
2443	10
2444	10
2445	10
2446	10
2447	10
2448	10
2449	1
2450	1
2451	1
2452	1
2453	1
2454	1
2455	10
2456	10
2457	10
2458	10
2459	10
2460	10
2461	10
2462	10
2463	10
2464	10
2465	10
2466	10
2467	10
2468	10
2469	10
2470	10
2471	10
2472	10
2473	10
2474	10
2475	10
2476	10
2477	10
2478	10
2479	10
2480	10
2481	10
2482	10
2483	10
2484	10
2485	1
2486	1
2487	1
2488	1
2489	1
2490	1
2491	1
2492	1
2493	1
2494	1
2495	1
2496	10
2497	10
2498	10
2499	10
2500	10
2501	1
2502	10
2503	10
2504	10
2505	10
2506	10
2507	10
2508	10
2509	10
2510	10
2511	10
2512	10
2513	10
2514	10
2515	10
2516	1
2517	10
2518	1
2519	10
2520	10
2521	1
2522	10
2523	10
2524	10
2525	10
2526	10
2527	10
2528	10
2529	10
2530	10
2531	10
2532	10
2533	10
2534	10
2535	10
2536	10
2537	10
2538	10
2539	1
2540	10
2541	1
2542	10
2543	10
2544	10
2545	10
2546	1
2547	10
2548	10
2549	10
2550	10
2551	10
2552	10
2553	10
2554	1
2555	1
2556	1
2557	1
2558	10
2559	10
2560	10
2561	10
2562	10
2563	10
2564	10
2565	10
2566	10
2567	10
2568	10
2569	10
2570	10
2571	10
2572	10
2573	10
2574	10
2575	1
2576	1
2577	1
2578	1
2579	1
2580	1
2581	10
2582	10
2583	1
2584	1
2585	10
2586	10
2587	10
2588	10
2589	10
2590	10
2591	10
2592	10
2593	10
2594	10
2595	10
2596	10
2597	10
2598	10
2599	10
2600	10
2601	10
2602	10
2603	10
2604	10
2605	10
2606	11
2607	11
2608	11
2609	11
2610	11
2611	11
2612	11
2613	11
2614	11
2615	11
2616	11
2617	11
2618	11
2619	11
2620	11
2621	11
2622	11
2623	11
2624	11
2625	11
2626	11
2627	11
2628	11
2629	11
2630	11
2631	11
2632	11
2633	11
2634	11
2635	11
2636	11
2637	11
2638	11
2639	11
2640	8
2641	8
2642	1
2643	1
2644	1
2645	8
2646	8
2647	8
2648	8
2649	8
2650	8
2651	8
2652	8
2653	8
2654	8
2655	8
2656	8
2657	8
2658	8
2659	1
2660	1
2661	8
2662	8
2663	1
2664	8
2665	1
2666	8
2667	8
2668	8
2669	8
2670	8
2671	8
2672	8
2673	8
2674	8
2675	8
2676	8
2677	8
2678	8
2679	8
2680	8
2681	8
2682	8
2683	1
2684	1
2685	8
2686	8
2687	1
2688	9
2689	9
2690	9
2691	9
315	2
1657	12
