0	5
1	5
2	5
3	5
4	5
5	5
6	5
7	12
8	12
9	12
10	12
11	12
12	12
13	12
14	12
15	12
16	12
17	12
18	12
19	12
20	12
21	11
22	11
23	11
24	11
25	11
26	11
27	11
28	11
29	3
30	3
31	3
32	3
33	3
34	3
35	3
36	3
37	3
38	3
39	3
40	3
41	3
42	3
43	3
44	3
45	3
46	3
47	3
48	3
49	3
50	6
51	3
52	3
53	9
54	9
55	9
56	9
57	9
58	3
59	3
60	6
61	3
62	6
63	6
64	6
65	9
66	9
67	9
68	9
69	9
70	9
71	11
72	11
73	11
74	11
75	3
76	3
77	3
78	3
79	6
80	3
81	3
82	6
83	10
84	10
85	10
86	10
87	10
88	10
89	10
90	10
91	10
92	10
93	10
94	10
95	10
96	12
97	12
98	12
99	12
100	12
101	12
102	12
103	12
104	12
105	12
106	12
107	12
108	12
109	12
110	12
111	12
112	12
113	12
114	12
115	12
116	12
117	12
118	12
119	12
120	12
121	12
122	12
123	12
124	12
125	12
126	12
127	12
128	12
129	13
130	13
131	13
132	13
133	13
134	13
135	13
136	13
137	13
138	13
139	13
140	13
141	8
142	8
143	13
144	13
145	13
146	13
147	8
148	13
149	13
150	13
151	13
152	13
153	13
154	13
155	13
156	13
157	8
158	8
159	8
160	8
161	8
162	8
163	13
164	13
165	8
166	10
167	10
168	10
169	10
170	10
171	10
172	10
173	10
174	10
175	10
176	10
177	10
178	10
179	10
180	10
181	10
182	10
183	6
184	6
185	6
186	6
187	6
188	6
189	6
190	6
191	6
192	6
193	6
194	6
195	6
196	6
197	6
198	6
199	6
200	6
201	6
202	6
203	6
204	6
205	6
206	6
207	6
208	11
209	11
210	11
211	11
212	11
213	11
214	11
215	11
216	11
217	11
218	11
219	11
220	11
221	11
222	11
223	11
224	11
225	11
226	11
227	11
228	11
229	11
230	11
231	11
232	11
233	11
234	11
235	11
236	11
237	11
238	11
239	11
240	11
241	11
242	11
243	11
244	11
245	11
246	11
247	11
248	6
249	6
250	6
251	6
252	6
253	6
254	6
255	6
256	6
257	6
258	6
259	6
260	6
261	1
262	1
263	1
264	1
265	1
266	1
267	1
268	1
269	1
270	1
271	1
272	1
273	1
274	1
275	1
276	1
277	1
278	1
279	1
280	1
281	1
282	1
283	1
284	1
285	1
286	1
287	1
288	1
289	1
290	1
291	1
292	1
293	1
294	1
295	1
296	1
297	1
298	1
299	1
300	1
301	1
302	6
303	6
304	6
305	6
306	9
307	13
308	13
309	9
310	9
311	9
312	9
313	9
314	9
316	3
317	3
318	3
319	3
320	3
321	3
322	3
323	3
324	3
325	3
326	3
327	3
328	3
329	3
330	3
331	13
332	9
333	13
334	13
335	9
336	9
337	3
338	3
339	3
340	9
341	9
342	9
343	9
344	13
345	13
346	13
347	9
348	9
349	9
350	9
351	13
352	13
353	9
354	13
355	13
356	7
357	7
358	7
359	7
360	7
361	7
362	7
363	7
364	7
365	7
366	7
367	7
368	7
369	9
370	13
371	13
372	9
373	9
374	9
375	13
376	9
377	13
378	13
379	13
380	13
381	13
382	13
383	9
384	9
385	9
386	13
387	9
388	9
389	3
390	3
391	3
392	3
393	3
394	9
395	13
396	9
397	9
398	3
399	3
400	3
401	3
402	3
403	11
404	11
405	11
406	11
407	13
408	13
409	5
410	5
411	5
412	5
413	5
414	5
415	5
416	5
417	5
418	5
419	5
420	5
421	5
422	5
423	5
424	5
425	10
426	10
427	10
428	10
429	10
430	10
431	10
432	10
433	5
434	5
435	5
436	5
437	5
438	5
439	5
440	5
441	5
442	5
443	5
444	5
445	5
446	10
447	10
448	10
449	10
450	10
451	5
452	5
453	5
454	10
455	10
456	10
457	5
458	5
459	5
460	5
461	5
462	5
463	10
464	10
465	10
466	10
467	10
468	10
469	10
470	10
471	10
472	10
473	5
474	5
475	1
476	1
477	1
478	1
479	1
480	1
481	1
482	1
483	1
484	11
485	11
486	1
487	1
488	1
489	1
490	1
491	1
492	1
493	1
494	1
495	1
496	1
497	1
498	11
499	1
500	1
501	1
502	11
503	1
504	1
505	1
506	13
507	11
508	11
509	11
510	11
511	11
512	11
513	11
514	11
515	11
516	11
517	11
518	11
519	11
520	11
521	11
522	4
523	4
524	4
525	4
526	6
527	6
528	4
529	4
530	4
531	4
532	4
533	4
534	4
535	4
536	4
537	4
538	6
539	6
540	6
541	6
542	6
543	6
544	6
545	6
546	6
547	6
548	6
549	6
550	6
551	6
552	6
553	6
554	6
555	6
556	6
557	6
558	6
559	11
560	11
561	11
562	11
563	11
564	11
565	6
566	6
567	6
568	6
569	6
570	4
571	4
572	4
573	4
574	4
575	4
576	4
577	4
578	4
579	4
580	4
581	6
582	6
583	6
584	6
585	6
586	6
587	11
588	11
589	11
590	11
591	11
592	11
593	11
594	11
595	11
596	1
597	11
598	11
599	11
600	11
601	11
602	11
603	6
604	6
605	6
606	6
607	6
608	6
609	6
610	6
611	6
612	6
613	6
614	6
615	6
616	6
617	11
618	11
619	11
620	1
621	11
622	11
623	1
624	1
625	11
626	11
627	1
628	11
629	11
630	11
631	11
632	11
633	11
634	1
635	11
636	11
637	11
638	1
639	6
640	6
641	6
642	6
643	6
644	6
645	6
646	6
647	6
648	6
649	6
650	6
651	6
652	6
653	6
654	6
655	6
656	6
657	1
658	10
659	1
660	1
661	5
662	5
663	5
664	5
665	5
666	5
667	5
668	5
669	5
670	13
671	13
672	13
673	13
674	13
675	13
676	13
677	13
678	13
679	13
680	5
681	5
682	5
683	5
684	5
685	5
686	5
687	5
688	5
689	5
690	5
691	5
692	5
693	5
694	5
695	5
696	5
697	13
698	13
699	13
700	13
701	13
702	13
703	13
704	13
705	13
706	13
707	13
708	13
709	13
710	13
711	13
712	13
713	13
714	5
715	5
716	11
717	11
718	13
719	13
720	13
721	11
722	11
723	11
724	11
725	11
726	11
727	11
728	11
729	11
730	11
731	11
732	3
733	3
734	3
735	3
736	3
737	1
738	10
739	10
740	10
741	10
742	10
743	1
744	1
745	3
746	3
747	3
748	3
749	3
750	3
751	3
752	3
753	3
754	3
755	3
756	3
757	3
758	3
759	3
760	3
761	3
762	3
763	3
764	3
765	3
766	1
767	10
768	10
769	10
770	3
771	3
772	10
773	10
774	10
775	10
776	1
777	1
778	10
779	10
780	1
781	1
782	1
783	10
784	10
785	11
786	10
787	1
788	1
789	1
790	1
791	11
792	11
793	11
794	11
795	11
796	11
797	11
798	11
799	11
800	11
801	1
802	1
803	1
804	1
805	11
806	11
807	11
808	1
809	1
810	10
811	9
812	3
813	9
814	3
815	9
816	9
817	9
818	3
819	9
820	3
821	9
822	9
823	9
824	9
825	9
826	9
827	9
828	9
829	3
830	9
831	9
832	9
833	9
834	3
835	9
836	9
837	3
838	9
839	9
840	9
841	9
842	9
843	9
844	9
845	9
846	9
847	3
848	9
849	9
850	3
851	3
852	9
853	9
854	9
855	9
856	3
857	3
858	6
859	6
860	6
861	6
862	6
863	6
864	6
865	6
866	6
867	6
868	6
869	6
870	6
871	9
872	9
873	9
874	9
875	9
876	9
877	9
878	9
879	9
880	9
881	9
882	9
883	3
884	9
885	9
886	9
887	9
888	9
889	9
890	9
891	9
892	3
893	9
894	9
895	9
896	9
897	9
898	9
899	3
900	3
901	3
902	9
903	9
904	9
905	9
906	9
907	9
908	9
909	9
910	3
911	3
912	3
913	3
914	9
915	9
916	9
917	9
918	9
919	9
920	9
921	9
922	3
923	3
924	9
925	9
926	9
927	9
928	9
929	9
930	3
931	3
932	9
933	3
934	9
935	9
936	9
937	9
938	9
939	9
940	9
941	9
942	3
943	9
944	3
945	3
946	9
947	9
948	9
949	3
950	9
951	9
952	9
953	9
954	3
955	3
956	3
957	9
958	9
959	9
960	9
961	9
962	3
963	9
964	9
965	9
966	9
967	9
968	9
969	9
970	9
971	9
972	9
973	9
974	9
975	3
976	9
977	9
978	9
979	9
980	9
981	9
982	3
983	3
984	3
985	7
986	7
987	7
988	7
989	7
990	7
991	7
992	10
993	7
994	7
995	7
996	7
997	7
998	7
999	7
1000	10
1001	10
1002	7
1003	7
1004	7
1005	7
1006	7
1007	3
1008	3
1009	7
1010	12
1011	3
1012	3
1013	3
1014	3
1015	3
1016	3
1017	12
1018	3
1019	3
1020	3
1021	3
1022	3
1023	3
1024	3
1025	3
1026	3
1027	12
1028	3
1029	3
1030	3
1031	3
1032	3
1033	3
1034	3
1035	3
1036	3
1037	12
1038	3
1039	3
1040	3
1041	3
1042	12
1043	3
1044	3
1045	3
1046	3
1047	3
1048	3
1049	3
1050	3
1051	3
1052	3
1053	3
1054	3
1055	3
1056	12
1057	3
1058	3
1059	3
1060	3
1061	3
1062	3
1063	3
1064	3
1065	12
1066	3
1067	12
1068	3
1069	3
1070	12
1071	3
1072	3
1073	3
1074	3
1075	6
1076	6
1077	6
1078	6
1079	6
1080	6
1081	6
1082	6
1083	6
1084	6
1085	6
1086	6
1087	1
1088	1
1089	1
1090	1
1091	1
1092	1
1093	1
1094	11
1095	11
1096	11
1097	11
1098	11
1099	11
1100	11
1101	11
1102	11
1103	11
1104	11
1105	11
1106	11
1107	7
1108	7
1109	7
1110	7
1111	7
1112	7
1113	7
1114	9
1115	7
1116	7
1117	7
1118	7
1119	7
1120	7
1121	7
1122	9
1123	7
1124	7
1125	9
1126	7
1127	7
1128	7
1129	7
1130	7
1131	9
1132	7
1133	7
1134	7
1135	7
1136	9
1137	7
1138	7
1139	7
1140	7
1141	7
1142	7
1143	7
1144	7
1145	7
1146	9
1147	9
1148	7
1149	7
1150	7
1151	7
1152	7
1153	7
1154	13
1155	13
1156	13
1157	13
1158	13
1159	13
1160	13
1161	13
1162	13
1163	13
1164	13
1165	13
1166	13
1167	13
1168	13
1169	3
1170	3
1171	3
1172	3
1173	3
1174	3
1175	12
1176	3
1177	3
1178	3
1179	3
1180	3
1181	3
1182	3
1183	3
1184	12
1185	3
1186	3
1187	3
1188	3
1189	3
1190	12
1191	3
1192	3
1193	3
1194	12
1195	3
1196	3
1197	3
1198	3
1199	3
1200	12
1201	12
1202	12
1203	12
1204	12
1205	12
1206	12
1207	12
1208	12
1209	12
1210	12
1211	12
1212	12
1213	12
1214	12
1215	12
1216	12
1217	12
1218	12
1219	12
1220	12
1221	12
1222	12
1223	12
1224	12
1225	12
1226	12
1227	12
1228	12
1229	12
1230	12
1231	12
1232	12
1233	12
1234	12
1235	12
1236	12
1237	12
1238	12
1239	12
1240	1
1241	1
1242	11
1243	11
1244	11
1245	1
1246	11
1247	11
1248	11
1249	11
1250	11
1251	11
1252	11
1253	6
1254	6
1255	6
1256	6
1257	6
1258	11
1259	11
1260	11
1261	11
1262	11
1263	1
1264	6
1265	6
1266	6
1267	6
1268	6
1269	6
1270	6
1271	6
1272	6
1273	6
1274	6
1275	6
1276	6
1277	6
1278	11
1279	11
1280	11
1281	11
1282	1
1283	1
1284	6
1285	6
1286	6
1287	6
1288	13
1289	13
1290	13
1291	11
1292	13
1293	11
1294	13
1295	13
1296	11
1297	13
1298	11
1299	13
1300	11
1301	13
1302	13
1303	6
1304	6
1305	6
1306	6
1307	6
1308	6
1309	6
1310	6
1311	6
1312	6
1313	6
1314	7
1315	7
1316	7
1317	7
1318	7
1319	7
1320	7
1321	7
1322	9
1323	7
1324	7
1325	7
1326	7
1327	7
1328	7
1329	7
1330	7
1331	7
1332	7
1333	7
1334	7
1335	9
1336	7
1337	7
1338	7
1339	9
1340	9
1341	7
1342	9
1343	9
1344	7
1345	7
1346	6
1347	5
1348	5
1349	5
1350	5
1351	6
1352	6
1353	5
1354	5
1355	5
1356	5
1357	5
1358	6
1359	6
1360	5
1361	5
1362	6
1363	7
1364	7
1365	7
1366	7
1367	7
1368	7
1369	7
1370	7
1371	7
1372	7
1373	7
1374	7
1375	7
1376	7
1377	7
1378	7
1379	7
1380	7
1381	13
1382	13
1383	13
1384	13
1385	11
1386	13
1387	11
1388	13
1389	11
1390	13
1391	11
1392	13
1393	11
1394	11
1395	13
1396	13
1397	5
1398	6
1399	5
1400	5
1401	5
1402	5
1403	6
1404	5
1405	5
1406	5
1407	5
1408	6
1409	5
1410	5
1411	5
1412	5
1413	5
1414	5
1415	5
1416	5
1417	5
1418	5
1419	5
1420	5
1421	5
1422	5
1423	5
1424	5
1425	5
1426	5
1427	5
1428	4
1429	4
1430	4
1431	4
1432	4
1433	4
1434	4
1435	4
1436	4
1437	4
1438	4
1439	4
1440	4
1441	12
1442	12
1443	12
1444	12
1445	12
1446	12
1447	12
1448	12
1449	12
1450	12
1451	12
1452	12
1453	12
1454	12
1455	4
1456	4
1457	4
1458	4
1459	4
1460	4
1461	4
1462	4
1463	4
1464	4
1465	11
1466	11
1467	11
1468	11
1469	13
1470	11
1471	11
1472	13
1473	13
1474	11
1475	11
1476	11
1477	11
1478	11
1479	11
1480	11
1481	11
1482	11
1483	11
1484	11
1485	11
1486	11
1487	13
1488	11
1489	3
1490	3
1491	3
1492	3
1493	3
1494	3
1495	3
1496	3
1497	3
1498	3
1499	3
1500	3
1501	5
1502	5
1503	5
1504	5
1505	5
1506	5
1507	5
1508	5
1509	5
1510	5
1511	5
1512	5
1513	5
1514	5
1515	5
1516	5
1517	5
1518	5
1519	5
1520	5
1521	5
1522	5
1523	5
1524	5
1525	5
1526	5
1527	5
1528	5
1529	10
1530	10
1531	10
1532	10
1533	10
1534	10
1535	10
1536	10
1537	10
1538	10
1539	10
1540	10
1541	10
1542	10
1543	10
1544	10
1545	10
1546	10
1547	10
1548	10
1549	10
1550	10
1551	10
1552	7
1553	7
1554	7
1555	7
1556	7
1557	7
1558	7
1559	7
1560	7
1561	7
1562	7
1563	7
1564	7
1565	7
1566	7
1567	7
1568	7
1569	7
1570	7
1571	7
1572	7
1573	7
1574	7
1575	7
1576	3
1577	3
1578	3
1579	3
1580	3
1581	3
1582	3
1583	3
1584	3
1585	3
1586	3
1587	3
1588	3
1589	3
1590	3
1591	3
1592	3
1593	6
1594	6
1595	6
1596	6
1597	6
1598	6
1599	6
1600	6
1601	6
1602	4
1603	4
1604	4
1605	4
1606	4
1607	4
1608	4
1609	4
1610	4
1611	4
1612	4
1613	4
1614	4
1615	4
1616	4
1617	4
1618	11
1619	11
1620	11
1621	11
1622	11
1623	11
1624	11
1625	11
1626	11
1627	11
1628	11
1629	12
1630	12
1631	12
1632	12
1633	12
1634	12
1635	12
1636	12
1637	12
1638	12
1639	12
1640	12
1641	12
1642	12
1643	12
1644	11
1645	11
1646	11
1647	11
1648	11
1649	12
1650	12
1651	12
1652	12
1653	12
1654	12
1655	12
1656	12
1658	12
1659	12
1660	12
1661	12
1662	12
1663	12
1664	12
1665	12
1666	12
1667	12
1668	12
1669	12
1670	12
1671	12
1672	12
1673	11
1674	12
1675	12
1676	12
1677	11
1678	1
1679	1
1680	1
1681	1
1682	1
1683	1
1684	1
1685	12
1686	12
1687	12
1688	12
1689	12
1690	12
1691	12
1692	12
1693	12
1694	12
1695	12
1696	12
1697	12
1698	12
1699	12
1700	12
1701	12
1702	12
1703	2
1704	2
1705	12
1706	12
1707	12
1708	12
1709	12
1710	12
1711	12
1712	12
1713	11
1714	11
1715	11
1716	11
1717	11
1718	11
1719	11
1720	11
1721	11
1722	11
1723	11
1724	11
1725	12
1726	12
1727	12
1728	11
1729	12
1730	12
1731	12
1732	12
1733	12
1734	12
1735	12
1736	12
1737	12
1738	12
1739	12
1740	12
1741	12
1742	5
1743	5
1744	5
1745	5
1746	5
1747	5
1748	5
1749	5
1750	5
1751	5
1752	5
1753	5
1754	5
1755	5
1756	5
1757	11
1758	11
1759	11
1760	11
1761	5
1762	5
1763	5
1764	2
1765	5
1766	5
1767	2
1768	5
1769	5
1770	5
1771	5
1772	5
1773	5
1774	11
1775	11
1776	11
1777	11
1778	11
1779	11
1780	11
1781	11
1782	11
1783	11
1784	11
1785	11
1786	11
1787	5
1788	5
1789	5
1790	5
1791	5
1792	5
1793	5
1794	5
1795	11
1796	11
1797	11
1798	11
1799	5
1800	5
1801	5
1802	5
1803	5
1804	5
1805	5
1806	5
1807	5
1808	5
1809	4
1810	2
1811	2
1812	2
1813	4
1814	2
1815	2
1816	4
1817	2
1818	2
1819	4
1820	2
1821	4
1822	2
1823	4
1824	4
1825	2
1826	2
1827	2
1828	2
1829	2
1830	11
1831	11
1832	11
1833	11
1834	11
1835	4
1836	4
1837	11
1838	4
1839	4
1840	7
1841	7
1842	7
1843	7
1844	7
1845	2
1846	4
1847	4
1848	4
1849	2
1850	4
1851	4
1852	4
1853	4
1854	2
1855	4
1856	2
1857	11
1858	11
1859	11
1860	11
1861	11
1862	11
1863	4
1864	4
1865	4
1866	4
1867	4
1868	4
1869	4
1870	4
1871	2
1872	1
1873	1
1874	1
1875	1
1876	1
1877	1
1878	1
1879	1
1880	1
1881	1
1882	1
1883	1
1884	1
1885	1
1886	1
1887	1
1888	1
1889	1
1890	1
1891	1
1892	1
1893	1
1894	1
1895	6
1896	6
1897	6
1898	9
1899	9
1900	9
1901	9
1902	9
1903	9
1904	6
1905	6
1906	6
1907	6
1908	6
1909	6
1910	6
1911	6
1912	6
1913	6
1914	6
1915	6
1916	9
1917	9
1918	9
1919	9
1920	9
1921	9
1922	9
1923	9
1924	6
1925	6
1926	6
1927	6
1928	6
1929	6
1930	6
1931	6
1932	6
1933	6
1934	6
1935	6
1936	6
1937	6
1938	6
1939	6
1940	6
1941	6
1942	6
1943	6
1944	6
1945	6
1946	6
1947	6
1948	6
1949	6
1950	6
1951	6
1952	6
1953	6
1954	6
1955	6
1956	6
1957	6
1958	6
1959	6
1960	6
1961	6
1962	6
1963	6
1964	6
1965	6
1966	6
1967	6
1968	6
1969	6
1970	6
1971	6
1972	6
1973	6
1974	6
1975	6
1976	10
1977	10
1978	10
1979	10
1980	10
1981	10
1982	10
1983	10
1984	10
1985	10
1986	10
1987	10
1988	10
1989	10
1990	10
1991	10
1992	10
1993	10
1994	10
1995	10
1996	10
1997	10
1998	10
1999	10
2000	10
2001	10
2002	10
2003	10
2004	10
2005	10
2006	10
2007	10
2008	10
2009	10
2010	10
2011	10
2012	10
2013	10
2014	10
2015	10
2016	10
2017	1
2018	1
2019	1
2020	1
2021	1
2022	1
2023	1
2024	1
2025	1
2026	1
2027	1
2028	1
2029	1
2030	10
2031	10
2032	10
2033	10
2034	10
2035	1
2036	1
2037	1
2038	11
2039	11
2040	11
2041	11
2042	11
2043	1
2044	1
2045	1
2046	1
2047	1
2048	11
2049	11
2050	1
2051	1
2052	1
2053	1
2054	1
2055	1
2056	1
2057	1
2058	10
2059	10
2060	10
2061	10
2062	10
2063	10
2064	10
2065	10
2066	10
2067	10
2068	1
2069	1
2070	1
2071	1
2072	1
2073	11
2074	1
2075	1
2076	1
2077	11
2078	11
2079	1
2080	11
2081	1
2082	1
2083	1
2084	1
2085	1
2086	1
2087	1
2088	1
2089	3
2090	3
2091	3
2092	3
2093	3
2094	3
2095	3
2096	5
2097	5
2098	5
2099	5
2100	5
2101	5
2102	5
2103	5
2104	5
2105	5
2106	5
2107	5
2108	5
2109	5
2110	5
2111	5
2112	5
2113	2
2114	2
2115	2
2116	2
2117	2
2118	4
2119	2
2120	4
2121	4
2122	4
2123	2
2124	1
2125	4
2126	4
2127	4
2128	4
2129	2
2130	4
2131	2
2132	2
2133	4
2134	2
2135	2
2136	2
2137	4
2138	4
2139	4
2140	4
2141	2
2142	2
2143	2
2144	2
2145	4
2146	4
2147	2
2148	4
2149	4
2150	4
2151	2
2152	2
2153	2
2154	2
2155	2
2156	2
2157	2
2158	2
2159	2
2160	2
2161	2
2162	2
2163	2
2164	2
2165	2
2166	2
2167	4
2168	4
2169	2
2170	2
2171	2
2172	2
2173	2
2174	2
2175	2
2176	4
2177	4
2178	4
2179	4
2180	2
2181	2
2182	2
2183	2
2184	2
2185	2
2186	2
2187	2
2188	2
2189	4
2190	4
2191	4
2192	4
2193	2
2194	2
2195	2
2196	4
2197	2
2198	2
2199	4
2200	2
2201	2
2202	2
2203	2
2204	2
2205	4
2206	4
2207	4
2208	4
2209	2
2210	2
2211	2
2212	2
2213	4
2214	4
2215	2
2216	2
2217	4
2218	2
2219	2
2220	2
2221	4
2222	2
2223	4
2224	2
2225	2
2226	2
2227	2
2228	2
2229	2
2230	2
2231	2
2232	2
2233	4
2234	4
2235	2
2236	4
2237	4
2238	2
2239	2
2240	2
2241	2
2242	2
2243	2
2244	2
2245	2
2246	2
2247	2
2248	2
2249	2
2250	2
2251	2
2252	2
2253	2
2254	2
2255	2
2256	2
2257	2
2258	4
2259	4
2260	4
2261	2
2262	2
2263	2
2264	2
2265	2
2266	2
2267	4
2268	4
2269	2
2270	2
2271	2
2272	2
2273	2
2274	2
2275	2
2276	2
2277	4
2278	2
2279	2
2280	2
2281	2
2282	4
2283	4
2284	1
2285	1
2286	2
2287	2
2288	2
2289	2
2290	2
2291	2
2292	2
2293	2
2294	4
2295	4
2296	4
2297	2
2298	2
2299	2
2300	2
2301	2
2302	4
2303	4
2304	4
2305	2
2306	2
2307	2
2308	2
2309	1
2310	1
2311	1
2312	9
2313	9
2314	9
2315	9
2316	9
2317	9
2318	9
2319	9
2320	9
2321	9
2322	9
2323	9
2324	9
2325	9
2326	9
2327	9
2328	9
2329	9
2330	6
2331	6
2332	6
2333	6
2334	6
2335	6
2336	6
2337	6
2338	6
2339	6
2340	6
2341	6
2342	6
2343	6
2344	6
2345	6
2346	3
2347	3
2348	3
2349	3
2350	3
2351	3
2352	3
2353	3
2354	3
2355	3
2356	3
2357	3
2358	3
2359	3
2360	3
2361	3
2362	3
2363	3
2364	3
2365	3
2366	4
2367	4
2368	4
2369	4
2370	4
2371	4
2372	4
2373	4
2374	4
2375	4
2376	4
2377	4
2378	4
2379	4
2380	4
2381	4
2382	4
2383	4
2384	4
2385	4
2386	4
2387	4
2388	4
2389	4
2390	4
2391	4
2392	4
2393	4
2394	4
2395	4
2396	4
2397	4
2398	4
2399	4
2400	4
2401	4
2402	4
2403	4
2404	4
2405	4
2406	4
2407	4
2408	4
2409	4
2410	4
2411	4
2412	4
2413	4
2414	4
2415	8
2416	8
2417	8
2418	8
2419	13
2420	13
2421	8
2422	8
2423	8
2424	8
2425	8
2426	8
2427	13
2428	13
2429	13
2430	13
2431	8
2432	8
2433	8
2434	8
2435	8
2436	8
2437	8
2438	13
2439	13
2440	8
2441	8
2442	8
2443	8
2444	8
2445	8
2446	8
2447	8
2448	8
2449	8
2450	8
2451	8
2452	8
2453	8
2454	8
2455	8
2456	8
2457	8
2458	8
2459	8
2460	8
2461	8
2462	8
2463	8
2464	8
2465	8
2466	8
2467	8
2468	8
2469	8
2470	8
2471	8
2472	8
2473	8
2474	8
2475	8
2476	8
2477	8
2478	8
2479	8
2480	8
2481	8
2482	8
2483	8
2484	8
2485	8
2486	8
2487	8
2488	8
2489	8
2490	8
2491	8
2492	8
2493	8
2494	8
2495	8
2496	13
2497	13
2498	8
2499	8
2500	8
2501	8
2502	8
2503	8
2504	8
2505	8
2506	8
2507	8
2508	8
2509	13
2510	8
2511	8
2512	8
2513	8
2514	8
2515	8
2516	8
2517	8
2518	8
2519	8
2520	8
2521	8
2522	8
2523	13
2524	8
2525	13
2526	8
2527	8
2528	8
2529	13
2530	13
2531	13
2532	13
2533	13
2534	13
2535	13
2536	13
2537	13
2538	13
2539	8
2540	13
2541	8
2542	13
2543	8
2544	8
2545	8
2546	8
2547	13
2548	8
2549	8
2550	8
2551	8
2552	13
2553	13
2554	8
2555	8
2556	8
2557	8
2558	8
2559	13
2560	8
2561	8
2562	8
2563	13
2564	8
2565	13
2566	8
2567	8
2568	13
2569	8
2570	8
2571	8
2572	8
2573	8
2574	13
2575	8
2576	8
2577	8
2578	8
2579	8
2580	8
2581	13
2582	8
2583	8
2584	8
2585	8
2586	8
2587	13
2588	13
2589	13
2590	13
2591	13
2592	13
2593	13
2594	8
2595	8
2596	8
2597	8
2598	8
2599	8
2600	8
2601	8
2602	8
2603	8
2604	13
2605	13
2606	1
2607	1
2608	1
2609	1
2610	1
2611	1
2612	1
2613	1
2614	1
2615	1
2616	1
2617	1
2618	1
2619	1
2620	1
2621	1
2622	1
2623	1
2624	1
2625	1
2626	1
2627	1
2628	1
2629	1
2630	1
2631	1
2632	1
2633	1
2634	1
2635	1
2636	1
2637	1
2638	1
2639	1
2640	10
2641	10
2642	10
2643	10
2644	7
2645	10
2646	10
2647	10
2648	10
2649	10
2650	10
2651	10
2652	10
2653	7
2654	10
2655	7
2656	7
2657	7
2658	7
2659	10
2660	7
2661	7
2662	7
2663	10
2664	10
2665	10
2666	7
2667	10
2668	10
2669	10
2670	7
2671	10
2672	7
2673	10
2674	7
2675	7
2676	10
2677	10
2678	7
2679	10
2680	10
2681	10
2682	10
2683	10
2684	10
2685	10
2686	10
2687	10
2688	6
2689	6
2690	6
2691	6
315	3
1657	12
