0	1
1	1
2	1
3	1
4	1
5	1
6	1
7	2
8	2
9	2
10	2
11	2
12	2
13	2
14	2
15	2
16	2
17	2
18	2
19	2
20	2
21	9
22	9
23	9
24	9
25	9
26	9
27	9
28	9
29	10
30	10
31	10
32	10
33	10
34	10
35	10
36	10
37	10
38	10
39	10
40	10
41	10
42	10
43	10
44	10
45	10
46	10
47	10
48	10
49	10
50	10
51	10
52	10
53	12
54	12
55	12
56	12
57	12
58	10
59	10
60	10
61	10
62	10
63	10
64	10
65	12
66	12
67	12
68	12
69	12
70	12
71	9
72	9
73	9
74	9
75	10
76	10
77	10
78	10
79	10
80	10
81	10
82	10
83	5
84	5
85	5
86	5
87	5
88	5
89	5
90	5
91	5
92	5
93	5
94	5
95	5
96	2
97	2
98	2
99	2
100	2
101	2
102	2
103	2
104	2
105	2
106	2
107	2
108	2
109	2
110	2
111	2
112	2
113	2
114	2
115	2
116	2
117	2
118	2
119	2
120	2
121	2
122	2
123	2
124	2
125	2
126	2
127	2
128	2
129	5
130	5
131	5
132	5
133	5
134	5
135	5
136	5
137	5
138	5
139	5
140	5
141	5
142	5
143	5
144	5
145	5
146	5
147	5
148	5
149	5
150	5
151	5
152	5
153	5
154	5
155	5
156	5
157	5
158	5
159	5
160	5
161	5
162	5
163	5
164	5
165	5
166	8
167	8
168	8
169	8
170	8
171	8
172	8
173	8
174	8
175	8
176	8
177	8
178	8
179	8
180	8
181	8
182	8
183	10
184	10
185	10
186	10
187	10
188	10
189	10
190	10
191	10
192	10
193	10
194	10
195	10
196	10
197	10
198	10
199	10
200	10
201	10
202	10
203	10
204	10
205	10
206	10
207	10
208	9
209	9
210	9
211	9
212	9
213	9
214	9
215	9
216	9
217	9
218	9
219	9
220	9
221	9
222	9
223	9
224	9
225	9
226	9
227	9
228	9
229	9
230	9
231	9
232	9
233	9
234	9
235	9
236	9
237	9
238	9
239	9
240	9
241	9
242	9
243	9
244	9
245	9
246	9
247	9
248	10
249	10
250	10
251	10
252	10
253	10
254	10
255	10
256	10
257	10
258	10
259	10
260	10
261	9
262	9
263	9
264	9
265	9
266	9
267	9
268	13
269	13
270	13
271	9
272	9
273	9
274	9
275	9
276	9
277	9
278	13
279	13
280	13
281	13
282	13
283	13
284	13
285	13
286	13
287	13
288	13
289	13
290	13
291	13
292	13
293	13
294	13
295	13
296	13
297	13
298	13
299	13
300	13
301	13
302	10
303	10
304	10
305	10
306	11
307	3
308	11
309	3
310	3
311	3
312	11
313	11
314	3
316	4
317	4
318	4
319	4
320	4
321	4
322	4
323	4
324	4
325	4
326	4
327	4
328	4
329	4
330	4
331	11
332	11
333	11
334	11
335	11
336	3
337	4
338	4
339	4
340	11
341	11
342	11
343	3
344	11
345	11
346	11
347	11
348	11
349	11
350	3
351	11
352	11
353	3
354	3
355	3
356	5
357	5
358	5
359	5
360	5
361	5
362	5
363	5
364	5
365	5
366	5
367	5
368	5
369	3
370	11
371	3
372	3
373	3
374	3
375	3
376	3
377	3
378	3
379	3
380	3
381	3
382	11
383	11
384	11
385	11
386	3
387	11
388	11
389	4
390	4
391	4
392	4
393	4
394	3
395	3
396	11
397	3
398	4
399	4
400	4
401	4
402	4
403	9
404	9
405	9
406	9
407	9
408	5
409	2
410	1
411	2
412	2
413	1
414	1
415	1
416	1
417	1
418	1
419	1
420	1
421	1
422	1
423	2
424	1
425	8
426	8
427	8
428	8
429	8
430	8
431	8
432	8
433	1
434	1
435	1
436	1
437	1
438	1
439	1
440	1
441	1
442	2
443	1
444	1
445	2
446	8
447	8
448	8
449	8
450	8
451	1
452	2
453	1
454	8
455	8
456	8
457	1
458	2
459	1
460	1
461	1
462	1
463	8
464	8
465	8
466	8
467	8
468	8
469	8
470	8
471	8
472	8
473	1
474	2
475	13
476	13
477	8
478	8
479	8
480	8
481	8
482	8
483	8
484	9
485	9
486	8
487	8
488	8
489	13
490	13
491	13
492	13
493	13
494	13
495	8
496	8
497	8
498	9
499	8
500	8
501	8
502	9
503	8
504	8
505	8
506	5
507	9
508	9
509	9
510	9
511	9
512	9
513	9
514	9
515	9
516	9
517	9
518	9
519	9
520	9
521	9
522	12
523	12
524	12
525	12
526	10
527	10
528	12
529	12
530	12
531	12
532	12
533	12
534	12
535	12
536	12
537	12
538	10
539	10
540	10
541	10
542	10
543	10
544	10
545	10
546	10
547	10
548	10
549	10
550	10
551	10
552	10
553	10
554	10
555	10
556	10
557	10
558	10
559	9
560	9
561	9
562	9
563	9
564	9
565	10
566	10
567	10
568	10
569	10
570	7
571	7
572	7
573	7
574	7
575	7
576	7
577	7
578	7
579	7
580	7
581	10
582	10
583	10
584	10
585	10
586	10
587	13
588	13
589	13
590	13
591	13
592	9
593	9
594	13
595	9
596	13
597	9
598	13
599	9
600	9
601	9
602	9
603	10
604	10
605	10
606	10
607	10
608	10
609	10
610	10
611	10
612	10
613	10
614	10
615	10
616	10
617	13
618	9
619	9
620	13
621	13
622	13
623	13
624	13
625	13
626	13
627	13
628	9
629	9
630	9
631	9
632	13
633	13
634	13
635	13
636	13
637	13
638	13
639	10
640	10
641	10
642	10
643	10
644	10
645	10
646	10
647	10
648	10
649	10
650	10
651	10
652	10
653	10
654	10
655	10
656	10
657	13
658	13
659	13
660	13
661	1
662	1
663	1
664	7
665	7
666	1
667	1
668	7
669	7
670	5
671	5
672	5
673	9
674	5
675	5
676	5
677	5
678	5
679	5
680	7
681	1
682	7
683	1
684	7
685	1
686	1
687	7
688	1
689	1
690	1
691	1
692	1
693	1
694	1
695	1
696	1
697	5
698	9
699	5
700	5
701	5
702	5
703	9
704	5
705	5
706	5
707	5
708	9
709	5
710	9
711	9
712	9
713	5
714	1
715	1
716	9
717	9
718	9
719	9
720	5
721	9
722	9
723	9
724	9
725	9
726	9
727	9
728	9
729	9
730	9
731	9
732	4
733	4
734	4
735	4
736	4
737	8
738	8
739	8
740	8
741	8
742	8
743	13
744	13
745	4
746	4
747	4
748	4
749	4
750	4
751	4
752	4
753	4
754	4
755	4
756	4
757	4
758	4
759	4
760	4
761	4
762	4
763	4
764	4
765	4
766	13
767	8
768	13
769	8
770	4
771	4
772	13
773	13
774	13
775	8
776	13
777	13
778	8
779	8
780	13
781	8
782	8
783	8
784	8
785	9
786	13
787	13
788	13
789	13
790	13
791	9
792	9
793	9
794	9
795	9
796	9
797	9
798	9
799	9
800	9
801	13
802	13
803	13
804	13
805	9
806	9
807	9
808	13
809	13
810	8
811	4
812	4
813	12
814	4
815	12
816	12
817	12
818	4
819	4
820	4
821	4
822	12
823	4
824	12
825	12
826	12
827	4
828	12
829	4
830	12
831	12
832	12
833	12
834	4
835	4
836	12
837	4
838	12
839	12
840	4
841	12
842	4
843	4
844	4
845	12
846	4
847	4
848	4
849	12
850	4
851	4
852	12
853	12
854	4
855	12
856	4
857	4
858	10
859	10
860	10
861	10
862	10
863	10
864	10
865	10
866	10
867	10
868	10
869	10
870	10
871	12
872	12
873	12
874	12
875	4
876	4
877	12
878	12
879	12
880	12
881	12
882	12
883	4
884	12
885	4
886	12
887	4
888	4
889	4
890	4
891	12
892	4
893	4
894	4
895	4
896	12
897	12
898	4
899	4
900	4
901	4
902	12
903	4
904	12
905	4
906	12
907	4
908	4
909	12
910	4
911	4
912	4
913	4
914	4
915	12
916	12
917	12
918	12
919	12
920	4
921	4
922	4
923	4
924	12
925	4
926	12
927	12
928	4
929	12
930	4
931	4
932	4
933	4
934	12
935	12
936	12
937	12
938	12
939	4
940	4
941	12
942	4
943	12
944	4
945	4
946	12
947	4
948	4
949	4
950	4
951	4
952	4
953	12
954	4
955	4
956	4
957	4
958	4
959	12
960	4
961	4
962	4
963	12
964	4
965	12
966	4
967	12
968	4
969	12
970	12
971	12
972	4
973	4
974	4
975	4
976	4
977	4
978	12
979	4
980	12
981	12
982	4
983	4
984	2
985	8
986	5
987	5
988	8
989	5
990	5
991	5
992	8
993	8
994	5
995	8
996	5
997	8
998	5
999	5
1000	8
1001	8
1002	8
1003	5
1004	5
1005	5
1006	5
1007	2
1008	2
1009	5
1010	2
1011	4
1012	2
1013	2
1014	2
1015	4
1016	4
1017	2
1018	2
1019	4
1020	2
1021	4
1022	2
1023	2
1024	2
1025	4
1026	4
1027	2
1028	4
1029	4
1030	4
1031	4
1032	4
1033	4
1034	4
1035	2
1036	2
1037	2
1038	4
1039	2
1040	4
1041	2
1042	2
1043	4
1044	4
1045	4
1046	4
1047	2
1048	2
1049	4
1050	2
1051	2
1052	2
1053	4
1054	2
1055	4
1056	2
1057	2
1058	2
1059	4
1060	2
1061	2
1062	4
1063	2
1064	4
1065	2
1066	2
1067	2
1068	2
1069	4
1070	2
1071	4
1072	4
1073	4
1074	4
1075	10
1076	10
1077	10
1078	10
1079	10
1080	10
1081	10
1082	10
1083	10
1084	10
1085	10
1086	10
1087	13
1088	13
1089	13
1090	13
1091	13
1092	13
1093	13
1094	9
1095	9
1096	9
1097	9
1098	9
1099	9
1100	9
1101	9
1102	9
1103	9
1104	9
1105	9
1106	9
1107	12
1108	12
1109	12
1110	12
1111	12
1112	12
1113	12
1114	12
1115	3
1116	12
1117	12
1118	12
1119	3
1120	12
1121	12
1122	12
1123	12
1124	12
1125	12
1126	12
1127	12
1128	12
1129	12
1130	12
1131	12
1132	12
1133	12
1134	3
1135	3
1136	12
1137	12
1138	12
1139	12
1140	12
1141	12
1142	3
1143	12
1144	12
1145	3
1146	12
1147	12
1148	12
1149	12
1150	3
1151	12
1152	12
1153	12
1154	11
1155	11
1156	11
1157	11
1158	11
1159	11
1160	11
1161	11
1162	11
1163	11
1164	11
1165	11
1166	11
1167	11
1168	11
1169	2
1170	2
1171	2
1172	4
1173	2
1174	2
1175	2
1176	2
1177	4
1178	4
1179	4
1180	2
1181	4
1182	4
1183	2
1184	2
1185	2
1186	2
1187	2
1188	2
1189	2
1190	2
1191	2
1192	2
1193	2
1194	2
1195	2
1196	2
1197	4
1198	2
1199	4
1200	12
1201	12
1202	12
1203	12
1204	2
1205	12
1206	12
1207	12
1208	2
1209	12
1210	12
1211	12
1212	12
1213	2
1214	12
1215	12
1216	12
1217	2
1218	12
1219	12
1220	12
1221	12
1222	12
1223	12
1224	2
1225	12
1226	12
1227	2
1228	2
1229	12
1230	2
1231	12
1232	12
1233	12
1234	12
1235	2
1236	12
1237	12
1238	12
1239	2
1240	13
1241	13
1242	9
1243	9
1244	9
1245	13
1246	9
1247	9
1248	9
1249	9
1250	9
1251	9
1252	9
1253	10
1254	10
1255	10
1256	10
1257	10
1258	9
1259	9
1260	9
1261	9
1262	9
1263	13
1264	10
1265	10
1266	1
1267	10
1268	10
1269	1
1270	10
1271	1
1272	1
1273	1
1274	1
1275	1
1276	10
1277	1
1278	9
1279	9
1280	9
1281	9
1282	13
1283	13
1284	1
1285	10
1286	10
1287	1
1288	11
1289	11
1290	11
1291	9
1292	11
1293	9
1294	11
1295	11
1296	11
1297	11
1298	9
1299	11
1300	9
1301	11
1302	11
1303	10
1304	10
1305	10
1306	10
1307	10
1308	10
1309	10
1310	10
1311	10
1312	10
1313	10
1314	12
1315	12
1316	12
1317	12
1318	12
1319	12
1320	12
1321	12
1322	12
1323	12
1324	12
1325	12
1326	12
1327	12
1328	12
1329	12
1330	12
1331	12
1332	12
1333	12
1334	12
1335	12
1336	12
1337	12
1338	12
1339	12
1340	12
1341	12
1342	12
1343	12
1344	12
1345	12
1346	1
1347	1
1348	1
1349	1
1350	1
1351	1
1352	1
1353	1
1354	1
1355	1
1356	1
1357	1
1358	1
1359	1
1360	1
1361	1
1362	1
1363	3
1364	3
1365	3
1366	3
1367	3
1368	3
1369	3
1370	3
1371	3
1372	3
1373	3
1374	3
1375	3
1376	3
1377	3
1378	3
1379	3
1380	3
1381	9
1382	9
1383	9
1384	9
1385	9
1386	9
1387	9
1388	9
1389	9
1390	9
1391	9
1392	9
1393	9
1394	9
1395	9
1396	9
1397	1
1398	1
1399	1
1400	1
1401	1
1402	1
1403	1
1404	1
1405	1
1406	1
1407	1
1408	1
1409	1
1410	1
1411	1
1412	1
1413	1
1414	1
1415	1
1416	1
1417	1
1418	1
1419	1
1420	1
1421	1
1422	1
1423	1
1424	1
1425	1
1426	1
1427	1
1428	7
1429	7
1430	7
1431	7
1432	7
1433	7
1434	7
1435	7
1436	7
1437	7
1438	7
1439	7
1440	7
1441	2
1442	2
1443	2
1444	2
1445	2
1446	2
1447	2
1448	2
1449	2
1450	2
1451	2
1452	2
1453	2
1454	2
1455	7
1456	7
1457	7
1458	7
1459	7
1460	7
1461	7
1462	7
1463	7
1464	7
1465	9
1466	9
1467	9
1468	9
1469	5
1470	9
1471	9
1472	9
1473	5
1474	9
1475	9
1476	9
1477	9
1478	9
1479	9
1480	9
1481	9
1482	9
1483	9
1484	9
1485	9
1486	9
1487	5
1488	9
1489	4
1490	4
1491	4
1492	4
1493	4
1494	4
1495	4
1496	4
1497	4
1498	4
1499	4
1500	4
1501	1
1502	1
1503	1
1504	1
1505	1
1506	1
1507	1
1508	1
1509	1
1510	1
1511	1
1512	1
1513	1
1514	1
1515	1
1516	1
1517	1
1518	1
1519	1
1520	1
1521	1
1522	1
1523	1
1524	1
1525	1
1526	1
1527	1
1528	1
1529	8
1530	8
1531	8
1532	8
1533	8
1534	8
1535	8
1536	8
1537	8
1538	8
1539	8
1540	8
1541	8
1542	8
1543	8
1544	8
1545	8
1546	8
1547	8
1548	8
1549	8
1550	8
1551	8
1552	5
1553	5
1554	3
1555	3
1556	3
1557	3
1558	5
1559	5
1560	5
1561	5
1562	3
1563	5
1564	5
1565	5
1566	3
1567	5
1568	5
1569	5
1570	5
1571	5
1572	5
1573	5
1574	5
1575	5
1576	4
1577	4
1578	4
1579	4
1580	4
1581	4
1582	4
1583	4
1584	4
1585	4
1586	4
1587	4
1588	4
1589	4
1590	4
1591	4
1592	4
1593	10
1594	10
1595	10
1596	10
1597	10
1598	10
1599	10
1600	10
1601	10
1602	5
1603	5
1604	5
1605	5
1606	5
1607	5
1608	5
1609	5
1610	5
1611	5
1612	5
1613	5
1614	5
1615	5
1616	5
1617	5
1618	9
1619	9
1620	9
1621	9
1622	9
1623	9
1624	9
1625	9
1626	9
1627	9
1628	9
1629	2
1630	2
1631	2
1632	2
1633	2
1634	2
1635	2
1636	2
1637	2
1638	2
1639	2
1640	2
1641	2
1642	2
1643	2
1644	9
1645	9
1646	9
1647	9
1648	9
1649	2
1650	2
1651	2
1652	2
1653	2
1654	2
1655	2
1656	2
1658	2
1659	2
1660	2
1661	2
1662	2
1663	2
1664	2
1665	2
1666	2
1667	2
1668	2
1669	2
1670	2
1671	2
1672	2
1673	9
1674	2
1675	2
1676	2
1677	9
1678	13
1679	13
1680	13
1681	13
1682	13
1683	13
1684	13
1685	4
1686	4
1687	4
1688	4
1689	4
1690	4
1691	4
1692	4
1693	4
1694	4
1695	4
1696	4
1697	4
1698	4
1699	4
1700	4
1701	7
1702	2
1703	7
1704	7
1705	2
1706	2
1707	2
1708	2
1709	7
1710	2
1711	2
1712	2
1713	9
1714	9
1715	9
1716	9
1717	9
1718	9
1719	9
1720	9
1721	9
1722	9
1723	9
1724	9
1725	2
1726	2
1727	2
1728	9
1729	2
1730	2
1731	2
1732	2
1733	2
1734	2
1735	2
1736	7
1737	7
1738	7
1739	2
1740	7
1741	2
1742	1
1743	1
1744	1
1745	1
1746	1
1747	1
1748	1
1749	1
1750	1
1751	1
1752	1
1753	1
1754	1
1755	1
1756	1
1757	9
1758	9
1759	9
1760	9
1761	1
1762	1
1763	1
1764	6
1765	1
1766	1
1767	6
1768	1
1769	1
1770	1
1771	1
1772	1
1773	1
1774	9
1775	9
1776	9
1777	9
1778	9
1779	9
1780	9
1781	9
1782	9
1783	9
1784	9
1785	9
1786	9
1787	1
1788	1
1789	1
1790	1
1791	1
1792	1
1793	1
1794	1
1795	9
1796	9
1797	9
1798	9
1799	1
1800	1
1801	1
1802	1
1803	1
1804	1
1805	1
1806	1
1807	1
1808	1
1809	7
1810	7
1811	7
1812	7
1813	7
1814	7
1815	7
1816	7
1817	7
1818	7
1819	7
1820	7
1821	7
1822	7
1823	7
1824	7
1825	7
1826	7
1827	7
1828	7
1829	7
1830	9
1831	9
1832	9
1833	9
1834	9
1835	7
1836	7
1837	9
1838	7
1839	7
1840	3
1841	3
1842	3
1843	3
1844	3
1845	7
1846	7
1847	7
1848	7
1849	7
1850	7
1851	7
1852	7
1853	7
1854	7
1855	7
1856	7
1857	9
1858	9
1859	9
1860	9
1861	9
1862	9
1863	7
1864	7
1865	7
1866	7
1867	7
1868	7
1869	7
1870	7
1871	7
1872	13
1873	13
1874	13
1875	13
1876	13
1877	13
1878	13
1879	13
1880	13
1881	13
1882	13
1883	13
1884	13
1885	13
1886	13
1887	13
1888	13
1889	13
1890	13
1891	13
1892	13
1893	13
1894	13
1895	10
1896	10
1897	10
1898	11
1899	11
1900	11
1901	12
1902	11
1903	11
1904	10
1905	10
1906	10
1907	10
1908	10
1909	10
1910	10
1911	10
1912	10
1913	10
1914	10
1915	10
1916	11
1917	11
1918	12
1919	11
1920	12
1921	11
1922	12
1923	12
1924	10
1925	10
1926	10
1927	10
1928	10
1929	10
1930	10
1931	10
1932	10
1933	10
1934	10
1935	10
1936	10
1937	10
1938	10
1939	10
1940	10
1941	10
1942	10
1943	10
1944	10
1945	10
1946	10
1947	10
1948	10
1949	10
1950	10
1951	10
1952	10
1953	10
1954	10
1955	10
1956	10
1957	10
1958	10
1959	10
1960	10
1961	10
1962	10
1963	10
1964	10
1965	10
1966	10
1967	10
1968	10
1969	10
1970	10
1971	10
1972	10
1973	10
1974	10
1975	10
1976	8
1977	8
1978	8
1979	8
1980	8
1981	8
1982	8
1983	8
1984	8
1985	8
1986	8
1987	8
1988	8
1989	8
1990	8
1991	8
1992	8
1993	8
1994	8
1995	8
1996	8
1997	8
1998	8
1999	8
2000	8
2001	8
2002	8
2003	8
2004	8
2005	8
2006	8
2007	8
2008	8
2009	8
2010	8
2011	8
2012	8
2013	8
2014	8
2015	8
2016	8
2017	13
2018	13
2019	13
2020	13
2021	13
2022	13
2023	13
2024	8
2025	13
2026	13
2027	13
2028	13
2029	13
2030	8
2031	8
2032	8
2033	8
2034	8
2035	8
2036	8
2037	13
2038	9
2039	9
2040	9
2041	9
2042	9
2043	13
2044	13
2045	13
2046	8
2047	8
2048	9
2049	9
2050	13
2051	8
2052	8
2053	13
2054	13
2055	8
2056	13
2057	8
2058	5
2059	5
2060	5
2061	5
2062	5
2063	5
2064	5
2065	5
2066	5
2067	5
2068	13
2069	13
2070	13
2071	13
2072	13
2073	13
2074	13
2075	13
2076	13
2077	13
2078	13
2079	13
2080	13
2081	13
2082	13
2083	13
2084	13
2085	13
2086	13
2087	13
2088	13
2089	4
2090	4
2091	4
2092	4
2093	4
2094	4
2095	4
2096	1
2097	1
2098	1
2099	1
2100	1
2101	1
2102	1
2103	1
2104	1
2105	1
2106	1
2107	1
2108	1
2109	1
2110	1
2111	1
2112	1
2113	6
2114	6
2115	6
2116	6
2117	6
2118	7
2119	6
2120	6
2121	6
2122	6
2123	7
2124	13
2125	6
2126	6
2127	6
2128	6
2129	6
2130	6
2131	6
2132	6
2133	7
2134	6
2135	6
2136	6
2137	7
2138	7
2139	6
2140	7
2141	6
2142	6
2143	6
2144	6
2145	6
2146	7
2147	6
2148	6
2149	6
2150	6
2151	6
2152	6
2153	6
2154	6
2155	6
2156	6
2157	6
2158	6
2159	6
2160	6
2161	6
2162	6
2163	6
2164	7
2165	7
2166	6
2167	6
2168	6
2169	6
2170	6
2171	6
2172	6
2173	6
2174	6
2175	6
2176	7
2177	7
2178	6
2179	6
2180	7
2181	7
2182	6
2183	6
2184	6
2185	6
2186	6
2187	6
2188	6
2189	6
2190	6
2191	6
2192	6
2193	6
2194	6
2195	6
2196	7
2197	6
2198	6
2199	7
2200	6
2201	6
2202	6
2203	6
2204	6
2205	6
2206	6
2207	6
2208	6
2209	6
2210	6
2211	6
2212	6
2213	6
2214	6
2215	6
2216	6
2217	6
2218	6
2219	6
2220	6
2221	6
2222	6
2223	7
2224	6
2225	6
2226	6
2227	6
2228	6
2229	6
2230	7
2231	6
2232	6
2233	7
2234	7
2235	6
2236	7
2237	7
2238	7
2239	6
2240	6
2241	6
2242	7
2243	6
2244	6
2245	7
2246	6
2247	7
2248	7
2249	6
2250	6
2251	6
2252	6
2253	6
2254	6
2255	6
2256	7
2257	6
2258	6
2259	6
2260	6
2261	7
2262	6
2263	6
2264	6
2265	6
2266	6
2267	6
2268	6
2269	6
2270	6
2271	6
2272	6
2273	6
2274	6
2275	6
2276	6
2277	7
2278	6
2279	6
2280	6
2281	6
2282	6
2283	7
2284	13
2285	13
2286	6
2287	6
2288	6
2289	6
2290	6
2291	6
2292	6
2293	6
2294	6
2295	6
2296	6
2297	6
2298	6
2299	6
2300	7
2301	6
2302	7
2303	6
2304	7
2305	6
2306	6
2307	6
2308	6
2309	13
2310	13
2311	13
2312	12
2313	12
2314	12
2315	12
2316	12
2317	12
2318	12
2319	12
2320	12
2321	12
2322	12
2323	12
2324	12
2325	12
2326	12
2327	12
2328	12
2329	12
2330	10
2331	10
2332	10
2333	10
2334	10
2335	10
2336	10
2337	10
2338	10
2339	10
2340	10
2341	10
2342	10
2343	10
2344	10
2345	10
2346	4
2347	4
2348	4
2349	4
2350	4
2351	4
2352	4
2353	4
2354	4
2355	4
2356	4
2357	4
2358	4
2359	4
2360	4
2361	4
2362	4
2363	4
2364	4
2365	4
2366	7
2367	7
2368	7
2369	7
2370	7
2371	7
2372	7
2373	7
2374	7
2375	7
2376	7
2377	7
2378	7
2379	7
2380	7
2381	7
2382	7
2383	7
2384	7
2385	7
2386	7
2387	7
2388	7
2389	7
2390	7
2391	7
2392	7
2393	7
2394	7
2395	7
2396	7
2397	7
2398	7
2399	7
2400	7
2401	7
2402	7
2403	7
2404	7
2405	7
2406	7
2407	7
2408	7
2409	7
2410	7
2411	7
2412	7
2413	7
2414	7
2415	11
2416	11
2417	11
2418	11
2419	3
2420	3
2421	11
2422	11
2423	11
2424	11
2425	3
2426	11
2427	3
2428	3
2429	3
2430	3
2431	11
2432	11
2433	11
2434	11
2435	11
2436	11
2437	11
2438	11
2439	11
2440	11
2441	11
2442	11
2443	11
2444	11
2445	11
2446	11
2447	3
2448	11
2449	3
2450	3
2451	3
2452	3
2453	3
2454	3
2455	3
2456	3
2457	3
2458	3
2459	3
2460	11
2461	11
2462	3
2463	3
2464	3
2465	11
2466	11
2467	3
2468	3
2469	3
2470	3
2471	3
2472	3
2473	11
2474	11
2475	3
2476	3
2477	3
2478	3
2479	3
2480	3
2481	3
2482	3
2483	3
2484	3
2485	3
2486	3
2487	3
2488	3
2489	3
2490	3
2491	3
2492	3
2493	3
2494	3
2495	3
2496	11
2497	11
2498	11
2499	11
2500	3
2501	3
2502	11
2503	11
2504	11
2505	11
2506	11
2507	11
2508	11
2509	11
2510	11
2511	11
2512	11
2513	11
2514	11
2515	3
2516	3
2517	3
2518	3
2519	3
2520	3
2521	3
2522	3
2523	11
2524	11
2525	3
2526	3
2527	3
2528	11
2529	11
2530	11
2531	11
2532	11
2533	11
2534	11
2535	11
2536	11
2537	11
2538	11
2539	3
2540	11
2541	3
2542	11
2543	11
2544	3
2545	3
2546	3
2547	11
2548	11
2549	11
2550	3
2551	3
2552	3
2553	11
2554	3
2555	3
2556	3
2557	3
2558	11
2559	11
2560	11
2561	11
2562	11
2563	3
2564	11
2565	11
2566	11
2567	11
2568	3
2569	11
2570	11
2571	11
2572	11
2573	11
2574	11
2575	3
2576	3
2577	3
2578	3
2579	3
2580	3
2581	11
2582	11
2583	3
2584	3
2585	11
2586	3
2587	11
2588	11
2589	11
2590	11
2591	11
2592	11
2593	11
2594	11
2595	11
2596	11
2597	11
2598	11
2599	11
2600	3
2601	11
2602	11
2603	11
2604	11
2605	3
2606	13
2607	13
2608	13
2609	13
2610	13
2611	13
2612	13
2613	13
2614	13
2615	13
2616	13
2617	13
2618	13
2619	13
2620	13
2621	13
2622	13
2623	13
2624	13
2625	13
2626	13
2627	13
2628	13
2629	13
2630	13
2631	13
2632	13
2633	13
2634	13
2635	13
2636	13
2637	13
2638	13
2639	13
2640	8
2641	8
2642	8
2643	8
2644	8
2645	8
2646	8
2647	8
2648	8
2649	8
2650	8
2651	8
2652	8
2653	8
2654	8
2655	8
2656	8
2657	8
2658	8
2659	8
2660	8
2661	8
2662	8
2663	8
2664	8
2665	5
2666	8
2667	8
2668	5
2669	5
2670	5
2671	5
2672	8
2673	5
2674	8
2675	8
2676	8
2677	8
2678	5
2679	5
2680	8
2681	5
2682	5
2683	5
2684	5
2685	8
2686	8
2687	5
2688	10
2689	10
2690	10
2691	10
315	4
1657	2
