0	4
1	4
2	4
3	4
4	4
5	4
6	4
7	12
8	12
9	12
10	12
11	12
12	12
13	12
14	12
15	12
16	12
17	12
18	12
19	12
20	12
21	11
22	11
23	11
24	11
25	11
26	11
27	11
28	11
29	10
30	10
31	10
32	10
33	10
34	10
35	10
36	10
37	10
38	10
39	10
40	10
41	10
42	10
43	10
44	10
45	10
46	10
47	10
48	10
49	10
50	10
51	10
52	10
53	2
54	2
55	2
56	2
57	2
58	10
59	10
60	10
61	10
62	10
63	10
64	10
65	2
66	2
67	2
68	2
69	2
70	2
71	11
72	11
73	11
74	11
75	10
76	10
77	10
78	10
79	10
80	10
81	10
82	10
83	8
84	8
85	8
86	8
87	8
88	8
89	8
90	8
91	8
92	8
93	8
94	8
95	8
96	12
97	12
98	12
99	12
100	12
101	12
102	12
103	12
104	12
105	12
106	12
107	12
108	12
109	12
110	12
111	12
112	12
113	12
114	12
115	12
116	12
117	12
118	12
119	12
120	12
121	12
122	12
123	12
124	12
125	12
126	12
127	12
128	12
129	7
130	7
131	11
132	7
133	7
134	7
135	11
136	7
137	7
138	7
139	7
140	7
141	7
142	7
143	7
144	7
145	7
146	7
147	7
148	7
149	7
150	7
151	7
152	7
153	7
154	7
155	11
156	7
157	7
158	7
159	7
160	7
161	7
162	7
163	7
164	7
165	7
166	8
167	8
168	8
169	8
170	8
171	8
172	8
173	8
174	7
175	8
176	8
177	8
178	8
179	8
180	8
181	7
182	7
183	4
184	4
185	4
186	4
187	4
188	4
189	4
190	4
191	4
192	4
193	4
194	4
195	4
196	4
197	4
198	4
199	4
200	4
201	4
202	4
203	4
204	4
205	4
206	4
207	4
208	11
209	11
210	11
211	11
212	11
213	11
214	11
215	11
216	11
217	11
218	11
219	11
220	11
221	11
222	11
223	11
224	11
225	11
226	11
227	11
228	11
229	11
230	11
231	11
232	11
233	11
234	11
235	11
236	11
237	11
238	11
239	11
240	11
241	11
242	11
243	11
244	11
245	11
246	11
247	11
248	4
249	4
250	4
251	4
252	4
253	4
254	4
255	4
256	4
257	4
258	4
259	4
260	4
261	13
262	13
263	13
264	13
265	13
266	13
267	13
268	13
269	13
270	13
271	13
272	13
273	13
274	13
275	13
276	13
277	13
278	13
279	13
280	13
281	13
282	13
283	13
284	13
285	13
286	13
287	13
288	13
289	13
290	13
291	13
292	13
293	13
294	13
295	13
296	13
297	13
298	13
299	13
300	13
301	13
302	4
303	4
304	4
305	4
306	2
307	2
308	11
309	2
310	2
311	2
312	2
313	2
314	2
316	12
317	12
318	12
319	12
320	12
321	12
322	12
323	12
324	12
325	12
326	12
327	12
328	12
329	12
330	12
331	11
332	2
333	2
334	11
335	2
336	2
337	12
338	12
339	12
340	2
341	2
342	2
343	2
344	11
345	2
346	11
347	2
348	2
349	2
350	2
351	11
352	11
353	2
354	2
355	2
356	6
357	6
358	6
359	6
360	6
361	6
362	6
363	6
364	6
365	6
366	6
367	6
368	6
369	2
370	2
371	2
372	2
373	2
374	2
375	2
376	2
377	2
378	2
379	2
380	2
381	11
382	11
383	2
384	2
385	2
386	2
387	2
388	2
389	12
390	12
391	12
392	12
393	12
394	2
395	2
396	2
397	2
398	12
399	12
400	12
401	12
402	12
403	11
404	11
405	11
406	11
407	11
408	11
409	12
410	10
411	10
412	10
413	10
414	10
415	10
416	10
417	10
418	10
419	10
420	10
421	10
422	10
423	10
424	10
425	8
426	8
427	8
428	8
429	8
430	8
431	8
432	8
433	10
434	10
435	10
436	10
437	10
438	10
439	10
440	10
441	10
442	10
443	10
444	10
445	12
446	8
447	8
448	8
449	8
450	8
451	10
452	12
453	10
454	8
455	8
456	8
457	10
458	12
459	10
460	12
461	10
462	10
463	8
464	8
465	8
466	8
467	8
468	8
469	8
470	8
471	8
472	8
473	10
474	12
475	13
476	13
477	7
478	7
479	7
480	7
481	7
482	7
483	7
484	11
485	11
486	7
487	7
488	7
489	13
490	13
491	13
492	13
493	13
494	13
495	7
496	7
497	7
498	11
499	7
500	7
501	7
502	11
503	7
504	7
505	7
506	11
507	11
508	11
509	11
510	11
511	11
512	11
513	11
514	11
515	11
516	11
517	11
518	11
519	11
520	11
521	11
522	6
523	6
524	6
525	6
526	4
527	4
528	6
529	6
530	6
531	6
532	6
533	6
534	6
535	6
536	6
537	6
538	4
539	4
540	4
541	4
542	4
543	4
544	4
545	4
546	4
547	4
548	4
549	4
550	4
551	4
552	4
553	4
554	4
555	4
556	4
557	4
558	4
559	11
560	11
561	13
562	11
563	11
564	11
565	4
566	4
567	4
568	4
569	4
570	8
571	8
572	8
573	8
574	8
575	8
576	8
577	8
578	8
579	8
580	8
581	4
582	4
583	4
584	4
585	4
586	4
587	13
588	13
589	13
590	13
591	13
592	11
593	11
594	13
595	11
596	13
597	11
598	13
599	11
600	11
601	11
602	11
603	4
604	4
605	4
606	4
607	4
608	4
609	4
610	4
611	4
612	4
613	4
614	4
615	4
616	4
617	13
618	13
619	11
620	13
621	13
622	13
623	13
624	13
625	13
626	13
627	13
628	11
629	11
630	11
631	11
632	13
633	13
634	13
635	11
636	13
637	13
638	13
639	4
640	4
641	4
642	4
643	4
644	4
645	4
646	4
647	4
648	4
649	4
650	4
651	4
652	4
653	4
654	4
655	4
656	4
657	7
658	7
659	7
660	7
661	1
662	1
663	1
664	1
665	12
666	1
667	1
668	1
669	1
670	7
671	7
672	7
673	7
674	7
675	7
676	7
677	7
678	7
679	7
680	1
681	1
682	1
683	1
684	12
685	1
686	1
687	1
688	1
689	1
690	1
691	1
692	1
693	1
694	1
695	1
696	1
697	7
698	7
699	7
700	7
701	7
702	7
703	7
704	7
705	7
706	7
707	7
708	7
709	7
710	7
711	7
712	7
713	7
714	1
715	1
716	13
717	13
718	7
719	7
720	7
721	13
722	13
723	13
724	13
725	13
726	13
727	13
728	13
729	13
730	13
731	13
732	10
733	10
734	10
735	10
736	10
737	7
738	7
739	7
740	7
741	7
742	7
743	7
744	7
745	10
746	10
747	10
748	10
749	10
750	10
751	10
752	10
753	10
754	10
755	10
756	10
757	10
758	10
759	10
760	10
761	10
762	10
763	10
764	10
765	10
766	7
767	7
768	7
769	7
770	10
771	10
772	7
773	7
774	7
775	7
776	7
777	7
778	7
779	7
780	7
781	7
782	7
783	7
784	7
785	11
786	7
787	7
788	7
789	7
790	7
791	11
792	11
793	11
794	11
795	11
796	11
797	11
798	11
799	11
800	11
801	7
802	7
803	7
804	7
805	11
806	11
807	11
808	7
809	7
810	7
811	3
812	6
813	3
814	3
815	3
816	3
817	3
818	6
819	6
820	6
821	3
822	3
823	3
824	3
825	3
826	3
827	3
828	6
829	6
830	3
831	3
832	3
833	3
834	3
835	3
836	3
837	3
838	3
839	3
840	3
841	3
842	3
843	3
844	3
845	3
846	3
847	6
848	6
849	6
850	6
851	6
852	3
853	3
854	3
855	3
856	6
857	6
858	4
859	4
860	4
861	4
862	4
863	4
864	4
865	4
866	4
867	4
868	4
869	4
870	4
871	3
872	3
873	3
874	3
875	3
876	3
877	3
878	3
879	3
880	6
881	3
882	3
883	3
884	3
885	3
886	3
887	3
888	3
889	3
890	3
891	6
892	6
893	3
894	3
895	3
896	3
897	3
898	3
899	6
900	6
901	6
902	3
903	3
904	3
905	3
906	3
907	3
908	3
909	3
910	6
911	6
912	6
913	6
914	3
915	3
916	3
917	3
918	3
919	3
920	3
921	3
922	6
923	6
924	6
925	3
926	3
927	3
928	3
929	3
930	3
931	3
932	3
933	6
934	6
935	3
936	3
937	3
938	3
939	3
940	3
941	3
942	3
943	6
944	6
945	6
946	3
947	3
948	3
949	3
950	3
951	3
952	3
953	3
954	6
955	6
956	6
957	3
958	3
959	3
960	3
961	3
962	3
963	3
964	3
965	3
966	3
967	3
968	3
969	3
970	3
971	3
972	3
973	3
974	3
975	6
976	3
977	3
978	3
979	3
980	6
981	6
982	3
983	3
984	12
985	7
986	8
987	8
988	7
989	8
990	7
991	8
992	7
993	7
994	7
995	7
996	7
997	7
998	7
999	7
1000	7
1001	7
1002	7
1003	7
1004	7
1005	8
1006	8
1007	12
1008	3
1009	8
1010	12
1011	3
1012	3
1013	3
1014	3
1015	3
1016	3
1017	12
1018	3
1019	3
1020	12
1021	12
1022	12
1023	12
1024	3
1025	3
1026	12
1027	12
1028	3
1029	3
1030	3
1031	3
1032	3
1033	3
1034	12
1035	12
1036	12
1037	12
1038	12
1039	3
1040	12
1041	12
1042	12
1043	12
1044	3
1045	3
1046	12
1047	12
1048	3
1049	3
1050	12
1051	3
1052	3
1053	12
1054	12
1055	12
1056	12
1057	12
1058	12
1059	3
1060	12
1061	12
1062	3
1063	12
1064	12
1065	12
1066	12
1067	12
1068	12
1069	3
1070	12
1071	3
1072	3
1073	3
1074	3
1075	10
1076	10
1077	10
1078	10
1079	10
1080	10
1081	10
1082	10
1083	10
1084	10
1085	10
1086	10
1087	13
1088	13
1089	13
1090	13
1091	13
1092	13
1093	13
1094	11
1095	11
1096	11
1097	11
1098	11
1099	11
1100	11
1101	11
1102	11
1103	11
1104	11
1105	11
1106	11
1107	2
1108	2
1109	2
1110	2
1111	2
1112	2
1113	2
1114	2
1115	2
1116	2
1117	2
1118	2
1119	2
1120	2
1121	2
1122	2
1123	2
1124	2
1125	2
1126	2
1127	2
1128	2
1129	2
1130	2
1131	2
1132	2
1133	2
1134	2
1135	2
1136	2
1137	2
1138	2
1139	2
1140	2
1141	2
1142	2
1143	2
1144	2
1145	2
1146	2
1147	2
1148	2
1149	2
1150	2
1151	2
1152	2
1153	2
1154	11
1155	11
1156	11
1157	11
1158	11
1159	11
1160	11
1161	11
1162	11
1163	11
1164	11
1165	11
1166	11
1167	11
1168	11
1169	3
1170	12
1171	3
1172	3
1173	3
1174	12
1175	12
1176	3
1177	3
1178	3
1179	3
1180	3
1181	3
1182	3
1183	3
1184	3
1185	3
1186	3
1187	3
1188	3
1189	3
1190	3
1191	12
1192	3
1193	3
1194	3
1195	3
1196	12
1197	3
1198	12
1199	3
1200	6
1201	6
1202	6
1203	6
1204	6
1205	6
1206	6
1207	6
1208	6
1209	6
1210	6
1211	6
1212	6
1213	6
1214	6
1215	6
1216	6
1217	6
1218	6
1219	6
1220	6
1221	6
1222	6
1223	6
1224	6
1225	6
1226	6
1227	6
1228	6
1229	6
1230	6
1231	6
1232	6
1233	6
1234	6
1235	6
1236	6
1237	6
1238	6
1239	6
1240	13
1241	13
1242	13
1243	13
1244	13
1245	13
1246	13
1247	13
1248	13
1249	13
1250	13
1251	13
1252	13
1253	10
1254	10
1255	10
1256	10
1257	10
1258	13
1259	13
1260	13
1261	13
1262	13
1263	13
1264	10
1265	10
1266	10
1267	10
1268	10
1269	10
1270	10
1271	10
1272	10
1273	10
1274	10
1275	10
1276	10
1277	10
1278	11
1279	11
1280	11
1281	13
1282	13
1283	13
1284	10
1285	10
1286	10
1287	10
1288	11
1289	11
1290	11
1291	11
1292	11
1293	11
1294	11
1295	11
1296	11
1297	11
1298	11
1299	11
1300	11
1301	11
1302	11
1303	10
1304	10
1305	10
1306	10
1307	10
1308	10
1309	10
1310	10
1311	10
1312	10
1313	10
1314	2
1315	2
1316	2
1317	2
1318	2
1319	2
1320	2
1321	2
1322	2
1323	2
1324	2
1325	2
1326	2
1327	2
1328	2
1329	2
1330	2
1331	2
1332	2
1333	2
1334	2
1335	2
1336	2
1337	2
1338	2
1339	2
1340	2
1341	2
1342	2
1343	2
1344	2
1345	2
1346	10
1347	10
1348	10
1349	10
1350	10
1351	10
1352	10
1353	10
1354	10
1355	10
1356	10
1357	10
1358	10
1359	10
1360	10
1361	10
1362	10
1363	6
1364	6
1365	6
1366	6
1367	6
1368	6
1369	6
1370	6
1371	6
1372	6
1373	6
1374	6
1375	6
1376	6
1377	6
1378	6
1379	6
1380	6
1381	11
1382	11
1383	11
1384	11
1385	11
1386	11
1387	11
1388	11
1389	11
1390	11
1391	11
1392	11
1393	11
1394	11
1395	11
1396	11
1397	10
1398	10
1399	10
1400	10
1401	10
1402	10
1403	10
1404	10
1405	10
1406	10
1407	10
1408	10
1409	10
1410	10
1411	10
1412	10
1413	10
1414	10
1415	10
1416	10
1417	10
1418	10
1419	10
1420	10
1421	10
1422	10
1423	10
1424	10
1425	10
1426	10
1427	10
1428	12
1429	12
1430	12
1431	1
1432	12
1433	12
1434	12
1435	12
1436	12
1437	12
1438	12
1439	12
1440	1
1441	12
1442	12
1443	12
1444	12
1445	12
1446	12
1447	12
1448	12
1449	12
1450	12
1451	12
1452	12
1453	12
1454	12
1455	12
1456	12
1457	12
1458	12
1459	12
1460	1
1461	12
1462	12
1463	12
1464	1
1465	11
1466	11
1467	11
1468	11
1469	11
1470	11
1471	11
1472	11
1473	11
1474	11
1475	11
1476	11
1477	11
1478	11
1479	11
1480	11
1481	11
1482	11
1483	11
1484	11
1485	11
1486	11
1487	11
1488	11
1489	12
1490	12
1491	12
1492	12
1493	12
1494	12
1495	12
1496	12
1497	12
1498	12
1499	12
1500	12
1501	4
1502	4
1503	4
1504	4
1505	4
1506	4
1507	4
1508	4
1509	4
1510	4
1511	4
1512	4
1513	4
1514	4
1515	4
1516	4
1517	4
1518	4
1519	4
1520	4
1521	4
1522	4
1523	4
1524	4
1525	4
1526	4
1527	4
1528	4
1529	7
1530	7
1531	7
1532	8
1533	7
1534	7
1535	7
1536	7
1537	7
1538	8
1539	7
1540	7
1541	7
1542	7
1543	7
1544	7
1545	7
1546	7
1547	7
1548	8
1549	7
1550	7
1551	7
1552	6
1553	6
1554	6
1555	6
1556	6
1557	6
1558	6
1559	6
1560	6
1561	6
1562	6
1563	6
1564	6
1565	6
1566	6
1567	6
1568	6
1569	6
1570	6
1571	6
1572	6
1573	6
1574	6
1575	6
1576	10
1577	10
1578	10
1579	10
1580	10
1581	10
1582	10
1583	10
1584	10
1585	10
1586	10
1587	10
1588	10
1589	10
1590	10
1591	10
1592	10
1593	10
1594	10
1595	10
1596	10
1597	10
1598	10
1599	10
1600	10
1601	10
1602	8
1603	8
1604	8
1605	8
1606	8
1607	8
1608	8
1609	8
1610	8
1611	8
1612	8
1613	8
1614	8
1615	8
1616	8
1617	8
1618	11
1619	11
1620	11
1621	11
1622	11
1623	11
1624	11
1625	11
1626	11
1627	11
1628	11
1629	6
1630	12
1631	6
1632	12
1633	6
1634	6
1635	6
1636	6
1637	6
1638	6
1639	6
1640	6
1641	6
1642	6
1643	6
1644	11
1645	11
1646	11
1647	11
1648	11
1649	6
1650	6
1651	6
1652	6
1653	6
1654	6
1655	6
1656	6
1658	6
1659	6
1660	6
1661	6
1662	6
1663	6
1664	6
1665	6
1666	12
1667	12
1668	12
1669	6
1670	6
1671	6
1672	6
1673	11
1674	6
1675	6
1676	6
1677	11
1678	13
1679	13
1680	13
1681	13
1682	13
1683	13
1684	13
1685	10
1686	10
1687	10
1688	10
1689	10
1690	10
1691	10
1692	10
1693	10
1694	10
1695	10
1696	10
1697	10
1698	10
1699	10
1700	10
1701	12
1702	12
1703	1
1704	1
1705	12
1706	12
1707	12
1708	12
1709	12
1710	12
1711	12
1712	12
1713	11
1714	11
1715	11
1716	11
1717	11
1718	11
1719	11
1720	11
1721	11
1722	11
1723	11
1724	11
1725	12
1726	12
1727	12
1728	11
1729	12
1730	12
1731	12
1732	12
1733	12
1734	12
1735	12
1736	12
1737	12
1738	12
1739	12
1740	12
1741	12
1742	4
1743	4
1744	1
1745	4
1746	1
1747	1
1748	4
1749	1
1750	1
1751	4
1752	4
1753	4
1754	1
1755	1
1756	1
1757	11
1758	11
1759	11
1760	11
1761	1
1762	4
1763	4
1764	1
1765	4
1766	1
1767	1
1768	4
1769	1
1770	4
1771	4
1772	1
1773	1
1774	11
1775	11
1776	11
1777	11
1778	11
1779	11
1780	11
1781	11
1782	11
1783	11
1784	11
1785	11
1786	11
1787	1
1788	4
1789	4
1790	1
1791	1
1792	1
1793	4
1794	1
1795	11
1796	11
1797	11
1798	11
1799	4
1800	1
1801	1
1802	4
1803	1
1804	1
1805	4
1806	1
1807	4
1808	1
1809	12
1810	1
1811	1
1812	1
1813	1
1814	1
1815	1
1816	12
1817	1
1818	1
1819	12
1820	12
1821	1
1822	1
1823	1
1824	1
1825	1
1826	1
1827	1
1828	1
1829	1
1830	13
1831	13
1832	13
1833	13
1834	13
1835	1
1836	1
1837	13
1838	12
1839	1
1840	6
1841	6
1842	6
1843	6
1844	6
1845	12
1846	1
1847	1
1848	1
1849	1
1850	1
1851	1
1852	1
1853	1
1854	1
1855	1
1856	1
1857	11
1858	11
1859	11
1860	11
1861	11
1862	11
1863	1
1864	12
1865	12
1866	12
1867	1
1868	12
1869	1
1870	12
1871	1
1872	13
1873	13
1874	13
1875	13
1876	13
1877	13
1878	13
1879	13
1880	13
1881	13
1882	13
1883	13
1884	13
1885	13
1886	13
1887	13
1888	13
1889	13
1890	13
1891	13
1892	13
1893	13
1894	13
1895	4
1896	4
1897	4
1898	2
1899	2
1900	2
1901	2
1902	2
1903	2
1904	10
1905	10
1906	10
1907	10
1908	10
1909	4
1910	4
1911	4
1912	10
1913	10
1914	10
1915	10
1916	2
1917	2
1918	2
1919	2
1920	2
1921	2
1922	2
1923	2
1924	4
1925	4
1926	10
1927	10
1928	4
1929	10
1930	4
1931	10
1932	10
1933	10
1934	10
1935	10
1936	10
1937	4
1938	10
1939	10
1940	4
1941	4
1942	10
1943	10
1944	4
1945	10
1946	10
1947	10
1948	10
1949	10
1950	10
1951	4
1952	4
1953	4
1954	10
1955	10
1956	4
1957	4
1958	4
1959	4
1960	10
1961	10
1962	4
1963	4
1964	4
1965	4
1966	10
1967	10
1968	10
1969	10
1970	4
1971	10
1972	4
1973	10
1974	4
1975	10
1976	8
1977	8
1978	8
1979	8
1980	8
1981	8
1982	8
1983	8
1984	8
1985	8
1986	8
1987	8
1988	8
1989	8
1990	8
1991	8
1992	8
1993	8
1994	8
1995	8
1996	8
1997	8
1998	8
1999	8
2000	8
2001	8
2002	8
2003	8
2004	8
2005	8
2006	8
2007	8
2008	8
2009	8
2010	8
2011	8
2012	8
2013	8
2014	8
2015	8
2016	8
2017	13
2018	13
2019	13
2020	13
2021	13
2022	13
2023	13
2024	7
2025	13
2026	13
2027	13
2028	13
2029	13
2030	7
2031	7
2032	7
2033	7
2034	7
2035	7
2036	7
2037	7
2038	13
2039	13
2040	13
2041	13
2042	13
2043	13
2044	13
2045	13
2046	7
2047	7
2048	13
2049	13
2050	13
2051	7
2052	7
2053	7
2054	7
2055	7
2056	7
2057	7
2058	8
2059	8
2060	8
2061	8
2062	8
2063	8
2064	8
2065	8
2066	8
2067	8
2068	13
2069	13
2070	13
2071	13
2072	13
2073	13
2074	13
2075	13
2076	13
2077	13
2078	13
2079	13
2080	13
2081	13
2082	13
2083	13
2084	13
2085	13
2086	13
2087	13
2088	13
2089	10
2090	10
2091	10
2092	10
2093	10
2094	10
2095	10
2096	4
2097	4
2098	4
2099	4
2100	4
2101	4
2102	4
2103	4
2104	4
2105	4
2106	4
2107	4
2108	4
2109	4
2110	4
2111	4
2112	4
2113	9
2114	9
2115	9
2116	9
2117	9
2118	1
2119	9
2120	9
2121	9
2122	9
2123	1
2124	13
2125	9
2126	9
2127	9
2128	9
2129	9
2130	9
2131	9
2132	9
2133	1
2134	9
2135	9
2136	9
2137	1
2138	1
2139	9
2140	1
2141	9
2142	9
2143	9
2144	9
2145	9
2146	9
2147	9
2148	9
2149	9
2150	9
2151	9
2152	9
2153	9
2154	9
2155	9
2156	9
2157	9
2158	9
2159	9
2160	9
2161	9
2162	9
2163	9
2164	1
2165	1
2166	9
2167	9
2168	9
2169	9
2170	9
2171	9
2172	9
2173	9
2174	9
2175	9
2176	1
2177	1
2178	9
2179	9
2180	1
2181	1
2182	9
2183	9
2184	9
2185	9
2186	9
2187	9
2188	9
2189	9
2190	9
2191	9
2192	9
2193	9
2194	9
2195	9
2196	9
2197	9
2198	9
2199	1
2200	9
2201	9
2202	9
2203	9
2204	9
2205	9
2206	9
2207	9
2208	9
2209	9
2210	9
2211	9
2212	9
2213	9
2214	9
2215	9
2216	9
2217	9
2218	9
2219	9
2220	9
2221	9
2222	9
2223	9
2224	9
2225	9
2226	9
2227	9
2228	9
2229	9
2230	1
2231	1
2232	9
2233	1
2234	1
2235	9
2236	1
2237	1
2238	1
2239	9
2240	9
2241	9
2242	9
2243	9
2244	9
2245	1
2246	9
2247	1
2248	1
2249	9
2250	9
2251	9
2252	9
2253	9
2254	9
2255	9
2256	1
2257	9
2258	9
2259	9
2260	9
2261	1
2262	1
2263	9
2264	9
2265	9
2266	9
2267	9
2268	9
2269	9
2270	9
2271	9
2272	9
2273	9
2274	9
2275	9
2276	9
2277	1
2278	9
2279	9
2280	9
2281	9
2282	9
2283	1
2284	13
2285	13
2286	9
2287	9
2288	9
2289	9
2290	9
2291	9
2292	9
2293	9
2294	9
2295	9
2296	9
2297	9
2298	9
2299	9
2300	9
2301	9
2302	1
2303	9
2304	1
2305	9
2306	9
2307	9
2308	9
2309	13
2310	13
2311	13
2312	3
2313	3
2314	3
2315	3
2316	3
2317	3
2318	3
2319	3
2320	3
2321	3
2322	3
2323	3
2324	3
2325	3
2326	3
2327	3
2328	3
2329	3
2330	4
2331	4
2332	4
2333	4
2334	4
2335	4
2336	4
2337	4
2338	4
2339	4
2340	4
2341	4
2342	4
2343	4
2344	4
2345	4
2346	3
2347	3
2348	3
2349	3
2350	3
2351	3
2352	3
2353	3
2354	3
2355	3
2356	3
2357	3
2358	3
2359	3
2360	3
2361	3
2362	3
2363	3
2364	3
2365	3
2366	1
2367	1
2368	1
2369	1
2370	1
2371	1
2372	1
2373	1
2374	1
2375	1
2376	1
2377	1
2378	1
2379	1
2380	1
2381	1
2382	1
2383	1
2384	1
2385	1
2386	1
2387	1
2388	1
2389	1
2390	1
2391	1
2392	1
2393	1
2394	1
2395	1
2396	1
2397	1
2398	1
2399	1
2400	1
2401	1
2402	1
2403	1
2404	1
2405	1
2406	1
2407	1
2408	1
2409	1
2410	1
2411	1
2412	1
2413	1
2414	1
2415	2
2416	2
2417	2
2418	2
2419	5
2420	5
2421	5
2422	2
2423	2
2424	2
2425	2
2426	5
2427	5
2428	5
2429	5
2430	5
2431	5
2432	5
2433	5
2434	5
2435	2
2436	2
2437	2
2438	5
2439	5
2440	5
2441	5
2442	2
2443	2
2444	2
2445	5
2446	5
2447	5
2448	2
2449	5
2450	5
2451	5
2452	5
2453	5
2454	5
2455	2
2456	5
2457	5
2458	5
2459	5
2460	5
2461	5
2462	5
2463	5
2464	5
2465	5
2466	5
2467	5
2468	5
2469	5
2470	5
2471	5
2472	5
2473	5
2474	5
2475	5
2476	5
2477	5
2478	5
2479	5
2480	5
2481	5
2482	5
2483	5
2484	5
2485	5
2486	5
2487	5
2488	5
2489	5
2490	5
2491	5
2492	5
2493	5
2494	5
2495	5
2496	5
2497	5
2498	5
2499	5
2500	5
2501	5
2502	2
2503	2
2504	2
2505	2
2506	2
2507	2
2508	5
2509	5
2510	5
2511	2
2512	2
2513	5
2514	2
2515	5
2516	5
2517	5
2518	5
2519	5
2520	5
2521	5
2522	5
2523	5
2524	5
2525	5
2526	5
2527	5
2528	2
2529	5
2530	5
2531	5
2532	5
2533	5
2534	5
2535	5
2536	5
2537	5
2538	5
2539	5
2540	5
2541	5
2542	5
2543	2
2544	5
2545	5
2546	5
2547	5
2548	5
2549	2
2550	5
2551	5
2552	5
2553	5
2554	5
2555	5
2556	5
2557	5
2558	2
2559	2
2560	2
2561	2
2562	5
2563	5
2564	2
2565	5
2566	5
2567	5
2568	5
2569	5
2570	5
2571	5
2572	5
2573	2
2574	5
2575	5
2576	5
2577	5
2578	5
2579	5
2580	5
2581	5
2582	5
2583	5
2584	5
2585	5
2586	5
2587	5
2588	5
2589	5
2590	5
2591	5
2592	5
2593	5
2594	2
2595	2
2596	2
2597	2
2598	2
2599	2
2600	5
2601	5
2602	5
2603	5
2604	5
2605	5
2606	13
2607	13
2608	13
2609	13
2610	13
2611	13
2612	13
2613	13
2614	13
2615	13
2616	13
2617	13
2618	13
2619	13
2620	13
2621	13
2622	13
2623	13
2624	13
2625	13
2626	13
2627	13
2628	13
2629	13
2630	13
2631	13
2632	13
2633	13
2634	13
2635	13
2636	13
2637	13
2638	13
2639	13
2640	8
2641	8
2642	8
2643	8
2644	8
2645	8
2646	8
2647	8
2648	8
2649	8
2650	8
2651	8
2652	8
2653	8
2654	8
2655	8
2656	8
2657	8
2658	8
2659	8
2660	8
2661	8
2662	8
2663	8
2664	8
2665	8
2666	8
2667	8
2668	8
2669	8
2670	8
2671	8
2672	8
2673	8
2674	8
2675	8
2676	8
2677	8
2678	8
2679	8
2680	8
2681	8
2682	8
2683	8
2684	8
2685	8
2686	8
2687	8
2688	4
2689	4
2690	4
2691	4
315	12
1657	6
