0	5
1	5
2	5
3	5
4	5
5	5
6	5
7	1
8	1
9	1
10	1
11	1
12	1
13	1
14	1
15	1
16	1
17	1
18	13
19	13
20	13
21	11
22	11
23	11
24	11
25	11
26	11
27	11
28	11
29	7
30	7
31	7
32	7
33	7
34	7
35	7
36	7
37	7
38	7
39	7
40	7
41	7
42	7
43	7
44	7
45	7
46	7
47	7
48	7
49	7
50	7
51	7
52	7
53	4
54	4
55	4
56	4
57	4
58	7
59	7
60	7
61	7
62	7
63	7
64	7
65	4
66	4
67	4
68	4
69	4
70	4
71	11
72	11
73	11
74	11
75	7
76	7
77	7
78	7
79	7
80	7
81	7
82	7
83	1
84	1
85	1
86	1
87	1
88	1
89	1
90	1
91	1
92	1
93	1
94	1
95	1
96	1
97	1
98	1
99	1
100	1
101	1
102	1
103	1
104	1
105	1
106	1
107	1
108	1
109	1
110	1
111	1
112	1
113	1
114	1
115	1
116	1
117	1
118	1
119	1
120	1
121	1
122	1
123	1
124	1
125	1
126	1
127	1
128	1
129	12
130	12
131	12
132	12
133	12
134	12
135	12
136	12
137	12
138	12
139	12
140	12
141	12
142	12
143	12
144	12
145	12
146	12
147	12
148	12
149	12
150	12
151	12
152	12
153	12
154	12
155	12
156	12
157	12
158	12
159	12
160	12
161	12
162	12
163	12
164	12
165	12
166	6
167	6
168	6
169	6
170	6
171	6
172	6
173	6
174	6
175	6
176	6
177	6
178	6
179	6
180	6
181	6
182	6
183	5
184	5
185	5
186	5
187	5
188	5
189	5
190	5
191	5
192	5
193	5
194	5
195	5
196	5
197	5
198	5
199	5
200	5
201	5
202	5
203	5
204	5
205	5
206	5
207	5
208	11
209	11
210	11
211	11
212	11
213	11
214	11
215	11
216	11
217	11
218	11
219	11
220	11
221	11
222	11
223	11
224	11
225	11
226	12
227	12
228	12
229	12
230	12
231	12
232	12
233	12
234	12
235	12
236	11
237	11
238	11
239	11
240	11
241	11
242	11
243	11
244	11
245	11
246	11
247	11
248	5
249	5
250	5
251	5
252	5
253	5
254	5
255	5
256	5
257	5
258	5
259	5
260	5
261	10
262	10
263	10
264	10
265	10
266	10
267	10
268	12
269	10
270	10
271	10
272	10
273	10
274	10
275	10
276	10
277	10
278	12
279	12
280	10
281	12
282	12
283	12
284	10
285	10
286	10
287	10
288	12
289	10
290	10
291	12
292	10
293	10
294	10
295	10
296	10
297	10
298	10
299	10
300	10
301	10
302	5
303	5
304	5
305	5
306	8
307	8
308	8
309	8
310	8
311	8
312	8
313	8
314	8
316	7
317	7
318	7
319	7
320	7
321	7
322	7
323	7
324	7
325	7
326	7
327	7
328	7
329	7
330	7
331	8
332	8
333	8
334	8
335	8
336	8
337	7
338	7
339	7
340	8
341	8
342	8
343	8
344	8
345	8
346	8
347	8
348	8
349	8
350	8
351	8
352	8
353	8
354	8
355	8
356	6
357	6
358	6
359	6
360	6
361	6
362	6
363	6
364	6
365	6
366	6
367	6
368	6
369	8
370	8
371	8
372	8
373	8
374	8
375	8
376	8
377	8
378	8
379	8
380	8
381	8
382	8
383	8
384	8
385	8
386	8
387	8
388	8
389	7
390	7
391	7
392	7
393	7
394	8
395	8
396	8
397	8
398	7
399	7
400	7
401	7
402	7
403	11
404	11
405	11
406	12
407	12
408	12
409	13
410	13
411	13
412	13
413	13
414	13
415	13
416	13
417	13
418	13
419	13
420	13
421	13
422	13
423	13
424	13
425	6
426	6
427	6
428	6
429	6
430	6
431	6
432	6
433	13
434	13
435	13
436	13
437	13
438	13
439	13
440	13
441	13
442	13
443	13
444	13
445	13
446	6
447	6
448	6
449	6
450	6
451	13
452	13
453	13
454	6
455	6
456	6
457	13
458	13
459	13
460	13
461	13
462	13
463	6
464	6
465	6
466	6
467	6
468	6
469	6
470	6
471	6
472	6
473	13
474	13
475	10
476	10
477	12
478	12
479	12
480	12
481	12
482	12
483	12
484	11
485	11
486	12
487	12
488	12
489	10
490	10
491	10
492	10
493	10
494	10
495	12
496	12
497	12
498	11
499	12
500	12
501	12
502	11
503	12
504	12
505	12
506	12
507	12
508	11
509	12
510	11
511	11
512	11
513	12
514	12
515	11
516	12
517	12
518	12
519	12
520	11
521	12
522	8
523	8
524	8
525	8
526	5
527	5
528	8
529	8
530	8
531	8
532	8
533	8
534	8
535	8
536	8
537	8
538	5
539	5
540	5
541	5
542	5
543	5
544	5
545	5
546	5
547	5
548	5
549	5
550	5
551	5
552	5
553	5
554	5
555	5
556	5
557	5
558	5
559	10
560	10
561	10
562	10
563	10
564	10
565	5
566	5
567	5
568	5
569	5
570	1
571	1
572	1
573	1
574	1
575	1
576	1
577	1
578	1
579	1
580	1
581	5
582	5
583	5
584	5
585	5
586	5
587	12
588	12
589	12
590	12
591	12
592	11
593	11
594	12
595	11
596	12
597	12
598	12
599	11
600	11
601	12
602	11
603	5
604	5
605	5
606	5
607	5
608	5
609	5
610	5
611	5
612	5
613	5
614	5
615	5
616	5
617	12
618	12
619	11
620	12
621	12
622	12
623	12
624	12
625	12
626	12
627	12
628	11
629	11
630	11
631	12
632	11
633	12
634	12
635	12
636	12
637	12
638	12
639	5
640	5
641	5
642	5
643	5
644	5
645	5
646	5
647	5
648	5
649	5
650	5
651	5
652	5
653	5
654	5
655	5
656	5
657	10
658	10
659	10
660	10
661	13
662	13
663	13
664	13
665	13
666	13
667	13
668	13
669	13
670	12
671	12
672	12
673	12
674	12
675	12
676	12
677	12
678	12
679	12
680	13
681	13
682	13
683	13
684	13
685	13
686	13
687	13
688	13
689	13
690	13
691	13
692	13
693	13
694	13
695	13
696	13
697	12
698	12
699	12
700	12
701	12
702	12
703	12
704	12
705	12
706	12
707	12
708	12
709	12
710	12
711	12
712	12
713	12
714	13
715	13
716	10
717	10
718	12
719	12
720	12
721	10
722	10
723	10
724	10
725	10
726	10
727	10
728	10
729	10
730	10
731	10
732	7
733	7
734	7
735	7
736	7
737	10
738	6
739	6
740	6
741	6
742	10
743	10
744	10
745	7
746	7
747	7
748	7
749	7
750	7
751	7
752	7
753	7
754	7
755	7
756	7
757	7
758	7
759	7
760	7
761	7
762	7
763	7
764	7
765	7
766	10
767	10
768	10
769	10
770	7
771	7
772	10
773	10
774	10
775	6
776	10
777	10
778	6
779	6
780	10
781	6
782	10
783	6
784	6
785	11
786	10
787	10
788	10
789	10
790	10
791	11
792	11
793	11
794	11
795	11
796	11
797	11
798	11
799	11
800	11
801	10
802	10
803	10
804	10
805	11
806	11
807	11
808	10
809	10
810	10
811	4
812	13
813	4
814	4
815	4
816	4
817	4
818	13
819	4
820	13
821	4
822	4
823	4
824	4
825	4
826	4
827	4
828	4
829	13
830	4
831	4
832	4
833	4
834	4
835	4
836	4
837	4
838	4
839	4
840	4
841	4
842	4
843	4
844	4
845	4
846	4
847	13
848	4
849	4
850	13
851	4
852	4
853	4
854	4
855	4
856	13
857	4
858	5
859	5
860	5
861	5
862	5
863	5
864	5
865	5
866	5
867	5
868	5
869	5
870	5
871	4
872	4
873	4
874	4
875	4
876	4
877	4
878	4
879	4
880	4
881	4
882	4
883	4
884	4
885	4
886	4
887	4
888	4
889	4
890	4
891	4
892	13
893	4
894	4
895	4
896	4
897	4
898	4
899	4
900	4
901	13
902	4
903	4
904	4
905	4
906	4
907	4
908	4
909	4
910	4
911	13
912	13
913	4
914	4
915	4
916	4
917	4
918	4
919	4
920	4
921	4
922	13
923	13
924	4
925	4
926	4
927	4
928	4
929	4
930	13
931	13
932	4
933	13
934	4
935	4
936	4
937	4
938	4
939	4
940	4
941	4
942	13
943	4
944	13
945	13
946	4
947	4
948	4
949	13
950	4
951	4
952	4
953	4
954	13
955	4
956	13
957	4
958	4
959	4
960	4
961	4
962	13
963	4
964	4
965	4
966	4
967	4
968	4
969	4
970	4
971	4
972	4
973	4
974	4
975	13
976	4
977	4
978	4
979	4
980	4
981	4
982	7
983	13
984	13
985	6
986	6
987	6
988	6
989	6
990	6
991	6
992	6
993	6
994	6
995	6
996	6
997	6
998	6
999	6
1000	6
1001	6
1002	6
1003	6
1004	6
1005	6
1006	6
1007	7
1008	13
1009	6
1010	13
1011	13
1012	13
1013	13
1014	7
1015	13
1016	7
1017	13
1018	13
1019	13
1020	7
1021	7
1022	7
1023	7
1024	7
1025	7
1026	7
1027	13
1028	7
1029	13
1030	7
1031	13
1032	7
1033	13
1034	7
1035	7
1036	7
1037	13
1038	7
1039	13
1040	7
1041	7
1042	13
1043	7
1044	13
1045	7
1046	7
1047	7
1048	13
1049	13
1050	7
1051	13
1052	13
1053	7
1054	7
1055	7
1056	13
1057	13
1058	7
1059	7
1060	7
1061	7
1062	13
1063	7
1064	7
1065	13
1066	13
1067	13
1068	13
1069	7
1070	13
1071	7
1072	7
1073	7
1074	7
1075	7
1076	7
1077	7
1078	7
1079	7
1080	7
1081	7
1082	7
1083	7
1084	7
1085	7
1086	7
1087	10
1088	10
1089	10
1090	10
1091	10
1092	10
1093	10
1094	11
1095	11
1096	11
1097	11
1098	11
1099	11
1100	11
1101	11
1102	11
1103	11
1104	11
1105	11
1106	11
1107	8
1108	8
1109	8
1110	8
1111	8
1112	8
1113	8
1114	8
1115	8
1116	8
1117	8
1118	8
1119	8
1120	8
1121	8
1122	8
1123	8
1124	8
1125	8
1126	8
1127	8
1128	8
1129	8
1130	8
1131	8
1132	8
1133	8
1134	8
1135	8
1136	4
1137	4
1138	4
1139	4
1140	8
1141	8
1142	8
1143	8
1144	8
1145	8
1146	8
1147	8
1148	8
1149	8
1150	8
1151	8
1152	8
1153	8
1154	9
1155	9
1156	9
1157	9
1158	9
1159	9
1160	9
1161	9
1162	9
1163	9
1164	8
1165	9
1166	9
1167	9
1168	9
1169	13
1170	13
1171	13
1172	13
1173	13
1174	7
1175	13
1176	13
1177	13
1178	13
1179	13
1180	13
1181	13
1182	13
1183	13
1184	13
1185	13
1186	13
1187	7
1188	13
1189	7
1190	13
1191	13
1192	13
1193	13
1194	13
1195	13
1196	13
1197	13
1198	13
1199	13
1200	8
1201	8
1202	8
1203	8
1204	8
1205	8
1206	8
1207	8
1208	8
1209	8
1210	8
1211	8
1212	8
1213	8
1214	8
1215	8
1216	8
1217	8
1218	8
1219	8
1220	8
1221	8
1222	8
1223	8
1224	8
1225	8
1226	8
1227	8
1228	8
1229	8
1230	8
1231	8
1232	8
1233	8
1234	8
1235	8
1236	8
1237	8
1238	8
1239	8
1240	12
1241	12
1242	12
1243	12
1244	12
1245	12
1246	12
1247	12
1248	12
1249	12
1250	12
1251	12
1252	12
1253	7
1254	7
1255	7
1256	7
1257	7
1258	12
1259	12
1260	12
1261	12
1262	12
1263	12
1264	7
1265	7
1266	7
1267	7
1268	7
1269	7
1270	7
1271	7
1272	7
1273	7
1274	7
1275	7
1276	7
1277	7
1278	11
1279	11
1280	11
1281	12
1282	12
1283	12
1284	7
1285	7
1286	7
1287	7
1288	11
1289	11
1290	11
1291	11
1292	11
1293	11
1294	11
1295	11
1296	11
1297	11
1298	11
1299	11
1300	11
1301	11
1302	11
1303	7
1304	7
1305	7
1306	7
1307	7
1308	7
1309	7
1310	7
1311	7
1312	7
1313	7
1314	4
1315	4
1316	4
1317	4
1318	4
1319	4
1320	4
1321	4
1322	4
1323	4
1324	4
1325	4
1326	4
1327	4
1328	4
1329	4
1330	4
1331	4
1332	4
1333	4
1334	4
1335	4
1336	4
1337	4
1338	4
1339	4
1340	4
1341	4
1342	4
1343	4
1344	4
1345	4
1346	7
1347	7
1348	7
1349	7
1350	7
1351	7
1352	7
1353	7
1354	7
1355	7
1356	7
1357	7
1358	7
1359	7
1360	7
1361	7
1362	7
1363	8
1364	8
1365	8
1366	8
1367	8
1368	8
1369	8
1370	8
1371	9
1372	8
1373	8
1374	8
1375	8
1376	8
1377	8
1378	8
1379	9
1380	8
1381	11
1382	11
1383	11
1384	11
1385	11
1386	11
1387	11
1388	11
1389	11
1390	11
1391	11
1392	11
1393	11
1394	11
1395	11
1396	11
1397	7
1398	7
1399	7
1400	7
1401	7
1402	7
1403	7
1404	7
1405	7
1406	7
1407	7
1408	7
1409	7
1410	7
1411	7
1412	7
1413	7
1414	7
1415	7
1416	7
1417	7
1418	7
1419	7
1420	7
1421	7
1422	7
1423	7
1424	7
1425	7
1426	7
1427	7
1428	1
1429	1
1430	1
1431	1
1432	1
1433	1
1434	1
1435	1
1436	1
1437	1
1438	1
1439	1
1440	3
1441	13
1442	1
1443	13
1444	1
1445	13
1446	1
1447	1
1448	13
1449	1
1450	1
1451	1
1452	13
1453	13
1454	13
1455	1
1456	1
1457	1
1458	1
1459	1
1460	1
1461	1
1462	1
1463	1
1464	3
1465	12
1466	12
1467	12
1468	12
1469	12
1470	12
1471	12
1472	12
1473	12
1474	12
1475	12
1476	12
1477	12
1478	12
1479	12
1480	12
1481	12
1482	12
1483	12
1484	12
1485	12
1486	12
1487	12
1488	12
1489	7
1490	7
1491	7
1492	7
1493	7
1494	7
1495	7
1496	7
1497	7
1498	7
1499	7
1500	7
1501	5
1502	5
1503	5
1504	5
1505	5
1506	5
1507	5
1508	5
1509	5
1510	5
1511	5
1512	5
1513	5
1514	5
1515	5
1516	5
1517	5
1518	5
1519	5
1520	5
1521	5
1522	5
1523	5
1524	5
1525	5
1526	5
1527	5
1528	5
1529	6
1530	6
1531	6
1532	6
1533	6
1534	6
1535	6
1536	6
1537	6
1538	6
1539	6
1540	6
1541	6
1542	6
1543	6
1544	6
1545	6
1546	6
1547	6
1548	6
1549	6
1550	6
1551	6
1552	1
1553	8
1554	8
1555	8
1556	8
1557	8
1558	8
1559	1
1560	8
1561	8
1562	8
1563	8
1564	8
1565	8
1566	8
1567	1
1568	8
1569	8
1570	8
1571	8
1572	1
1573	8
1574	8
1575	1
1576	7
1577	7
1578	7
1579	7
1580	7
1581	7
1582	7
1583	7
1584	7
1585	7
1586	7
1587	7
1588	7
1589	7
1590	7
1591	7
1592	7
1593	7
1594	7
1595	7
1596	7
1597	7
1598	7
1599	7
1600	7
1601	7
1602	1
1603	1
1604	1
1605	1
1606	1
1607	1
1608	1
1609	1
1610	1
1611	1
1612	1
1613	1
1614	1
1615	1
1616	1
1617	1
1618	11
1619	11
1620	11
1621	11
1622	11
1623	11
1624	11
1625	11
1626	11
1627	11
1628	11
1629	1
1630	1
1631	1
1632	1
1633	1
1634	1
1635	1
1636	1
1637	1
1638	1
1639	1
1640	1
1641	1
1642	1
1643	1
1644	11
1645	11
1646	11
1647	11
1648	11
1649	1
1650	1
1651	1
1652	1
1653	1
1654	1
1655	1
1656	1
1658	1
1659	1
1660	1
1661	1
1662	1
1663	1
1664	1
1665	1
1666	1
1667	1
1668	1
1669	1
1670	1
1671	1
1672	1
1673	11
1674	1
1675	1
1676	1
1677	11
1678	12
1679	12
1680	10
1681	10
1682	12
1683	12
1684	12
1685	13
1686	13
1687	13
1688	13
1689	13
1690	13
1691	13
1692	13
1693	13
1694	13
1695	13
1696	13
1697	13
1698	13
1699	13
1700	13
1701	13
1702	13
1703	2
1704	2
1705	13
1706	13
1707	13
1708	13
1709	13
1710	13
1711	13
1712	13
1713	11
1714	11
1715	11
1716	11
1717	11
1718	11
1719	11
1720	11
1721	11
1722	11
1723	11
1724	11
1725	13
1726	13
1727	13
1728	11
1729	13
1730	13
1731	13
1732	13
1733	13
1734	13
1735	13
1736	13
1737	13
1738	13
1739	13
1740	13
1741	13
1742	2
1743	2
1744	2
1745	2
1746	2
1747	2
1748	2
1749	2
1750	2
1751	2
1752	2
1753	2
1754	2
1755	5
1756	2
1757	11
1758	11
1759	11
1760	11
1761	2
1762	2
1763	2
1764	2
1765	2
1766	2
1767	2
1768	2
1769	2
1770	2
1771	2
1772	2
1773	2
1774	11
1775	11
1776	11
1777	11
1778	11
1779	11
1780	11
1781	11
1782	11
1783	11
1784	11
1785	11
1786	11
1787	2
1788	2
1789	2
1790	2
1791	2
1792	2
1793	2
1794	2
1795	11
1796	11
1797	11
1798	11
1799	2
1800	5
1801	5
1802	2
1803	2
1804	2
1805	2
1806	2
1807	2
1808	2
1809	1
1810	3
1811	3
1812	3
1813	3
1814	3
1815	3
1816	1
1817	3
1818	3
1819	1
1820	1
1821	3
1822	3
1823	3
1824	3
1825	3
1826	3
1827	3
1828	1
1829	3
1830	10
1831	10
1832	10
1833	10
1834	10
1835	3
1836	3
1837	10
1838	1
1839	3
1840	8
1841	9
1842	9
1843	8
1844	9
1845	1
1846	3
1847	3
1848	3
1849	3
1850	3
1851	3
1852	3
1853	3
1854	3
1855	3
1856	3
1857	11
1858	11
1859	11
1860	11
1861	11
1862	11
1863	3
1864	1
1865	1
1866	1
1867	3
1868	1
1869	3
1870	1
1871	3
1872	10
1873	10
1874	10
1875	10
1876	10
1877	10
1878	10
1879	10
1880	12
1881	10
1882	10
1883	12
1884	10
1885	10
1886	10
1887	10
1888	10
1889	12
1890	10
1891	10
1892	10
1893	10
1894	10
1895	5
1896	5
1897	5
1898	9
1899	9
1900	9
1901	9
1902	9
1903	9
1904	5
1905	5
1906	5
1907	5
1908	5
1909	5
1910	5
1911	5
1912	5
1913	7
1914	7
1915	7
1916	9
1917	9
1918	9
1919	9
1920	9
1921	9
1922	9
1923	9
1924	5
1925	5
1926	5
1927	5
1928	5
1929	5
1930	5
1931	7
1932	5
1933	5
1934	5
1935	7
1936	7
1937	5
1938	5
1939	7
1940	5
1941	5
1942	7
1943	5
1944	5
1945	5
1946	7
1947	5
1948	7
1949	5
1950	5
1951	5
1952	5
1953	5
1954	5
1955	7
1956	5
1957	5
1958	5
1959	5
1960	5
1961	5
1962	5
1963	5
1964	5
1965	5
1966	5
1967	5
1968	5
1969	5
1970	5
1971	5
1972	5
1973	5
1974	5
1975	5
1976	6
1977	6
1978	1
1979	6
1980	6
1981	6
1982	6
1983	6
1984	6
1985	6
1986	6
1987	6
1988	6
1989	1
1990	1
1991	6
1992	6
1993	6
1994	6
1995	6
1996	1
1997	6
1998	6
1999	6
2000	6
2001	1
2002	1
2003	1
2004	6
2005	1
2006	6
2007	6
2008	6
2009	6
2010	6
2011	6
2012	6
2013	6
2014	6
2015	6
2016	1
2017	10
2018	10
2019	10
2020	10
2021	10
2022	10
2023	10
2024	10
2025	10
2026	10
2027	10
2028	10
2029	10
2030	6
2031	6
2032	6
2033	6
2034	6
2035	10
2036	10
2037	10
2038	10
2039	10
2040	10
2041	10
2042	10
2043	10
2044	10
2045	10
2046	10
2047	10
2048	10
2049	10
2050	10
2051	10
2052	10
2053	10
2054	10
2055	10
2056	10
2057	10
2058	1
2059	1
2060	1
2061	1
2062	1
2063	1
2064	1
2065	1
2066	1
2067	1
2068	10
2069	10
2070	10
2071	10
2072	10
2073	11
2074	10
2075	10
2076	10
2077	11
2078	10
2079	10
2080	10
2081	10
2082	10
2083	10
2084	10
2085	10
2086	10
2087	10
2088	10
2089	7
2090	7
2091	7
2092	7
2093	7
2094	7
2095	7
2096	5
2097	5
2098	5
2099	5
2100	5
2101	5
2102	5
2103	5
2104	5
2105	5
2106	5
2107	5
2108	5
2109	5
2110	5
2111	5
2112	5
2113	3
2114	3
2115	2
2116	2
2117	2
2118	3
2119	3
2120	3
2121	2
2122	3
2123	3
2124	10
2125	2
2126	2
2127	2
2128	2
2129	3
2130	3
2131	3
2132	3
2133	3
2134	2
2135	2
2136	3
2137	3
2138	3
2139	3
2140	3
2141	3
2142	3
2143	3
2144	3
2145	3
2146	3
2147	3
2148	3
2149	3
2150	2
2151	2
2152	2
2153	2
2154	3
2155	3
2156	3
2157	3
2158	2
2159	3
2160	2
2161	2
2162	2
2163	2
2164	2
2165	2
2166	2
2167	3
2168	3
2169	2
2170	2
2171	3
2172	2
2173	3
2174	3
2175	3
2176	3
2177	3
2178	2
2179	2
2180	2
2181	2
2182	2
2183	2
2184	3
2185	2
2186	2
2187	2
2188	3
2189	3
2190	2
2191	3
2192	2
2193	2
2194	3
2195	3
2196	3
2197	3
2198	3
2199	3
2200	3
2201	3
2202	3
2203	3
2204	2
2205	2
2206	2
2207	2
2208	3
2209	2
2210	2
2211	3
2212	3
2213	2
2214	3
2215	3
2216	3
2217	2
2218	2
2219	2
2220	2
2221	3
2222	3
2223	3
2224	2
2225	2
2226	2
2227	2
2228	3
2229	3
2230	2
2231	2
2232	2
2233	3
2234	3
2235	2
2236	3
2237	3
2238	3
2239	2
2240	2
2241	3
2242	3
2243	3
2244	3
2245	3
2246	2
2247	2
2248	2
2249	2
2250	2
2251	2
2252	2
2253	3
2254	3
2255	3
2256	2
2257	2
2258	3
2259	2
2260	2
2261	2
2262	2
2263	2
2264	2
2265	2
2266	3
2267	3
2268	3
2269	3
2270	3
2271	2
2272	3
2273	3
2274	2
2275	2
2276	2
2277	3
2278	3
2279	3
2280	2
2281	2
2282	3
2283	3
2284	10
2285	10
2286	3
2287	3
2288	2
2289	2
2290	2
2291	2
2292	2
2293	2
2294	3
2295	2
2296	2
2297	3
2298	3
2299	3
2300	3
2301	2
2302	3
2303	3
2304	3
2305	2
2306	2
2307	2
2308	2
2309	10
2310	10
2311	10
2312	4
2313	4
2314	4
2315	4
2316	4
2317	4
2318	4
2319	4
2320	4
2321	4
2322	4
2323	4
2324	4
2325	4
2326	4
2327	4
2328	4
2329	4
2330	5
2331	5
2332	5
2333	5
2334	5
2335	5
2336	5
2337	5
2338	5
2339	5
2340	5
2341	5
2342	5
2343	5
2344	5
2345	5
2346	4
2347	4
2348	4
2349	4
2350	4
2351	4
2352	4
2353	4
2354	4
2355	4
2356	4
2357	4
2358	4
2359	4
2360	4
2361	4
2362	4
2363	4
2364	4
2365	4
2366	3
2367	3
2368	3
2369	3
2370	3
2371	3
2372	3
2373	3
2374	3
2375	3
2376	3
2377	3
2378	3
2379	3
2380	3
2381	3
2382	3
2383	3
2384	3
2385	3
2386	3
2387	3
2388	3
2389	3
2390	3
2391	3
2392	3
2393	3
2394	3
2395	3
2396	3
2397	3
2398	3
2399	3
2400	3
2401	3
2402	3
2403	3
2404	3
2405	3
2406	3
2407	3
2408	3
2409	3
2410	3
2411	3
2412	3
2413	3
2414	3
2415	9
2416	9
2417	9
2418	9
2419	11
2420	11
2421	9
2422	9
2423	9
2424	9
2425	9
2426	9
2427	11
2428	11
2429	11
2430	11
2431	9
2432	9
2433	9
2434	9
2435	9
2436	9
2437	9
2438	11
2439	11
2440	9
2441	9
2442	9
2443	9
2444	9
2445	9
2446	9
2447	9
2448	9
2449	9
2450	9
2451	9
2452	9
2453	9
2454	9
2455	9
2456	9
2457	9
2458	9
2459	9
2460	9
2461	9
2462	9
2463	9
2464	9
2465	9
2466	9
2467	9
2468	9
2469	9
2470	9
2471	9
2472	9
2473	9
2474	9
2475	9
2476	9
2477	9
2478	9
2479	9
2480	9
2481	9
2482	9
2483	9
2484	9
2485	9
2486	9
2487	9
2488	9
2489	9
2490	9
2491	9
2492	9
2493	9
2494	9
2495	9
2496	11
2497	11
2498	11
2499	9
2500	9
2501	9
2502	9
2503	9
2504	9
2505	9
2506	9
2507	9
2508	11
2509	11
2510	11
2511	9
2512	9
2513	11
2514	11
2515	9
2516	9
2517	9
2518	9
2519	9
2520	9
2521	9
2522	9
2523	11
2524	9
2525	11
2526	9
2527	9
2528	9
2529	11
2530	11
2531	11
2532	11
2533	11
2534	11
2535	11
2536	11
2537	11
2538	11
2539	11
2540	11
2541	11
2542	11
2543	9
2544	11
2545	11
2546	11
2547	9
2548	9
2549	9
2550	9
2551	11
2552	11
2553	11
2554	11
2555	9
2556	9
2557	11
2558	9
2559	9
2560	9
2561	9
2562	11
2563	11
2564	9
2565	11
2566	9
2567	9
2568	11
2569	11
2570	11
2571	9
2572	9
2573	9
2574	11
2575	9
2576	9
2577	9
2578	9
2579	9
2580	9
2581	11
2582	9
2583	9
2584	9
2585	9
2586	9
2587	11
2588	11
2589	11
2590	11
2591	11
2592	11
2593	11
2594	9
2595	9
2596	9
2597	9
2598	9
2599	9
2600	9
2601	9
2602	9
2603	9
2604	11
2605	11
2606	10
2607	10
2608	10
2609	10
2610	10
2611	10
2612	10
2613	10
2614	10
2615	10
2616	10
2617	10
2618	10
2619	10
2620	10
2621	10
2622	10
2623	10
2624	10
2625	10
2626	10
2627	10
2628	10
2629	10
2630	10
2631	10
2632	10
2633	10
2634	10
2635	10
2636	10
2637	10
2638	10
2639	10
2640	6
2641	6
2642	1
2643	1
2644	1
2645	6
2646	6
2647	6
2648	6
2649	6
2650	1
2651	6
2652	6
2653	6
2654	6
2655	6
2656	1
2657	6
2658	6
2659	1
2660	1
2661	6
2662	6
2663	1
2664	6
2665	1
2666	6
2667	6
2668	6
2669	6
2670	6
2671	6
2672	6
2673	6
2674	6
2675	6
2676	6
2677	6
2678	6
2679	6
2680	6
2681	6
2682	6
2683	1
2684	1
2685	6
2686	6
2687	1
2688	5
2689	5
2690	5
2691	5
315	7
1657	1
