0	5
1	5
2	5
3	5
4	5
5	5
6	5
7	7
8	7
9	7
10	7
11	7
12	7
13	7
14	7
15	7
16	7
17	7
18	12
19	12
20	12
21	13
22	13
23	13
24	13
25	13
26	13
27	13
28	13
29	6
30	12
31	6
32	6
33	12
34	6
35	6
36	12
37	6
38	6
39	12
40	6
41	12
42	6
43	12
44	12
45	6
46	6
47	12
48	6
49	6
50	6
51	6
52	6
53	9
54	9
55	9
56	9
57	9
58	6
59	6
60	6
61	6
62	6
63	6
64	6
65	9
66	9
67	9
68	9
69	9
70	9
71	13
72	13
73	13
74	13
75	6
76	6
77	6
78	6
79	6
80	6
81	6
82	6
83	3
84	3
85	3
86	3
87	3
88	3
89	3
90	3
91	3
92	3
93	3
94	3
95	3
96	7
97	7
98	7
99	7
100	7
101	7
102	7
103	7
104	7
105	7
106	7
107	7
108	7
109	7
110	7
111	7
112	7
113	7
114	7
115	7
116	7
117	7
118	7
119	7
120	7
121	7
122	7
123	7
124	7
125	7
126	7
127	7
128	7
129	11
130	11
131	11
132	11
133	11
134	11
135	11
136	11
137	11
138	11
139	11
140	11
141	11
142	11
143	11
144	11
145	11
146	11
147	11
148	11
149	11
150	11
151	11
152	11
153	11
154	11
155	11
156	11
157	11
158	11
159	11
160	11
161	11
162	11
163	11
164	11
165	11
166	3
167	3
168	3
169	3
170	3
171	3
172	3
173	3
174	3
175	3
176	3
177	3
178	3
179	3
180	3
181	3
182	3
183	6
184	6
185	6
186	6
187	6
188	6
189	6
190	6
191	6
192	6
193	6
194	6
195	6
196	6
197	6
198	6
199	6
200	6
201	6
202	6
203	6
204	6
205	6
206	6
207	6
208	13
209	13
210	13
211	13
212	13
213	13
214	13
215	13
216	13
217	13
218	13
219	13
220	13
221	13
222	13
223	13
224	13
225	13
226	13
227	13
228	13
229	13
230	13
231	13
232	13
233	13
234	13
235	13
236	13
237	13
238	13
239	13
240	13
241	13
242	13
243	13
244	13
245	13
246	13
247	13
248	6
249	6
250	6
251	6
252	6
253	6
254	6
255	6
256	6
257	6
258	6
259	6
260	6
261	10
262	10
263	10
264	10
265	10
266	10
267	10
268	10
269	10
270	10
271	10
272	10
273	10
274	10
275	10
276	10
277	10
278	10
279	10
280	10
281	10
282	10
283	10
284	10
285	10
286	10
287	10
288	10
289	10
290	10
291	10
292	10
293	10
294	10
295	10
296	10
297	10
298	10
299	10
300	10
301	10
302	6
303	6
304	6
305	6
306	2
307	2
308	2
309	2
310	2
311	2
312	2
313	2
314	2
316	12
317	12
318	12
319	12
320	12
321	12
322	12
323	12
324	12
325	12
326	12
327	12
328	12
329	12
330	12
331	2
332	2
333	2
334	2
335	2
336	2
337	12
338	12
339	12
340	2
341	2
342	2
343	2
344	2
345	2
346	2
347	2
348	2
349	2
350	2
351	2
352	2
353	2
354	2
355	2
356	11
357	11
358	11
359	11
360	11
361	11
362	11
363	11
364	11
365	11
366	11
367	11
368	11
369	2
370	2
371	2
372	2
373	2
374	2
375	2
376	2
377	2
378	2
379	2
380	2
381	2
382	2
383	2
384	2
385	2
386	2
387	2
388	2
389	12
390	12
391	12
392	12
393	12
394	2
395	2
396	2
397	2
398	12
399	12
400	12
401	12
402	12
403	13
404	13
405	13
406	13
407	13
408	13
409	5
410	5
411	5
412	5
413	5
414	5
415	5
416	5
417	5
418	5
419	5
420	5
421	5
422	5
423	5
424	5
425	3
426	3
427	3
428	3
429	3
430	3
431	3
432	3
433	5
434	5
435	5
436	5
437	5
438	5
439	5
440	5
441	5
442	5
443	5
444	5
445	5
446	3
447	3
448	3
449	3
450	3
451	5
452	5
453	5
454	3
455	3
456	3
457	5
458	5
459	5
460	5
461	5
462	5
463	3
464	3
465	3
466	3
467	3
468	3
469	3
470	3
471	3
472	3
473	5
474	5
475	10
476	10
477	10
478	10
479	10
480	10
481	10
482	10
483	10
484	13
485	13
486	10
487	10
488	10
489	10
490	10
491	10
492	10
493	10
494	10
495	10
496	10
497	10
498	13
499	10
500	10
501	10
502	13
503	10
504	10
505	10
506	13
507	13
508	13
509	13
510	13
511	13
512	13
513	13
514	13
515	13
516	13
517	13
518	13
519	13
520	13
521	13
522	4
523	4
524	4
525	4
526	6
527	6
528	4
529	4
530	4
531	4
532	4
533	4
534	4
535	4
536	4
537	4
538	6
539	6
540	6
541	6
542	6
543	6
544	6
545	6
546	6
547	6
548	6
549	6
550	6
551	6
552	6
553	6
554	6
555	6
556	6
557	6
558	6
559	13
560	13
561	13
562	13
563	13
564	13
565	6
566	6
567	6
568	6
569	6
570	4
571	4
572	4
573	4
574	4
575	4
576	4
577	4
578	4
579	4
580	4
581	6
582	6
583	6
584	6
585	6
586	6
587	10
588	10
589	10
590	10
591	10
592	13
593	13
594	10
595	13
596	10
597	13
598	10
599	13
600	13
601	13
602	13
603	6
604	6
605	6
606	6
607	6
608	6
609	6
610	6
611	6
612	6
613	6
614	6
615	6
616	6
617	10
618	10
619	13
620	10
621	10
622	10
623	10
624	10
625	10
626	10
627	10
628	13
629	13
630	13
631	13
632	10
633	10
634	10
635	13
636	10
637	10
638	10
639	6
640	6
641	6
642	6
643	6
644	6
645	6
646	6
647	6
648	6
649	6
650	6
651	6
652	6
653	6
654	6
655	6
656	6
657	3
658	3
659	3
660	3
661	5
662	5
663	5
664	5
665	5
666	5
667	5
668	5
669	5
670	13
671	13
672	11
673	13
674	11
675	13
676	11
677	11
678	11
679	11
680	5
681	5
682	5
683	5
684	5
685	5
686	5
687	5
688	5
689	5
690	5
691	5
692	5
693	5
694	5
695	5
696	5
697	13
698	13
699	11
700	11
701	13
702	11
703	11
704	11
705	11
706	11
707	11
708	13
709	11
710	13
711	13
712	13
713	13
714	5
715	5
716	10
717	10
718	13
719	13
720	11
721	13
722	13
723	10
724	13
725	13
726	13
727	13
728	13
729	13
730	13
731	13
732	12
733	12
734	12
735	12
736	12
737	3
738	3
739	3
740	3
741	3
742	3
743	3
744	3
745	12
746	12
747	12
748	12
749	12
750	12
751	12
752	12
753	12
754	12
755	12
756	12
757	12
758	12
759	12
760	12
761	12
762	12
763	12
764	12
765	12
766	3
767	3
768	3
769	3
770	12
771	12
772	3
773	3
774	3
775	3
776	3
777	3
778	3
779	3
780	3
781	3
782	3
783	3
784	3
785	13
786	3
787	3
788	3
789	3
790	3
791	13
792	13
793	13
794	13
795	13
796	13
797	13
798	13
799	13
800	13
801	3
802	3
803	3
804	3
805	13
806	13
807	13
808	3
809	3
810	3
811	9
812	4
813	9
814	9
815	9
816	9
817	9
818	4
819	9
820	4
821	9
822	9
823	9
824	9
825	9
826	9
827	9
828	9
829	4
830	9
831	9
832	9
833	9
834	9
835	9
836	9
837	9
838	9
839	9
840	9
841	9
842	9
843	9
844	9
845	9
846	9
847	4
848	9
849	9
850	4
851	9
852	9
853	9
854	9
855	9
856	4
857	4
858	6
859	6
860	6
861	6
862	6
863	6
864	6
865	6
866	6
867	6
868	6
869	6
870	6
871	9
872	9
873	9
874	9
875	9
876	9
877	9
878	9
879	9
880	9
881	9
882	9
883	9
884	9
885	9
886	9
887	9
888	9
889	9
890	9
891	9
892	4
893	9
894	9
895	9
896	9
897	9
898	9
899	4
900	4
901	4
902	9
903	9
904	9
905	9
906	9
907	9
908	9
909	9
910	4
911	4
912	4
913	4
914	9
915	9
916	9
917	9
918	9
919	9
920	9
921	9
922	4
923	4
924	9
925	9
926	9
927	9
928	9
929	9
930	9
931	9
932	9
933	4
934	9
935	9
936	9
937	9
938	9
939	9
940	9
941	9
942	9
943	9
944	4
945	4
946	9
947	9
948	9
949	9
950	9
951	9
952	9
953	9
954	4
955	4
956	4
957	9
958	9
959	9
960	9
961	9
962	9
963	9
964	9
965	9
966	9
967	9
968	9
969	9
970	9
971	9
972	9
973	9
974	9
975	4
976	9
977	9
978	9
979	9
980	9
981	9
982	12
983	12
984	7
985	11
986	11
987	11
988	11
989	11
990	11
991	11
992	3
993	11
994	11
995	11
996	11
997	11
998	11
999	11
1000	3
1001	3
1002	11
1003	11
1004	11
1005	11
1006	11
1007	12
1008	7
1009	11
1010	7
1011	12
1012	12
1013	12
1014	12
1015	12
1016	12
1017	7
1018	12
1019	12
1020	12
1021	12
1022	7
1023	12
1024	12
1025	12
1026	12
1027	7
1028	12
1029	12
1030	12
1031	12
1032	12
1033	12
1034	12
1035	12
1036	12
1037	7
1038	12
1039	12
1040	12
1041	7
1042	7
1043	12
1044	12
1045	12
1046	12
1047	12
1048	12
1049	12
1050	12
1051	12
1052	12
1053	12
1054	7
1055	12
1056	7
1057	7
1058	7
1059	12
1060	7
1061	7
1062	12
1063	12
1064	12
1065	7
1066	7
1067	7
1068	7
1069	12
1070	7
1071	12
1072	12
1073	12
1074	12
1075	6
1076	6
1077	6
1078	6
1079	6
1080	6
1081	6
1082	6
1083	6
1084	6
1085	6
1086	6
1087	10
1088	10
1089	10
1090	10
1091	10
1092	10
1093	10
1094	13
1095	13
1096	13
1097	13
1098	13
1099	13
1100	13
1101	13
1102	13
1103	13
1104	13
1105	13
1106	13
1107	2
1108	2
1109	2
1110	2
1111	2
1112	2
1113	2
1114	2
1115	2
1116	2
1117	2
1118	2
1119	2
1120	2
1121	2
1122	2
1123	2
1124	2
1125	2
1126	2
1127	2
1128	2
1129	2
1130	2
1131	2
1132	2
1133	2
1134	2
1135	2
1136	9
1137	9
1138	9
1139	9
1140	2
1141	2
1142	2
1143	2
1144	2
1145	2
1146	2
1147	2
1148	2
1149	2
1150	2
1151	2
1152	2
1153	2
1154	13
1155	13
1156	2
1157	13
1158	2
1159	2
1160	2
1161	2
1162	2
1163	2
1164	2
1165	2
1166	2
1167	2
1168	13
1169	12
1170	7
1171	12
1172	12
1173	7
1174	12
1175	7
1176	12
1177	12
1178	12
1179	12
1180	12
1181	12
1182	12
1183	12
1184	7
1185	12
1186	12
1187	12
1188	12
1189	12
1190	7
1191	7
1192	12
1193	12
1194	7
1195	12
1196	7
1197	12
1198	7
1199	12
1200	4
1201	4
1202	4
1203	4
1204	4
1205	4
1206	4
1207	4
1208	4
1209	4
1210	4
1211	4
1212	4
1213	4
1214	4
1215	4
1216	4
1217	4
1218	4
1219	4
1220	4
1221	4
1222	4
1223	4
1224	4
1225	4
1226	4
1227	4
1228	4
1229	4
1230	4
1231	4
1232	4
1233	4
1234	4
1235	4
1236	4
1237	4
1238	4
1239	4
1240	10
1241	10
1242	10
1243	10
1244	10
1245	10
1246	10
1247	10
1248	10
1249	10
1250	10
1251	10
1252	10
1253	6
1254	12
1255	6
1256	12
1257	12
1258	10
1259	10
1260	10
1261	10
1262	10
1263	10
1264	12
1265	12
1266	6
1267	6
1268	12
1269	12
1270	6
1271	12
1272	6
1273	6
1274	12
1275	12
1276	6
1277	12
1278	13
1279	13
1280	13
1281	10
1282	10
1283	10
1284	12
1285	12
1286	6
1287	12
1288	13
1289	13
1290	13
1291	13
1292	13
1293	13
1294	13
1295	13
1296	13
1297	13
1298	13
1299	13
1300	13
1301	13
1302	13
1303	6
1304	6
1305	6
1306	6
1307	6
1308	6
1309	6
1310	6
1311	6
1312	6
1313	6
1314	9
1315	9
1316	9
1317	9
1318	9
1319	9
1320	9
1321	9
1322	9
1323	9
1324	9
1325	9
1326	9
1327	9
1328	9
1329	9
1330	9
1331	9
1332	9
1333	9
1334	9
1335	9
1336	9
1337	9
1338	9
1339	9
1340	9
1341	9
1342	9
1343	9
1344	9
1345	9
1346	6
1347	5
1348	5
1349	5
1350	5
1351	6
1352	6
1353	6
1354	5
1355	5
1356	6
1357	5
1358	6
1359	6
1360	5
1361	6
1362	6
1363	2
1364	2
1365	4
1366	2
1367	2
1368	4
1369	4
1370	2
1371	2
1372	2
1373	4
1374	4
1375	4
1376	2
1377	4
1378	4
1379	2
1380	2
1381	13
1382	13
1383	13
1384	13
1385	13
1386	13
1387	13
1388	13
1389	13
1390	13
1391	13
1392	13
1393	13
1394	13
1395	13
1396	13
1397	5
1398	6
1399	5
1400	5
1401	5
1402	5
1403	6
1404	5
1405	6
1406	6
1407	5
1408	5
1409	5
1410	5
1411	5
1412	5
1413	5
1414	5
1415	5
1416	5
1417	5
1418	5
1419	5
1420	5
1421	5
1422	5
1423	5
1424	5
1425	5
1426	5
1427	5
1428	4
1429	4
1430	4
1431	4
1432	4
1433	4
1434	4
1435	4
1436	4
1437	4
1438	4
1439	4
1440	4
1441	7
1442	7
1443	7
1444	7
1445	7
1446	7
1447	7
1448	7
1449	7
1450	7
1451	7
1452	7
1453	7
1454	7
1455	4
1456	4
1457	4
1458	4
1459	4
1460	4
1461	4
1462	4
1463	4
1464	4
1465	13
1466	13
1467	13
1468	13
1469	13
1470	13
1471	13
1472	13
1473	13
1474	13
1475	13
1476	13
1477	13
1478	13
1479	13
1480	13
1481	13
1482	13
1483	13
1484	13
1485	13
1486	13
1487	13
1488	13
1489	12
1490	12
1491	12
1492	12
1493	12
1494	12
1495	12
1496	12
1497	12
1498	12
1499	12
1500	12
1501	5
1502	5
1503	5
1504	5
1505	5
1506	5
1507	5
1508	5
1509	5
1510	5
1511	5
1512	5
1513	5
1514	5
1515	5
1516	5
1517	5
1518	5
1519	5
1520	5
1521	5
1522	5
1523	5
1524	5
1525	5
1526	5
1527	5
1528	5
1529	3
1530	3
1531	3
1532	3
1533	3
1534	3
1535	3
1536	3
1537	3
1538	3
1539	3
1540	3
1541	3
1542	3
1543	3
1544	3
1545	3
1546	3
1547	3
1548	3
1549	3
1550	3
1551	3
1552	3
1553	4
1554	4
1555	4
1556	4
1557	4
1558	4
1559	3
1560	4
1561	4
1562	4
1563	4
1564	4
1565	4
1566	4
1567	4
1568	4
1569	4
1570	4
1571	4
1572	3
1573	4
1574	4
1575	3
1576	12
1577	12
1578	12
1579	12
1580	12
1581	12
1582	12
1583	12
1584	12
1585	12
1586	12
1587	12
1588	12
1589	12
1590	12
1591	12
1592	12
1593	6
1594	6
1595	6
1596	6
1597	6
1598	6
1599	6
1600	6
1601	6
1602	3
1603	3
1604	4
1605	3
1606	3
1607	3
1608	4
1609	3
1610	4
1611	4
1612	4
1613	3
1614	4
1615	3
1616	3
1617	3
1618	13
1619	13
1620	13
1621	13
1622	13
1623	13
1624	13
1625	13
1626	13
1627	13
1628	13
1629	4
1630	7
1631	4
1632	7
1633	4
1634	4
1635	4
1636	7
1637	4
1638	4
1639	4
1640	4
1641	4
1642	4
1643	4
1644	13
1645	13
1646	13
1647	13
1648	13
1649	4
1650	7
1651	7
1652	7
1653	7
1654	7
1655	4
1656	4
1658	4
1659	7
1660	4
1661	4
1662	7
1663	4
1664	4
1665	4
1666	7
1667	7
1668	7
1669	7
1670	4
1671	4
1672	4
1673	13
1674	4
1675	4
1676	4
1677	13
1678	10
1679	10
1680	10
1681	10
1682	10
1683	10
1684	10
1685	12
1686	12
1687	12
1688	12
1689	12
1690	12
1691	12
1692	12
1693	12
1694	12
1695	12
1696	12
1697	12
1698	12
1699	12
1700	12
1701	12
1702	12
1703	1
1704	1
1705	12
1706	12
1707	12
1708	12
1709	12
1710	12
1711	12
1712	12
1713	13
1714	13
1715	13
1716	13
1717	13
1718	13
1719	13
1720	13
1721	13
1722	13
1723	13
1724	13
1725	12
1726	12
1727	12
1728	13
1729	12
1730	12
1731	12
1732	12
1733	12
1734	12
1735	12
1736	12
1737	12
1738	12
1739	12
1740	12
1741	12
1742	5
1743	5
1744	5
1745	5
1746	5
1747	5
1748	5
1749	5
1750	5
1751	5
1752	5
1753	5
1754	5
1755	5
1756	5
1757	13
1758	13
1759	13
1760	13
1761	5
1762	5
1763	5
1764	5
1765	5
1766	5
1767	5
1768	5
1769	5
1770	5
1771	5
1772	5
1773	5
1774	13
1775	13
1776	13
1777	13
1778	13
1779	13
1780	13
1781	13
1782	13
1783	13
1784	13
1785	13
1786	13
1787	5
1788	5
1789	5
1790	5
1791	5
1792	5
1793	5
1794	5
1795	13
1796	13
1797	13
1798	13
1799	5
1800	5
1801	5
1802	5
1803	5
1804	5
1805	5
1806	5
1807	5
1808	5
1809	7
1810	7
1811	7
1812	7
1813	7
1814	7
1815	7
1816	7
1817	7
1818	7
1819	7
1820	7
1821	7
1822	7
1823	7
1824	7
1825	7
1826	7
1827	7
1828	7
1829	7
1830	13
1831	13
1832	13
1833	13
1834	13
1835	7
1836	7
1837	13
1838	7
1839	7
1840	4
1841	2
1842	2
1843	4
1844	2
1845	7
1846	7
1847	7
1848	7
1849	7
1850	7
1851	7
1852	7
1853	7
1854	7
1855	7
1856	7
1857	13
1858	13
1859	13
1860	13
1861	13
1862	13
1863	7
1864	7
1865	7
1866	7
1867	7
1868	7
1869	7
1870	7
1871	7
1872	10
1873	10
1874	10
1875	10
1876	10
1877	10
1878	10
1879	10
1880	10
1881	10
1882	10
1883	10
1884	10
1885	10
1886	10
1887	10
1888	10
1889	10
1890	10
1891	10
1892	10
1893	10
1894	10
1895	6
1896	6
1897	6
1898	2
1899	2
1900	2
1901	2
1902	2
1903	2
1904	6
1905	6
1906	6
1907	6
1908	6
1909	6
1910	6
1911	6
1912	6
1913	6
1914	6
1915	6
1916	2
1917	2
1918	2
1919	2
1920	2
1921	2
1922	2
1923	2
1924	6
1925	6
1926	6
1927	6
1928	6
1929	6
1930	6
1931	6
1932	6
1933	6
1934	6
1935	6
1936	6
1937	6
1938	6
1939	6
1940	6
1941	6
1942	6
1943	6
1944	6
1945	6
1946	6
1947	6
1948	6
1949	6
1950	6
1951	6
1952	6
1953	6
1954	6
1955	6
1956	6
1957	6
1958	6
1959	6
1960	6
1961	6
1962	6
1963	6
1964	6
1965	6
1966	6
1967	6
1968	6
1969	6
1970	6
1971	6
1972	6
1973	6
1974	6
1975	6
1976	3
1977	3
1978	3
1979	3
1980	3
1981	3
1982	3
1983	3
1984	3
1985	3
1986	3
1987	3
1988	3
1989	3
1990	3
1991	3
1992	3
1993	3
1994	3
1995	3
1996	3
1997	3
1998	3
1999	3
2000	3
2001	3
2002	3
2003	3
2004	3
2005	3
2006	3
2007	3
2008	3
2009	3
2010	3
2011	3
2012	3
2013	3
2014	3
2015	3
2016	3
2017	10
2018	10
2019	10
2020	10
2021	10
2022	10
2023	10
2024	3
2025	10
2026	10
2027	10
2028	10
2029	10
2030	3
2031	3
2032	3
2033	3
2034	3
2035	3
2036	3
2037	3
2038	13
2039	13
2040	13
2041	13
2042	13
2043	10
2044	10
2045	10
2046	3
2047	3
2048	13
2049	13
2050	10
2051	3
2052	3
2053	3
2054	3
2055	3
2056	3
2057	3
2058	3
2059	3
2060	3
2061	3
2062	3
2063	3
2064	3
2065	3
2066	3
2067	3
2068	10
2069	10
2070	10
2071	10
2072	10
2073	10
2074	10
2075	10
2076	10
2077	10
2078	10
2079	10
2080	10
2081	10
2082	10
2083	10
2084	10
2085	10
2086	10
2087	10
2088	10
2089	12
2090	12
2091	12
2092	12
2093	12
2094	12
2095	12
2096	5
2097	5
2098	5
2099	5
2100	5
2101	5
2102	5
2103	5
2104	5
2105	5
2106	5
2107	5
2108	5
2109	5
2110	5
2111	5
2112	5
2113	1
2114	1
2115	1
2116	1
2117	1
2118	7
2119	7
2120	1
2121	1
2122	1
2123	7
2124	10
2125	1
2126	1
2127	1
2128	1
2129	1
2130	1
2131	1
2132	1
2133	7
2134	1
2135	1
2136	7
2137	7
2138	7
2139	1
2140	7
2141	1
2142	1
2143	1
2144	7
2145	1
2146	7
2147	7
2148	1
2149	1
2150	1
2151	1
2152	1
2153	1
2154	1
2155	1
2156	1
2157	1
2158	1
2159	1
2160	1
2161	1
2162	1
2163	1
2164	1
2165	1
2166	1
2167	1
2168	1
2169	1
2170	1
2171	1
2172	1
2173	1
2174	7
2175	7
2176	7
2177	7
2178	1
2179	1
2180	1
2181	1
2182	1
2183	1
2184	1
2185	1
2186	1
2187	1
2188	7
2189	1
2190	1
2191	1
2192	1
2193	1
2194	7
2195	1
2196	7
2197	7
2198	1
2199	7
2200	1
2201	1
2202	7
2203	1
2204	1
2205	1
2206	1
2207	1
2208	1
2209	1
2210	1
2211	1
2212	1
2213	1
2214	1
2215	7
2216	7
2217	1
2218	1
2219	1
2220	1
2221	1
2222	1
2223	7
2224	1
2225	1
2226	1
2227	1
2228	1
2229	1
2230	1
2231	1
2232	1
2233	7
2234	7
2235	1
2236	7
2237	7
2238	7
2239	1
2240	1
2241	1
2242	7
2243	7
2244	7
2245	7
2246	1
2247	1
2248	1
2249	1
2250	1
2251	1
2252	1
2253	7
2254	7
2255	7
2256	1
2257	1
2258	1
2259	1
2260	1
2261	1
2262	1
2263	1
2264	1
2265	1
2266	1
2267	1
2268	1
2269	7
2270	7
2271	1
2272	1
2273	1
2274	1
2275	1
2276	1
2277	7
2278	1
2279	1
2280	1
2281	1
2282	1
2283	7
2284	10
2285	10
2286	1
2287	1
2288	1
2289	1
2290	1
2291	1
2292	1
2293	1
2294	1
2295	1
2296	1
2297	1
2298	7
2299	7
2300	7
2301	1
2302	7
2303	1
2304	7
2305	1
2306	1
2307	1
2308	1
2309	10
2310	10
2311	10
2312	9
2313	9
2314	9
2315	9
2316	9
2317	9
2318	9
2319	9
2320	9
2321	9
2322	9
2323	9
2324	9
2325	9
2326	9
2327	9
2328	9
2329	9
2330	6
2331	6
2332	6
2333	6
2334	6
2335	6
2336	6
2337	6
2338	6
2339	6
2340	6
2341	6
2342	6
2343	6
2344	6
2345	6
2346	9
2347	9
2348	9
2349	9
2350	9
2351	9
2352	9
2353	9
2354	9
2355	9
2356	9
2357	9
2358	9
2359	9
2360	9
2361	9
2362	9
2363	9
2364	9
2365	9
2366	4
2367	7
2368	4
2369	7
2370	4
2371	4
2372	4
2373	4
2374	4
2375	4
2376	4
2377	4
2378	4
2379	4
2380	7
2381	4
2382	4
2383	4
2384	4
2385	4
2386	4
2387	4
2388	4
2389	4
2390	4
2391	4
2392	4
2393	4
2394	4
2395	4
2396	4
2397	4
2398	4
2399	4
2400	4
2401	4
2402	4
2403	4
2404	4
2405	4
2406	4
2407	4
2408	4
2409	4
2410	4
2411	4
2412	4
2413	4
2414	4
2415	2
2416	2
2417	2
2418	2
2419	8
2420	8
2421	8
2422	8
2423	8
2424	8
2425	2
2426	8
2427	8
2428	8
2429	8
2430	8
2431	8
2432	8
2433	8
2434	8
2435	2
2436	2
2437	8
2438	8
2439	8
2440	8
2441	8
2442	8
2443	8
2444	2
2445	8
2446	8
2447	8
2448	8
2449	8
2450	8
2451	8
2452	8
2453	8
2454	2
2455	2
2456	2
2457	8
2458	8
2459	8
2460	8
2461	8
2462	8
2463	8
2464	8
2465	8
2466	8
2467	8
2468	8
2469	8
2470	8
2471	8
2472	8
2473	8
2474	8
2475	8
2476	8
2477	8
2478	8
2479	8
2480	8
2481	8
2482	8
2483	8
2484	8
2485	2
2486	2
2487	2
2488	8
2489	8
2490	2
2491	8
2492	8
2493	8
2494	2
2495	8
2496	8
2497	8
2498	8
2499	8
2500	8
2501	2
2502	2
2503	2
2504	2
2505	2
2506	2
2507	2
2508	8
2509	8
2510	8
2511	8
2512	8
2513	8
2514	8
2515	8
2516	8
2517	8
2518	8
2519	8
2520	8
2521	8
2522	8
2523	8
2524	8
2525	8
2526	8
2527	8
2528	8
2529	8
2530	8
2531	8
2532	8
2533	8
2534	8
2535	8
2536	8
2537	8
2538	8
2539	8
2540	8
2541	8
2542	8
2543	8
2544	8
2545	8
2546	8
2547	8
2548	8
2549	8
2550	8
2551	8
2552	8
2553	8
2554	8
2555	8
2556	8
2557	8
2558	2
2559	2
2560	8
2561	8
2562	8
2563	8
2564	8
2565	8
2566	8
2567	8
2568	8
2569	8
2570	8
2571	8
2572	8
2573	8
2574	8
2575	8
2576	8
2577	8
2578	8
2579	8
2580	8
2581	8
2582	8
2583	8
2584	8
2585	8
2586	8
2587	8
2588	8
2589	8
2590	8
2591	8
2592	8
2593	8
2594	2
2595	2
2596	2
2597	2
2598	2
2599	2
2600	8
2601	8
2602	8
2603	8
2604	8
2605	8
2606	10
2607	10
2608	10
2609	10
2610	10
2611	10
2612	10
2613	10
2614	10
2615	10
2616	10
2617	10
2618	10
2619	10
2620	10
2621	10
2622	10
2623	10
2624	10
2625	10
2626	10
2627	10
2628	10
2629	10
2630	10
2631	10
2632	10
2633	10
2634	10
2635	10
2636	10
2637	10
2638	10
2639	10
2640	11
2641	11
2642	11
2643	11
2644	11
2645	11
2646	11
2647	11
2648	11
2649	11
2650	11
2651	11
2652	11
2653	11
2654	11
2655	11
2656	11
2657	11
2658	11
2659	11
2660	11
2661	11
2662	11
2663	11
2664	11
2665	11
2666	11
2667	11
2668	11
2669	11
2670	11
2671	11
2672	11
2673	11
2674	11
2675	11
2676	11
2677	11
2678	11
2679	11
2680	11
2681	11
2682	11
2683	11
2684	11
2685	11
2686	11
2687	11
2688	6
2689	6
2690	6
2691	6
315	12
1657	4
