0	2
1	2
2	2
3	2
4	2
5	2
6	2
7	9
8	9
9	9
10	9
11	4
12	4
13	4
14	4
15	4
16	4
17	4
18	3
19	3
20	3
21	7
22	7
23	7
24	7
25	7
26	7
27	7
28	7
29	3
30	3
31	3
32	3
33	3
34	3
35	3
36	3
37	3
38	3
39	3
40	3
41	3
42	3
43	3
44	3
45	3
46	3
47	3
48	3
49	3
50	3
51	3
52	3
53	8
54	8
55	8
56	8
57	8
58	3
59	3
60	3
61	3
62	3
63	3
64	3
65	8
66	8
67	8
68	8
69	8
70	8
71	7
72	7
73	7
74	7
75	3
76	3
77	3
78	3
79	3
80	3
81	3
82	3
83	11
84	11
85	11
86	11
87	11
88	11
89	11
90	11
91	11
92	11
93	11
94	11
95	11
96	4
97	4
98	4
99	4
100	4
101	9
102	9
103	4
104	9
105	4
106	4
107	4
108	4
109	4
110	4
111	4
112	4
113	4
114	9
115	9
116	4
117	4
118	4
119	4
120	4
121	4
122	4
123	9
124	4
125	4
126	4
127	4
128	4
129	12
130	13
131	13
132	13
133	12
134	13
135	13
136	13
137	13
138	12
139	13
140	13
141	13
142	12
143	13
144	13
145	12
146	13
147	12
148	12
149	12
150	12
151	12
152	12
153	12
154	13
155	13
156	13
157	13
158	13
159	12
160	12
161	12
162	12
163	12
164	12
165	13
166	12
167	12
168	12
169	12
170	12
171	12
172	12
173	12
174	12
175	12
176	12
177	12
178	12
179	12
180	12
181	12
182	12
183	2
184	2
185	2
186	2
187	2
188	2
189	2
190	2
191	2
192	2
193	2
194	2
195	2
196	2
197	2
198	2
199	2
200	2
201	2
202	2
203	2
204	2
205	2
206	2
207	2
208	7
209	7
210	7
211	7
212	7
213	7
214	7
215	7
216	7
217	7
218	7
219	7
220	7
221	7
222	7
223	7
224	7
225	7
226	7
227	7
228	7
229	7
230	7
231	7
232	7
233	7
234	7
235	7
236	7
237	7
238	7
239	7
240	7
241	7
242	7
243	7
244	7
245	7
246	7
247	7
248	2
249	2
250	2
251	2
252	2
253	2
254	2
255	2
256	2
257	2
258	2
259	2
260	2
261	1
262	1
263	1
264	1
265	1
266	1
267	1
268	7
269	7
270	12
271	1
272	1
273	1
274	1
275	1
276	1
277	1
278	7
279	7
280	7
281	7
282	7
283	7
284	7
285	12
286	7
287	7
288	7
289	12
290	7
291	7
292	7
293	7
294	12
295	7
296	12
297	12
298	7
299	7
300	12
301	12
302	2
303	2
304	2
305	2
306	13
307	13
308	13
309	8
310	8
311	8
312	13
313	13
314	13
316	4
317	4
318	4
319	4
320	4
321	4
322	4
323	4
324	4
325	4
326	4
327	4
328	4
329	4
330	4
331	13
332	13
333	13
334	13
335	13
336	8
337	4
338	4
339	4
340	13
341	13
342	13
343	13
344	13
345	13
346	13
347	13
348	13
349	13
350	13
351	13
352	13
353	13
354	13
355	13
356	12
357	12
358	8
359	12
360	12
361	12
362	12
363	12
364	12
365	8
366	12
367	8
368	8
369	13
370	13
371	13
372	13
373	8
374	13
375	13
376	13
377	13
378	13
379	13
380	13
381	13
382	13
383	13
384	13
385	13
386	13
387	13
388	13
389	4
390	4
391	4
392	4
393	4
394	13
395	13
396	13
397	8
398	4
399	4
400	4
401	4
402	4
403	7
404	7
405	7
406	7
407	7
408	7
409	3
410	3
411	3
412	3
413	3
414	3
415	3
416	3
417	3
418	3
419	3
420	3
421	3
422	3
423	3
424	3
425	12
426	12
427	12
428	12
429	12
430	12
431	12
432	12
433	3
434	3
435	3
436	3
437	3
438	3
439	3
440	3
441	3
442	3
443	3
444	3
445	3
446	12
447	12
448	12
449	12
450	12
451	3
452	3
453	3
454	12
455	12
456	12
457	3
458	3
459	3
460	3
461	3
462	3
463	12
464	12
465	12
466	12
467	12
468	12
469	12
470	12
471	12
472	12
473	3
474	3
475	1
476	1
477	12
478	12
479	12
480	12
481	12
482	12
483	12
484	7
485	7
486	12
487	12
488	12
489	1
490	1
491	1
492	1
493	1
494	1
495	12
496	12
497	12
498	7
499	12
500	12
501	12
502	7
503	12
504	12
505	12
506	7
507	7
508	7
509	7
510	7
511	7
512	7
513	7
514	7
515	7
516	7
517	7
518	7
519	7
520	7
521	7
522	11
523	11
524	11
525	11
526	2
527	2
528	11
529	11
530	11
531	11
532	11
533	11
534	11
535	11
536	11
537	11
538	2
539	2
540	2
541	2
542	2
543	2
544	2
545	2
546	2
547	2
548	2
549	2
550	2
551	2
552	2
553	2
554	2
555	2
556	2
557	2
558	2
559	7
560	7
561	7
562	7
563	7
564	7
565	2
566	2
567	2
568	2
569	2
570	11
571	11
572	11
573	11
574	11
575	11
576	11
577	11
578	11
579	11
580	11
581	2
582	2
583	2
584	2
585	2
586	2
587	7
588	7
589	7
590	7
591	7
592	7
593	7
594	7
595	7
596	7
597	7
598	7
599	7
600	7
601	7
602	7
603	2
604	2
605	2
606	2
607	2
608	2
609	2
610	2
611	2
612	2
613	2
614	2
615	2
616	2
617	7
618	7
619	7
620	7
621	7
622	7
623	7
624	7
625	7
626	7
627	7
628	7
629	7
630	7
631	7
632	7
633	7
634	7
635	7
636	7
637	7
638	7
639	2
640	2
641	2
642	2
643	2
644	2
645	2
646	2
647	2
648	2
649	2
650	2
651	2
652	2
653	2
654	2
655	2
656	2
657	1
658	1
659	1
660	1
661	10
662	10
663	10
664	10
665	10
666	10
667	10
668	10
669	10
670	12
671	12
672	12
673	12
674	12
675	13
676	12
677	12
678	12
679	12
680	10
681	10
682	10
683	10
684	10
685	10
686	10
687	10
688	10
689	10
690	10
691	10
692	10
693	10
694	10
695	10
696	10
697	12
698	12
699	13
700	13
701	12
702	13
703	13
704	12
705	12
706	12
707	13
708	12
709	12
710	12
711	12
712	12
713	13
714	10
715	10
716	1
717	1
718	12
719	12
720	12
721	1
722	1
723	1
724	1
725	1
726	1
727	1
728	1
729	1
730	1
731	1
732	3
733	3
734	3
735	3
736	3
737	1
738	1
739	1
740	1
741	1
742	1
743	1
744	1
745	3
746	3
747	3
748	3
749	3
750	3
751	3
752	3
753	3
754	3
755	3
756	3
757	3
758	3
759	3
760	3
761	3
762	3
763	3
764	3
765	3
766	1
767	1
768	1
769	1
770	3
771	3
772	1
773	1
774	1
775	1
776	1
777	1
778	1
779	1
780	1
781	1
782	1
783	1
784	1
785	13
786	1
787	1
788	1
789	1
790	1
791	13
792	13
793	13
794	13
795	13
796	13
797	13
798	13
799	13
800	13
801	1
802	1
803	1
804	1
805	13
806	13
807	13
808	1
809	1
810	1
811	6
812	6
813	6
814	6
815	6
816	6
817	6
818	6
819	6
820	6
821	6
822	6
823	6
824	6
825	6
826	6
827	6
828	8
829	6
830	6
831	6
832	6
833	8
834	6
835	6
836	6
837	6
838	6
839	8
840	6
841	6
842	6
843	6
844	6
845	6
846	6
847	6
848	6
849	6
850	6
851	6
852	6
853	6
854	6
855	6
856	6
857	6
858	2
859	2
860	2
861	2
862	2
863	2
864	2
865	2
866	2
867	2
868	2
869	2
870	2
871	6
872	6
873	6
874	6
875	6
876	6
877	6
878	6
879	6
880	6
881	6
882	6
883	6
884	6
885	6
886	6
887	6
888	6
889	6
890	6
891	6
892	6
893	6
894	6
895	6
896	6
897	6
898	6
899	6
900	6
901	6
902	6
903	6
904	6
905	6
906	8
907	6
908	6
909	6
910	6
911	6
912	6
913	6
914	6
915	6
916	8
917	6
918	6
919	6
920	6
921	6
922	6
923	6
924	6
925	6
926	6
927	6
928	6
929	6
930	6
931	6
932	6
933	6
934	6
935	6
936	6
937	6
938	6
939	6
940	6
941	6
942	6
943	6
944	6
945	6
946	6
947	6
948	6
949	6
950	6
951	6
952	6
953	6
954	6
955	6
956	6
957	6
958	6
959	6
960	6
961	6
962	6
963	6
964	6
965	6
966	6
967	6
968	6
969	6
970	8
971	6
972	6
973	6
974	6
975	6
976	6
977	6
978	6
979	6
980	6
981	6
982	4
983	6
984	4
985	12
986	12
987	12
988	12
989	12
990	12
991	12
992	12
993	12
994	12
995	12
996	12
997	12
998	12
999	12
1000	12
1001	12
1002	12
1003	12
1004	12
1005	12
1006	12
1007	4
1008	4
1009	12
1010	4
1011	6
1012	4
1013	4
1014	4
1015	4
1016	4
1017	4
1018	4
1019	6
1020	4
1021	4
1022	4
1023	4
1024	4
1025	4
1026	4
1027	4
1028	6
1029	6
1030	4
1031	6
1032	4
1033	6
1034	4
1035	4
1036	4
1037	4
1038	4
1039	4
1040	4
1041	4
1042	4
1043	4
1044	6
1045	6
1046	4
1047	4
1048	4
1049	6
1050	4
1051	4
1052	4
1053	4
1054	4
1055	4
1056	4
1057	4
1058	4
1059	4
1060	4
1061	4
1062	6
1063	4
1064	4
1065	4
1066	4
1067	4
1068	4
1069	4
1070	4
1071	6
1072	4
1073	4
1074	4
1075	2
1076	2
1077	2
1078	2
1079	2
1080	2
1081	2
1082	2
1083	2
1084	2
1085	2
1086	2
1087	1
1088	1
1089	1
1090	1
1091	1
1092	1
1093	1
1094	7
1095	7
1096	7
1097	7
1098	7
1099	7
1100	7
1101	7
1102	7
1103	7
1104	7
1105	7
1106	7
1107	8
1108	8
1109	8
1110	8
1111	8
1112	8
1113	8
1114	8
1115	8
1116	8
1117	8
1118	8
1119	8
1120	8
1121	8
1122	8
1123	8
1124	8
1125	8
1126	8
1127	8
1128	8
1129	8
1130	8
1131	8
1132	8
1133	8
1134	8
1135	8
1136	8
1137	8
1138	8
1139	8
1140	8
1141	8
1142	8
1143	8
1144	8
1145	8
1146	8
1147	8
1148	8
1149	8
1150	8
1151	8
1152	8
1153	8
1154	13
1155	13
1156	13
1157	13
1158	13
1159	13
1160	13
1161	13
1162	13
1163	13
1164	13
1165	13
1166	13
1167	13
1168	13
1169	4
1170	4
1171	4
1172	6
1173	4
1174	4
1175	4
1176	4
1177	6
1178	6
1179	6
1180	4
1181	6
1182	6
1183	4
1184	4
1185	4
1186	4
1187	4
1188	4
1189	4
1190	4
1191	4
1192	4
1193	4
1194	4
1195	4
1196	4
1197	6
1198	4
1199	6
1200	6
1201	6
1202	6
1203	6
1204	6
1205	6
1206	6
1207	6
1208	6
1209	6
1210	6
1211	6
1212	6
1213	6
1214	6
1215	6
1216	6
1217	6
1218	6
1219	6
1220	6
1221	6
1222	6
1223	6
1224	6
1225	6
1226	6
1227	6
1228	6
1229	6
1230	6
1231	6
1232	6
1233	6
1234	6
1235	6
1236	6
1237	6
1238	6
1239	6
1240	7
1241	12
1242	12
1243	7
1244	12
1245	12
1246	12
1247	12
1248	7
1249	7
1250	7
1251	7
1252	7
1253	3
1254	3
1255	3
1256	3
1257	3
1258	7
1259	7
1260	7
1261	7
1262	12
1263	12
1264	3
1265	3
1266	3
1267	3
1268	3
1269	3
1270	3
1271	3
1272	3
1273	3
1274	3
1275	3
1276	3
1277	3
1278	13
1279	13
1280	13
1281	7
1282	12
1283	12
1284	3
1285	3
1286	3
1287	3
1288	13
1289	13
1290	13
1291	13
1292	13
1293	13
1294	13
1295	13
1296	13
1297	13
1298	13
1299	13
1300	13
1301	13
1302	13
1303	3
1304	3
1305	3
1306	3
1307	3
1308	3
1309	3
1310	3
1311	3
1312	3
1313	3
1314	8
1315	8
1316	8
1317	8
1318	8
1319	8
1320	8
1321	8
1322	8
1323	8
1324	8
1325	8
1326	8
1327	8
1328	8
1329	8
1330	8
1331	8
1332	8
1333	8
1334	8
1335	8
1336	8
1337	8
1338	8
1339	8
1340	8
1341	8
1342	8
1343	8
1344	8
1345	8
1346	3
1347	3
1348	3
1349	2
1350	3
1351	3
1352	2
1353	3
1354	3
1355	3
1356	3
1357	3
1358	2
1359	2
1360	3
1361	3
1362	3
1363	8
1364	8
1365	8
1366	8
1367	8
1368	8
1369	8
1370	8
1371	8
1372	8
1373	8
1374	8
1375	8
1376	8
1377	8
1378	8
1379	8
1380	8
1381	13
1382	13
1383	13
1384	13
1385	13
1386	13
1387	13
1388	13
1389	13
1390	13
1391	13
1392	13
1393	13
1394	13
1395	13
1396	13
1397	3
1398	3
1399	3
1400	3
1401	3
1402	3
1403	3
1404	3
1405	3
1406	3
1407	3
1408	3
1409	3
1410	3
1411	3
1412	3
1413	3
1414	3
1415	3
1416	3
1417	3
1418	3
1419	3
1420	3
1421	3
1422	3
1423	3
1424	3
1425	3
1426	3
1427	3
1428	11
1429	11
1430	11
1431	11
1432	11
1433	11
1434	11
1435	11
1436	11
1437	11
1438	11
1439	11
1440	11
1441	4
1442	4
1443	4
1444	4
1445	4
1446	4
1447	4
1448	4
1449	4
1450	4
1451	4
1452	4
1453	4
1454	4
1455	11
1456	11
1457	11
1458	11
1459	11
1460	11
1461	11
1462	11
1463	11
1464	11
1465	7
1466	7
1467	7
1468	7
1469	7
1470	7
1471	7
1472	7
1473	7
1474	7
1475	7
1476	7
1477	7
1478	7
1479	7
1480	7
1481	7
1482	7
1483	7
1484	7
1485	7
1486	7
1487	7
1488	7
1489	4
1490	4
1491	4
1492	4
1493	4
1494	4
1495	4
1496	4
1497	4
1498	4
1499	4
1500	4
1501	10
1502	2
1503	2
1504	10
1505	2
1506	10
1507	2
1508	2
1509	2
1510	10
1511	10
1512	2
1513	10
1514	10
1515	10
1516	2
1517	2
1518	2
1519	10
1520	10
1521	10
1522	10
1523	2
1524	2
1525	2
1526	2
1527	10
1528	10
1529	1
1530	1
1531	1
1532	1
1533	1
1534	1
1535	1
1536	1
1537	1
1538	1
1539	1
1540	1
1541	1
1542	1
1543	1
1544	1
1545	1
1546	1
1547	1
1548	12
1549	1
1550	1
1551	1
1552	11
1553	8
1554	8
1555	8
1556	8
1557	8
1558	8
1559	8
1560	8
1561	8
1562	8
1563	8
1564	8
1565	8
1566	8
1567	11
1568	8
1569	8
1570	8
1571	8
1572	8
1573	8
1574	8
1575	8
1576	4
1577	4
1578	4
1579	4
1580	4
1581	4
1582	4
1583	4
1584	4
1585	4
1586	4
1587	4
1588	4
1589	4
1590	4
1591	4
1592	4
1593	3
1594	3
1595	3
1596	3
1597	3
1598	3
1599	3
1600	3
1601	3
1602	11
1603	11
1604	11
1605	11
1606	11
1607	11
1608	11
1609	11
1610	11
1611	11
1612	11
1613	11
1614	11
1615	11
1616	11
1617	11
1618	7
1619	7
1620	7
1621	7
1622	7
1623	7
1624	7
1625	7
1626	7
1627	7
1628	7
1629	4
1630	4
1631	4
1632	4
1633	4
1634	4
1635	4
1636	4
1637	4
1638	4
1639	4
1640	4
1641	4
1642	4
1643	4
1644	7
1645	7
1646	7
1647	7
1648	7
1649	4
1650	4
1651	4
1652	4
1653	4
1654	4
1655	4
1656	4
1658	4
1659	4
1660	4
1661	4
1662	4
1663	4
1664	4
1665	4
1666	4
1667	4
1668	4
1669	4
1670	4
1671	4
1672	4
1673	7
1674	4
1675	4
1676	4
1677	7
1678	12
1679	12
1680	12
1681	12
1682	12
1683	12
1684	12
1685	3
1686	3
1687	3
1688	3
1689	3
1690	3
1691	3
1692	3
1693	3
1694	3
1695	3
1696	3
1697	3
1698	3
1699	3
1700	3
1701	3
1702	3
1703	9
1704	9
1705	3
1706	3
1707	3
1708	3
1709	3
1710	3
1711	3
1712	3
1713	7
1714	7
1715	7
1716	7
1717	7
1718	7
1719	7
1720	7
1721	7
1722	7
1723	7
1724	7
1725	3
1726	3
1727	3
1728	7
1729	3
1730	3
1731	3
1732	3
1733	3
1734	3
1735	3
1736	3
1737	3
1738	3
1739	3
1740	3
1741	3
1742	10
1743	10
1744	10
1745	10
1746	10
1747	10
1748	10
1749	10
1750	10
1751	10
1752	10
1753	10
1754	10
1755	10
1756	10
1757	7
1758	7
1759	7
1760	7
1761	10
1762	10
1763	10
1764	10
1765	10
1766	10
1767	10
1768	10
1769	10
1770	10
1771	10
1772	10
1773	10
1774	7
1775	7
1776	7
1777	7
1778	7
1779	7
1780	7
1781	7
1782	7
1783	7
1784	7
1785	7
1786	7
1787	10
1788	10
1789	10
1790	10
1791	10
1792	10
1793	10
1794	10
1795	7
1796	7
1797	7
1798	7
1799	10
1800	10
1801	10
1802	10
1803	10
1804	10
1805	10
1806	10
1807	10
1808	10
1809	9
1810	9
1811	9
1812	9
1813	9
1814	9
1815	9
1816	9
1817	9
1818	9
1819	9
1820	9
1821	9
1822	9
1823	9
1824	9
1825	9
1826	9
1827	9
1828	9
1829	9
1830	7
1831	7
1832	7
1833	7
1834	7
1835	9
1836	9
1837	7
1838	9
1839	9
1840	8
1841	8
1842	8
1843	8
1844	8
1845	9
1846	9
1847	9
1848	9
1849	9
1850	9
1851	9
1852	9
1853	9
1854	9
1855	9
1856	9
1857	7
1858	7
1859	7
1860	7
1861	7
1862	7
1863	9
1864	9
1865	9
1866	9
1867	9
1868	9
1869	9
1870	9
1871	9
1872	1
1873	1
1874	1
1875	1
1876	1
1877	1
1878	1
1879	1
1880	12
1881	1
1882	1
1883	12
1884	1
1885	12
1886	1
1887	1
1888	1
1889	12
1890	1
1891	1
1892	12
1893	1
1894	1
1895	2
1896	2
1897	2
1898	13
1899	8
1900	8
1901	8
1902	13
1903	8
1904	2
1905	2
1906	2
1907	2
1908	2
1909	2
1910	2
1911	2
1912	2
1913	2
1914	2
1915	2
1916	8
1917	8
1918	8
1919	8
1920	8
1921	13
1922	8
1923	8
1924	2
1925	2
1926	2
1927	2
1928	2
1929	2
1930	2
1931	2
1932	2
1933	2
1934	2
1935	2
1936	2
1937	2
1938	2
1939	2
1940	2
1941	2
1942	2
1943	2
1944	2
1945	2
1946	2
1947	2
1948	2
1949	2
1950	2
1951	2
1952	2
1953	2
1954	2
1955	2
1956	2
1957	2
1958	2
1959	2
1960	2
1961	2
1962	2
1963	2
1964	2
1965	2
1966	2
1967	2
1968	2
1969	2
1970	2
1971	2
1972	2
1973	2
1974	2
1975	2
1976	12
1977	12
1978	12
1979	12
1980	12
1981	12
1982	12
1983	12
1984	12
1985	12
1986	12
1987	12
1988	12
1989	12
1990	12
1991	12
1992	12
1993	12
1994	12
1995	12
1996	12
1997	12
1998	12
1999	12
2000	12
2001	12
2002	12
2003	12
2004	12
2005	12
2006	12
2007	12
2008	12
2009	12
2010	12
2011	12
2012	12
2013	12
2014	12
2015	12
2016	11
2017	1
2018	1
2019	1
2020	1
2021	1
2022	1
2023	1
2024	1
2025	1
2026	1
2027	1
2028	1
2029	1
2030	1
2031	1
2032	1
2033	1
2034	1
2035	1
2036	1
2037	1
2038	1
2039	1
2040	1
2041	1
2042	1
2043	1
2044	1
2045	1
2046	1
2047	1
2048	1
2049	1
2050	1
2051	1
2052	1
2053	1
2054	1
2055	1
2056	1
2057	1
2058	11
2059	11
2060	11
2061	11
2062	11
2063	11
2064	11
2065	11
2066	11
2067	11
2068	7
2069	1
2070	1
2071	7
2072	7
2073	7
2074	7
2075	1
2076	7
2077	7
2078	7
2079	7
2080	7
2081	1
2082	7
2083	7
2084	1
2085	1
2086	1
2087	7
2088	7
2089	4
2090	4
2091	4
2092	4
2093	4
2094	4
2095	4
2096	2
2097	2
2098	2
2099	2
2100	2
2101	2
2102	2
2103	2
2104	2
2105	2
2106	2
2107	2
2108	2
2109	2
2110	2
2111	2
2112	2
2113	9
2114	9
2115	9
2116	9
2117	9
2118	10
2119	10
2120	9
2121	9
2122	9
2123	10
2124	1
2125	9
2126	9
2127	9
2128	9
2129	9
2130	9
2131	10
2132	10
2133	10
2134	10
2135	10
2136	10
2137	10
2138	10
2139	9
2140	9
2141	9
2142	10
2143	9
2144	10
2145	9
2146	10
2147	10
2148	9
2149	9
2150	9
2151	9
2152	9
2153	9
2154	10
2155	10
2156	10
2157	10
2158	9
2159	9
2160	9
2161	9
2162	9
2163	9
2164	9
2165	9
2166	10
2167	9
2168	9
2169	10
2170	10
2171	10
2172	10
2173	9
2174	10
2175	10
2176	10
2177	10
2178	9
2179	9
2180	9
2181	9
2182	9
2183	9
2184	9
2185	9
2186	9
2187	9
2188	10
2189	9
2190	9
2191	9
2192	9
2193	9
2194	10
2195	10
2196	10
2197	10
2198	10
2199	10
2200	9
2201	9
2202	10
2203	10
2204	9
2205	9
2206	9
2207	9
2208	9
2209	9
2210	9
2211	10
2212	10
2213	9
2214	9
2215	10
2216	10
2217	9
2218	10
2219	10
2220	10
2221	9
2222	9
2223	10
2224	9
2225	10
2226	10
2227	9
2228	9
2229	9
2230	9
2231	9
2232	9
2233	10
2234	10
2235	10
2236	10
2237	10
2238	10
2239	9
2240	9
2241	9
2242	10
2243	10
2244	10
2245	10
2246	9
2247	9
2248	9
2249	9
2250	9
2251	9
2252	10
2253	10
2254	10
2255	10
2256	9
2257	10
2258	9
2259	9
2260	9
2261	9
2262	9
2263	9
2264	9
2265	9
2266	9
2267	9
2268	9
2269	10
2270	10
2271	10
2272	10
2273	10
2274	10
2275	9
2276	9
2277	10
2278	9
2279	9
2280	10
2281	10
2282	9
2283	9
2284	1
2285	1
2286	10
2287	10
2288	10
2289	10
2290	10
2291	10
2292	10
2293	9
2294	9
2295	9
2296	9
2297	9
2298	10
2299	10
2300	10
2301	10
2302	10
2303	9
2304	9
2305	10
2306	10
2307	10
2308	10
2309	1
2310	1
2311	1
2312	8
2313	8
2314	8
2315	8
2316	8
2317	8
2318	8
2319	8
2320	8
2321	8
2322	8
2323	8
2324	8
2325	8
2326	8
2327	8
2328	8
2329	8
2330	2
2331	2
2332	2
2333	2
2334	2
2335	2
2336	2
2337	2
2338	2
2339	2
2340	2
2341	2
2342	2
2343	2
2344	2
2345	2
2346	6
2347	6
2348	6
2349	6
2350	6
2351	6
2352	6
2353	6
2354	6
2355	6
2356	6
2357	6
2358	6
2359	6
2360	6
2361	6
2362	6
2363	6
2364	6
2365	6
2366	11
2367	11
2368	11
2369	11
2370	11
2371	11
2372	11
2373	11
2374	11
2375	11
2376	11
2377	11
2378	11
2379	11
2380	11
2381	11
2382	11
2383	11
2384	11
2385	11
2386	11
2387	11
2388	11
2389	11
2390	11
2391	11
2392	11
2393	11
2394	11
2395	11
2396	11
2397	11
2398	11
2399	11
2400	11
2401	11
2402	11
2403	11
2404	11
2405	11
2406	11
2407	11
2408	11
2409	11
2410	11
2411	11
2412	11
2413	11
2414	11
2415	5
2416	5
2417	5
2418	5
2419	13
2420	13
2421	5
2422	5
2423	5
2424	5
2425	5
2426	5
2427	13
2428	13
2429	13
2430	13
2431	5
2432	5
2433	5
2434	5
2435	5
2436	5
2437	5
2438	5
2439	5
2440	5
2441	5
2442	5
2443	5
2444	5
2445	5
2446	5
2447	5
2448	5
2449	5
2450	5
2451	5
2452	5
2453	5
2454	5
2455	5
2456	5
2457	5
2458	5
2459	5
2460	5
2461	5
2462	5
2463	5
2464	5
2465	5
2466	5
2467	5
2468	5
2469	5
2470	5
2471	5
2472	5
2473	5
2474	5
2475	5
2476	5
2477	5
2478	5
2479	5
2480	5
2481	5
2482	5
2483	5
2484	5
2485	5
2486	5
2487	5
2488	5
2489	5
2490	5
2491	5
2492	5
2493	5
2494	5
2495	5
2496	13
2497	13
2498	5
2499	5
2500	5
2501	5
2502	5
2503	5
2504	5
2505	5
2506	5
2507	5
2508	5
2509	13
2510	5
2511	5
2512	5
2513	5
2514	5
2515	5
2516	5
2517	5
2518	5
2519	5
2520	5
2521	5
2522	5
2523	5
2524	5
2525	13
2526	5
2527	5
2528	5
2529	5
2530	13
2531	13
2532	13
2533	13
2534	5
2535	13
2536	13
2537	13
2538	5
2539	5
2540	13
2541	5
2542	5
2543	5
2544	5
2545	5
2546	5
2547	5
2548	5
2549	5
2550	5
2551	5
2552	13
2553	13
2554	5
2555	5
2556	5
2557	5
2558	5
2559	13
2560	5
2561	5
2562	5
2563	13
2564	5
2565	5
2566	5
2567	5
2568	13
2569	5
2570	5
2571	5
2572	5
2573	5
2574	5
2575	5
2576	5
2577	5
2578	5
2579	5
2580	5
2581	13
2582	5
2583	5
2584	5
2585	5
2586	5
2587	13
2588	13
2589	13
2590	13
2591	13
2592	13
2593	13
2594	5
2595	5
2596	5
2597	5
2598	5
2599	5
2600	5
2601	5
2602	5
2603	5
2604	5
2605	13
2606	1
2607	1
2608	1
2609	1
2610	1
2611	1
2612	1
2613	1
2614	1
2615	1
2616	1
2617	1
2618	1
2619	1
2620	1
2621	1
2622	1
2623	1
2624	1
2625	1
2626	1
2627	1
2628	1
2629	1
2630	1
2631	1
2632	1
2633	1
2634	1
2635	1
2636	1
2637	1
2638	1
2639	1
2640	11
2641	11
2642	11
2643	11
2644	11
2645	11
2646	11
2647	11
2648	11
2649	11
2650	11
2651	11
2652	11
2653	11
2654	11
2655	11
2656	11
2657	12
2658	12
2659	11
2660	11
2661	12
2662	12
2663	11
2664	11
2665	11
2666	11
2667	11
2668	11
2669	11
2670	12
2671	11
2672	11
2673	11
2674	12
2675	12
2676	11
2677	11
2678	12
2679	11
2680	11
2681	11
2682	11
2683	11
2684	11
2685	11
2686	11
2687	11
2688	2
2689	2
2690	2
2691	2
315	4
1657	4
