0	13
1	13
2	13
3	13
4	13
5	13
6	13
7	2
8	2
9	2
10	2
11	2
12	2
13	2
14	2
15	2
16	2
17	2
18	4
19	4
20	4
21	11
22	11
23	11
24	11
25	11
26	11
27	11
28	11
29	12
30	12
31	12
32	12
33	12
34	12
35	12
36	12
37	12
38	12
39	12
40	12
41	12
42	12
43	12
44	12
45	12
46	12
47	12
48	12
49	12
50	12
51	12
52	12
53	3
54	3
55	3
56	3
57	3
58	12
59	12
60	12
61	12
62	12
63	12
64	12
65	3
66	3
67	3
68	3
69	3
70	3
71	11
72	11
73	11
74	11
75	12
76	12
77	12
78	12
79	12
80	12
81	12
82	12
83	9
84	9
85	9
86	9
87	9
88	9
89	9
90	9
91	9
92	9
93	9
94	9
95	9
96	2
97	2
98	2
99	2
100	2
101	2
102	2
103	2
104	2
105	2
106	2
107	2
108	2
109	2
110	2
111	2
112	2
113	2
114	2
115	2
116	2
117	2
118	2
119	2
120	2
121	2
122	2
123	2
124	2
125	2
126	2
127	2
128	2
129	7
130	7
131	7
132	7
133	7
134	7
135	7
136	7
137	7
138	7
139	7
140	7
141	7
142	7
143	7
144	7
145	7
146	7
147	7
148	7
149	7
150	7
151	7
152	7
153	7
154	7
155	7
156	7
157	7
158	7
159	7
160	7
161	7
162	7
163	7
164	7
165	7
166	9
167	9
168	9
169	7
170	7
171	7
172	7
173	9
174	7
175	7
176	7
177	9
178	7
179	9
180	7
181	7
182	7
183	13
184	13
185	13
186	13
187	13
188	13
189	13
190	13
191	13
192	13
193	13
194	13
195	13
196	13
197	13
198	13
199	13
200	13
201	13
202	13
203	13
204	13
205	13
206	13
207	13
208	11
209	11
210	11
211	11
212	11
213	11
214	11
215	11
216	11
217	11
218	11
219	11
220	11
221	11
222	11
223	11
224	11
225	11
226	11
227	11
228	11
229	11
230	11
231	11
232	11
233	11
234	11
235	11
236	11
237	11
238	11
239	11
240	11
241	11
242	11
243	11
244	11
245	11
246	11
247	11
248	13
249	13
250	13
251	13
252	13
253	13
254	13
255	13
256	13
257	13
258	13
259	13
260	13
261	1
262	1
263	1
264	1
265	1
266	1
267	1
268	1
269	1
270	1
271	1
272	1
273	1
274	1
275	1
276	1
277	1
278	1
279	1
280	1
281	1
282	1
283	1
284	1
285	1
286	1
287	1
288	1
289	1
290	1
291	1
292	1
293	1
294	1
295	1
296	1
297	1
298	1
299	1
300	1
301	1
302	13
303	13
304	13
305	13
306	5
307	3
308	3
309	5
310	5
311	5
312	3
313	3
314	5
316	12
317	12
318	12
319	12
320	12
321	12
322	12
323	12
324	12
325	12
326	12
327	12
328	12
329	12
330	12
331	3
332	3
333	3
334	3
335	3
336	5
337	12
338	12
339	12
340	3
341	3
342	3
343	3
344	3
345	3
346	3
347	5
348	3
349	3
350	5
351	3
352	3
353	5
354	3
355	3
356	9
357	9
358	9
359	9
360	9
361	9
362	9
363	9
364	9
365	9
366	9
367	9
368	9
369	5
370	3
371	3
372	5
373	5
374	5
375	3
376	5
377	3
378	3
379	3
380	3
381	3
382	3
383	3
384	3
385	3
386	3
387	5
388	5
389	12
390	12
391	12
392	12
393	12
394	3
395	3
396	3
397	5
398	12
399	12
400	12
401	12
402	12
403	11
404	11
405	11
406	11
407	11
408	11
409	4
410	4
411	4
412	4
413	4
414	4
415	4
416	4
417	4
418	4
419	4
420	4
421	4
422	4
423	4
424	4
425	9
426	7
427	7
428	7
429	9
430	9
431	9
432	9
433	4
434	4
435	4
436	4
437	4
438	4
439	4
440	4
441	4
442	4
443	4
444	4
445	4
446	9
447	9
448	7
449	7
450	7
451	4
452	4
453	4
454	7
455	7
456	9
457	4
458	4
459	4
460	4
461	4
462	4
463	9
464	9
465	9
466	9
467	9
468	9
469	7
470	9
471	7
472	7
473	4
474	4
475	1
476	1
477	7
478	7
479	7
480	7
481	7
482	7
483	7
484	11
485	11
486	7
487	7
488	7
489	1
490	1
491	1
492	1
493	1
494	1
495	7
496	7
497	7
498	11
499	7
500	7
501	7
502	11
503	7
504	7
505	7
506	11
507	11
508	11
509	11
510	11
511	11
512	11
513	11
514	11
515	11
516	11
517	11
518	11
519	11
520	11
521	11
522	2
523	2
524	2
525	8
526	13
527	13
528	8
529	8
530	8
531	8
532	8
533	2
534	8
535	8
536	8
537	8
538	13
539	13
540	13
541	13
542	13
543	13
544	13
545	13
546	13
547	13
548	13
549	13
550	13
551	13
552	13
553	13
554	13
555	13
556	13
557	13
558	13
559	11
560	11
561	11
562	11
563	11
564	11
565	13
566	13
567	13
568	13
569	13
570	8
571	8
572	8
573	8
574	8
575	8
576	8
577	8
578	8
579	8
580	8
581	13
582	13
583	13
584	13
585	13
586	13
587	11
588	11
589	11
590	11
591	11
592	11
593	11
594	11
595	11
596	1
597	11
598	11
599	11
600	11
601	11
602	11
603	13
604	13
605	13
606	13
607	13
608	13
609	13
610	13
611	13
612	13
613	13
614	13
615	13
616	13
617	11
618	11
619	11
620	1
621	1
622	1
623	1
624	1
625	11
626	1
627	1
628	11
629	11
630	11
631	11
632	11
633	11
634	1
635	11
636	11
637	11
638	1
639	13
640	13
641	13
642	13
643	13
644	13
645	13
646	13
647	13
648	13
649	13
650	13
651	13
652	13
653	13
654	13
655	13
656	13
657	1
658	1
659	1
660	1
661	4
662	4
663	4
664	4
665	4
666	4
667	4
668	4
669	4
670	7
671	7
672	7
673	7
674	7
675	7
676	7
677	7
678	7
679	7
680	4
681	4
682	4
683	4
684	4
685	4
686	4
687	4
688	4
689	4
690	4
691	4
692	4
693	4
694	4
695	4
696	4
697	7
698	7
699	7
700	7
701	7
702	7
703	7
704	7
705	7
706	7
707	7
708	7
709	7
710	7
711	7
712	7
713	7
714	4
715	4
716	1
717	1
718	7
719	7
720	7
721	1
722	1
723	1
724	1
725	1
726	1
727	1
728	1
729	1
730	1
731	1
732	12
733	12
734	12
735	12
736	12
737	7
738	7
739	7
740	7
741	7
742	7
743	1
744	1
745	12
746	12
747	12
748	12
749	12
750	12
751	12
752	12
753	12
754	12
755	12
756	12
757	12
758	12
759	12
760	12
761	12
762	12
763	12
764	12
765	12
766	1
767	7
768	1
769	7
770	12
771	12
772	1
773	1
774	1
775	7
776	1
777	1
778	7
779	7
780	1
781	1
782	1
783	7
784	7
785	11
786	1
787	1
788	1
789	1
790	1
791	11
792	11
793	11
794	11
795	11
796	11
797	11
798	11
799	11
800	11
801	1
802	1
803	1
804	1
805	11
806	11
807	11
808	1
809	1
810	1
811	5
812	5
813	3
814	5
815	5
816	3
817	5
818	5
819	5
820	5
821	5
822	5
823	5
824	3
825	3
826	3
827	5
828	5
829	5
830	5
831	5
832	3
833	3
834	5
835	5
836	5
837	5
838	5
839	3
840	5
841	3
842	5
843	5
844	5
845	3
846	5
847	5
848	5
849	5
850	5
851	5
852	5
853	5
854	5
855	3
856	5
857	5
858	13
859	13
860	13
861	13
862	13
863	13
864	13
865	13
866	13
867	13
868	13
869	13
870	13
871	5
872	5
873	3
874	3
875	5
876	5
877	3
878	3
879	3
880	5
881	5
882	5
883	5
884	3
885	5
886	5
887	5
888	5
889	3
890	3
891	5
892	5
893	5
894	5
895	5
896	5
897	3
898	5
899	5
900	5
901	5
902	5
903	5
904	5
905	5
906	3
907	5
908	5
909	3
910	5
911	5
912	5
913	5
914	5
915	5
916	3
917	5
918	3
919	3
920	5
921	5
922	5
923	5
924	5
925	5
926	3
927	5
928	5
929	3
930	5
931	5
932	5
933	5
934	5
935	5
936	5
937	3
938	3
939	5
940	5
941	3
942	5
943	5
944	5
945	5
946	3
947	5
948	5
949	5
950	5
951	5
952	5
953	5
954	5
955	5
956	5
957	5
958	5
959	3
960	5
961	5
962	5
963	5
964	5
965	5
966	5
967	5
968	5
969	5
970	3
971	3
972	5
973	5
974	5
975	5
976	5
977	5
978	5
979	5
980	5
981	5
982	12
983	12
984	2
985	7
986	7
987	7
988	7
989	7
990	7
991	7
992	7
993	7
994	7
995	7
996	7
997	7
998	7
999	7
1000	7
1001	7
1002	7
1003	7
1004	7
1005	7
1006	7
1007	12
1008	2
1009	7
1010	2
1011	12
1012	12
1013	12
1014	12
1015	12
1016	12
1017	2
1018	12
1019	12
1020	12
1021	12
1022	12
1023	12
1024	12
1025	12
1026	12
1027	2
1028	12
1029	12
1030	12
1031	12
1032	12
1033	12
1034	12
1035	12
1036	12
1037	2
1038	12
1039	12
1040	12
1041	12
1042	2
1043	12
1044	12
1045	12
1046	12
1047	12
1048	12
1049	12
1050	12
1051	12
1052	12
1053	12
1054	12
1055	12
1056	2
1057	2
1058	2
1059	12
1060	12
1061	12
1062	12
1063	12
1064	12
1065	2
1066	2
1067	2
1068	12
1069	12
1070	2
1071	12
1072	12
1073	12
1074	12
1075	13
1076	13
1077	13
1078	13
1079	13
1080	13
1081	13
1082	13
1083	13
1084	13
1085	13
1086	13
1087	1
1088	1
1089	1
1090	1
1091	1
1092	1
1093	1
1094	11
1095	11
1096	11
1097	11
1098	11
1099	11
1100	11
1101	11
1102	11
1103	11
1104	11
1105	11
1106	11
1107	5
1108	5
1109	5
1110	5
1111	5
1112	5
1113	5
1114	3
1115	5
1116	3
1117	5
1118	3
1119	5
1120	5
1121	5
1122	3
1123	5
1124	3
1125	3
1126	5
1127	5
1128	5
1129	5
1130	5
1131	3
1132	3
1133	3
1134	5
1135	5
1136	3
1137	3
1138	5
1139	3
1140	5
1141	5
1142	5
1143	5
1144	5
1145	5
1146	3
1147	3
1148	5
1149	5
1150	5
1151	5
1152	5
1153	3
1154	3
1155	3
1156	3
1157	3
1158	3
1159	3
1160	3
1161	3
1162	3
1163	3
1164	3
1165	3
1166	3
1167	3
1168	3
1169	12
1170	2
1171	12
1172	12
1173	12
1174	12
1175	2
1176	12
1177	12
1178	12
1179	12
1180	12
1181	12
1182	12
1183	12
1184	2
1185	12
1186	12
1187	12
1188	12
1189	12
1190	2
1191	2
1192	12
1193	12
1194	2
1195	12
1196	2
1197	12
1198	2
1199	12
1200	5
1201	5
1202	2
1203	5
1204	5
1205	2
1206	2
1207	2
1208	2
1209	2
1210	2
1211	2
1212	2
1213	2
1214	2
1215	2
1216	2
1217	2
1218	2
1219	2
1220	2
1221	2
1222	5
1223	5
1224	2
1225	2
1226	2
1227	2
1228	2
1229	5
1230	5
1231	2
1232	5
1233	2
1234	2
1235	2
1236	5
1237	5
1238	5
1239	2
1240	11
1241	11
1242	11
1243	11
1244	11
1245	11
1246	11
1247	11
1248	11
1249	11
1250	11
1251	11
1252	11
1253	4
1254	4
1255	4
1256	4
1257	4
1258	11
1259	11
1260	11
1261	11
1262	11
1263	11
1264	4
1265	4
1266	4
1267	4
1268	4
1269	4
1270	4
1271	4
1272	4
1273	4
1274	4
1275	4
1276	4
1277	4
1278	11
1279	11
1280	11
1281	11
1282	11
1283	11
1284	4
1285	4
1286	4
1287	4
1288	6
1289	11
1290	11
1291	11
1292	6
1293	11
1294	6
1295	6
1296	11
1297	6
1298	11
1299	6
1300	11
1301	6
1302	6
1303	12
1304	12
1305	12
1306	12
1307	12
1308	12
1309	12
1310	12
1311	12
1312	12
1313	12
1314	3
1315	5
1316	3
1317	5
1318	3
1319	5
1320	5
1321	5
1322	3
1323	5
1324	5
1325	5
1326	3
1327	5
1328	5
1329	5
1330	5
1331	5
1332	5
1333	5
1334	5
1335	3
1336	3
1337	5
1338	5
1339	3
1340	3
1341	3
1342	3
1343	3
1344	5
1345	3
1346	13
1347	13
1348	13
1349	13
1350	13
1351	13
1352	13
1353	13
1354	13
1355	13
1356	13
1357	13
1358	13
1359	13
1360	13
1361	13
1362	13
1363	5
1364	5
1365	5
1366	5
1367	5
1368	5
1369	5
1370	5
1371	5
1372	5
1373	5
1374	5
1375	5
1376	5
1377	5
1378	5
1379	5
1380	5
1381	11
1382	11
1383	11
1384	11
1385	11
1386	11
1387	11
1388	11
1389	11
1390	11
1391	11
1392	11
1393	11
1394	11
1395	11
1396	11
1397	4
1398	4
1399	4
1400	4
1401	4
1402	4
1403	4
1404	4
1405	13
1406	4
1407	13
1408	4
1409	4
1410	4
1411	4
1412	4
1413	4
1414	4
1415	4
1416	4
1417	4
1418	4
1419	4
1420	4
1421	13
1422	4
1423	4
1424	4
1425	4
1426	4
1427	4
1428	2
1429	2
1430	2
1431	2
1432	2
1433	2
1434	2
1435	2
1436	2
1437	2
1438	2
1439	2
1440	2
1441	2
1442	2
1443	2
1444	2
1445	2
1446	2
1447	2
1448	2
1449	2
1450	2
1451	2
1452	2
1453	2
1454	2
1455	2
1456	2
1457	2
1458	2
1459	2
1460	2
1461	2
1462	2
1463	2
1464	2
1465	11
1466	11
1467	11
1468	11
1469	7
1470	11
1471	11
1472	7
1473	7
1474	11
1475	11
1476	11
1477	11
1478	11
1479	11
1480	11
1481	11
1482	11
1483	11
1484	11
1485	11
1486	11
1487	7
1488	11
1489	12
1490	12
1491	12
1492	12
1493	12
1494	12
1495	12
1496	12
1497	12
1498	12
1499	12
1500	12
1501	4
1502	4
1503	4
1504	4
1505	4
1506	4
1507	4
1508	4
1509	4
1510	4
1511	4
1512	4
1513	4
1514	4
1515	4
1516	4
1517	4
1518	4
1519	4
1520	4
1521	4
1522	4
1523	4
1524	4
1525	4
1526	4
1527	4
1528	4
1529	7
1530	7
1531	7
1532	7
1533	7
1534	7
1535	7
1536	7
1537	7
1538	7
1539	7
1540	7
1541	7
1542	7
1543	7
1544	7
1545	7
1546	7
1547	7
1548	7
1549	7
1550	7
1551	7
1552	9
1553	8
1554	8
1555	9
1556	8
1557	9
1558	8
1559	8
1560	9
1561	8
1562	8
1563	8
1564	8
1565	8
1566	9
1567	8
1568	8
1569	8
1570	9
1571	9
1572	8
1573	9
1574	9
1575	9
1576	12
1577	12
1578	12
1579	12
1580	12
1581	12
1582	12
1583	12
1584	12
1585	12
1586	12
1587	12
1588	12
1589	12
1590	12
1591	12
1592	12
1593	12
1594	12
1595	12
1596	12
1597	12
1598	12
1599	12
1600	12
1601	12
1602	8
1603	8
1604	8
1605	8
1606	8
1607	8
1608	8
1609	8
1610	8
1611	8
1612	8
1613	8
1614	8
1615	8
1616	8
1617	8
1618	11
1619	11
1620	11
1621	11
1622	11
1623	11
1624	11
1625	11
1626	11
1627	11
1628	11
1629	2
1630	2
1631	2
1632	2
1633	2
1634	2
1635	2
1636	2
1637	2
1638	2
1639	2
1640	2
1641	2
1642	2
1643	2
1644	11
1645	11
1646	11
1647	11
1648	11
1649	2
1650	2
1651	2
1652	2
1653	2
1654	2
1655	2
1656	2
1658	2
1659	2
1660	2
1661	2
1662	2
1663	2
1664	2
1665	2
1666	2
1667	2
1668	2
1669	2
1670	2
1671	2
1672	2
1673	11
1674	2
1675	2
1676	2
1677	11
1678	1
1679	1
1680	1
1681	1
1682	1
1683	1
1684	1
1685	4
1686	4
1687	4
1688	4
1689	4
1690	4
1691	4
1692	4
1693	4
1694	4
1695	4
1696	4
1697	4
1698	4
1699	4
1700	4
1701	4
1702	4
1703	10
1704	10
1705	4
1706	4
1707	4
1708	4
1709	4
1710	4
1711	4
1712	4
1713	11
1714	11
1715	11
1716	11
1717	11
1718	11
1719	11
1720	11
1721	11
1722	11
1723	11
1724	11
1725	4
1726	4
1727	4
1728	11
1729	4
1730	4
1731	4
1732	4
1733	4
1734	4
1735	4
1736	4
1737	4
1738	4
1739	4
1740	4
1741	4
1742	10
1743	10
1744	10
1745	10
1746	4
1747	10
1748	10
1749	10
1750	10
1751	10
1752	4
1753	4
1754	10
1755	4
1756	10
1757	11
1758	11
1759	11
1760	11
1761	4
1762	10
1763	10
1764	10
1765	10
1766	10
1767	10
1768	10
1769	10
1770	4
1771	4
1772	10
1773	4
1774	11
1775	11
1776	11
1777	11
1778	11
1779	11
1780	11
1781	11
1782	11
1783	11
1784	11
1785	11
1786	11
1787	10
1788	10
1789	10
1790	10
1791	10
1792	10
1793	10
1794	10
1795	11
1796	11
1797	11
1798	11
1799	10
1800	4
1801	4
1802	10
1803	10
1804	10
1805	10
1806	10
1807	10
1808	10
1809	2
1810	2
1811	10
1812	2
1813	2
1814	10
1815	2
1816	2
1817	10
1818	2
1819	2
1820	2
1821	2
1822	2
1823	2
1824	2
1825	2
1826	2
1827	2
1828	2
1829	2
1830	11
1831	11
1832	11
1833	11
1834	11
1835	10
1836	10
1837	11
1838	2
1839	2
1840	9
1841	9
1842	9
1843	9
1844	9
1845	2
1846	2
1847	2
1848	2
1849	2
1850	2
1851	2
1852	2
1853	2
1854	10
1855	2
1856	10
1857	11
1858	11
1859	11
1860	11
1861	11
1862	11
1863	2
1864	2
1865	2
1866	2
1867	2
1868	2
1869	2
1870	2
1871	2
1872	1
1873	1
1874	1
1875	1
1876	1
1877	1
1878	1
1879	1
1880	1
1881	1
1882	1
1883	1
1884	1
1885	1
1886	1
1887	1
1888	1
1889	1
1890	1
1891	1
1892	1
1893	1
1894	1
1895	13
1896	13
1897	13
1898	3
1899	3
1900	3
1901	3
1902	3
1903	3
1904	13
1905	13
1906	13
1907	13
1908	13
1909	13
1910	13
1911	13
1912	13
1913	13
1914	13
1915	13
1916	3
1917	3
1918	3
1919	3
1920	3
1921	3
1922	3
1923	3
1924	13
1925	13
1926	13
1927	13
1928	13
1929	13
1930	13
1931	13
1932	13
1933	13
1934	13
1935	13
1936	13
1937	13
1938	13
1939	13
1940	13
1941	13
1942	13
1943	13
1944	13
1945	13
1946	13
1947	13
1948	13
1949	13
1950	13
1951	13
1952	13
1953	13
1954	13
1955	13
1956	13
1957	13
1958	13
1959	13
1960	13
1961	13
1962	13
1963	13
1964	13
1965	13
1966	13
1967	13
1968	13
1969	13
1970	13
1971	13
1972	13
1973	13
1974	13
1975	13
1976	9
1977	9
1978	9
1979	9
1980	9
1981	9
1982	9
1983	9
1984	9
1985	9
1986	9
1987	9
1988	9
1989	9
1990	9
1991	9
1992	9
1993	9
1994	9
1995	9
1996	9
1997	9
1998	9
1999	9
2000	9
2001	9
2002	9
2003	9
2004	9
2005	9
2006	9
2007	9
2008	9
2009	9
2010	9
2011	9
2012	9
2013	9
2014	9
2015	9
2016	9
2017	1
2018	1
2019	1
2020	1
2021	1
2022	1
2023	1
2024	7
2025	1
2026	1
2027	1
2028	1
2029	1
2030	7
2031	7
2032	7
2033	7
2034	7
2035	7
2036	7
2037	1
2038	11
2039	11
2040	11
2041	11
2042	11
2043	1
2044	1
2045	1
2046	7
2047	7
2048	11
2049	11
2050	1
2051	7
2052	7
2053	1
2054	1
2055	7
2056	1
2057	7
2058	9
2059	9
2060	9
2061	9
2062	9
2063	9
2064	9
2065	9
2066	9
2067	9
2068	1
2069	1
2070	1
2071	1
2072	1
2073	11
2074	1
2075	1
2076	1
2077	11
2078	11
2079	1
2080	11
2081	1
2082	1
2083	1
2084	1
2085	1
2086	1
2087	1
2088	1
2089	12
2090	12
2091	12
2092	12
2093	12
2094	12
2095	12
2096	13
2097	13
2098	13
2099	13
2100	13
2101	13
2102	13
2103	13
2104	13
2105	13
2106	13
2107	13
2108	13
2109	13
2110	13
2111	13
2112	13
2113	8
2114	8
2115	10
2116	10
2117	10
2118	8
2119	8
2120	8
2121	10
2122	8
2123	8
2124	1
2125	10
2126	10
2127	10
2128	10
2129	8
2130	8
2131	8
2132	8
2133	8
2134	10
2135	10
2136	8
2137	8
2138	8
2139	8
2140	8
2141	8
2142	8
2143	8
2144	8
2145	8
2146	8
2147	8
2148	8
2149	8
2150	10
2151	10
2152	10
2153	10
2154	8
2155	8
2156	8
2157	8
2158	10
2159	8
2160	10
2161	10
2162	10
2163	10
2164	10
2165	10
2166	10
2167	8
2168	8
2169	10
2170	10
2171	8
2172	10
2173	8
2174	8
2175	8
2176	8
2177	8
2178	10
2179	10
2180	10
2181	10
2182	10
2183	10
2184	10
2185	10
2186	10
2187	10
2188	8
2189	8
2190	10
2191	8
2192	8
2193	10
2194	8
2195	8
2196	8
2197	8
2198	8
2199	8
2200	8
2201	8
2202	8
2203	8
2204	10
2205	10
2206	10
2207	10
2208	8
2209	10
2210	10
2211	8
2212	8
2213	8
2214	8
2215	8
2216	8
2217	8
2218	10
2219	10
2220	10
2221	8
2222	8
2223	8
2224	10
2225	10
2226	10
2227	10
2228	8
2229	8
2230	10
2231	10
2232	10
2233	8
2234	8
2235	10
2236	8
2237	8
2238	8
2239	10
2240	10
2241	8
2242	8
2243	8
2244	8
2245	8
2246	10
2247	10
2248	10
2249	10
2250	10
2251	10
2252	10
2253	8
2254	8
2255	8
2256	10
2257	10
2258	10
2259	10
2260	10
2261	10
2262	10
2263	10
2264	10
2265	10
2266	8
2267	8
2268	8
2269	8
2270	8
2271	10
2272	8
2273	8
2274	10
2275	10
2276	10
2277	8
2278	8
2279	8
2280	10
2281	10
2282	8
2283	8
2284	1
2285	1
2286	8
2287	8
2288	10
2289	10
2290	10
2291	10
2292	10
2293	10
2294	8
2295	10
2296	10
2297	8
2298	8
2299	8
2300	8
2301	10
2302	8
2303	8
2304	8
2305	10
2306	10
2307	10
2308	10
2309	1
2310	1
2311	1
2312	12
2313	12
2314	12
2315	12
2316	12
2317	12
2318	12
2319	12
2320	12
2321	12
2322	12
2323	12
2324	12
2325	12
2326	12
2327	12
2328	12
2329	12
2330	13
2331	13
2332	13
2333	13
2334	13
2335	13
2336	13
2337	13
2338	13
2339	13
2340	13
2341	13
2342	13
2343	13
2344	13
2345	13
2346	12
2347	12
2348	12
2349	12
2350	12
2351	12
2352	12
2353	12
2354	12
2355	12
2356	12
2357	12
2358	12
2359	12
2360	12
2361	12
2362	12
2363	12
2364	12
2365	12
2366	8
2367	8
2368	8
2369	8
2370	8
2371	8
2372	8
2373	8
2374	8
2375	8
2376	8
2377	8
2378	8
2379	8
2380	8
2381	8
2382	8
2383	8
2384	8
2385	8
2386	8
2387	8
2388	8
2389	8
2390	8
2391	8
2392	8
2393	8
2394	8
2395	8
2396	8
2397	8
2398	8
2399	8
2400	8
2401	8
2402	8
2403	8
2404	8
2405	8
2406	8
2407	8
2408	8
2409	8
2410	8
2411	8
2412	8
2413	8
2414	8
2415	6
2416	6
2417	6
2418	6
2419	3
2420	6
2421	6
2422	6
2423	6
2424	6
2425	6
2426	6
2427	3
2428	6
2429	3
2430	3
2431	6
2432	6
2433	6
2434	6
2435	6
2436	6
2437	6
2438	6
2439	6
2440	6
2441	6
2442	6
2443	6
2444	6
2445	6
2446	6
2447	6
2448	6
2449	6
2450	6
2451	6
2452	6
2453	3
2454	6
2455	6
2456	6
2457	6
2458	6
2459	6
2460	6
2461	6
2462	6
2463	6
2464	6
2465	6
2466	6
2467	6
2468	6
2469	6
2470	6
2471	6
2472	6
2473	6
2474	6
2475	6
2476	6
2477	6
2478	6
2479	6
2480	6
2481	6
2482	6
2483	6
2484	6
2485	3
2486	3
2487	6
2488	6
2489	6
2490	3
2491	6
2492	6
2493	6
2494	3
2495	6
2496	6
2497	6
2498	6
2499	6
2500	6
2501	3
2502	6
2503	6
2504	6
2505	6
2506	6
2507	6
2508	6
2509	6
2510	6
2511	6
2512	6
2513	6
2514	6
2515	6
2516	6
2517	6
2518	6
2519	6
2520	6
2521	6
2522	6
2523	6
2524	6
2525	3
2526	6
2527	6
2528	6
2529	6
2530	3
2531	6
2532	6
2533	6
2534	6
2535	6
2536	6
2537	6
2538	6
2539	3
2540	3
2541	3
2542	6
2543	6
2544	3
2545	3
2546	3
2547	6
2548	6
2549	6
2550	6
2551	3
2552	3
2553	3
2554	3
2555	3
2556	3
2557	3
2558	6
2559	3
2560	6
2561	6
2562	6
2563	3
2564	6
2565	6
2566	6
2567	6
2568	3
2569	6
2570	6
2571	6
2572	6
2573	6
2574	6
2575	3
2576	3
2577	3
2578	3
2579	6
2580	3
2581	6
2582	6
2583	3
2584	3
2585	6
2586	6
2587	6
2588	6
2589	6
2590	6
2591	6
2592	6
2593	6
2594	6
2595	6
2596	6
2597	6
2598	6
2599	6
2600	6
2601	6
2602	6
2603	6
2604	6
2605	6
2606	1
2607	1
2608	1
2609	1
2610	1
2611	1
2612	1
2613	1
2614	1
2615	1
2616	1
2617	1
2618	1
2619	1
2620	1
2621	1
2622	1
2623	1
2624	1
2625	1
2626	1
2627	1
2628	1
2629	1
2630	1
2631	1
2632	1
2633	1
2634	1
2635	1
2636	1
2637	1
2638	1
2639	1
2640	9
2641	9
2642	9
2643	9
2644	9
2645	9
2646	9
2647	9
2648	9
2649	9
2650	9
2651	9
2652	9
2653	9
2654	9
2655	9
2656	7
2657	7
2658	7
2659	9
2660	9
2661	7
2662	7
2663	9
2664	9
2665	9
2666	9
2667	9
2668	9
2669	9
2670	9
2671	9
2672	7
2673	9
2674	7
2675	7
2676	9
2677	9
2678	7
2679	9
2680	9
2681	9
2682	9
2683	9
2684	9
2685	9
2686	9
2687	9
2688	13
2689	13
2690	13
2691	13
315	12
1657	2
