0	3
1	3
2	3
3	3
4	3
5	3
6	3
7	5
8	5
9	5
10	5
11	5
12	5
13	5
14	5
15	5
16	5
17	5
18	12
19	8
20	8
21	1
22	1
23	1
24	1
25	1
26	1
27	1
28	1
29	12
30	12
31	12
32	12
33	12
34	12
35	12
36	12
37	12
38	12
39	12
40	12
41	12
42	12
43	12
44	12
45	12
46	12
47	12
48	12
49	12
50	12
51	12
52	12
53	9
54	9
55	9
56	9
57	9
58	12
59	12
60	12
61	12
62	12
63	12
64	12
65	9
66	9
67	9
68	9
69	9
70	9
71	1
72	1
73	1
74	1
75	12
76	12
77	12
78	12
79	12
80	12
81	12
82	12
83	10
84	10
85	10
86	10
87	10
88	10
89	10
90	10
91	10
92	10
93	10
94	10
95	10
96	5
97	5
98	5
99	5
100	5
101	5
102	5
103	5
104	5
105	5
106	5
107	5
108	5
109	5
110	5
111	5
112	5
113	5
114	5
115	5
116	5
117	5
118	5
119	5
120	5
121	5
122	5
123	5
124	5
125	5
126	5
127	5
128	5
129	13
130	9
131	9
132	9
133	9
134	9
135	9
136	9
137	9
138	9
139	9
140	9
141	9
142	9
143	9
144	13
145	13
146	9
147	9
148	13
149	13
150	9
151	13
152	13
153	13
154	9
155	9
156	9
157	9
158	9
159	9
160	9
161	9
162	9
163	9
164	13
165	9
166	7
167	7
168	7
169	7
170	7
171	7
172	7
173	7
174	7
175	7
176	7
177	7
178	7
179	7
180	7
181	7
182	7
183	3
184	3
185	3
186	3
187	3
188	3
189	3
190	3
191	3
192	3
193	3
194	3
195	3
196	3
197	3
198	3
199	3
200	3
201	3
202	3
203	3
204	3
205	3
206	3
207	3
208	1
209	1
210	1
211	1
212	1
213	1
214	1
215	1
216	1
217	1
218	1
219	1
220	1
221	1
222	1
223	1
224	1
225	1
226	1
227	1
228	1
229	1
230	1
231	1
232	1
233	1
234	1
235	1
236	1
237	1
238	1
239	1
240	1
241	1
242	1
243	1
244	1
245	1
246	1
247	1
248	3
249	3
250	3
251	3
252	3
253	3
254	3
255	3
256	3
257	3
258	3
259	3
260	3
261	1
262	1
263	1
264	1
265	1
266	1
267	1
268	13
269	13
270	13
271	1
272	1
273	1
274	1
275	1
276	1
277	1
278	13
279	13
280	13
281	13
282	13
283	13
284	13
285	13
286	13
287	13
288	13
289	13
290	13
291	13
292	13
293	13
294	13
295	13
296	13
297	13
298	13
299	13
300	13
301	13
302	3
303	3
304	3
305	3
306	11
307	11
308	11
309	11
310	11
311	11
312	11
313	11
314	11
316	5
317	5
318	5
319	5
320	5
321	5
322	5
323	5
324	5
325	5
326	5
327	5
328	5
329	5
330	5
331	11
332	11
333	11
334	11
335	11
336	11
337	5
338	5
339	5
340	11
341	11
342	11
343	11
344	11
345	11
346	11
347	11
348	11
349	11
350	11
351	11
352	11
353	11
354	11
355	11
356	2
357	2
358	2
359	2
360	2
361	2
362	2
363	2
364	2
365	2
366	2
367	2
368	2
369	11
370	11
371	11
372	11
373	11
374	11
375	11
376	11
377	11
378	11
379	11
380	11
381	11
382	11
383	11
384	11
385	11
386	11
387	11
388	11
389	5
390	5
391	5
392	5
393	5
394	11
395	11
396	11
397	11
398	5
399	5
400	5
401	5
402	5
403	1
404	1
405	1
406	1
407	1
408	1
409	8
410	8
411	12
412	12
413	12
414	12
415	12
416	12
417	12
418	12
419	12
420	12
421	12
422	8
423	12
424	12
425	10
426	10
427	10
428	10
429	10
430	10
431	10
432	10
433	12
434	12
435	12
436	12
437	12
438	12
439	12
440	12
441	12
442	12
443	12
444	12
445	8
446	10
447	10
448	10
449	10
450	10
451	12
452	8
453	12
454	10
455	10
456	10
457	12
458	8
459	12
460	8
461	12
462	12
463	10
464	10
465	10
466	10
467	10
468	10
469	10
470	10
471	10
472	10
473	12
474	8
475	13
476	13
477	7
478	7
479	7
480	7
481	7
482	7
483	7
484	1
485	1
486	7
487	7
488	7
489	13
490	13
491	13
492	13
493	13
494	13
495	7
496	7
497	7
498	1
499	7
500	7
501	7
502	1
503	7
504	7
505	7
506	1
507	1
508	1
509	1
510	1
511	1
512	1
513	1
514	1
515	1
516	1
517	1
518	1
519	1
520	1
521	1
522	10
523	10
524	10
525	10
526	3
527	3
528	10
529	10
530	10
531	10
532	10
533	10
534	10
535	10
536	10
537	10
538	3
539	3
540	3
541	3
542	3
543	3
544	3
545	3
546	3
547	3
548	3
549	3
550	3
551	3
552	3
553	3
554	3
555	3
556	3
557	3
558	3
559	1
560	1
561	1
562	1
563	1
564	1
565	3
566	3
567	3
568	3
569	3
570	10
571	10
572	10
573	10
574	10
575	10
576	10
577	10
578	10
579	10
580	10
581	3
582	3
583	3
584	3
585	3
586	3
587	13
588	1
589	1
590	13
591	1
592	1
593	1
594	1
595	1
596	13
597	1
598	13
599	1
600	1
601	1
602	1
603	3
604	3
605	3
606	3
607	3
608	3
609	3
610	3
611	3
612	3
613	3
614	3
615	3
616	3
617	13
618	1
619	1
620	13
621	13
622	13
623	13
624	13
625	13
626	13
627	13
628	1
629	1
630	1
631	1
632	13
633	13
634	13
635	1
636	13
637	13
638	13
639	3
640	3
641	3
642	3
643	3
644	3
645	3
646	3
647	3
648	3
649	3
650	3
651	3
652	3
653	3
654	3
655	3
656	3
657	7
658	7
659	7
660	7
661	12
662	8
663	8
664	8
665	8
666	8
667	8
668	8
669	8
670	13
671	13
672	13
673	13
674	13
675	13
676	13
677	13
678	13
679	13
680	8
681	8
682	8
683	12
684	8
685	12
686	8
687	8
688	12
689	8
690	12
691	8
692	8
693	8
694	8
695	8
696	12
697	13
698	13
699	13
700	13
701	13
702	13
703	13
704	13
705	13
706	13
707	13
708	13
709	13
710	13
711	13
712	13
713	13
714	8
715	8
716	1
717	1
718	13
719	13
720	13
721	1
722	1
723	1
724	1
725	1
726	1
727	1
728	1
729	1
730	1
731	1
732	12
733	12
734	12
735	12
736	12
737	7
738	10
739	10
740	7
741	7
742	7
743	7
744	7
745	12
746	12
747	12
748	12
749	12
750	12
751	12
752	12
753	12
754	12
755	12
756	12
757	12
758	12
759	12
760	12
761	12
762	12
763	12
764	12
765	12
766	7
767	7
768	7
769	7
770	12
771	12
772	7
773	7
774	7
775	10
776	7
777	7
778	7
779	7
780	7
781	7
782	7
783	7
784	7
785	1
786	7
787	7
788	7
789	7
790	7
791	1
792	1
793	1
794	1
795	1
796	1
797	1
798	1
799	1
800	1
801	7
802	7
803	7
804	7
805	1
806	1
807	1
808	7
809	7
810	7
811	4
812	4
813	4
814	4
815	4
816	4
817	4
818	4
819	4
820	4
821	4
822	4
823	4
824	4
825	4
826	4
827	4
828	4
829	4
830	4
831	4
832	4
833	4
834	4
835	4
836	4
837	4
838	4
839	4
840	4
841	4
842	4
843	4
844	4
845	4
846	4
847	4
848	4
849	4
850	4
851	4
852	4
853	4
854	4
855	4
856	4
857	4
858	3
859	3
860	3
861	3
862	3
863	3
864	3
865	3
866	3
867	3
868	3
869	3
870	3
871	4
872	4
873	4
874	4
875	4
876	4
877	4
878	4
879	4
880	4
881	4
882	4
883	4
884	4
885	4
886	4
887	4
888	4
889	4
890	4
891	4
892	4
893	4
894	4
895	4
896	4
897	4
898	4
899	4
900	4
901	4
902	4
903	4
904	4
905	4
906	4
907	4
908	4
909	4
910	4
911	4
912	4
913	4
914	4
915	4
916	4
917	4
918	4
919	4
920	4
921	4
922	4
923	4
924	4
925	4
926	4
927	4
928	4
929	4
930	4
931	4
932	4
933	4
934	4
935	4
936	4
937	4
938	4
939	4
940	4
941	4
942	4
943	4
944	4
945	4
946	4
947	4
948	4
949	4
950	4
951	4
952	4
953	4
954	4
955	4
956	4
957	4
958	4
959	4
960	4
961	4
962	4
963	4
964	4
965	4
966	4
967	4
968	4
969	4
970	4
971	4
972	4
973	4
974	4
975	4
976	4
977	4
978	4
979	4
980	4
981	4
982	5
983	4
984	4
985	7
986	7
987	7
988	7
989	7
990	7
991	7
992	7
993	7
994	7
995	7
996	7
997	7
998	7
999	7
1000	7
1001	7
1002	7
1003	7
1004	7
1005	7
1006	7
1007	5
1008	4
1009	7
1010	5
1011	4
1012	4
1013	4
1014	5
1015	4
1016	5
1017	5
1018	4
1019	4
1020	5
1021	5
1022	5
1023	5
1024	5
1025	5
1026	5
1027	5
1028	5
1029	4
1030	5
1031	4
1032	5
1033	4
1034	5
1035	5
1036	5
1037	5
1038	5
1039	4
1040	5
1041	5
1042	5
1043	5
1044	4
1045	5
1046	5
1047	5
1048	4
1049	4
1050	5
1051	4
1052	4
1053	5
1054	5
1055	5
1056	5
1057	5
1058	5
1059	5
1060	5
1061	5
1062	4
1063	5
1064	5
1065	5
1066	5
1067	5
1068	5
1069	5
1070	5
1071	5
1072	5
1073	5
1074	5
1075	3
1076	3
1077	3
1078	3
1079	3
1080	3
1081	3
1082	3
1083	3
1084	3
1085	3
1086	3
1087	13
1088	13
1089	13
1090	13
1091	13
1092	13
1093	13
1094	1
1095	1
1096	1
1097	1
1098	1
1099	1
1100	1
1101	1
1102	1
1103	1
1104	1
1105	1
1106	1
1107	11
1108	11
1109	11
1110	11
1111	11
1112	11
1113	11
1114	11
1115	11
1116	11
1117	11
1118	11
1119	11
1120	11
1121	11
1122	11
1123	11
1124	11
1125	11
1126	11
1127	11
1128	11
1129	11
1130	11
1131	11
1132	11
1133	11
1134	11
1135	11
1136	11
1137	11
1138	11
1139	11
1140	11
1141	11
1142	11
1143	11
1144	11
1145	11
1146	11
1147	11
1148	11
1149	11
1150	11
1151	11
1152	11
1153	11
1154	9
1155	9
1156	9
1157	9
1158	9
1159	9
1160	9
1161	9
1162	9
1163	9
1164	9
1165	9
1166	9
1167	9
1168	9
1169	4
1170	5
1171	4
1172	4
1173	4
1174	5
1175	5
1176	4
1177	4
1178	4
1179	4
1180	4
1181	4
1182	4
1183	4
1184	5
1185	4
1186	5
1187	5
1188	4
1189	5
1190	5
1191	5
1192	4
1193	4
1194	5
1195	4
1196	5
1197	4
1198	5
1199	4
1200	11
1201	11
1202	11
1203	11
1204	11
1205	11
1206	11
1207	11
1208	11
1209	11
1210	11
1211	11
1212	11
1213	11
1214	11
1215	11
1216	11
1217	11
1218	11
1219	11
1220	11
1221	11
1222	11
1223	11
1224	11
1225	11
1226	11
1227	11
1228	11
1229	11
1230	11
1231	11
1232	11
1233	11
1234	11
1235	11
1236	11
1237	11
1238	11
1239	11
1240	13
1241	13
1242	13
1243	13
1244	13
1245	13
1246	13
1247	13
1248	13
1249	13
1250	13
1251	13
1252	13
1253	12
1254	12
1255	12
1256	12
1257	12
1258	13
1259	13
1260	13
1261	13
1262	13
1263	13
1264	12
1265	12
1266	12
1267	12
1268	12
1269	12
1270	12
1271	12
1272	12
1273	12
1274	12
1275	12
1276	12
1277	12
1278	1
1279	1
1280	1
1281	13
1282	13
1283	13
1284	12
1285	12
1286	12
1287	12
1288	9
1289	1
1290	1
1291	1
1292	9
1293	1
1294	9
1295	9
1296	1
1297	9
1298	1
1299	9
1300	1
1301	9
1302	9
1303	3
1304	3
1305	3
1306	3
1307	3
1308	3
1309	3
1310	3
1311	3
1312	3
1313	3
1314	11
1315	11
1316	11
1317	11
1318	11
1319	11
1320	11
1321	11
1322	11
1323	11
1324	11
1325	11
1326	11
1327	11
1328	11
1329	11
1330	11
1331	11
1332	11
1333	11
1334	11
1335	4
1336	11
1337	11
1338	11
1339	4
1340	11
1341	11
1342	4
1343	11
1344	11
1345	11
1346	3
1347	3
1348	3
1349	3
1350	3
1351	3
1352	3
1353	3
1354	3
1355	3
1356	3
1357	3
1358	3
1359	3
1360	3
1361	3
1362	3
1363	11
1364	11
1365	11
1366	11
1367	11
1368	11
1369	2
1370	2
1371	2
1372	11
1373	11
1374	11
1375	11
1376	11
1377	11
1378	11
1379	2
1380	11
1381	1
1382	1
1383	1
1384	1
1385	1
1386	1
1387	1
1388	1
1389	1
1390	1
1391	1
1392	1
1393	1
1394	1
1395	1
1396	1
1397	12
1398	12
1399	12
1400	12
1401	12
1402	12
1403	12
1404	12
1405	12
1406	12
1407	12
1408	12
1409	12
1410	12
1411	12
1412	12
1413	12
1414	12
1415	12
1416	12
1417	12
1418	12
1419	12
1420	12
1421	12
1422	12
1423	12
1424	12
1425	12
1426	12
1427	12
1428	10
1429	10
1430	10
1431	10
1432	10
1433	10
1434	10
1435	10
1436	10
1437	10
1438	10
1439	10
1440	10
1441	5
1442	5
1443	5
1444	5
1445	5
1446	5
1447	5
1448	5
1449	5
1450	5
1451	5
1452	5
1453	5
1454	5
1455	10
1456	10
1457	10
1458	10
1459	10
1460	10
1461	10
1462	10
1463	10
1464	10
1465	1
1466	1
1467	1
1468	1
1469	1
1470	1
1471	1
1472	1
1473	1
1474	1
1475	1
1476	1
1477	1
1478	1
1479	1
1480	1
1481	1
1482	1
1483	1
1484	1
1485	1
1486	1
1487	1
1488	1
1489	5
1490	5
1491	5
1492	5
1493	5
1494	5
1495	5
1496	5
1497	5
1498	5
1499	5
1500	5
1501	12
1502	12
1503	12
1504	12
1505	12
1506	12
1507	12
1508	12
1509	12
1510	12
1511	12
1512	12
1513	12
1514	12
1515	12
1516	12
1517	12
1518	12
1519	12
1520	12
1521	12
1522	12
1523	12
1524	12
1525	12
1526	12
1527	12
1528	12
1529	10
1530	10
1531	10
1532	10
1533	10
1534	10
1535	10
1536	10
1537	10
1538	10
1539	10
1540	10
1541	10
1542	7
1543	10
1544	10
1545	10
1546	10
1547	7
1548	10
1549	10
1550	10
1551	10
1552	2
1553	2
1554	2
1555	2
1556	2
1557	2
1558	2
1559	2
1560	2
1561	2
1562	2
1563	2
1564	2
1565	2
1566	2
1567	2
1568	2
1569	2
1570	2
1571	2
1572	2
1573	2
1574	2
1575	2
1576	12
1577	12
1578	12
1579	12
1580	12
1581	12
1582	12
1583	12
1584	12
1585	12
1586	12
1587	12
1588	12
1589	12
1590	12
1591	12
1592	12
1593	3
1594	3
1595	3
1596	3
1597	3
1598	3
1599	3
1600	3
1601	3
1602	10
1603	10
1604	10
1605	10
1606	10
1607	10
1608	10
1609	10
1610	10
1611	10
1612	10
1613	10
1614	10
1615	10
1616	10
1617	10
1618	1
1619	1
1620	1
1621	1
1622	1
1623	1
1624	1
1625	1
1626	1
1627	1
1628	1
1629	5
1630	5
1631	5
1632	5
1633	5
1634	5
1635	5
1636	5
1637	5
1638	5
1639	5
1640	5
1641	5
1642	5
1643	5
1644	1
1645	1
1646	1
1647	1
1648	1
1649	5
1650	5
1651	5
1652	5
1653	5
1654	5
1655	5
1656	5
1658	5
1659	5
1660	5
1661	5
1662	5
1663	5
1664	5
1665	5
1666	5
1667	5
1668	5
1669	5
1670	5
1671	5
1672	5
1673	1
1674	5
1675	5
1676	5
1677	1
1678	13
1679	13
1680	13
1681	13
1682	13
1683	13
1684	13
1685	12
1686	12
1687	12
1688	12
1689	12
1690	12
1691	12
1692	12
1693	12
1694	12
1695	12
1696	12
1697	12
1698	12
1699	12
1700	12
1701	8
1702	8
1703	8
1704	8
1705	12
1706	12
1707	12
1708	12
1709	8
1710	12
1711	12
1712	12
1713	1
1714	1
1715	1
1716	1
1717	1
1718	1
1719	1
1720	1
1721	1
1722	1
1723	1
1724	1
1725	12
1726	12
1727	12
1728	1
1729	8
1730	12
1731	12
1732	12
1733	12
1734	12
1735	12
1736	8
1737	8
1738	8
1739	8
1740	8
1741	12
1742	8
1743	8
1744	8
1745	8
1746	8
1747	8
1748	8
1749	8
1750	8
1751	8
1752	8
1753	8
1754	8
1755	12
1756	8
1757	1
1758	1
1759	1
1760	1
1761	8
1762	8
1763	8
1764	8
1765	8
1766	8
1767	8
1768	8
1769	8
1770	8
1771	8
1772	8
1773	8
1774	1
1775	1
1776	1
1777	1
1778	1
1779	1
1780	1
1781	1
1782	1
1783	1
1784	1
1785	1
1786	1
1787	8
1788	8
1789	8
1790	8
1791	8
1792	8
1793	8
1794	8
1795	1
1796	1
1797	1
1798	1
1799	8
1800	12
1801	12
1802	8
1803	8
1804	8
1805	8
1806	8
1807	8
1808	8
1809	5
1810	8
1811	8
1812	8
1813	8
1814	8
1815	8
1816	8
1817	8
1818	8
1819	8
1820	5
1821	8
1822	8
1823	8
1824	8
1825	8
1826	8
1827	8
1828	5
1829	8
1830	13
1831	13
1832	13
1833	13
1834	13
1835	8
1836	8
1837	13
1838	8
1839	8
1840	2
1841	2
1842	2
1843	2
1844	2
1845	5
1846	8
1847	8
1848	8
1849	8
1850	8
1851	8
1852	8
1853	8
1854	8
1855	8
1856	8
1857	1
1858	1
1859	1
1860	1
1861	1
1862	1
1863	8
1864	8
1865	8
1866	8
1867	8
1868	5
1869	8
1870	5
1871	8
1872	13
1873	13
1874	13
1875	13
1876	13
1877	13
1878	13
1879	13
1880	13
1881	13
1882	13
1883	13
1884	13
1885	13
1886	13
1887	13
1888	13
1889	13
1890	13
1891	13
1892	13
1893	13
1894	13
1895	3
1896	3
1897	3
1898	9
1899	9
1900	9
1901	9
1902	9
1903	9
1904	3
1905	3
1906	3
1907	3
1908	3
1909	3
1910	3
1911	3
1912	3
1913	3
1914	3
1915	3
1916	9
1917	9
1918	9
1919	9
1920	9
1921	9
1922	9
1923	9
1924	3
1925	3
1926	3
1927	3
1928	3
1929	3
1930	3
1931	3
1932	3
1933	3
1934	3
1935	3
1936	3
1937	3
1938	3
1939	3
1940	3
1941	3
1942	3
1943	3
1944	3
1945	3
1946	3
1947	3
1948	3
1949	3
1950	3
1951	3
1952	3
1953	3
1954	3
1955	3
1956	3
1957	3
1958	3
1959	3
1960	3
1961	3
1962	3
1963	3
1964	3
1965	3
1966	3
1967	3
1968	3
1969	3
1970	3
1971	3
1972	3
1973	3
1974	3
1975	3
1976	10
1977	10
1978	10
1979	10
1980	10
1981	10
1982	10
1983	10
1984	10
1985	10
1986	10
1987	10
1988	10
1989	10
1990	10
1991	10
1992	10
1993	10
1994	10
1995	10
1996	10
1997	10
1998	10
1999	10
2000	10
2001	10
2002	10
2003	10
2004	10
2005	10
2006	10
2007	10
2008	10
2009	10
2010	10
2011	10
2012	10
2013	10
2014	10
2015	10
2016	10
2017	1
2018	1
2019	1
2020	1
2021	1
2022	1
2023	1
2024	7
2025	1
2026	1
2027	1
2028	1
2029	1
2030	7
2031	7
2032	7
2033	7
2034	7
2035	7
2036	7
2037	7
2038	1
2039	1
2040	1
2041	1
2042	1
2043	1
2044	1
2045	1
2046	7
2047	7
2048	1
2049	1
2050	1
2051	7
2052	7
2053	7
2054	7
2055	7
2056	7
2057	7
2058	10
2059	10
2060	10
2061	10
2062	10
2063	10
2064	10
2065	10
2066	10
2067	10
2068	13
2069	13
2070	13
2071	13
2072	13
2073	13
2074	13
2075	13
2076	13
2077	13
2078	13
2079	13
2080	13
2081	13
2082	13
2083	13
2084	13
2085	13
2086	13
2087	13
2088	13
2089	12
2090	12
2091	12
2092	12
2093	12
2094	12
2095	12
2096	3
2097	3
2098	3
2099	3
2100	3
2101	3
2102	3
2103	12
2104	12
2105	12
2106	12
2107	3
2108	3
2109	3
2110	12
2111	12
2112	12
2113	6
2114	6
2115	6
2116	6
2117	6
2118	8
2119	6
2120	6
2121	6
2122	6
2123	8
2124	13
2125	6
2126	6
2127	6
2128	6
2129	6
2130	6
2131	6
2132	6
2133	8
2134	6
2135	6
2136	6
2137	8
2138	8
2139	6
2140	8
2141	6
2142	6
2143	6
2144	6
2145	6
2146	8
2147	6
2148	6
2149	6
2150	6
2151	6
2152	6
2153	6
2154	6
2155	6
2156	6
2157	6
2158	6
2159	6
2160	6
2161	6
2162	6
2163	6
2164	8
2165	8
2166	6
2167	6
2168	6
2169	6
2170	6
2171	6
2172	6
2173	6
2174	6
2175	6
2176	8
2177	8
2178	6
2179	6
2180	8
2181	8
2182	6
2183	6
2184	6
2185	6
2186	6
2187	6
2188	6
2189	6
2190	6
2191	6
2192	6
2193	6
2194	6
2195	6
2196	8
2197	6
2198	6
2199	8
2200	6
2201	6
2202	6
2203	6
2204	6
2205	6
2206	6
2207	6
2208	6
2209	6
2210	6
2211	6
2212	6
2213	6
2214	6
2215	6
2216	6
2217	6
2218	6
2219	6
2220	6
2221	6
2222	6
2223	8
2224	6
2225	6
2226	6
2227	6
2228	6
2229	6
2230	8
2231	8
2232	6
2233	8
2234	8
2235	6
2236	6
2237	8
2238	8
2239	6
2240	6
2241	6
2242	6
2243	6
2244	6
2245	8
2246	6
2247	8
2248	8
2249	6
2250	6
2251	6
2252	6
2253	6
2254	6
2255	6
2256	8
2257	6
2258	6
2259	6
2260	6
2261	8
2262	8
2263	6
2264	6
2265	6
2266	6
2267	6
2268	6
2269	6
2270	6
2271	6
2272	6
2273	6
2274	6
2275	6
2276	6
2277	8
2278	6
2279	6
2280	6
2281	6
2282	6
2283	8
2284	13
2285	13
2286	6
2287	6
2288	6
2289	6
2290	6
2291	6
2292	6
2293	6
2294	6
2295	6
2296	6
2297	6
2298	6
2299	6
2300	6
2301	6
2302	8
2303	6
2304	8
2305	6
2306	6
2307	6
2308	6
2309	1
2310	13
2311	13
2312	4
2313	4
2314	4
2315	4
2316	4
2317	4
2318	4
2319	4
2320	4
2321	4
2322	4
2323	4
2324	4
2325	4
2326	4
2327	4
2328	4
2329	4
2330	3
2331	3
2332	3
2333	3
2334	3
2335	3
2336	3
2337	3
2338	3
2339	3
2340	3
2341	3
2342	3
2343	3
2344	3
2345	3
2346	5
2347	5
2348	5
2349	5
2350	5
2351	5
2352	5
2353	5
2354	5
2355	5
2356	5
2357	5
2358	5
2359	5
2360	5
2361	5
2362	5
2363	5
2364	5
2365	5
2366	10
2367	10
2368	10
2369	10
2370	10
2371	10
2372	10
2373	10
2374	10
2375	10
2376	10
2377	10
2378	10
2379	10
2380	10
2381	10
2382	10
2383	10
2384	10
2385	10
2386	10
2387	10
2388	10
2389	10
2390	10
2391	10
2392	10
2393	10
2394	10
2395	10
2396	10
2397	10
2398	10
2399	10
2400	8
2401	10
2402	10
2403	10
2404	10
2405	10
2406	10
2407	8
2408	10
2409	10
2410	10
2411	10
2412	10
2413	8
2414	10
2415	2
2416	2
2417	2
2418	2
2419	9
2420	9
2421	9
2422	2
2423	2
2424	2
2425	2
2426	2
2427	9
2428	9
2429	9
2430	9
2431	2
2432	2
2433	9
2434	2
2435	2
2436	2
2437	2
2438	9
2439	9
2440	9
2441	9
2442	2
2443	2
2444	2
2445	9
2446	9
2447	9
2448	2
2449	2
2450	2
2451	2
2452	2
2453	2
2454	2
2455	2
2456	2
2457	2
2458	2
2459	2
2460	9
2461	9
2462	2
2463	2
2464	2
2465	9
2466	9
2467	2
2468	2
2469	2
2470	2
2471	2
2472	2
2473	9
2474	9
2475	2
2476	2
2477	2
2478	2
2479	2
2480	2
2481	2
2482	2
2483	2
2484	2
2485	2
2486	2
2487	2
2488	2
2489	2
2490	2
2491	2
2492	2
2493	2
2494	2
2495	2
2496	9
2497	9
2498	9
2499	9
2500	2
2501	2
2502	2
2503	2
2504	2
2505	2
2506	2
2507	2
2508	9
2509	9
2510	9
2511	2
2512	9
2513	9
2514	9
2515	2
2516	9
2517	9
2518	2
2519	9
2520	2
2521	9
2522	9
2523	9
2524	2
2525	9
2526	2
2527	9
2528	2
2529	9
2530	9
2531	9
2532	9
2533	9
2534	9
2535	9
2536	9
2537	9
2538	9
2539	9
2540	9
2541	9
2542	9
2543	2
2544	9
2545	9
2546	9
2547	2
2548	2
2549	2
2550	9
2551	9
2552	9
2553	9
2554	9
2555	9
2556	9
2557	9
2558	2
2559	9
2560	2
2561	2
2562	9
2563	9
2564	2
2565	9
2566	2
2567	2
2568	9
2569	9
2570	9
2571	2
2572	2
2573	2
2574	9
2575	2
2576	2
2577	9
2578	2
2579	9
2580	9
2581	9
2582	9
2583	2
2584	9
2585	2
2586	2
2587	9
2588	9
2589	9
2590	9
2591	9
2592	9
2593	9
2594	2
2595	2
2596	2
2597	2
2598	2
2599	2
2600	2
2601	9
2602	2
2603	9
2604	9
2605	9
2606	13
2607	13
2608	13
2609	13
2610	13
2611	13
2612	13
2613	13
2614	13
2615	13
2616	13
2617	13
2618	13
2619	13
2620	13
2621	13
2622	13
2623	13
2624	13
2625	13
2626	13
2627	13
2628	13
2629	13
2630	13
2631	13
2632	13
2633	13
2634	13
2635	13
2636	13
2637	13
2638	13
2639	13
2640	7
2641	7
2642	7
2643	7
2644	7
2645	7
2646	7
2647	7
2648	7
2649	7
2650	7
2651	7
2652	7
2653	7
2654	7
2655	7
2656	7
2657	7
2658	7
2659	7
2660	7
2661	7
2662	7
2663	7
2664	7
2665	7
2666	7
2667	7
2668	7
2669	7
2670	7
2671	7
2672	7
2673	7
2674	7
2675	7
2676	7
2677	7
2678	7
2679	7
2680	7
2681	7
2682	7
2683	7
2684	7
2685	7
2686	7
2687	7
2688	3
2689	3
2690	3
2691	3
315	5
1657	5
