0	10
1	10
2	10
3	10
4	10
5	10
6	10
7	1
8	1
9	6
10	6
11	6
12	1
13	1
14	1
15	1
16	6
17	6
18	6
19	6
20	6
21	9
22	9
23	9
24	9
25	9
26	9
27	9
28	9
29	7
30	7
31	7
32	7
33	7
34	7
35	7
36	7
37	7
38	7
39	7
40	7
41	7
42	7
43	7
44	7
45	7
46	7
47	7
48	7
49	4
50	4
51	7
52	7
53	11
54	11
55	11
56	11
57	11
58	7
59	4
60	4
61	4
62	4
63	7
64	4
65	11
66	11
67	11
68	11
69	11
70	11
71	9
72	9
73	9
74	9
75	7
76	7
77	7
78	7
79	4
80	4
81	4
82	7
83	5
84	5
85	5
86	5
87	5
88	5
89	5
90	5
91	5
92	5
93	5
94	5
95	5
96	6
97	1
98	6
99	6
100	1
101	1
102	1
103	6
104	1
105	6
106	1
107	6
108	6
109	1
110	6
111	6
112	1
113	1
114	1
115	1
116	1
117	6
118	1
119	1
120	1
121	1
122	6
123	1
124	6
125	6
126	6
127	6
128	6
129	9
130	9
131	9
132	9
133	9
134	9
135	9
136	9
137	9
138	9
139	9
140	9
141	9
142	9
143	9
144	9
145	9
146	9
147	9
148	9
149	9
150	9
151	9
152	9
153	9
154	9
155	9
156	9
157	9
158	9
159	9
160	9
161	9
162	9
163	9
164	9
165	9
166	12
167	12
168	12
169	12
170	12
171	12
172	12
173	12
174	12
175	12
176	12
177	12
178	12
179	12
180	12
181	12
182	12
183	10
184	10
185	10
186	10
187	10
188	10
189	10
190	10
191	10
192	10
193	10
194	10
195	10
196	10
197	10
198	10
199	10
200	10
201	10
202	10
203	10
204	10
205	10
206	10
207	10
208	3
209	3
210	3
211	3
212	3
213	3
214	3
215	3
216	3
217	3
218	3
219	3
220	3
221	3
222	3
223	3
224	3
225	3
226	9
227	9
228	9
229	9
230	9
231	9
232	9
233	9
234	9
235	9
236	3
237	3
238	3
239	3
240	3
241	3
242	3
243	3
244	3
245	3
246	3
247	3
248	10
249	10
250	10
251	10
252	10
253	10
254	10
255	10
256	10
257	10
258	10
259	10
260	10
261	9
262	9
263	9
264	9
265	9
266	9
267	9
268	13
269	13
270	13
271	9
272	9
273	9
274	9
275	9
276	9
277	9
278	13
279	13
280	13
281	13
282	13
283	13
284	13
285	13
286	13
287	13
288	13
289	13
290	13
291	13
292	13
293	13
294	13
295	13
296	13
297	13
298	13
299	13
300	13
301	13
302	10
303	10
304	10
305	10
306	11
307	5
308	11
309	5
310	5
311	5
312	11
313	11
314	5
316	7
317	7
318	7
319	7
320	7
321	7
322	7
323	7
324	7
325	7
326	7
327	7
328	7
329	7
330	7
331	5
332	11
333	11
334	5
335	11
336	5
337	7
338	7
339	7
340	11
341	11
342	5
343	5
344	5
345	5
346	5
347	5
348	11
349	5
350	5
351	5
352	5
353	5
354	5
355	5
356	12
357	12
358	12
359	12
360	12
361	12
362	12
363	12
364	12
365	5
366	12
367	12
368	12
369	5
370	5
371	5
372	5
373	5
374	5
375	5
376	5
377	5
378	5
379	5
380	5
381	5
382	5
383	5
384	5
385	11
386	5
387	5
388	5
389	7
390	7
391	7
392	7
393	7
394	5
395	5
396	11
397	5
398	7
399	7
400	7
401	7
402	7
403	3
404	3
405	3
406	3
407	3
408	3
409	4
410	4
411	4
412	4
413	4
414	4
415	4
416	4
417	4
418	4
419	4
420	4
421	4
422	4
423	4
424	4
425	12
426	12
427	12
428	12
429	12
430	12
431	12
432	12
433	4
434	4
435	4
436	4
437	4
438	4
439	4
440	4
441	4
442	4
443	4
444	4
445	4
446	12
447	12
448	12
449	12
450	12
451	4
452	4
453	4
454	12
455	12
456	12
457	4
458	4
459	4
460	4
461	4
462	4
463	12
464	12
465	12
466	12
467	12
468	12
469	12
470	12
471	12
472	12
473	4
474	4
475	13
476	13
477	12
478	12
479	12
480	12
481	12
482	12
483	12
484	3
485	3
486	12
487	12
488	12
489	13
490	13
491	13
492	13
493	13
494	13
495	12
496	12
497	12
498	3
499	12
500	12
501	12
502	3
503	12
504	12
505	12
506	3
507	3
508	3
509	3
510	3
511	3
512	3
513	3
514	3
515	3
516	3
517	3
518	3
519	3
520	3
521	3
522	5
523	5
524	5
525	5
526	10
527	10
528	5
529	5
530	5
531	5
532	5
533	5
534	5
535	5
536	5
537	5
538	10
539	10
540	10
541	10
542	10
543	10
544	10
545	10
546	10
547	10
548	10
549	10
550	10
551	10
552	10
553	10
554	10
555	10
556	10
557	10
558	10
559	9
560	9
561	9
562	9
563	9
564	9
565	10
566	10
567	10
568	10
569	10
570	1
571	1
572	1
573	1
574	1
575	1
576	1
577	1
578	1
579	1
580	1
581	10
582	10
583	10
584	10
585	10
586	10
587	9
588	9
589	9
590	9
591	9
592	9
593	9
594	9
595	9
596	9
597	9
598	9
599	9
600	9
601	9
602	9
603	10
604	10
605	10
606	10
607	10
608	10
609	10
610	10
611	10
612	10
613	10
614	10
615	10
616	10
617	9
618	9
619	9
620	9
621	9
622	9
623	9
624	9
625	9
626	9
627	9
628	9
629	9
630	9
631	9
632	9
633	9
634	9
635	9
636	9
637	9
638	9
639	10
640	10
641	10
642	10
643	10
644	10
645	10
646	10
647	10
648	10
649	10
650	10
651	10
652	10
653	10
654	10
655	10
656	10
657	13
658	13
659	13
660	13
661	4
662	4
663	4
664	4
665	4
666	4
667	4
668	4
669	4
670	3
671	3
672	9
673	9
674	9
675	3
676	9
677	9
678	9
679	9
680	4
681	4
682	4
683	4
684	4
685	4
686	4
687	4
688	4
689	4
690	4
691	4
692	4
693	4
694	4
695	4
696	4
697	3
698	9
699	3
700	3
701	3
702	3
703	3
704	9
705	3
706	9
707	3
708	3
709	9
710	3
711	3
712	3
713	3
714	4
715	4
716	9
717	9
718	3
719	3
720	9
721	9
722	9
723	9
724	9
725	9
726	9
727	9
728	9
729	9
730	9
731	9
732	7
733	7
734	7
735	7
736	7
737	13
738	13
739	13
740	13
741	13
742	13
743	13
744	13
745	7
746	7
747	7
748	7
749	7
750	7
751	7
752	7
753	7
754	7
755	7
756	7
757	7
758	7
759	7
760	7
761	7
762	7
763	7
764	7
765	7
766	13
767	13
768	13
769	13
770	7
771	7
772	13
773	13
774	13
775	13
776	13
777	13
778	13
779	13
780	13
781	13
782	13
783	13
784	13
785	3
786	13
787	13
788	13
789	13
790	13
791	3
792	3
793	3
794	3
795	3
796	3
797	3
798	3
799	3
800	3
801	13
802	13
803	13
804	13
805	3
806	3
807	3
808	13
809	13
810	13
811	11
812	6
813	11
814	11
815	11
816	11
817	11
818	6
819	11
820	6
821	11
822	11
823	11
824	11
825	11
826	11
827	11
828	11
829	6
830	11
831	11
832	11
833	11
834	11
835	11
836	11
837	11
838	11
839	11
840	11
841	11
842	11
843	11
844	11
845	11
846	11
847	6
848	11
849	11
850	6
851	6
852	11
853	11
854	11
855	11
856	6
857	6
858	10
859	10
860	10
861	10
862	10
863	10
864	10
865	10
866	10
867	10
868	10
869	10
870	10
871	11
872	11
873	11
874	11
875	11
876	11
877	11
878	11
879	11
880	11
881	11
882	11
883	11
884	11
885	11
886	11
887	11
888	11
889	11
890	11
891	11
892	6
893	11
894	11
895	11
896	11
897	11
898	11
899	6
900	6
901	6
902	11
903	11
904	11
905	11
906	11
907	11
908	11
909	11
910	6
911	6
912	6
913	6
914	11
915	11
916	11
917	11
918	11
919	11
920	11
921	11
922	6
923	6
924	11
925	11
926	11
927	11
928	11
929	11
930	6
931	11
932	11
933	6
934	11
935	11
936	11
937	11
938	11
939	11
940	11
941	11
942	6
943	11
944	6
945	6
946	11
947	11
948	11
949	11
950	11
951	11
952	11
953	11
954	6
955	6
956	6
957	11
958	11
959	11
960	11
961	11
962	6
963	11
964	11
965	11
966	11
967	11
968	11
969	11
970	11
971	11
972	11
973	11
974	11
975	6
976	11
977	11
978	11
979	11
980	11
981	11
982	7
983	7
984	6
985	12
986	12
987	12
988	12
989	12
990	12
991	12
992	12
993	12
994	12
995	12
996	12
997	12
998	12
999	12
1000	12
1001	12
1002	12
1003	12
1004	12
1005	12
1006	12
1007	7
1008	7
1009	12
1010	6
1011	7
1012	6
1013	7
1014	7
1015	7
1016	7
1017	6
1018	6
1019	7
1020	7
1021	7
1022	7
1023	7
1024	7
1025	7
1026	7
1027	6
1028	7
1029	7
1030	7
1031	7
1032	7
1033	7
1034	7
1035	7
1036	7
1037	6
1038	7
1039	7
1040	7
1041	6
1042	6
1043	7
1044	7
1045	7
1046	7
1047	6
1048	7
1049	7
1050	7
1051	6
1052	7
1053	7
1054	7
1055	7
1056	6
1057	6
1058	7
1059	7
1060	7
1061	7
1062	7
1063	7
1064	7
1065	6
1066	6
1067	6
1068	7
1069	7
1070	6
1071	7
1072	7
1073	7
1074	7
1075	4
1076	4
1077	4
1078	4
1079	4
1080	4
1081	4
1082	4
1083	4
1084	4
1085	4
1086	4
1087	9
1088	9
1089	9
1090	9
1091	9
1092	9
1093	9
1094	9
1095	9
1096	9
1097	9
1098	9
1099	9
1100	9
1101	9
1102	9
1103	9
1104	9
1105	9
1106	9
1107	5
1108	5
1109	5
1110	5
1111	5
1112	11
1113	5
1114	11
1115	5
1116	11
1117	5
1118	11
1119	5
1120	5
1121	5
1122	11
1123	5
1124	11
1125	11
1126	5
1127	5
1128	5
1129	5
1130	11
1131	11
1132	11
1133	11
1134	5
1135	5
1136	11
1137	11
1138	11
1139	11
1140	5
1141	5
1142	5
1143	11
1144	5
1145	5
1146	11
1147	11
1148	5
1149	5
1150	5
1151	5
1152	5
1153	11
1154	3
1155	3
1156	3
1157	3
1158	3
1159	3
1160	3
1161	3
1162	3
1163	3
1164	3
1165	3
1166	3
1167	3
1168	3
1169	7
1170	6
1171	6
1172	7
1173	6
1174	7
1175	6
1176	7
1177	7
1178	7
1179	7
1180	6
1181	7
1182	7
1183	7
1184	6
1185	7
1186	7
1187	7
1188	7
1189	7
1190	6
1191	6
1192	6
1193	7
1194	6
1195	7
1196	6
1197	7
1198	6
1199	7
1200	6
1201	6
1202	6
1203	6
1204	6
1205	6
1206	6
1207	6
1208	6
1209	6
1210	6
1211	6
1212	6
1213	6
1214	6
1215	6
1216	6
1217	6
1218	6
1219	6
1220	6
1221	6
1222	6
1223	6
1224	6
1225	6
1226	6
1227	6
1228	6
1229	6
1230	6
1231	6
1232	6
1233	6
1234	6
1235	6
1236	6
1237	6
1238	6
1239	6
1240	13
1241	13
1242	9
1243	13
1244	9
1245	13
1246	9
1247	9
1248	13
1249	9
1250	13
1251	9
1252	9
1253	7
1254	7
1255	7
1256	7
1257	7
1258	13
1259	9
1260	9
1261	9
1262	9
1263	13
1264	7
1265	7
1266	7
1267	7
1268	7
1269	7
1270	7
1271	7
1272	7
1273	7
1274	7
1275	7
1276	7
1277	7
1278	3
1279	3
1280	3
1281	9
1282	13
1283	13
1284	7
1285	7
1286	7
1287	7
1288	3
1289	3
1290	3
1291	3
1292	3
1293	3
1294	3
1295	3
1296	3
1297	3
1298	3
1299	3
1300	3
1301	3
1302	3
1303	4
1304	4
1305	4
1306	4
1307	4
1308	4
1309	4
1310	4
1311	4
1312	4
1313	4
1314	11
1315	11
1316	11
1317	11
1318	11
1319	11
1320	11
1321	11
1322	11
1323	11
1324	11
1325	11
1326	11
1327	11
1328	11
1329	11
1330	11
1331	11
1332	11
1333	11
1334	11
1335	11
1336	11
1337	11
1338	11
1339	11
1340	11
1341	11
1342	11
1343	11
1344	11
1345	11
1346	4
1347	4
1348	4
1349	4
1350	4
1351	4
1352	4
1353	4
1354	4
1355	4
1356	4
1357	4
1358	4
1359	4
1360	4
1361	4
1362	4
1363	5
1364	5
1365	5
1366	5
1367	5
1368	5
1369	5
1370	5
1371	5
1372	5
1373	5
1374	5
1375	5
1376	5
1377	5
1378	5
1379	5
1380	5
1381	3
1382	3
1383	3
1384	3
1385	3
1386	3
1387	3
1388	3
1389	3
1390	3
1391	3
1392	3
1393	3
1394	3
1395	3
1396	3
1397	4
1398	4
1399	4
1400	4
1401	4
1402	4
1403	4
1404	4
1405	4
1406	4
1407	4
1408	4
1409	4
1410	4
1411	4
1412	4
1413	4
1414	4
1415	4
1416	4
1417	4
1418	4
1419	4
1420	4
1421	4
1422	4
1423	4
1424	4
1425	4
1426	4
1427	4
1428	1
1429	1
1430	1
1431	1
1432	1
1433	1
1434	1
1435	1
1436	1
1437	1
1438	1
1439	1
1440	1
1441	6
1442	6
1443	6
1444	6
1445	6
1446	6
1447	6
1448	6
1449	6
1450	6
1451	6
1452	6
1453	6
1454	6
1455	1
1456	1
1457	1
1458	1
1459	1
1460	1
1461	1
1462	1
1463	1
1464	1
1465	3
1466	3
1467	3
1468	3
1469	3
1470	3
1471	3
1472	3
1473	3
1474	3
1475	3
1476	3
1477	3
1478	3
1479	3
1480	3
1481	3
1482	3
1483	3
1484	3
1485	3
1486	3
1487	3
1488	3
1489	7
1490	7
1491	7
1492	7
1493	7
1494	7
1495	7
1496	7
1497	7
1498	7
1499	7
1500	7
1501	10
1502	10
1503	10
1504	10
1505	10
1506	10
1507	10
1508	10
1509	10
1510	10
1511	10
1512	10
1513	10
1514	10
1515	10
1516	10
1517	10
1518	10
1519	10
1520	10
1521	10
1522	10
1523	10
1524	10
1525	10
1526	10
1527	10
1528	10
1529	13
1530	13
1531	13
1532	12
1533	13
1534	13
1535	13
1536	13
1537	13
1538	12
1539	12
1540	12
1541	12
1542	13
1543	13
1544	13
1545	13
1546	13
1547	13
1548	12
1549	13
1550	13
1551	13
1552	5
1553	5
1554	5
1555	5
1556	5
1557	5
1558	5
1559	5
1560	5
1561	5
1562	5
1563	5
1564	5
1565	5
1566	5
1567	5
1568	5
1569	5
1570	5
1571	5
1572	5
1573	5
1574	5
1575	5
1576	7
1577	7
1578	7
1579	7
1580	7
1581	7
1582	7
1583	7
1584	7
1585	7
1586	7
1587	7
1588	7
1589	7
1590	7
1591	7
1592	7
1593	4
1594	4
1595	4
1596	4
1597	4
1598	4
1599	4
1600	4
1601	4
1602	5
1603	5
1604	5
1605	5
1606	5
1607	5
1608	5
1609	5
1610	5
1611	5
1612	5
1613	5
1614	5
1615	5
1616	5
1617	5
1618	3
1619	3
1620	3
1621	3
1622	3
1623	3
1624	3
1625	3
1626	3
1627	3
1628	3
1629	6
1630	6
1631	6
1632	6
1633	6
1634	6
1635	6
1636	6
1637	6
1638	6
1639	6
1640	6
1641	6
1642	6
1643	6
1644	3
1645	3
1646	3
1647	3
1648	3
1649	6
1650	6
1651	6
1652	6
1653	6
1654	6
1655	6
1656	6
1658	6
1659	6
1660	6
1661	6
1662	6
1663	6
1664	6
1665	6
1666	6
1667	6
1668	6
1669	6
1670	6
1671	6
1672	6
1673	3
1674	6
1675	6
1676	6
1677	3
1678	13
1679	13
1680	13
1681	13
1682	13
1683	13
1684	13
1685	4
1686	4
1687	4
1688	4
1689	4
1690	4
1691	4
1692	4
1693	4
1694	4
1695	4
1696	4
1697	4
1698	4
1699	4
1700	4
1701	6
1702	6
1703	1
1704	1
1705	6
1706	6
1707	4
1708	6
1709	6
1710	6
1711	4
1712	6
1713	9
1714	9
1715	9
1716	9
1717	9
1718	9
1719	9
1720	9
1721	9
1722	9
1723	9
1724	9
1725	4
1726	6
1727	6
1728	9
1729	4
1730	6
1731	6
1732	6
1733	6
1734	4
1735	6
1736	6
1737	4
1738	6
1739	6
1740	6
1741	6
1742	10
1743	4
1744	10
1745	10
1746	4
1747	10
1748	10
1749	4
1750	4
1751	4
1752	4
1753	10
1754	4
1755	4
1756	10
1757	3
1758	3
1759	3
1760	3
1761	4
1762	10
1763	10
1764	4
1765	10
1766	4
1767	4
1768	10
1769	4
1770	10
1771	10
1772	4
1773	4
1774	3
1775	3
1776	3
1777	3
1778	3
1779	3
1780	3
1781	3
1782	3
1783	3
1784	3
1785	3
1786	3
1787	4
1788	10
1789	10
1790	4
1791	4
1792	4
1793	10
1794	4
1795	3
1796	3
1797	3
1798	3
1799	10
1800	4
1801	4
1802	10
1803	10
1804	10
1805	10
1806	10
1807	10
1808	10
1809	1
1810	1
1811	1
1812	1
1813	1
1814	1
1815	1
1816	1
1817	1
1818	1
1819	1
1820	1
1821	1
1822	1
1823	1
1824	1
1825	1
1826	1
1827	1
1828	1
1829	1
1830	9
1831	9
1832	9
1833	9
1834	9
1835	1
1836	1
1837	9
1838	1
1839	1
1840	5
1841	5
1842	5
1843	5
1844	5
1845	1
1846	1
1847	1
1848	1
1849	1
1850	1
1851	1
1852	1
1853	1
1854	1
1855	1
1856	1
1857	9
1858	9
1859	9
1860	9
1861	9
1862	9
1863	1
1864	1
1865	1
1866	1
1867	1
1868	1
1869	1
1870	1
1871	1
1872	13
1873	13
1874	13
1875	13
1876	13
1877	13
1878	13
1879	13
1880	13
1881	13
1882	13
1883	13
1884	13
1885	13
1886	13
1887	13
1888	13
1889	13
1890	13
1891	13
1892	13
1893	13
1894	13
1895	10
1896	10
1897	10
1898	11
1899	11
1900	11
1901	11
1902	11
1903	11
1904	4
1905	4
1906	4
1907	4
1908	10
1909	10
1910	4
1911	10
1912	4
1913	4
1914	4
1915	4
1916	11
1917	11
1918	11
1919	11
1920	11
1921	11
1922	11
1923	11
1924	10
1925	10
1926	4
1927	4
1928	10
1929	4
1930	10
1931	4
1932	4
1933	4
1934	4
1935	4
1936	4
1937	10
1938	4
1939	4
1940	10
1941	10
1942	4
1943	4
1944	4
1945	4
1946	4
1947	4
1948	4
1949	4
1950	4
1951	10
1952	10
1953	4
1954	4
1955	4
1956	10
1957	10
1958	4
1959	10
1960	4
1961	4
1962	10
1963	4
1964	10
1965	10
1966	4
1967	4
1968	4
1969	4
1970	10
1971	4
1972	10
1973	4
1974	10
1975	4
1976	12
1977	12
1978	12
1979	12
1980	12
1981	12
1982	12
1983	12
1984	12
1985	12
1986	12
1987	12
1988	12
1989	12
1990	12
1991	12
1992	12
1993	12
1994	12
1995	12
1996	12
1997	12
1998	12
1999	12
2000	12
2001	12
2002	12
2003	12
2004	12
2005	12
2006	12
2007	12
2008	12
2009	12
2010	12
2011	12
2012	12
2013	12
2014	12
2015	12
2016	12
2017	9
2018	9
2019	9
2020	9
2021	9
2022	9
2023	9
2024	13
2025	9
2026	9
2027	9
2028	9
2029	9
2030	13
2031	13
2032	13
2033	13
2034	13
2035	13
2036	13
2037	13
2038	9
2039	9
2040	9
2041	9
2042	9
2043	9
2044	9
2045	9
2046	13
2047	13
2048	9
2049	9
2050	9
2051	13
2052	13
2053	13
2054	13
2055	13
2056	13
2057	13
2058	5
2059	5
2060	5
2061	5
2062	5
2063	5
2064	5
2065	5
2066	5
2067	5
2068	9
2069	13
2070	9
2071	9
2072	13
2073	9
2074	9
2075	9
2076	13
2077	9
2078	9
2079	13
2080	9
2081	9
2082	9
2083	9
2084	13
2085	9
2086	9
2087	9
2088	9
2089	7
2090	7
2091	7
2092	7
2093	7
2094	7
2095	7
2096	10
2097	10
2098	10
2099	10
2100	10
2101	10
2102	10
2103	10
2104	10
2105	10
2106	10
2107	10
2108	10
2109	10
2110	10
2111	10
2112	10
2113	8
2114	8
2115	8
2116	8
2117	8
2118	1
2119	8
2120	8
2121	8
2122	8
2123	1
2124	9
2125	8
2126	8
2127	8
2128	8
2129	8
2130	8
2131	8
2132	8
2133	1
2134	8
2135	8
2136	8
2137	1
2138	1
2139	8
2140	1
2141	8
2142	8
2143	8
2144	8
2145	8
2146	1
2147	8
2148	8
2149	1
2150	8
2151	8
2152	8
2153	8
2154	8
2155	8
2156	8
2157	8
2158	8
2159	8
2160	8
2161	8
2162	8
2163	8
2164	1
2165	1
2166	8
2167	8
2168	8
2169	8
2170	8
2171	8
2172	8
2173	8
2174	8
2175	8
2176	1
2177	1
2178	8
2179	8
2180	1
2181	1
2182	8
2183	8
2184	8
2185	8
2186	8
2187	8
2188	8
2189	8
2190	8
2191	8
2192	8
2193	8
2194	8
2195	8
2196	1
2197	8
2198	8
2199	1
2200	8
2201	8
2202	8
2203	8
2204	8
2205	8
2206	8
2207	8
2208	8
2209	8
2210	8
2211	8
2212	8
2213	8
2214	8
2215	8
2216	1
2217	8
2218	8
2219	8
2220	8
2221	8
2222	8
2223	1
2224	8
2225	8
2226	8
2227	8
2228	8
2229	8
2230	1
2231	8
2232	8
2233	1
2234	1
2235	8
2236	1
2237	1
2238	1
2239	8
2240	8
2241	8
2242	1
2243	8
2244	8
2245	1
2246	8
2247	8
2248	8
2249	8
2250	8
2251	8
2252	8
2253	8
2254	8
2255	8
2256	1
2257	8
2258	8
2259	8
2260	8
2261	1
2262	8
2263	8
2264	8
2265	8
2266	8
2267	8
2268	8
2269	8
2270	8
2271	8
2272	8
2273	8
2274	8
2275	8
2276	8
2277	1
2278	8
2279	8
2280	8
2281	8
2282	8
2283	1
2284	9
2285	9
2286	8
2287	8
2288	8
2289	8
2290	8
2291	8
2292	8
2293	8
2294	8
2295	8
2296	8
2297	8
2298	8
2299	8
2300	1
2301	8
2302	1
2303	8
2304	1
2305	8
2306	8
2307	8
2308	8
2309	9
2310	9
2311	9
2312	7
2313	7
2314	7
2315	7
2316	7
2317	7
2318	7
2319	7
2320	7
2321	7
2322	7
2323	7
2324	7
2325	7
2326	7
2327	7
2328	7
2329	7
2330	10
2331	10
2332	10
2333	10
2334	10
2335	10
2336	10
2337	10
2338	10
2339	10
2340	10
2341	10
2342	10
2343	10
2344	10
2345	10
2346	7
2347	7
2348	7
2349	7
2350	7
2351	7
2352	7
2353	7
2354	7
2355	7
2356	7
2357	7
2358	7
2359	7
2360	7
2361	7
2362	7
2363	7
2364	7
2365	7
2366	1
2367	1
2368	1
2369	1
2370	1
2371	1
2372	1
2373	1
2374	1
2375	1
2376	1
2377	1
2378	1
2379	1
2380	1
2381	1
2382	1
2383	1
2384	1
2385	1
2386	1
2387	1
2388	1
2389	1
2390	1
2391	1
2392	1
2393	1
2394	1
2395	1
2396	1
2397	1
2398	1
2399	1
2400	1
2401	1
2402	1
2403	1
2404	1
2405	1
2406	1
2407	1
2408	1
2409	1
2410	1
2411	1
2412	1
2413	1
2414	1
2415	2
2416	2
2417	2
2418	2
2419	2
2420	2
2421	2
2422	2
2423	2
2424	2
2425	2
2426	2
2427	2
2428	2
2429	2
2430	3
2431	2
2432	2
2433	2
2434	2
2435	2
2436	2
2437	2
2438	2
2439	3
2440	2
2441	2
2442	2
2443	2
2444	2
2445	2
2446	2
2447	2
2448	2
2449	2
2450	2
2451	2
2452	2
2453	2
2454	2
2455	2
2456	2
2457	2
2458	2
2459	2
2460	2
2461	2
2462	2
2463	2
2464	2
2465	2
2466	2
2467	2
2468	2
2469	2
2470	2
2471	2
2472	2
2473	2
2474	2
2475	2
2476	2
2477	2
2478	2
2479	2
2480	2
2481	2
2482	2
2483	2
2484	2
2485	2
2486	2
2487	2
2488	2
2489	2
2490	2
2491	2
2492	2
2493	2
2494	2
2495	2
2496	3
2497	3
2498	2
2499	2
2500	2
2501	2
2502	2
2503	2
2504	2
2505	2
2506	2
2507	2
2508	3
2509	3
2510	2
2511	2
2512	2
2513	3
2514	2
2515	2
2516	2
2517	2
2518	2
2519	2
2520	2
2521	2
2522	2
2523	3
2524	2
2525	2
2526	2
2527	2
2528	2
2529	3
2530	3
2531	2
2532	3
2533	2
2534	3
2535	3
2536	3
2537	3
2538	3
2539	2
2540	2
2541	2
2542	3
2543	2
2544	2
2545	2
2546	2
2547	2
2548	2
2549	2
2550	2
2551	2
2552	2
2553	2
2554	2
2555	2
2556	2
2557	2
2558	2
2559	3
2560	2
2561	2
2562	3
2563	3
2564	2
2565	3
2566	2
2567	2
2568	2
2569	2
2570	2
2571	2
2572	2
2573	2
2574	3
2575	2
2576	2
2577	2
2578	2
2579	2
2580	2
2581	3
2582	2
2583	2
2584	2
2585	2
2586	2
2587	3
2588	3
2589	3
2590	3
2591	3
2592	3
2593	3
2594	2
2595	2
2596	2
2597	2
2598	2
2599	2
2600	2
2601	2
2602	2
2603	2
2604	3
2605	2
2606	13
2607	13
2608	13
2609	13
2610	13
2611	13
2612	13
2613	13
2614	13
2615	13
2616	13
2617	13
2618	13
2619	13
2620	13
2621	13
2622	13
2623	13
2624	13
2625	13
2626	13
2627	13
2628	13
2629	13
2630	13
2631	13
2632	13
2633	13
2634	13
2635	13
2636	13
2637	13
2638	13
2639	13
2640	12
2641	12
2642	12
2643	12
2644	12
2645	12
2646	12
2647	12
2648	12
2649	12
2650	12
2651	12
2652	12
2653	12
2654	12
2655	12
2656	12
2657	12
2658	12
2659	12
2660	12
2661	12
2662	12
2663	12
2664	12
2665	5
2666	12
2667	12
2668	5
2669	5
2670	12
2671	5
2672	12
2673	5
2674	12
2675	12
2676	12
2677	12
2678	12
2679	5
2680	12
2681	5
2682	5
2683	12
2684	12
2685	12
2686	12
2687	12
2688	10
2689	10
2690	10
2691	10
315	7
1657	6
